4948
100
12731022
58 49 47 50 55 43 40 46 42 45 47 58 59 42 60 50 49 49 43 51 57 49 52 45 48 48 59 41 55 47 56 40 45 51 58 48 52 57 48 54 43 59 42 52 41 58 40 44 49 50 40 53 43 40 60 57 40 45 50 50 52 51 40 50 54 47 55 40 42 49 47 41 40 59 43 53 49 42 53 46 42 58 45 50 54 59 59 54 55 57 57 49 47 55 56 46 43 56 58 46 
-82304 -76989 -65973 -74897 -83584 -58724 -62948 -66966 -64103 -63875 -58761 -82772 -91570 -61676 -92682 -80397 -70577 -75557 -70634 -75152 -78300 -78821 -85314 -68626 -75124 -70010 -88411 -64852 -76327 -77100 -83862 -50060 -71326 -66286 -86925 -80911 -75844 -77643 -73954 -78044 -59283 -91048 -72202 -77135 -53436 -85861 -63785 -56095 -62098 -64231 -57728 -69032 -68757 -49612 -85564 -84123 -55597 -62030 -77676 -82142 -80114 -80702 -59747 -68333 -79803 -73164 -88396 -50371 -65563 -64584 -68643 -66012 -58039 -86291 -57635 -79791 -74098 -65196 -89361 -75424 -70013 -84567 -68980 -75696 -82850 -92033 -87454 -82103 -88176 -81945 -83508 -74675 -73812 -84810 -84381 -81304 -55144 -88854 -100055 -69835 
95991 97893 91525 85719 87902 71133 61701 77911 67472 63990 97585 90800 116515 59058 114147 91695 84052 79727 79497 101322 93254 87362 85460 72641 78329 90768 97995 64188 100789 81182 96808 72814 74538 92476 96428 80114 93230 89942 72710 89271 70507 105228 72257 89265 58289 104043 74718 78136 88449 83977 68600 94245 77114 66026 103903 87181 76650 77063 76270 79336 85437 90989 65055 79553 90325 74768 89462 65643 57517 89980 75906 67785 79826 111466 75955 84123 92738 71510 96359 69936 71300 97140 78058 79440 96385 108639 102515 83315 94124 92023 91905 104765 73115 93621 88890 83713 77240 90565 101713 78209 
3651 8478
5787 4728
6625 5206
8057 9239
7669 4311
4253 639
7630 6762
2019 7289
7502 3852
456 4761
3572 5617
6932 2485
8448 2159
5858 3092
8744 3060
8324 5170
1198 7729
4758 6196
1248 6809
5973 2172
1174 1896
9003 6806
2921 2566
951 1404
5115 2721
8848 2092
4408 5348
1138 486
6319 117
649 2581
3683 2840
9593 8470
6011 3832
6362 2959
3267 785
2225 5082
2379 8221
9800 935
1162 9614
2006 2896
2723 9046
378 1147
3089 5365
2744 8562
1391 2429
5579 8739
1461 5347
9770 5471
3075 2846
6984 4780
1417 8409
5829 4146
5005 7584
1740 8574
9891 7912
8214 6226
8221 3292
3310 9503
5799 1409
8405 9113
5325 9890
2810 8194
9231 2433
6434 9878
8438 6904
7177 7429
2012 9134
8406 3705
6208 1160
7022 3782
5852 7120
5183 5838
7652 1174
6324 7435
4329 9483
1118 8885
1092 7682
2088 6332
6420 1493
8600 6797
2222 4627
6903 4524
6576 9291
4941 9237
4726 9765
9660 1831
8207 2099
2810 8293
1500 6123
8807 4151
389 8696
412 1688
5534 7270
9814 988
3691 6847
8586 9437
7042 1331
3479 557
1009 4488
9366 7278
4129 4040
1468 9898
1327 240
1667 582
5597 8312
3133 9678
9762 9808
3884 1509
2551 8160
2004 3908
2950 6404
3016 5403
6645 2267
6563 2974
2754 5883
7231 6609
9563 4084
8896 4041
3340 8432
1018 2292
7862 4044
5988 6397
3745 4570
1425 3193
2602 6705
9528 7536
85 7356
9371 3433
6983 9702
3197 7754
466 1574
5251 7987
1073 1188
8826 6389
7016 684
8503 9710
5704 7498
465 2791
128 9728
9080 7882
8654 1717
6620 3995
1611 7884
863 6123
8424 8186
8547 9222
5040 7859
7310 8893
839 8846
4406 3252
2750 6743
2173 1060
5447 9273
1271 6582
3876 4085
6787 2763
8932 6068
4645 4885
9683 1726
2397 1700
6074 2678
1869 9442
6712 5351
9832 808
6013 6447
4176 301
3874 8707
9340 2698
9780 2238
8171 3388
3990 2797
1171 985
9162 7025
3359 5143
4602 9991
2612 9764
724 4330
7897 1933
3878 124
7842 5405
8358 8082
9570 6360
6036 7418
926 5503
533 9523
8508 7942
2752 5821
1149 944
8030 7542
799 2940
1213 751
6504 5228
2887 6928
3984 9817
2783 7870
5353 845
8275 6633
15 4239
3357 7730
2517 6862
5203 3823
5107 3867
3168 7694
7227 5595
8665 714
2991 5050
3916 410
99 3958
3425 6811
8444 4766
4456 1622
9330 3968
2845 6019
933 3526
6338 8539
3636 187
2526 3159
2603 9628
9310 6816
5691 4464
318 2191
4838 2395
2105 9479
5301 9908
8341 7013
2134 5690
2184 3641
7736 491
8885 4082
9827 1007
535 4584
9446 6618
1446 4987
4035 4643
523 7828
7779 914
3777 6547
5636 3233
7893 3737
263 8752
9984 7429
654 4255
9252 2060
6508 2110
4967 1615
9707 7064
545 8405
3740 3823
1569 504
8886 5051
1491 2929
6509 1183
7504 7478
8667 4379
4454 8326
3024 7950
8764 6046
9789 7606
6616 1534
9054 5719
3443 5574
9902 7129
4301 4895
2888 912
7693 1844
1690 1378
7776 2846
2815 8816
2584 9597
3123 400
248 3120
2391 9307
7520 3610
7011 6060
8711 7271
2792 8768
3859 6405
832 8160
1320 597
6793 8558
2625 9113
1028 2154
4005 9076
4884 2109
4235 2454
4478 3197
5006 7936
6868 408
2190 4980
8092 5585
5709 2429
2509 8554
356 868
63 464
8636 2565
7483 4488
2031 7577
8689 9757
2580 8736
5106 1610
9933 307
4061 2740
5787 4766
3987 691
9651 2453
2256 5692
1202 8227
3888 3280
4101 1244
1949 7911
7125 2174
5769 8585
7451 7662
7449 2580
2406 944
4198 1176
8715 8125
4649 1589
7587 3285
7393 9181
8059 135
5746 2951
7845 1189
1952 8741
8056 564
8201 7663
2750 3530
553 7802
9807 9032
3732 9290
4636 4549
9428 665
2800 830
1799 1727
4156 7232
2108 9438
8362 2779
8567 6790
2109 4737
4595 2380
6891 974
3789 7919
1165 5150
1900 1713
8738 1126
733 2771
1697 7251
6746 1106
4906 2238
5592 6798
9682 2102
3939 7775
980 9535
2344 6107
5606 5299
8274 5263
8791 4974
2639 698
7003 7468
6296 9739
6182 4034
2672 5988
3492 3647
4774 4540
7606 1492
3887 4826
7865 896
6166 3396
7479 4229
1421 2437
8232 6785
5583 4957
2573 9159
9768 4120
23 9869
6602 3887
970 4967
5659 5269
2032 6024
1457 9535
4769 6933
3809 4605
9220 8826
4422 3569
988 291
7900 2802
6379 4748
6043 8953
6452 2814
3742 3252
827 8718
4243 2644
6353 5753
4053 9914
1202 7983
2470 3873
9004 689
7662 2985
7056 8867
5549 8539
258 1663
2750 1140
6843 5550
3646 7684
1624 8433
8328 7118
9878 544
7108 3170
7863 761
6435 1047
8623 2157
5052 4685
6805 5193
3309 3244
3789 2203
9118 885
3623 6780
2063 6897
9933 6497
7506 6824
5707 4171
5258 677
1896 1426
2868 7500
8394 9445
8662 4694
3322 4504
3134 8020
2267 3600
712 4820
2114 5550
1730 4822
1105 1248
1639 2726
1593 1976
3308 411
2607 2436
1078 7710
8044 8466
1706 2786
6577 5589
1245 7720
6523 8992
3979 999
8482 925
3831 678
9971 2577
7312 3868
6655 4829
900 7966
3649 6545
9748 8909
3436 1628
3963 447
7205 3069
2507 5783
6539 3685
9542 1463
112 6799
9930 6361
2757 6664
8727 5277
1485 2019
938 1137
1227 4529
7843 2767
7346 2856
1041 4989
2655 4825
4475 8611
7919 1161
9764 1433
9736 3328
7298 7803
4379 2817
7230 8245
7128 6526
6986 8090
1274 6924
790 6899
7198 4417
8116 2246
5150 9233
5350 8285
2948 4279
3125 9355
7797 7820
1111 5573
4922 299
4121 6692
757 6761
4543 6010
6070 6977
7506 911
9734 5118
1688 3230
2405 6771
7989 9978
949 9049
4735 6503
3431 9876
3587 5322
2860 7856
2100 7656
746 7009
4153 451
1010 6453
2999 3343
4836 8436
6354 2004
5085 1962
1162 3681
3634 8328
932 9285
1600 5389
8465 8222
1505 5134
7754 8617
445 8381
8936 7811
5538 1291
681 2749
6586 1823
6226 3311
7684 7826
4140 2395
3980 9116
7024 4136
173 628
5866 3008
5250 5044
8598 894
5189 5053
6169 235
8875 8044
1317 1878
2916 6750
163 1340
3465 4471
4506 6844
6054 2643
3143 1992
8663 785
3305 2270
6526 5466
7665 9292
8857 2283
3745 159
4362 3120
810 9097
2306 4772
7133 5528
6673 4378
9925 4527
3866 1168
6992 5208
7749 9956
1815 2962
536 3825
1756 8276
3813 4253
3780 8966
4640 1459
1169 2267
6215 8505
5841 2720
1070 2311
9342 7575
1483 5225
5888 411
7661 9486
6757 8477
1830 4786
450 8378
8720 3490
8737 5147
2526 3642
4841 6751
171 4862
3170 6386
2820 9156
7577 6838
7804 4811
9923 9288
7280 7050
2449 3452
740 5264
1632 481
4145 7414
4441 8736
80 3364
666 3549
4634 1012
5718 3871
9650 8491
9423 8325
587 9307
5664 2248
7363 3788
2825 9695
1935 5295
6583 8465
1338 2819
6425 7652
8546 7926
8509 7111
3664 6951
9047 8872
3321 3018
567 9279
318 9690
7063 7523
6546 7450
1857 1040
4057 6025
611 16
7892 6316
2920 3797
6882 2618
7589 8172
8356 8196
4935 4405
4583 2401
5642 2151
5086 3342
5379 4200
8196 8800
5376 7354
9406 4673
8531 7568
9331 6050
5366 2687
4413 9969
6188 4915
4717 9937
5975 1040
3484 7917
5523 7498
6095 1541
2536 7552
9497 3879
9943 7683
6919 9075
6520 894
6002 5305
4666 580
5282 3474
9064 666
5519 9328
786 480
6915 574
7494 6554
4303 874
9128 4162
4399 9340
421 891
5187 4541
4157 3368
2034 1497
7986 7934
2109 840
1818 2120
7398 7734
7962 5196
267 71
342 936
2018 8754
1351 7143
6861 1913
8341 7464
2359 2011
5040 4046
9700 932
4626 2516
1799 8259
1650 6171
5190 6271
7468 5703
1951 2321
2577 337
7645 3362
2931 4489
5358 8776
8759 2074
164 6344
7402 5040
7744 6059
1400 1159
4555 5514
4167 2925
2753 4500
1227 2069
9201 6671
4554 9781
8513 9475
1905 4868
4057 7748
1094 8152
8892 2576
3839 7481
3218 7547
1362 6005
7001 7357
6256 8912
1805 4685
5631 1540
6330 1849
3092 6614
7230 7755
5892 3242
6146 3592
4931 6392
7054 9636
3170 1984
6299 9839
6497 4497
8382 6938
4371 9377
5673 1903
6021 2398
6746 8418
8525 9052
6441 4002
7050 6617
9615 3567
4354 8999
8440 9824
7753 6194
1496 7999
1359 9731
8923 3809
2410 1478
8491 6754
776 46
4064 6164
6782 7392
2999 3943
9327 713
1594 3042
6777 893
2613 7493
3006 3349
3378 1740
1614 7539
9032 5165
2056 6987
9262 5787
7951 7029
2810 1832
2213 3744
7518 7548
8559 4726
8783 2961
8764 9805
7894 1279
6781 6954
4606 8991
1050 3228
9570 8795
8370 6833
7547 3680
5365 1136
6994 4713
2270 9002
7713 186
9821 231
6931 7288
4264 5296
1230 5266
7857 6725
1208 7520
4058 4775
4521 2512
8423 7098
6392 4503
7745 3497
886 9843
7151 4806
4583 9151
9128 5663
4069 9289
9126 1025
355 467
6657 9032
225 8280
8396 9454
486 9573
6372 8368
1639 4042
959 336
4545 1169
3919 4224
3192 9834
6560 541
2492 7326
9249 6311
523 3824
264 1711
2841 814
7236 7631
2774 5256
6768 3851
9318 3049
8557 8152
7860 6569
9189 1261
8263 5925
471 4284
1624 4115
6774 8085
2452 5076
9599 3061
4782 8777
2960 5284
7238 6817
1671 8453
8914 440
4611 5465
6281 5249
2762 1818
6849 4277
6616 8930
1074 687
7048 2982
5178 8996
4050 5956
7422 6581
198 6697
5424 996
5688 4830
3009 1228
2569 8929
5225 6992
641 5314
516 9674
439 4744
4856 8306
8130 438
3935 5385
9127 716
3302 5671
122 2772
1085 9072
8116 8266
1310 993
8987 3027
7869 5821
8156 5061
112 3889
6224 6783
8467 1350
8699 1729
9447 5801
8376 2656
5166 2874
5106 7445
6731 2967
7191 4271
706 4669
4760 6716
5290 6902
3973 5545
8137 3098
62 6624
8136 4877
9763 2541
8170 2281
589 9565
2597 3613
7820 2366
4870 4772
311 7030
7479 1511
3146 8338
7046 3406
5123 1451
5015 8069
4388 3895
9405 6194
45 4705
5005 4506
9665 4678
352 7409
8089 1317
152 7307
257 3252
9539 4369
6667 7403
2849 4353
8644 4349
5632 435
7946 7608
8287 6678
3273 3613
2390 9597
5865 9983
6067 5708
2363 4653
8938 2898
6627 8987
6493 6474
6044 7748
7783 2560
5395 2300
8589 4065
7755 1322
7950 5018
3314 3669
3512 3357
8844 5144
3409 3874
6559 3994
3799 7102
1241 9880
4916 5844
6662 4073
7929 9031
377 4838
9685 8353
6906 7235
1407 5662
4717 3524
5388 4901
8277 1220
2827 9538
2303 1418
5791 9980
992 5877
5208 7845
8400 5618
8201 6187
625 377
5449 249
8365 8646
3953 3227
7783 3692
2832 5925
4769 4883
1670 9769
4791 6338
8396 162
9754 1518
1847 5687
9298 5437
3209 4368
9106 8775
2897 9922
9926 5381
9761 6047
5113 9873
2414 2068
5182 8536
4211 6094
9890 9807
667 6716
9257 7351
3290 8706
7016 7282
797 8870
7713 3538
839 8639
7312 2301
175 2363
6105 8258
1779 9915
9014 4766
5415 2876
4252 4883
3962 5706
3693 8564
148 4046
6162 6952
155 2058
7771 4749
7642 8107
920 618
6037 9148
612 5035
3141 7422
8019 8762
422 2161
1572 2764
8007 7418
5274 5204
411 2009
2414 1819
9311 8747
5752 1056
5556 5619
191 3494
33 2523
8387 5673
1787 699
2946 9763
8399 4364
6878 6230
4604 5828
6643 1610
7999 8057
5403 3091
609 6848
4263 9927
5505 1283
8233 3646
3107 7485
1342 8273
7485 2517
4035 3714
4388 1008
1003 1338
8894 5475
4075 3035
826 2120
936 167
582 6892
2041 8703
7784 3552
3231 5624
5704 2752
610 5514
9392 4258
1663 8550
7105 1914
6369 1330
1933 6707
3915 3483
7023 2695
7759 9294
6413 7968
195 2735
7835 8216
9235 8504
3823 4297
2680 5569
5184 6518
5469 7620
3906 7719
8203 1564
6608 329
1737 7849
7500 9929
4341 8600
6253 2828
3196 9600
8653 4100
2973 1727
8317 3039
4788 9788
4747 2661
1297 2989
7844 6005
4687 2271
2077 4559
5992 9683
7861 5174
7706 4374
5714 5374
1299 5143
3044 5030
3133 5833
7655 4520
2049 6887
2205 7806
3066 1076
7903 8908
4604 3641
2657 672
1708 3008
7277 3881
974 8553
2406 9069
3213 262
7870 9526
9760 1259
9564 1234
19 7723
6547 6838
2943 7980
9166 4055
2945 2467
8128 8328
8382 7455
8288 3498
9717 552
9025 6816
9207 3483
7037 4382
8420 7853
679 5105
3566 3466
3303 8302
9050 3022
897 4172
7321 9131
2251 1815
6305 1420
8883 8726
1139 4249
5036 2615
9036 8947
2416 8883
3861 1524
3330 4632
1931 7138
7418 2161
9074 2835
8475 5324
6894 2141
6880 4975
9621 8259
6994 4529
7625 9273
6788 9178
8985 3628
2480 1292
3084 2534
6492 4165
3826 603
1307 3415
1960 859
9825 7883
3396 2586
870 7587
100 128
5930 2982
8737 2163
3095 921
7582 7214
3796 3158
6656 9548
6665 8450
6563 3758
5770 8723
5937 7025
1410 8309
8538 3185
6223 3375
7447 5571
9744 9801
6360 2292
5783 2107
6403 4210
7320 177
4997 6980
1955 7287
6777 1582
4562 4898
9634 8228
7306 8642
1596 1095
4092 770
6761 6690
1864 3274
2282 7306
3440 9294
7460 3977
7170 8989
5333 3948
6427 1085
6258 3529
7024 3923
972 1826
8650 6499
4505 9001
7734 792
7003 8506
5524 6256
2936 185
2463 4059
512 224
9341 3093
259 765
5828 7121
8504 9224
1725 8449
854 4010
6941 8633
6772 4320
8562 5182
9686 2194
2218 137
2540 5008
215 4302
8389 5703
4542 3972
5247 7138
9776 4091
9117 361
8245 1863
8427 3311
9889 729
295 6582
8373 1720
1253 361
8043 9705
3474 851
9520 7939
5766 1291
2534 6668
8865 3963
7747 5671
2948 4008
2528 6686
5787 206
7447 9207
3345 5464
3514 381
4883 8050
4425 3196
1716 7632
1520 4482
3339 7510
4159 9286
9466 138
9452 5056
911 1979
341 7837
4583 5375
5740 7306
5633 7205
56 9851
6719 5270
3691 7187
2933 5595
4512 4801
6442 609
8941 1365
4272 3558
2676 4122
8548 3270
8159 8316
2895 6048
3172 8985
6337 4035
4701 3481
823 4378
4009 3942
5150 8472
6170 5940
5159 5629
5325 7566
1922 6706
6013 5796
4742 4397
7609 8498
5222 6274
9365 608
7033 6422
5342 3427
282 5540
1395 4537
6414 1386
5514 1260
2513 4590
2108 8484
5232 8032
8690 1756
7704 1587
5227 8494
4155 1737
8896 3985
5477 4556
9735 8954
498 7009
2181 7317
799 9058
9167 8360
8543 2313
529 8811
7118 8164
5879 2383
677 7142
7935 6484
9051 9142
2937 5088
2923 5687
4709 209
2186 6626
5145 7672
8355 9791
2556 2359
2119 5458
4367 8645
4213 9487
7398 4105
1279 4077
8502 1394
3870 1042
9375 1938
1536 4460
6167 5335
2933 762
8082 5507
5209 9128
1133 701
7554 2210
2262 5988
7208 86
4100 8959
6374 2529
1661 3410
9767 6091
2725 802
1949 8443
4243 955
3350 7283
8213 982
8394 9460
8950 8692
1434 4146
5444 6803
9849 9984
8096 5849
4684 6219
2983 7996
2323 9842
1403 250
2913 4061
4497 393
8842 3280
8988 5971
3903 1991
1303 2679
7719 6608
9010 5260
1059 857
6087 2596
2887 8641
2919 2957
3461 4397
1491 8057
3019 3436
7347 783
9837 8216
8375 386
7469 2104
3320 6754
2763 8165
4871 9677
806 8680
7143 7136
5639 4277
6389 6461
4499 1871
6817 655
4554 1091
9955 4091
4580 4352
5970 7823
5582 4682
1628 4031
6925 2654
5910 5235
930 9557
7906 1400
3467 43
1821 9106
4331 1096
5498 6364
9198 7216
206 8867
9738 680
5794 8209
1058 6673
6911 1815
7805 8427
794 1300
3598 5763
9961 4827
7150 4201
3064 3030
1252 4707
8472 5479
414 5185
8100 4468
9344 2550
3930 1467
7373 3823
2208 2995
8157 3411
2450 7903
8523 9971
5562 1913
1379 6498
8653 8864
5022 1167
791 7009
5584 8782
3413 4671
3009 9937
9376 1521
5003 7276
4144 4226
6804 3219
1861 7164
1221 1509
1543 7863
1159 4537
5612 9498
9288 9651
8223 6990
6051 9695
116 7069
2483 4043
8558 3278
4191 1108
2478 6600
7567 3333
6774 8088
3340 5191
4262 3311
1734 6504
6905 5192
8651 470
3943 3863
3255 5182
6300 7554
3177 9333
7556 2622
4875 6294
7956 5333
6270 7331
5201 8022
3223 508
7574 7958
2755 2185
5509 5548
6108 5844
204 6302
576 583
1145 4077
2237 8623
2606 266
8067 4203
9001 7158
484 3685
7678 6169
9240 5200
8984 7950
6732 6840
9345 9142
6280 247
5585 1173
4537 2486
6302 9092
6451 2040
2332 4299
8759 162
8679 8422
7207 6915
9399 571
9152 5509
1742 6538
7604 7201
4674 4981
2587 7352
770 3763
7738 1934
8393 8952
2402 7580
787 4395
9765 2470
5722 4380
2600 9477
5741 4055
4830 6627
4941 8837
1478 332
2128 9843
1662 4886
7657 1136
9104 6934
107 1353
2195 751
6578 3100
5655 5989
8256 9443
8642 3087
6456 3895
5469 8867
983 3913
2570 3489
7281 7553
3553 4304
4032 6343
125 8392
4421 4463
3071 9395
3497 1974
5619 5742
8851 2353
1682 5535
429 3651
4599 5272
6200 8695
6522 417
3819 3501
67 9275
609 4820
6254 5607
7027 8440
6659 4242
7635 5102
2569 7228
4497 4411
1480 2669
2682 2221
4185 8081
8694 8299
6462 393
2186 2451
2012 2947
9342 8265
9306 3671
2576 5516
5812 5254
24 2085
9188 8723
9876 8584
325 1626
8804 7312
9113 3590
3819 7252
1567 6869
8825 9532
1693 3159
5306 5924
2522 4642
1731 5033
3171 7318
9113 8438
4755 3628
8776 475
7134 2742
7445 7794
8942 1855
4581 3678
6784 1550
9125 658
6234 6082
1177 8710
6773 8572
242 6764
3647 5197
224 7744
4711 8922
5552 662
1250 5933
7027 1038
1802 5409
7592 5518
2972 6486
3638 6255
8359 4284
3149 7585
2167 7946
5729 4288
1472 7015
7899 4882
4454 9811
6978 7869
1810 2367
7591 7266
405 3407
1685 1334
6085 5702
2639 5622
7928 2925
1052 8847
4476 1927
8554 1952
1053 4213
3715 7306
4834 163
4613 653
5635 7751
1393 194
8433 5149
9109 5459
377 9861
8595 2890
5159 7928
978 7204
3733 6752
8686 1440
9550 3886
8962 9657
3056 3940
9544 5671
2607 3284
4517 7010
6126 2301
3889 7514
5351 2468
4602 4372
6659 9271
6245 7691
6469 9167
2978 7188
5422 7362
4674 9904
5978 6979
2657 2241
8145 7476
3494 3977
8449 4154
6055 1010
9087 7927
207 7668
1415 1556
4410 7842
6101 1433
1410 6186
3651 2175
7414 1851
6973 2433
7328 7239
363 2589
326 1276
7989 1059
2115 1117
8485 951
8053 4395
7753 2986
3994 4613
7825 918
1351 5728
7437 5450
4924 9043
6869 5723
2058 5670
6393 6530
3083 4709
6006 2965
7048 3871
2131 7849
2463 9542
9557 9127
2240 6809
5772 1340
2144 8019
7610 6367
3925 9731
9140 7937
1309 4395
8282 5566
2375 6565
8087 5867
3606 5533
507 6016
2195 1883
1353 3397
3124 694
1119 1898
6960 1577
6357 4844
7214 2097
1343 3484
1099 9695
4530 7274
4954 6672
9028 8016
3844 6246
1578 3496
2398 4857
2447 6115
3874 4614
4563 2966
3807 7290
8291 345
694 9321
8277 7934
222 1766
5755 2063
2547 3083
3006 7604
6631 245
501 6140
9443 1756
7395 1430
1125 6352
501 7885
8118 7354
1385 942
4942 3256
1691 6737
3073 8055
6469 7901
6979 2595
6862 7731
5681 5341
5914 6076
8310 1345
7219 542
2183 8966
2422 4716
8101 3793
9685 7305
1390 718
7978 4189
1583 580
3097 8627
8772 6814
4386 9884
6157 3039
7533 9293
256 3161
8117 4458
7101 210
3769 637
8272 2050
9722 7293
2466 3505
7418 5786
5681 3599
916 6152
2771 4462
521 6823
3045 7296
4037 1900
5166 3150
1140 6869
8849 2705
6159 3857
6133 9312
4699 338
5461 3475
9927 9600
8607 6669
5717 9023
377 7592
6944 8777
3113 227
156 3529
4439 8893
600 5687
2446 2790
5552 2992
8227 7714
7665 2591
7310 5971
9380 2301
5745 7359
3346 5066
1113 3184
3628 6002
8402 9320
3184 7565
5436 2904
4871 2633
7371 7574
8380 1934
367 6405
6926 6339
592 4858
5540 7241
7789 892
4055 7694
8344 3672
9005 1261
1671 7425
4686 7210
593 9253
3844 4213
9922 2911
4816 7139
2930 5975
8264 5520
8940 2151
8439 7785
8006 614
8420 6748
3471 3243
3775 51
9122 3325
8585 6386
5501 3441
8634 2049
7065 74
8632 7382
3455 7139
3375 3467
3109 9823
2194 3808
6520 538
1787 6385
2511 7469
173 3769
5843 4952
3331 8450
3782 1888
376 6996
8209 1319
6076 323
4708 9860
4335 1301
1450 838
1054 1346
6411 1282
9722 9934
9852 8477
7466 1936
8992 2241
8107 1717
2051 602
900 7422
1180 5175
6243 8822
7836 7541
2100 7622
3312 5924
8510 6778
3370 3622
3079 6511
3867 5982
8995 979
9285 6741
2023 9722
4828 8001
5622 9984
7731 4268
6227 6116
5768 9332
4010 5861
4830 5250
747 861
5955 2670
8139 6987
38 5538
8496 6919
8073 7925
879 6937
6726 5944
8006 2020
9664 1748
5985 8564
4854 2509
8002 9310
4034 3402
7098 4853
1281 5264
38 8812
4594 3261
2413 3500
2105 1463
4956 9751
2287 7017
7201 7648
2451 7672
2276 1981
535 7847
9126 6951
5857 3118
5226 926
7589 1177
3150 3524
7087 721
2746 7688
35 3886
1284 8214
6199 439
8206 2089
913 1786
1832 33
13 1107
8098 3905
2314 9902
2505 1519
6994 3971
7143 1897
4459 3459
6111 7331
7520 6596
3650 972
4066 8158
8540 443
2097 7930
9627 8020
7100 4445
3994 3424
7011 7400
3970 5987
1246 7245
2602 9342
9135 1201
3222 128
1090 9843
3794 2209
6369 1486
2437 9254
6748 761
2167 8272
5082 9892
5225 7845
9906 8603
7906 1763
6197 209
6158 8286
9365 294
8151 9162
2326 8992
8771 6686
6246 1714
4508 1601
6862 1214
1046 3228
9077 9277
5928 670
1039 4644
7558 4422
8354 7765
5266 2695
1639 2253
4971 9675
7450 8334
5549 8736
1172 5866
4674 2797
4773 2345
4921 785
3475 1269
2818 7566
2344 3422
4739 3584
6863 3690
8747 5860
8805 5656
5673 8029
3470 147
2484 1717
5040 1715
4285 4543
1240 653
2955 499
7380 4121
6853 236
5825 538
465 1985
2737 9429
8624 5166
1600 8487
1370 8068
2146 3827
7293 8749
301 9129
8674 2575
3468 5269
1498 1887
1442 5924
7317 7192
564 5332
4487 8013
2948 2229
6459 1726
6796 4488
7978 3206
1328 329
8778 2570
8148 6763
4091 13
5153 4725
7925 5190
7206 3291
9381 1577
914 1164
3371 5448
567 2916
743 5199
1866 2983
4899 1949
5999 3910
6462 1494
8517 9488
7027 745
6284 487
2513 7994
664 5843
8581 5212
5835 9147
8628 6855
9110 3830
4254 1721
138 5259
3853 5676
1217 9491
8936 9675
6924 823
5707 9112
794 1566
7613 6567
8330 7932
5952 3453
1552 9463
8818 7266
1864 1296
8891 6820
1516 4671
4213 8045
8150 4295
5981 3776
8730 994
8407 6241
1839 793
218 801
8867 4407
1874 4868
7486 1258
9698 5730
4080 1232
4428 8941
3914 5265
1410 5792
8687 8205
3160 5766
2030 3877
3592 5899
4030 8802
709 6832
8255 455
469 2679
6391 5566
2485 5525
482 1978
2100 2475
3894 7803
7197 8319
6767 8369
5846 8003
3364 6443
32 7622
214 3006
1544 2924
9483 7098
1112 1487
8868 3558
8094 1060
8056 2705
4969 1904
9317 3083
22 199
2618 3166
6744 9001
9930 4709
583 8635
9377 1221
5529 2492
2059 3230
7947 9967
6795 126
5553 2749
7328 9116
6989 5945
5165 2646
1967 9626
9658 2537
1294 5097
6793 5362
2748 3585
9524 6310
2089 4383
1460 5322
6793 3953
9737 6545
8049 8694
9701 8279
2773 9505
7574 6740
9247 4690
9007 4033
641 7956
4363 2084
4495 9468
7368 3773
5026 3048
1317 6196
7576 9140
3466 272
3569 4430
3640 5545
66 3705
5346 8700
4635 6339
9989 5258
2183 6106
717 9583
6057 7180
1788 3644
1085 6348
4914 1466
8719 5446
4000 3821
3886 9583
2735 3564
2862 4590
8081 5002
7537 8839
6581 1399
8604 427
5382 1182
8800 2643
7128 847
6121 9320
7554 504
5133 4489
3306 7702
5968 6836
8399 7445
7818 7419
7652 3645
8183 433
9936 7772
5588 6679
2672 1164
2309 4155
1294 4573
57 9725
4438 4261
9337 8409
9034 9604
2271 9932
8775 5175
3904 7106
9111 1931
9461 338
6079 7281
5793 5163
3858 3033
4010 7787
2124 6358
320 9844
4647 834
5914 250
3657 9179
615 872
6166 1915
7729 9872
9334 5018
8926 7162
7648 4494
825 6581
3701 9944
2786 2106
3999 7484
131 7596
244 974
9242 4457
8740 4513
4804 5087
4254 4837
100 7904
2723 2506
8366 7862
5076 3894
7120 476
7096 299
8288 3414
5182 3179
247 4639
4798 6091
3903 5737
5733 4905
8775 378
4251 3180
8922 492
5960 4852
1526 5036
154 3146
96 7925
6744 2014
2220 9497
2171 3740
9192 1511
6540 2967
1072 8085
4746 391
1134 9275
460 1084
7231 9314
9424 4354
9929 9664
7360 4929
7016 6826
7029 953
8028 9071
3077 4817
4585 7450
3833 5581
9641 9845
4125 8593
4136 302
2893 1587
5776 7142
8947 4836
1177 3124
2074 610
4221 3243
6934 8652
5842 1680
5399 2814
7058 7664
2917 21
7224 9916
2376 6478
5287 234
1938 2688
2151 7766
6099 7266
6373 7599
237 3170
7960 1497
9025 2817
4502 2063
8967 6810
1580 7419
145 1123
3150 2090
4955 1858
4916 5717
1946 7198
2062 5485
1072 8692
9490 594
3931 9404
6268 7097
3164 4029
3810 5645
3362 310
1541 1171
1082 1668
7557 1024
288 8842
7647 5224
4032 3711
7127 527
4192 9925
125 5486
337 4533
582 3683
3221 9433
5145 8111
7494 5022
2987 9478
5502 1625
380 7719
3183 6392
7259 9184
8214 4471
5539 4959
2822 5457
3807 897
1488 5326
1299 4350
6060 1988
179 1210
2577 4543
8668 4396
102 9851
3832 5402
3313 4194
4577 3255
7959 9258
7905 7832
5503 238
8411 2114
7165 6401
4321 950
1469 8136
6219 6201
9925 7778
2361 1341
6494 3034
9814 4529
6906 9513
8645 5633
2693 9106
9340 6150
6431 7975
7963 8702
3820 1356
9435 7816
1029 906
821 3205
4716 7226
8706 8985
9507 2466
8499 4826
5600 832
4858 2635
4863 9899
3129 247
8700 5605
3312 9128
5248 6858
4492 1230
9795 9744
7340 8264
338 2782
7551 7603
5685 3800
9872 9129
4939 528
4776 4679
9687 5534
6168 8735
4287 2839
2315 9678
5906 8516
72 2073
9387 115
3461 5670
5952 6145
7813 6423
3473 6568
7942 3896
3036 4813
6009 9717
982 7892
9123 2402
8021 2103
8126 7654
1173 4837
917 883
6004 5744
2572 9348
9677 1130
6774 3775
3470 8495
1930 4077
4432 1730
5086 4680
2001 4953
1343 1776
837 9497
542 5814
1096 8997
920 2211
3108 5327
9335 1487
9276 9702
3775 4928
2635 2986
1002 3310
834 784
1547 6209
4108 8382
6395 6624
8246 745
9734 452
4999 6064
6966 4951
3598 8279
3511 5465
816 8706
7782 6368
2111 2836
2159 1662
3220 4988
4828 1111
9206 9689
3673 7904
6887 9502
7482 8347
3034 569
823 7900
8347 5024
1117 4514
2288 3904
7967 1376
2947 7380
5985 4271
9433 9363
3048 7790
4503 295
5109 7254
3338 8082
4717 2065
3428 8203
8042 7889
922 5992
7788 3015
9302 6155
9153 3706
9255 4818
510 7959
971 8459
1343 5307
6936 4141
939 6823
7450 6570
4860 9169
5701 802
3482 9044
2899 9311
129 8645
7304 4232
4711 5694
11 6037
473 2240
7734 4273
4397 6973
3131 4924
6840 1808
3263 3818
6274 9180
454 2908
4862 5683
3124 2009
5119 9871
3509 2538
3624 7933
6451 1291
1572 2977
3481 2562
486 4051
3190 8046
6375 8252
3280 6732
3874 2411
4582 2821
4166 2932
5584 2823
9141 9375
954 5391
4755 5527
3676 1037
6942 455
141 7377
4194 174
5583 213
5020 6837
1442 5679
3538 9566
5676 4283
3135 3941
5056 2092
1457 3865
4771 4548
460 8507
6517 7477
7445 6673
592 7224
357 6780
9415 9411
6344 374
6901 947
6701 1467
4020 6549
3394 6967
9053 3943
5869 1502
6534 5870
3623 8140
2541 9505
7424 2417
9697 2443
146 3408
4296 2877
1326 2306
4083 9830
6857 1774
2643 9717
8213 2626
213 2482
7714 8655
3312 2027
1261 5711
4946 6198
5216 4418
531 4945
1039 8462
1651 3649
1113 3085
558 6121
9391 6208
3643 3202
6898 2988
1160 3866
1844 1443
6097 9730
84 4061
4669 6105
8841 9681
1745 3441
9343 6814
8558 2072
4463 620
636 3012
7230 8939
7821 4692
6677 9930
9231 870
3236 808
4492 2212
779 6793
3994 3106
4446 9336
2454 7847
7479 7883
8822 2336
5042 1718
9053 5880
6196 9851
4683 2945
4024 5081
9158 7515
8860 2004
2433 7457
182 7919
1178 4047
5836 4532
1616 4513
1808 9944
5852 1989
1552 4715
2936 1985
3796 375
3242 7873
6178 5512
8686 489
9381 9842
9138 1903
4232 9544
5009 4467
932 1171
1419 4785
8046 2321
4437 8637
5721 7686
472 7854
3497 1458
6802 738
2431 7160
5717 3169
2330 5012
6442 8448
4143 5843
5173 9353
493 6605
5060 2351
1843 9675
7842 8326
4068 5097
5404 5090
3294 7092
2075 9643
152 5971
650 1243
6869 8100
5016 4013
8816 1950
3643 5500
7674 2672
2780 3527
2770 4121
6906 4104
7779 5808
964 6237
6312 9992
8040 5348
5413 1732
136 7864
765 953
1593 4812
6218 5577
4348 5216
5812 1723
3781 8250
3599 188
9714 1283
987 7948
7679 9340
5092 977
9585 1673
9985 2409
794 9934
3137 8436
8489 9664
1352 6322
9184 835
3014 6337
5151 8280
5552 6015
3683 8679
3675 5845
2005 8836
2518 9301
2396 1441
7465 4876
6874 8437
7639 882
7886 9743
9940 512
3487 7117
7619 430
1928 5869
9612 3550
19 8318
7659 4824
7593 3023
7589 5153
1343 4545
7108 2899
742 5370
8428 721
3139 7761
7019 7967
6403 4638
5103 5236
212 4132
7391 4494
3268 4011
6520 2786
8447 6379
2334 4518
6251 8294
5236 5586
6950 7648
1492 5464
2268 9032
47 9974
7531 2966
5412 7503
757 2399
9378 604
4791 7364
6626 8755
6893 3485
3096 3637
1160 3032
6065 2705
687 5778
1345 7735
1497 2554
8214 3772
8314 4440
379 6140
495 756
6815 2043
5877 3549
2237 2415
6363 3472
8148 1923
122 9970
2305 9583
2968 6731
2450 1458
1253 810
5552 1666
959 1739
2651 6996
5564 4346
3416 7673
1569 221
2731 7390
3902 8139
6243 2543
8029 3325
9042 6050
9167 4887
2072 2337
1422 497
7119 7662
7466 3241
3082 4243
5217 8049
5054 2728
550 4330
602 9758
4059 2378
8993 4945
3324 7530
8899 4538
6324 6586
9310 1824
8049 7923
9495 4901
9817 5855
2399 1441
5233 6286
7296 7939
4991 1433
2586 7976
1885 3147
2392 2467
1141 6695
3831 6848
3870 3941
4272 9734
2430 5619
1745 6138
8280 1110
792 1450
189 965
8688 7827
9703 4170
4445 9577
243 4758
9004 2766
5583 9677
7386 8906
1744 7473
3118 2420
2353 7678
2558 419
5491 8616
8917 8751
5251 3401
3550 250
5113 866
9655 6478
7092 3314
3391 7277
2804 558
1974 6605
522 9221
5556 5117
1074 774
2343 8863
6861 7193
6448 2635
6212 3699
4592 2908
6348 3738
4456 6216
1525 8402
6953 243
4545 153
9668 2788
406 3717
3028 8105
7115 6400
4795 2219
8518 2832
9136 4774
3202 2012
8532 5618
5790 3691
5642 4142
456 7534
1917 720
3438 8793
7900 6348
5312 3539
456 8707
3129 7017
1789 7784
7267 2310
1769 5938
9676 1630
8387 2932
4509 1192
9770 4257
758 4193
7062 9981
2182 209
9195 5864
2777 1450
1048 1785
2662 8023
3832 4917
9338 9292
3887 4045
8071 3308
9219 2437
2340 4360
1611 3022
1138 4518
9946 323
4455 9492
2473 1560
7143 9801
9964 7076
5533 8604
200 4249
5053 7035
5764 1802
1825 5266
4962 8593
2776 1270
9768 8927
5369 625
4746 7125
7788 8981
3416 8849
8408 4048
3467 5219
3529 9039
4893 4138
2768 3254
1910 946
3320 6601
4109 2566
5537 8717
2579 1282
1912 8964
9147 8804
6367 9015
3236 9678
7554 5032
5527 3021
1259 4570
6322 7744
3531 3032
5162 7062
6677 5238
100 535
7798 9340
2716 5798
1060 7562
7362 9907
9963 8155
6688 9818
7189 3094
1182 8055
5533 4771
1699 4427
879 3704
557 3957
5673 9568
5017 588
9939 815
4652 1769
3210 2576
978 5265
6067 56
2378 6574
4380 999
5104 7485
6518 8641
2128 5931
7657 6873
9687 5076
4871 3279
597 8908
2585 8411
7117 4596
7427 1058
7035 3657
1237 1836
1275 107
1853 4908
1454 3557
3064 3544
4848 6173
8375 5542
3111 4388
9031 9585
6481 7041
5268 2250
6972 8011
3927 487
2392 5448
9616 740
6113 1504
2134 3190
9117 8700
5591 1054
5627 140
5458 8505
1788 9027
2580 6703
6041 6730
9121 9492
5578 5228
752 9940
8827 843
9658 2969
9784 7471
1355 1397
5528 310
5073 4635
8018 1354
1980 2363
4813 1993
9153 483
6100 5215
1098 8698
8523 495
1214 5794
1165 2039
3904 2064
3978 7088
3513 5954
5485 2549
8062 5002
5257 4407
836 5882
2666 1513
7304 6402
2761 9355
6653 8084
9904 5336
6767 2125
1059 8093
8187 2792
7446 3332
5668 8044
2588 2046
3857 2071
8579 500
8423 4130
7292 7190
6092 2134
1530 7668
4267 1292
9467 3520
5670 2656
6197 4107
8144 4251
8265 6644
7130 6448
5561 949
8399 8486
7381 9681
9078 8370
3774 1736
8882 6128
812 9643
1717 1701
8676 1927
1111 6194
5723 1999
5073 2413
7342 7369
2477 8864
9645 4964
3124 7932
6185 3516
6495 1541
8730 5022
8641 6264
2344 8749
9175 7076
1378 2755
3901 6491
2120 9850
9721 2133
2318 7215
5067 4189
2015 43
7641 4849
2281 2434
3297 719
2647 5687
3259 2654
8683 2742
8167 3098
1747 1662
354 4483
2308 1075
3479 3324
9749 754
6136 8182
3258 4222
8126 7095
1842 3286
2808 1766
7453 7277
2722 1509
4090 1022
5791 4620
3574 8335
5163 4583
8024 7761
72 3793
4732 5933
6264 4393
8361 2772
9079 3513
6533 1926
6108 6409
9999 8681
781 2078
335 4198
6492 342
3148 9502
3813 2923
7561 2290
2510 6967
8360 5502
2351 6101
9381 9986
4671 1664
15 1954
7993 7752
8818 2327
2286 9639
3083 6162
9865 5793
3891 7595
3157 4158
4851 4321
8659 2977
5590 8717
6603 8568
1121 8272
9860 430
4060 2912
3439 501
1332 5474
9485 8577
281 3667
6794 8515
4107 1505
7390 7527
2105 7847
6132 5846
5314 504
7313 7704
7940 7119
4476 8231
7050 1814
3249 7284
5545 6713
2199 8522
3217 2750
5924 2396
573 2355
3627 3038
7983 9787
5390 7538
9975 8349
7082 3501
5151 9670
1167 7768
8852 5375
978 2984
8260 1180
7968 2665
9413 572
983 891
3030 6885
9835 7147
1149 1286
1597 4398
2337 3408
8383 5099
1571 8238
6490 9294
5685 4307
6098 7263
2375 2725
5933 8435
6404 5683
7411 632
8291 612
7740 7942
1323 9505
4753 5998
7384 3590
7618 1460
9311 8630
4534 1368
6539 3743
608 2770
2275 4802
7012 2247
9094 722
8803 7309
2749 7110
7718 1815
1955 9195
8073 9399
3087 3493
6232 5743
745 2759
490 2980
5285 9775
5101 572
2830 6321
7458 8798
2790 591
2344 3401
8456 5156
4757 6750
3230 5848
4625 8764
9686 2793
3904 2326
9482 2188
7140 4272
1847 7438
4393 6255
8641 8733
3032 3353
9946 8957
943 5154
2678 258
4992 6242
4182 757
9265 9260
3827 875
6599 9978
1767 7746
5397 2122
4928 5271
8834 2941
1578 9018
5421 6260
219 3988
8580 8025
5798 1506
8305 8024
8817 4803
7129 5042
8906 5602
4667 134
849 105
6748 5459
3504 7901
4832 4944
2538 683
3977 8035
1604 1558
2461 7919
5805 4886
7541 7564
2011 3882
3624 2338
7641 290
6379 6972
1791 5087
5790 8049
4833 3202
1351 2085
4334 1519
3194 5195
6028 920
741 6676
1342 643
1328 2424
7567 7430
4275 1918
2337 6867
4721 6904
4143 3363
4192 2776
6362 2148
344 1460
6493 5776
9963 8130
2010 7133
9762 1251
254 638
4043 4944
1599 3178
2457 4570
8833 3445
7799 9380
2599 4377
2219 8529
9900 2390
9060 41
219 4278
3148 775
3974 4354
2164 7344
1566 9577
8655 7603
7965 6468
2838 2763
6579 699
2305 6487
8379 9574
2738 9435
2279 2094
1281 2781
666 7538
8845 9310
2091 8026
3987 4014
223 7972
796 7499
925 8358
6340 9188
4608 7703
7360 1780
8931 3121
8061 1676
8841 3442
7754 568
2380 7226
5277 3289
8443 7100
5161 5181
5319 10
9736 3057
4885 6740
6351 8325
6331 5330
3877 3547
9201 1685
3139 2955
4449 8792
6205 150
5341 3655
4266 7490
7160 7897
6288 4531
1729 463
681 5052
3595 9883
8228 53
4954 3685
4155 9174
75 7767
4669 8480
3139 6739
6690 4506
2255 7226
2887 5385
6073 919
6500 4436
6713 8466
9587 9370
4950 1870
7660 5067
5034 400
5979 1572
2297 1317
8781 4513
7079 9399
9995 6482
3373 2927
6256 3122
8751 6716
1295 891
406 371
6429 2709
6864 348
5302 3042
9935 6171
7871 4012
140 1319
3255 4586
8482 3207
6289 7558
8845 6695
1488 5011
9084 5012
2771 4180
6404 569
1172 8116
9044 4510
9443 5385
1655 3040
4761 8730
6955 76
4121 2460
3512 4972
9249 3725
4019 3197
2502 4811
2447 8519
6143 392
7073 9119
8471 6914
6200 2759
6957 7771
6646 1367
5763 4608
2131 2235
471 2426
1099 3970
7697 2732
9950 5970
2293 4942
8371 1060
8066 6606
5216 3496
9178 621
8247 8437
6664 2611
6218 3697
5611 7908
3443 5979
4804 4431
1640 7607
8790 2214
4184 1078
4010 1198
210 7658
500 8429
1635 2118
6628 9669
3621 5914
5386 7867
9524 29
6117 4786
9714 9160
101 7149
8841 1197
2903 5583
9504 5942
5253 7039
782 7623
5003 183
8242 9768
6197 2290
6355 8262
2546 1713
9096 9312
4689 1680
4007 9084
5029 2319
2510 3582
6158 4260
9936 8823
4453 965
3696 67
9185 6727
2290 5349
2370 1265
6311 6889
6357 1414
92 622
7880 4712
3877 7017
1854 7745
7081 2004
5249 7773
6161 2428
1132 2202
485 6644
1287 751
258 7536
7494 6699
4226 385
109 9787
7625 8516
5301 7015
2022 7669
3498 4647
2872 8309
110 6336
5672 8025
1343 425
2433 766
3598 6882
1356 2986
4784 2026
8926 2813
2877 3316
2507 3682
7051 1984
8595 1912
9887 2165
1461 2485
7307 4449
3056 2430
3522 9110
7283 3040
9851 1834
6392 3733
3203 9692
8507 4682
2706 901
8804 5836
5295 1180
1265 9787
3911 4643
7517 8150
7055 629
2328 5154
7423 1130
3773 6669
2036 197
9712 656
3321 1459
8836 5631
4216 893
3943 1800
3140 6842
824 526
185 1506
4689 7563
9862 6028
6481 5374
9480 9749
3327 6720
3113 7020
1194 8528
2861 7383
7197 3587
135 4637
4116 8882
6220 7146
8897 6648
2742 831
8055 2279
6378 4891
5763 7888
9766 2502
5498 9574
8761 1842
3653 9493
7357 2280
1699 386
2806 427
416 7932
6298 6157
6700 9397
7930 1442
6714 7757
1263 5738
249 1896
7523 493
2823 9711
1921 8781
690 9171
1825 9287
9062 3491
5313 7524
1664 1040
2435 7849
3499 767
2216 9842
2430 3106
2595 4643
841 5831
1169 798
9765 4713
6772 3828
7436 9174
2242 5704
2520 6191
5367 4649
5440 2790
5671 7275
3171 4321
8080 7578
2109 2188
7828 1556
6528 494
7456 7002
9493 6509
514 5540
7356 2181
4431 7116
6468 1296
677 9928
3337 302
8908 4796
4206 1824
7718 2536
1091 6686
1523 7096
3970 9266
5638 729
7472 7750
452 280
9634 7612
5221 7049
1199 6887
7896 7923
3465 3055
2692 5319
628 2823
9993 1517
6524 7198
1082 5260
603 5076
5133 2878
8896 9101
7961 1737
517 2192
6443 6776
8375 2337
7550 6305
1239 7166
9040 3305
2111 2099
6686 8506
4016 2256
3403 5871
1908 4813
8122 1539
8161 7351
5651 4387
1933 3763
5163 2106
7641 9232
2788 653
8562 3257
4572 7969
7260 1604
3713 5687
4542 3505
8175 7177
9347 1466
3020 6149
3416 3227
796 8401
4852 7197
8846 6357
2583 1132
3910 8937
6673 2702
9974 2943
6565 7814
3568 2006
6617 5470
3794 6744
5683 3139
9147 6840
2086 8422
9921 3610
1875 7682
4793 8770
5327 9873
1069 4827
6401 3342
5081 7430
9327 505
4713 3242
937 1230
5195 592
2799 8978
6969 3818
3320 267
7410 7962
184 9376
7419 6422
9595 1255
3015 2974
1637 7613
4144 6523
3341 9705
7327 1802
9244 1662
436 9841
5805 3609
6954 2192
9771 8735
2788 7938
9799 6579
1103 3201
2101 1731
3520 7062
6665 9587
6413 9067
7839 1970
3051 8290
4105 5055
1292 4015
8513 5141
6945 6084
4828 4990
2828 6543
1569 5504
2513 5540
1056 9956
6975 9336
9059 7459
3460 669
1620 9783
7600 5265
2476 5343
7557 8294
1129 9039
8694 6910
2235 7415
3587 841
3334 3753
258 7685
2891 7124
3623 4194
7723 1475
2121 9188
8145 3837
8168 740
4486 6368
690 2071
3944 631
8771 9909
4609 7733
126 1243
7332 5494
4864 2825
4394 8595
9639 9448
6533 3401
3522 623
4512 3420
390 7888
9207 7419
5282 4949
8553 8619
5718 4817
5153 5812
8202 5541
8292 6907
2185 5825
4492 9435
1705 6860
6307 5958
4294 6620
5017 4875
4778 232
9804 8532
7633 3637
4705 3589
1010 1483
4100 5372
8336 4910
1930 9670
1239 1816
7449 2220
9932 7938
4366 8492
1176 8103
2413 4849
3156 2744
7656 6873
2118 7072
7975 9395
615 4489
7410 4403
8857 8903
8775 9683
2614 4011
8574 2225
3167 9773
1536 4157
1828 6888
1034 5047
3393 2421
8526 9901
5960 1234
5667 2837
7035 8959
1037 1204
515 695
1160 1656
7116 108
4265 8796
2245 8048
7659 5228
4776 4738
5412 9740
2875 9134
9915 5851
3905 6216
620 7551
3306 2446
1677 9474
3127 2588
9887 9286
1947 5424
6385 1958
9599 1359
217 3435
7499 7553
797 1035
5658 7925
954 461
6455 4140
8849 9595
805 1603
8302 1383
2058 6845
8289 2466
8287 7950
1957 9489
6065 8889
9457 5065
9618 127
1420 7272
6962 4925
4598 1680
6334 626
1392 4642
279 4514
851 8758
3759 5669
578 3888
2459 2919
4953 7437
5646 8479
3756 1099
6047 2833
3692 5960
2156 7377
9467 3428
9925 3626
6970 1572
105 1486
5480 2290
9157 9424
9453 5124
5779 2104
8114 4145
6965 2760
6820 4038
1202 8137
9934 5446
2891 6924
7045 1902
7334 263
6604 8673
3094 2598
558 4830
7964 2088
4660 7748
364 5750
3486 9905
5041 6451
2040 4270
2112 4392
695 6026
6157 174
9765 204
6565 4457
6920 5382
4969 4625
3935 1234
1157 7037
3843 5039
7774 1005
9647 2203
196 8886
1296 7333
9047 1351
1629 2432
2687 9527
4606 4418
3240 9616
7666 8069
6373 5577
516 5734
5530 5323
5661 4961
2200 9790
1030 8333
7948 5484
4841 7956
4143 6965
6704 7244
8103 6945
8229 1807
8063 442
2283 5341
5581 3069
9272 4291
2349 5570
6594 9451
1992 9187
3081 5894
5118 4128
7668 2812
9313 6984
7848 829
7320 8758
7740 6330
263 9819
628 2570
7687 7045
8956 7651
596 6068
1466 2762
8694 3536
2768 4289
844 304
3362 6370
6595 8124
828 7202
8016 4942
6204 48
4055 9141
9343 2949
6919 4663
2382 3805
7031 8105
81 8239
983 1853
5069 4017
6991 107
1557 4100
2907 4848
9748 5382
8750 814
226 9230
8659 6823
3893 6045
5160 3549
4242 9912
5968 5774
2624 5230
7175 813
2269 6988
3911 1658
2833 2807
9107 9319
5083 2180
9401 9551
5955 623
9466 4376
1573 317
6701 6645
9494 4273
6737 8763
6754 5013
7394 9985
7777 1444
8272 3617
6068 9818
4773 7414
5325 6104
98 1089
7271 7190
7620 6733
5677 6078
8045 7159
7898 9986
5559 6696
9758 4371
2414 4258
6689 1822
7382 1026
2292 7616
9479 895
9659 6085
5692 9133
2078 6162
8664 5404
7505 9574
5146 2227
7805 5467
8761 2516
3366 5573
8194 6565
6007 921
4158 9296
2817 9958
8334 8416
7218 6117
6530 1990
6518 2793
7141 5221
1871 9420
2755 381
8133 2242
5539 1204
6714 529
6151 7961
8448 9904
2596 3294
4697 5410
174 8202
1814 622
1262 3434
9083 3080
2293 7528
2263 4809
5132 8933
3337 8175
7454 6692
2807 7209
3085 4768
9511 9857
7046 1383
3027 2427
7848 8561
4060 3154
2163 1582
209 48
9422 284
3281 9622
7416 4949
1332 6817
1508 5215
6524 1084
2280 2608
9334 2242
4061 891
5388 1182
6674 6806
2295 1817
7097 3845
7043 1293
9362 6250
5214 1831
8693 8175
4085 5925
1901 4145
8867 7050
9052 516
152 3138
8537 5966
7323 9977
3090 7914
1027 73
2867 1905
5141 9185
5528 5670
9956 7753
7630 3522
439 2572
6488 2280
7965 7254
9977 8481
9265 652
2197 7523
202 6786
5485 8634
2128 3625
5750 5262
2259 5471
9454 2865
4510 2418
7314 2184
5829 2074
8696 8725
6668 8792
3922 8650
5722 1559
2219 2900
6390 43
8989 777
3627 6926
8543 5180
8391 6692
5698 4758
5213 3078
5719 5238
3856 7606
5629 8002
3697 1359
3396 653
4574 9628
7629 7417
2842 7972
9962 1634
7106 3664
7100 5276
8971 4475
6216 8446
8896 939
8444 9336
9690 8929
2369 3629
1419 4372
6856 3597
1667 1467
2788 7763
6865 512
8559 4353
3348 6352
3146 7944
7754 9859
1717 5840
1732 7725
3779 7667
9225 2019
8680 7376
1124 3501
336 70
7190 7995
71 1865
2669 226
4393 7602
7221 159
9649 3528
370 6521
8486 6058
2991 5171
310 5464
2031 984
8537 8818
7993 2144
2790 1153
8382 4046
9141 8184
5919 2396
869 2265
2058 2743
5338 879
739 4979
6197 9347
5905 8117
6828 1787
5057 7871
3357 8258
7533 2436
3804 3832
3694 7312
379 8719
4141 1344
6436 657
9374 7704
3291 1902
1209 7605
5387 2838
8605 7564
5879 416
9675 6345
757 8408
5815 7240
372 9738
6852 2989
9760 2145
7638 5409
9916 6296
2134 5255
7266 4183
4414 2185
8894 9448
1954 9982
7308 6018
4734 8634
8102 626
1500 2868
1484 3859
8274 5231
5580 1634
6238 8775
900 6165
5301 7404
7502 3346
4581 5814
9136 9709
9407 1596
4828 2205
6971 2725
7718 7724
2882 278
4381 5333
4542 604
8693 654
7494 9729
9476 7959
1050 2692
1698 8618
7801 3769
185 4414
3557 3937
2417 4357
123 5904
2854 3174
6262 2760
3314 7058
3796 5606
7672 8350
1522 333
7937 7157
6056 8088
3919 5872
8473 8047
8948 180
3161 7749
3205 6018
5875 119
7976 1484
8290 7330
9379 1187
2220 8449
698 1279
5499 5293
9993 2811
4599 9083
8775 104
7654 458
5366 8020
2027 8612
8305 8948
5680 1724
4471 2545
3567 7735
6857 4094
423 652
7178 6274
7679 3186
3462 401
3218 9995
3782 7922
4181 862
2971 6604
8811 9419
4197 4057
105 1765
7923 4352
3669 3020
5766 5629
4866 8821
5628 7841
5943 934
5262 46
6143 5777
8337 2878
9025 9320
243 8707
541 3086
884 8453
998 3770
1586 6864
2653 147
7844 320
9354 3704
99 7249
4915 6109
1697 170
4595 9462
8835 6160
2466 7349
2934 3988
2195 3851
7900 902
8960 7718
4781 3397
7322 6538
8299 2682
4255 8108
4574 8507
8077 9320
3679 903
1013 856
287 7441
8556 2159
3348 3747
6584 4944
3220 1154
6899 9494
3241 2993
6207 105
3507 9728
4602 7428
1767 5165
6146 8984
7120 9839
9237 6004
2479 2177
2652 4448
7186 5097
6431 4425
7240 5770
8954 3990
3606 687
7558 9198
3084 7529
9879 3394
8015 5348
3725 6340
8223 8433
6990 4434
7547 6732
1341 3440
2236 8977
319 608
7495 5173
2690 4820
4054 4758
371 7490
5638 3054
729 3993
1920 4678
7576 5389
7301 3130
9264 152
8551 7171
9207 2419
529 7622
4541 5788
5236 6125
5263 7534
6435 8431
3300 8647
9744 1295
1654 5482
8943 3748
7413 4273
9495 9731
1726 614
7633 7116
2342 2768
2202 6227
22 7275
8344 8069
1304 8176
7094 3621
8055 8385
8300 4390
191 5965
9230 5249
6262 9051
4228 9500
6654 2897
5799 1747
2906 3312
3459 1979
8656 2747
5430 6336
9221 9096
3961 3064
7777 6000
4774 2841
2056 8777
3374 9589
8912 8411
162 79
6696 4778
2219 7660
9551 5259
2389 5796
2911 8753
7279 5274
7175 1722
5719 4109
2249 8490
8748 1365
1110 5141
4279 2332
2015 3971
3496 2839
169 8540
229 7385
5399 3190
4729 8456
6025 7175
6649 3319
1649 6773
8153 7634
6460 7133
876 5099
4384 6679
9980 4064
1036 8931
5076 5002
5064 5854
7092 8450
7183 4237
8856 5232
5319 9257
2258 1080
3185 2609
9668 9525
8287 5899
6475 5329
9728 1366
402 4221
4621 7684
8333 8853
4400 4620
6681 5435
3890 5792
5785 4321
6733 777
1925 6331
3531 529
9104 188
5566 8655
3433 2303
6152 5447
6877 1560
5879 6545
9833 5825
1005 9464
5169 685
4255 1998
4347 3619
1165 9172
4556 3580
3200 7300
3903 5007
5428 9877
7592 4879
931 1259
9255 1254
2351 1684
3824 3644
7982 2761
3778 9122
5376 3596
3984 3075
3639 5434
5974 5925
4972 6394
2185 6871
7755 2118
4581 6754
364 1325
9351 940
6415 2127
7197 1627
7120 7819
7606 9030
1220 8939
1640 9333
3554 9929
2945 9776
3607 8669
4702 2579
2234 8764
8361 6223
9700 1241
3686 6302
7121 1876
8256 6555
6544 3121
3316 2637
9840 1560
4994 3295
5068 5651
4552 4633
6310 4723
1775 6081
9979 723
5430 9683
2640 1211
1718 4923
5630 1423
5689 3327
8492 1229
2137 8471
5695 2441
7891 291
7596 4748
5092 441
351 2905
4805 2995
5257 963
3114 3863
4624 727
2020 6536
6577 8596
4414 9603
6554 2960
9345 6586
6107 4594
3775 4305
3986 1173
4118 3650
8519 3463
6922 1086
9089 7273
1783 92
5670 3709
8035 3958
5260 6394
4064 3146
8178 478
615 5460
658 5550
4951 7174
7808 1426
3005 7325
8450 1976
4931 8877
5095 2066
2193 1871
5002 8469
5131 6475
344 4660
8216 2638
974 7382
9630 4107
5626 8729
7532 3030
6700 6234
2257 9597
6311 2173
890 5243
2211 224
4230 2435
1263 8703
6417 4697
7873 9105
6639 9761
9138 1508
9034 7948
8003 7574
1261 8944
7963 1027
6237 3928
8313 4668
32 7640
4952 8954
5175 59
8813 6619
7097 2572
7270 9555
3059 6180
8981 3445
8414 6680
8647 9293
5771 2348
9044 9918
7209 4119
7457 7118
5869 2652
7775 3516
1800 2883
1858 8137
3051 7800
7390 99
7045 471
5731 7139
7303 1287
7634 763
8491 7578
48 2374
2368 8131
9791 9192
3402 6344
5153 6068
2100 9640
2279 3629
2259 5145
2050 8002
1890 9372
2996 8637
9666 3861
3757 4762
9577 9139
7827 3309
2638 1161
884 562
5430 2486
786 1462
186 8224
1669 3497
3102 1441
867 6873
426 954
2501 3532
5344 7065
5043 1647
2815 2818
9362 6706
2634 2368
454 2928
9363 2099
4931 1318
3977 5565
3539 983
7324 4329
2172 1205
6525 5940
106 1391
1011 2254
7762 9977
9612 6621
8919 5033
1113 1862
7588 6924
6707 3893
4584 3212
141 5432
9137 5556
7922 9963
2290 925
8146 4206
7472 5515
89 6030
5757 3945
9860 6411
3783 504
3323 37
7870 6954
7246 5495
1957 6408
4622 6377
4444 9582
3582 7084
215 2988
2074 9486
3570 326
8408 1401
4053 2804
7761 8234
2419 3219
5145 8087
2202 7900
4820 4427
2841 1684
1492 6871
8956 1297
6494 4844
7822 3368
3303 1051
9818 9431
4331 6991
8782 1922
5098 349
7791 6676
4679 6945
3697 3867
2996 6176
2165 9266
2956 5048
1008 3075
8257 1452
3694 912
1145 8886
2606 1325
27 2509
4121 7635
555 9688
9039 7825
1365 2033
9937 9018
885 5780
5194 7308
7002 8993
9008 7437
6578 9868
5731 5080
6738 5029
6856 7368
2544 8342
7115 8741
6972 9006
5909 5429
5028 237
3636 4847
277 2545
9314 4843
175 9571
6281 9991
6903 874
6847 2973
2309 9069
184 1326
2111 9818
7440 9781
6982 8166
9463 6648
3510 4963
5935 4170
4386 8264
8900 8082
7542 9390
5030 5057
2956 5324
186 8850
5318 1603
1624 6461
7363 3719
7992 7733
7413 9648
9364 379
7112 4817
4604 2122
9994 2878
4494 146
4709 6183
7516 6604
5300 5358
2971 5990
9141 1375
7312 8263
1219 7690
904 7251
3550 9696
592 7947
5567 8267
5986 3404
2818 7456
8954 5424
3952 220
9970 534
4930 1478
8179 880
1269 5814
9988 1000
7498 9403
7571 4495
333 4500
4146 936
3886 4672
3378 2984
6805 4526
6853 8184
4879 1542
4497 8015
6295 630
3933 3088
5589 6482
7925 4501
831 4292
3836 6557
6428 2811
5560 475
1975 6638
2195 1063
9778 6656
4616 6182
5896 2600
9385 6658
7517 130
7002 450
4532 2921
3323 1198
8720 2526
2897 3029
7640 8928
326 5050
3450 7964
5196 4938
7047 8516
2954 5149
6188 7967
6223 8547
666 6909
1811 6424
1737 286
734 1775
1672 3893
954 2952
9341 8319
153 5604
7932 2371
8213 2349
4662 1390
4315 7896
5769 1335
7045 2847
9125 8698
3116 7378
7501 4917
6156 7127
8046 7694
7253 6466
9787 5602
8694 7074
6337 8905
3342 4937
5017 6898
3646 3115
2416 277
4184 2337
9658 8992
596 399
9166 7916
4061 2495
2889 5686
7408 5982
6676 8910
7207 3007
6940 4536
3749 5130
5202 7627
893 4077
7876 6008
9670 3212
9806 3408
1738 9761
9737 7274
3205 5756
4439 9312
9071 1910
7783 1747
1384 6622
9007 9303
2896 859
5795 1704
2706 9821
7068 6360
6257 9011
2458 8806
3405 7858
8867 2032
4328 6576
6712 3436
3751 460
9362 8203
8472 5859
2596 3591
5007 803
7077 1388
247 2450
2886 9900
6137 5078
8343 4918
8494 9912
723 8343
26 4418
2275 3707
9466 1024
2409 4762
1465 6732
7557 157
3083 198
7392 2371
7830 8494
4682 5853
6788 3141
1838 6357
4733 2327
801 2432
5433 2638
368 1098
6892 6297
2606 4011
1840 238
9666 5008
4426 1361
1280 4193
7250 5404
3984 2120
8839 3459
7005 3823
2777 9313
9363 3883
9502 5968
9278 9382
8648 8617
8023 5243
2365 3088
6382 1382
2587 4323
5151 9410
6354 2925
8992 6114
8590 7525
2534 4776
4054 7771
4000 2581
253 1281
9408 9555
8348 3709
170 6162
2587 4302
8281 1892
8760 6989
6087 5474
940 3230
9973 8696
1259 3994
8265 6059
9962 8306
9883 902
6691 7972
2490 425
8229 8276
1178 9327
9428 4398
9118 7683
9609 4392
5330 5559
2703 5446
2084 9351
1567 139
9708 3315
2771 5214
3655 3238
3150 8160
2681 2963
8182 6825
3538 5690
2692 8797
881 2262
4879 4822
1534 6545
1695 3858
5082 3683
6565 8460
4630 1603
7153 8001
1168 5721
5101 8329
9679 5686
777 3803
7746 6403
4466 6067
3886 8234
6500 3622
6591 3398
7842 5482
337 5649
2264 7369
1246 9342
6959 4221
422 1856
4014 1987
812 3750
1802 7363
6072 6072
2529 4416
5153 1845
8546 3318
1746 2113
9788 472
2885 5434
3722 9635
6245 8561
6569 2974
7182 7495
572 3650
7094 8214
5727 9555
6014 9353
6402 1011
7246 9260
1800 9468
5092 8924
4935 7458
5075 8765
2442 9683
1686 9144
8692 2726
4819 9753
7631 6294
2775 694
8149 3538
5978 868
5149 2196
8396 5993
111 8052
5690 277
8498 4414
8827 1763
5333 1727
8444 1945
4728 2347
1756 3612
2814 3006
621 625
6678 1299
2086 5991
7837 9107
5047 4649
6987 3720
7098 1291
2023 2987
4160 4159
8358 8826
4631 1601
193 3016
3380 8225
3173 7824
8800 3652
4326 278
8608 9708
3093 768
7711 2903
9113 3183
6360 663
7621 4491
511 2161
6402 5899
8989 88
9033 8227
2033 7040
2372 2493
4727 7316
8233 274
9004 7251
9211 3761
8727 2458
9215 939
9415 7021
7611 9588
9760 4378
6542 465
1607 91
1261 4534
8952 1271
67 6964
6896 2059
5829 2750
3555 4979
2408 1324
1676 8242
9680 9051
2150 3668
872 1450
6827 3447
6120 3915
710 7757
7594 9115
2177 8151
9843 2146
102 5201
7397 2115
7757 7413
5944 5080
10000 8451
4795 371
4209 8890
9658 1998
4358 8571
9518 7339
4713 1549
4118 4372
5512 7430
5284 716
5055 5877
1596 6221
9965 8070
4076 5169
6742 5656
4602 9274
9895 7469
5358 4866
8847 1133
6719 9930
7487 5002
2372 7532
1649 5221
1132 7738
7087 8501
9566 6001
8607 7035
244 9321
2342 303
7900 5865
9943 1174
9823 2491
5942 3216
6578 9101
1961 6484
3745 4400
3541 7383
2372 1976
3673 9366
6639 4619
1608 8822
9497 1422
197 9013
4392 5548
3656 7349
3455 2810
7524 6046
819 5158
8598 4252
3880 2097
3478 6469
2782 7574
6524 8625
7758 1571
4816 4565
3996 5099
4459 3701
2983 1162
2521 620
8349 6745
2890 6433
4081 1266
4719 6327
9104 4421
9801 5262
5342 6767
7741 5330
6277 2611
7674 5591
700 1832
5619 6066
6093 5482
