2472
50
6846414
45 59 46 43 49 46 53 45 43 46 43 53 59 47 50 46 51 55 55 40 44 42 55 55 52 59 43 53 51 47 47 49 45 56 53 59 44 40 51 49 45 60 58 54 48 54 40 60 40 45 
-24100 -34943 -26167 -21485 -23824 -24812 -24872 -25791 -22190 -23041 -20924 -30197 -33909 -22179 -27362 -23569 -26538 -26992 -28783 -22244 -23182 -20049 -31310 -29899 -22569 -32971 -23636 -28589 -26137 -27817 -25757 -24610 -22419 -24885 -27551 -37293 -24526 -21307 -26211 -31624 -27269 -25088 -26606 -28365 -27375 -25686 -20335 -29393 -22932 -26742 
18327 27037 17124 18809 20047 19985 22477 20890 19096 21164 20679 22641 28537 20417 23256 20413 23581 22581 23061 19731 17458 18976 24395 22310 19736 25869 20125 19672 23667 20077 20025 22201 20765 23242 23675 21549 17311 18099 22755 20411 20888 25803 28568 24428 22857 21193 17860 27966 16633 21961 
6136 1578
468 1318
465 9962
6638 4010
7930 6220
5133 8064
2541 1808
9013 8693
24 6804
3878 6023
5633 1577
4726 642
6591 7066
9098 8717
8280 4763
9059 4473
9581 4492
1608 9081
1983 1055
2863 1572
1451 9148
1856 1271
2066 8887
3155 5028
5541 749
7643 6328
5494 687
4162 9316
2171 6038
4784 1219
6449 2602
8750 6154
9752 2170
2783 3730
2769 9511
8071 976
6370 286
3698 808
9091 3448
5704 4146
4219 7875
5714 2569
9490 5198
139 1964
4574 9654
4951 944
7685 14
2238 2921
9850 9605
8593 6299
2897 9487
3940 4867
7518 6915
2188 1302
8713 6818
7274 2963
8701 6673
1101 789
6264 8353
7441 6793
2225 436
5793 398
6877 3445
2451 9155
7556 6234
9739 3624
9695 1841
9395 5783
2322 1514
7763 8515
5765 3717
6949 8714
5426 3871
477 8588
7861 1148
4679 5290
1069 7280
7375 3179
855 2246
8951 9666
2993 1020
9329 6167
9516 6566
2966 3824
7449 8892
1568 5389
7155 2872
9065 3607
1185 9056
5416 8862
2084 8883
8345 8857
5569 4897
3436 5750
9942 6537
6786 1911
396 2427
7671 2657
6648 8807
2363 8110
9475 6031
1974 1847
5334 9966
672 4057
5293 53
5270 5466
7689 9497
1040 8066
763 759
3840 777
9458 7013
3134 5369
7064 4731
5909 3959
5677 3404
4609 9953
4048 2199
6934 8102
6527 7770
4708 5019
6544 1408
9512 6545
2680 5155
320 4087
2624 1896
9529 1126
9677 2115
487 1929
3843 4509
9572 7648
8948 133
7211 4367
4702 7352
7608 78
4944 6643
5949 95
7462 229
334 7718
7378 87
4615 7152
6607 3042
363 501
6153 2279
4991 202
30 1194
4953 3758
6234 9989
9235 8162
6341 8807
6248 3700
8365 8220
7240 112
9988 1555
5335 172
8597 2959
4349 7400
4250 5087
2328 1710
2262 6677
5261 477
684 7159
1124 7868
8884 3159
3267 9947
6025 1745
5594 7903
4733 6951
3205 7325
7545 4056
3134 5248
192 7092
9684 3451
3982 8995
1549 5198
3265 3240
2376 9312
4407 9303
9853 3228
6454 851
3788 9459
2296 9245
425 1516
9951 6020
718 480
5802 212
1091 4832
2631 4309
9429 3917
7877 7754
1507 2158
7688 8104
4889 732
825 8003
5571 1030
2671 6216
2919 9674
7961 6606
7921 3388
4547 6465
4837 2088
4207 5127
1220 23
7729 5824
8627 4697
1941 4902
7010 7896
3781 7820
3620 1475
724 7727
9290 7182
9343 8983
4808 2105
1116 6556
7127 1080
4328 2269
8405 1997
8727 4452
8298 5579
4366 1438
8244 5588
1632 7305
5045 7811
498 4654
892 4673
3020 2932
1056 8188
3703 8116
4878 7633
3478 2788
5225 4804
4561 4195
5013 545
7779 2362
6840 2109
2996 5498
906 1931
2287 430
1602 6860
2434 5991
3288 1635
4865 2767
3594 5759
787 3133
5586 3282
6216 7218
3318 2644
1889 1438
8526 1087
1352 9930
2460 4746
984 3534
4865 2325
3995 1478
7669 5003
6137 4914
7782 3721
1054 8340
7445 4268
5421 5452
6961 1181
3181 1883
7421 4271
12 2279
9361 5435
670 8182
1861 282
711 9740
6195 4913
9947 7478
322 6673
7366 7981
4727 677
60 838
8797 6468
8780 7514
9384 7665
9444 5910
4997 9809
9665 4993
5635 55
1111 819
4637 7757
4972 7547
3853 1613
9397 9862
6592 9502
2922 8616
9796 4015
8141 5536
572 2274
5352 4030
1172 9316
3996 3434
5569 6755
7013 3472
6028 44
6665 1249
5152 1756
1432 8183
5162 3882
9933 7901
1686 5105
3254 1271
248 9543
9413 8298
1867 2369
1313 2273
3217 1731
7597 4534
5144 5158
130 3526
7802 4905
2164 9147
1266 6180
3010 5105
5247 8665
8974 5776
4360 6063
237 2221
7412 7935
5695 7127
3038 892
9903 1149
570 9163
4270 7561
5189 8393
5005 1750
347 2141
5321 5328
3084 6756
8813 9448
3601 5854
7662 4160
8450 1590
1715 2309
5991 9901
708 5103
9621 4562
183 976
1279 1900
3852 1008
4913 957
5960 6666
1439 9890
785 3405
8298 3667
8540 9069
9381 7226
5103 4001
6298 6061
4572 2521
6142 7537
2956 2179
3099 8605
5661 723
5467 9869
9143 1305
7285 9934
3168 4052
3074 5758
6648 8437
6805 6848
4269 2633
2989 8139
7477 68
1839 3838
9239 3760
6860 1255
6890 9729
178 4597
1538 5055
6663 8423
7166 8921
4079 1613
4375 4804
114 335
6096 5092
1515 6450
9823 4574
1680 6077
7217 9067
7617 906
8943 6463
9299 1891
9284 6697
3622 7624
5368 4538
5315 1079
5871 5279
7804 755
632 7742
1490 9662
7808 3816
1383 8429
2807 7637
1349 418
658 8593
2752 3958
2964 1076
2767 6456
2794 8326
1853 7975
8916 326
7574 4053
9652 8069
577 3114
973 2092
3758 8563
4561 9185
5916 2441
8219 5225
5324 1329
5174 6350
69 8748
539 3320
2362 1886
9710 7567
5441 4468
8268 2115
9966 1471
8572 8709
3410 9814
5060 1550
4325 7460
5897 8817
6623 6240
7736 4527
8192 1152
9081 2066
2136 787
9508 5689
1689 2490
2998 742
4493 7106
4458 8981
5622 5054
7671 2759
6457 8159
124 4127
6467 7632
5716 9980
7094 7352
1891 4067
10 945
2025 7542
4835 5854
6159 4532
8247 7779
8661 3797
7969 3433
9622 5303
9864 6384
2490 2549
1599 2487
977 4148
9062 9796
4072 9529
2186 5616
396 6447
8607 9829
4998 5068
640 3654
7314 5429
6687 1701
2021 898
542 2863
3142 1623
3527 2289
1772 6791
1953 7558
9924 9777
8084 6178
1055 7110
6103 5397
6675 2592
362 9326
1460 9256
512 712
5373 3021
8311 5829
5995 3797
6620 5223
8177 9597
7495 7534
5205 6379
6624 9281
2791 3369
8208 9758
9739 6999
2009 4442
6504 9346
4447 8914
819 4774
1902 2659
6431 1465
4994 8404
4085 5114
600 6710
4647 7441
514 5812
2159 5522
9092 7542
6052 562
6700 9046
5322 2482
1873 2898
892 7032
5486 512
4616 6994
4939 3771
6363 4077
480 8492
501 1551
5613 5293
4374 1790
8920 3615
7543 3619
2801 4369
767 2520
347 1269
2074 8293
9472 4141
4385 8043
2589 8908
9053 2538
4856 4496
9205 7839
9587 9106
8108 9394
841 7643
995 5411
8755 2432
3629 1011
8993 7030
2300 7959
9140 5554
9394 2861
6923 5248
4399 3844
9636 8542
6763 3332
3058 4563
3797 6010
9044 271
8697 4910
4138 9567
8423 4817
3838 2965
2050 964
2979 230
3827 9608
1768 8620
2319 8610
8104 1188
2986 2893
2826 167
3963 2091
1246 7424
121 3322
7438 3099
6523 6661
8298 9007
8764 565
9619 4211
8058 100
7839 9348
2857 3471
1424 7479
6064 185
6369 3430
6454 3374
7020 7435
154 1983
3172 7596
8059 2144
6604 6372
7559 6681
5572 9607
5941 6877
9665 7936
5443 7930
4268 7165
6140 1932
7040 7255
7574 797
5554 1726
7250 1454
5240 6211
3599 5058
4958 1158
9591 6232
9950 7473
8770 7091
3436 9968
5614 9359
8635 4037
2781 4534
5596 5899
265 9083
693 4307
2217 7149
3732 9547
5695 2626
5533 5794
4764 9907
6482 4339
2085 2749
4860 6807
4693 6390
7775 3521
3199 4521
8852 443
4510 5767
9540 4141
9874 1179
9390 2113
9071 2166
4727 7643
4325 6920
2998 7496
392 2277
244 1686
6403 7309
9025 6812
240 7761
9107 6124
3145 4497
2049 9384
7845 4355
1237 6656
3916 769
2764 9404
5754 8010
4021 2865
1353 5716
2213 6921
5324 9641
7381 2598
6717 4090
5554 1703
2306 4104
7119 2888
7113 9629
6578 9897
7303 5068
978 9715
4138 146
3433 3706
1667 9645
1388 260
6105 7852
5041 5313
4212 3860
5875 6604
2589 9630
4104 2615
7637 5968
4614 3063
4564 425
206 2605
9660 5436
545 1418
322 3762
9644 7759
5375 4359
9109 8773
6108 4148
2412 5205
662 1216
9273 576
5316 1808
339 2230
3968 5922
1031 1621
7633 8069
2523 7300
3513 7057
3204 8472
4938 6406
2610 9946
1465 8231
9181 2792
8768 6310
2072 9080
6533 1891
93 4546
7123 794
7693 8983
7430 6886
9623 4985
657 7495
45 6482
2566 1402
9970 6771
2736 1931
6083 3995
8657 2718
5397 7222
3237 3753
5145 1547
8751 5218
407 6897
8992 1529
2754 8452
2568 7600
5013 6703
4918 2588
8155 6656
9389 536
1301 9508
588 3835
7492 5846
6791 4169
7633 1645
2990 7392
6867 8840
1295 2706
4232 4436
8818 5068
9015 7004
2085 7243
5090 4995
4661 2166
9118 6344
719 3366
6302 8075
7164 2083
9101 552
3403 3089
2555 4462
8600 2539
2916 1757
7234 8120
9532 7590
6412 4276
6053 9562
4917 1236
649 3964
2397 6438
1041 1071
5865 9186
8371 3194
964 3879
3233 8208
4532 3642
2027 2778
1762 49
7439 6011
6240 8969
353 1068
384 8165
2125 1315
972 2644
8113 1455
5014 2123
5246 6877
4176 8568
9592 7890
5899 9848
8342 4068
2511 6448
4592 923
2655 9640
2355 7168
1655 9665
8346 9997
7598 5566
7585 1559
6503 4795
7454 2957
9425 5457
3600 7846
2785 4703
3142 6703
435 5420
4365 4387
246 8030
5572 5407
6787 8008
382 2928
8890 643
2918 9476
8135 8319
2137 4447
3223 544
2498 2929
6263 7688
8936 5939
1235 4240
8991 2676
9292 475
8628 5142
6937 4174
8034 3989
4692 3716
1075 9955
9676 6341
8142 4894
1758 1705
1360 5870
8742 1133
7071 7272
5161 7343
1556 9763
1237 4586
4856 3691
3841 9405
8933 1051
8675 3086
5833 5659
6045 2421
4553 5646
3722 3539
9454 2658
2124 9512
7605 8491
588 239
2299 5041
3246 6622
2486 8109
6934 216
7537 9431
3016 9826
1294 8435
9373 7951
1473 2031
7438 4735
7236 5833
2528 4374
3489 427
1427 3871
8017 3599
9717 8247
2677 3130
5991 9292
3515 8518
3733 3076
4752 5112
1363 2351
2776 1927
1049 3426
639 7627
5695 9037
6356 7920
5405 3841
582 8349
1408 7505
2410 7637
5191 5581
1851 2320
3205 3920
3442 2769
8495 7673
8693 6535
9307 2861
5879 5559
7246 8248
5015 5344
4588 1143
3995 1246
544 9804
2894 3615
4177 395
4576 3362
1584 4656
6049 808
3836 757
7151 7580
1168 3789
7178 8197
8572 4020
7568 1215
6756 105
1352 9294
2352 130
9918 6832
5870 3145
6161 2647
1185 2520
2132 9090
4378 3562
9454 1097
77 7451
160 8243
7957 7159
4220 8667
7957 2871
3896 1011
6020 7550
4829 9489
5518 6651
7410 4483
6706 695
2504 471
3499 4444
1494 6930
1366 8559
9974 2472
1652 1112
1989 5751
1497 1766
329 1662
8660 3148
9299 9310
281 6105
1982 4933
9547 2413
8539 4395
6981 9062
1428 9299
8827 4353
1666 1525
8501 6038
3753 4755
2135 7290
9155 1121
5365 8066
3403 5219
7623 3273
6518 44
5085 5523
2730 4046
4935 1524
606 7298
1473 1745
6874 5260
3442 6156
1274 8839
5874 4515
9605 6067
7222 1762
9080 1372
9876 3394
4999 2290
7886 1014
3345 9990
7663 1584
581 4813
5780 7761
2574 8636
3947 5481
5595 9287
8092 3577
8674 3365
4641 5870
8774 88
1961 45
4242 4247
3738 4849
4741 6790
5156 2829
5083 4350
2856 9599
3512 8898
7396 8099
966 5188
7191 6802
6677 9056
6712 8035
9757 1648
1052 6508
8349 6394
8220 6538
6905 8413
5466 2555
4540 3611
1941 7909
468 4420
7572 7156
3165 9716
7310 5082
4431 8730
9657 2276
3401 2378
1683 663
1291 4171
9006 6217
5042 5555
4749 9041
7357 281
3356 3050
776 8875
8016 5216
2221 8679
9105 1882
8897 9169
1933 1030
4027 1104
5710 6526
9773 3221
36 6441
1356 1511
3757 2826
5180 4906
8162 6460
4309 9593
9690 2852
7469 3544
8555 15
5511 1163
4142 9399
2382 7506
9013 5798
1184 5610
1959 3089
4847 2790
2527 1627
4667 4092
6633 7502
6035 1588
732 2418
9768 7234
8477 9701
3693 5072
726 800
2375 865
5398 6644
7348 2109
8818 139
8964 6903
5178 7906
862 1469
5291 5747
5740 8111
198 4468
4194 6750
3666 6948
3317 5459
3272 2626
3429 7221
91 1129
7809 887
5188 1620
470 8501
5487 9619
3733 7173
270 5858
6073 9856
3428 8100
1240 801
8139 456
4301 170
4727 6440
893 7156
3800 8289
6993 3258
3291 7531
2404 8997
9097 3927
1982 8741
1106 5704
8366 3174
9898 3992
562 4813
6855 2935
6739 9363
7094 4286
6089 2969
9044 1244
1193 4295
9981 7086
2667 1413
8324 2535
2356 3469
6005 6618
2676 4827
3243 4891
7268 1984
9057 5402
141 1643
1994 311
2028 3675
777 7633
8125 587
9337 9664
7753 9620
6954 2611
653 4635
9140 3454
7953 5930
9915 3462
5619 1257
9382 9023
7312 9371
4220 1672
1139 3453
8726 7828
4420 7218
2794 1488
2236 2863
8954 6799
7240 7359
5763 9903
2003 7671
8144 3071
5473 8783
4742 3292
4804 3714
8169 8078
1809 3876
5446 5856
357 5989
9521 8234
1525 9496
7257 1215
9533 9973
7815 7712
7580 1993
1633 4691
5518 3417
246 1537
8856 5550
34 3621
8966 3381
2030 5604
7775 1812
8201 2490
8390 6375
1010 7882
8240 4878
8276 3286
2058 4896
2213 646
8681 2430
6167 887
8620 3507
1759 4280
597 453
6271 4218
2100 295
2766 9278
8950 1644
1287 8878
228 5126
1113 1945
4748 5457
2304 9381
8939 522
6212 6005
8505 7924
7533 5527
8445 2084
8746 8960
3964 7568
5958 162
3740 8641
5224 3180
3023 3083
7950 3679
4848 8010
9601 411
5791 3849
542 8121
5433 5178
4049 3958
3640 3799
6516 950
4891 9797
6436 9274
6693 4589
1005 2436
4729 7063
7826 1301
4115 9846
190 2862
2227 1844
8972 6093
7893 4511
2638 6271
4260 5271
6036 3338
2540 3364
7267 4130
1979 1301
5277 3132
1067 1584
1539 389
5008 4379
719 6345
7395 1994
2565 3805
9986 7637
5596 6139
5957 2595
3207 9812
8365 4883
3876 1212
384 1474
29 3100
3475 845
8463 6115
4569 4699
2315 264
5683 9965
749 5766
2997 1650
8293 8177
4001 6570
317 2234
4899 2112
8949 6022
2534 4667
6806 1129
3612 2298
513 5674
5784 5588
5618 2873
1842 6114
929 5790
2170 4125
8417 8982
7585 5125
1990 2581
2004 5569
8213 6973
1640 6344
2703 3934
433 1112
4411 3802
6850 2641
1932 4300
3596 8996
723 4393
2116 3810
4557 2253
5612 6941
8564 643
6861 7951
3890 4304
9202 6996
7784 7678
7567 5181
1850 3433
5517 3046
9939 6222
4570 9514
9156 8610
5692 728
3161 5762
6841 9734
1576 222
8827 5496
3882 4038
8624 6174
7292 4349
7267 3054
7960 4403
8372 5046
4408 3242
4140 7071
6990 4956
4472 4831
3617 6646
7104 713
4136 1648
9016 8797
4926 9794
777 4362
2333 1336
6534 1677
2128 6613
4521 1621
1706 8562
9493 3654
516 1224
6274 9100
4358 2630
6312 7591
9663 9544
9419 7370
4287 7129
2193 1683
800 4819
7933 5913
1709 4421
3895 2148
3453 1592
4410 4959
8769 9329
1589 1352
2006 6830
2721 2603
1752 1798
4648 7242
6030 4069
3071 1535
7332 7845
6487 756
1877 951
6357 5437
8407 3228
8427 1156
1097 9093
4433 8707
9396 8990
2706 9833
5795 5809
6188 846
9959 5626
8386 5370
2536 7044
3406 4452
1697 4507
3428 9813
2854 8297
5410 5162
8652 4172
9910 8632
9605 4435
4492 9505
5494 5086
7133 4854
6818 6854
3623 6519
4780 3793
663 86
3480 5483
4561 8890
3290 9198
9250 5577
1004 4010
275 2391
7402 1928
8326 6474
1519 3747
8140 914
650 1512
2435 5954
7557 7651
1824 6838
6468 5631
2327 8969
1820 7976
1666 2165
2153 1435
8959 892
3726 8825
4200 5020
7034 2734
2968 1302
9072 2244
5984 2301
1965 2148
5253 1783
2461 4316
2556 7935
2465 5961
7727 4937
8483 3017
2617 619
5080 6285
3097 9852
9676 2480
7672 968
2824 4139
3390 3279
9219 8080
9476 8476
2438 6681
6082 1508
5494 2007
9453 5112
8733 6732
7611 527
5049 3676
1065 5494
677 8834
8506 2539
7112 1722
8425 9657
394 2574
7390 3359
5742 258
7607 2622
6231 4498
375 2593
9075 2149
9741 9904
9115 2971
8455 3944
44 4232
1004 9300
8214 740
2279 3120
1293 5391
1788 7899
5843 2746
1663 1394
5369 9667
9150 5914
7033 7252
359 7100
8413 9723
380 2313
7614 136
2539 7671
2679 5829
1431 3224
7491 9144
1610 8425
7927 7922
7598 9362
5433 8191
972 9981
608 9458
360 4224
8911 9268
6396 2333
5094 6171
9034 5317
3857 8183
9195 956
4037 3343
1230 4958
9626 1571
9351 2549
3239 493
4737 4047
9478 2945
1416 3268
1074 6420
1952 5741
7196 2133
6537 7882
4034 5014
4433 1564
1144 972
8397 5884
9810 307
6486 2294
4726 5973
306 4772
1176 3774
9588 6174
2506 455
9854 779
4168 1102
9823 1758
4969 7423
9865 5435
3451 2759
8877 869
3743 5423
9565 9509
6053 357
8155 5575
6293 6797
3819 365
4056 1740
8355 2647
2815 9796
6861 4603
8105 5181
9223 8830
8321 8897
5021 955
4116 1929
1472 4892
3927 7771
2803 4227
9418 1021
6830 8215
4706 7495
7967 4941
7431 9894
6083 6066
8337 8380
5188 92
3248 8157
2084 6347
589 2273
3128 8644
1581 4147
7016 9824
714 8648
8370 4530
3220 6207
159 4073
1171 7625
2125 6778
9970 157
7403 4108
9981 2128
3043 2513
2172 4109
4413 9849
826 1331
8292 151
4543 1112
9522 8992
2238 2187
4533 6921
3976 5881
2241 5473
9009 9126
2329 9336
5655 2710
47 8411
6209 1724
8143 4573
5395 7239
1647 268
4980 4025
5277 3853
4345 5085
7448 5312
2963 7564
9194 5896
7131 4080
2080 8409
9331 3111
9010 6357
4244 54
7132 7665
4856 4289
9173 3904
1128 8617
4974 8214
4042 898
4273 2664
6037 6344
8932 3065
4941 9507
8610 1816
3466 1460
2395 9725
5934 6251
716 9419
2284 3463
7254 8142
5915 1669
9356 4792
2704 2331
7477 7680
8800 8968
4030 7444
2350 8196
3758 6453
8590 41
4483 8140
4147 3232
9793 4451
137 7734
4075 2158
2559 3337
155 4997
8420 6624
7896 719
885 5838
2412 2500
3644 7029
1586 9500
3373 2535
1637 3725
9542 19
2279 2704
8164 4269
9841 3639
234 6862
3464 2627
7550 615
3612 9811
861 4095
5236 7730
7179 8267
6230 6954
4982 5743
2021 3595
3907 5675
5916 8895
7556 198
5596 417
4104 6267
9692 5412
4805 9038
504 3727
8379 7081
6191 7180
4629 1951
749 38
4805 3860
8085 9578
1515 6543
7493 4994
850 5619
6595 2296
951 3446
3623 8046
2854 7301
7616 8630
7333 6075
4330 3180
9207 3294
3187 5540
2428 7884
9381 259
2535 5515
6064 5374
7255 5504
5149 5057
8359 7776
8642 2164
1880 3368
5817 5982
1072 9116
5869 9649
2366 2407
6074 4409
9659 7288
2329 6493
429 8318
891 3653
4354 2566
1081 1694
356 7154
6586 4160
4538 6502
3788 9531
5736 5244
4013 5702
7498 2497
2045 5925
3779 7812
1763 655
4852 2490
3875 5612
3354 5386
2195 2922
5274 7827
3616 4943
1198 2091
3822 4411
2925 3599
5540 2578
2628 3163
9383 7258
2614 2307
9833 4335
4036 9888
3643 7067
7856 6189
8907 7478
3671 3738
7014 1481
54 1262
86 206
2408 8947
654 8382
7340 2153
1569 4946
2572 8521
7163 8735
4011 1054
1381 7835
4249 6198
497 3763
8164 3840
6060 2887
5474 9866
7628 3646
364 1334
7288 4660
2596 4527
5688 4719
1193 2884
7665 3161
1824 6594
3129 6642
8369 426
119 2400
2573 2388
5439 2764
1367 9610
3232 6101
2066 663
1493 4915
8582 6994
8556 4768
2272 9351
5631 7994
6836 9341
4979 1043
9961 1911
5673 6111
4840 4302
9255 1788
2240 1356
1897 1992
7743 2538
5925 4881
1587 9238
8929 9950
2068 9049
62 4279
1112 9698
314 3812
1361 9188
1581 1330
4695 834
8718 1056
6309 6533
6171 5337
9866 8791
5602 2185
9934 7376
2430 614
3492 8848
29 74
4825 2001
7303 4791
1778 9430
7690 8503
3388 9735
3436 3237
9914 1123
9107 2387
9758 3845
5507 3732
5951 7544
3187 1472
1702 8067
1065 5582
6514 1326
4604 3802
7588 7858
7352 5859
1490 1516
5192 796
8022 7479
1020 3357
2959 3711
7527 3036
6523 7430
8831 7378
6887 2370
2331 4995
8081 3258
3483 6827
8877 3551
3170 2023
9676 1523
9056 143
4448 5629
8333 1870
8228 7429
2950 6186
9271 3933
3943 163
7811 8379
4755 2420
9818 2724
7196 9013
1557 8634
5022 7562
9425 526
4525 3288
892 4022
7354 6881
1278 294
9378 4339
3724 8849
6847 6370
6781 3034
6912 1341
7531 2484
4283 7463
9183 6194
3843 4191
7027 4550
3577 413
5379 3754
4306 799
4590 4370
8658 1899
791 1254
4597 2638
7028 5893
7449 2168
9943 9380
8284 2775
8071 9957
3982 253
2968 665
9681 4955
1474 5976
6391 8596
9356 470
42 3284
7101 9436
5275 1714
2243 4264
8757 8267
8660 5349
7675 9582
3990 1215
99 541
1257 58
6020 462
6655 1072
8587 9795
9110 2427
5945 1830
1494 1239
6569 3690
526 5698
4904 5850
3734 6947
5358 1165
2119 7314
4186 1021
8030 9772
3734 4267
6774 9209
905 1669
7151 4583
5359 4973
3032 3565
9300 46
3807 5152
7376 676
8926 7050
5657 7582
6941 6703
6726 7632
1599 2709
6964 8862
2900 2419
8857 2036
1231 4614
6541 9791
3252 9497
251 629
8947 8693
9939 4263
913 3093
3852 8094
9675 5498
6688 8465
2526 9351
93 6209
7953 1318
7463 2641
8909 4252
2142 9121
4570 9840
4375 7656
6480 35
4655 6899
7397 1477
9519 151
5091 6125
7869 3126
5727 2323
1524 1851
190 7435
1216 6560
3603 198
5285 4639
6305 228
3694 4284
8202 5520
2275 6632
2765 8874
864 430
4571 3621
7694 8989
9315 3349
7613 9331
734 1041
7349 9112
3341 252
3686 4100
764 4197
6203 8943
1379 1637
318 9387
4286 3338
2771 756
537 2037
9406 263
5317 1793
9732 1254
7478 4725
5851 2515
461 7922
2715 9427
521 5531
6753 4195
9856 9960
5152 1252
4775 1556
4480 6918
2475 9706
8311 4290
3665 7926
6018 3846
3665 4849
2750 5646
4104 7254
7851 876
7590 4382
1716 526
6585 8541
2104 3365
4250 8418
6003 5480
8638 9892
9007 2159
2274 4858
2884 1639
4895 8337
8702 9409
5736 4271
9693 9556
720 5067
5656 8577
2438 7239
8032 1859
7843 7781
9747 5483
7280 5266
8274 8004
3842 6227
6750 5386
8771 8301
8079 9420
6406 3311
2656 2748
4647 301
7439 633
2629 8706
3713 8017
4508 2881
784 2098
6536 347
7253 4857
4102 2444
2811 2028
1987 888
9427 5852
1837 2757
8509 7188
9935 2952
8061 2225
4980 2370
8638 9873
8067 2823
9348 647
3427 2544
7271 2747
8752 7532
8829 7430
3326 3155
9602 7540
2462 7902
4376 895
5217 2705
9051 7154
7842 3470
4253 6633
5748 457
5877 4563
20 9699
7040 7182
1540 6594
9373 7455
9404 5711
8154 5892
2335 1445
8890 7881
6895 5029
3422 479
3954 4903
7043 5822
6800 824
2971 4387
5336 9344
5098 9863
5282 5428
2200 2411
9367 7811
9462 3071
7718 9916
3965 2101
5691 4596
6141 8509
1996 2195
6339 9873
3262 5146
9262 9608
2825 7786
5857 6821
2627 5341
7616 498
2468 2076
4528 9391
3584 9560
9480 8621
9182 7994
4122 2448
6556 6282
6706 3355
4560 6694
9197 4024
3687 313
6449 224
5289 5511
7210 7863
7948 4689
3800 7076
6522 354
8316 3356
5503 5787
1522 88
5037 7103
2124 2086
8754 5922
148 658
2003 2109
8428 3300
1597 5579
9752 6138
2210 6671
2101 8628
2404 248
8484 193
5782 324
6063 4238
3092 7716
9823 9666
2784 6177
15 673
5285 2031
5249 8959
3098 5848
8654 6913
5776 7544
5645 7205
6011 6071
766 9595
1544 72
461 2946
6198 6718
4292 4853
2336 374
3330 8218
3872 3506
1968 829
8949 1651
2337 6486
5073 6848
679 7675
256 1947
945 5824
6291 2692
9553 9502
1550 3395
6561 9448
1458 5688
697 7725
7934 3561
1423 7480
8607 1367
442 6084
172 7057
1269 7486
3981 3561
2257 236
4155 4343
9361 8269
2347 8533
629 2941
3333 3392
2528 4309
696 493
1062 3683
2432 3916
1449 6489
194 4549
4886 9664
8834 4605
3035 2568
7027 6056
2756 5052
7840 3162
4871 5086
3530 2187
374 1654
8098 9318
5722 4891
2299 6611
3927 5810
3932 8894
9212 1610
3867 6585
8411 3995
4619 4547
2255 6383
4194 9811
7884 5911
503 5162
8133 3416
685 5162
2042 2939
6424 9102
6786 5665
7586 9130
2980 9324
3021 7127
926 5443
723 8819
5132 3200
1169 4758
4626 8714
8087 3736
4975 7631
5269 6842
4166 7033
2545 5215
2870 8675
5043 8280
8387 5114
33 8779
5924 500
5595 2852
6619 7847
4395 6420
9847 5699
6596 226
466 9238
3713 3835
6467 6722
1686 8402
9996 8290
9677 9892
202 2545
8722 2117
6056 7564
4722 9789
4370 1097
336 6310
7704 3524
6718 7369
709 4666
3588 1832
9792 2182
318 187
2918 5345
610 6288
6327 3833
3677 7004
8216 78
598 8740
2788 5192
9270 9313
8869 7699
6870 6554
9061 8815
4860 3978
2942 6625
2761 3396
5223 75
7461 7447
696 3549
6905 6605
2062 2299
4550 8144
975 7157
5215 2252
7434 5341
5540 2672
2908 5102
7882 1706
9889 2350
6255 1317
3515 8283
8237 732
5810 9058
4647 8595
1312 2767
9287 361
4061 4279
1525 4725
4022 8794
1562 7857
154 7778
5638 1408
9272 5688
8354 9838
6503 8406
2029 5307
4613 7546
5325 4435
3421 3895
9350 2697
9561 310
3813 5109
6983 5236
6245 3823
7689 6746
3226 8762
8957 304
100 7326
930 432
2623 5951
2925 5405
614 7309
3120 5037
4641 8263
7782 7419
3384 1038
6833 2925
8359 816
4149 8857
119 2667
1405 9732
8574 1024
3132 8001
8086 4021
4837 1668
4601 9342
8957 7317
8280 1330
9943 7586
9211 754
5029 4767
1031 8192
1697 7844
3083 4481
8159 8568
7523 8160
9540 5646
8657 9846
1926 8640
3049 3841
9836 1093
9695 6122
442 9982
3423 9477
2252 9727
3319 7050
5119 7043
1882 4577
2196 91
5427 2255
1657 6369
2537 88
5740 521
7398 7914
44 5314
4880 3170
2363 3441
411 1355
3367 2131
4174 5484
3870 2064
1067 1145
2541 5115
8057 2530
2628 3972
8886 545
4576 9572
225 3633
5738 3688
1960 3572
5960 9043
9402 1832
9561 5578
3524 6127
2238 7486
1909 4148
9671 2661
4107 1151
6263 3532
6021 3173
3818 2439
8902 7782
7272 3440
9228 3432
1104 9501
6309 882
2043 5764
996 368
6315 2910
5121 5401
2872 4984
9190 7001
3506 6063
6108 4912
4299 604
534 61
8002 705
6506 8264
3199 7358
4593 2971
3852 2728
7927 8691
7839 2354
3875 8371
9263 8223
3429 9208
5778 8814
1838 6266
9432 7122
2645 3206
9269 4210
1383 3230
3142 3105
9935 9718
192 749
5026 5623
3129 3142
2270 6800
1125 674
9399 9944
2154 4578
2911 9568
8649 7005
4946 3547
811 5484
7104 801
7804 5014
860 4842
6752 3689
1115 3567
8313 5252
3082 5925
7710 1224
4985 4226
3247 2449
1820 6148
9882 8331
8109 5323
2263 7233
6729 8928
8477 1083
8218 296
8291 1807
5422 941
3934 7786
7921 5264
2512 2430
4360 6857
983 705
3293 9621
382 2096
5848 1440
5272 7913
2471 6853
5696 6834
1371 5124
3993 9439
7474 3299
775 3087
4066 3222
3299 4907
3573 9949
8529 3174
637 243
587 2421
6781 7015
3875 7558
5705 7215
9850 6588
2325 7078
2217 9326
1099 871
7570 2177
3167 4695
6711 5437
1077 8266
2073 5343
4342 8584
2710 5169
1460 1527
5016 3585
8194 8467
8195 6649
6198 3726
8456 9294
4382 7548
412 6789
8632 6987
5097 9474
1620 3322
3804 5366
4412 8193
8394 985
7043 7843
2589 1813
5340 18
5841 8044
3366 4446
9227 2265
8432 4411
9588 6346
7663 8500
8734 5650
6751 4283
9127 5747
5135 8113
3109 699
1729 3054
3289 2946
6597 853
4365 1961
9169 4169
4349 5776
3148 3727
6420 5841
4096 872
5459 6285
4824 4559
5603 7101
4741 9163
1042 4669
9665 5430
8594 8777
8507 1630
2863 3758
1874 4855
594 7763
267 9548
5984 7487
6104 2365
5414 690
1475 6042
8133 5231
1808 153
9172 5369
8672 9455
93 5566
5816 1314
6868 9745
9064 5399
1457 9055
2734 4631
3158 9820
782 3721
3270 9045
5181 7855
2983 9099
8174 1181
7058 8241
8410 4753
3757 6132
1643 2321
2597 1185
5326 3104
6518 4753
4386 2275
4755 4677
4879 9888
9935 5835
2303 7068
8109 7055
5401 815
7814 4048
7506 8554
5685 4579
9287 9362
5266 3630
9629 9668
9484 9728
2516 5810
5849 5524
6824 3098
5076 9034
6071 312
5838 118
5302 7514
7896 3138
