2501
50
6268342
41 54 44 51 54 60 46 46 54 52 59 43 55 45 45 53 52 46 49 46 56 54 40 52 57 49 52 54 52 54 42 51 60 47 56 40 42 56 50 44 47 58 55 41 56 54 41 47 44 55 
-75698 -95922 -79121 -86640 -80441 -110131 -81820 -78208 -87923 -80761 -113104 -69284 -90216 -92168 -86405 -95215 -92944 -79769 -95765 -74793 -102007 -106795 -69661 -88700 -100964 -95439 -80432 -96476 -85214 -98367 -68276 -86447 -101412 -83536 -94390 -82657 -68439 -89244 -99943 -76277 -73436 -92246 -99912 -71441 -91212 -90082 -61840 -70384 -75024 -96386 
72273 83526 70758 78126 82084 96327 75084 78985 84912 76337 96298 68527 84133 82198 73471 90032 77266 74133 84804 82637 85087 77546 62479 70247 91628 74132 78188 89496 71161 78150 71677 85332 82760 89818 76291 54102 67061 86619 73409 76150 69158 90467 77811 69457 82767 76203 78145 78240 70907 82631 
7871 4886
528 4454
8721 1722
969 1500
9300 3275
2229 4273
8356 8811
3285 2560
7164 9254
6389 7229
5927 4410
4456 2620
2466 7570
6213 3725
898 9591
8188 6749
3376 2950
2745 5668
8723 9586
8377 8887
9012 6983
8995 4300
1581 8784
290 718
3388 3433
7871 2945
5068 6835
3475 5501
5482 6400
4735 4312
2620 5024
5848 8840
8026 6666
8620 8274
3080 443
5412 9327
8534 3340
5668 8371
9457 3120
2012 8876
5229 7622
7353 8315
377 9996
8793 9724
9708 7972
1705 2253
8636 1164
6159 6561
6739 1405
7877 1507
7180 2824
9368 9126
8506 3494
1183 192
5309 559
3737 9679
294 6778
7215 9265
2786 5977
6973 3577
5477 5804
3169 8265
3012 1286
2189 2992
7557 4173
8877 113
7994 2307
6137 6884
8171 5861
998 1860
7531 7999
5682 4094
4522 1417
9011 8144
1547 4381
8726 7989
1938 3884
4076 5695
4070 5781
9374 2248
3915 5674
3352 2857
6570 8819
2495 3380
3345 4580
5996 7764
2456 3149
5046 7389
5926 1000
3398 1319
33 6970
7074 1186
654 8763
2319 3312
6983 7912
7256 6328
1705 4782
5502 7997
7103 3464
4010 1622
859 3602
2549 8689
5469 7886
1230 9722
2052 2323
2589 3467
7001 6090
7706 6185
1298 2579
1903 6683
9226 8280
2164 6018
6603 488
5812 4414
9715 1392
4617 22
4420 8283
6140 8493
3300 2420
5308 6428
7103 7136
9354 4268
6750 5616
5259 7833
4326 7762
7302 7913
8423 6297
4126 2948
9478 2736
8273 9589
8017 7240
776 2339
7278 1360
640 484
3018 5275
7623 9360
3990 4502
9867 1735
3420 2966
2676 8019
8427 8988
3932 5096
7247 7053
8152 9725
3534 2292
5532 1898
4684 2909
8929 8263
8122 7090
4043 982
3652 756
6538 8360
5918 2772
1240 2732
8469 4146
4578 9898
7330 6218
1677 6859
9733 4066
4501 6401
5658 6877
1562 4236
5897 8440
4394 183
9873 4791
3084 1706
8019 702
3194 6285
3335 757
7322 2989
5323 4717
887 2521
4418 1758
2819 3764
5154 8229
3201 866
422 9027
3259 550
1680 1711
4009 4692
2267 6190
6560 6439
4105 8457
5711 3545
9933 8548
8840 3191
6031 2515
343 5123
2206 7470
4050 7646
5699 8271
3899 1429
1554 2017
5342 3912
1338 8573
3195 2614
3241 2019
5757 5569
4887 3762
1238 5788
2741 3162
9542 853
7926 1575
2943 2076
5046 4390
4181 2375
8762 7262
8726 6059
2380 3787
830 9958
7209 6109
297 6174
1787 2325
5416 8747
2934 7626
229 4391
9037 3139
8852 7856
238 4702
9433 293
73 7135
4195 6151
8145 9359
2497 568
4046 8724
6665 935
7092 139
123 7059
7060 3973
7113 5277
6758 7715
3757 2945
4089 8344
5700 8458
4146 170
1978 9009
8490 484
5420 6974
4893 362
464 5459
183 1230
3604 9184
1302 9440
1954 5127
1017 2428
2131 5977
2279 4803
8022 2854
9676 6653
4012 4100
2772 1272
2990 8076
7457 5058
4423 1411
8383 5958
2494 2044
9064 5957
5124 9527
7779 5015
1229 3878
3653 8011
949 6947
7315 6956
8148 9093
9124 3452
2258 3669
5849 1875
9414 9524
9351 4201
1485 573
1819 8435
7245 9631
6162 5434
5780 8866
2812 5396
8921 974
814 7326
6895 6079
4754 1869
1935 8292
3205 1689
6607 8639
8801 3422
8344 2490
6126 7521
1137 9560
7018 252
9099 3282
2468 2414
7291 8109
4584 7412
9950 1170
3264 8887
6227 11
1531 9553
7107 6774
6967 869
9460 1406
1323 4699
8283 7263
5053 3393
2034 3576
3150 9531
8357 2792
725 2557
9571 3460
4276 7518
3193 4063
1696 1937
1776 5514
8268 5984
2274 6168
2824 9969
7170 2045
9613 5142
5937 7290
1208 5799
154 7233
8215 475
4534 5002
1983 4266
9553 127
762 6096
7582 2312
7367 9101
6588 8277
7502 7686
2855 5892
6482 4298
7339 765
7801 1298
909 9299
8164 874
2914 2731
5844 9401
666 9375
2943 5594
9760 4446
8285 9933
8805 2032
6731 9326
9487 7811
5891 4245
7101 5832
4865 2732
233 3492
9782 8393
5495 2350
530 8021
2772 2611
9798 6558
1024 6698
2378 3763
795 807
3232 7726
6855 1288
4146 3619
1061 4232
2742 4146
9626 1437
3853 7940
6744 8395
8172 492
6767 114
1494 6777
6359 7597
4618 6411
5894 8961
6170 7959
1120 8939
7424 9979
4053 5313
6491 8630
1016 6788
8055 9424
6410 9942
7586 8755
5408 1731
6439 8614
5542 6700
5371 4209
5211 9351
952 3850
356 3879
6843 4555
7728 6756
9738 6349
4535 1516
8313 3459
2377 1598
7428 121
892 5367
5260 8852
1784 2897
7339 6045
2501 2639
6172 5873
2441 1982
4037 7661
9053 398
6294 9198
6344 207
6342 2062
2390 3342
1695 4460
7562 5753
3436 2260
1908 5542
2145 4276
969 7887
5607 2241
6716 8263
992 5135
4936 247
7703 2245
8718 3459
7481 9866
3588 8601
3886 7539
8795 6388
4864 2070
7476 4794
6455 1108
1272 1657
3076 3951
636 1949
9804 8819
9695 1786
8256 8678
5160 6468
7935 7590
6480 7240
1929 9224
766 3627
4483 6804
1684 7342
1602 6052
9846 4011
3885 5097
2797 149
9693 8520
3789 389
762 9910
682 9448
3376 3024
6112 2910
3864 7820
6113 228
3477 4932
1029 9545
1888 306
3199 9203
8585 2338
1243 1572
8668 443
3848 1093
362 3784
1646 4829
9369 9643
7237 6951
2722 6746
881 5580
7370 6358
2310 200
3547 5758
4163 5344
1032 6464
6365 5971
2709 6095
3335 1784
6639 8493
1539 8040
6695 3187
3490 2665
2544 6899
5213 3525
6682 9716
2118 6772
981 8184
3752 3935
4055 1553
2957 3646
9396 8752
6840 6227
6699 2973
6203 3392
6561 1031
9414 8814
5203 4546
3805 981
2869 9644
6446 3081
612 7341
5852 1525
305 1510
3575 3038
8102 8284
3580 6887
1978 2310
4297 398
7811 738
8647 4208
1233 2533
8051 9210
9969 6440
250 9346
6815 9550
2292 3987
9544 5199
6879 6807
3883 1561
1406 1617
1238 7700
8369 5276
7852 2382
8146 1253
2162 2465
7039 2791
7076 6471
4509 7706
4454 2150
9900 9814
8810 275
523 5213
7987 4803
5713 7707
9876 1245
4484 7145
9559 9803
2831 1182
9815 6509
4985 8807
3470 2659
3875 2022
1589 2836
1928 8719
7497 8782
8458 3957
2737 7652
1747 7400
8246 6329
9491 3110
8460 8004
7628 706
5046 3478
9042 5163
6297 7110
6387 2259
2768 5207
3097 6140
4245 2653
2615 6888
6717 8577
3168 7343
9250 9869
3709 1574
8008 630
5116 7505
6709 3429
1962 7453
4672 1835
234 9878
4296 9217
5689 8128
7003 3449
1910 6765
6127 6284
3029 6313
4193 9671
5473 3546
6524 8537
9458 332
4487 5055
8441 5368
7738 2853
4029 7567
6182 2646
3124 7167
9704 4959
9643 5284
570 630
2841 1859
2190 6188
1237 434
4276 680
3499 4269
4961 4229
2057 8426
1930 3945
1496 4992
6574 5120
74 8576
5879 7336
7341 5494
7581 2910
699 918
5263 3947
3623 1001
922 1137
7421 7867
4140 7122
5155 6147
9737 5464
5143 6211
8544 8160
2746 6334
9214 2587
8371 1635
1772 3654
4521 6578
7799 5634
2424 9013
1718 3729
4065 6269
536 4386
147 6119
7209 3202
2297 2010
7801 2715
4239 4938
4016 5305
3610 6022
9109 7433
1070 1474
571 9717
2332 4827
599 3178
119 311
5211 8878
4729 3169
3601 3768
3324 6121
8321 6791
7172 4582
2666 6339
4041 4472
989 3685
8559 3786
5510 4631
8525 3192
5650 6355
6892 8608
8777 4877
7937 9113
718 4426
5241 7944
9329 5706
8472 7313
9820 699
4068 1902
4657 9444
721 5558
126 3067
2599 8275
6768 88
4838 4748
8875 257
8335 1861
1591 2665
5611 4555
1189 4258
1559 3220
8905 5529
8495 6858
9527 4433
8809 7908
7157 1317
8251 5377
4681 9004
8232 6784
9417 7015
8840 9199
1522 2962
4894 8548
6517 187
9564 1895
9153 8228
1933 7259
643 1838
7752 8434
750 7199
8456 8204
4185 8257
7975 7918
9143 8219
197 546
3290 55
8203 3443
7972 8934
3537 7690
8606 2094
6279 7065
8560 4016
8257 7966
2753 4974
567 9405
7341 6592
4058 6680
5777 7160
8254 7499
9581 8916
3811 4578
7112 7686
1262 1492
8077 6786
9859 7757
3626 8266
3828 7241
4879 819
6595 3966
1392 3117
1706 823
5183 7335
7984 6900
1694 2786
5327 8246
1843 6104
3761 2222
3361 565
8202 7350
874 5986
7724 9417
377 8434
9139 3986
6633 3438
1919 1633
2230 683
6665 3549
9781 4707
8581 2332
6744 9358
2395 3774
8014 7477
6178 9896
9350 7472
945 6055
6975 680
8870 3157
4757 2240
7839 9842
7159 7801
9307 1867
8155 9972
5768 233
9706 4666
2096 9814
8409 3219
7202 9198
676 2475
4749 9008
6018 8594
7596 1682
5461 3536
4689 1385
8879 8666
8970 1490
1947 7186
5821 1340
1164 1785
9286 2684
7217 8815
5442 3889
6151 328
4857 7834
2413 3869
6237 6132
3939 6171
464 6360
6256 9417
3762 7339
3312 6927
537 486
8018 2493
6515 9989
285 9425
3922 4217
9830 8575
3834 14
7373 9732
8762 2524
5508 5077
114 7873
1355 4588
3588 6015
5210 5716
7130 9591
1240 8824
6868 5998
4670 3660
7861 7554
9226 1367
4795 8034
4264 3897
8075 938
4293 3383
4109 8311
7843 5530
8282 7918
2856 6664
6250 200
776 8225
9439 5054
9782 6833
9944 4336
8892 1132
299 9291
5301 4261
4933 5467
5348 5503
3957 1831
2929 7627
6634 6422
3747 3137
5866 1139
1383 2012
283 1310
2095 4683
4322 3384
2291 6664
9208 9785
3131 8769
6000 6013
3629 5679
5504 5154
7852 9864
1664 4198
1639 723
9174 916
3489 221
8337 7104
6579 8027
8203 249
7682 1163
7652 6015
6618 2838
4394 8965
8607 5934
791 808
9840 5881
1005 3704
3853 2293
7493 3323
7506 3388
4046 5170
3096 6757
7046 2025
4827 8134
9117 5294
3181 6184
3389 6347
9755 1351
967 3272
2566 9792
4994 5339
8870 9916
2660 9175
1576 1807
5041 8814
8624 6910
4480 7558
5815 7339
2636 2431
6008 3005
7465 9365
9203 8525
1333 7471
5714 9692
1490 2798
9575 4613
453 5627
4314 9311
4958 7023
1565 5896
5447 6236
6591 526
7606 1127
4266 2409
5474 3772
203 8878
6675 770
4626 2742
5110 7618
6887 3217
3914 557
61 8768
5908 3330
9398 675
6717 3659
5517 2575
940 1015
307 761
2570 5450
8073 7869
9710 2245
5730 7496
9733 3150
8909 2894
1353 6353
1721 9990
7222 4391
5466 6665
1082 7368
8519 9366
2407 3114
8716 7349
8809 6555
627 9380
6470 9782
9015 5369
7987 1606
313 8818
9780 4869
6909 1398
2094 4074
1400 198
7103 1597
2609 3010
8165 1076
4191 8314
6410 2018
508 4721
6384 5712
6131 4907
4103 1991
9500 5258
9009 919
5755 8829
9135 8287
7097 821
6749 6693
9037 7165
8789 7716
6386 4561
4931 7837
503 9881
9952 7014
3950 3002
5284 1951
5426 3124
8861 8792
5995 9958
9208 4140
5538 6937
5806 9839
2967 9092
769 6427
7413 6069
3970 1709
1832 4404
3204 5257
3622 4866
9976 4473
1435 9566
9694 1539
4051 6233
6056 6059
1217 7892
7807 3384
7626 1110
3335 9319
679 9076
7460 1093
3684 9082
8029 6239
117 1380
9315 9465
4599 7352
852 5995
945 8826
463 4833
6379 7536
2655 7959
8075 9428
652 3313
9050 4712
8331 7719
7939 259
3008 4089
4414 7570
317 1647
184 3159
5513 9618
538 3546
2377 6849
6041 306
3164 8898
8081 182
4360 9392
8232 3407
4813 1154
6725 8860
7653 7697
4678 7911
7536 5344
3065 9198
2998 5250
9687 7120
6653 5757
7285 6056
3878 3517
9874 3274
9281 2389
551 5677
633 260
8254 7056
8402 7678
1794 807
4477 8174
7882 6150
9764 3410
9810 5973
7809 7858
7321 9990
4314 5969
116 1064
3917 1426
5713 3721
8943 120
8931 3253
9678 6403
191 6633
1500 6153
4387 5150
5343 1221
1908 5888
1588 5475
1683 2956
67 3528
3220 6495
573 7796
8789 755
1395 2010
9028 6466
8028 4054
9821 2502
8553 9282
6601 4131
663 4293
6710 3628
3774 8440
3784 9305
7152 5765
6808 2396
3013 3641
5371 2211
9141 7428
1841 2957
6094 9613
3298 7250
124 1986
8837 2822
5766 544
9874 1619
9646 5180
426 2524
5666 3233
8693 9759
6520 8280
4685 2233
8014 7176
1515 9818
9878 3899
5626 4368
7168 7103
5704 2851
3706 3219
854 4803
3483 4111
9200 1406
7223 8855
5185 6514
1409 6168
1727 3049
9187 481
2546 7438
7882 1672
5837 4572
9867 1237
2141 9301
7343 6214
3208 3809
5882 3064
7653 9155
7439 353
3914 4862
5976 3806
7676 5339
3447 3788
8944 5733
7056 2539
2492 4525
8788 6264
6264 2717
4605 9286
7794 4153
7264 8215
300 5687
8546 1968
4555 3057
1907 3691
5651 2713
7051 4951
7910 1814
6220 4933
3887 2552
5139 3608
7886 4459
9057 5004
4746 5339
1900 817
4417 9954
9036 336
2669 1430
8316 9128
2377 5500
5601 4989
6056 8288
3941 2537
3151 2691
266 2864
4552 9037
6931 7349
3637 5304
4897 2087
4852 231
7524 1887
3814 6297
3464 7955
3857 9193
3511 6643
6132 5671
4220 6496
7901 4645
7261 8603
7895 6058
940 2505
6777 4966
8403 4400
230 8013
8108 4529
4669 1135
2178 6604
2134 4471
8679 414
5868 7253
1040 8332
430 5800
2401 7528
9461 4992
1416 107
522 9738
3498 185
7985 823
3194 6067
6778 3446
8986 1092
9596 8598
3780 263
3088 6215
159 6198
3286 3175
75 1030
2746 9091
6361 5298
2415 4969
7779 2362
7621 1026
808 3088
6084 1671
3522 8738
3069 377
9958 4076
5522 2604
9380 9657
8308 7624
7880 2954
319 290
5791 7619
2606 2015
9484 6361
6496 3221
4404 6283
7260 1188
3185 7677
3282 9454
8328 4105
7350 1804
5331 3675
9889 1073
6880 3031
4655 8258
6176 7764
6454 268
2433 7307
3826 426
110 3149
7066 1300
2832 190
4003 1785
6816 1338
7783 5369
1941 6932
1897 2102
7717 8877
468 5725
8454 9878
8323 8219
4971 5850
750 1776
2121 6438
7301 1343
5789 8206
5592 9612
7673 4025
6820 9853
8784 4646
8241 6467
8736 7378
4209 4775
4335 6048
2547 8170
4718 3781
6734 7935
7875 7369
6248 1147
4951 1505
9314 7182
415 8353
304 4506
9587 523
9390 998
6373 121
1270 3404
4019 5843
4680 9725
8488 3330
72 8606
2681 2337
624 702
2712 5737
8181 232
1862 9909
1859 5941
2160 4084
8196 5736
5635 9139
8287 7896
4663 1753
9024 845
9438 2205
4997 8029
3077 1469
3243 9683
5028 6356
6105 5417
4480 8679
9801 7968
8430 6671
8866 9293
5904 9399
6021 1252
2910 2580
2692 6782
7064 2352
5382 183
7640 2072
4538 3563
9503 5013
7105 3237
8496 6920
7188 2676
6756 7770
5109 2984
8387 8158
8634 6364
8627 7189
4532 8566
9386 1779
5974 7429
986 1637
2008 8609
9664 6604
2963 1279
7354 1431
5966 1443
4358 3513
4452 5593
9077 3558
937 9531
8138 8008
3161 3890
4966 2689
3307 8982
3923 4514
1077 5320
6644 7281
938 1498
2362 1809
7350 4433
2217 632
6101 999
4021 22
6609 8175
5738 6007
4381 9662
2768 1939
6552 7328
2049 3774
4006 5953
2575 4669
7614 7438
6454 33
6410 4525
2370 3010
1656 5669
4228 7100
3269 5827
9118 9192
4581 6678
858 677
1645 7127
188 1108
3167 4286
3155 6688
9480 6828
4921 4073
1584 4354
4523 6292
2453 1549
3838 8974
557 1393
8118 6096
6283 7083
125 4242
80 1770
8764 830
4686 7295
2653 2348
4682 2996
8219 2769
3088 2087
6312 6135
7483 6703
8002 5672
4439 7934
5419 1697
1804 3730
8358 1089
1027 2107
2386 1402
9783 9190
7054 7218
8847 3137
6401 3522
228 9438
4328 9252
998 7890
7502 9403
8451 8945
2510 8023
1777 5202
101 6424
3914 1309
1626 5239
4112 5934
1412 6269
2711 6347
4463 3039
3063 1802
8209 3936
8220 4781
9608 6731
1389 9968
6952 2165
4087 7287
8700 7124
1750 857
5524 1525
9286 9220
8247 9721
7809 9385
8942 3366
5212 5544
9815 2204
9650 5925
1916 7048
8752 5099
2195 6661
8284 2692
4216 1557
2087 2085
1961 4398
1721 3222
4354 4031
8951 5895
5873 6638
2275 8011
4820 3642
9231 112
4075 3233
7219 4950
5285 9361
7822 4201
7975 4189
3916 6588
7082 2940
7066 1184
138 5004
3549 7045
9794 587
2062 1156
6706 5375
2471 7012
7265 4606
6942 6247
8721 5789
8466 1417
938 4550
306 2973
171 9018
268 2217
3208 1265
1221 1006
40 1543
632 993
5789 8892
9377 9836
2403 3743
4338 2682
9914 7051
3575 970
2991 7127
342 9580
8426 4690
7139 2753
7200 4870
532 9147
4975 6570
9195 565
5695 1002
2496 2881
6585 6701
8693 1059
2577 3246
3027 6969
1979 5638
5858 4214
8870 616
4090 5540
713 6210
4372 50
7435 1022
7715 9736
9374 6954
4466 3679
6286 2589
9861 3636
400 2703
4113 5732
7714 8403
588 3487
7337 4513
2583 1764
536 1216
9531 7964
3559 8125
6977 5750
5458 1139
5184 1126
3114 9786
8052 1415
1241 7097
7778 2821
1582 3599
8827 8709
6319 8460
9143 8603
2360 5282
8317 2992
7504 7150
3450 3822
7887 9025
5712 3797
1334 1207
2668 9527
4295 5502
7251 4438
6863 2995
7582 7975
5924 5781
7837 4353
7295 5248
3303 5668
5059 4304
8923 2398
6108 732
7969 4091
761 3105
8550 3902
7884 6541
3685 3798
9035 7311
1030 945
2302 3866
6202 2740
5454 8669
1800 4419
2118 6524
5684 1568
2939 3515
2692 2977
8467 5005
6938 2784
3107 2184
3133 295
1225 6328
919 7495
3237 6286
3222 1786
718 6208
2306 4577
6093 2670
8041 9405
4099 4257
689 3970
950 3445
3941 7629
2278 3171
6986 5012
5830 154
2247 6667
1078 4512
8570 8866
1446 3435
9746 5413
9842 6796
9849 8131
8351 7997
4382 8252
1458 4261
1912 5806
7613 5579
3584 8807
2387 3412
8944 593
3468 8912
7301 9958
8652 451
4313 8644
4550 9819
9506 2515
6498 3954
6077 879
321 5576
6486 7295
8714 1194
1128 7823
7461 9008
4274 7914
5926 4323
9279 3104
9728 6777
3126 9009
3339 6202
4576 8116
6675 6910
5135 823
7147 4948
4614 362
8485 3742
4966 8232
3415 3371
8961 1874
3253 9467
793 4277
7340 7461
4375 6526
3431 5757
1774 2095
7625 920
4090 7788
1969 8553
488 1772
7083 9792
3384 9495
2181 2694
5661 3617
9607 1622
929 6961
8152 4927
8574 6492
9522 1580
8104 7036
3380 3350
7337 99
3145 2829
1850 411
1290 1569
4456 4471
1902 1855
734 9018
1958 9937
4089 9516
3425 6216
4958 5646
8580 8593
6182 9284
3180 5022
7422 2644
2568 1914
330 4819
5705 6585
2472 4931
2226 7381
5605 3887
349 9340
2208 2475
4292 7289
9125 3991
4044 5724
660 6328
4892 7733
7898 6093
6647 3462
9146 2110
4520 3537
6393 8629
9610 1672
4622 8264
9462 4491
5398 2552
6697 1593
8243 1134
2338 393
198 6076
7501 1527
757 4578
610 5692
3867 690
5122 7677
2614 9475
676 4938
9005 3986
5872 724
513 4739
1088 8871
3424 6108
8350 4887
7624 3376
2778 8685
7163 5305
3741 1024
6709 5371
5678 5965
8680 5189
548 1180
6070 3644
7951 6903
2569 2643
8803 7468
7083 2964
1477 861
4469 481
3576 1979
8055 147
9993 281
525 1581
9554 9196
8864 8052
3506 1841
4508 9853
8240 4650
6747 5916
5849 7850
3348 8455
9934 7759
6724 7828
25 7141
9367 1927
1913 6576
1312 8674
3476 362
8755 8461
9666 1164
8747 6083
4989 8759
1595 9515
1271 9400
7940 3618
3900 7049
8268 7707
8321 1958
5376 2659
8656 6928
7757 9036
5767 6599
6349 9522
2111 510
3142 9528
93 3609
5780 4320
3177 7324
2382 8224
5795 9678
737 3998
680 5558
3592 7640
7908 4283
6647 8081
5800 7028
5009 7976
7545 4883
9396 1857
1601 2288
858 3502
532 3633
1155 4962
4167 4521
6574 4046
434 5857
4390 7148
7163 3301
4973 1588
9837 3101
4084 6708
4990 3452
2874 3016
8284 722
8146 4999
6508 7189
4875 7612
5891 1948
682 4518
7586 8263
7576 4708
8428 9288
22 945
1194 438
8271 9450
5587 1480
3479 4591
6220 2654
3584 1231
3061 5911
305 2019
3116 3111
6447 1726
4149 4496
4645 6609
4186 7503
4746 9043
5057 9886
936 8442
9977 749
3722 6106
9861 2399
6567 8283
3905 1139
7302 4418
7195 4410
2698 4369
2049 1694
1098 245
9091 5584
5646 2932
8746 4841
6350 3033
1685 747
6418 4945
1406 2949
7182 3655
7220 759
2976 1950
9510 9164
9360 6499
7354 2875
9894 6655
3453 7998
6988 4405
4028 2657
7269 9008
8191 2570
8990 3555
8025 7678
3890 1936
1144 121
7482 2994
235 2709
9557 2979
4570 6523
1457 775
5376 8035
4025 9669
4002 1444
4367 759
8970 9045
7233 6329
2724 8603
4078 557
5188 3795
5366 4515
6725 9071
1244 2354
7795 5950
2258 6543
8450 1485
7773 877
7791 2131
8092 148
8198 6628
9614 301
7304 1382
7595 7548
2135 3738
1795 2232
4246 4090
2504 7447
8673 5166
9779 1164
5772 8686
3960 3249
1512 6933
2073 2716
2511 5723
3307 4341
3050 402
4482 7121
3092 9234
4648 9006
8051 5613
7531 185
9276 2246
404 9556
325 4984
9640 1348
2569 2430
3455 9842
6658 2552
8086 2437
5669 9551
3241 1329
2261 8124
9627 7172
1054 4011
2976 3584
8622 2381
9664 5978
8060 8066
10 3982
263 7868
136 5122
4964 6071
8452 8649
3070 2307
1550 6073
2973 3650
1777 4363
3103 4231
4716 9370
6204 4859
5980 4134
2621 5380
697 8405
4210 7867
7556 1680
3612 2318
3961 344
4516 936
9279 7259
2998 9829
9310 331
4811 3971
8635 7209
4248 8724
5897 4238
5603 998
8543 7035
7713 8239
2557 3961
1199 1082
1233 5640
5977 7428
678 4704
3297 6477
240 4221
6670 1521
6815 2763
7875 3744
4732 2048
593 4906
4353 9745
1652 4247
8728 5299
6572 6790
5390 3721
759 1763
1485 3452
1227 4812
2435 2948
9667 7604
1416 7508
2820 739
4543 6520
7655 2282
6204 7534
6718 7380
9921 9024
8159 9794
4904 2049
7295 8497
8683 9696
4093 805
8402 5142
6323 6811
9571 6123
7654 8179
8383 1286
8061 4171
3778 7340
3373 8294
4738 5223
4377 7330
4425 1328
1657 62
8390 56
179 1290
4513 9490
5406 1514
5624 1054
6598 7973
9481 3984
5659 5135
8713 141
7916 4768
8459 4282
3815 5025
6844 9319
4294 8477
8841 5187
9313 3507
4332 1022
8944 3415
9149 892
2195 445
3371 6633
8242 2935
2304 1613
1309 7405
6700 2548
3961 28
6942 4531
6685 6380
9985 7898
3107 5675
4410 8700
3955 2521
1509 8878
5209 5847
4068 4591
913 625
1720 62
6770 1584
9831 6137
7511 9265
1429 1282
3452 4294
4504 580
3625 9538
3187 9315
4847 8908
1329 3867
6349 7229
5362 4249
7207 3845
3248 1127
7127 2539
2065 4132
5574 8937
8588 4311
2577 5309
4890 7295
4489 5594
5248 3378
7576 9910
5307 6168
104 1857
1339 6490
7481 2570
2815 9913
7626 7614
2494 993
7684 9702
7823 6497
2316 4196
8591 7189
7084 517
9378 9917
576 6397
3056 7989
6116 9741
9314 9323
7241 8991
6508 2788
867 3398
2470 7020
7079 934
3956 7751
9919 8967
2188 1286
7787 6890
3762 1138
5700 6646
259 886
4088 4769
8368 2538
3778 2080
9596 7021
8423 3699
5815 6930
9020 6570
7657 5614
8219 6435
2374 1099
7969 1582
17 4205
8842 5192
3315 3365
1105 9057
7529 6665
3116 9488
3288 6984
9594 7044
3816 7279
1166 1070
3043 9425
5008 3950
2108 8473
1997 3464
9106 1109
629 4184
2012 1761
5130 1599
5318 1312
766 857
2375 8937
1335 866
4776 280
4125 9014
4009 1172
1174 9923
1073 2696
1240 2050
2187 3363
5619 5639
1127 558
7485 7370
1417 9176
6370 1981
5653 1260
2993 8196
2098 7394
8251 4278
2311 2066
7794 778
5952 4648
2706 1660
412 87
3017 6989
8635 9832
9051 294
8801 7109
7623 9598
3994 9466
826 5520
1473 6618
8088 7495
3038 930
558 812
7225 9503
6739 5120
8011 2950
8088 6089
2113 2054
120 2721
6697 7592
5314 7788
894 7675
4026 8313
373 8329
2200 171
8968 4923
5344 1078
1395 6905
8559 3990
5912 3491
2697 7743
670 7938
9988 9213
2255 8855
9460 2924
5446 1653
6507 2697
5398 6016
1893 2393
5109 4554
1335 9121
8534 6239
7742 1792
8882 4530
5714 5702
4050 25
9561 8047
3893 5631
2950 45
4540 317
5287 8300
5282 3728
2951 1362
9030 9296
7257 529
5077 5480
8497 7441
1231 6636
8923 6604
9166 6536
3509 4257
6609 4265
3567 82
5888 1787
6948 3330
5882 5822
4406 6388
7001 7976
9688 3272
6706 1433
2143 7841
7193 882
8700 4115
569 1300
3734 1622
8689 3487
4837 1998
991 2558
940 3346
3696 2753
1991 8629
4899 2624
2431 3064
9316 3611
2058 2537
3107 7563
8411 5819
4592 6326
9532 5779
6116 5589
4930 3608
663 6647
8785 9030
7649 6769
1169 6112
3314 6066
1938 1241
6255 7709
7338 6617
2378 5922
3235 7499
6721 9384
5385 2697
8188 8031
167 7725
2971 946
3202 6935
8125 2430
2624 106
5620 5361
6891 9406
6243 5595
1717 2508
1976 5492
1109 7988
9047 8073
6718 875
5670 4411
1584 1097
8969 834
2571 3698
9718 6626
3316 9350
6690 6269
7329 8834
7618 6227
8097 6354
6259 4224
3750 3286
8832 401
6120 5311
951 4573
7643 8133
4351 2649
9371 5617
1701 6407
408 7765
6804 5345
774 9878
6974 9118
1320 215
8964 626
88 6173
9294 8930
7436 5924
4709 2175
6072 5991
7430 4799
7985 6231
9572 4486
1584 9045
2311 9142
2172 2370
7557 393
9510 1850
2035 8370
4424 2448
3770 1076
5976 4358
3999 9846
3103 1333
5698 195
1508 5227
9011 5004
2507 7734
8317 3484
9500 911
8692 1574
4176 6078
4042 5941
1115 4288
4706 9181
224 6319
9902 5489
2734 4003
831 4409
2747 2931
4933 8386
4046 8816
5709 5711
2494 5381
1475 6883
5844 1960
6656 779
439 1824
4907 6559
6974 7956
202 9972
5971 2012
4647 82
4201 3498
3298 2191
5316 2861
4304 3178
2380 7490
2202 92
5637 4995
4082 2099
2223 4696
559 1255
1578 1354
1049 985
1145 3961
3538 1571
868 1073
1371 767
6772 3393
1617 3692
3608 7998
5401 3128
6309 9780
2851 302
6048 7058
6407 4831
5770 475
5283 4341
6465 7386
2336 2683
6587 8161
1304 3985
1475 7825
8617 4813
5427 7544
6980 4004
479 9788
3566 922
9774 3502
6239 8368
9377 1323
7858 3737
3109 5787
3433 6707
8519 9484
7694 7047
4346 4583
7799 467
7004 8778
5079 7115
6185 9055
3861 7577
368 5083
9339 2928
4262 1699
7701 7290
5255 1872
8534 1690
7953 4486
1673 6349
9583 2448
1564 7108
2902 9047
8190 9815
9030 834
1037 4118
2336 2250
9734 3611
8254 6467
5958 8088
9328 9754
6184 5749
922 6914
4719 6477
7320 2465
6546 6945
6984 9956
2729 5509
2394 7027
3836 4748
4701 3528
493 3072
6585 4881
2078 9780
1903 9702
5082 9973
1067 9491
2555 9418
3844 1617
571 3428
797 3054
5157 7700
2644 8289
7475 103
874 8214
1762 8959
1998 8981
4767 3125
8227 4346
5717 6122
2708 3938
9230 3905
1682 8791
3670 2535
8110 1144
3746 498
4089 2759
2830 1316
629 6577
3123 5376
1298 2330
2100 9799
6452 5641
6375 7023
2304 6760
1128 7508
9740 6533
4148 2909
139 5621
8591 692
1620 8618
6968 3649
6626 2611
9234 9022
3568 1903
2426 9534
215 5953
8009 5202
3994 7357
809 5685
5579 8192
4320 5307
1498 521
2256 9196
5582 6608
8102 6492
1498 8421
2955 8481
2671 2099
4877 2182
8170 4050
8861 4308
5086 9032
4830 7036
1840 4795
7437 3172
3803 5234
3298 1265
8814 9072
649 1135
7643 5372
1028 9129
804 4390
8053 5652
7601 7758
4115 7549
6175 885
6098 4174
9019 7829
2211 3427
5545 7169
7930 4823
8821 6217
5732 4521
9985 8068
8945 9453
3597 3894
6373 7285
2436 1028
1759 6820
7670 92
2793 1097
6123 6560
1155 7590
2258 3568
5748 3926
3699 2957
5684 3954
1986 4730
9728 9206
1247 3226
3882 8152
1762 8126
7930 16
6964 1461
966 3601
6749 7444
3934 2423
829 8321
3317 6155
6117 4686
7006 4409
6554 7211
9055 838
9739 970
580 3583
6745 6721
2501 2093
2856 414
1549 2659
4605 9001
198 2761
4513 9645
8445 888
1963 46
9231 7344
6819 9539
8073 994
4396 6979
5327 7447
8318 9183
1675 854
372 459
9031 1273
88 4309
605 1333
1459 4192
6019 9732
2931 536
6530 8628
4127 2772
9852 6442
5049 9691
8489 3325
2516 4703
9277 8833
2688 8221
717 6819
7309 6902
409 1069
9179 39
6283 9439
571 6075
727 1915
4651 9427
6278 2030
8122 9956
5129 6269
3280 980
6619 6143
1839 4134
7009 5991
9537 7249
8991 5756
6159 4261
3706 2200
8970 2038
9762 7674
