10003
100
27056299
104 97 107 103 96 106 101 104 98 93 97 107 99 108 104 104 108 98 91 106 97 91 107 93 108 98 107 107 95 97 99 97 101 93 107 107 98 104 99 98 97 107 108 91 99 102 100 93 95 97 100 98 106 90 103 105 97 106 107 104 107 90 107 90 98 101 95 101 107 91 107 91 105 101 96 92 91 103 103 110 94 96 106 104 99 100 99 97 103 103 96 94 98 97 104 93 90 102 107 96 
-220413 -209561 -243089 -237380 -199708 -249700 -229228 -243517 -232477 -218190 -224535 -247774 -215159 -266736 -204049 -246168 -251884 -207313 -203516 -235966 -221801 -223238 -227358 -213685 -239237 -214304 -251687 -246465 -217401 -233525 -226615 -225598 -247968 -188903 -224722 -256869 -227664 -221914 -215116 -215163 -223390 -224852 -223781 -202219 -215587 -224318 -250967 -200765 -224047 -235276 -201729 -230839 -225714 -203543 -231440 -235631 -219421 -242690 -249631 -229723 -221551 -193704 -253403 -205939 -214553 -223377 -228464 -241825 -250703 -188298 -249488 -199343 -251639 -231033 -200442 -192170 -193337 -231167 -227857 -244468 -191218 -234502 -239590 -237742 -217114 -213445 -205579 -224152 -236441 -223840 -226377 -224835 -227026 -242643 -233148 -221028 -211823 -229598 -267609 -213392 
204049 185660 205221 194155 195506 218193 201121 197828 204111 177570 185670 201272 202727 214197 179866 209305 211276 203410 174068 189082 163966 181030 207704 185095 188443 214797 208611 199951 155658 185723 188514 191721 199371 186924 192059 205969 185101 209462 178677 197287 177935 207491 222824 182682 175138 207292 189808 176687 190694 173232 182263 173931 191090 160011 203699 192213 178968 206618 202690 200354 197886 162534 199305 175510 182687 198049 166370 188967 191719 181013 191783 160041 218189 217971 180388 176943 163700 187037 200628 203575 171274 189517 188945 211709 170477 198831 209634 199531 209473 197220 174822 185280 179129 186369 204468 175305 170455 188253 201640 195960 
9929 8954
6123 7801
6518 6642
3462 7700
5448 3293
2001 4422
8812 1370
1791 8278
302 3390
8806 4404
9664 8823
9794 4503
9741 160
2982 6012
4471 8147
9600 2948
8355 8014
6249 8384
1574 1644
1235 66
385 4783
423 2592
7802 4774
4292 4865
8393 5363
8457 2225
9341 6478
4098 2948
6142 8622
493 8395
7087 610
1259 4683
4693 2553
5459 3024
2473 6327
4196 7202
2538 4286
317 3219
482 8645
6775 6087
7335 5444
8030 8929
1414 678
2757 6587
3994 4769
980 5050
5340 442
8663 8867
2578 8969
9071 6530
5176 5637
1168 6443
1130 3956
1755 6823
3085 4500
2548 3645
6847 7442
9433 7346
8783 5554
955 8721
9296 6983
1083 4407
5607 959
5668 1882
7101 3415
6731 9531
7628 5579
457 3728
9169 7734
9466 5545
7050 3625
2282 2375
2400 2398
3502 6118
7626 2232
3521 554
8058 6309
2584 3660
9708 4282
1630 9007
4818 2925
7405 5604
3022 4850
2407 1116
1320 5441
6446 6782
1930 7300
8401 6819
104 7997
341 4687
1706 2228
7949 8169
5465 1271
1789 5320
1248 7672
4795 6939
7553 8058
500 5116
36 3877
7472 7419
540 7320
3006 1209
8976 320
1535 6776
8697 2860
7030 4570
8513 8684
3602 9440
8858 801
6625 4465
6593 84
1646 2082
915 8448
7275 414
6414 7641
8568 3379
8929 9685
1500 6901
8594 7488
3824 8156
1862 1624
4418 680
97 5399
3380 9633
9734 2757
350 8258
338 7280
4368 4974
8493 253
4548 6485
5053 6773
3384 6990
2439 8611
1072 3498
5031 4222
1564 7579
8326 7686
5233 8343
1454 7303
8213 6347
9317 5847
6420 5673
2555 7306
1134 9823
4419 4385
1482 9148
6997 4845
9209 6300
9430 4779
2986 60
5395 4305
8131 1250
2626 3951
1286 8770
679 6521
4143 7758
2418 9934
6933 7564
7284 7164
5094 6002
7285 848
6107 2358
3383 5749
175 4736
3727 9187
9909 491
5986 3248
9811 182
3742 2252
359 5051
3044 3311
9448 7350
952 5206
9482 3297
7084 2369
1003 7456
9367 977
5580 3097
2217 6585
2811 6870
4695 1601
5560 1957
3772 2436
3556 2479
3229 4488
5314 2583
171 5052
4928 7289
3270 7171
57 2461
4621 3590
9869 8993
5783 615
8182 171
6249 4561
249 2656
329 8487
8803 4296
2766 205
3195 4619
7146 8826
3744 3356
3360 4750
7533 2253
7693 7687
236 3452
1678 2774
2388 6477
6992 4219
4196 104
9150 6495
790 8858
7711 1479
674 5745
4605 2247
4305 786
2101 9430
80 5878
6360 5339
8452 5230
5576 2879
8993 3584
5094 4240
6531 9778
2737 9614
6934 9533
1231 9324
9927 8111
7985 7446
1283 8760
2908 7361
3169 8171
6066 9865
8524 9879
8398 6903
4328 2744
4752 8143
4341 1462
4344 1352
2304 5089
4185 6690
3939 2960
1162 4152
2881 3889
9334 2763
138 8941
2252 954
7151 7672
5378 5368
4696 3559
5376 4206
486 1542
3846 4978
6753 7082
515 9551
8994 3209
6946 9670
2513 5517
9350 2291
4431 3311
7698 3042
8926 2596
3053 2147
8858 134
6229 1554
3550 5640
8340 5403
8039 6607
8026 7702
2510 7068
7922 7052
4766 3752
8521 8240
182 9363
4073 6215
932 1426
2602 3928
3842 4165
1834 8669
6955 579
8383 3546
1500 3831
7825 7712
5241 4989
8646 7035
9557 1702
7476 6776
4242 5539
947 2215
1310 4638
8248 1600
7421 2392
4854 3033
1663 9828
7319 1746
2888 6797
3584 1954
8401 1838
3317 6889
3892 6509
8666 3427
9531 3304
5901 169
2154 5835
4581 5065
3976 6233
9156 4464
7649 4125
3974 3668
8027 732
3264 1978
1646 7402
4127 1802
8012 5209
4765 7306
7937 4619
8992 7417
1344 2552
6706 4238
8369 6649
9042 7603
9495 2725
7590 7160
1892 9693
8470 6398
3592 4115
184 2371
7802 2121
8232 2557
1079 8936
9361 8617
4045 6844
7335 1702
4936 1692
6084 9199
359 4203
6233 8693
5077 4975
527 1210
9097 6677
856 422
6529 2715
2621 8323
2962 7224
3284 3984
2617 8650
5018 3495
2034 3820
319 8734
7853 1882
6573 1796
3083 6570
9306 522
4324 1551
3279 3051
3992 1096
5441 9540
2785 423
3690 773
4133 6215
2293 5323
9624 4977
6707 4647
6940 5592
6227 4349
2294 2384
2186 4614
7893 8353
9237 6177
5940 9080
7976 7114
6186 1863
5040 2468
2789 3811
8893 237
5030 1604
7862 7352
8324 1740
4198 1375
7196 6896
7228 5023
9736 6204
2452 9962
4904 7112
2368 9827
9056 8510
2717 3838
2981 796
4586 3665
2959 7510
6691 9646
8486 7657
4052 8840
4661 725
8171 1918
6812 2863
6979 3542
284 1221
4588 4158
5839 9587
1483 6521
378 1730
1730 677
2416 3724
9664 7433
4730 4117
481 9135
5013 8441
4857 9472
8137 4971
4665 7957
912 3544
4991 3999
7651 8577
417 4821
2635 6234
3554 5389
3318 8359
7753 4476
8630 4216
5905 2135
2290 3403
5584 2013
498 4959
8876 8861
5164 4558
9082 7718
3298 7636
1050 3615
8835 4552
3544 3492
5296 6397
2498 5901
42 9787
2491 9432
5221 8774
3117 2558
2044 3630
7906 7963
5534 9160
6138 5464
3536 9468
1072 6972
5690 9453
2736 2155
6511 1616
158 2045
6964 4450
6544 5730
8929 9516
8684 7037
7979 4001
6631 7752
4631 2345
6940 4462
5696 2635
4673 7700
7071 9648
918 9025
122 947
2765 4023
3528 7913
1840 8830
2675 4721
1793 257
9044 9748
3039 8382
6462 6261
484 2394
6259 6624
9237 3124
993 1080
5643 9997
1998 4055
4493 8515
2560 6172
7585 8186
4467 5772
3505 7789
1003 5423
2813 1630
9441 1903
3451 3099
873 4664
83 1571
1279 7906
9547 7296
6621 8848
8489 5456
1754 2693
3739 8943
8695 204
277 1012
9091 308
3706 442
7716 651
3370 5667
2471 3228
9632 2244
1688 8509
8507 8722
9003 9105
4159 1488
4633 554
8225 4513
507 9413
7185 4212
6906 4099
2233 3625
5210 5315
2687 6058
4170 1018
6199 1299
5575 6090
8271 4441
9307 5355
8564 8502
30 2464
3716 7235
9289 4640
3862 9949
3027 4374
1919 7904
3346 5341
2187 7558
1101 9708
8351 8981
9996 5731
7519 4454
9509 7835
5485 3803
7334 407
357 8734
6423 4540
5449 4790
8140 9747
41 7901
5008 7140
5801 1151
2693 8458
9600 5406
5979 8086
8981 169
6809 5838
6513 2822
7212 5007
3684 4144
4275 5891
68 5581
3945 1614
5616 4447
8676 1893
958 3783
341 1605
9658 1169
497 5974
8543 5826
4692 6736
5973 8373
7888 7788
5385 7969
9965 3540
1858 2085
8187 158
4759 2836
1440 9293
4504 2105
6432 8073
7868 9002
4624 4050
8009 8061
5029 2998
9225 9477
9329 399
500 2632
6131 2667
427 6958
3502 6533
325 6223
3692 6538
7694 5837
1741 3692
6718 7985
5627 2424
6541 9341
7893 6972
4856 8821
4110 1457
4985 9136
6483 6170
8417 8180
1108 544
3616 7480
4429 4300
8668 5259
9638 5366
578 9624
8925 4172
8221 1368
6394 844
8402 4973
3687 8772
2707 9584
286 4536
1427 2008
347 9606
8757 2656
5531 1376
3815 8736
8634 9401
6749 8220
1129 1258
8836 9061
7004 8545
7637 7107
5677 9730
2346 7624
8540 1240
1047 2489
7954 8840
9816 472
5806 1154
2225 6378
9823 8907
1581 2863
4897 7326
1461 4780
419 5802
1562 3344
332 6173
7101 4705
295 3340
3340 4305
7765 5401
1905 240
4274 2594
4388 2500
3550 2295
6180 6963
9028 9216
8787 6766
2724 9159
1567 8433
3583 8571
47 5382
8957 7241
1291 9677
9574 6624
9241 6086
7948 4072
3765 256
296 8164
1435 7426
4035 7910
6750 2895
6083 3062
1377 5475
7027 1942
8639 3223
1854 5959
9948 1538
7556 4769
4040 2053
6798 7164
8671 8934
9263 7580
3569 3226
9230 6353
4571 8420
3065 1468
8302 8703
7760 9826
8134 7691
4117 1565
1610 3867
5624 7279
5969 6330
2576 6287
1569 5958
8297 4883
3361 690
6100 8067
8527 9257
1996 7821
7147 3521
4483 407
8941 4243
1763 9541
974 3973
2344 7115
9071 5686
5416 1152
153 3457
136 9852
371 3860
8467 5996
4744 2481
5174 3153
4777 5815
8102 4889
8385 2139
5697 1936
6083 3776
6676 1055
8579 3911
9897 9000
5374 5016
4460 1770
4732 2176
2940 3345
4892 2464
5532 7996
4662 6457
467 8269
2975 5920
2279 3294
5888 1574
1252 6859
6157 6671
6236 2899
3257 6799
7674 839
5457 6068
6723 1074
4338 6073
3266 9696
777 1679
7852 8051
9359 4805
2667 413
655 9800
9524 4909
8219 375
3718 6868
9736 5514
9698 2542
3085 1260
9716 1863
4024 9946
5031 1405
9435 338
1383 7999
3185 1355
4895 3655
8579 1767
1633 1135
5459 6343
2781 1879
5486 4999
7039 3739
9922 2083
6866 8187
6110 4840
8585 1829
358 7220
4920 3080
2763 8879
2361 8574
9126 6450
7470 1651
9520 7889
2528 3631
1924 5632
6912 2441
583 4431
1404 6688
1668 7802
8809 4276
356 2461
8489 2811
5033 6036
4498 674
9802 4625
3635 6029
8313 7241
754 4611
3449 728
8036 8885
1508 6493
7631 8799
5749 6696
7950 9351
9900 5332
3826 9131
2797 3788
7600 8552
9095 6612
9437 2743
509 9377
3573 7723
2861 5301
8764 6955
9583 8754
2207 2954
538 1734
6650 3848
6810 5767
8542 7311
2751 7370
2559 3522
5449 5899
9292 9731
150 5868
3095 8970
8690 518
275 6440
1644 3366
8530 1618
7210 6372
3618 2551
2151 2825
4184 7762
5628 7901
9785 1031
604 8966
9652 1053
7352 6434
2160 2703
8480 7089
3097 5549
5004 8631
4443 9607
4822 8942
4596 1195
6434 9450
6421 1664
874 7623
2909 8568
6440 7058
509 6918
6368 915
7466 2516
8389 9051
8774 4426
6700 2371
9476 8408
22 3860
3832 1586
9071 1928
6087 3005
6355 1143
9147 7676
4080 2424
650 4748
9785 3713
2531 6456
7772 7797
6752 9752
8173 822
6760 6182
3867 4992
3718 5095
9420 7674
1824 2437
2751 5614
3456 6391
4194 5634
2879 2064
2467 8505
5212 4271
2926 1334
5301 1166
3586 7570
2721 8367
4464 8410
1933 6150
4950 3873
591 4648
1826 9813
9373 7111
3364 2646
3748 1971
6806 7483
245 55
6650 4119
9424 3785
9039 4319
9669 3660
4784 2576
6728 7492
5533 8930
6402 2761
5110 149
7176 6968
1368 6366
9380 7591
7674 9659
1982 7638
8549 8147
6476 8638
5392 8276
3217 5965
4032 9237
586 1686
7524 5584
346 8708
3153 2132
149 1407
7905 7463
2184 9131
6022 9877
5120 4730
6458 7630
9509 1566
8679 756
6611 5876
7399 4642
7337 6569
8279 5173
6053 8056
8843 7454
181 7339
7217 3320
1379 8198
9945 371
5977 6375
6186 3757
8731 5528
6536 3514
8254 3728
3223 1504
4103 8080
6946 3610
3454 5825
1881 4244
1396 3438
5268 6603
6852 6499
7891 5579
688 5620
9332 804
9155 1902
1220 4740
5875 8813
4195 8611
5806 3938
6833 9723
2269 7046
3187 4918
6887 715
6528 3609
7490 7228
133 3581
1084 4719
4551 7318
2808 8221
4697 2801
5595 4639
7511 1360
3610 9494
8931 4516
3739 1464
9262 3335
6326 4739
8643 2674
558 7791
7680 8618
9736 6445
5131 7125
6264 7036
5994 2232
4270 1615
7817 3143
7270 4024
8985 4382
4300 776
7012 8390
8618 7926
8899 2480
8807 5740
4190 3437
8244 1160
7434 8983
4739 4400
1272 8042
7674 6285
2663 950
6597 7604
2195 5323
6057 5565
8966 488
3404 4878
1745 1940
3834 307
1851 1649
5353 4730
345 970
2761 6138
2398 8897
1019 9155
5249 2306
5955 510
7133 9090
4788 6965
9739 5721
1755 8620
9746 7492
22 9291
7642 2251
4637 8392
2773 3445
1403 9239
3549 8126
3004 2756
353 4851
8975 1837
4106 6543
9631 7375
5751 3273
3224 3872
9016 250
2364 4298
2108 4578
1640 858
4532 510
6613 8395
6917 3124
1257 2729
1076 1464
9623 5212
5268 5211
2740 8327
1050 7118
4295 5160
8609 4528
5176 5617
8459 7087
9207 2263
3749 7457
7638 262
3784 3357
1271 8101
6475 1235
909 1732
5110 4628
3479 9373
4363 1280
7136 9265
8398 8162
3258 2919
8921 4594
2007 4758
8054 3683
7556 6654
3072 8771
5726 9894
5501 915
1120 8435
5856 2887
8177 4973
9761 3004
9081 9069
6175 4485
5358 1916
6364 4895
2270 1129
296 5180
7488 2247
5815 4687
9697 7796
6297 9426
6071 4344
529 6135
1998 1385
9061 7666
3015 9623
6077 3362
1440 535
174 3355
3517 7450
3890 7915
6698 6263
1487 4241
8801 6843
5768 9989
6874 4207
3463 8193
953 6931
7321 2361
741 5211
9046 9400
8625 6462
4530 6408
6190 6361
7829 8268
1112 3132
8638 3444
3950 1160
6303 6598
8333 809
3752 6131
2193 8658
1561 5661
4639 2687
9466 7677
8604 8754
5052 2525
1133 490
8243 5283
8216 8700
4161 527
4223 199
9859 8231
15 4141
8369 1678
6286 9197
4626 3092
5161 7628
474 4218
6347 9921
8931 653
8733 1134
6314 2675
3325 8605
3632 7004
8020 5102
4982 5533
940 3960
9765 9314
1406 9206
1608 2962
6050 9881
9982 7057
2284 6870
7236 415
8830 6550
661 4874
10000 967
9240 6936
2363 7827
2615 5945
1293 6296
3840 5311
7624 6980
6508 2183
6355 2822
1977 8493
537 3844
8262 2172
3215 71
8676 2539
4974 9305
9285 6247
9140 1536
4310 9776
9308 5199
2581 4158
4655 2035
7944 5704
4721 1006
5088 9164
4995 9351
7238 3434
7202 4436
448 5200
9931 6972
8090 1652
2585 3189
5482 4253
2581 1704
45 4348
2387 8179
3128 850
8521 5413
3249 2938
2344 117
6167 3403
4810 5636
5990 9983
6976 8780
8637 2312
3621 4489
8144 6212
771 6041
2658 8399
2195 5219
104 7235
4982 111
8905 2924
2227 6100
6866 5771
3428 1331
4182 8139
7735 8495
7117 630
3762 69
4538 2548
4447 3958
550 8917
4509 2801
4741 5761
5179 8487
2544 1999
7125 8041
4636 1008
8674 9657
3505 4709
3351 9736
7792 9466
6900 7181
743 8056
8526 852
4564 6343
4606 2850
8728 1057
7384 1806
4166 2085
6591 3797
6802 3233
8629 1443
5783 4807
6889 5782
227 4365
1086 9560
2117 4869
6421 7469
7546 6791
3239 4148
7135 7928
7712 5332
1940 8520
8438 5765
7524 4781
8938 8573
1869 8018
107 9428
4993 9703
9463 8028
1173 4288
907 8464
5198 4447
1539 8966
2476 4731
71 1674
3896 2546
2799 8778
5779 8378
1892 7962
4627 7522
1650 2471
1404 767
6412 173
5455 2162
4723 5969
9630 6478
2352 3015
8830 1906
4251 8403
7523 6575
9629 8184
2225 9455
2989 8931
6137 5690
8899 2234
9763 3826
5063 695
7951 7046
5648 3520
3792 416
4715 9780
525 4312
4210 2410
443 8107
6839 4428
55 5265
344 5846
8730 3243
3448 4501
2359 5265
3904 9589
4187 5243
3704 6316
8493 4183
6046 2620
6161 890
9913 6329
7140 4592
6635 730
842 6313
8061 6301
8136 6329
7592 3458
2219 2350
1646 3569
9959 9530
1091 4767
7685 2776
3911 208
1987 7076
4402 2068
5304 7535
9027 9399
2898 5595
8491 5685
5400 5472
4548 49
2885 10000
4488 8176
9552 2017
5511 8533
1656 7618
3837 1476
4918 1894
154 6727
5487 8728
4683 9377
1738 2425
2140 4299
8848 9641
9402 751
8892 101
2147 2565
554 5528
2257 3735
5316 8401
2787 9309
9702 6463
6188 5524
4816 1739
2517 9785
6750 1686
542 8800
2027 8190
8935 368
1913 5367
8181 6660
7335 7123
4289 4407
7628 2534
1498 9448
9756 1968
6634 2985
3857 8710
4010 7269
6698 1817
5481 5729
4573 5571
6522 4858
5942 8813
4271 7335
5661 5152
8780 4547
827 6171
3489 1561
9817 3268
1339 426
1733 6002
1355 1376
8999 2998
8824 290
7002 9387
6023 8231
1394 9794
24 9338
4690 4503
9554 2904
899 4780
9977 3451
4428 6494
8540 9640
6272 2184
9038 844
4143 2471
9832 2114
1215 5724
5126 9739
8376 6603
8397 667
6720 165
464 683
6622 2848
7768 8897
6806 1415
7505 7812
2696 3726
3235 8126
9047 3879
4437 1724
6375 9122
7936 5097
9498 8322
9409 8221
1741 8614
6387 2202
6328 4779
5222 6550
2882 8574
7205 2879
9819 9990
7061 3680
4797 7603
9740 8045
4486 8618
1451 260
2888 4948
7977 3415
747 6440
1615 5367
7546 6352
2586 7329
7669 3823
1344 3056
604 2228
2973 5551
8236 8411
9112 7463
3272 5940
2869 7585
9093 231
4967 692
9479 3941
9546 709
8743 3527
657 4248
9067 5427
8405 7430
5931 3328
8688 7877
3863 6430
5558 6726
2215 2301
2238 9846
5505 5838
5044 945
1884 4471
660 6905
2937 5096
5481 4034
7833 6099
7808 5649
6272 2870
87 1796
6893 5926
2546 7023
5047 7861
5082 5123
5936 1235
8177 8820
6435 8703
2165 8300
1785 6583
4123 4181
8663 1526
8953 266
6561 7085
2487 837
5426 4974
4439 460
6695 1923
5880 1770
2622 612
323 1721
1082 9306
8226 3286
8935 2508
4488 5376
4831 8622
3107 8918
1285 5535
2844 7293
34 5596
2154 5385
7724 3662
2014 5310
1733 617
240 3153
5477 7777
3825 2279
2025 5572
2520 4995
8776 127
3714 8775
1405 1983
5900 2523
5509 7593
9902 6009
794 7377
7652 3238
1692 2201
6564 5548
8800 2790
6249 8143
6573 3726
187 2142
849 7947
8192 2718
1030 1223
4900 1768
2177 5619
8995 4375
3358 7162
1761 2142
5713 2223
2852 1392
9281 1756
3808 4317
1022 5667
9044 8050
902 3649
1711 5522
4397 9784
2864 1804
1322 7033
9254 2194
2227 8981
5041 1170
7361 5046
3477 833
936 9615
8463 68
2599 1495
1891 8492
6742 1296
7296 2130
8469 2276
111 2576
7051 2353
1333 9703
8576 4128
8137 5109
2701 6062
3241 5561
1705 7523
531 2253
1578 7507
2137 6152
2490 9733
7207 2290
5651 5492
5784 6673
6154 6618
9800 2743
6331 9370
6438 3788
1995 1468
9518 8122
4288 7329
6187 6638
1945 2933
8268 1122
3099 2242
7417 3204
8571 5945
9341 6033
4237 7466
9810 2416
1844 5874
6423 3281
5817 4462
6283 6476
7026 2349
6130 4915
409 477
8913 2892
1442 8205
9370 6732
3014 190
2216 5707
9030 953
7412 68
8616 2656
9250 6322
1937 1748
1368 1469
7998 9037
117 6896
9585 6877
4064 3657
1232 4746
577 9917
9452 5304
8441 7961
356 256
1053 6939
1856 102
3135 3268
6470 2406
1829 5370
7684 1997
5086 9263
1072 4863
7970 2572
9458 1216
3368 672
4223 9407
5102 4930
3477 5455
3153 9468
8846 9710
8272 5984
9007 6864
3129 9844
3252 7481
812 6038
8113 8061
569 9890
5871 6267
3880 2233
1600 1963
5058 8182
6376 6577
9138 5875
1042 8764
9257 6025
3854 5797
8241 8293
866 9319
9684 4933
9915 4845
5930 2615
4835 67
9378 8574
9390 3946
2491 6429
1311 7595
3644 4646
7493 720
973 2037
7522 5439
1775 9666
3236 8418
5354 4313
7868 4851
8414 6068
6622 5782
6991 3408
4251 8433
4099 9681
4219 8944
1827 9126
925 9820
8328 6108
4635 4781
4340 944
8243 7205
8824 1281
2261 5366
6216 1640
8231 5762
8283 5922
404 7135
4946 8654
9782 6422
3594 6904
314 3448
2860 3670
6042 129
5997 3633
1592 3705
9684 2480
5179 5360
3603 6197
5550 9288
2862 4122
7062 6411
9106 3668
561 4922
1884 7771
3081 7372
3501 8460
7642 7017
2654 1557
5524 4305
2527 2150
4546 4568
8667 6403
5131 1605
7697 1530
4952 4675
3749 1619
364 3463
2670 4755
9553 3722
4798 7521
8562 5976
5661 3939
2847 8927
5148 9873
3207 4011
5561 7925
6180 9466
8637 474
6140 946
9479 3510
9100 4893
2589 7531
1134 3125
3098 1091
7830 7429
7511 9892
5770 2362
8712 889
6058 9786
4086 8542
6937 2002
8946 98
5131 2799
3122 4063
7083 8975
9804 3454
4436 6880
1926 6024
8312 1848
6227 4125
9488 5421
4547 4255
3281 2300
1528 4618
5559 4104
4197 5820
3384 9147
2800 621
8753 8999
22 4869
9146 4886
4689 7993
8049 2829
2669 3217
3013 9958
2942 9634
9167 7644
3487 5189
51 7331
1094 616
2686 6598
6601 8214
8836 7281
7085 8704
3869 1865
8660 3461
3330 5441
6222 1651
6430 8897
2086 4533
5725 995
9591 3949
3191 9063
1355 3313
550 9860
3373 9565
944 6575
6477 8064
3972 5164
803 3982
3591 2883
4929 2312
131 632
2879 7076
446 4118
1049 3981
2376 5263
6044 3539
9957 6375
343 8398
5038 9313
1282 3578
1201 5276
8706 7098
8996 5762
5319 8574
6955 9627
4858 3021
9864 9361
6317 8895
2730 4135
2764 3410
901 846
8904 9393
9283 4059
6958 8194
8665 9433
7457 6727
9123 799
1733 7872
8443 6369
380 5494
8519 119
6899 647
3883 5809
3719 9111
8329 4329
7981 9496
8852 4581
2871 9765
2596 9069
8459 6367
5176 337
8563 5529
689 5071
8385 7867
6806 3618
4611 3657
5558 2491
847 1701
1241 2768
7045 7894
8978 2751
1019 661
725 4110
7327 9169
1420 9895
8568 9765
972 719
5665 2154
7902 8676
5705 4539
5976 3961
8629 9325
1197 5450
40 9649
513 4740
6328 4198
4460 7193
4018 3420
1202 5090
4380 3079
6965 1204
4531 4862
9936 6080
7868 8742
2434 3711
7724 1555
6992 3573
1822 8824
4857 693
3386 7278
615 3736
3233 6324
7056 2173
917 2056
6789 9398
8395 5874
4684 6022
529 4557
7786 2518
8865 7974
3520 7233
1824 1000
3367 592
1815 5124
2073 8669
118 5514
7582 5852
2264 6073
2874 1424
6497 5001
2710 9796
7108 8607
6846 6368
390 1030
1262 4986
6773 1150
8383 3712
8237 3715
1080 8587
9556 2753
6257 6446
9817 8401
7659 4865
4368 8082
6292 7769
9344 8692
4284 378
3828 6364
9460 375
8538 2024
2491 5190
3474 1013
1891 3105
7032 9685
6628 5361
1254 1280
4711 9929
149 4301
326 2252
2762 681
2885 1169
6061 5465
2767 9143
9469 2604
6609 327
4599 4458
4821 58
6161 2192
3123 8344
6000 5080
2364 409
8308 8388
7090 3888
8654 3821
1307 5495
5277 7079
3759 6416
103 8774
1186 7206
6797 8692
1188 9303
172 9496
6174 6423
6105 4864
6736 6213
7147 1301
313 2507
5155 4146
7986 2897
4814 8391
3479 1093
2878 2941
4207 6203
5799 2082
4024 9504
9049 9102
7595 1411
6997 9653
5654 2475
8237 3670
5849 3181
2756 3210
4821 3153
1756 2934
5726 8286
6711 6269
8381 8245
8824 7367
7223 6771
9908 2832
6810 9604
4819 1168
6201 8324
5406 1578
8157 95
5394 5500
3286 5098
973 6077
1917 2682
5115 6059
4886 4446
6613 9847
3235 5459
9086 1197
7190 7937
3837 2334
9967 6566
3404 2549
263 3453
1873 9271
8953 2643
265 8790
4162 7739
5251 1050
9650 1629
3730 9799
2573 1922
4733 5032
130 7755
2668 2838
7437 1619
4218 2977
2017 4509
2989 2219
6593 34
7308 356
2473 5888
1445 2805
3316 1936
7608 3977
7058 9417
5849 7198
9399 6697
7528 4881
2957 7527
2519 5696
8692 6576
4570 7080
1034 8804
5895 1098
6128 8170
8862 3419
7282 444
2524 5585
9741 229
9322 8795
3782 2639
9814 2227
1664 9183
9083 6472
1334 6325
2403 5017
6032 1383
3568 3821
676 4050
8152 5289
4372 1412
1965 6004
6437 6491
6919 7190
7608 8044
8553 2979
253 4126
2751 3934
7620 5857
9567 2637
2805 9588
993 8244
6250 197
2445 8988
2549 8496
1877 520
6456 5844
9483 3972
5260 3101
265 8845
7018 735
4646 1368
9977 2191
3025 6003
7823 3759
3255 8817
1788 7246
7784 5306
8210 4462
3082 652
2832 4843
3159 376
4439 6212
1339 101
2282 5701
7883 7367
4162 5161
841 336
7375 2578
6701 6008
9704 6940
9346 9312
8787 6235
8004 9577
2131 2279
8494 200
7836 9423
7142 4140
5409 1590
1569 9959
7382 1592
4191 1351
6643 1101
479 8668
4763 636
3721 9207
947 9018
2534 1677
8608 3228
6214 3203
481 6102
5044 6025
9187 4679
6104 390
5886 3202
7063 3203
2628 1798
626 3073
561 5173
4792 7367
7519 7586
7572 8367
1635 249
7786 5094
275 1452
7938 8096
1165 1239
7896 2548
7296 3619
9822 1278
2517 5148
6254 3676
9313 1518
5723 8088
6006 1953
1637 7011
564 5332
3335 1076
3376 476
3672 517
63 8971
9168 5862
3755 7933
5908 100
8214 1926
3538 2551
2646 3599
2676 6755
1954 279
6109 5405
4479 8594
9072 5888
903 1921
4693 4537
5428 8817
6553 4391
4606 2513
698 3441
5011 187
3025 4574
2771 2208
2296 5419
2158 2872
3092 5260
9088 1078
7542 9765
1137 10
9252 9051
8135 340
5209 6267
4759 6278
3317 9611
287 9181
9093 464
8930 3428
8610 4026
5043 9579
6804 4378
3717 219
8294 8152
1004 7004
4226 8363
3124 984
8354 1151
8885 4596
7532 902
9439 3013
315 6893
4083 7852
3892 9257
7301 2808
5931 9092
4041 3133
8098 4924
3598 6366
9892 4038
9331 7685
9457 7699
5831 4135
3848 8942
3189 2236
3227 9349
8911 708
4128 1766
9041 5367
9474 5525
9827 4134
6932 7987
2938 2106
9950 7417
9101 3991
9654 7101
4838 4061
3450 4725
30 3700
235 3698
8751 8160
7053 7826
8678 9671
859 3121
4030 6062
6006 1125
4902 8092
5453 7826
7782 7539
4505 6103
2241 7931
2242 9305
2056 395
9492 2780
9912 6076
8148 7287
7600 3917
4292 6758
6277 307
8677 4832
7900 678
3475 559
2454 4261
1958 650
1660 7704
9436 2422
934 60
2927 4383
1856 5592
8133 1466
4009 6411
8700 4377
3311 969
601 4688
4492 5503
7047 1843
4976 7569
9498 3978
3074 8972
1195 1312
4690 8997
8506 9185
7894 4670
6225 9880
9092 257
4165 8621
6355 6746
503 6347
7603 70
1193 8627
1231 3089
5477 2456
3735 3764
6251 8847
8480 89
3075 8668
1012 8403
7639 7555
9881 5330
1651 8431
7413 5957
8142 7803
2844 3929
5433 9485
5260 6519
907 3528
4082 8380
5128 3416
2963 7013
1244 8964
1646 24
6733 4988
3318 1060
7482 2660
6130 7624
9565 2921
1709 4379
5534 3756
3660 3783
9578 274
126 8745
8664 2052
3483 4914
5220 1183
5509 7462
5696 5489
5115 9959
3475 7385
6622 654
2758 9886
6120 2738
5157 4222
3453 8736
1209 1788
4336 9100
2190 3778
5620 3489
6263 5877
718 1744
9476 5664
1762 7510
2646 2738
7183 2781
2087 2861
8347 8641
3672 3424
2180 672
1186 2728
7036 5597
6632 3653
1766 5053
96 4173
8278 1700
8249 5481
5545 9534
2570 4740
3683 9319
4469 5533
2499 6200
4935 2865
4996 1588
6028 1955
8877 4363
4638 9313
2076 6100
5130 7581
1431 8354
8476 9120
2850 7398
9626 7033
7965 6019
3701 342
578 435
6981 35
6349 9521
2211 4736
4060 355
5975 2605
5103 5790
1567 7319
3300 6373
4758 1646
6923 9002
4830 6330
4004 6319
6386 7214
5514 309
8239 9141
382 6167
4111 9899
4719 915
15 4269
6309 356
8113 631
3828 2870
5289 7538
5474 9223
7589 3523
1934 9828
583 3544
8369 8665
9976 9234
2945 9646
8411 4556
6856 8463
2016 1846
1422 1142
9545 4893
4100 4974
5092 1710
4085 6182
2605 5447
6893 2529
9964 9522
2557 858
4942 4681
5931 8062
4603 2450
911 4819
9556 8373
8992 3487
5110 3090
4157 452
175 9349
9354 4109
1481 8963
3046 6720
3400 1799
9935 9010
8224 1453
748 4511
7725 4405
5377 4425
3267 1755
9062 9044
3465 9812
1695 504
8193 5065
4501 6039
9137 6161
8094 5574
4051 2622
4510 5758
6184 3976
6915 4117
8960 1808
5599 1980
1110 6202
7834 9022
2408 4803
2283 9548
5405 2660
9832 2026
9770 9246
3979 2643
5951 5494
9306 9050
3069 2802
1096 7073
9698 6339
4546 9336
3495 5034
2047 6344
1059 9315
3885 3167
1651 1103
2074 1937
6793 9304
8505 6338
5586 1250
9477 3084
2747 6823
5067 475
2943 3938
8457 5825
5873 8531
760 9385
7199 2134
1520 7050
4635 2682
119 3826
7974 4998
826 4728
3060 7984
2939 3340
9485 9585
8152 9987
7341 5794
9771 2311
3613 6717
4079 3656
5621 3584
2457 4532
3873 1865
3598 7331
8652 7966
1513 6369
9408 9307
8742 5938
1666 9187
1761 292
7014 1401
9662 826
4220 4977
6630 7759
7112 712
693 7706
28 145
4334 5579
3034 1988
2407 8534
4305 2657
9253 8105
4726 1699
7206 4319
7677 1192
1194 5743
4991 2745
415 1373
5664 2760
7386 9711
3729 9594
9249 899
5614 5170
7215 667
740 9319
8050 6882
9535 8670
1670 1203
6530 6053
9140 3392
672 7318
6725 2154
327 823
5884 1118
6176 2947
5315 9501
380 7223
4925 9752
4898 2470
1383 7083
222 6870
5162 1781
7870 5957
4795 4316
3738 3242
3732 1894
9296 7452
5375 4913
9563 1527
2202 512
1004 2639
6865 9972
4959 6364
7209 7252
4706 829
877 7296
9015 1341
2492 9869
869 5418
2550 7749
6635 2424
2231 6912
7016 1190
1559 725
8156 6136
1292 7061
8503 3403
4780 4580
351 6608
5054 1938
8912 1746
2364 9126
8112 1062
2703 1649
2303 299
4416 8719
5860 7828
8830 2513
3983 2863
1533 5486
7655 3834
9970 2990
4577 813
3597 5389
7637 7952
4530 824
3475 2793
8344 9899
7084 3270
3193 9539
7327 621
9449 6138
2750 6979
7987 4905
3640 9899
2152 7238
5521 5914
3394 3097
5506 9447
3508 5189
5840 593
1105 799
5221 2362
3990 5383
3117 5211
8319 931
6425 5096
5866 4889
457 4598
5554 9147
6055 8318
8623 9127
3701 6325
1101 8605
4360 2514
3876 9677
631 8759
3559 7900
5666 4878
4896 7174
3851 2351
72 1113
9965 8882
5709 8183
8545 7955
8029 14
6926 9808
3635 6672
6869 2792
6782 1987
3136 7300
3652 1847
7103 6892
4419 9982
8547 121
6507 8075
4895 6389
697 9789
5749 9952
5056 9337
1586 4369
2558 2337
864 4133
9370 8340
5937 4868
8753 5353
8390 9757
2674 7377
712 9909
5566 3770
7329 1747
6932 4366
6382 9633
2203 4258
5395 3362
6834 4046
6113 4614
1297 7157
2385 8638
6785 5157
2296 3934
5662 3742
7209 5522
8058 7020
9708 9927
1485 9885
689 7130
1749 8440
3604 9782
3377 6383
1678 9397
9123 7791
809 7397
351 9721
9425 7125
1093 5763
7839 1711
9321 6314
5179 7274
4321 3626
7092 8324
9368 594
3518 4445
2411 1187
3332 2715
2238 768
9037 4543
4358 4526
2659 2018
2323 2249
3032 2720
9302 7169
1731 7311
7390 3687
9642 7485
1507 1829
8727 2674
8582 2438
5116 1679
6502 5319
7747 6326
1613 5487
1175 4323
3148 1640
6588 6324
886 7341
3847 1631
8389 4125
8951 4441
9208 5917
392 1096
31 7081
9072 3479
3175 7661
8791 2791
2817 5445
209 3673
9190 6937
4507 2297
7626 6844
8083 7406
4423 8958
1614 8857
3985 5238
1745 3689
729 1737
8321 8577
8789 9873
2437 7954
7109 4721
3737 8664
8365 7292
2975 3603
133 9045
6368 3667
4006 1136
9150 9667
6572 834
421 178
2832 8334
3857 7687
6266 3512
202 4808
6157 3272
9219 413
8214 4031
5068 1550
9881 1389
9641 3769
515 1089
3504 1001
4850 1748
6741 3107
9045 6030
6739 9455
7974 6604
7163 6465
9782 5555
764 2828
5223 5078
5321 5778
1618 6941
2536 8495
9718 5757
6912 8825
178 8371
7959 9451
5890 5437
7278 685
881 2648
3463 7037
7162 4301
9516 308
3683 9423
1097 3990
2763 4964
8338 4882
5514 7882
9807 7843
7799 7562
1805 8018
7429 1278
6361 7575
3144 618
1115 6048
8891 7384
5709 3646
8117 6099
2477 4483
9641 4394
1362 4614
1821 3096
9085 6750
8960 2053
6638 3165
213 2547
9032 6627
1683 5141
7124 3395
4543 5176
9148 1313
4021 9081
438 3772
9483 4673
4727 9192
6432 7026
3791 2247
334 3270
2706 7852
9835 9826
2700 588
6188 8342
1000 4347
9069 9170
6714 9781
2878 8539
7366 3865
1046 5370
9086 7197
8364 7351
8950 764
4484 8171
8573 1542
7076 4031
1118 8510
6334 8635
5858 5245
7403 3937
7191 7411
4661 2909
9624 3822
9199 215
9950 1515
9011 8603
4734 1057
3347 58
9909 4226
929 2874
5276 60
3496 2923
8577 3471
2402 8255
1430 7932
63 4790
2363 4252
9518 716
7032 1993
2807 63
1653 2252
2983 186
9758 8367
7886 163
6626 5690
9538 3554
8025 134
7597 6918
3786 463
4559 7244
4250 6511
6859 3812
4970 1145
5910 9860
5099 1302
4711 4995
6808 3204
2617 2186
8687 5577
5675 9239
9040 7751
4957 2419
6310 488
1435 1311
5690 7186
3685 7681
4853 9975
2884 1577
4378 2258
2283 2224
7181 2259
6690 140
6028 7582
8703 2801
510 8580
2497 8794
9042 6379
5983 7503
5994 236
7779 52
2528 1958
9948 2630
6097 5902
2803 5901
193 4685
619 9291
1959 5520
6206 9749
860 6326
9737 6449
2485 9036
167 9815
8251 8512
1679 3505
5269 9789
5560 8005
6501 4954
1388 3959
2596 5919
2048 8732
3412 8621
4289 2359
6365 7001
4424 661
2693 9443
729 8221
110 1542
835 9420
9324 6164
3552 3252
4088 3922
4055 3277
1303 577
5121 1125
3527 4513
2992 9132
4004 490
9805 7941
4376 2999
9481 1272
8410 6067
9526 7528
6854 5002
280 3913
8013 5435
8222 828
5160 4300
3262 8182
1434 4994
5781 445
9516 8695
6754 3744
8455 669
9950 5734
8530 9135
9529 6172
8704 5056
9012 704
7331 3515
5299 2508
8419 485
6977 3580
1239 9790
680 4980
7220 9236
2680 4389
565 7038
766 3064
5423 8359
1011 1475
8228 6503
5638 5575
5685 311
591 5509
2615 3101
2979 6277
6442 6598
7060 9923
6711 2608
1192 2791
4315 246
1295 2300
3600 496
1207 5485
7069 6370
9405 3095
5944 548
2252 619
3438 1893
4164 5687
9226 2274
6597 2263
662 3284
2238 7820
2071 5908
9140 8036
9307 4348
1771 5555
3245 4236
245 6469
6191 3707
1071 526
8072 6457
5180 6977
2661 903
8415 1062
7939 9941
3089 1121
4457 9779
6343 1755
3099 1697
4927 2133
4423 3279
6122 2348
4939 5352
4766 4381
2617 509
227 442
4920 4914
2533 164
497 8680
8775 4471
4505 7396
7850 4054
4257 5226
9714 6867
8075 4406
9762 969
743 9669
9903 4581
8935 6903
4773 5687
9160 8214
4191 4026
6323 845
3731 9876
4217 4166
661 4225
9891 4243
8892 2275
8881 5545
8983 2979
2563 2922
8229 3236
3487 8533
3546 8756
3842 841
984 9839
7910 5717
4323 4427
9388 2810
2361 1736
940 450
8661 4945
324 8963
1311 994
3205 9363
2283 7955
1641 4979
3255 9422
7116 3748
8678 3547
1347 4316
9624 7235
337 1317
8762 1183
9749 1623
2760 5022
6204 7454
9196 661
7894 4491
8986 9366
6819 7410
3629 2589
5857 7328
3705 1894
1937 8227
4169 1444
5036 6783
4920 5365
2136 118
8246 9840
3567 8030
1368 4327
6626 5888
7307 258
1780 5005
9183 3110
1528 650
7888 8110
2209 4212
7618 2989
5224 970
8881 7835
9775 7778
6680 3793
9186 4474
9362 5811
3474 6216
3953 9440
9697 637
5064 2805
2087 1454
144 1607
7260 7772
3293 9732
4770 1846
6060 6313
1049 8912
1696 319
7290 8931
4516 9269
5294 1809
4780 5369
9315 2934
3417 7850
5260 7356
9474 4038
4474 6987
5152 9395
2544 5117
7571 5087
8907 9239
2494 1773
6913 1395
349 1746
8958 8377
4786 7982
5540 4290
3680 4563
6510 6622
3612 1751
8363 8947
3826 5601
2092 3902
1050 5183
9105 9140
9817 6261
4407 791
5261 87
5482 6008
6418 8417
9684 484
3777 7439
3403 1017
4905 6295
4520 9511
1545 951
8975 7967
4559 2190
9843 2620
3979 7703
7949 4689
2285 4367
3675 5638
3004 4201
1059 9573
5190 120
2718 9720
9801 9420
5949 4818
8168 6996
4452 1461
3962 874
7342 505
6744 1100
9398 7805
1751 7048
5732 4741
7967 8468
3586 8386
5398 5225
2584 4277
3548 467
8899 8483
8659 3068
4548 3876
8585 1782
8489 2535
7956 694
5994 9247
6480 7102
9036 727
4402 1331
5065 5435
141 7285
4462 7991
4054 4856
1779 8271
2742 2364
9265 1295
2643 5987
1119 1505
9300 3855
5896 3817
1300 5263
7345 5679
5068 8709
305 6539
5717 4912
1845 7542
7401 3441
2663 9312
7611 5004
7637 6532
8187 6514
47 1921
1413 8678
2525 5849
1097 2840
9213 6271
6755 2229
4908 8015
9937 9621
2712 1384
1091 3539
2574 242
1539 8929
4200 7789
9395 4322
2672 9949
1496 3787
6401 353
8409 5913
8045 8367
5331 6995
9824 4748
4163 7075
5756 6977
6629 4371
7740 8480
4256 4697
3937 9826
3636 9108
1462 1266
4137 7007
6760 6152
8676 2883
8675 5205
690 8573
2216 3516
634 1109
1852 7919
1694 5555
9611 9593
7196 1882
5667 1048
6011 8664
6631 1697
6881 5140
7382 9325
8567 7769
1559 6937
6318 9086
6239 4570
1881 9139
8580 5435
2200 8620
9596 9784
8470 8950
4934 2262
154 4484
4484 7313
241 175
5612 4726
5652 1482
8682 4910
4726 3881
8116 1766
5144 8836
585 6196
9737 1101
2432 1574
2768 4876
5702 8590
3425 1878
5156 8940
1226 3172
3305 7588
7882 3506
5938 8789
2160 6585
1503 3559
4142 984
5237 2208
5199 8087
3839 7438
4142 4723
5200 3599
3753 8606
8748 4417
8771 3288
1390 7873
9963 8593
7058 9255
4021 7345
4025 6183
8661 1226
6159 4823
4744 2389
3589 2463
9683 5833
6589 3650
4069 181
6376 281
3552 6229
9954 2988
5549 2982
1749 3411
1126 2223
1441 2070
3062 5187
4814 1302
6860 4248
8664 1648
8416 2001
4262 9030
3555 5608
5756 7659
2923 2611
8329 3971
7556 5167
6565 620
7679 8314
3516 4749
5528 4075
3286 8810
3487 5212
3235 9179
3153 2140
368 8376
7646 8140
4442 4256
3596 4850
5578 9377
6541 4960
9726 7813
1076 9311
4828 1051
8059 5551
4454 7214
9176 8691
2287 220
2894 191
3923 6701
6103 4376
8239 3564
6815 3870
7357 9033
2848 6826
7213 7060
7850 6789
8843 3252
5792 5641
9866 2239
4695 3194
8633 6198
593 767
7653 1992
4799 3348
2013 7268
9270 434
7059 9437
4003 6685
1754 8845
7456 3346
6146 5896
3817 860
5939 5768
7101 4763
6406 8751
974 5522
9367 7217
4645 6406
2723 3841
4136 917
1074 6543
9949 8086
6602 3634
7905 6369
471 3810
3500 3551
1927 6511
9995 8509
8543 5571
4555 7232
8860 1357
5997 7732
9100 7511
3990 1042
7813 2077
664 8128
475 2428
7502 6229
4595 2867
8557 2708
2370 9173
8792 9954
3608 6122
5635 1119
472 1056
1776 3952
3103 2615
5563 4148
9815 8631
4372 1142
4283 1790
2471 3671
8207 9387
8794 7019
4578 728
6686 5710
1467 3457
5657 5464
9410 3229
6899 9100
3764 7388
3430 1585
5625 8839
8768 7474
9228 4560
7400 8752
1515 4262
4948 7234
9569 888
9885 9142
2321 7460
9535 4074
4632 6216
5115 5420
2192 7533
3045 3956
8352 4737
1576 7761
6786 2419
6119 7768
1188 1777
8246 3784
8512 306
8361 4679
96 7224
6889 9124
9445 2069
8761 5577
9556 5490
3201 8638
8689 1349
9524 9797
2440 6704
2673 2755
1721 8555
4994 711
9652 1808
1434 3586
1043 7090
3606 6161
898 4611
9609 9584
787 8091
6132 9922
953 6755
2613 3409
9330 3307
1193 5628
966 9937
5149 4029
292 4567
1290 7465
4990 7935
5705 4717
7786 6564
50 6681
4051 1657
2195 2663
171 7557
6915 5339
3496 2291
4631 4307
3074 1425
7430 4644
534 3238
2000 2415
1324 4016
2261 1556
3757 2986
3603 5078
4870 9496
7094 7206
7895 6347
4092 2992
4970 974
1557 7649
6008 328
2979 9464
928 5028
6760 8649
5313 8051
3747 7098
648 9444
6189 6494
5126 5299
6685 5815
930 7451
3647 2608
7562 6549
747 613
1628 7923
9102 815
502 997
9702 1329
1955 8389
8889 2743
4584 7766
1637 4948
9567 762
9270 1277
6160 4413
3118 1974
4699 5920
4506 7973
1073 1125
8241 1514
9682 4975
5288 5963
6486 4455
326 938
4749 305
5083 2497
4221 8830
4759 7149
1648 4094
6960 3575
2329 8998
9269 7670
563 3459
4233 9858
4063 7183
96 5288
1311 7534
6701 3781
4081 8085
1750 9287
2391 1857
2853 4436
2877 2836
872 1908
8090 5178
2071 2590
1435 9158
4132 9103
2835 3654
8243 9282
1104 1761
1881 2679
5354 6525
4236 9074
9185 1377
9345 9723
2102 531
6081 3449
2349 4547
6713 5916
9733 7019
9430 4907
7405 7402
2774 1150
5492 7954
542 3200
900 172
4105 3517
5200 7697
4177 5420
3504 6548
3005 8402
4742 5682
9110 918
2268 414
8897 6236
7562 1149
608 6511
719 4189
9880 734
5423 6173
8538 3208
2251 621
4685 6328
2262 2725
7439 1916
3041 2466
504 7120
8444 1856
3028 9103
2619 4285
3786 5956
8422 629
6911 9929
4787 2392
3361 5684
1995 3211
58 2851
9194 4860
9859 4935
8079 2624
8682 4742
4722 1395
9549 6656
2233 9903
3997 2913
2529 4935
890 7370
6154 5758
6210 7473
5535 749
1315 4122
9645 1528
2193 8662
1633 5755
8539 5962
4472 5302
878 2045
3664 5267
5427 9299
5879 3032
5748 5124
9822 852
5148 5029
9717 28
4452 7674
8629 9103
4272 8536
9699 3544
8179 7272
6136 659
4500 3972
3467 6174
723 5027
5706 7683
9866 7539
5900 9166
3936 1415
3662 5331
8601 341
8810 4166
6701 7715
6768 1866
406 1143
787 365
2011 2949
7585 2774
3613 2141
9223 1933
2360 9729
1492 3624
2972 1389
5567 2573
7557 6703
1447 8599
699 6154
1913 2249
2374 6250
8114 5447
462 3462
5246 8668
9003 3719
2531 5138
8104 3755
9849 1166
232 6623
679 9918
4889 553
2910 3755
5329 8018
9484 8954
6449 7803
6096 9745
8169 1427
2784 1905
9272 9277
1582 3202
7014 7498
4572 9838
6484 9226
8212 3290
8458 1541
3370 4247
1202 8877
1925 8443
5180 2640
185 9935
5847 7044
4740 1382
9366 3342
1379 6813
8389 5799
8779 6852
8602 1744
8814 3708
4142 9751
1359 6396
4635 1329
4997 4762
7979 8857
6847 6975
9823 1749
1811 715
3901 6247
5070 2608
4482 6249
2153 2686
5798 3207
7579 1194
2570 9055
883 2911
5321 7016
9034 4720
6458 8204
7874 7620
3451 7702
9536 7259
9828 220
9116 1595
2023 1321
7614 5407
1087 8686
8212 8909
5895 8498
3741 138
5092 3671
5790 9205
1711 8444
8232 6583
8829 4617
7527 4605
3618 3839
1586 186
4356 4080
2578 7012
1467 1039
1927 9285
7126 5736
2135 8241
5524 1866
1180 1560
9053 9218
9027 8634
2863 8891
3589 1162
9853 6274
7808 5437
7954 6471
3360 2679
7837 4641
9779 4769
4576 3073
9619 9791
2318 6560
5621 880
8654 524
6062 114
584 7772
2558 5558
4432 6782
5922 5025
8855 7501
1230 5448
6429 9320
6878 9024
536 1809
5601 3580
8902 2365
3999 3478
8901 5194
2818 2409
8306 2325
5519 3222
6733 159
9245 4215
5917 3783
8938 2141
6015 2407
7849 8972
681 7508
1744 7527
8309 398
5666 7919
1497 5606
5704 67
1986 8695
1001 4172
2925 8001
4066 2395
7167 2402
7187 5334
2260 2298
6796 6055
6141 4254
2474 1748
270 6966
7262 7634
6438 293
4781 336
754 3113
2609 7770
6774 9224
7615 5897
2308 956
9666 3195
2530 265
8963 6115
239 7906
7775 4315
150 4444
3755 5683
6086 638
6465 8974
3948 2725
8255 9599
6801 5671
4767 3906
3566 9740
7038 9763
5741 8944
7562 2935
6042 9491
3598 5113
3444 976
4451 3802
2204 6532
8784 2135
159 9190
2013 4481
2288 7934
7592 3578
3546 6771
3544 4177
3283 7424
4714 8523
6763 4668
6617 1385
6853 5378
2189 8915
6325 7671
4530 3573
7969 9906
1501 2765
5884 8045
6953 5206
8768 2180
3970 7833
3536 4065
318 8279
3067 9562
4573 1997
1912 9925
810 868
7560 404
3611 77
1906 5395
9517 9880
3351 3251
2073 9958
4372 1556
4810 2291
9058 441
1409 9989
9427 1280
7250 6582
3876 6106
739 5343
3251 1658
1060 6013
2051 6319
7453 4791
7245 3009
2336 1283
100 6547
3788 1601
4945 5662
6618 5696
2564 9497
7495 4086
5484 6866
5624 2449
8074 5688
2495 8262
3069 255
10 7639
7650 404
9623 5445
8622 7653
2845 5278
3582 6308
5865 62
453 9337
3491 7855
6166 7819
5212 2982
4167 3777
9828 9140
1523 5091
8786 6513
2274 8554
1207 5806
4879 8621
3363 1312
9741 3878
8822 6869
1303 1009
6409 6526
6208 557
5155 4424
5373 4382
7655 6286
1406 4395
5706 6486
9669 8560
5711 5464
266 1495
3516 8045
366 981
5074 3221
5151 8682
7077 7275
9928 8021
4595 6031
7716 3478
9321 8471
5882 9282
4570 2696
1795 3572
265 7076
6425 1844
231 3109
8273 6240
5724 4626
5264 8832
4847 1960
5538 3038
8224 987
4987 3150
9054 8222
7540 8064
6197 4199
4192 2361
276 7388
5721 5926
9505 1459
7652 353
7093 9564
6158 3766
3164 4292
6400 7247
8852 4402
1525 7972
7402 2988
6984 2367
4183 4863
5876 3503
3299 2185
6345 4041
7371 2110
2070 7676
5756 5389
6476 2003
5054 1666
1938 1581
6537 5837
9269 6379
1673 1739
9676 5003
4230 3828
591 3566
943 3699
1530 5561
5674 2476
7623 4066
5080 7648
8408 8672
647 2155
789 9817
1239 6388
1012 9451
670 6289
1646 6118
3067 2908
733 9463
5463 1703
5556 6791
7463 72
5265 7827
106 5290
3040 5911
9087 9369
1805 7659
2890 5032
920 6781
3450 2263
9050 6208
9197 9547
3044 1264
7826 405
3475 3600
8596 4791
7313 708
4241 8836
8049 8317
3647 1725
6658 1440
9141 8665
580 5072
1103 7249
1180 3034
428 8699
6672 500
8041 2091
6309 4398
4384 6090
3012 4159
5942 4429
8658 352
2285 7242
5442 1923
16 3438
7356 2559
3311 3968
1577 8975
9103 7281
7237 1579
5687 3288
3673 7654
9079 6647
97 1992
3915 2224
9820 7660
7606 173
4084 2572
9095 5843
9959 8484
4331 9683
7881 8897
6811 7909
4490 2534
6881 6130
2137 790
2581 8514
1386 5543
3618 8252
1550 6982
330 5958
5703 2037
8832 3526
139 9048
6465 9674
6432 4170
4492 9911
5681 8928
5928 4939
9723 6968
2096 3267
9816 2213
1967 2814
9944 3958
7969 6802
661 1428
6962 9266
5198 7538
7040 4849
4568 7939
2253 7891
6379 7147
84 8998
4263 9436
7925 1008
6165 4174
117 9959
5015 5857
5044 1267
4490 6094
1303 9515
4400 4008
1066 3741
1444 218
3696 2100
8375 6224
6400 8845
7351 897
8056 160
104 9732
2559 7156
8331 8734
225 2631
8179 8934
9794 2810
4351 5007
6855 3075
305 7152
7638 369
3933 636
6231 4921
9627 528
837 8078
8512 315
9431 1318
4629 2090
7546 3055
3580 7459
1391 2740
7440 9715
8038 2199
7501 7171
6459 2491
3961 1524
904 430
5727 6957
4979 5565
8278 9806
2818 553
1154 7830
1082 8372
7338 3833
2840 4132
2949 8946
986 1766
1015 8865
3420 3871
4109 7937
2785 6834
5210 1343
9826 994
3063 1957
7765 6077
6068 3275
1053 1266
7671 336
3144 9250
1268 2213
2937 4193
5354 9536
5317 9213
2589 1320
473 9612
5729 2324
4281 2401
4047 5272
9263 7287
8273 4305
7135 9488
8870 5978
9724 8324
6413 8423
797 6441
4220 3611
3107 3167
8642 5620
6482 4435
8174 7839
1506 1676
2528 4915
4432 17
2941 3845
8334 9076
6424 8956
7735 1987
9151 5805
9444 8368
7820 3042
8121 579
6762 213
922 6316
7060 9503
8161 2864
4265 3247
4280 3709
5603 6748
2145 3218
2159 8632
6381 3431
2570 6258
4972 3919
1803 1478
1116 4623
3912 7594
6794 1920
6664 722
3864 1421
7743 4481
5995 9129
9623 5992
5041 5944
2471 3029
6588 1214
4555 4605
673 4040
5657 2406
4355 9065
4604 8519
6734 1611
2128 4297
7283 1919
5654 6970
937 5613
6207 8147
248 9875
6503 61
4949 8067
5258 6623
202 274
7083 4078
5120 4396
3877 5820
428 1171
4295 7735
6696 4343
3787 2471
4483 8025
8627 2497
8252 1806
1405 9505
6369 5984
9324 2568
5695 9608
2945 6147
4654 5461
7772 3021
1804 6566
3405 8906
6562 5027
3639 824
676 641
455 9924
3482 2763
5289 4982
9198 6565
9624 2446
2652 9010
7163 8276
6486 7838
2967 6127
614 7412
1289 3690
5547 5547
4976 5578
9979 364
2465 8461
7646 4688
161 468
8130 8628
8813 7908
1197 3786
6421 9669
3407 9608
4920 4128
5893 6328
833 3121
2079 7310
2823 3701
1690 1726
4023 8534
84 6901
8137 3436
558 2558
6105 6822
8314 801
1740 7205
7654 2291
5112 3032
6495 1696
3257 7194
8135 4557
8574 6367
3916 8567
6570 481
4052 6731
6506 5932
5632 2010
5147 126
8824 7137
6326 8246
3930 8825
3309 613
4731 2988
7434 5336
2336 5279
3380 9261
6515 5775
3211 5424
8203 2887
2068 3277
6406 9506
2863 9592
6006 1949
7610 4990
5603 1559
7549 7976
3384 3081
4736 4272
8782 6946
9515 4134
1350 7879
1431 6018
5792 3320
4368 8017
6946 4284
3503 128
1874 577
6819 8769
1497 472
2401 6574
5264 895
2378 7476
8095 2417
714 4949
3003 3487
155 2420
7212 3167
5724 3220
2771 9678
2842 4150
2242 3442
3378 7761
7122 5590
9728 7614
1524 3572
431 8359
6240 8296
9264 1173
6369 3523
3471 75
5579 8138
7506 6025
240 5745
358 9730
5329 1399
6087 405
4257 6785
180 7037
6581 7791
9085 9836
6602 6655
4669 6199
4085 7368
2559 170
898 3603
4994 4270
5262 1199
1076 1466
9232 4461
1048 1765
3144 5654
4779 7688
2760 8961
2160 1300
1006 7265
5021 3922
871 6591
2394 9167
1702 8941
9742 5613
5537 2078
489 6451
9993 5621
6253 5851
9324 9230
9516 4998
1547 4736
9995 8828
476 4742
34 3128
9475 1004
2706 958
1829 2870
4486 872
8829 8379
6358 3765
5703 2063
8873 731
2738 6186
1654 7787
9724 4930
2040 7158
332 7360
672 6634
5709 3624
906 9180
1693 4719
3323 3717
7473 7175
7502 3563
1723 9306
145 1220
6368 3199
1682 6202
685 4897
9032 3262
3954 5875
7547 7834
9823 4425
5466 9720
1931 9823
5071 9228
8147 7311
5668 2443
845 1066
1506 9915
4049 62
9074 4763
6823 4353
9571 9887
6849 6235
2723 4948
8702 6213
1509 4909
9709 9057
380 9846
3617 425
529 1636
2018 7720
8653 8991
456 2565
9364 5258
9925 9253
6550 6631
7789 4835
441 1576
8079 8485
1821 8995
137 8973
350 603
1011 585
8957 2969
9746 4691
1758 4285
7984 6278
9032 8372
3706 7326
3556 8118
8499 1036
433 6764
5395 7737
8593 9007
2437 4587
5562 6148
6232 47
2208 9372
1467 5219
8640 1558
4695 3056
3068 8555
3345 1129
4018 136
9973 2309
9858 1756
1570 2487
7160 8362
3578 9869
7884 9439
5627 4046
3063 9638
7001 7297
576 1353
324 2836
4450 2139
1652 2475
7545 4397
4005 5693
8580 5555
5757 9654
2235 3070
5699 2411
7960 5722
7479 4983
8174 6119
9510 314
1492 8102
4371 5056
653 8109
9238 5180
3222 2301
7257 1733
4938 8072
5725 977
3284 3344
2404 9853
1701 2667
745 1866
8500 9017
1636 2436
613 9751
8837 7250
7700 9901
3048 5350
854 263
5417 8124
8508 5324
5796 7452
5828 6606
9263 4348
2168 1683
1326 1043
9005 1725
6348 5912
6156 7441
7218 5981
1666 4024
283 4094
273 133
7392 8694
8083 3838
7375 1261
8861 4656
5046 5603
9930 8593
4264 8457
1498 7803
7612 9896
5878 7401
8468 5568
4387 9723
543 5501
7493 3941
2630 8837
3739 2150
6966 8539
2180 1744
8182 9156
6987 9650
3148 6912
479 9559
4279 2297
877 2898
6577 3027
7872 962
4323 4026
428 485
4218 8284
7641 586
1697 212
9534 4136
5879 8183
9925 1910
5201 1676
1000 1196
334 1093
9699 2775
8339 7856
8659 1640
3241 1395
2104 1876
6992 7480
4257 1841
4940 5566
2797 1862
9406 255
709 6743
1833 113
3788 8963
2117 1916
3852 392
549 4640
2154 1725
2152 1073
558 8364
8759 5761
8241 4105
7361 5279
7668 4741
2306 3806
3614 6894
9217 5979
3748 4259
5519 7839
6503 6439
6091 5271
8141 8513
4085 2759
4660 3378
1315 5642
5001 5408
600 9404
6840 2153
3664 3902
7174 1187
9671 5889
7883 8631
778 6190
6691 5284
8945 5462
3067 303
4654 8346
3523 1789
6756 6408
2193 5970
953 9195
5578 6078
78 7261
1174 1425
7716 9121
9275 8560
8379 6928
8868 6238
4684 5335
626 9614
5296 4848
2071 8335
3573 6617
8806 9615
5059 8858
6555 8548
379 2387
7724 5843
4312 548
6622 3844
1341 1389
479 869
1884 9228
6265 1339
3012 4410
8701 2431
574 6680
5993 6601
3245 4658
6343 1109
728 3270
7658 4777
7868 6359
3442 3585
8788 5929
7238 3393
2824 4307
6649 715
7186 8977
8922 1489
6281 9668
7292 9168
4433 6502
1268 7226
3608 2419
121 2286
4563 3571
9414 3489
9717 8282
7982 6153
620 6499
9757 3479
6590 8661
9695 9595
5122 330
3927 3451
2395 9550
7165 5205
3934 8774
7180 5202
8064 2774
9188 1973
1507 9758
6209 2871
9926 6796
5957 7706
7554 2129
2304 8796
4850 3835
6264 8798
1037 6182
4796 2904
3387 5271
1423 6518
252 8077
2322 8161
1507 3152
8531 9530
9862 3708
5051 6478
9312 5881
7695 680
9334 7574
5679 4614
3877 2841
8870 5260
6514 7153
409 9973
3480 8130
4174 3827
4192 5508
744 7418
1047 2123
3830 3560
7791 5279
344 5965
5904 1913
3699 1061
5211 1851
1526 4566
425 6928
3873 6166
1385 3757
6530 4039
366 7288
7404 8927
6932 5439
4137 9963
820 1940
834 473
1810 4708
2058 3059
5881 4418
5836 7739
8885 527
8872 2247
1346 9879
6475 4218
7236 5963
43 6373
8618 6619
1872 3450
844 6923
6008 2191
5201 4653
2616 4008
7164 3400
6425 8160
955 661
7612 9156
1404 1979
6539 4482
8026 6033
3655 9342
3661 7771
8153 6351
1150 2002
6911 2192
5651 8292
3678 2443
3792 9349
4615 6718
3265 9753
1925 3685
1625 6558
7960 847
6909 2667
3885 6932
5383 1304
2877 4410
766 7849
255 3394
4653 20
8720 5243
8865 6723
7231 2015
1930 6551
1692 6145
5595 1275
3383 7241
5293 1641
8646 7462
6214 9778
5880 2276
6067 7923
6382 5928
6210 6659
7178 5006
7911 497
9692 3124
5765 8605
1179 74
8668 1307
6787 5411
835 8416
6596 9146
7157 4757
8525 8196
8054 8737
4684 6642
8611 2977
8182 3832
8730 3383
6013 9515
8582 7902
2812 8612
289 8972
8232 2810
8734 1001
9664 1175
5538 3617
1649 9348
5436 6307
1578 3478
5608 3316
5691 2810
6050 4473
9342 4689
5327 8058
3016 4593
9629 7092
6417 303
8304 3130
9421 7302
274 4730
1308 1421
9071 581
9608 9767
8699 5181
1995 5372
1882 6227
9507 4974
659 2556
5022 5544
7960 4086
3606 985
7128 186
3414 6204
5853 9441
4321 9557
6293 3309
2889 4212
8302 7160
9981 5501
2014 8746
1238 4863
618 6607
1381 4448
6088 315
7663 1483
8410 3628
8900 5720
9413 1654
6950 3210
6727 5041
5096 6723
5148 6816
3698 7378
9885 2172
9892 5180
6524 7669
8771 1166
8364 701
5010 8557
4818 3050
3388 2520
905 1499
6950 5441
7858 3114
3002 2532
1552 7957
8949 4054
5377 9686
7601 4171
3273 3940
790 8885
7041 6775
9391 1955
3312 6497
4014 9666
1995 23
9044 442
1125 1860
3510 4058
4214 6608
2821 8807
4590 5720
820 1661
5789 2419
6633 5075
6231 2632
1656 2288
8984 3739
1436 5778
1448 214
1624 4690
1696 1826
781 2819
3525 1889
535 8729
6264 906
7202 1820
6640 8819
4488 2013
1548 8365
2189 6318
566 2343
8097 6818
349 9465
8411 7553
8985 191
5334 5515
8972 5159
4064 6275
6538 310
5054 2861
9486 5642
9153 3795
2133 8609
6270 8470
6672 3943
5335 3314
607 304
6636 8844
6319 9543
1714 8422
359 8282
1886 5131
730 8349
9717 6851
9569 7624
9419 1832
6542 5029
3694 9129
3297 7487
2231 212
4408 7930
3530 8419
4669 9288
1029 621
7475 3820
9205 3946
903 1323
1177 5511
7409 5406
3359 8512
4483 8523
8155 2148
3506 8075
9806 6451
640 6823
6985 4199
4681 8015
3668 6200
8616 2613
9076 4452
6290 7464
5943 9646
8411 210
7639 2535
7904 5316
3465 1441
5620 356
5461 942
5662 9613
8026 9467
4780 9571
2619 6731
6493 8599
9582 4545
9674 6384
5009 1665
5606 566
8916 3460
7943 69
9708 9636
1162 5902
8787 9287
8964 4536
3950 8886
1398 6176
9071 7723
5387 1860
230 5038
1071 5469
8051 1852
8113 6442
5830 8689
4425 4740
3377 9095
9906 7666
7557 5636
9354 4600
2805 4728
1252 3698
6459 1004
7873 9293
1476 9338
3952 748
9224 1723
1820 192
9008 9372
5468 9435
9094 7185
894 3580
6332 5834
1165 5495
588 4463
8311 8641
5428 9268
1166 2692
3515 1031
3860 2667
4768 1359
2389 8427
1042 4358
8581 2575
4384 5680
4193 2595
6658 1325
974 393
9760 3544
6725 4641
2441 6877
3957 4313
5322 9955
3307 5950
3165 2579
2396 3412
5354 6906
7655 9245
1454 1309
6100 7728
2708 3880
563 4715
1153 5950
2640 2539
1138 7053
8907 6733
3776 2872
7585 7750
1615 6866
8264 6909
3656 4752
9553 9163
4939 5789
6214 7900
7052 4574
6382 6633
5873 7213
5821 7865
6070 6214
8522 1704
9596 2785
7965 6025
6413 2019
2209 6945
2572 531
9471 4686
7282 575
4686 7775
8841 3004
8340 4803
8705 6688
7997 2798
3999 1411
5625 4415
8543 3422
6524 2209
3638 3941
1390 9382
2534 405
9486 6369
4877 2890
3549 3550
6947 143
9504 1934
3805 5242
5925 7453
8454 8111
2699 4263
8154 7883
9207 114
4139 2860
1689 2139
1197 8801
4943 5228
2114 3774
1833 4120
7605 8351
4553 1858
7517 5322
7736 5646
2072 8520
3087 8244
2569 2245
1451 9950
8678 1296
380 5294
8067 861
7246 1150
8792 5103
8375 1257
3797 6746
9699 3395
452 8769
7873 7576
2225 6410
886 2240
5801 4591
4609 7767
9405 1567
3030 9314
1551 2088
8194 4542
7454 8582
3811 5795
2771 7434
3455 4892
2710 564
8508 940
5152 8407
2337 1262
3064 3623
4245 8222
1316 6696
5103 4473
1868 9800
926 4258
1877 5083
5841 1181
8329 1744
7165 5571
9618 7704
6091 384
3284 2742
5976 3541
4132 5701
9256 9027
9208 1218
9941 8060
6431 6857
2289 5370
3153 1650
3441 2255
5965 2277
2478 267
4390 5320
1750 7325
3336 9827
6998 2303
1554 6583
9429 6846
7270 1603
1703 264
5742 9137
2637 4964
4366 673
1376 58
2307 7998
2512 1727
4606 5915
3425 5484
3934 8994
6902 9749
5695 7154
749 235
3634 1447
3913 113
4993 6256
6126 4351
4965 6408
8185 5982
2350 1502
186 9182
2722 8303
795 2632
2447 3858
5852 4443
7589 2457
79 6209
1334 6961
8577 8230
9836 9925
4039 3353
9138 7951
8171 1548
1810 4807
2930 9025
6754 7505
612 958
6057 9324
9993 5561
1287 9006
1761 4149
2462 9259
3238 6777
6320 26
9938 1756
8498 1452
9312 3228
6973 1750
5953 8092
7230 3299
7144 4054
3125 6513
2305 6837
4347 4564
4995 1075
811 7214
6399 1048
3418 7400
6377 774
1111 1839
2463 5149
8115 2470
2118 9459
6717 9119
5095 5548
8391 4570
6546 2044
2497 3012
8020 4657
4794 8048
1336 7883
165 3815
3756 1128
8230 8292
9987 120
2278 7998
2497 9312
507 1976
375 1105
8812 5457
450 873
3347 3416
2114 2298
6478 1075
6509 7513
1930 2610
3136 2170
4876 7904
5647 5562
4758 7493
2566 358
1824 8392
8807 2248
7772 4643
2452 6749
5803 311
8447 2934
5163 1547
5358 1438
9081 7274
2160 2862
1808 4113
4169 1988
8525 4626
1335 2611
646 7310
7030 5586
5142 731
369 7410
5200 2847
2516 3577
7579 2589
4586 1898
3434 7183
1624 4028
227 6139
4172 1523
7437 1101
8929 9968
9010 2775
5185 9178
3468 4518
840 5652
9874 2471
8227 6322
6721 2781
6734 1671
4710 1929
5166 8905
2130 6728
9804 7818
556 3575
6488 2536
2541 7515
8900 2707
6779 100
9042 6347
4124 9118
4982 5956
4302 8701
4555 3364
7256 4422
5160 2412
6039 8608
8264 5460
5610 4413
7116 3820
449 5181
1176 3084
9008 3902
9685 9052
2597 1632
7332 8137
9175 2911
9061 4237
4587 4377
4757 130
6662 9870
5801 62
187 3619
6409 9921
6494 9981
4203 2741
3653 4603
4360 4817
4087 2299
4256 1673
9493 8128
4537 9530
3340 905
480 8094
8228 3038
8781 6010
9358 3250
7843 7861
9105 2255
6275 8925
8538 4951
623 5642
4726 7947
1713 2499
7258 1394
520 7995
385 5956
8259 3798
5018 2709
336 1170
9123 7538
5580 3997
9232 3135
5976 1283
991 5059
2294 4184
6460 7176
3493 2447
1838 9056
3029 2365
5228 8205
4623 7560
6163 388
3271 8080
4364 3941
6537 4848
4248 711
4251 2129
2109 6063
7270 4053
4330 1171
4756 4009
3234 2576
9191 1750
2619 102
8945 2429
6120 949
7755 9947
1528 1065
3098 626
429 1654
7655 8234
1128 7216
4505 1073
6259 6712
7290 5930
379 8237
5059 1839
7614 3166
4108 9148
4199 2209
5940 6424
9545 5802
5847 6101
2966 9780
1657 7767
4395 3411
6269 4213
3373 1507
566 1225
1663 5194
3009 560
6225 16
7898 9357
8665 9083
2055 87
778 5839
4498 2471
8885 9980
3985 9306
8819 1127
829 8500
4737 8965
6117 9045
6734 458
250 3924
8657 6334
7745 839
5706 2016
7685 7860
5672 5068
3544 9221
3891 4612
3965 6275
119 6491
1745 9158
2165 594
5171 2502
2623 4607
483 2492
414 4771
2504 2964
8847 164
6574 6532
1987 8105
8935 6434
7668 5058
8415 8171
2922 9887
260 2767
6933 2216
3107 3490
1277 650
4501 3513
9098 9638
5102 8276
9181 3185
605 6036
3286 4151
9260 2333
3558 5203
998 9251
8901 7224
6101 862
7894 7223
6647 8592
7167 929
5188 5317
8299 5821
8176 989
1560 856
9110 5789
6965 1717
8139 934
6823 6156
7727 7343
1252 2932
4859 135
9674 9824
6523 2242
8374 3379
2769 3449
1442 4814
4971 5044
3355 5264
6924 3549
5459 2007
8505 8557
1920 9708
3144 205
8983 5358
2477 379
6681 2702
1691 3555
6198 8076
4209 805
3076 2597
533 1240
5082 8601
642 5849
3235 2763
9482 2185
5395 861
2203 1359
2741 4956
4579 6673
4778 2028
1611 623
1263 9584
5304 2578
1575 6707
4543 687
1539 1736
2657 6037
8808 5592
7048 3983
3323 2814
2765 7833
9198 8589
8366 4027
8730 7986
7361 9127
9880 6010
303 6961
4690 2987
3119 2911
6582 9254
868 9042
855 9564
9271 5912
3739 3653
1984 2075
3388 1013
1374 6840
256 9970
6435 7878
3349 5393
9429 1696
4997 9655
4477 1420
9375 1860
6798 3499
3636 5966
6128 9575
4310 294
7585 7070
2863 7524
9333 8190
4684 3067
868 3667
5530 3286
4812 4332
8971 1047
9627 3894
9826 7874
2033 7819
6043 4030
8233 7031
440 2524
1622 7684
7327 5250
8417 3828
6978 7094
8069 6524
8745 5180
8162 8317
1086 3928
318 3069
9869 8723
76 9530
3739 7359
261 2780
4999 7682
1607 9538
8493 9931
2651 2762
5671 2971
147 1312
7681 8552
3599 4710
4576 3268
8386 6391
594 8708
7924 9629
4118 3666
1514 1053
3886 8053
7657 9392
8117 3062
5029 8812
4981 5983
6534 8167
5289 4902
2366 8296
8655 727
8134 2688
8510 4071
8407 5544
5971 7924
4958 572
677 3631
788 2562
5998 4399
3658 6648
9045 6080
7495 6111
5061 8169
8601 2689
8245 3783
1935 7251
184 35
6637 7787
6116 7477
9633 7000
3114 2345
8913 4670
446 5465
1599 52
6220 9848
3032 5681
6543 4827
5554 459
7010 655
5321 9714
1315 1013
9266 8507
6655 5139
8003 794
1047 9438
3707 8221
5819 6164
4344 317
494 4401
3119 6206
5525 2353
585 4797
6636 4735
466 5799
3483 9067
4771 8247
5782 8255
8751 1194
1644 319
5650 4467
4983 3201
2465 1275
1048 8102
2689 5993
3916 2170
5571 9118
8600 7498
9530 5206
8504 3748
4069 2143
8520 1330
7858 3139
6746 9180
5133 3374
4297 2366
353 1787
966 4624
7480 6421
3381 1932
5884 1433
6236 2478
2491 1331
3488 6874
5419 3685
5824 387
7288 8356
639 4794
6828 3162
7396 6315
9549 7857
9843 5205
4826 3805
1655 3209
7199 7799
6185 8172
9146 7048
5299 5034
6219 8304
1294 4354
919 1150
1745 678
5918 447
9734 7660
5211 4089
9957 7749
883 6093
6101 7153
3734 5118
294 6213
2878 4763
6938 9415
8448 2805
7914 6807
4856 1257
9006 7212
4747 2208
342 7926
9707 4810
9021 3259
5188 365
4851 3925
2958 5771
3033 268
6325 2414
3410 8547
3984 8239
6339 6159
2611 4815
1000 7362
1395 9572
8460 2355
2278 3058
3587 7703
3087 4962
5466 1477
5856 7004
7229 3354
7970 925
640 9043
1151 8919
6222 8642
6322 5423
2584 1322
7191 4682
3658 5508
2060 5796
6616 8395
5010 8449
6977 6911
1171 5456
9445 3484
1838 239
1791 6403
3168 425
6212 1851
6207 7486
9709 364
3216 9733
7694 4959
2988 1481
1035 822
4062 3763
9848 8198
7410 2433
5218 248
9712 1111
2454 2546
2345 4769
989 5407
8012 5163
4786 4949
7815 3743
7644 5031
6650 2213
9542 7344
3092 6712
1747 6211
8517 4300
56 2912
4434 8974
1173 4014
2852 8709
7196 8948
718 2493
8813 3334
8101 5633
8671 3778
593 4558
5419 2949
2603 452
9905 6519
4973 7676
4016 8065
5937 7539
9164 2009
7413 8026
5340 3544
9935 6674
226 7847
4270 2773
7263 6935
7911 7905
5366 9013
9947 1762
7132 6943
4186 1729
9193 4469
1601 9193
7766 2562
4344 1039
7907 8825
1529 2705
8806 331
1075 7796
139 2005
2722 4906
2425 6845
9623 1249
5988 8167
1037 3728
3978 7419
5033 4649
1114 1999
4743 9050
2190 6499
9932 5849
6061 6808
6561 120
5783 6370
9022 1075
2371 1478
3257 9264
9878 1302
7285 749
8425 6448
5626 4129
3476 654
5766 9079
4416 2443
3433 1857
4013 4595
7414 8580
6874 1086
1189 4694
438 3154
364 501
5195 2964
1707 5473
272 2942
8429 7496
5454 1000
7965 3611
8003 1027
906 6745
1244 9780
1177 1984
956 3954
4420 263
1112 9951
1760 9395
6353 5329
4686 1776
7977 1547
3690 845
1467 9806
1633 7645
6768 2778
9076 9576
9828 2646
3922 4709
5360 3860
4941 9953
1611 8872
2939 5414
9596 3203
9409 4290
2905 1762
8610 8725
638 4247
1457 8248
9216 7724
4494 3053
5795 5506
9606 735
1107 4282
587 1083
1919 9851
5230 7140
1985 6163
8278 2609
1652 2692
9795 6763
7146 4490
7572 8981
7626 227
2196 4927
4370 8516
6352 8506
5542 7155
4692 3871
1934 8674
246 6580
8032 1090
5155 3031
6278 8443
7330 481
522 8211
664 4114
3541 3986
8908 2011
7748 8331
7963 4089
3701 6356
6377 5823
725 2659
1768 7747
4056 5576
9818 29
3432 8377
8834 8110
4976 2847
1713 3618
8164 1047
3226 1151
7737 6613
9501 2483
9367 6712
7237 1973
6927 198
8610 1667
8861 5888
1996 1610
2258 5721
280 3051
7741 9908
3108 3007
9196 8997
7471 5753
8455 3937
579 4859
9218 3664
6352 8531
1149 3010
2393 3495
1559 7194
6737 7655
6873 3657
4141 2595
8592 1839
3798 2157
5682 5676
140 884
8367 2085
8709 7803
9140 484
8320 3633
3181 7592
7964 8338
4926 4667
4026 9251
7957 7489
4184 8993
4672 2421
8040 9757
4922 4858
1225 5202
6809 8856
5988 8064
2806 7949
4156 4948
624 1263
4044 9318
621 3636
1252 1282
8048 9972
7294 4080
5815 8990
1274 1754
4201 4573
9434 8897
1121 7151
3404 1536
6767 8767
4480 5742
3083 3787
9883 4602
1191 8965
8740 1844
8700 8878
3234 8625
8120 8825
3921 8550
9269 4602
1992 6013
4373 7342
6206 6658
8538 7554
9775 3545
8590 5174
4429 3299
1383 5862
9203 7411
6619 673
7060 7266
4849 4020
7316 9062
4410 448
3932 3087
3496 6674
8434 3341
9345 3393
3365 6255
2437 7603
6607 7178
9902 9848
1188 1648
2849 3954
458 9184
3645 4044
9804 7980
8633 3530
3233 383
4743 3162
5232 5775
7643 7114
2254 5873
6383 3665
308 1619
90 8453
7901 9979
8320 4032
906 293
2692 100
1063 5541
7877 8054
7051 5342
8653 3803
1434 8947
5909 6770
3312 6606
6389 5206
6609 4261
8032 5132
5744 3339
9145 5448
2914 7244
649 3857
4908 2071
5557 6391
4868 2281
2276 7847
585 8657
3555 1705
4973 2687
9856 1636
4100 5238
9190 6384
2876 8238
6591 1490
292 8739
6007 2911
4597 6683
8647 2775
9318 1400
4217 8694
2090 8449
5754 5167
2915 3444
7033 3408
451 2520
2553 6263
7304 6244
9004 5043
4760 582
4372 2363
1486 3637
9437 3948
1992 6568
3270 5690
7613 897
9475 5963
434 4107
4248 557
9274 610
2841 6777
2317 5703
3221 5479
9784 329
4115 7868
7389 1746
2589 1034
5010 902
7143 1468
9582 4046
6517 462
2613 2158
6724 2253
1633 5759
6429 1546
3235 9391
1379 2288
913 7813
3750 2418
9511 6617
9042 2592
1008 3254
6348 8074
5924 935
9454 2265
6659 4048
100 5796
881 9576
4998 9667
8100 8718
6766 9698
2789 2987
3092 6952
3189 308
8374 9329
6961 6721
7074 8235
3091 7413
8076 4213
91 2688
3331 387
5620 1153
664 5343
8627 2688
8955 8162
7136 3020
4118 9674
155 4524
6926 2026
9536 6293
9543 7279
7221 5014
5119 1207
4426 9755
7190 4484
1051 9747
9394 4232
9581 491
6275 2741
8373 7162
961 5156
5178 1058
4023 9242
3014 3101
2780 4503
7621 5881
4960 5873
794 2113
548 169
8240 5214
2143 8170
6252 376
573 5387
4835 1903
5733 8807
6882 5802
9909 6985
8176 8358
6582 4907
3238 3840
5903 7884
5493 3280
1277 7134
1667 8270
1594 2960
3783 9353
7085 9683
890 5976
2731 8109
6050 4544
5964 6661
2453 4361
6075 7104
9941 9074
6203 917
3055 3683
1069 6599
131 7578
7053 2085
7130 8989
4272 5229
201 45
186 4002
4087 3869
2450 7891
6834 3255
7409 4240
1975 586
2509 6705
5689 9441
9833 2501
3134 2403
9259 6870
7665 8179
9044 447
7325 559
3421 7044
1264 4830
2291 2826
4378 8595
9822 7891
9177 8595
2112 444
8250 4303
3560 9611
6649 2886
4296 8670
3881 3321
9420 6662
1162 4962
3041 4116
9348 425
9236 3443
7345 1527
8006 3444
2511 1790
149 6312
8725 3780
1370 5162
7281 2412
586 6586
7065 130
746 2717
810 7917
3272 3252
5366 5050
1100 554
9336 8219
7420 2302
169 1413
9836 4022
9050 5440
5964 1989
3474 4073
3145 5060
4533 1926
313 1409
9441 5059
4847 7315
8030 8329
5958 9126
4155 8573
7186 6575
814 6949
4789 899
1041 2898
1375 7950
5861 4238
9627 494
876 7884
8597 8675
1213 3384
1374 6797
5315 2332
5691 7546
6678 6025
5956 4202
8870 3419
2433 5714
1527 9879
9002 101
2141 6060
9499 9221
2154 27
2869 2262
2100 1098
1694 6904
7568 4128
8503 8711
6002 5040
7469 2662
3164 4908
951 5824
6075 8935
208 6217
223 7199
2745 5806
2881 7717
9890 9818
7253 21
1622 1913
6840 240
5538 8753
3567 4521
600 7395
2397 9915
2011 9695
2016 87
3571 3860
3578 3967
3207 7419
925 6488
4067 7073
128 8166
4493 1227
8915 3757
1256 2087
793 1309
569 6807
801 8739
2062 4921
6332 9179
6226 5897
1099 6367
9388 9990
4765 4462
1140 1672
9281 4904
456 582
7147 4114
5193 6801
7211 167
246 6579
2265 6042
4585 4061
3534 1747
6785 9998
564 3409
4801 2865
1961 990
6893 9811
8568 5290
1527 4659
7247 650
7605 786
6274 4798
6236 7654
9482 7183
43 1149
9192 1034
9712 2812
1913 4044
3131 297
7619 4754
7519 7071
4215 2312
9874 6975
3926 6990
364 4270
8843 5216
8844 4159
3801 7107
9267 1730
2833 4047
9732 4470
3339 2741
7142 1781
6458 900
7813 8587
36 1281
2927 8626
2659 8377
9903 1247
797 919
540 9893
1962 4275
2364 4151
1609 5226
5561 7257
5528 4364
2048 9005
1175 9376
8488 226
2953 5789
4213 3277
9601 6244
1848 2639
8650 1231
2063 5715
8737 3787
4946 6223
3508 8487
7663 887
1157 6350
1508 6463
5973 6897
4714 6490
8781 9015
6562 3670
3272 3121
1515 3378
996 4353
8927 2500
9258 786
2562 7653
459 3507
9664 8513
1725 988
9799 4124
3376 2610
7978 1542
9077 2589
7736 4264
3445 9547
7686 8011
9274 4226
2617 6144
9098 3027
7536 856
2152 6400
1816 9938
815 8953
7110 5126
6891 5618
702 3458
6687 2839
8607 6885
9151 4064
3506 4498
7183 4841
1454 4708
9994 9566
2183 2865
7347 2793
8489 2742
9103 7809
3665 6858
7366 2368
3995 1378
9246 3370
1497 4410
7527 2458
6186 9563
2745 4497
666 9673
1977 4697
409 4503
9444 5854
1139 3007
5448 9505
7590 7409
12 7101
9064 3809
5259 7221
2920 6376
4821 4675
624 1911
1589 8870
4454 2263
5470 9015
9395 6375
8483 1166
8174 7470
2477 3783
6078 5275
717 8181
7424 4543
8993 1211
6070 1765
5902 4441
1200 2552
973 9727
355 4725
7433 9155
3733 8225
4219 4155
7411 301
9558 9887
9235 4581
5234 6646
3998 1668
6569 5220
2997 3510
921 131
267 4008
8745 1321
2837 1586
8942 447
4172 492
5822 3875
4303 4197
7596 9246
6878 5673
4804 9951
8506 898
8378 5384
4542 2537
1602 6416
4332 9905
1556 6562
4468 1911
5540 4452
3455 4809
8550 3160
8361 4104
124 6793
8129 5251
66 5835
7639 6403
2301 2164
3119 2338
9992 6925
7039 1138
6291 2252
6193 6517
6113 2415
5826 3551
4199 4949
3510 6199
7478 8262
902 5433
9767 9736
8391 1725
9045 7043
8070 4230
9305 5863
5224 4667
2619 4131
6434 2844
5834 372
4105 3961
5192 9315
6308 1742
7529 1486
7243 9315
3994 1720
4515 3561
6318 5321
6488 5682
2759 8189
237 94
2903 9849
515 6749
7278 7383
8975 865
490 4128
5463 9189
2060 9149
6880 3803
1424 1444
6003 487
1694 5487
9683 6857
6232 8106
3780 8269
1945 560
7040 1557
1339 531
9418 6038
6151 5628
2067 7729
2253 7289
6880 9100
9379 3839
9035 3179
5045 7329
662 4073
194 1559
5620 9176
8395 3254
564 3349
5890 7861
663 7087
7978 4442
2970 1549
3761 9134
3184 7052
3346 927
9069 786
7425 2473
5894 3277
990 998
941 6492
8437 9982
8064 6552
7921 3606
4687 2466
2532 8164
9405 5618
8359 6421
935 9655
1434 8295
8387 985
275 7936
1295 7879
4556 6428
8078 7487
7393 1471
7197 3314
7436 5566
5157 6860
5375 2072
1587 2493
8657 7593
3955 9064
5693 5831
8203 2835
4008 9906
3200 3753
6761 1808
1966 235
2946 9313
6282 8907
9114 8274
4731 1243
1695 1791
6029 3953
9281 42
4315 5666
9791 5574
1769 6705
2234 3377
4389 6630
8385 219
9772 1124
1948 9134
3546 9469
9002 5567
8029 4108
8037 9311
8044 4236
5728 499
8741 9265
4029 4248
122 7765
295 9493
5953 1228
9387 6198
3906 3265
8665 6644
6481 7625
3763 3166
1581 5343
7448 9915
1395 5974
2956 285
5142 7397
1785 6411
7757 5111
4056 6271
3257 1798
6134 2585
2931 2107
6160 766
1511 8350
643 3160
8728 5089
3293 9398
5556 8126
2986 9161
8958 3843
2838 1097
4548 4039
2110 1772
438 3739
3802 9728
4268 5997
9750 5001
3321 946
1757 4561
6534 5059
7329 2215
866 4093
8121 5423
252 4370
9042 6244
9017 4991
1561 60
6310 5566
5047 307
3600 7808
5024 189
8055 5455
6280 7190
1401 8158
1485 3929
5943 5449
5283 8706
4523 52
3413 6173
66 7605
4090 2586
1339 8104
8861 4681
1384 7367
6545 836
6465 3145
8204 5233
4252 1196
2472 6915
5976 6118
8522 2423
635 4523
551 8034
4153 6028
7849 2773
5506 8928
7169 4828
3374 6139
3594 6657
8335 6666
3375 3383
6948 9638
8082 8714
3339 5463
3826 9679
5289 805
9038 3545
6500 5829
8962 2303
7001 2350
2586 1634
9084 8728
3309 3116
4531 9252
6759 1291
653 6658
2159 3317
1672 4111
3879 5931
4004 9724
6915 1516
473 2956
2816 5480
5907 6202
7416 3785
8502 4664
758 4780
3734 8152
5772 2054
7689 8455
8643 4109
6017 4466
1783 1333
392 2290
5392 4699
9988 9339
8450 2819
6269 6001
3167 8667
4159 3437
6538 8877
3349 5429
4510 8181
6071 1652
9984 9620
2577 3713
6532 8895
2449 375
2241 2111
780 9001
5454 4783
8309 2209
53 4868
9586 5993
6360 5015
3634 8996
2978 7924
9755 1187
1909 7186
5596 7053
8822 4422
9199 6595
7231 1093
3669 8081
1796 93
7426 2839
1733 6275
9889 458
2614 9598
782 6471
4783 2447
4435 3244
9778 919
1941 709
1081 4122
531 3238
6849 4417
8111 4540
4827 8180
7771 4688
1071 5072
1539 8561
7432 484
8663 5203
4873 8854
222 3180
8584 3370
1380 5221
6555 8906
3411 4907
5717 9299
1764 9427
43 80
1945 8480
4776 3761
5870 4479
3700 325
8294 1557
5916 3144
5105 5358
2104 8236
8062 2029
9745 1213
8348 4892
556 1938
179 8839
4973 1309
9958 6502
7475 2356
835 8016
1815 2026
4460 3089
6761 6276
9715 6124
518 1996
9743 3482
2723 1430
3550 975
488 4450
4058 4247
4647 9501
7771 1434
7606 2124
7098 8121
3633 6661
5304 8206
9838 7151
2750 962
678 161
4796 3913
8459 122
3237 7556
1915 4306
5095 2352
8499 2694
7812 2642
9354 8227
544 88
8050 4032
5418 5477
8703 5008
3593 1184
7111 617
9247 9377
1084 9312
3798 4317
8247 6361
8460 4653
9173 7382
3021 9729
5747 1521
3708 2700
1093 1583
2190 1538
9917 1077
6167 7358
9109 6442
4861 4119
6613 8601
2287 6800
710 1917
8484 1612
2862 3719
3365 4878
8942 9872
7588 7923
4454 1284
9904 2906
9392 4579
8233 6031
7917 439
63 1008
693 2185
5031 8244
7666 5083
9657 9361
6000 7527
4186 7502
1286 9599
9415 6006
7644 6689
5435 171
1382 723
8907 8304
2122 8812
1036 1443
6085 8568
3554 7482
4794 1876
1461 6781
9448 8232
9918 4943
6049 4281
9965 3623
8859 1064
2855 6793
9760 3611
1918 6256
2887 3284
5704 2476
9337 713
4359 516
1920 9508
4871 6760
9645 2091
3852 5395
3084 7612
5027 9647
9082 497
5944 9005
6372 8920
2993 9626
7539 7943
7925 2693
774 4813
9357 1249
776 8100
310 2019
9487 35
9120 4127
3689 6612
2347 6640
9869 6960
7413 6897
5610 1991
7438 4357
9197 3425
8296 3574
1965 147
3908 4396
2202 8684
6654 498
9567 3679
651 8447
776 4076
4096 9992
8901 9388
810 946
1109 8053
5957 1478
4660 5232
6323 509
2085 3822
5060 4196
8567 5775
2073 1866
8883 9008
7112 6212
7270 2914
1989 3876
5764 7791
9210 3635
4974 3278
5084 6217
1698 8400
4720 1737
4103 2026
3902 9297
2705 7437
1958 5105
4490 5554
8849 2058
8751 671
2544 2363
4111 9838
4255 7805
8659 55
3799 2473
8968 4160
7293 4017
5746 331
654 7916
6699 5672
4380 8763
1114 3278
181 997
3737 1854
1719 7657
7381 3429
8094 4997
4913 9246
5124 7897
8226 6870
8131 1992
9444 7755
2383 5787
7416 8800
1676 9460
7438 241
3757 3034
8584 7000
5856 2294
5623 6175
7275 9172
3501 4168
8100 6238
2250 1247
5821 1557
4266 2074
2535 6801
3291 801
7030 2699
9063 6102
4626 14
3466 2512
3948 6127
5986 3515
6572 741
2209 1327
6138 8470
8414 1968
7834 4549
5274 8230
7701 8742
7102 4343
3772 5422
4301 5317
1569 571
3912 3037
8480 6965
8242 8062
5122 7205
4648 4302
4626 4593
2216 9289
4285 2684
557 2655
2059 9160
6145 7819
7255 4026
9658 3677
3043 9923
6436 6852
5924 367
8409 6191
2077 5328
5247 3144
6644 7661
7795 1057
3358 5655
3278 7189
8116 9614
2088 953
4176 7357
4689 4471
4022 2989
266 2950
2873 8064
3413 3876
8572 4841
2371 5424
8572 83
9750 5899
862 3321
4889 104
869 5932
6474 5292
6473 3753
708 1121
2844 90
5138 1275
4927 9618
6072 7684
6861 2378
4254 2544
9977 8417
6525 1338
5192 356
4095 5930
4494 9017
8127 656
9123 15
7633 1039
1691 5260
5136 5284
7284 6101
5216 6632
3821 9233
6347 5281
9904 7527
7333 5477
5409 6257
4934 4694
923 3074
5696 375
6148 7345
6071 5423
5010 8939
7715 2916
3022 1548
1932 8180
9183 2679
4394 8299
7561 5041
1796 5678
3741 6512
3333 7951
17 5692
2384 1944
9988 8707
3484 883
3766 8251
9869 3409
3367 5165
5429 1109
2418 5251
7347 7787
8333 3345
4686 5571
308 3864
8030 1599
2802 8215
192 1137
6077 9748
405 5023
181 6030
5498 7153
7748 433
6885 4916
7058 1927
7205 9550
7372 554
6837 7176
6254 2664
6675 7314
501 1782
3709 9351
3426 7493
4634 8083
3277 5576
5692 8879
5348 9806
3125 2846
217 9559
7002 7704
7765 427
757 892
5955 1809
7264 9682
1835 581
1840 3867
5678 3566
8979 6916
4844 1417
9337 5622
4046 152
2423 9729
3767 9083
2554 9535
5550 1104
3831 8481
8678 6214
5669 2342
1118 7149
3770 2169
827 272
6250 6517
8381 7316
1008 2185
2046 3530
4346 2793
3490 6912
3899 3687
4135 8829
557 1492
8892 9018
7804 6755
4925 8539
1331 6144
8238 1122
364 5982
9481 344
1133 2565
1246 2110
2288 4747
4142 8821
8779 8153
4770 9050
264 5923
8543 8663
2891 4742
2393 3549
5701 5785
4009 7401
5497 5621
8973 2069
7457 9341
1008 5059
5864 3572
5704 9661
4668 1373
8015 3214
6423 9873
7853 9769
7495 3135
8759 3950
4023 6675
5972 5934
2485 1120
413 6391
262 4478
5051 8966
7116 9638
8440 1262
348 3139
764 5527
911 2208
6739 5180
3200 4083
6796 1570
4018 4700
623 314
5553 19
9002 5670
7448 990
5500 2999
7115 3464
8363 3881
4806 1269
8864 4949
5280 1486
8886 3002
5497 9188
7094 4355
4705 4662
2621 6138
4479 7490
2795 1855
3311 8558
8242 713
7538 460
4931 8668
5684 1889
6584 6498
14 3122
16 417
9267 5260
8271 6121
8223 5311
5258 6579
1779 867
740 4413
9756 1546
7821 4798
8751 4515
4903 8438
5102 7112
8620 5940
997 188
5060 6276
4924 4396
4313 2355
3366 3358
6151 5657
7648 9403
6626 9624
2017 5229
2712 849
825 9287
4186 4877
8738 2679
9082 2358
1255 6204
8438 9134
4117 8312
4719 1017
6794 2696
9236 3918
7731 6418
4376 5815
2510 4566
9955 2447
3311 5679
8240 1928
2475 2529
3988 7352
7490 5036
224 634
9930 3324
9717 8057
4558 3726
1315 1319
4665 8259
1611 5608
4300 7689
6864 4670
4267 7994
8725 8649
6127 9565
2478 6981
5572 8123
1829 2858
1642 522
6407 1377
952 5063
282 2999
6587 9550
4074 1703
4396 1403
7436 3398
7334 434
5404 8803
9104 218
2530 5497
2992 4603
5889 1794
8639 1593
4580 6129
6229 2124
4760 6581
8617 5858
6785 5018
5781 3730
5379 4123
3250 6076
633 8363
6055 3252
9953 9366
9730 4180
2243 2241
9140 9984
1999 7329
6627 4929
8885 5358
9483 1339
6415 765
1316 871
1102 2153
7677 9197
834 8982
8750 5245
3280 2746
1442 8778
9607 1147
2936 5838
4657 8409
5750 9528
9783 1725
5271 6337
980 5381
5758 4263
8942 2124
8299 5330
6899 8036
6111 7022
1318 3277
1771 8627
7712 4317
4037 1607
2207 2305
5724 6383
203 8460
3166 5241
2482 3194
561 2495
4191 6169
5485 975
2973 3615
9292 7814
4940 2934
1710 1171
665 9480
5642 5033
1624 8405
117 8648
3302 8044
2127 6225
3613 2134
4584 1612
6415 7577
7968 2233
8997 9958
296 4438
7618 163
756 4958
7049 2275
8471 1699
8847 852
2807 888
2211 1240
2162 4228
6023 3839
2236 7063
4512 362
7899 2373
1411 1843
3084 1661
5027 8633
5122 9149
6762 2543
6951 2928
28 4926
8962 5974
9106 8775
1957 8118
8458 4398
4230 3882
9070 6208
8769 7265
9315 4408
145 3057
8817 8456
5620 5650
9797 941
8071 8963
1507 5779
5492 4289
2556 2226
8864 3600
3692 2714
17 5083
2467 9992
9905 4047
9967 7372
7138 4060
1310 6331
3216 8832
1053 8590
6859 9407
4005 9444
603 2530
4539 8618
5830 4671
9617 1442
2735 7265
236 5668
8037 6009
6352 5926
2403 5494
2272 2454
5803 4250
7600 3673
8941 3688
4567 7907
4411 8279
9216 6744
84 7426
1521 1844
9871 423
9939 1687
1392 1417
5833 9003
6932 9532
8152 9102
6609 4885
6536 7021
670 2216
7601 7118
751 1869
6396 9553
4266 7007
3672 4924
4469 3398
5147 7551
137 5812
4556 9822
6624 6073
7535 207
6004 4184
9980 6999
7268 4015
855 7058
8465 5569
284 1410
9987 1902
7162 6385
7246 1052
108 4629
9055 3303
1862 7580
4184 1132
5745 1603
2657 8756
7528 3306
90 5988
4518 5162
7224 9515
4969 8312
8249 9286
6602 1648
5852 2404
9116 9946
5658 2466
9248 4763
7276 4201
1005 2974
5514 7341
3953 9508
8724 8014
5091 9081
5275 6422
5961 9408
5655 8686
464 8695
4019 5793
6727 1165
8488 5638
516 5447
5399 4712
4324 9936
643 2433
3008 1205
2730 2533
2896 5901
4965 8583
4830 7867
9727 8107
9587 9774
6598 3625
225 7011
1845 7236
2460 3962
6070 9721
5131 6614
4795 99
145 651
8257 7882
5564 2606
6427 6222
3311 5617
8952 2771
3723 4598
1689 9239
5288 6479
4185 9128
4364 7037
9366 2237
9199 5985
3252 1232
7436 1817
3477 9540
448 9854
8638 8351
3579 7991
8672 8093
5316 7272
9959 3234
8269 3462
7430 3002
3907 2264
2831 9620
2286 1041
4074 8280
8380 966
2061 9707
6428 7465
1215 9744
5342 3184
4009 9525
582 5611
997 2053
6869 157
3720 7703
3114 3925
7373 9451
9153 4541
7689 4105
9902 8020
8746 7321
5822 2225
4451 2381
6996 8290
1450 4208
8993 8610
8496 2785
5671 4674
8581 5301
4915 8972
6058 852
1936 9282
9486 8140
3566 5581
5182 918
3973 8195
1671 7240
6873 8868
5477 1573
5234 5681
7611 5301
9234 1119
5379 4414
3721 7057
7210 4318
5168 9895
3540 481
6126 8186
4249 224
975 9796
653 7784
8917 159
480 8908
4778 5001
9731 7877
6941 3314
2419 6167
4380 9268
6922 6415
9143 9875
1657 8083
7793 1276
260 406
8287 5638
8129 478
4654 2919
5231 6092
9606 2390
8880 9540
9650 2533
9187 5972
4303 8437
7467 6000
6005 5420
1896 7149
2113 1834
399 2335
425 2693
782 2947
8542 6860
6045 2328
423 9871
7252 2524
6354 3414
3001 5697
3717 4135
1847 9676
119 1842
3110 3739
3789 7189
5849 3671
3662 3049
3921 6452
4820 2942
3456 1065
2451 5036
4878 4777
2904 5166
4793 8586
3805 205
1094 9235
1677 283
7477 9220
3205 3676
2033 1167
9178 3665
2638 4905
3302 6639
9754 2802
4605 2893
28 8735
7789 6546
7076 8502
3882 3642
6210 6066
2476 8978
6441 3231
6674 7594
931 2710
1946 592
6224 3154
7903 9233
5511 6580
9263 5559
6532 194
7184 8782
6764 1276
924 387
4680 4640
8607 5226
653 8441
4894 2805
3701 4447
580 117
5859 9609
2148 5259
9629 3896
9184 1081
2282 1057
2989 6187
1487 7744
4912 8546
7106 330
1015 1937
1804 5217
3547 8182
1613 8363
5807 9388
732 5524
6395 8727
7014 4798
6987 6369
4598 6291
8139 1427
1705 163
9951 6394
486 8182
1199 5539
3435 805
7531 6343
1031 4702
7770 2416
9913 8151
2945 7203
2544 302
8435 2464
7146 710
3360 7620
3453 8114
2924 9355
8044 4346
169 2117
559 8556
9775 4871
4851 5891
536 897
488 773
1461 7365
942 855
7778 7885
2975 5533
662 5726
9140 5889
9703 9220
9706 9521
1102 6954
677 5803
8576 2240
6317 6246
9207 7199
6406 7120
6336 2794
2515 3008
9363 2670
7480 8569
6167 3336
9757 8281
7679 6565
3496 1787
5710 1940
4530 9547
1098 9177
129 2888
9451 4696
3758 6806
6018 5795
2518 8643
7363 5151
4463 6311
6148 6972
4131 9337
6576 2927
1515 1647
5199 9733
7445 4155
2614 4042
749 2754
5294 332
6430 5874
3035 6669
5304 5147
1563 5125
877 3735
327 4514
4917 1132
23 2030
1486 3578
4687 6185
3524 203
1345 2438
3628 8577
5632 2510
9179 1938
3947 3545
4797 6898
5305 7948
3250 4475
6354 2076
4905 4312
737 5442
4459 8206
6752 8867
1201 3130
7329 1864
4015 8797
5050 9423
9458 160
89 5491
5114 1527
3965 698
3817 5337
5380 5465
8275 4432
6774 6960
4911 153
1530 9782
4631 6528
6646 510
868 7054
823 2011
8307 2729
5854 7851
6443 5636
2264 2276
8863 6702
8492 2346
8299 303
6118 1403
4102 3454
4228 2640
2895 5089
6491 9734
3143 3218
4938 6796
5835 4677
587 194
972 980
4117 1101
181 1577
6156 7518
7734 637
4317 6848
905 9830
4347 8347
1998 1199
3627 6407
533 4870
9824 3653
1352 2603
3998 1159
6772 5339
2704 3414
9040 9593
1411 2491
7096 4378
5964 8440
9688 3363
3147 1917
5382 8997
3120 2823
1501 9436
4703 7058
5396 8567
8578 1884
5778 8071
8341 2644
6437 6475
5478 5556
2477 7697
115 3391
7170 4890
8912 3659
1224 3043
2812 6306
2070 7286
2370 8737
2950 4051
3414 1367
8536 2094
3574 8143
9250 215
1094 754
2968 4523
5748 6808
1361 7950
5404 9821
5069 5301
7810 5375
5072 2696
6429 6711
9167 794
2775 6786
139 7976
8430 4750
5414 2085
4294 9269
7786 2193
9024 7157
1307 856
5131 7309
3012 3530
5224 4613
7704 2761
9386 7782
5741 8416
9721 5072
9137 8459
2151 4432
6650 2245
4799 907
7670 9131
1809 5946
1100 7329
834 100
6721 6316
8529 2312
9984 2001
1924 9027
7362 7328
7769 7609
9733 7115
7874 3816
2077 1003
4143 580
392 4544
6465 978
6945 2973
5783 9574
3209 7827
5762 2649
5309 7824
3039 9788
6522 7627
2214 239
7295 604
5282 5611
6585 3816
1745 5615
1901 3486
4317 3254
1415 1194
8450 6390
3516 803
4631 5471
5065 6180
2764 217
2641 3520
5319 6736
8152 3876
5721 1768
2081 3797
5297 3784
1419 5327
2004 2441
5740 1399
8963 7006
4532 7067
6632 6972
5952 6530
1509 9707
592 4773
4717 10
3759 7714
5144 6507
2680 1738
5519 3553
5650 7941
1114 1284
7187 7291
7268 4621
6876 1767
8564 3673
7764 8890
418 800
3444 1376
4485 6715
717 3346
4860 7950
580 6366
5769 7874
3027 3102
8681 946
7551 6930
3914 6050
640 1550
9201 8766
6096 5668
3250 4619
6760 1282
4992 5847
4166 1929
6109 6419
3236 9752
9031 6346
5447 529
5077 1424
5284 4172
2761 6855
1786 7190
166 7212
4923 1146
5177 5363
4829 5033
3136 4861
6051 5544
9392 8942
83 2254
2444 3371
7309 9906
6198 4726
4038 6618
3428 5649
9561 2688
8837 9655
2074 8337
979 2726
128 5389
5128 8701
9895 1718
915 8575
4573 6142
7238 9634
3978 7609
2647 4325
4574 4122
7995 8577
9761 8520
4732 8410
902 9492
9239 6242
8092 733
4996 2584
4171 3053
9309 8215
3389 4829
5050 9739
502 3565
5850 7556
853 731
6021 3605
2919 7096
4676 3294
6679 5308
3139 4227
7967 70
5514 4703
4528 5663
1612 475
7631 1203
5682 5878
7557 5587
603 5406
1103 9773
770 1786
3988 8714
9259 5547
5963 7306
5945 9437
6206 4867
7945 5365
4985 3091
4138 9752
5006 6661
1832 1469
5507 6241
8400 8149
3227 2940
6337 8203
7583 313
3154 5018
5282 2751
4544 400
9396 7580
6582 1111
3733 3170
2212 2670
6639 1528
4987 9889
9571 2461
4118 1535
5572 8714
406 7301
7670 4829
1734 2621
7053 1996
5754 1258
565 7092
2815 1986
9814 3058
6527 1629
6160 720
559 4568
9951 2192
4872 5707
3265 5251
4470 9314
7811 7322
3574 7610
2080 7440
3039 4340
8649 2106
6847 121
1400 3514
1074 9512
1908 3568
2148 9943
8739 7824
3146 5892
1070 6139
241 3697
3759 7530
1764 9201
9996 7348
5208 2179
770 497
3002 839
9438 9186
3490 2455
3742 6539
9403 1655
6399 3857
6779 5993
7745 5561
1274 6173
6141 3456
614 1348
2499 2670
7626 4353
3436 8283
1383 3742
4828 8657
9865 5261
8802 9029
9475 3788
3742 178
8062 1992
2280 958
9567 2939
3710 4743
6892 6150
9311 2109
1163 3455
8516 3077
3725 7318
6137 8954
3172 1241
8956 4567
6074 4827
2142 7149
3687 2340
4254 8975
1443 9804
2831 2480
6274 7621
2028 5099
4305 4324
7650 4149
3890 9728
7919 6437
4301 8409
8585 9164
5717 4634
852 8400
1476 7991
678 3275
3041 1903
9705 7614
2296 3420
7731 4795
5484 6811
3351 5373
7357 5916
5437 9765
9655 26
5528 753
7727 3885
9960 9023
4586 5622
4210 1127
7606 2796
721 4139
1102 5507
2882 1214
9198 8143
3121 1663
2197 4017
8868 1584
5096 4108
5165 3604
1688 6067
8836 7597
4388 8340
5246 1236
6677 1278
7244 5367
5505 9039
7686 4464
3081 5266
5991 833
5323 2576
7827 71
3104 5015
1327 374
698 6486
7520 6690
7711 5697
6226 1672
846 6205
2563 5073
6799 61
4504 5619
8010 2251
6538 629
3840 4002
3434 3761
9377 6887
5735 9227
6626 3693
3063 6321
7816 3818
3424 5380
2135 977
8203 8790
1518 223
3780 7211
166 699
1364 7634
3751 1231
4031 2083
6564 9007
389 4116
5786 3254
4439 8910
6024 741
8251 3250
4724 846
8678 8429
7400 6345
4125 2245
7466 8861
383 6307
10 5223
9576 566
189 7828
2858 8712
45 4013
842 3343
9027 4217
1590 4028
4796 2982
123 4512
3021 1483
5811 3840
1581 3894
3184 2305
9785 3874
1037 3382
8918 8424
753 5402
1189 161
6444 2526
5921 3645
6988 8445
7058 9760
6568 4845
7940 9553
6995 7623
7922 1151
1697 7577
7631 5737
1443 6889
6589 6373
6709 8484
8851 4183
4329 6209
7823 7106
1017 2280
4510 8496
2956 3224
4756 3886
9543 4946
6122 3878
1871 9536
4875 5590
9755 4984
3397 4098
1905 9515
5112 5374
6943 8985
1246 3830
467 2382
1138 5343
3813 545
6134 5689
565 601
466 9075
4883 6041
1537 2427
3604 902
3754 1901
748 8402
9857 545
9552 4304
8571 7074
3307 8418
3508 6845
937 6608
54 4243
6064 6465
1470 908
6819 3407
2434 9714
6294 2835
9934 4823
6772 3312
1315 4152
8994 5350
7235 3654
5417 2475
3695 7355
346 9794
9341 2238
7831 1134
9458 5502
3416 3424
8507 2977
8977 3157
9364 8770
3633 4770
8562 5060
5753 8731
8722 6447
8331 7307
3867 8687
9995 9953
9998 2159
1566 2707
3989 7014
212 7690
7825 2663
3697 1855
478 9141
2647 6955
5021 1219
8340 2507
6274 3706
2047 6454
5583 2858
2037 9485
5273 6456
1620 3766
4708 1508
5548 8701
4841 1149
2680 1595
2550 6662
4466 9342
9528 2490
3633 4140
3385 2061
5740 7680
5252 5014
7108 4526
8856 6794
5753 7296
5555 9946
2227 752
2442 877
9479 8046
9292 2496
8404 4499
4386 9132
2759 9591
9771 1615
7621 855
6326 7849
3391 6455
135 9167
4727 7469
4616 5078
9057 1582
3344 3037
8813 8205
955 4439
6058 8041
7361 5470
6594 6510
9270 9875
6052 3479
4346 6317
7338 4443
8707 1438
2182 490
689 5789
5536 4477
2535 3368
5795 822
8913 9344
5695 2677
3659 1170
1239 7916
277 2254
5755 9242
139 9783
3765 6421
6592 2654
8910 1398
9858 2236
9824 6073
9037 7243
7259 6479
2618 5544
9941 8141
8935 5708
3825 2388
9137 6419
5671 1094
3772 4367
6611 5981
7652 4839
5545 3417
6148 5972
4590 1776
2890 303
567 7177
4605 3233
685 2188
86 9732
6954 732
2989 2614
3693 5268
2650 788
9909 2114
4931 8221
2005 6267
158 3297
5331 2667
9020 4294
5172 6576
1853 9957
6798 493
9432 3034
9958 4697
565 7668
1672 4086
1275 1962
8207 3748
4432 4639
4978 6024
2399 4927
2722 4840
202 4101
7721 4428
8718 6284
4380 707
7965 4403
7266 57
5323 6619
8358 4354
5898 6820
1021 9412
8969 1531
8393 3062
3327 3258
1632 272
3607 9328
7088 3541
3086 731
2771 5620
1441 6803
784 5804
9606 66
3198 2637
3999 8013
4572 795
3876 2304
9355 1997
7497 5194
9141 4890
999 9527
1095 1121
1971 4738
6905 5583
2508 294
3993 235
7594 8772
5021 7193
5414 8605
4463 9041
8325 4733
8319 7406
5174 2015
8157 3628
6350 8256
3968 9420
8748 6993
1810 2505
481 6315
9972 3486
8221 1955
3993 4121
4010 9309
688 5550
5407 8369
2126 8930
5473 1998
9373 6287
8200 3512
9822 2785
9399 4552
3143 9550
2157 779
4251 4919
7898 9331
1028 7053
6876 6747
3125 5184
5024 7860
5193 8448
2748 916
297 2926
262 542
7078 7654
2881 3914
728 5625
7881 3292
7694 1179
7752 9058
9342 2141
8733 3054
5751 4194
2313 5027
1790 9351
2158 173
2752 3243
4749 8118
8477 4947
9769 4041
6122 6773
1422 9501
1857 1511
3879 6660
6980 9150
1743 4520
7048 401
7625 9032
9125 6164
1517 9944
8611 1395
1268 7849
6434 7709
4138 3187
7371 2289
214 7564
8048 2052
1968 542
332 4590
5570 9641
8859 9407
1737 8583
2083 9707
1543 1456
5696 6869
4026 7819
5932 1328
4269 299
2330 3919
5888 9619
9156 5729
1867 1341
8904 6945
3708 9638
4653 7137
2619 6944
6836 635
6836 9856
8366 9038
6912 3821
8111 8611
4137 7916
9089 2331
6809 4195
9898 9048
6015 7284
370 9355
2064 2750
9075 4549
179 1120
6474 4619
4255 8366
7468 6131
7584 3755
5149 413
8535 6475
2489 3393
8680 5221
5527 6060
4449 3564
5252 3478
6430 2889
4426 2480
3536 7524
5285 6862
3625 4199
3855 9681
1556 7145
1089 1711
9897 5551
9496 5135
7750 7606
8330 2754
4250 4512
9805 442
3522 2489
4481 2874
3793 9868
5909 6373
2139 4985
8673 3292
6438 2734
6128 8567
1051 6459
4885 158
1478 9344
4074 1546
7359 5862
839 6229
7600 4301
1377 3556
862 1084
4106 6108
6964 9123
6375 417
8629 1686
98 8418
6035 5018
8218 7122
2714 4547
408 2127
3396 3636
2270 7615
2245 1339
9705 9333
6895 3344
1061 3203
6258 3188
8556 2779
9143 973
5875 2105
7005 3066
7862 9148
7184 2694
543 5812
1681 6637
855 7547
1007 680
7212 2744
9058 1267
9518 3867
5524 7670
1608 802
191 831
7637 1192
2954 8741
992 6541
1496 7528
1026 7262
6236 9997
525 1582
8292 2860
8046 3562
9955 556
690 1843
8217 4034
4614 3819
4938 2422
1990 2634
3710 940
8779 5397
3032 4093
7108 9190
1581 3932
5126 3334
416 3838
5619 7484
9798 8851
6280 4592
9991 1348
3653 6837
1799 6410
9994 8856
218 2693
8168 3598
7851 9543
1092 6413
9298 4273
3260 3989
1533 1627
4660 3141
2127 6303
7661 2670
401 6870
3188 2255
4071 590
2506 3937
8754 6321
7245 7650
6740 7948
6509 6140
2001 6256
1621 8371
9021 9873
8268 7218
4403 6257
1693 7563
3459 3497
9145 9006
7539 4850
7951 9146
5196 8699
679 9609
275 7243
7094 2893
6408 6795
5054 4503
7171 1495
4609 4459
5412 6891
1977 7333
951 4060
1764 1191
3466 7366
7031 2127
2710 3932
4210 6391
1261 9606
5695 323
9406 4060
7512 1073
4798 9386
1936 7452
8399 8049
1332 3090
1483 2704
9884 4828
2519 4048
2489 8576
413 3645
3372 7970
4588 5815
1392 4803
386 3158
2312 1565
4096 1221
8148 4191
9522 7850
893 2018
2906 7265
6360 5506
9806 1784
2295 6243
8458 831
3658 5585
5732 5831
2664 5108
2632 5014
8939 835
6476 5117
5886 7201
8242 5381
7197 6366
7822 2788
5177 6262
1899 3952
6218 4917
4709 5008
467 3684
6191 9467
6675 9583
581 3658
7094 9694
9890 326
1925 5923
1287 109
1837 7099
6952 6438
7552 20
1152 7709
9319 3361
2304 5516
8642 1373
4932 246
3987 5184
2815 7954
4461 5526
7807 2897
3413 8795
2190 3759
1850 4310
6701 5582
2044 5732
6330 4805
877 8087
5234 1162
7777 4510
4481 9936
8735 854
2453 8113
1478 720
7098 7109
1520 3077
4091 3379
8156 6975
3845 8107
2489 7205
8055 3910
5539 4224
5191 9088
810 9690
9556 6405
2554 7754
340 20
3163 8371
6596 8403
6345 7459
7610 1612
4501 3893
5728 9046
4845 1341
1273 492
1900 6193
2542 4029
3189 5785
7612 8213
2885 9974
9731 343
1885 3617
271 1615
7189 4158
2885 9699
2084 2677
5384 892
4502 8521
1488 4339
2870 2723
8957 6420
3134 5750
7795 929
7158 9465
4830 6973
8241 7364
8580 9878
1366 5823
2319 9131
7967 403
5625 8745
2530 7171
540 5648
3266 7231
5433 6718
5596 5712
876 9718
5146 9228
8288 3046
840 7784
9301 614
7411 8770
7825 2566
5728 2853
8229 1907
9488 9811
14 5755
900 9109
3472 7070
3036 5196
1600 8140
9156 8809
8042 907
7064 6279
7974 8169
337 74
1707 4088
722 8661
2659 6601
4274 9783
2931 6125
5562 9414
1154 6591
8244 4579
675 7648
7510 5117
4744 5275
4618 5422
5492 8457
4646 871
7972 7255
7948 2433
743 4556
5947 4560
1891 6959
4872 3355
735 5454
7574 2840
8722 2907
2503 263
7638 1584
4653 918
2543 6091
146 5837
978 7770
9479 9359
5280 8777
9766 4880
9020 5616
8937 9320
4249 1506
5162 7089
8243 5960
184 1979
6973 6578
3392 2832
3886 4858
81 4747
1497 6849
6379 8030
1448 9299
3011 610
7531 1841
8111 3149
4983 9342
2875 2487
6921 2491
1748 2230
9656 9914
7535 1036
9538 8523
6440 8508
2628 4596
1241 5170
8321 2615
8397 1873
7987 4395
7503 5154
9471 3272
3538 8558
3886 9711
7845 9007
7113 2634
5543 3613
8040 5949
4911 8913
6185 8859
3968 2566
118 8412
7543 1736
6545 1290
243 5180
7849 7046
6518 6610
2219 6135
5113 6246
7931 3553
1443 4256
4629 5069
6358 6026
1715 5661
5474 7553
9594 8080
2259 7305
4685 9745
2951 6207
9822 7037
1963 8211
69 2569
1418 4901
9948 251
3655 1411
1547 612
6964 5081
5731 8787
9739 2026
9381 6955
6776 7101
1509 7049
3808 8753
3738 446
4494 4050
2597 7584
1670 7721
5101 1857
4781 181
2993 7115
5362 1993
9370 8767
7614 9274
4938 6769
1397 1655
4306 2519
7347 1844
8680 9621
6622 1179
4492 8050
2446 9881
5861 1365
3439 6941
4158 2134
8873 575
5088 3923
8329 3656
3465 8348
6039 5915
2335 6962
8402 5051
7675 3016
6286 8195
2383 1476
2645 3638
5944 8191
8747 9048
8095 9536
4230 4458
7157 2635
8851 3246
3481 2816
8818 6670
1879 2379
6005 5087
521 8717
5022 8067
4414 5335
20 9830
5391 6554
4708 9743
1318 9906
8630 5585
6660 1272
7354 1510
9508 6423
9806 8533
8818 2893
9017 6845
2289 9120
6348 2857
1366 7100
2972 4722
1438 9573
8879 8168
5376 1117
1006 4146
1386 6802
2195 5998
2944 9788
964 1389
2602 8783
5749 2674
2788 8122
4352 3178
4234 6878
9431 6700
6178 5468
6217 1913
7992 9280
4450 6803
6518 94
9151 869
9065 8112
3822 679
7816 3208
9330 6772
1557 3369
5834 5063
9327 4763
9195 7517
9309 7019
3580 3232
826 2596
5760 1344
2609 3594
7058 1030
3603 1701
690 3429
6907 4538
222 4105
1666 6215
9392 4573
7517 6085
8267 6256
233 2483
2847 6983
4000 952
3726 4019
5929 5376
8220 5322
3759 9723
4405 6065
9249 7078
1599 4347
2645 6975
5018 5579
8106 8736
2765 6422
7249 9460
3194 9407
1631 6424
1298 8658
2715 1489
9935 4084
551 2363
417 7739
9251 659
6168 8042
9590 2179
4686 3696
8718 8473
1467 432
1523 8019
8571 8791
2954 9892
3922 7836
2416 3543
6986 3326
5414 4230
820 5954
6945 7896
4622 4731
5732 8346
6286 4848
9149 8810
8960 9135
8568 4728
5020 751
1672 5051
730 5271
5948 4956
3329 3904
7099 22
7331 1885
2814 904
702 5401
9011 1748
746 754
695 1776
7428 2271
4491 4466
2130 2243
4338 2688
4101 5080
3257 1900
1164 7141
2724 3217
457 1816
3863 8079
1858 3651
499 6726
2341 2903
5737 3674
8770 5069
6979 3634
565 4399
8206 8026
6229 6777
1953 5752
6113 1704
2760 8164
8476 5574
8841 3453
9548 8104
1162 6126
3594 6353
5289 6987
6504 8175
7225 6975
2741 6252
5124 5630
2636 3069
2523 5274
4844 3865
2236 6250
8562 5646
7141 4985
9691 2094
4074 85
8718 8133
9318 9465
81 4545
108 6103
6541 786
4456 5430
5677 5909
7168 4366
4804 9256
8019 4242
8518 5836
589 7037
8842 7091
7972 6572
4768 4494
325 9871
85 5945
9594 8402
4458 2321
3572 884
847 3039
3692 4171
3914 7415
3452 3693
3350 4257
7110 5204
9090 7696
7459 6140
9976 1463
4401 9211
7595 1927
9526 2211
1792 4875
4447 4182
2391 7494
9462 6510
7264 1879
3032 4138
7268 479
7527 530
8592 7485
9697 5349
4414 5741
2658 2739
3947 3156
3434 9351
5261 9638
4799 3636
6986 4688
7645 950
6896 2929
454 9959
3026 9964
4834 4050
1682 2603
7822 6408
1957 5237
7662 9276
8288 7486
2987 5607
502 1009
9089 4497
8069 2074
3494 1108
1404 1845
1371 9016
5569 3947
1904 7494
1551 605
1578 9504
4235 5502
9487 1851
864 700
2987 8795
2834 7813
8105 7009
8625 1703
7050 5616
6782 2537
1717 4197
4592 2865
9989 6169
3009 3965
8083 6787
5349 5376
9699 7632
6121 493
8844 3148
4243 9517
3855 6954
8273 522
7389 2965
8105 582
3429 6962
2324 9651
1951 528
4785 169
7632 8432
1171 9197
4660 2855
8180 921
4573 4886
1438 9308
5724 1182
9176 1851
6734 8118
3811 9678
907 5012
8552 2592
1025 7528
7626 6258
2911 4171
4549 4628
658 9969
8563 1983
3980 1358
2789 1670
8121 2364
9380 3558
8905 445
6628 8032
4037 8816
1488 4734
5447 4645
7250 9270
6756 416
4463 470
9437 8799
2107 6149
8746 4079
2493 7830
5387 8813
6738 8188
4600 1220
7226 2311
4326 9894
4510 2825
7589 5861
8494 7805
6842 1413
1993 4986
8943 1073
5860 6175
4607 1513
6393 4942
9557 8606
9958 6064
3020 6926
1428 6721
9589 6759
2051 7821
583 6435
3231 1367
111 3206
9843 946
7969 9552
7956 7046
4070 5728
7440 9114
7353 7524
4922 4320
1037 4022
528 526
4379 5490
6720 6586
2903 5590
7952 769
3263 5792
5506 7960
9320 2393
2022 5798
5377 4523
6894 6671
5548 6375
9227 3344
1472 5517
609 3934
9690 2505
9997 2975
2146 9382
8978 1302
3111 8717
7384 9877
4024 671
8989 9031
5386 4807
7505 2262
2845 4143
6968 2433
2274 5203
2578 4221
7964 714
4651 6332
6047 7592
7684 9835
6500 4402
8107 6652
6323 742
4826 566
3184 8521
7551 9164
5992 1410
7716 8079
3894 8004
2727 4341
6115 4505
3459 3890
598 1872
9322 959
1707 9971
6039 1337
1379 246
3514 8059
7687 3459
1930 6599
498 9893
2879 8565
6847 476
7670 9258
73 7540
8877 8374
665 8239
9799 9429
9860 9312
2148 2308
1288 5052
623 294
2074 3137
1974 533
7317 957
7551 4509
3354 5031
6574 8541
545 1608
4658 9227
4445 2345
8628 7641
6555 7990
3809 9966
8441 8952
7641 8530
7340 5580
677 4962
6776 5555
8397 1684
4912 3719
6947 4887
6028 1352
4541 2278
9319 7389
1815 1981
252 2819
1595 8196
3455 4791
471 5534
8724 6151
4968 8236
1589 7357
9324 65
4258 3712
7440 6838
6882 1756
9932 495
8797 4095
9428 9842
8634 9872
7194 7264
9062 9128
6088 4396
7056 8774
4456 7664
7779 5381
2339 3029
6324 2146
2822 2824
6505 4306
3831 7323
1937 1371
5455 1016
9219 114
4988 3212
3609 1867
1794 912
6688 731
3638 8701
1287 7186
2565 864
8183 8109
2351 1879
7726 3042
9267 7977
6149 3118
1382 181
2504 1845
2084 7682
6589 1105
4833 4902
154 7812
4117 8398
4366 7616
9251 1957
2393 5882
7022 304
6538 5345
6409 3599
270 6924
8091 5443
6271 9206
4122 3931
7651 4921
1380 1496
7832 1155
1570 2399
7945 4597
2103 1797
2487 460
6630 2356
5630 3974
2872 6379
3875 1784
2875 9145
9008 925
7062 8884
9020 8974
6482 4859
4630 7082
9742 1479
8521 8052
3996 5596
9953 973
4904 838
2298 5473
4752 4382
2642 6685
8825 18
4278 1572
262 9375
8908 8529
7748 3968
478 2044
8028 4059
6778 168
4693 7789
5219 6618
8815 2573
9802 3178
6491 3171
1516 423
2656 4031
1355 5596
5069 6774
8463 3600
9550 5595
2270 9425
9337 4312
7524 4515
4058 2267
2504 5267
1075 5166
382 3211
8390 1795
1841 5679
8827 3970
4262 7912
4670 3422
1489 1865
4157 2897
447 9200
6957 9914
7656 8894
7506 4347
8247 6567
8090 7711
7820 6485
446 7481
6615 2152
7232 9430
9350 5761
6020 5415
6373 1629
8690 6237
6693 7591
1900 3390
4953 7408
8002 2604
1827 4274
9410 5605
948 8803
4921 7946
1925 1209
6623 7938
950 6961
5017 2258
9573 3810
4020 6878
426 7275
3069 6453
8994 9319
7093 5500
3640 4056
7772 8299
1475 6160
2576 4643
9316 4886
8756 7872
5252 1745
7462 5325
7529 2475
9322 3213
9930 9970
4495 2772
9572 1246
7976 9576
6589 8284
4070 6838
6894 3077
8578 5395
5427 2632
6730 6772
9319 9606
3760 5752
3969 5326
7651 9195
2794 7828
9128 7357
3109 1923
4117 1828
7840 641
6364 987
1530 4672
2211 7191
582 8622
1905 7715
3341 1326
6792 312
9771 6439
6883 1630
9000 4627
8314 6012
6130 5065
7134 5859
4610 3361
5410 2002
9154 1531
6319 3866
358 2862
3607 2741
2649 1624
1656 1681
8492 7116
8197 8464
4790 4057
1973 9984
3366 8570
9055 1231
5505 7000
3638 5038
6574 1025
6468 7372
9905 1222
8766 7498
6403 6292
9042 2334
1208 5467
6567 1217
2257 6260
3074 1617
3408 4203
2738 1526
82 6240
3887 7359
6677 6250
4312 2380
4107 5498
8300 9359
2161 7499
4845 4289
915 9030
6509 8366
9101 1037
648 6694
3730 8504
1192 1877
5747 762
3461 1189
3031 1066
7698 524
2687 4663
1895 3305
1174 2408
6563 5861
7112 3530
8877 7725
333 2178
1272 7512
8511 3007
7090 9377
6145 8135
3161 9097
5624 3544
3265 3006
901 5800
394 9310
9033 9394
1537 3432
1632 9304
3105 9386
4375 3991
9586 5925
44 9642
8536 921
954 9196
4699 3201
8927 8929
6394 8878
7454 7374
7883 8074
882 9456
9765 4260
7370 6860
8927 2142
1071 1010
735 8697
4130 8390
5217 3451
3797 5734
6904 956
1240 7831
3183 2377
8301 2501
2233 9614
1695 1206
7692 7661
258 1427
2596 8136
6506 807
4867 6979
1596 4915
6560 790
6367 8009
9589 4149
4000 9486
8456 3416
9627 6961
6412 6374
2923 4727
8144 3612
3445 4030
2390 4745
646 3452
1599 6264
4513 4331
1574 437
9596 4970
982 4397
5186 897
8927 6060
6749 9619
6512 464
4976 3952
3055 7837
5609 3054
6623 5186
3534 5701
7388 4330
2057 6727
4335 5505
8014 7725
3658 376
9133 8661
7208 147
7108 1289
9392 7202
1263 5215
7778 4873
3086 3745
6806 8772
4941 9624
2991 2606
470 5928
4250 2961
6895 1930
5469 8774
8536 3843
720 348
2174 5033
8575 1795
8325 1973
3905 5225
8550 4434
8320 4850
8281 3074
9640 7349
7723 3035
8761 9843
3675 2417
2617 7083
2588 5631
4312 4860
8818 8151
3752 4165
7384 890
9826 3031
167 8907
6011 6509
1236 3586
5720 4521
9680 8990
7329 7874
1106 9498
431 6293
2539 3646
6940 6805
2532 2883
7258 5274
9502 8046
9853 1640
4098 406
941 6253
7064 3106
7731 2380
4368 7411
2373 337
7011 5767
3216 9666
2378 1409
9960 9789
6057 9008
9820 8948
6671 4134
7469 1578
754 554
9852 3564
2095 8252
7682 1585
8610 5977
1887 1083
3242 8458
9741 6983
4931 6184
9675 8051
6116 2306
573 2655
3283 3078
4699 9077
4298 9154
7712 5170
3067 8927
7763 7438
6956 6978
5991 1438
9277 851
4799 1580
3662 3638
1072 685
3775 4408
5827 3422
3735 5233
9667 4888
2287 5547
332 1708
3445 5998
2477 873
1997 9986
9404 7206
6257 7353
9491 9056
9899 2167
4679 3438
4355 4119
6566 7494
2402 4391
5697 7070
320 5489
2195 8248
6345 8115
5514 9181
9157 872
2141 3114
3775 5021
4040 2583
2352 5186
3567 4981
1650 3378
9327 8008
3234 1910
7790 806
4874 6394
5437 5241
8795 9282
1790 4224
6645 1217
335 7149
4895 1165
6521 6662
8307 320
8235 3729
8620 9405
7940 2527
2021 3400
4290 9767
7708 6414
2493 5158
902 3295
4091 4050
3796 5100
9586 1596
3835 8881
3815 3537
8493 5593
9512 8856
3398 8480
4206 7826
8631 2297
4197 5644
8840 2443
5288 4804
7411 3570
9939 9954
2321 898
9453 2215
7842 5869
1571 7637
1115 8281
2488 6005
6995 8009
1590 5099
3928 82
1968 155
7853 6155
1740 2524
2949 9231
1473 2635
309 28
6842 4489
6912 8067
7612 9730
7281 3526
8790 3534
4764 753
751 393
450 4909
5201 1291
1074 2561
9295 8860
230 917
412 191
7416 3201
2448 3942
2193 1806
5557 464
3875 6172
1045 5826
4745 228
8540 6993
7022 7411
7096 4498
7204 1236
4825 6354
4181 5377
2822 7510
1883 6790
154 401
3272 6232
4609 7165
2288 3465
6945 8479
7401 8904
8171 8864
5475 7084
4688 1735
1143 3513
8825 2983
1831 3469
8067 2291
4381 2566
3930 5318
8151 2330
6338 2386
6751 9798
1725 4472
8230 8437
8264 3293
6108 543
9850 3629
9264 144
2656 3956
5081 2093
5707 3741
3163 9979
3555 8109
4548 7849
8630 5353
9201 4283
8675 1042
5765 9174
4877 7646
3135 8825
7012 7865
7940 8044
532 5151
8638 8727
6605 3048
1947 5264
8359 3857
319 8924
9189 6205
9001 1734
3305 5752
4356 973
5959 743
784 7512
6488 1943
1010 9413
2954 8572
625 2597
1926 890
5730 1632
9969 8935
9663 6432
8724 5881
942 9615
6970 6442
1746 5926
8383 6060
7244 4201
2889 3369
9322 2782
8772 7843
4345 9017
5385 6688
9276 4693
2410 4935
9471 9222
9475 1786
1092 6624
7348 9729
723 2569
7619 1275
976 1592
2773 1543
6763 7303
4623 3960
6501 2896
9129 9800
2405 5636
6257 9107
3789 4394
9197 357
6673 8899
4753 8794
7584 9895
7017 8398
3457 627
3081 4328
626 3207
8636 5263
9298 8116
7519 6614
6375 9155
7802 1483
8465 7447
7207 7891
9569 3546
3894 8181
2957 4654
6782 1857
2729 168
1550 2376
1771 4571
7402 486
9285 3636
1210 2126
6697 4068
3590 9702
5056 5531
7921 9899
3505 3153
8890 1233
2303 5479
4775 6442
7396 2770
4821 245
9037 2368
9241 5930
7102 706
5097 1134
1164 7954
530 2818
2088 565
6650 1672
6332 289
9270 9711
7814 6471
3405 3513
9665 7187
6109 7356
5260 6133
8111 8177
8327 4690
5900 2450
1270 8129
7526 3189
9661 4382
6999 6226
6580 1114
458 4705
2188 2688
4503 3522
275 8687
6933 1805
2708 2344
3273 9646
8817 9331
7745 2129
5563 5331
243 62
9943 5220
2832 8357
8649 3948
8596 2710
2598 3406
8457 5573
8519 8280
2401 3475
8585 6111
9612 1226
3750 7642
8937 6122
8719 4137
909 4041
3748 7024
3889 7749
6195 7225
4291 8486
4136 2570
4668 1751
5371 8617
3611 5346
5551 4423
9208 1565
832 2707
7803 8827
8453 113
2787 7293
6633 527
2322 3547
6312 848
8457 2453
6673 3765
7539 1447
6993 4373
3035 8566
5384 9146
3207 9550
6332 1228
3844 2745
23 6040
2019 4615
9001 7902
1048 6318
3830 8577
8621 6792
606 1658
8130 9147
1027 9598
7683 9524
3535 2950
4120 5155
1728 7603
7131 4737
7759 9096
1575 3070
3420 8676
1604 8911
1942 9624
7588 2300
3936 8209
1464 4809
9129 3410
8687 8599
8847 9851
9389 6009
1775 7826
6939 479
1762 5370
3258 324
3545 1093
6355 590
3628 5391
894 243
4910 7198
1080 3665
3930 9095
7556 6066
1471 1776
1613 6089
6734 7820
7886 5450
732 8872
1321 8451
3302 6167
7405 4514
6872 8662
