4995
50
11715777
92 109 101 108 96 107 98 91 91 109 98 93 97 101 96 109 90 109 93 95 99 91 101 110 108 103 103 109 95 101 98 97 97 104 95 93 104 99 105 108 108 101 90 97 97 97 100 101 104 97 
-84064 -89174 -83770 -97633 -86163 -75174 -78611 -87358 -83000 -86575 -77744 -80850 -91904 -82301 -88444 -97263 -78428 -93118 -78693 -75943 -89602 -81197 -92783 -95485 -86429 -99512 -86972 -89537 -87974 -81657 -85089 -81815 -84555 -83806 -82652 -74720 -88739 -87249 -84368 -101288 -85410 -81258 -81428 -88721 -84823 -79135 -79066 -86491 -92881 -87598 
74306 94345 89960 105485 89651 91172 87005 78303 78862 102155 85093 71225 80694 85434 82129 94415 72611 99316 92183 80759 91569 84323 78806 96810 98754 92874 92676 93729 87681 93466 93087 85628 81325 87177 82339 73450 88547 88942 90140 100124 92581 94164 75710 82097 81269 85954 101578 94167 90032 92421 
8528 7481
2228 6592
4249 2652
4080 9322
6842 1884
8753 8787
7078 781
4621 7569
9881 7688
5745 6585
1971 7516
9550 936
5021 3426
4029 6759
7251 2471
3478 586
1748 6772
4290 8597
9913 9709
6280 1271
2735 123
9973 316
1977 6917
4943 1261
3491 465
4359 2438
8837 6005
9778 9417
6180 1336
9092 6558
5482 4462
7202 3365
5229 8007
7992 936
3106 3515
7912 6098
8684 3205
5920 444
8613 124
2211 2881
2386 1187
2821 4084
5688 923
3550 3638
8753 3337
8234 3688
1904 5418
6191 6328
4941 945
3355 6493
3451 5720
5396 9279
3224 555
7980 5136
2551 3657
166 8694
9581 8364
5768 8967
4262 3718
2236 4247
3441 1490
1144 6100
5912 6478
6511 4039
9248 4771
9941 7402
1292 6335
3146 841
6218 7893
1046 2640
8510 9038
3699 4712
6596 929
3716 1172
3982 7538
8201 4830
1244 5833
8609 5988
2183 3524
6066 7712
9717 2827
5269 1434
1794 409
2654 1987
4476 7402
7165 8583
1271 7730
7216 3712
4307 683
960 4282
6640 8491
8453 4376
6105 8717
8038 4291
8388 4042
6716 2598
1901 1347
3222 5859
7203 5891
3927 736
5026 8105
1498 4200
6711 761
5773 3395
9562 8014
6470 2409
3420 2757
5488 85
2986 6350
2103 14
9869 6046
689 1645
1578 3942
1795 4117
9012 2501
3455 2526
4622 2842
9595 7453
397 9293
486 4577
3767 4681
1114 6261
4385 8912
7366 6386
1147 4276
8588 9638
1593 9756
5773 6833
6511 814
9732 6874
3267 2922
1435 9714
1971 7415
2227 6680
5024 3607
6193 8802
3317 8325
4991 7280
1920 3635
4835 6031
7143 4725
4298 226
1323 5794
5806 1134
3937 8711
9786 3102
1562 44
4229 4187
9594 2069
4268 7540
201 9903
4917 9935
211 4256
2929 3508
3948 2457
7392 9183
8953 3183
5662 5348
4938 6496
2704 4768
3007 8322
1583 813
9932 9773
7499 3627
6831 4165
983 1026
8843 5254
8665 6116
4257 9003
3345 1306
2213 6611
4177 7149
392 3666
9994 1863
290 5652
7941 6360
5898 3770
84 5113
9640 5060
252 4436
6467 887
6396 2414
2987 1874
8443 6225
8255 4302
4491 1523
5980 7826
3696 2478
9543 9160
3856 321
3071 8252
1398 9154
2353 7186
7958 1392
610 9558
6938 42
1360 2693
9912 5735
9712 7864
1331 3557
6669 2850
9413 8014
2454 9204
9062 6818
7391 4107
8943 6008
7221 3535
3671 5434
1240 3509
7848 44
5707 6437
8314 3583
9907 2727
6674 1987
8140 2624
854 7238
7338 9078
7939 7850
8301 822
3908 7931
7200 9324
3866 6372
4452 1565
942 1519
8709 476
7308 2819
5693 4509
1454 8182
2945 3500
3305 1338
9558 6582
1400 6809
1845 9291
6232 3864
8127 9421
4661 2810
4549 7662
3096 2167
8682 8436
5405 308
3034 5733
6432 903
1450 2198
1906 9103
5629 9602
888 7658
9358 6905
847 5483
5504 9418
5287 8736
1367 1407
8598 4302
2685 9923
2924 5688
7948 8273
4830 5047
79 4812
3726 6827
355 6344
5036 8914
6093 8692
3338 322
7807 2680
7122 415
5467 8728
8407 2476
7276 1103
3703 7991
1123 756
5552 3398
1372 5646
5530 2195
1692 8554
5180 620
2087 2873
5121 4384
6272 3355
552 2796
2959 4254
4660 4075
1610 7567
5531 1498
1989 807
5986 8142
3531 6770
4757 5187
5807 1892
9345 5400
2169 9841
474 5961
1154 6187
4531 2818
4919 287
4570 9228
9703 2429
6455 7538
63 888
8842 5560
3859 1527
5198 6759
6269 9178
882 7509
7715 5442
3255 7265
137 743
914 9619
575 6553
1004 9935
8011 5665
2075 6291
7585 9159
2087 5069
5789 9320
9983 9890
9344 7582
6595 4382
2321 7975
6788 4870
6808 3591
9285 5584
2803 4296
9293 9560
9491 3155
516 9773
9170 6842
9468 7292
2843 7649
6635 2952
1288 9913
315 7500
4475 1601
4401 6379
46 5016
3348 4739
8108 4263
1055 1889
1805 5013
5797 7049
6423 8813
8012 5751
4743 7732
8155 3270
2854 4780
6650 8229
514 1461
1906 1495
900 2253
8197 1695
6264 7069
9768 5116
1220 8783
5654 5519
9850 9845
3845 3534
8626 6546
9065 2112
5171 4724
7540 8874
9887 3047
1420 6246
8761 6918
4496 4126
4671 4670
3671 8576
8306 1903
8892 4998
8272 833
8508 7996
7787 4290
1830 3354
737 7903
8809 5716
7514 7721
2203 9698
8867 4865
7791 936
2776 77
9162 8729
9227 1227
4217 3093
3901 2275
3475 9998
7483 6829
8781 2775
9319 4214
805 6795
1875 8670
1256 3296
9062 7407
7281 691
4996 6503
1219 2390
541 9838
7286 270
3073 864
1033 7393
7908 1252
7498 9925
7905 9443
8442 6977
9436 3409
1146 9848
8017 4158
4035 2325
5231 2119
3129 4602
5362 5131
2415 9595
750 4176
4832 5884
3413 8369
935 1072
1626 8170
2425 2023
759 2493
4403 3333
3697 2334
7605 5126
6907 3516
834 8770
5198 1291
7208 7381
5665 4657
9355 2276
8196 7504
5276 2538
4822 2610
2350 5367
3331 9154
267 5212
9458 5240
1562 8622
8346 8415
5275 4701
2086 8335
1442 7508
8749 7675
6665 5109
8435 6807
7597 9352
7589 6812
2042 3523
749 1676
8957 4590
246 7550
9299 3679
9786 2896
2556 8752
4944 479
2004 5698
8472 7323
5921 8442
101 7721
5321 6433
5722 6744
2943 7225
7630 7618
8593 2013
6393 3487
2508 7995
6778 5838
3771 2548
4679 7530
8789 7897
6332 2319
1009 1834
7504 9743
3757 4483
2403 1373
9728 8548
6512 9088
913 6615
3068 749
4826 7689
4210 9465
6254 6629
1522 7110
7273 424
6090 4203
3752 8932
8326 6525
1583 1764
2019 4189
9995 1544
2855 9180
2270 3008
159 8899
8034 4716
5887 2602
3939 1021
2132 6006
3676 1111
8633 2869
6785 4382
3561 8843
9185 2078
8846 8882
6938 8853
9754 3638
8899 6030
5468 8024
8191 8627
9266 925
9074 1794
6017 2258
8281 1314
1755 1643
4103 1017
6453 6253
8491 6582
2744 3777
4980 6795
1180 1022
1807 9124
4138 9254
1256 2120
8111 8080
6987 6230
5207 9739
7190 2583
1205 6631
765 3020
5866 1407
8205 8919
490 8244
8927 6679
2178 324
6667 539
6678 7331
2186 3851
1461 9221
7702 1047
1173 3685
3363 2591
1511 4374
2427 8769
411 2683
4713 4041
2766 9272
8249 5389
6663 8409
4375 7603
9586 1557
9146 5547
189 7198
1559 7273
8731 7746
3191 8151
9336 7716
3802 8165
7861 1603
4875 3310
9774 7292
8720 248
5410 2114
4522 2708
3081 8339
8052 725
4027 723
4561 2979
1316 1404
1068 3114
167 2941
5156 8998
5454 8984
2159 1891
4874 7232
801 410
170 2197
1408 3111
1289 4673
5307 1247
2868 3442
9353 8013
659 5113
2336 5656
7871 5599
533 1718
1100 4381
9057 7157
6840 8556
2783 3763
6055 1522
9821 3421
23 7168
235 8859
926 3511
953 7943
2392 4466
7642 8980
1399 2951
4672 5900
819 3990
9250 2748
610 1110
284 6798
7523 5823
4556 2542
9758 2255
752 7604
349 5601
2533 1401
6004 887
3114 771
800 1387
265 7189
1945 8782
1769 6577
3782 6183
385 1258
6413 9040
7594 8163
6254 260
7427 220
4797 4872
1073 8829
2626 6659
2107 5184
4015 7609
1697 5738
8353 8870
5168 9234
402 9029
2077 4875
6027 4941
9756 405
3627 2410
1012 5068
6349 9882
2997 8425
8634 5191
2127 7327
9508 1432
9022 4336
4454 8326
1109 5275
4450 6739
9962 2410
7528 3910
450 7759
972 9483
5460 1403
5811 7135
5202 3361
3932 2096
502 7088
7450 9512
1632 9734
562 1472
8746 6156
8226 8297
7585 3830
4995 476
6600 1031
8312 6400
8678 7300
8822 4189
1588 7103
5799 7430
7555 6137
225 1211
5123 791
4217 4855
4495 1723
7401 5522
1594 1814
8213 22
8023 6811
2964 7590
2841 3726
449 6987
285 9596
7151 1443
5207 4083
8959 4803
8558 3037
3610 7584
8070 3840
1776 6469
4012 197
84 5378
990 3359
337 6592
4416 436
6362 7247
5627 3390
1306 9387
5159 1905
1337 132
2655 6543
3306 18
2644 8149
9635 4343
9159 6309
6252 4332
7698 1586
1363 4603
4177 1882
3184 1675
7036 8160
222 3037
6050 2299
2959 9780
7612 9481
5025 5710
1131 5406
5465 2915
5962 6078
6824 1309
5282 8865
2763 5737
4850 121
5225 8713
9265 6559
9344 6976
8375 684
5904 4615
4941 4869
726 8530
3697 6618
1422 2752
7275 1458
3277 241
7810 6108
9184 1621
2342 781
5299 7979
9848 699
8123 9774
516 2778
6366 4214
9247 7791
1046 4586
6654 1890
2718 7761
2409 3723
957 5809
3196 5178
8627 6350
8811 9550
6785 3351
1515 5816
4942 7729
7348 7690
7156 3646
1087 2718
7495 4777
6625 9849
9119 9725
7354 7621
5538 689
866 7282
3520 5326
7019 4838
4523 878
4732 1641
5980 4248
2945 8013
7799 2745
6628 2847
1342 9522
5837 9430
7546 1764
7244 9156
7293 5124
3474 98
9126 7990
9052 382
5349 256
8147 8339
8550 9841
9460 2473
7567 9269
1036 9298
5856 6717
6128 249
3651 1006
9595 600
716 1785
6148 7537
3598 3667
7711 1713
5892 2281
1739 911
9820 8490
7552 8995
7873 4870
1051 886
6181 9077
9903 8685
9217 472
2740 8012
8842 8434
5531 1435
3714 1708
7985 1969
8582 8556
4060 7169
4767 1763
2378 2497
2292 2497
633 8372
5299 5264
1810 1803
3197 5605
1362 4345
3537 5279
1066 4099
6978 1868
7335 4971
5864 9859
6923 237
6740 4612
1475 1707
7278 8225
8893 7628
7851 184
3448 1349
8822 7569
9909 8903
7223 1687
5571 9569
7419 6974
8452 1298
5804 9064
914 6189
9509 160
8664 1017
2475 5349
4895 5415
6635 3064
9863 4621
6672 4579
7310 947
1157 773
4981 2330
1984 7954
1690 8735
7183 4914
2845 4179
440 3899
825 6080
7955 7426
2628 246
3142 1551
4343 9824
6967 6700
7476 5805
5200 8580
390 7881
233 7779
5534 8323
9949 4548
6602 8168
4652 6715
6739 6451
4461 1608
9925 5486
7501 1995
6530 1963
7794 7877
6658 6614
1252 6765
4948 4827
3694 5146
135 5273
7052 6328
9537 1075
2647 6591
219 2630
3921 5640
5453 1239
5599 2599
6936 4422
9160 9307
6034 3668
6700 8251
7523 7228
9375 7134
193 1312
8920 8214
618 9848
8348 714
7148 7179
9524 6315
9089 3343
2432 2089
6481 4489
4316 3288
2053 1169
1322 7141
4545 2051
5935 3500
3311 188
9898 358
7703 1933
2895 106
9370 8557
166 990
8511 4695
3062 2495
6994 3855
3762 3264
5290 7595
5137 976
3969 1689
827 7732
1969 1523
9522 4727
8070 9208
4618 8469
3843 8977
7087 9189
5815 4262
4191 4639
6329 9928
2625 8534
7908 1479
2611 2763
365 2736
379 1399
2913 8416
8767 684
5974 6430
3238 3240
4155 1095
3651 104
8496 7599
3653 8215
9073 4390
8249 6529
3452 9383
8773 5556
9325 9187
5726 338
2577 9450
8095 1411
4142 6187
2668 4572
2683 9511
2780 7387
9135 4031
5994 6864
3657 531
5337 6761
8810 4739
838 7023
3191 6802
502 8605
2228 8207
6587 2867
2920 1526
1466 8851
6469 4343
425 9304
8017 4887
5936 6985
2379 7091
1541 5976
96 6719
2099 7156
2504 9592
2992 2145
1427 592
492 2335
6602 7324
4022 4453
8257 7533
8497 6987
4979 4589
3737 6884
8613 9479
228 3354
749 8142
6901 3593
5258 1751
1038 7174
860 9977
476 2181
7521 7287
3050 1945
7275 3868
9826 7155
3893 299
8428 2474
8486 9728
8484 5226
1935 6081
1975 8825
9737 5945
864 9711
4505 2901
2194 5471
4043 8846
5489 9367
7530 5299
2441 41
2045 6349
4128 5302
6354 4639
6711 5895
232 6575
4002 4217
732 196
7947 6658
6031 5971
8513 1805
925 449
4709 468
280 4233
2993 3197
9978 3589
1007 1066
6639 1032
8148 5582
5150 1941
2940 6701
2575 1181
1891 887
3078 4517
5270 6715
3978 9860
4878 4188
7357 5190
4807 2209
5292 2026
6456 4799
7497 4670
2299 6700
588 2620
4301 2059
7104 4790
9323 9009
2450 856
557 9012
7901 7025
7469 9801
6095 9520
3238 6491
3754 5100
2286 7515
2070 4622
5251 8705
5145 1148
8325 7925
5867 4188
5461 7823
8426 7417
3300 4028
7837 1387
9509 5029
3257 7013
4803 4947
4617 1394
2548 8768
6899 9267
9025 742
684 7268
6600 7513
272 9336
6578 9933
3622 176
6545 5497
85 7404
7519 1232
4599 3290
6214 2498
2311 1748
2538 3928
8652 8993
8657 5926
7581 4400
6296 5018
128 8240
2293 5517
6935 4969
5627 8151
2201 6223
7970 4906
7826 8355
2154 4494
9684 7516
761 4548
608 4523
1297 3686
1803 3363
1662 3828
7082 6947
3142 4731
7198 8062
4993 6565
1570 6474
4257 2623
2800 1607
4110 4521
897 1521
495 1703
6666 3571
6684 6821
2928 6032
4090 650
8550 7467
3145 5369
9324 6135
2538 394
9729 3626
3928 3327
7040 2952
1974 211
6681 8406
5895 7224
2470 8083
6890 6019
7036 9386
4101 6685
4521 2576
8631 4828
5552 3353
2042 275
2295 7936
205 3388
7826 1256
6545 5790
2877 8810
5223 75
9008 1253
5941 3453
9817 1352
7548 5978
6276 5728
9128 3700
7931 3637
2708 9602
928 5190
4607 2474
5775 7981
3277 7152
2675 15
8702 8628
2618 8444
6639 2652
853 6035
563 7975
885 5737
6875 8184
1440 1825
1375 1632
9717 7902
1965 9031
4361 5850
8713 3035
5497 6390
8360 280
4439 2032
7268 1889
6777 6119
3374 1534
7878 4592
8199 1100
5477 2825
7494 7687
2463 300
6233 6971
5954 5597
1296 4988
4689 4612
7533 5431
4961 571
4716 1176
7682 1141
5463 182
1695 7151
1639 4708
6847 753
4285 6178
5077 6518
9309 1884
4756 7993
5311 6126
8870 2670
4530 683
3165 4212
3666 4878
6398 2108
1548 1233
9040 3110
2331 9909
2029 2294
1833 3508
2073 1790
4513 5241
4141 867
5249 5468
4864 4211
5986 4659
5753 7969
8004 3496
6589 2052
8688 8699
8233 1515
2412 101
202 6982
8859 5131
8231 5728
9076 5303
3886 7308
2858 8911
3335 7769
7518 6232
8205 10
5935 8103
9137 9545
5959 3312
8868 2410
9076 6446
7452 9463
5887 9000
3632 3691
8067 9078
8015 4694
19 878
8467 1248
3522 1726
4772 4066
4698 5508
9823 1653
8829 7252
5326 1422
1707 4605
1585 5141
9311 6907
9116 1555
3898 7469
8074 2866
4319 1049
9782 9437
1557 9371
1626 5877
7763 7057
6692 8964
1962 2652
807 8985
6189 2382
4454 981
6640 4698
2968 4368
9165 1658
1897 4593
8721 8732
8548 2495
9771 7435
5877 1228
1981 4724
5956 9537
2196 1243
6349 273
3503 6971
2675 4499
7132 1868
5324 3346
8427 1123
1803 906
1193 4231
5072 2131
6496 5907
5571 153
5974 5576
7377 6368
5416 5132
549 1558
2717 9138
461 6758
2014 6460
5959 6017
6314 7279
1957 4240
8516 8368
5886 1764
566 1021
5108 326
8121 333
5570 1691
1531 7752
5352 2409
9561 8684
7525 3711
7764 1964
3652 8177
8272 1006
5779 8274
244 6511
1469 4842
1482 3876
2417 611
9529 3830
5501 6913
6638 7760
3783 6182
1671 3355
6162 554
6569 1693
4263 1159
8587 1957
8393 8685
2010 7493
4794 9768
675 8810
8980 2506
1615 4182
2507 2372
706 4367
9023 4904
6064 9920
8266 3714
3969 4956
2777 7012
6695 2981
6617 1528
9952 4863
5268 3596
9233 457
5516 9533
344 858
362 859
4793 9073
1981 703
9427 3293
6471 7750
8747 746
8129 8479
3319 429
2175 8193
2561 1391
2478 3988
26 3128
1366 3834
527 6372
3657 7476
5561 6704
8199 9728
6153 5813
2682 4941
4289 3354
8432 8153
3262 446
9184 7837
8288 9025
1337 825
6292 7441
4349 2823
2452 9217
9094 5749
1334 3234
2282 3141
4495 6748
506 8481
7580 3220
9396 8274
1793 641
3255 9833
5205 3536
8611 3467
7049 3011
5230 2337
8480 1614
9338 9119
6490 1186
7864 1476
9538 5552
2473 5288
3841 970
2642 5195
1629 5741
365 7714
2178 1994
1382 4389
8166 3649
1719 1936
1145 7353
7251 7191
6782 2607
177 216
4721 8163
96 2468
8017 462
4512 5403
3703 5978
6902 9299
9091 8050
2703 5880
6736 9499
2558 9850
1852 728
2323 7423
1628 2659
2418 4707
7832 7579
8267 1685
9002 1243
322 5447
7781 1037
4500 7070
1892 717
4532 4522
714 2195
9228 1247
2860 4346
5847 4569
9165 4989
3987 6430
5432 6309
597 3109
4087 5249
2465 4691
9310 2812
5784 7121
6304 7163
5041 5478
993 2542
595 6962
5888 333
9259 4612
7340 8441
4592 4962
6498 6954
9397 2840
3516 2313
7661 5145
2924 7127
1068 9994
8866 5909
27 908
6658 4886
9144 9043
7422 5530
9539 2609
6596 7919
4914 1998
6039 7427
1901 3190
6103 4015
7454 1500
7568 1623
9140 1029
9081 4354
6796 4046
7514 9286
2549 5816
8884 8991
4086 7141
7336 3088
803 6694
1086 6172
9798 676
7844 3226
4226 9989
6284 841
7302 4676
4257 1731
5646 881
5304 8475
2145 5075
2468 739
3229 379
8237 2961
3309 9964
8463 8046
6620 9690
3573 7243
9753 9421
2472 8909
4081 6940
7440 8648
8184 5808
6174 2328
9239 2543
9546 1871
8203 6720
309 4820
9866 7933
4519 6076
1860 2252
2661 7823
1027 6980
7670 2466
3874 2833
7421 382
1553 9006
4315 7058
1220 587
1742 3500
3784 4363
9612 3176
9984 5641
5398 9225
4508 7900
6311 447
8654 1536
5658 571
9458 6723
9518 6997
9517 1229
3871 7322
8574 6911
3096 9746
6851 3730
4421 5750
1991 5461
3042 8324
8969 4366
5850 2532
8168 7435
273 6402
3374 9853
4881 6335
2329 6032
6598 635
9202 2701
667 4247
3010 2161
5181 5317
8599 5669
3389 3487
951 181
89 1523
712 2298
8849 6601
9867 3728
8339 4586
740 2916
5533 689
1589 3890
9459 4570
1808 3640
7921 4424
4877 5620
5374 3440
9934 4178
7318 1391
9154 8238
2535 9107
127 1459
9825 831
6106 5254
6789 6819
7466 7465
5746 2501
7641 5185
9651 9857
5981 4955
14 582
6022 8498
6627 7016
4954 2828
3156 6595
4167 310
5253 4840
3042 2552
7385 7058
8618 6209
1582 6669
3770 162
3421 226
6846 2883
9909 5995
5763 4027
761 5887
36 6879
5013 7044
7289 4057
3773 9080
6260 4505
1350 2629
1358 6160
6690 2660
5921 7022
3933 4685
7517 8299
2225 8392
953 5426
3302 4973
9546 7579
8469 8729
837 9226
7582 5739
883 1371
9169 9401
4178 8701
4381 3617
89 1003
5232 4727
9414 5896
1759 1418
6621 4083
7641 7219
8954 4119
9906 2246
5838 816
9078 3721
2986 3331
1758 7396
3103 1693
5858 4708
1940 4797
4036 112
1311 9841
5869 2037
6004 5929
475 6389
4937 3890
1186 7578
5581 7693
9444 3315
9764 2386
2484 7593
8302 8430
2529 4440
1059 5058
1311 7185
2440 5060
122 2941
8070 1558
5560 8370
7959 2723
6085 7218
6327 9793
2758 7916
7524 2868
7252 5027
7168 574
550 8573
1847 9431
5108 5026
870 21
5642 4130
1053 1714
1760 3458
7164 4211
9140 7083
5002 6600
8798 1758
9904 6632
6991 9542
9190 2537
36 7260
9375 694
7478 5893
7585 2374
2313 2875
8208 3776
693 1821
3977 9897
5744 9069
3308 2239
6011 5036
2574 5340
6528 3714
4656 2507
709 7172
8042 7060
5280 2127
2147 480
9664 3006
8462 1730
2823 6533
6610 3947
5674 180
7917 5069
8474 8252
9996 4731
5902 4677
4797 751
9390 432
326 2077
5383 3458
2336 1043
3030 1798
1614 5339
7153 1816
8918 4201
206 6633
8016 9995
1441 6240
7904 1728
2612 3924
6952 8972
4646 3802
275 4937
4972 486
2031 2018
8530 1878
6885 2047
3534 7271
1692 4877
8598 4899
1952 5398
4702 1424
7474 2139
8395 3375
2334 1666
665 6776
8356 8613
7163 120
8553 6113
5464 6942
9865 4959
5425 910
2056 9375
3594 939
8465 5067
7523 4438
8020 1719
6215 6673
6706 825
7260 5985
3582 6655
4074 8448
5425 4218
5421 5606
9370 834
8347 4883
9139 5915
7310 9128
6650 2103
3795 3934
5273 4537
7933 9367
1311 9864
7289 9311
2561 9842
496 9373
4610 9852
5248 7327
3758 915
4180 2559
5658 3462
4697 1175
3954 3042
5145 7339
5627 8532
1017 8043
5371 8325
4852 2872
8993 3471
8703 2992
3818 6317
1234 1748
731 4997
9159 3132
371 9057
3666 4121
1936 1648
5920 7586
3564 4862
3737 5253
5535 6196
2546 77
406 7873
7002 7939
3229 7157
9491 5492
1738 8286
6414 8573
2711 1733
2667 3057
6101 843
6064 3501
7609 5102
8896 5252
5689 9689
3447 8592
5495 5281
7206 3540
3686 7300
610 7430
6886 6689
4224 4180
7261 5026
2369 1519
7772 7866
4105 2108
4976 5011
4759 8556
4491 7424
1141 913
4820 7503
7777 6544
8161 3544
7527 5631
155 9919
1757 9444
1636 8404
4557 5607
3161 1544
5985 3794
7350 5984
5019 8300
1131 9298
6552 1470
3270 5621
4613 9481
1211 9671
9310 7289
4306 5345
8529 7358
9951 9788
1375 2580
330 8500
7557 8069
4877 3494
2102 5276
9682 9367
1704 7898
7238 7533
3105 4352
6942 1522
5081 9160
1314 8676
1351 8432
4479 9147
2772 6385
2281 1526
7209 3390
741 768
5370 4899
8371 21
9887 3136
5913 8355
8417 1038
6104 4549
4336 1655
180 6799
9397 305
252 6261
7049 1306
9283 868
9599 6667
8038 9174
7334 1466
7177 4523
596 7762
3573 9864
4701 2402
247 8116
4677 9094
2534 9052
3972 9868
3045 2907
4076 995
4818 8681
4410 7100
8099 588
1045 8170
2974 9720
5741 2031
8859 6559
1190 645
2753 6493
5180 9997
4052 8903
6310 8268
473 3845
4282 8146
832 6933
3548 7690
7368 1442
6255 4386
9058 6402
3450 877
8850 428
5999 9768
2185 9194
4283 4928
7452 9046
8214 195
4511 3950
2200 7101
3354 2785
3059 3592
8748 7253
7555 6776
9965 7691
7768 952
4964 4318
3987 4704
2034 2523
1512 7076
8012 6136
4804 5740
2040 9614
3458 8753
2081 7293
9654 2638
2385 6886
1634 2920
8172 9080
9769 4513
3787 566
6924 9750
83 4660
3332 4944
4848 2382
5200 8655
2678 1973
3510 6234
9856 3443
3525 9104
1025 833
1172 8493
1871 701
1541 3617
1251 9672
4459 8525
4282 2394
152 3719
8739 9175
8550 1331
1882 5886
4393 3635
7812 421
9574 7482
9472 5611
3663 7892
2498 9241
6797 5358
1560 7169
2745 9115
3752 7642
4238 646
9783 1803
2867 3743
9431 2300
2441 9131
6273 4629
3442 4283
66 1617
5080 4228
236 6946
3578 2484
6182 212
3547 9292
9654 8346
2136 6548
1390 9702
3587 7471
6377 3124
2576 9665
3555 3577
3454 7416
8574 3507
4638 1068
4231 1578
9575 1000
2308 1099
7731 8766
4913 1002
3023 2133
5609 8104
3303 6949
1295 3159
4583 1052
2882 5814
539 1555
6470 711
3162 4862
9980 1556
5369 6727
349 8640
2489 3605
2586 3202
5532 2174
2501 3198
6664 6293
6176 3780
5037 471
8815 4213
7883 361
8691 1937
8240 1505
7842 6200
8633 7049
7464 4295
2844 5570
8645 5885
7456 8926
4014 1215
9384 4584
1487 8795
3413 7155
6496 2707
9997 4012
7765 4528
704 3232
3152 109
9204 6447
2503 3844
9106 7350
8920 9777
2670 9888
6593 6548
7177 6097
5910 2064
1303 59
7136 1590
7480 765
308 2860
4620 5789
615 27
9261 9323
8087 1807
3270 7411
6358 2472
1805 111
1360 2036
4466 3528
803 6427
6934 1984
8594 5631
5808 8159
6298 3702
8342 3904
4201 7514
7279 6688
6033 9827
4920 9716
1110 5378
5180 2297
3197 9924
6655 6971
3605 965
1142 5520
648 553
8006 9289
9855 3266
6806 8482
2563 9782
1327 1040
4038 77
8849 2651
4356 707
8743 4976
8802 7933
2132 9253
198 7715
2925 5313
3298 9200
6861 7708
2662 6315
5861 1842
4090 5689
6110 6635
8373 3742
6445 928
8141 1327
5593 3725
5007 7847
6591 6095
9320 2101
6245 3885
9791 6842
1949 798
2510 6710
2343 9728
9053 7311
1329 5252
2974 9007
3739 9586
7898 5069
684 8012
9551 4378
221 2179
4481 7165
7854 362
6989 7317
3192 6276
5128 6110
8499 9869
9502 6666
1992 3485
8182 8489
6528 6666
5749 7680
9491 3368
5484 8237
8376 6678
6122 6390
2471 2197
4735 5274
4548 7092
9731 7520
2709 7536
8298 7306
6545 2340
1862 1435
4436 3146
4139 6151
7007 8748
234 8787
8247 5230
2357 2124
8709 1992
6269 5382
6928 3206
5427 885
6197 488
721 8641
7793 421
7441 7613
5828 9187
8762 7692
7468 4339
6898 89
3400 5996
1580 3466
3512 2902
6707 9546
3135 2169
4412 404
6730 5802
978 5371
7604 7623
365 9636
712 6525
9057 997
6584 4194
9777 7240
2920 4798
9740 2312
27 8422
953 1461
9532 5930
3970 6729
5977 922
5165 3811
6679 6682
6745 8953
7820 675
1444 1401
2828 2926
8600 1558
8136 8436
5084 4150
8700 6706
3085 295
9051 4328
8953 3646
7604 3830
6262 5100
8421 7977
2837 9948
4383 7900
4335 5127
7432 8612
2573 7383
3146 8702
1549 8350
469 3966
7099 1958
2964 1332
7658 7450
3082 6580
6524 4649
419 7872
4757 2975
918 9976
6658 8302
4587 8522
8033 9108
1567 5017
2411 6588
647 9800
5119 4120
8878 891
5870 2098
8141 4841
9356 1092
250 2956
7884 302
4562 4817
6890 1206
8665 8572
4367 5910
8498 1495
3706 5285
5017 1274
7911 5318
3248 5190
3867 9873
7523 570
2504 7698
3570 2874
6509 8425
5876 7123
3091 3362
7584 3895
9122 7948
4816 1165
9823 7588
6843 3082
4669 4622
2339 2287
1576 7734
2451 3990
5181 7278
8094 5335
4429 1383
6456 5013
2511 7393
6433 9035
3060 5198
8942 1419
2468 8446
9893 4340
8833 4784
4598 3620
7759 3796
3409 6814
5445 4941
7865 4726
8910 2202
7538 4725
4585 7478
5888 325
7176 1686
2487 8049
8242 6548
716 1262
2009 432
4985 1642
1642 1012
2296 647
2609 3901
8875 8329
9232 9288
6911 7521
7211 234
5935 9890
8642 658
5317 3241
6039 1374
7099 9575
8646 6663
4960 1382
6464 8687
9505 430
5124 2180
3030 8563
4806 2088
6910 9707
5335 2674
6317 9379
8826 492
3318 376
2871 862
8707 112
8761 3921
2401 6113
6148 9161
780 129
2800 5423
5925 338
2060 7979
5365 9233
568 3519
1532 768
4008 781
5529 7612
3907 9467
1802 6878
2156 960
2791 5803
5496 2861
7483 4786
2799 841
8417 9707
5664 7745
5469 756
9848 2200
2009 5458
4142 9087
4083 378
50 7783
2713 4698
1521 2787
9606 7128
5223 175
8737 5146
3363 3173
6750 2004
8457 8095
1700 3613
4444 9889
4339 1854
1273 4274
474 8508
1322 813
2561 948
5940 4312
6091 1436
3849 6559
5807 956
1681 9254
8756 8530
3924 5712
5387 6637
8474 1287
235 8364
3957 6694
6731 8187
7352 4316
1702 5314
3263 7636
5278 6314
5271 1587
6117 4416
7274 681
1720 5942
3925 5267
2055 3740
783 285
6434 9877
9803 4642
4739 5627
8549 8507
9588 6938
6550 3807
9085 9440
543 9112
2422 7991
3398 6809
6559 5528
4834 6593
1716 2124
6313 7928
4333 8687
8136 789
6911 8126
687 418
6128 6715
3030 8573
1556 1741
5238 7540
6243 3101
8438 1550
4318 203
3103 2862
6522 395
6469 7772
5982 4195
5324 3257
9800 5802
1611 4738
1630 9852
5633 5322
991 6328
2224 1879
9935 6558
645 4012
7530 3014
6618 1427
6186 1348
913 7313
9044 3153
5526 67
5128 1822
8116 4643
5727 8328
3825 2723
7594 6718
3227 8331
9117 7107
9285 7952
4987 2755
9777 7463
4942 3381
9170 2352
7976 9411
6593 6486
3175 3904
773 7845
5979 198
9855 6405
738 512
4246 8619
8153 9813
1129 6308
865 2330
6501 4044
4963 3509
6251 2332
9815 1837
4216 6964
565 5389
4930 9134
482 4594
193 4216
3744 8584
6600 7816
465 5686
315 9387
2498 3788
5479 666
9601 1770
8261 529
4526 4115
4437 2418
4302 1708
5211 7779
5368 3215
4093 6386
7426 9454
4583 6445
3073 3211
8883 1069
8054 3909
1386 6380
7488 7711
9944 4092
1078 4468
685 816
611 6600
7981 5374
9416 434
4619 30
2390 5319
5756 8979
9223 955
3078 2476
7416 9835
9753 420
1172 996
5390 2335
8922 9897
3641 9555
2269 7289
2438 1451
6602 9990
4259 6233
891 436
3244 1977
2854 8673
1195 6915
672 6433
3078 6683
5987 2080
5300 8119
7574 6036
5070 7537
281 2658
5364 5579
963 4915
9196 6131
104 3178
5100 1849
910 6778
2313 2473
9088 9126
5888 1868
7745 6670
4595 6205
4781 8827
7473 6705
2160 8005
9907 5054
2166 7763
64 3424
3747 4654
2653 192
4123 9918
9686 9855
5656 7250
7106 6659
6233 1537
4775 6021
8520 8297
5629 5797
8298 702
3733 8574
4308 6103
2497 2464
5950 2837
5063 8767
3004 1566
3040 4828
2526 8916
7582 7477
5598 754
1650 6121
5297 6011
296 8961
8159 5959
6573 6914
9398 8513
9114 7152
8830 9492
3986 5955
2338 3292
5577 5381
6226 7947
6949 5857
9799 2823
988 2464
2089 3989
8674 591
1506 6265
9912 7396
9456 8932
4370 7703
7783 3268
3629 7662
177 5017
1583 6555
8415 6111
9433 9261
6302 4854
6342 4434
5582 3172
3140 4778
4541 9965
2429 6745
9908 2386
6825 6525
1284 6360
5687 4146
3987 9314
9540 2898
7886 590
5829 8268
6969 1087
2857 4635
9435 3017
7230 8940
2345 9480
7976 5977
8798 4116
9599 2723
9379 7707
3246 451
8570 5301
7454 906
3817 736
9397 9781
71 2159
4815 6758
2948 3330
6962 8525
1740 8433
1026 5177
2085 2853
9682 3225
4029 3131
611 1834
7874 7825
6175 3218
9220 3443
2391 8091
9626 8084
4898 6625
8079 6727
5805 7100
8185 7849
2784 8092
7497 921
1195 463
2189 6627
5144 7168
2335 4763
3320 2535
7504 6351
60 281
1651 4983
4555 3844
8124 3933
6681 1453
9033 6581
7049 8556
7558 8051
7105 885
8919 5962
8648 7080
2449 4577
7659 3534
9251 71
3354 3339
1290 1537
9075 1475
3949 8638
7416 5681
1951 2853
9301 4979
337 8122
5024 5240
8507 6080
8573 1833
491 4177
2574 3467
805 9284
8275 6737
7736 3010
2362 5088
8545 9618
3655 3533
6151 2871
1839 9723
1502 6111
5777 1719
7391 3500
5375 6989
444 787
8345 8711
3975 4410
2520 9820
7323 6691
1005 4651
8331 7239
9167 1661
3277 1411
9058 4090
7516 386
8077 7059
8916 515
1704 1689
7686 4572
8478 5888
917 6912
9924 1805
1838 7015
9422 8284
5143 1844
7462 5483
5546 6377
531 4190
2080 8764
1748 4649
409 744
3886 6728
2922 6436
6904 6448
3823 6761
4099 5340
790 4362
6238 8307
7863 3786
2353 995
5357 3174
2858 5638
5586 6904
7401 382
2777 2509
1271 3231
3393 315
7156 6552
7849 1393
274 9130
141 5825
1190 7245
1600 2181
9990 8565
5598 7007
1853 9732
5740 2324
3359 6924
6765 4171
9904 3704
42 7089
909 3217
6526 9164
2630 8267
3520 3474
4265 8489
6746 8747
4125 3452
9658 1409
4859 9123
7481 3994
6414 5271
9278 6707
2689 8054
96 7271
9134 9232
6254 2115
8988 1341
8766 2757
2166 8546
3142 6634
8924 1979
3720 658
5045 2150
6737 1953
7311 6082
3845 8058
9130 4071
6635 9319
2925 3465
2073 6347
4897 2298
4225 5375
4422 5376
2471 9865
8527 1924
3394 2933
8052 606
17 2848
9732 9964
8221 3603
1332 5089
4741 7231
6630 4593
7879 1063
7619 7310
5475 2619
4458 4463
4914 3175
1461 7255
8641 4170
7963 7809
9704 5760
5387 3746
4324 3529
5771 7678
7112 8445
554 4314
1682 1920
858 736
9985 9321
3266 3755
4890 1541
187 3765
6434 3652
2846 8177
4103 8446
5581 3908
8116 9288
7588 4734
1419 3466
2757 6441
9414 4384
7872 4639
5967 974
1032 3288
5107 2832
6093 8398
9039 7230
4804 7045
6664 7513
6666 1990
6991 5230
5237 7493
8122 6470
2160 7149
2319 6013
1284 5416
1679 2161
5841 2956
9784 6315
1850 9362
7342 3796
161 6166
9637 3149
597 4965
3168 372
6478 4438
9338 8725
565 2482
3106 3931
6906 4438
3214 418
1140 7593
8117 5671
4428 4988
3811 2791
3171 3687
1291 2484
6824 3670
3557 3444
4420 9100
97 5411
5240 5559
3044 3233
6652 623
9242 5871
330 1899
150 3020
2896 1840
349 9316
1854 1688
6569 7644
6862 526
7508 196
8848 9628
5550 3267
5756 8350
828 7481
2918 6171
2456 4733
769 5889
6598 1726
6927 4439
6130 7737
8876 8590
575 7568
4275 1309
4991 9058
6025 3842
3960 686
3985 8175
4822 3031
1584 927
7470 6252
5817 8249
507 122
7239 9943
6202 6628
7956 9687
5096 7179
1119 9774
9951 863
8305 8986
6625 7620
9688 4967
9086 6209
7723 7275
4110 1022
5986 9536
4043 3955
755 5317
5676 2978
9278 8299
1549 3057
5429 6967
810 304
5702 7181
1479 6434
447 7151
7392 5513
3344 4008
3391 4233
6299 7806
4398 8130
2210 6409
4852 5653
9573 5446
9867 4445
7179 7329
8791 8461
8896 9317
2691 2034
9720 2373
5020 41
1727 3878
4406 3726
4855 4020
9949 1514
86 9996
3759 6746
9612 6534
8590 3736
3407 1080
9150 8629
3422 6792
4358 9883
9345 7260
1312 6113
1079 9844
6942 8658
1125 9810
874 3332
1554 1193
8129 5898
5266 400
7882 9351
6905 3268
484 7697
9054 3052
4571 60
6066 1809
9642 4116
865 4486
3519 2120
996 5779
3908 159
6068 1717
8677 5248
9641 4529
2868 7907
6480 3775
2858 5008
8977 9670
5384 9277
3356 6879
7308 543
7500 525
7374 9352
3047 3361
9965 3899
4953 3052
7475 1519
4752 4418
2184 5700
9996 3943
6273 6306
3986 915
4036 87
7847 1188
1751 5082
3561 8059
1500 7356
9948 5758
8956 8663
1452 2465
6077 8069
1640 6948
7608 6612
9183 486
5136 1229
4442 2407
3346 9991
4424 3317
1152 7287
3339 5595
9943 2953
5984 7142
871 4185
8892 1206
2857 6854
2161 8560
8874 7983
3576 2247
766 2037
6105 9327
8334 3277
4237 3822
6929 6286
8083 3240
3752 7616
2684 5701
1768 5976
654 528
2459 5492
5765 1346
2891 4890
609 2960
4475 7374
2414 6293
6839 9083
4111 3705
1734 8884
7461 9391
4116 4448
7496 7538
4957 2971
913 2385
2610 9216
6679 7467
659 6393
8937 1385
9804 3205
4963 2862
9541 3557
1644 9791
5037 2679
7587 7470
6006 8862
2872 3506
6228 5255
4788 2919
3969 2667
5418 8581
9025 3173
1899 2437
5191 7348
2372 7956
4536 3794
4099 1276
3299 6255
7794 8201
2571 6446
1440 1349
17 2487
6928 5948
848 8582
8539 3539
1223 8368
8113 4111
1544 1136
6000 522
4800 8022
2490 8379
7589 4824
8293 3924
5644 7494
8665 7744
9101 8781
2769 8110
8372 7410
619 2419
4098 3221
197 2272
2653 6679
2249 2037
4848 7603
8150 9917
7394 5444
7500 5914
2439 8796
7274 9208
1701 7483
6133 5415
4797 8170
5188 4585
632 1477
6811 5296
8301 947
2042 2961
312 40
3445 6854
8062 1191
8655 9559
4834 1268
3652 3263
8125 9936
5980 8285
1287 9970
6980 6497
3300 4274
8562 2630
9834 8335
8634 7154
4499 2761
7019 6994
4848 6856
159 8460
9825 2523
9287 1639
46 1656
1235 7655
1371 4641
1788 9469
8838 3758
1262 5253
1267 4692
8467 7485
6760 2114
4975 2236
855 2962
372 7282
4294 3303
8608 199
7677 6839
6222 9355
8091 4356
3805 9620
6843 2808
4024 9174
3004 1088
3871 8703
3460 1685
3810 4946
9292 5555
9449 8051
4544 2223
4758 4276
5065 1510
4141 7852
3110 8408
6589 284
3649 8297
3400 2392
3565 5603
5859 562
9196 8433
8258 6260
2620 9284
4227 5957
4255 5264
1565 5631
8354 3857
6155 6381
9161 9618
9305 1178
3602 5254
7885 9229
4704 9703
1087 4262
9009 4560
5940 5555
9302 4930
3287 5600
4912 7563
2735 5052
5552 6168
3173 8997
7566 5499
48 700
5179 1389
5169 8233
267 2550
4471 5633
6139 2770
3647 9327
7067 7309
6420 9106
6647 7571
8671 6012
1858 8481
728 9609
7885 5731
4380 6385
8577 7710
8087 6004
42 3332
4017 808
7226 9323
2193 305
1897 3571
6239 3072
4096 1893
757 7487
5163 5518
4468 8626
1989 1141
1055 309
4009 6919
5912 5897
7777 6908
782 9014
2657 5331
2289 6250
5109 3508
3038 5226
4283 5010
3209 9950
7310 9116
8818 1944
5953 9772
666 4398
7304 5401
2747 2754
3907 9239
2678 6339
7308 3625
7316 719
5787 5637
2255 5232
3925 6591
208 6454
4844 1734
3805 9818
6143 1953
5502 748
263 1420
7353 2623
8033 6873
6498 718
2087 7726
3385 4129
1678 5385
5857 6066
9084 2761
6791 366
5890 967
9053 7787
6959 2547
536 4033
9505 5223
4454 8069
8787 7681
6983 2517
5052 1361
3337 1087
7152 6654
3090 2503
2712 7369
7706 1883
8536 5862
6865 1745
1556 5671
4655 6552
8704 5576
5059 6984
4530 5913
8047 5933
5977 8808
1454 9842
1768 8415
4152 2936
8148 4324
4053 3364
5040 6314
8257 8582
8007 3406
4070 2530
5401 800
5812 3512
7066 8156
2235 3633
88 543
9482 307
4927 7596
4615 442
2699 8208
5797 1517
7681 449
1718 3996
6026 9394
8385 9353
3309 781
9911 486
8083 520
4465 4200
6021 7416
6375 4376
3480 7976
3469 1852
4061 8233
66 4978
9202 1487
4923 9902
1306 9780
3573 5100
9682 9421
3815 8112
9097 5360
7623 275
9679 9596
4541 6426
952 9054
7554 1803
9748 9275
70 735
2723 3691
7608 7290
7198 8315
7561 3346
2899 3691
6875 6780
1933 4469
733 3757
8736 2075
4947 844
5872 7452
2604 4033
6345 4933
7326 2290
3294 4712
4395 133
2482 2453
3979 5527
8905 1407
370 8955
3252 7152
7488 242
7196 2532
9185 4844
4471 5184
2914 829
1315 3318
6889 7172
312 3369
6934 4049
4578 626
6309 2280
4960 5086
4355 9619
719 1583
8626 5121
7549 4318
5043 4585
8517 3337
7061 51
6602 1285
4226 6903
2657 9817
3558 4789
2700 522
7089 705
4445 3726
9522 5048
3635 3115
6332 4304
3361 861
3687 7589
6558 8600
4983 6333
3734 8831
1082 8889
6736 5429
3558 5213
1204 8894
6351 3474
9852 5506
4794 3051
1386 6215
3635 2173
6194 9745
6346 5967
4970 8021
1021 6172
8439 1818
7575 3099
848 3335
2424 471
6820 2492
6079 673
3250 2982
9529 4952
3870 8731
4004 2308
2258 6926
6361 6481
7484 1755
8978 6093
664 2269
9498 4429
5363 759
2062 7218
6148 393
6817 7042
2049 9427
5587 7221
15 1787
101 3968
4858 9806
1836 8096
5667 5649
447 2866
9685 7248
9948 1028
353 506
8342 829
4808 7107
5109 7636
8217 8299
9412 5229
6975 3517
203 4802
4920 750
4707 6732
2836 4802
173 5801
4551 2617
3248 2022
6108 9112
5872 323
1015 4265
7830 9014
471 4379
1113 8665
6896 5545
2206 9582
8050 3022
5281 1940
3729 7042
6169 3564
6718 8181
6118 7309
9865 9383
3041 1429
8941 5922
220 6788
5723 2457
5786 1040
310 8389
3033 6727
247 6321
3292 3952
8350 1205
2235 3739
5415 1453
8585 583
1209 5651
9754 3404
9108 6037
8979 1118
212 3140
8393 6635
4877 5392
1121 4421
3740 9481
9693 9593
4094 2374
1766 6434
45 4419
4932 5832
2951 8795
8991 9388
4935 2453
1633 6545
2008 5208
9788 2072
3558 3458
1703 7565
8651 2117
2922 788
660 1445
7872 4777
571 167
4806 2007
4359 9528
8851 6623
403 1198
678 7398
8721 7198
8439 3527
1026 5793
5728 4478
2578 1071
9210 7142
7032 7782
8775 9032
6900 7221
8676 177
7483 5130
3175 9382
5506 5300
3239 7154
7261 918
2597 871
2309 1401
2603 5614
6607 505
626 5740
752 7792
109 1658
5725 2916
1618 7729
6670 4922
1985 5176
4376 8837
2749 7844
6204 1892
3608 3094
5295 712
3562 854
6296 2411
9224 3891
4646 7199
5551 3337
9209 2889
1432 184
2321 9944
8460 5873
6532 319
5195 5810
7602 6796
3811 8739
5891 1374
8659 550
2082 1664
5472 8085
710 5758
5224 8360
4359 7659
8421 6470
1291 8569
611 7070
2314 6530
6620 9564
7136 566
9874 2193
7804 2803
9748 8806
3069 9893
2180 825
9306 1381
3928 9873
8566 9364
5683 6548
1319 1818
9626 4194
9472 3539
875 2225
9320 2371
5116 1441
3327 1241
8790 3913
1115 4131
2014 3067
5129 9783
9500 6517
2731 7696
6026 8335
8112 1575
3485 7441
3971 4845
2373 2268
3669 358
5308 9201
951 5972
4164 9863
6670 2378
8058 6665
5790 502
6833 9592
786 3948
2562 3164
441 2125
7150 7731
859 6037
3229 2965
5568 7523
3009 3205
2611 9794
1265 3698
75 9627
3442 341
2979 2929
9970 7912
5768 452
153 5066
2833 4767
1262 9537
4257 6598
8227 5614
1604 2284
7761 5036
1760 6822
9974 8416
3480 4389
1783 2674
3190 3745
4484 662
2341 9573
5693 6949
9325 779
680 9103
3770 4501
7051 2856
2151 8646
5153 8347
3061 181
6966 7229
2079 2207
7135 270
8589 6578
9493 3358
7243 55
3543 7815
1986 2451
9475 5276
9622 2302
9708 4806
8825 6547
862 1619
7125 942
5607 2681
3387 7746
1552 1757
3216 4496
2209 5687
5474 4754
3262 5835
2116 5475
6723 8759
4199 342
372 4510
5524 9164
4313 3021
9561 503
8648 7797
4032 4135
2231 7057
4951 3069
9259 308
2959 3991
9315 5010
3982 6982
495 2567
9656 1891
5215 1256
2569 725
6620 7357
2991 1805
6066 8226
3623 2060
1282 459
8600 5507
8623 1382
8747 3142
67 1530
5670 8280
702 2474
3379 9434
9283 5182
9695 1575
681 6623
8379 1965
920 9468
3917 9874
6065 6599
2399 5610
8168 7347
594 2021
4985 7862
7412 7778
2291 7538
7769 3114
8493 8621
274 9130
7827 8712
2047 5127
7567 3399
8232 6998
4819 9089
4748 1460
2447 3860
984 9164
4361 72
6397 1573
4792 3911
6437 3446
6267 975
4299 5481
9877 2884
4976 7178
258 5593
5098 6114
9448 6511
4273 4647
6474 2634
6049 888
6101 79
2275 131
8420 3174
3658 3367
9824 4762
3046 378
6600 4201
4576 1959
9828 1008
6914 3585
6101 1244
577 8120
2599 3162
3608 1770
5549 663
4031 5049
3485 3880
6597 7538
3328 6516
6382 7680
8193 6585
9140 6653
6417 546
4795 3308
3011 7327
5196 1019
3840 1538
2602 2577
1473 8953
3873 1917
4327 4980
9453 8262
7209 9440
4296 858
3853 5762
342 570
578 8597
724 7735
8585 5607
6781 5262
4398 6994
2992 7568
7221 2316
2377 5143
6906 3892
4811 7551
8916 855
9491 9874
9573 5562
4321 2809
4991 6246
1885 5176
219 1666
511 5218
1465 7828
1332 8643
4928 5993
8054 1884
5494 1738
4335 3842
9799 7790
2380 2602
7269 1573
8122 2287
7894 771
1977 7001
1619 8348
9864 5393
5063 7058
2335 7405
5964 389
7945 9096
9928 6442
6181 6314
9294 131
2813 2046
1267 3126
4636 6522
9463 8386
1495 4758
8138 8035
146 1469
3720 1647
188 666
3697 9658
3048 6423
9192 1015
8599 2788
6155 8567
5304 1533
7732 9120
250 7743
4110 7399
4073 8352
4338 1401
8942 6229
9032 8706
9248 9748
25 7688
6810 9323
9227 9742
6228 5031
907 2922
5924 4936
8919 6104
6546 2928
9623 2168
8701 2752
3357 2733
1269 9313
4733 2171
1045 8449
8844 5638
8673 2538
6451 7510
166 1972
9030 5464
2605 5743
5178 3239
6752 4894
2738 9720
5977 5835
6840 9487
5994 849
1351 4216
119 9684
7525 7500
2351 4318
9962 8940
3036 1755
7802 5114
2852 5553
4775 6393
3980 9019
3435 2495
6612 1519
7248 1348
4630 6816
7120 8133
3789 8685
46 1121
9601 8907
687 4983
9892 3011
6971 8900
514 288
8288 202
1237 3539
8154 9879
2506 3095
8650 8204
5802 3138
9924 1841
3218 745
3438 1713
3833 4747
3034 1719
423 7212
3042 3184
3150 5145
2816 6081
2041 8186
9404 1793
9208 1400
6414 7208
5101 7118
4181 4392
532 3951
4817 3652
1947 7535
2673 7372
9012 9583
1654 738
4621 9404
1561 9940
2635 2753
8267 651
3794 2643
1407 1880
2750 6270
206 3503
1982 7186
8416 6060
5780 6851
8708 7361
376 5648
5859 9979
2983 217
9953 862
65 1447
9682 4196
4145 6667
9010 7225
8047 5587
4587 730
8763 937
581 4257
7112 7267
4955 9168
7355 6905
5031 8244
2682 3310
4063 406
1491 3284
6953 3397
2124 6529
4074 8287
9327 6201
4110 5896
3852 2490
22 2504
2087 5400
4274 2565
1299 9505
7773 270
8187 5234
333 1013
2001 4623
5265 798
2824 7746
8221 9037
9028 7267
8402 9932
2510 8462
7007 4063
7730 6517
142 4318
7768 6570
1727 3682
870 8815
3351 5644
2540 2133
8032 774
9107 4941
5512 3821
3695 6287
2373 3102
2620 178
2964 9262
5082 3803
7197 1937
3052 4983
2558 6848
1224 6597
7734 557
1466 9604
7149 3973
1229 6845
9137 1603
5455 4251
2170 7105
7881 3867
3319 7253
5115 606
1415 5122
6450 4673
5821 9434
6538 1084
7855 2503
5878 9908
4595 3254
835 5365
6376 4938
724 1658
9928 1792
1392 2027
4624 8215
3780 2921
9148 5626
6730 6265
3299 3556
8477 7124
7593 1429
2611 430
2792 6826
9060 5398
796 8674
9838 8285
9102 8364
2839 9508
959 2629
1909 4547
9690 3842
1295 2726
641 1629
6934 4479
6126 7585
1052 1458
5888 3903
2019 8159
7630 8299
8905 2980
4984 4417
6032 3123
4937 9165
5449 7718
3507 2941
3476 9832
6010 7849
3478 9972
6969 2573
962 3442
2233 2123
2541 633
7124 3043
8827 7021
7147 8192
4295 5991
4892 7404
6432 9600
6534 9865
9262 8075
3796 9151
1405 9675
2528 2996
2682 6804
1707 9582
9719 7472
7141 1165
8240 4538
7042 7182
7187 77
9052 6717
8716 1345
9808 5400
9909 9985
8725 3496
1584 2429
4376 9283
2446 4934
8289 769
7071 2796
9258 110
8975 1324
6944 5911
3279 1658
6807 4553
4719 6253
6183 8170
1804 7915
2026 841
2672 2050
5045 8474
7546 605
5954 6578
4564 1082
3078 5602
440 1253
8024 3598
9614 7457
6373 1978
2031 8216
8871 4747
7252 2208
8125 4158
8553 3303
288 6835
2389 9674
5960 3716
6019 9428
6431 8535
7347 8281
5327 6646
6028 3981
7307 1431
1500 4437
9987 820
6695 7229
8111 4845
5263 9155
6862 3561
8896 8625
330 4001
4842 9915
2725 8977
7665 4072
5493 2786
3188 2211
9571 740
3199 2635
7344 457
2293 7927
5693 9683
3890 303
1983 2185
2502 8291
5837 8241
63 9245
2830 600
5237 1040
1377 4649
1156 9826
7021 3328
312 4194
4783 4679
1217 5499
7308 2650
7320 5626
1217 4261
1538 2192
1905 2642
4669 426
1269 3081
3838 1403
9984 7078
5826 742
6163 7505
7553 3758
6975 3009
4121 5849
2771 5626
9974 5569
7113 105
5176 5364
7950 5536
4937 7759
7961 8875
4133 6796
5306 364
5650 9436
3852 8838
4471 9697
2399 2150
2272 6680
4172 2870
6274 7685
3373 707
4873 1477
2514 3375
5166 9739
4729 4927
8985 954
3767 8943
8048 4894
6504 9825
5250 7779
2120 6068
3145 6404
9082 5920
7247 8644
4865 1890
8640 4458
681 4488
5492 115
4228 3225
565 1366
3274 4902
1138 3725
6356 301
5992 9903
800 3079
8306 9530
5372 8526
2088 9242
709 6461
6123 5049
4894 4646
1723 5736
5456 3918
8042 157
1779 3633
5749 1701
1128 9185
7175 4379
6236 988
2975 5495
2020 3506
7976 546
7516 8697
8529 5186
4055 5425
1230 7009
4722 1754
6953 235
1119 9757
2755 1580
711 5951
6833 8995
7967 8892
8770 1079
4663 7569
1449 2432
9328 6194
2355 2866
6853 5165
5300 3918
166 7245
621 2859
7483 856
8239 5507
5850 6194
3651 1615
4053 8218
3982 5386
2535 9841
651 3999
6853 8437
328 5241
4291 1941
5939 2358
3476 8695
4746 324
1416 5444
5486 2671
3237 6845
6496 6513
5907 3362
196 480
1974 7159
5153 6880
9386 3515
4463 7569
4460 9067
1238 4518
3417 7055
8734 8776
3802 9202
2179 2207
6505 1131
5921 2947
590 4130
8501 840
3662 6122
6596 295
9163 348
5014 3717
4809 8073
8396 9112
72 8533
758 9916
9008 3653
13 7465
2167 2850
8322 7100
8233 8903
4001 2058
4338 5720
6133 4349
3424 9555
4040 9705
6552 9789
9661 7005
6481 2820
3796 2475
3570 8860
5382 8270
9646 2850
2408 8001
9272 583
7660 4246
7871 8096
2072 6980
3700 5147
5164 8191
5401 7861
2519 1130
2703 9818
2420 7770
5969 257
1905 5926
4865 2126
5292 6087
580 2104
2854 653
8108 1010
3034 4831
5383 504
1055 4423
7668 9590
8945 5868
3233 9362
6930 8325
6022 4674
5215 4949
2449 1162
8731 2277
576 9508
3830 6801
5954 9611
5282 1035
283 6633
5732 8110
7637 4767
1661 8856
8543 858
4420 7275
4665 5221
9574 5880
3234 3652
112 1002
6297 10
1316 8210
5248 1764
2344 9888
9325 3650
4249 9198
1284 3943
3765 2939
3126 8657
76 4583
3557 3285
4483 6276
3821 88
3653 9020
1851 1168
5409 9405
9493 4666
9408 2401
4376 8349
5201 1645
3358 4178
5440 931
4254 7435
2319 6095
5729 508
8250 4869
3183 4091
7885 4721
5281 9994
8132 4128
528 3461
9769 2217
3771 8061
800 4878
5656 1288
7749 2754
9589 146
5459 4820
9487 7891
7490 6674
9868 3022
9505 7646
1313 82
4736 5496
9867 879
8256 9048
4909 22
9673 2173
2272 5491
5329 3527
8584 571
4382 3540
5578 3142
6554 9959
8031 8839
9169 9884
3948 557
6674 2031
1418 6160
1298 2700
1791 7694
4097 1882
574 8300
8413 3009
4792 8653
7208 6048
9285 3365
6775 3022
1695 8439
5012 1680
5318 5208
5194 8138
3160 2258
9675 4521
5665 9894
2822 4644
8881 3795
67 4593
1772 1743
5551 1964
3300 5160
8288 5150
2316 1152
6918 7501
9515 6367
591 5992
145 6266
8353 5619
9493 5109
8122 5046
4614 3509
7217 183
5836 2495
4395 564
7705 3069
7529 2139
7520 3431
6610 6517
6227 9427
7260 6989
9026 6829
8126 4576
4135 5995
2550 8964
4678 7050
8544 5779
8763 3878
4720 288
7082 1931
3056 731
351 6791
9825 1434
8568 8625
1765 6299
2000 5905
1274 1921
7979 8738
4164 5890
4386 4790
527 8133
6279 1068
2691 2075
3578 5038
9893 8434
7855 7183
2990 7031
5531 8333
9005 5231
5935 3606
6464 5835
8728 6484
5224 293
424 7092
7090 9961
9990 7800
7947 4737
5997 6847
4510 958
1077 756
1065 7552
4096 9302
3183 2414
7460 8342
3083 5012
5989 9676
2533 3802
875 8499
5695 1934
817 9317
2052 3657
7462 4542
3503 6726
4263 5848
1221 1451
5076 1594
3975 3143
2902 886
5609 3215
7457 9311
6150 3852
4455 2236
6601 3277
7242 976
6435 6974
6291 3953
3773 813
2069 8307
8397 1405
775 9385
6999 8722
5752 2648
2672 1414
5438 2204
3423 1751
5163 4591
7736 6684
8434 5989
6071 7956
8075 6256
6318 7082
8653 966
5472 3582
8561 2673
3736 1556
9686 147
4751 3839
7400 8731
1721 2621
2696 1607
4234 4375
8289 322
8820 6455
2406 5871
1445 1307
5386 4215
8513 4602
783 711
7157 4867
7288 2040
4928 5255
9277 5898
7554 5044
5194 3146
2287 7991
8920 4223
9711 9079
2467 7346
3069 9674
2730 3055
2923 4702
7784 8545
9200 3570
7092 1197
5465 8329
4577 592
7160 4484
2902 218
7161 9438
1550 5483
5444 2993
3886 8755
7776 2671
3538 5383
7103 2801
5486 8077
250 9155
3921 2511
2548 8841
2467 3481
9708 8636
1024 2593
8155 9103
4727 213
4380 3246
7774 4218
3154 8472
3731 4283
1280 8380
5541 2967
1933 8340
9646 1916
385 9865
163 671
7493 2666
9406 1792
6231 5450
7647 2432
8057 3004
3533 3280
8614 2178
8430 8554
6756 9382
6343 3498
7753 2217
6647 7863
1052 7020
8537 2112
8202 269
6500 2178
6756 3521
9916 7637
626 1358
4824 904
8852 4347
6768 3136
4509 2342
7403 8379
90 6522
2910 5024
54 6401
2542 4170
2303 8093
4638 2125
5022 5866
6813 1041
339 9276
4461 3777
37 3892
896 8380
7265 4500
9811 437
6121 2524
3487 6894
5067 9561
1060 5036
3492 8410
1074 3422
4276 5707
3903 3073
4555 2587
566 3195
8503 1631
7100 1144
1759 2627
2204 3729
6349 8353
3277 6546
2465 5333
5411 3397
5279 7420
1210 753
3640 4509
1517 4016
1207 7573
7887 9117
7588 6285
6387 9947
2800 8279
4125 366
3889 307
5513 8730
6120 5030
7129 2078
3179 46
7587 7522
823 1956
1471 8905
5425 3667
2225 8377
3719 1199
784 8080
1493 6830
1898 7254
1876 7890
9438 5825
8824 7538
9276 7572
724 781
9118 5362
4956 3969
7579 3759
7606 9279
973 902
8160 6815
3590 5048
5765 4323
9456 2634
7274 3507
8517 484
1921 8574
3270 720
5218 6011
4905 7209
8978 660
1493 8383
6163 5333
2424 8397
1917 4959
8218 6010
7798 9175
5969 539
2421 7683
2439 7122
2614 651
5694 5454
8970 5964
3640 1838
9517 3367
1116 8852
6271 5941
1170 7547
8038 6690
258 4600
3067 1865
7731 5677
6356 7702
8212 5871
7695 7164
325 9333
3982 8880
2874 7440
1931 1186
9567 619
3781 8656
8318 1493
6848 1924
7321 8988
7912 6437
8398 873
3122 3135
3187 3815
1438 954
2943 4720
9347 6394
7309 3049
9902 8358
1169 2201
6231 5734
5271 5779
937 91
2148 5519
5616 7987
2299 9471
3804 2965
312 9625
3680 5149
6953 5342
4787 7363
1777 6206
5339 9590
8475 1622
5726 6638
898 8670
8431 900
554 7621
4351 9641
4596 3620
9328 8719
9713 7302
3794 6702
3240 7223
8209 1719
9985 7817
7666 3412
676 9222
9764 197
449 8301
6108 8371
791 7703
5285 5961
2410 1432
4544 9431
1906 7209
2080 9216
7587 1134
391 8256
1444 7137
9957 912
5146 5697
2259 7660
6007 9671
4727 7072
5021 8788
1377 9751
5590 7946
9619 1114
1764 7618
8407 9089
4183 4826
2757 2063
8799 5666
1411 9143
8165 4358
8726 7571
2275 3045
9802 4969
388 4269
3276 993
4846 4242
5530 9211
8168 1841
4999 9877
1169 8662
1653 2825
9384 6243
654 8296
1911 5166
2626 3437
4643 1121
2285 9229
6152 59
6793 6481
1036 639
1058 8172
9769 9495
8837 9529
7956 9795
7133 2790
3049 5508
5110 6118
5718 3947
94 7321
81 3201
5833 5524
5042 3562
3856 4455
19 469
2438 2237
3850 5858
3981 4086
5408 3962
4084 8964
2536 5393
1842 1507
1717 1791
4732 3684
922 2008
6283 5613
7457 6565
5476 6093
5799 9356
4354 3381
3487 4656
2444 9084
671 2506
7723 4819
7201 7505
3786 706
8980 3642
2510 8042
393 8392
2662 7094
2223 5625
3117 9737
5795 3648
9869 8711
8369 6816
7698 2368
3307 6520
186 6251
362 9660
9334 5416
2767 2767
6248 3536
5981 761
7603 9327
9155 2040
1103 3601
3051 5214
8485 7324
340 6829
7074 3066
9541 2537
6508 2826
8757 6790
1883 2499
7525 3494
5266 8234
3474 4751
473 8817
3409 9036
9778 9140
8202 6272
1932 3759
8190 2260
2363 8651
3378 387
5821 7809
7271 5285
272 4311
9339 8420
3461 393
7389 515
8957 5871
2216 3432
1386 8491
4996 8289
3772 5741
1962 3459
1476 4249
518 9651
8911 4115
2674 6754
8301 5129
4061 520
9140 8570
6222 4992
693 8807
7860 3808
6574 323
9966 1770
3474 538
1976 3779
6689 5571
6582 8281
5613 1778
309 6893
6875 8379
9285 4059
6010 1832
2043 3074
9866 2640
8265 8247
191 3620
3359 790
8086 8056
1847 8575
4147 8657
4099 9399
8438 9838
8255 9320
8263 7859
5900 895
3939 808
6209 8294
8891 4074
5424 2362
1398 1613
6098 3715
713 1172
9201 1534
7958 899
8542 5110
2644 5427
7006 5560
1892 4772
4725 7544
9146 9993
1886 756
4130 5087
2639 3994
3156 1410
2987 9670
7307 5663
7970 3742
9728 1681
7702 6691
6340 3522
8474 5250
7913 6631
900 553
288 8401
836 7349
8827 1654
7162 7528
3718 8385
4620 669
8087 9966
3589 6434
9728 3027
5068 3942
9002 4301
7682 2635
9931 5325
1658 855
8919 6355
4478 8509
454 3093
8286 1894
4917 5518
2930 782
603 4759
6488 9806
5660 2685
5905 7239
3145 2225
6809 7091
8654 4325
7777 7701
7560 5238
5328 2672
3755 7475
2999 5938
8233 3475
9182 5417
5879 1179
7306 2695
3544 5271
8279 5592
854 4457
5514 9458
1095 9195
3583 6090
7757 9687
982 3534
2345 6348
7908 8306
7634 7464
94 9722
176 9439
803 6738
4229 1562
151 2552
2258 9023
4223 231
5053 4586
1906 605
6108 5381
5728 1012
6555 3812
8609 9255
400 616
7672 7701
3572 6683
377 775
8510 7633
9719 5061
5209 4417
9987 5069
1049 9520
6388 1101
8235 9475
6138 672
7117 5882
926 2485
4190 2909
8696 6485
5316 1145
6972 5528
5600 2447
3509 3349
8885 6737
6333 4123
2100 8099
7267 1796
4820 441
8785 9021
8037 3662
5755 103
685 9678
9248 3518
2322 9121
7562 7031
455 7110
9928 2589
882 5551
3534 4394
4807 496
8517 6089
7734 673
93 8628
7470 6237
6210 2412
3131 5740
5327 206
8598 2910
5328 6904
7734 9619
9296 4150
4707 7340
6185 1078
956 6996
8095 2169
6675 8383
737 4851
8845 2374
9259 1251
6629 1777
905 6682
526 1237
7770 7901
7526 9577
3244 9531
6243 4323
5641 9476
8030 4163
9107 4749
4390 4601
6273 8465
6426 6886
2870 2398
9564 7578
6883 8627
6979 5313
7642 8661
2090 3081
7584 3738
3893 7179
6085 6835
9827 6900
3009 9146
5561 1388
1657 9156
5504 1408
8084 8453
2036 2783
4161 3156
1363 129
8761 9702
9587 4288
9915 2795
6119 6367
2405 955
2237 5951
4992 9587
2455 9132
2493 5995
4522 7049
253 9823
242 6792
4665 7088
1354 8243
8172 7322
4349 5894
76 1262
8534 6281
6009 2470
2666 5469
6539 8723
5032 9355
3514 6665
9326 3683
3423 7936
169 5331
