2470
50
6427660
57 59 53 60 47 53 42 46 45 50 58 41 46 45 43 52 41 43 57 53 49 47 47 50 51 41 42 47 57 44 56 60 49 42 48 48 51 51 41 56 46 48 45 52 48 60 53 59 45 46 
-93646 -97503 -94822 -110615 -88191 -97149 -76213 -91749 -65660 -83911 -88915 -74439 -86641 -78194 -82414 -93252 -77879 -83017 -109450 -84280 -103631 -88638 -68544 -79242 -88139 -68574 -69358 -79398 -113008 -82299 -98926 -106067 -80284 -65602 -86958 -79071 -94234 -94366 -79999 -99007 -76416 -70300 -84185 -97395 -78513 -90420 -89541 -114659 -72444 -77111 
82090 77359 82581 83893 66658 85917 60399 75254 63016 74127 87484 59034 72155 67142 58894 84370 60761 56933 82062 72608 78921 74742 63004 83273 89553 45781 66598 62147 82302 72669 89282 89618 75177 61841 65230 65436 71282 78108 59261 84667 74906 63851 69616 79044 68754 82719 89528 85373 60172 65853 
7186 6287
5111 2447
290 8729
5752 5041
8116 7684
143 7875
4596 5412
2243 8790
1066 7528
8349 6361
4031 8408
20 3669
8157 2237
2837 7269
9437 5581
2647 4781
2048 5725
7651 3533
7168 846
5482 1153
2308 9414
6037 8474
2669 4567
7219 5865
4008 6015
3944 2245
8306 7273
4615 4172
8802 8669
3381 2956
5258 7630
6735 7999
1330 8784
4360 7692
4433 8615
5546 696
3558 869
7174 54
1719 1661
4715 9227
6642 2910
2388 1071
5531 1910
9399 4881
3431 2218
2222 3076
4047 2981
3517 8410
159 2992
5652 7434
5841 1011
6831 3018
6276 3212
7903 1455
7670 5239
1798 1642
3390 3805
7656 1640
259 6157
6989 2595
3196 7587
4122 6135
511 3258
7499 1289
4357 799
6223 972
5821 9191
6837 195
3525 1161
5778 5800
8053 3274
2069 2557
2526 4363
8101 5368
3642 5646
1168 2300
4836 1801
8984 339
9518 9201
180 4754
9858 5759
1818 9536
380 4777
2597 9452
7209 1773
9841 40
5364 1270
6291 3343
2768 2978
4710 163
1432 1349
1302 7277
6656 2637
7641 2846
6301 6447
8421 9661
3544 1226
6456 7144
1888 1015
4838 5341
363 4236
6921 9475
1613 3731
4253 5724
4578 774
9437 8051
5487 9853
9535 6596
6932 8854
1956 5418
3402 1912
4646 2239
1451 4306
6117 9959
2480 2466
1975 9380
6546 1571
8400 5252
3271 3543
3573 2954
4061 5449
4679 428
977 75
2315 1817
9795 9592
6243 9376
8976 5549
1394 9020
8729 5121
8457 4090
1410 4475
1117 3205
2613 3047
6771 3693
8397 8436
5958 9900
5079 1184
7442 757
8705 3300
9030 6945
913 5821
8214 1785
5954 8873
574 9760
8810 5841
230 6478
5486 8675
5391 6436
5105 7144
1376 1749
94 9651
2284 5794
7718 8701
8847 2913
644 8971
8510 2975
9399 2309
7945 6819
6317 6576
9004 2398
9651 9109
2790 373
9053 3793
5233 9255
4269 3398
3116 7040
2665 3068
19 8838
1001 7848
6439 2869
5595 2151
8314 1017
5457 7875
7579 4839
4076 7036
738 3158
8768 7295
6578 2768
9306 7551
5687 7667
7292 5751
6412 1606
1462 8065
9839 1240
8233 2135
3016 6705
8028 2953
4751 413
7623 6012
8804 6658
816 3641
1261 2876
106 2348
7836 559
8536 5409
8583 9379
9988 4040
2164 8935
5840 9947
3704 6522
938 7131
5034 4105
402 2849
2502 2890
2089 7472
6116 9522
6153 2232
3778 7024
262 2004
6623 1786
6492 685
9623 9627
8542 9078
2345 4948
2807 2909
4292 32
8177 5766
1400 5732
6722 2565
3060 8573
5463 4790
483 6798
8489 1352
1530 6972
5918 7106
8462 3601
6395 749
4100 4024
9248 3896
5684 4357
583 9365
5608 3931
5357 2150
437 7666
1668 649
3618 8341
3431 999
8151 2945
7936 7990
7568 1967
7785 7086
1129 789
9402 5819
4704 4106
9605 6160
3839 4818
6487 6693
1755 432
7829 3156
9864 6609
6007 6368
4899 4708
8102 3134
3977 324
5123 1281
2302 9225
7332 5177
503 3193
3796 6984
2492 3209
7593 2990
6863 2952
4551 2744
2682 7129
2094 3262
9518 2760
4979 9529
6776 8787
8943 5832
4935 4244
5740 8217
5713 1501
2298 7098
8322 6891
8825 3405
8544 9984
3269 7463
5412 5248
5290 6585
4421 5747
5128 7962
9288 6735
8790 5314
2748 8304
2749 9770
5015 3088
9646 8005
8466 7159
9125 5295
4332 1527
3535 815
528 1181
9863 709
1424 5531
980 6728
983 6720
764 6861
6771 4618
7347 254
8219 8097
4677 3844
4024 1851
5565 3846
7835 8753
7815 7803
6660 3097
6803 9113
311 7003
8221 6829
451 1159
5086 3073
5671 1539
99 3265
3209 7595
9952 7146
8211 4315
2653 7924
1862 5509
8921 7632
7334 3199
6304 6004
9871 9100
620 786
7672 8957
1554 6961
6970 4716
7828 3030
7851 9437
3164 9325
7323 2160
6332 1298
246 1565
4963 8676
4209 7589
1887 6634
9238 4618
9247 4397
9821 3944
855 9047
2739 5487
670 1443
8797 7954
2799 291
4627 4421
992 3083
4238 2979
2143 656
9944 222
990 8841
4665 8196
5715 1593
6205 2894
1908 1686
6091 2833
2119 7273
8697 9029
6203 9209
9896 4354
7549 4818
4421 4220
8864 5161
5552 7835
1535 8764
5310 5494
8620 9212
7756 8542
7317 4996
6458 2330
3537 5664
4147 3591
6045 2646
5363 6759
39 1655
8464 4801
2056 2308
4580 6103
6357 9924
8256 6517
8375 1224
5858 2654
6025 567
4397 6347
7253 2483
6020 5784
1896 8663
2010 4580
4747 6023
7728 9905
7712 5184
8807 8219
9344 1414
6238 4380
7483 9686
9737 6854
5731 8980
4724 3937
6427 353
7034 1984
9892 8357
1551 6735
4744 4311
6534 1960
3312 6779
9265 7477
7689 618
9778 8019
8459 9057
910 3819
9113 8628
9420 8129
4935 8727
160 10000
8276 605
1916 8729
6710 9310
180 6644
146 1030
9795 564
2821 3019
991 8790
1933 3166
21 8694
6628 7190
6026 1927
8347 3067
4203 4235
9709 7309
1775 167
8098 4930
1956 9106
8554 2841
1516 1225
5258 2588
5980 1367
1860 7979
6790 6344
242 4789
7547 8264
6934 8726
1655 8295
6876 366
1440 5216
2305 7315
7497 657
1223 7680
3320 3568
2434 354
1506 1987
4742 3423
1695 9313
932 9670
5203 5417
5488 1483
3967 1117
376 4056
4625 4858
4916 6191
3107 9372
5008 1776
2517 1338
9777 7252
2521 7563
30 2668
9125 2529
7089 7991
5669 1843
496 8982
3037 9800
7415 3477
5591 5794
8455 9141
311 8371
2042 1075
3639 6148
9225 3535
6267 6062
8824 7695
1331 5827
1011 7813
4369 1697
7220 4640
2111 4404
8383 7128
2984 5024
9006 5228
8284 3098
3744 1117
1792 5195
8020 5570
3096 6382
9845 8106
7792 6848
9771 5527
3948 3608
4139 8244
3150 721
4004 2868
9327 1598
6314 8016
1602 39
4655 3483
4177 9136
134 4432
5400 749
3915 656
6850 3637
3740 8707
6212 6414
3783 6590
1634 6482
504 2053
3495 6238
9156 2796
2932 9612
5342 7055
4967 3515
1188 8154
1777 6228
8722 8791
2063 6311
4888 1330
6692 6778
7357 8919
890 5074
4146 3845
1394 3852
5202 713
388 8135
9492 4838
6992 8576
4101 3289
8368 7553
9751 1151
8420 2047
4210 6382
277 9907
4849 4145
1196 5563
2983 2143
9901 7922
3420 9224
208 9857
2117 5058
5249 6477
134 4621
2231 462
4112 6908
2741 1837
8259 8605
3780 5410
5667 1325
3215 3344
3212 8706
8121 5779
3836 166
1006 6242
6052 1838
8588 2093
5304 3954
6529 3576
142 1904
2979 2731
6724 5596
9617 840
2451 3779
1123 7508
2571 4301
635 8820
9263 4723
515 7556
5955 5275
4218 326
862 4234
6066 3873
571 3562
6628 5356
6800 6780
3537 4823
1250 1618
5274 2741
1562 6912
5851 6348
5005 8083
8968 5746
3139 3972
8775 3717
9964 6548
7085 1546
234 9595
7356 4382
4555 5372
4624 2736
7527 3915
9511 9328
565 7133
8573 1526
7240 6353
9661 4944
4900 4744
7101 7736
9134 2463
7713 4768
1207 8677
7914 7089
588 209
8159 4677
135 6106
1425 3418
8109 6931
4756 4269
3036 3167
6374 2885
1210 8770
5170 7645
2964 1225
7318 5589
7480 3738
7570 8353
9214 6151
8363 8731
2407 2881
2897 1561
4515 4845
3745 4379
7955 9799
1963 5976
7672 755
4495 9239
8224 3626
4590 8071
2822 9020
4809 6385
4860 5374
8852 9132
9650 1205
8987 737
6209 9181
2005 7133
6126 5374
9175 4956
7440 7107
5193 3292
6754 8787
702 85
5651 3694
5919 2005
5637 1554
6803 6254
3750 8681
7589 3929
3062 3063
7808 5057
6177 3356
4398 4671
3180 8906
1651 5186
1528 7328
9807 8849
222 1267
1820 4689
7270 1147
1210 6844
8864 9048
2320 5439
6421 5405
1242 7028
1503 1214
4956 5415
4726 3634
4672 3148
3192 6829
1288 5391
5533 6160
2537 4085
2576 8288
9283 4174
6279 927
6745 2546
9928 5467
8590 9933
3966 4983
1110 6491
8241 5610
6947 516
7900 9725
3250 9377
2446 9426
8731 155
9489 4666
4601 2011
3838 9998
3803 5957
8847 9674
1852 2397
7148 94
3700 962
4731 9448
3182 3920
7058 4458
6116 5827
5279 576
3186 5407
4560 556
2297 2451
9942 647
3380 5842
6210 5667
5517 6427
9222 8678
3120 3023
7638 3667
9324 8945
6399 1972
108 1768
4170 5861
8095 4564
4965 6335
519 9068
9968 8505
9809 5155
7823 6584
5522 4384
5224 4807
6415 2871
7258 1282
3820 7682
5549 59
2241 8463
4058 239
7762 599
5439 6238
1041 3842
9651 1996
5600 1142
4977 7038
5277 3057
5460 7304
3451 6818
4013 883
8443 3053
55 5131
253 8197
6790 7347
7280 8906
9978 3468
9879 9890
9487 5882
9464 4853
6611 5731
2257 7177
3584 4792
2940 9101
3572 3818
7016 8596
3008 8725
6460 7432
3452 3648
4768 1590
4400 5802
7045 4368
3608 5097
4825 709
9380 7761
3624 6644
9755 6808
3894 8722
6455 9835
3321 1036
1450 9769
6398 7563
7981 1352
2329 2962
5837 4561
6727 9281
8595 1908
5441 3842
8742 7469
5594 8924
3939 9383
7897 6659
9187 348
2057 761
3743 5225
8100 4652
2518 949
2081 4287
3904 793
1699 3633
9790 5395
6107 8097
776 1594
2205 7873
3886 1958
1362 7738
2577 5235
4412 7937
5866 9097
8434 2187
6667 9394
748 9596
6265 1987
7360 2163
3759 3283
6768 7876
3439 8029
1963 1781
9678 5629
8065 3454
7279 3032
4864 2056
5402 2397
8214 4154
4443 4317
7302 6305
3681 9573
6378 4909
7908 9946
7042 6782
7654 5200
6409 5642
1715 8112
9863 5692
2168 4175
3701 1523
2395 7743
3379 894
9365 4333
9406 9138
2857 2338
9371 1339
1600 2850
5133 5832
907 8299
812 5147
6001 4671
2781 1391
8309 7065
6007 6643
9856 1397
2196 679
7234 776
2016 5560
9035 6005
3508 7719
8225 2754
4638 8312
8736 5603
8618 1637
7508 896
9405 6497
9056 1178
3635 9749
1809 2374
7571 8745
4024 3707
9508 1036
8871 980
1216 5213
8364 990
2554 3242
7309 3960
5004 8785
3172 662
4452 4473
8786 6219
1780 1023
3343 1860
8068 5633
7068 5618
156 7904
5283 934
7765 7140
4884 9593
5941 6962
7306 1333
2955 9445
6659 5634
1997 9342
3811 1313
1490 6628
5557 4336
9482 36
9286 9242
9939 2541
963 2408
5429 3668
6990 6353
2629 5985
1857 9437
7250 2802
7226 7197
8524 9416
5506 2838
4757 1197
4989 6525
3617 2742
8227 3394
7029 8026
226 7863
6062 3542
5731 2317
6100 366
2416 3212
3431 1859
1192 2984
5077 9403
5671 6173
6447 842
4437 8327
3688 8989
3805 4289
3392 7950
9493 2194
9023 4832
9135 7380
3158 2590
8207 9173
951 7180
1639 698
6360 6126
7906 3125
5298 9208
5138 9425
9590 2629
2188 475
1931 1904
7250 6909
3261 1330
8432 9078
1222 3437
5648 6551
5721 5209
2017 4661
6911 8753
8750 211
9534 636
8479 8754
8285 5011
6564 7246
1298 367
4414 2510
3428 7464
3767 8121
8056 3600
3455 5737
3192 3202
693 1242
9785 1521
1356 9180
7184 5893
6642 426
413 322
3848 8408
945 7146
3749 3786
7964 4200
500 2545
9165 9301
5337 3792
6472 1449
1999 3595
3241 2096
1190 5814
5767 1280
1424 8579
8600 3692
9410 8015
4599 8040
3186 2274
3905 2254
1262 7429
1365 4680
587 7177
8154 5706
7928 2584
2709 6735
724 9583
9935 4683
317 1661
11 3996
8639 6380
9681 3739
5756 7393
6791 5534
6501 4755
9036 3991
6677 4629
3905 3398
3421 6004
5869 131
3209 3930
8121 8635
7313 7908
6053 8428
7875 7089
8324 5814
8290 8826
7357 3506
8285 6975
3439 9530
4742 2660
9826 5007
3558 3861
8678 9246
7604 6296
9479 6587
5409 4126
5405 6988
9719 870
4437 4788
885 5587
4960 9260
20 4689
3769 9104
6297 8417
2844 9944
7155 2068
2305 9439
7570 803
9862 4373
5728 5508
2913 967
8490 8272
1833 7224
5041 3571
9664 1564
8599 4264
3405 1117
8607 1284
2758 8112
8214 1020
4171 7650
6966 192
9152 8796
5580 5801
6586 1971
7247 2111
3617 2102
6196 9862
5706 6496
8100 5973
5665 1055
8083 9356
3375 280
7819 6966
9809 9340
9357 9740
7610 5487
5910 6943
5529 8010
4120 3538
9300 6300
4503 2253
6378 755
2243 7570
1871 166
3525 8911
7985 1640
4935 4378
6453 5428
5386 8595
671 5300
5501 3285
7289 4555
6801 7986
2984 5014
4058 4767
5235 6574
8261 3828
7181 2357
3851 8936
6196 8424
6237 2996
1232 4647
8864 4353
488 6501
5223 2656
2221 6025
7133 3346
5140 4612
1808 9917
5757 5212
8184 5050
8958 5216
3144 4822
5046 8335
1225 7081
4583 3201
1794 2220
1372 8145
1165 4467
9039 698
6274 1882
273 125
7080 7786
5719 9637
8766 8471
9904 473
8577 998
24 730
709 928
724 5077
1451 4268
9693 9091
1611 7772
3100 9349
6594 7075
7045 6912
4610 4937
6105 138
2807 4388
257 1513
4545 5978
1393 2062
353 9589
8490 8321
818 9418
1222 708
1548 128
7649 3765
1188 1567
2271 227
7330 6906
5264 8934
55 2478
4920 534
8974 6620
2765 1122
601 9734
1259 660
8700 8260
5492 8473
6575 5719
7777 3031
6532 9090
6860 3371
2535 5168
5055 8778
6589 7839
1768 5182
3834 9917
48 8036
4837 1749
8033 547
9041 230
2294 7207
4637 2340
4348 6425
395 2926
734 4892
1260 312
1483 8198
400 3809
1135 8182
861 9116
8249 2973
2518 1951
2922 7432
743 9287
9370 8906
9775 7621
4970 9862
5494 6388
6612 5166
7454 8028
447 4174
9008 2831
5015 7993
6659 7206
3182 3232
3158 8077
9177 3629
7124 32
5363 9060
78 6553
4787 5266
6284 6429
4400 8407
1953 2938
8146 3497
8854 1904
6042 8363
4018 9070
4959 3935
5895 9543
9732 7044
3323 9227
6085 415
5985 9492
4641 3332
1127 4040
2943 5838
2823 8895
1897 4313
2409 3678
5414 6677
327 4656
2501 9349
3751 2997
9031 2281
4901 7324
4557 8922
1046 8197
2101 8298
996 9138
6989 5996
7995 5593
1670 4835
3183 7205
5549 9738
1662 9506
5207 592
6394 3048
5881 9627
8843 7585
9474 3779
4575 181
5937 9199
4841 4150
7938 6253
4286 5616
3271 2440
7617 6471
8199 7698
5043 7452
7781 9573
9179 519
6521 6686
3866 9074
1545 1940
6364 5608
8944 6621
2033 2935
8880 8081
4048 3251
9093 835
7074 8766
8529 1289
8536 3404
7590 1966
7359 5389
7708 6153
4223 3719
6659 2368
8762 466
4598 25
5360 214
2857 2793
4440 7984
8501 3166
9464 1322
7918 8992
982 6989
1255 1724
1552 2847
3206 1683
4257 315
290 6512
7296 2550
2547 5561
3115 3701
4752 776
3425 1439
8390 2604
2124 2894
2112 3671
4360 6262
9435 5905
2073 7861
5416 5146
4291 8772
55 5860
516 1451
2394 6642
1090 4116
4946 1742
8195 246
1428 8387
4606 2555
6115 9966
4840 9705
4228 3059
6097 6617
2031 9060
7142 2665
429 4764
7168 3018
664 8772
1990 2077
9634 779
2563 5097
3918 3782
4697 8658
6974 9499
9484 4707
9674 6771
5993 1278
4749 8304
4959 7599
7189 7291
2583 7729
818 8587
1384 5564
8897 5933
4425 9967
3482 8179
7586 4641
5315 1218
5234 1485
831 6884
998 7488
6163 33
3843 2359
4882 2785
4821 5353
3407 5101
7488 3624
3898 5166
4193 3856
2292 4616
4674 3466
8856 3932
3333 9860
3486 7764
8361 5031
6535 3914
7457 7605
2142 6772
497 6860
4514 9211
998 5194
4618 1726
222 1511
287 448
218 309
8125 418
6581 1005
5501 8539
9691 1871
7404 1317
5427 1157
8548 5263
5589 1847
3144 707
9940 1704
2247 3279
2345 1536
7335 9154
4570 3847
7415 8884
7507 7412
4925 9319
8300 2210
8558 2902
360 8385
7587 8533
5272 4736
4589 3683
5423 5219
4694 2378
2717 303
1042 9022
3431 7426
6232 5386
2710 2078
9475 8013
3957 8099
6803 5055
9552 8181
9832 1622
4070 9842
1286 5700
1637 709
5855 3412
2917 8144
4402 4961
7957 4984
9308 9441
6345 9167
6638 2031
3698 6661
8894 4823
4631 2502
6554 9815
5042 7848
3549 624
7865 5325
5077 1316
6135 7722
3420 3873
4470 284
9839 3753
5807 882
8158 4046
9118 8919
3661 6853
7253 2465
8088 4643
33 9671
3523 1499
3201 5475
2698 6651
7455 7073
1186 9375
5229 4238
2511 742
8240 663
1394 8864
1610 2937
8852 2250
7585 3761
2664 5155
7422 2966
9232 5454
8732 7441
5751 3839
7851 685
6209 5361
5050 4523
7849 23
3571 1005
8064 8853
807 8177
5392 8504
4640 6666
3437 7902
2621 7983
3533 254
6958 9860
6036 7331
9297 7685
4680 9994
8921 8092
3123 8914
9712 7076
6448 4576
4976 7662
5673 198
4541 2149
3478 5980
7501 2470
3648 3092
8592 3759
5529 9208
2328 1918
7955 5482
4443 7031
9947 9784
268 2370
8229 9764
7339 7668
3626 7328
4021 4887
1775 3664
5135 2032
1500 2023
6190 9921
9629 64
7890 471
1737 5138
6469 1184
9450 8723
3292 4130
9669 7099
6290 6420
1566 2789
3483 4115
1655 9712
981 9015
3207 254
3010 3940
2890 6044
4775 9530
3813 5679
6615 9495
3959 9347
6917 6695
9263 6281
6570 1415
476 5930
1807 537
3599 8097
1282 5970
9213 5448
8104 3161
8855 9074
5141 2102
5549 5364
8021 4558
6288 6796
1934 6525
5665 124
4654 6142
7127 4797
7702 9279
5494 4621
2263 1817
9916 5627
44 3006
1915 4823
3154 527
966 5568
6688 9287
6036 3132
6405 5200
6789 4810
4548 9567
7804 4309
8040 1911
1960 7217
7406 6463
7489 9778
3911 4616
1382 4230
4925 2940
8805 8898
1047 8261
8044 7577
8073 7487
5585 2586
6604 1476
8585 2825
628 4484
5516 2174
8496 9577
884 101
2054 2499
2431 8879
4442 5916
1910 8420
4806 582
6870 2454
4599 9579
6316 7833
3946 3430
9807 5391
5490 7463
7350 5870
7302 9415
2151 5652
7544 7855
7826 3882
3526 202
7464 4746
7324 1409
8739 7699
4353 5185
1583 2543
6314 7923
3797 5929
2677 3649
4166 4855
5904 5333
9877 4107
2060 3124
938 6840
4451 4641
2779 890
7967 8049
2205 6411
7953 1368
5481 3952
590 1023
7311 2134
4870 6056
1102 9669
7959 3893
332 3909
8371 6011
4052 8613
6534 9925
9303 5711
1242 9408
9880 5177
6219 1554
6564 7980
3015 4707
7766 5494
5281 995
9995 3097
5178 732
1619 8728
502 2187
4080 9380
2286 9008
4684 2153
9459 8483
1134 1583
2146 6946
3908 3651
9105 2040
3454 8696
2561 5889
4850 2477
9416 6801
1536 8370
9222 4958
1667 3030
2716 7005
4840 5818
349 6620
8631 5141
9778 3227
1232 957
8588 153
6434 133
7336 3852
4543 8992
9868 9845
4192 4552
4805 1284
6630 5777
3316 8990
6056 176
3009 5505
3738 3200
2319 7021
8145 3563
9647 7093
2192 8833
5744 7356
3414 706
320 9486
6533 7641
7635 7762
8470 8191
2955 3384
3226 6350
3490 388
2240 9806
56 1502
1602 647
9348 9647
6177 3684
1243 9272
8373 2075
5859 2586
5028 7390
4981 1330
3653 6067
1720 4631
708 1387
6497 5947
188 2096
4238 9660
2558 8667
9409 8332
9200 4072
1775 7212
4560 4998
4418 3810
2976 9278
112 2568
7271 9605
8534 6902
6645 822
3070 2518
3596 936
1507 2338
7307 1266
5288 7267
6805 9117
3016 7649
3141 1271
3431 4944
5797 4222
1135 7002
5548 7247
7142 1557
6105 546
890 7144
7352 3665
1744 9181
7369 2712
1430 4340
9232 2753
3264 8149
7819 654
6935 9794
2467 1797
1413 430
5340 612
7913 6320
8135 9609
2581 9979
6826 4526
9510 2171
1181 3287
1121 3130
9547 2714
6939 826
6561 8421
3451 2215
2561 2885
6199 304
2353 4940
6986 9785
5219 4195
4862 5176
4572 7558
9717 7271
7673 4375
8470 2824
8974 2159
3223 9817
8002 1409
4087 2596
5175 3729
3832 2345
7441 3726
7711 8632
156 4577
1294 8677
2517 7993
2188 5981
3843 4588
2209 5071
3109 764
5790 9672
5353 4219
9230 2388
8887 9902
1443 921
7472 1255
2543 2429
2159 271
8814 779
7264 6887
5411 1446
2104 2995
3840 4115
281 6009
4950 3080
2525 8732
6768 449
8361 7276
3622 2869
7974 8513
7888 6460
7007 3412
5339 7797
4995 2984
2990 1408
6140 5680
7634 6085
1650 4843
28 1614
1778 770
45 262
4620 9123
1306 7214
1173 6218
6883 9501
4393 2313
963 2285
8232 4902
2717 3330
9159 8207
3390 6384
9355 1643
3235 4377
3886 4566
4744 9069
8418 9397
4209 6187
7912 3609
294 362
5306 9989
8836 4877
3662 2256
780 7084
8135 6333
9102 2715
6702 2242
7082 3763
3766 373
8615 6931
8126 3670
7040 6363
2570 6094
2460 1074
1371 5003
302 6077
6329 827
8453 5521
4495 418
1774 4669
2589 2536
8063 9692
6014 7034
3576 8691
9508 939
5058 4773
7906 6449
9857 4749
4115 9004
8153 3084
3501 5828
5778 4933
949 5792
6040 8263
1937 9199
7637 6402
5333 3469
6536 1912
9034 2145
4612 9122
1964 8444
9448 905
9019 5319
6505 1001
213 1788
9223 7051
5519 6918
5492 6792
2463 969
3696 4957
1938 930
2114 8683
8294 3513
5327 8950
2475 2994
392 9978
3743 7096
5131 7231
5848 9603
1255 814
7694 2192
7511 7534
1891 766
5156 1925
815 4994
5404 9951
9314 2285
1864 1202
8161 7232
6035 7538
9294 1094
8485 5995
3920 803
1162 8534
9119 7547
7175 9026
9129 3574
5514 7647
6831 1762
7799 7942
4537 4962
5441 8678
593 901
7371 1939
1871 6932
2840 4563
9578 378
4065 8802
1345 1238
7116 4404
8073 5544
4424 8587
8380 3549
8251 2143
3874 3708
7547 1399
2515 4305
7732 9498
9461 6507
781 6818
1635 8735
5240 1933
5592 9804
8523 4405
6330 8810
2204 8313
3774 2271
9796 9687
7041 8136
232 6601
3716 5327
9978 9440
3762 3611
9065 2625
4204 7302
1617 4940
9326 4447
4721 3260
4992 7825
7491 6410
8945 378
8383 4179
1433 2119
5355 1654
1013 984
9845 4345
7836 7266
7829 3105
6849 1959
4501 4201
5135 5254
9318 623
4599 4215
5622 4608
6326 7317
6261 9749
9001 8668
1178 4092
2438 2539
72 3039
8000 1248
595 4145
5263 5361
9773 3328
7813 8390
6479 336
1829 5365
9718 4597
9352 6230
8169 5920
9089 226
3383 6874
1351 742
7655 2927
864 1713
1908 373
7333 6569
5109 3804
4037 3481
6911 6973
9324 4158
2868 1986
1711 8638
6617 8868
6702 6219
868 4313
2423 3683
107 5938
677 5912
6923 7244
5146 428
4034 9509
8119 2457
2985 3272
1462 7524
9436 9161
9888 530
8923 1058
3167 4085
3899 7189
6580 3713
6004 9699
7287 2525
3124 4762
2576 3325
7944 8088
8045 6501
6076 8743
7290 3890
3793 9496
539 8031
1598 8770
4174 9953
4294 5579
7672 5271
5959 5399
8630 3137
9416 5687
3859 6616
917 7083
2423 3701
1881 2329
8035 8315
7127 7031
2370 8986
7133 4365
7512 3663
9618 6591
1590 1859
4578 2379
1038 9224
3659 8868
8849 1481
7240 3716
2868 4025
577 4188
412 9213
4751 6201
890 3437
7825 6762
3409 4331
1381 6626
7808 3501
4789 442
8754 6036
6777 7483
6465 9839
2876 8581
1174 1041
841 3605
6826 9469
8670 8580
2567 3376
6630 9483
5616 9753
1366 5179
2977 1500
8754 4797
4788 2844
1444 3155
3891 8742
6413 5742
7822 7327
8848 4235
9377 7396
2496 6616
544 2727
2931 8064
4976 3367
7812 4686
1458 3996
9235 7743
1356 2619
4689 7613
2740 3922
9319 1863
9241 6159
2376 376
8224 2238
276 124
5315 9137
570 3198
6080 7623
4313 9257
5647 9810
5424 1936
7948 8972
2061 6731
2423 1394
2395 1201
5841 6202
1281 3507
1305 9803
2886 8475
65 3395
3240 3741
703 3233
727 9734
5925 1922
7538 2978
9829 1920
6315 7549
7821 218
3535 5291
9280 7041
1652 7845
8215 8651
1245 3818
7747 2122
582 525
3255 786
343 5096
2226 411
1567 714
3615 391
729 7714
927 4492
8986 9761
9645 8638
1304 4986
8762 6803
1148 760
9280 9362
7487 9166
5344 1541
9099 8227
2879 5714
3604 625
4571 3382
2252 3463
6366 9818
7117 6570
7676 1803
9287 7791
5985 7824
3228 6924
1511 929
8982 393
6952 4066
7792 2179
137 4448
1271 5864
2862 9591
5438 7607
9631 1839
9565 4540
7359 5839
7665 9378
6453 9875
9577 2561
8021 3280
3203 3184
2030 5486
4854 2091
6792 4025
129 902
6571 8132
3119 8170
2367 4498
5795 2785
7339 8313
3395 1869
1324 9116
7330 5788
438 3969
5495 4944
6600 7029
9621 5914
2126 9712
2774 3742
4429 8377
8930 4175
3010 3155
8666 3213
1560 6540
4796 3502
8249 2173
4641 9516
9685 3097
9730 7719
2869 4965
9526 7416
8131 5640
5020 3777
1366 4697
6339 2711
2990 9332
3187 2783
9953 5800
9969 2785
7525 8300
6490 4824
6254 6491
6478 5493
3925 1413
894 9366
9001 4697
7669 3467
6892 186
1825 4621
6396 3239
3414 655
1660 6015
1603 6004
7633 4396
3929 6548
808 8544
2672 6218
8917 3095
6185 277
2897 4768
9445 8741
4925 4916
1655 1433
9900 3723
6086 3321
7677 5528
2529 7712
8751 8659
3802 2207
6981 4848
8705 2879
1700 1238
3655 1099
3957 5757
113 9554
6201 5013
1861 1657
2780 5230
1186 9427
8894 508
2642 2923
5627 3111
3194 6708
70 3394
7117 8615
1327 5244
2086 9476
64 3903
1246 6841
1777 8156
7463 7495
8532 8900
7847 5567
5734 8079
7725 2171
6030 4008
7258 4991
5957 2519
126 6296
4086 7767
7330 2082
5420 1205
8670 4422
723 874
3948 4889
4094 4524
4399 7924
8318 563
7161 6737
1001 1884
228 7388
2797 682
6042 5676
7825 6834
969 9593
5286 1983
1164 8540
9271 4205
8412 901
3038 2755
2773 9091
1594 6968
9712 5253
2831 5712
1893 5663
2617 2888
1650 6394
2260 867
5535 732
9294 4969
7461 3069
4002 2877
2883 7892
5209 1568
8568 1663
800 7697
6011 9439
6599 9955
7993 2928
2616 9604
3800 1919
26 6256
8880 968
4786 7008
2331 7614
4733 6586
9038 4889
8227 1397
1270 4483
2710 311
4867 5375
2168 360
9867 9465
3247 1619
5699 3497
4868 2667
9406 5632
5967 7494
9869 3711
1435 4198
276 316
1837 9272
1287 3202
3723 9920
2218 2282
2331 2776
6008 823
1790 2525
805 9403
9782 2104
5802 2225
9280 1891
861 6596
1790 9552
9088 7731
4355 625
4479 9984
2706 4465
5573 3625
2204 3954
5600 6951
4941 9748
1530 6773
3936 4624
6358 2717
3915 7743
4856 3067
3516 6660
4670 6644
6767 9923
2499 3561
1006 4918
2280 8124
9393 1794
2261 7769
4289 9639
2194 6673
1291 8693
2124 3530
4983 8695
6663 5540
7542 9089
2200 8701
514 3999
8674 5140
9944 1353
8238 9490
6496 8750
1201 8595
6553 3013
3550 1149
4750 8007
3578 3383
8712 1154
5928 3126
7507 8229
7548 5808
2435 9568
2415 761
8907 9964
8983 2415
2591 6589
6801 6375
7122 902
6727 723
8088 5989
9494 8582
248 8040
8204 887
9908 7776
2283 4358
9831 6500
8607 4296
5305 6842
8390 4294
5038 3586
4237 465
1640 8580
9596 7721
7166 4192
2134 8415
3414 5063
8194 4056
8423 1143
7243 6019
1120 9508
9769 5505
4863 888
4502 8073
7066 4501
3428 8120
2593 1873
9359 4942
586 3295
8163 4728
6824 7713
6913 732
2835 8363
7910 2291
5313 3046
5870 5434
9255 4322
7682 7319
6224 628
128 3901
425 3199
9990 9592
1078 4770
938 86
2814 167
4470 3999
9024 3730
3122 6868
8052 4461
3684 7152
1082 4867
1910 8468
7996 6498
2153 3427
9841 6252
6910 7155
1335 6973
4243 4249
9377 2244
2922 3092
8044 7131
8575 9978
783 2605
1352 3556
4256 2461
9739 4457
4806 1487
347 7851
6039 2545
4442 7623
8918 4932
2950 8498
1983 3079
1325 4885
7939 4425
3042 5278
7729 5030
127 7122
1648 5774
5255 2862
196 6420
2150 384
6664 515
3577 2952
8112 6332
7994 2680
8673 7033
1332 2974
5395 2497
5833 4797
6784 6826
3880 27
8349 1318
1513 9588
9731 3846
3119 610
2292 718
702 8924
2371 7119
8480 9824
5434 1350
2249 7070
1552 8097
3025 2111
3103 2438
2056 9321
7009 7283
1769 4854
156 9683
9866 4001
2331 2692
1634 2520
3091 1063
8455 7308
4443 4386
2551 7327
4350 9567
5768 6016
6074 8155
1308 3816
9010 6612
3477 2811
6765 102
501 925
4399 3239
9655 5348
9363 1159
2167 2433
4617 1964
5407 6604
2111 872
4158 4156
3784 8153
9542 3432
9093 7662
4481 2888
6694 6467
6206 6554
4876 537
7325 5310
7379 5149
1214 1264
6023 6845
9967 2788
6406 6925
1843 7784
6015 8522
