2494
50
7202304
41 46 46 52 43 52 49 51 50 43 52 53 41 49 50 60 45 44 43 59 43 59 52 59 50 49 51 45 44 51 54 42 48 47 50 50 58 52 55 51 50 49 43 47 49 55 60 51 60 51 
-66026 -59767 -61460 -66968 -58642 -59717 -60369 -75186 -68006 -57804 -68889 -72348 -59788 -69330 -53964 -82213 -67312 -62127 -58462 -73108 -62333 -91297 -68355 -97819 -60812 -65323 -69384 -70619 -64404 -69782 -78562 -57579 -65197 -67206 -61659 -67265 -82048 -75668 -69592 -77818 -87399 -62425 -63990 -75130 -63844 -79733 -76970 -74635 -95708 -59144 
68992 69729 67879 82970 68784 68270 76351 73913 77938 70805 73828 85895 69791 81154 78580 101755 73400 54810 73355 100566 75879 84263 92860 92322 78069 76444 79363 73927 68253 81456 87209 65364 84758 80150 85803 78918 85888 81443 74984 76437 77896 69690 70256 71237 76252 92784 96256 74228 80872 86922 
2786 921
4094 2521
7123 7920
8985 3506
9179 3120
2555 127
7345 8192
7131 1153
3225 5651
5957 1813
2944 7370
2737 8417
3628 9731
8948 7515
5786 1884
7690 9237
9260 6283
9818 1872
8939 9050
5315 5707
6628 9542
1336 6106
6429 8518
9966 6546
8212 3806
7826 3889
2341 8509
6639 6204
8192 3962
4637 6442
8962 6599
7000 6675
2954 1399
2048 3451
7348 5194
1976 8321
5077 98
1136 1621
1156 4345
962 8324
9670 8179
4718 1754
2578 6475
3823 5996
2204 8502
2858 4952
3786 2274
4641 4763
9685 9679
2584 8013
6770 5269
2251 3123
7159 2539
5827 6277
6144 5987
5173 9860
1615 7438
8307 8784
2350 2796
3039 187
7619 7015
305 8846
8618 866
9224 8756
6981 6839
4258 2913
488 2273
7042 340
5680 1794
615 3403
2466 1218
6843 3963
2934 8097
4180 5085
9373 4994
1379 2000
1693 8550
1704 1395
2967 1615
7366 423
6593 8708
7251 7666
7086 6869
338 2408
4764 88
836 6324
7649 4953
7187 4639
2602 1851
979 4471
2785 9124
7385 4165
1149 9955
4028 7999
1409 6690
52 4554
7125 4789
7417 4141
4563 3168
2593 3158
5016 494
2617 3443
4574 1270
4471 7041
5159 8411
4299 4016
1418 8754
3543 940
2680 816
2257 4175
1750 9014
6477 1482
8628 1501
7655 6234
6803 9550
7261 6508
8378 4579
6716 2372
3020 648
998 3404
9505 2956
7214 3405
6487 1790
6580 2161
3312 9316
5406 2156
9957 6891
3966 7220
3458 8038
5685 3798
2810 4694
3915 7183
6472 3212
4499 6933
5303 3943
6422 7229
25 7160
6117 2318
2419 2489
9458 8700
890 8561
6520 7865
4349 4192
1347 2584
5400 1444
213 8348
6883 3617
1748 534
6688 4710
3148 8403
1180 5873
3741 677
5926 8152
5459 914
1330 3900
3886 7454
302 9852
7301 3212
1413 4558
7660 7282
1362 1484
2984 2419
6644 7573
533 6803
9151 8229
1603 6701
9977 1459
7499 5256
7005 5999
3558 4511
6223 4010
3921 3335
8396 155
4218 3360
5794 9835
4107 1353
1635 5932
1946 6239
585 9317
7790 2946
7752 1188
6915 8131
9579 4813
4881 7258
3594 5026
6657 4511
5054 6100
1729 2264
6071 9666
2422 1886
6907 3921
2624 3083
3582 775
5505 7384
324 7128
9138 8626
9076 9507
3767 3582
999 4913
5236 8049
8354 6150
884 5032
3004 156
3604 8187
4404 6149
7803 6823
4368 4129
9443 323
7413 3218
8256 9440
8136 485
1161 768
358 2811
319 5592
2003 6654
9113 8557
9000 9525
8294 6028
7468 7089
2866 4923
1953 4141
4559 5339
5305 2504
140 2975
5383 8170
7138 1919
2069 7684
5888 2891
952 9269
7675 1843
668 4434
4196 6391
135 134
2169 7871
9040 5437
6838 2311
9827 6468
8698 2325
3397 2292
540 1472
7014 7076
90 7084
1369 5352
1843 9406
5379 228
371 9365
161 4485
6231 1421
5341 5934
2214 8056
658 873
5899 150
1057 8594
741 6040
3003 598
5639 5820
176 299
7096 679
9774 936
8825 3426
1264 3063
4872 9827
5046 6835
656 1209
5806 2752
8844 3327
7480 4885
9317 2377
4495 3804
771 1542
8837 5656
4595 171
1797 3370
1833 9398
3907 2178
4700 8647
4589 586
629 1382
4235 6969
898 3375
6556 7320
8663 5111
1068 2517
95 9156
4228 8669
8195 1196
1894 7321
6087 1210
1682 8564
858 9139
782 5146
4586 2501
5600 422
4739 1822
143 1783
2775 8156
3206 9166
6558 4232
5409 7461
4651 3559
3612 5017
4690 3020
3835 9230
3375 54
1263 5946
8396 2552
7309 4864
3536 8002
1120 5109
8097 1407
1078 3694
8062 7924
6769 143
5644 3003
4114 2594
7705 7628
3492 9166
2309 8970
2444 6176
9441 9632
1211 116
7498 4471
9283 2662
1126 7843
8589 8418
4211 1949
4342 2112
1651 4571
1921 2434
3456 2699
9001 1557
5441 9494
5473 4175
5885 531
8267 3644
3607 6793
5113 9442
6875 2354
1530 8338
9290 698
6533 277
4464 210
2142 9525
1283 4849
2341 5976
5902 7954
6339 3175
8487 9017
1435 2174
7445 2111
8277 1598
4017 3564
2323 1830
2422 3818
7319 1416
2119 913
5313 141
1547 5099
3242 241
9689 4947
8371 8855
8144 6214
7380 603
3783 8145
9942 7747
4260 8106
8484 2004
7982 9563
2966 7728
6720 9468
5867 1076
3143 3928
579 3394
2231 5377
7140 5615
4936 2461
4975 9551
8576 5320
3846 5120
493 6556
4422 54
3521 7897
3379 5334
9855 533
8790 5148
6436 8751
8259 3488
4155 2541
7178 1103
9776 705
5965 2728
2989 1199
2087 8392
9395 9886
8924 3355
445 9024
4793 3961
3933 4607
4352 2157
5334 1232
69 2015
6899 9014
180 5040
4239 1332
1068 2097
8897 8435
6178 373
1477 1999
5993 1757
3331 8117
1787 5425
5248 4368
5633 9791
3087 4226
2903 2482
8054 6147
5347 7957
4258 8899
2614 7545
27 9442
1671 7907
2404 2303
4797 5838
3792 6670
4069 6806
7132 394
6311 7339
9582 8299
1328 6959
8592 7141
6136 2961
8404 805
449 2956
1620 1581
6408 2577
6605 7728
7553 5007
6193 3861
6571 6738
6607 7376
3597 7124
3744 1163
2044 3235
6200 2458
3428 2265
9460 7331
1247 5651
6687 6591
9226 3768
6852 1626
9167 4558
5074 9281
5711 7101
725 7994
3552 25
898 1407
5831 9243
9843 6764
3318 7498
5419 8113
362 6383
158 5535
9525 6069
8942 7902
768 6744
118 3794
3903 5334
5757 9948
2147 1520
437 3906
4324 6354
2435 8555
7365 8665
8981 7197
7595 6717
1576 5221
118 4259
924 1141
7909 4687
2485 2013
1897 5852
4637 9940
2550 9269
7782 7146
4595 8966
5459 1132
5908 4115
4613 2127
6911 4582
4821 8271
5383 726
8228 2312
4642 9335
3811 4444
7458 8547
7872 3213
2180 8910
3603 3857
8346 3329
4733 4824
4845 2794
1762 1190
5349 9820
3812 1593
7474 8000
7144 4146
8666 1427
9098 7986
2085 798
1691 934
8006 1163
40 3268
176 3932
8654 6225
2485 1031
3316 2509
726 753
3117 1603
2600 6053
790 9126
8666 2362
2398 2657
8753 1041
1445 9179
5969 3400
8378 767
3406 4665
6278 6818
3867 3055
6053 5176
9278 8331
3073 1022
3335 3997
1872 5435
5336 7880
653 1009
8926 1221
2354 1351
3425 1836
5931 8369
6765 9772
6386 3298
1482 8275
1823 6279
9472 4750
6439 6485
5265 6234
4934 4986
8378 3146
1255 8709
3280 9016
7203 9263
5786 4047
6606 678
4457 8348
4831 7957
9674 7378
5045 2580
5650 4757
5412 2031
8370 4144
6431 604
4824 2749
7279 3028
991 6819
1001 9227
1417 7308
6274 1394
3737 4959
749 7843
4057 4699
3435 3617
6081 5106
4985 5610
4080 4658
5147 9557
2964 5490
2212 7817
7576 3395
227 9555
7515 455
8655 6440
3859 9467
9493 2424
2005 7788
5327 5774
9609 2840
3585 3227
5137 86
8768 5558
1149 8893
4765 5225
5359 6737
6269 9590
5383 2157
893 9404
6192 7734
979 720
2547 1249
9586 7305
1040 2314
9900 4533
7981 6225
2828 5208
8420 1588
943 7231
3968 2896
3343 6734
8001 5435
3413 7986
6372 3365
7325 4785
5100 1078
8994 7841
3928 7887
5583 9422
1042 8639
5841 4768
2938 8308
6897 9517
7163 4334
7657 9993
6287 8251
9424 6855
8406 5335
7338 727
5094 6115
9229 3708
6832 9641
4351 5831
1562 545
3555 3085
9480 9753
6656 2187
7859 4473
549 7922
3381 5464
1636 342
7840 1443
2000 8138
6999 8258
1849 7310
2913 2895
3488 7800
6497 8170
6530 6154
986 1845
3951 6648
335 5148
7509 6694
5564 5940
988 9750
999 1602
3277 6250
7707 618
6133 3080
3251 1451
3890 1078
742 3713
4856 2612
8958 6533
6788 6415
1758 5546
3996 8563
5231 3447
5103 5974
3845 3646
8308 7655
3868 9321
1714 7007
1053 9582
5990 2118
558 9548
2778 4335
7054 1178
1118 5666
4917 5595
279 6269
1485 8952
6595 7308
156 3214
6419 5606
5580 7348
4125 5396
2806 1795
3581 8819
1203 549
2540 263
8198 7480
544 1804
67 1991
7474 708
9159 10000
1445 4299
2960 7314
9568 5196
2800 7885
5947 2755
7150 2177
5721 945
1674 7161
2592 4488
331 8903
1054 4869
6472 6563
1685 540
3542 6366
2272 236
5720 4864
4806 8540
7050 7165
7480 7574
1645 3874
1526 1320
9720 6226
899 1439
1577 5177
6306 2527
1908 6305
6083 711
2701 1225
4781 5021
8064 6717
6027 9054
2369 3109
4412 7478
6822 6772
2337 6044
3294 354
8038 3638
9160 9719
6886 2854
4666 8256
9658 6629
1529 1477
427 9570
5273 7812
5619 1845
2974 7935
4317 7476
5346 6947
103 9486
1911 1570
7434 7149
3493 131
9743 9780
1679 5541
8129 6546
3976 560
2559 364
5447 1998
6238 2296
7475 5816
7531 9149
791 9189
4881 4022
1325 7951
3844 6053
8012 8736
9140 8497
7071 5000
1818 5600
856 8135
294 9667
1554 8421
1133 2275
9750 6978
1462 8647
5900 6872
3202 524
2284 5469
8247 7925
1690 7414
8599 898
7991 1485
5939 5589
7106 203
9997 1178
110 3307
5471 4880
951 6147
8740 2644
5183 3337
7909 359
8370 1819
8915 9073
8808 9267
4289 4400
2923 9742
5923 5792
8725 1329
7487 2915
2552 6645
3074 3444
3900 967
7040 1586
1805 8780
6353 4239
8943 8853
4074 1937
1611 907
8267 8218
7699 7796
3140 8577
6082 9015
9788 8930
4949 2423
5667 7176
4180 5718
7867 8781
1665 5094
7992 726
6598 7915
274 1007
5656 7533
8644 5550
4751 6176
7799 1365
960 6664
3912 1087
4751 7432
1552 4629
3149 9578
1985 301
8231 1557
8619 4093
810 1710
6404 4000
507 5814
9347 3680
8612 2847
8200 9125
2580 9563
9381 589
742 9189
4240 623
3368 3204
726 771
6538 1739
7499 2379
8609 7651
18 3787
4928 766
1786 5390
3473 4040
1763 2490
8954 1887
6475 2133
6026 5621
6474 9676
2287 4850
1729 3451
326 1920
7088 5493
8778 1850
5291 6852
6750 4815
3754 3682
8249 3109
4960 9641
9193 4774
6664 2042
591 5993
5369 4768
276 3396
8051 2814
4476 480
174 7582
4361 9167
4865 8613
1077 5675
8273 631
546 4851
5987 51
3394 8583
2454 1739
2563 9488
5830 6543
4067 3148
8305 8307
66 2085
7087 3328
7821 5094
56 6777
5998 7285
5778 7412
3579 4472
3871 2156
4633 8681
9194 8284
8234 7891
3824 7898
7439 4887
9211 3429
2929 222
6695 1621
3352 9606
3459 2192
6911 4909
1013 5433
1036 4584
3335 7464
8777 1048
9462 8443
9762 6178
1594 3562
129 7299
8368 9668
2179 5500
9453 1830
7772 484
6658 2415
1538 6576
4356 2113
1004 9888
4137 2464
1488 5950
7344 1548
3549 7041
8080 9397
2819 8593
1468 221
2724 6922
6310 184
3875 8572
5839 4127
4524 3138
8041 1954
6026 3600
2578 9469
2330 5117
1247 9349
8514 5458
6937 3937
6410 814
9566 1844
3614 1887
735 7338
2085 7207
6148 5094
4186 6570
1038 1922
1540 8221
5422 4823
7629 3634
8586 9234
5465 8996
9515 9555
5584 8683
274 8423
749 4396
2842 6083
1897 3358
4458 4115
5306 6509
1270 3769
2133 3362
7093 5251
3261 4502
630 9758
5919 1845
5309 4381
5784 8128
9667 7684
3216 9462
376 2920
7778 6850
3258 7532
1131 7607
223 1888
3950 6386
9064 5867
3948 7603
808 6847
57 2028
2346 7466
5578 9293
3224 6472
8337 3293
5419 8973
7160 6893
5801 1892
4460 3189
9195 1307
3566 6989
7485 706
7737 2205
947 3544
1371 5498
8043 5271
2803 9754
9950 7837
3044 5507
2479 6890
9394 7938
2233 2955
9927 2004
3419 3656
9415 2197
3102 9355
9719 8156
2501 297
2100 9419
2961 2249
6921 8396
1097 8478
9268 9769
7661 6128
6337 9900
5856 4145
7725 9603
4224 3409
8285 1390
7716 4027
5561 243
3269 4047
9353 5547
283 6464
655 5951
8957 9444
1955 6456
9969 611
9885 7911
8819 8164
7160 1219
2010 8131
1120 779
7746 4891
9509 1240
6267 734
5086 900
7817 6313
7182 6671
7722 2877
3434 8419
491 2756
4010 1724
6489 9832
7146 4287
4016 824
8204 4728
990 3814
8797 9606
1559 7568
1456 292
666 3875
5133 9403
9367 1555
1065 8169
1714 4113
9613 9631
4296 5678
6061 9560
4792 668
2116 7227
7836 5590
3985 2850
172 960
8966 297
7104 4469
5496 9121
4609 4677
6587 3614
8526 3455
4312 4053
5152 6322
7901 659
7703 7053
8093 1027
5009 537
4286 5932
641 5533
7247 4156
4693 981
5162 8185
5755 8178
3739 6904
1574 1348
3407 2432
6608 4350
4349 6951
1019 6448
6880 8085
5619 8736
6713 9504
3106 4827
5710 543
694 3260
7288 9926
1946 6001
6236 3292
3980 9317
4252 8059
1965 2435
92 3781
6457 9966
2016 2140
7858 6762
1756 5548
9783 6653
289 4472
6700 2287
4483 5110
9775 8758
3795 4170
6495 9507
2107 2722
5926 6273
6940 8127
2471 3193
4049 2081
4064 1026
1908 5406
2369 6935
8278 9195
6350 3478
4983 7310
7293 4509
9705 9961
409 8991
8573 4115
8089 7066
596 6739
9617 8801
4866 6621
6756 8050
9960 6594
2897 6504
9937 5169
6128 770
148 9428
4459 1521
3949 2873
9445 6589
1859 980
4058 9575
4086 8960
3203 5041
9425 3236
7078 6410
7714 912
8542 1788
8988 3158
9104 558
9329 6645
1195 8580
9439 7820
4022 93
8454 5978
6811 9123
8707 914
9492 8493
8025 478
1122 7801
941 5359
2815 4284
6919 5221
8443 5762
8390 2775
8108 9858
1213 3049
6201 4370
8291 2865
1403 6493
5431 3181
3389 1673
6554 8266
2354 5555
6528 8707
6432 4616
581 6476
9520 607
1120 4117
3810 6471
5482 2224
7878 6552
5784 7728
6803 3111
2331 5047
9243 6431
4901 632
6906 3125
3943 1538
9509 9639
506 61
9212 4344
9649 538
1265 3798
763 7902
2708 8303
2334 9916
8338 6770
8544 2193
4523 4033
291 3453
2170 8924
3996 3283
4454 162
2598 5478
412 8098
270 1724
1504 3070
6900 4108
3826 5369
2777 8895
537 3640
2106 9615
9916 7219
416 9249
6555 5772
8480 3967
5501 4212
1073 675
9277 3519
4524 2738
2573 9117
3573 8801
7890 9770
4445 2300
8479 2620
5124 4610
5537 1359
9526 4012
8476 5352
1705 8652
1443 1408
25 7450
3364 6584
5714 2659
4068 6343
4208 5268
441 118
6500 6752
7791 8346
7928 2279
1486 9686
1881 5891
9865 3955
5635 3205
6205 5992
2780 4039
4654 4388
7863 9835
7955 355
4145 3400
4121 683
3018 3156
5041 6064
4230 991
1700 3404
2398 948
2486 898
272 6193
1260 2607
100 814
4307 954
1392 6483
2821 323
8777 8493
5161 4783
384 1321
5387 6104
6344 1070
4069 9695
5934 5514
6571 6361
7751 8760
4806 4090
8839 7857
8424 6536
5890 4684
5616 517
51 7201
6778 9676
7985 9424
4264 5211
2980 5019
4337 5631
6475 7725
3384 8980
3409 7159
9479 3154
2892 9503
5999 6671
8050 3424
2785 2107
5006 1298
5229 9603
7877 2841
8521 1051
1120 6281
5257 1438
8470 9543
5025 9260
9625 4153
5444 4120
1982 693
1258 6672
2454 4939
3515 4740
1527 8808
8953 2420
7955 4848
2055 8213
1810 7342
541 1467
1779 8715
4378 479
1624 3243
3671 73
410 9523
9952 6722
5155 4271
9885 4951
160 5276
7899 1331
141 5337
7614 4306
8200 7954
1847 9947
3101 7322
3235 876
2416 7169
635 9324
6973 3208
7369 1144
7084 7875
2045 4431
8706 2519
6379 5173
9382 2940
2970 4052
2824 9398
3944 534
8893 5915
9405 7978
6370 8146
5127 7297
2703 816
2377 366
3621 8900
1639 7850
9780 7840
8032 4871
3866 8924
8902 5421
8364 6368
7517 82
8982 5998
4760 8216
7908 7149
1463 3074
7159 1189
2315 1842
2550 2135
4407 7782
9782 5291
5361 376
4719 690
684 144
9866 5854
8779 4979
6840 1549
7640 8566
5623 5592
5599 3976
1520 7851
6048 9111
9279 8810
4785 6844
8242 7986
9287 2239
1950 5847
1725 3527
1627 8380
3673 5169
4278 4564
5179 1238
1724 2982
3642 1568
5999 997
5259 1761
8754 7697
8916 2752
6492 9928
966 5884
6578 7036
5579 8883
4799 9559
5932 3054
1178 3691
8049 5637
3982 1651
1372 3932
5571 373
5646 5655
9813 7074
3026 3426
2027 1873
9459 3102
5481 692
4126 8681
7911 4270
9052 8656
7302 4987
4320 4234
1422 8513
3615 4845
629 4930
1884 5614
3518 8364
6326 8413
1287 9286
3578 1181
5935 9227
2331 7692
7676 2593
8827 3545
9647 4419
7181 6008
6203 1463
182 9401
1782 3782
7728 2513
4049 9841
1921 3833
2198 7885
6131 1279
5178 6052
3693 4262
9977 7087
9707 9794
193 7728
3413 7009
1451 5326
6886 9774
5107 4862
5598 2657
1022 9129
9693 4612
802 3129
3836 5981
1051 1868
9919 7112
7264 1536
7071 6542
7554 8972
91 7504
5751 8720
4263 334
3340 2499
8724 8582
3453 2683
7246 988
3948 2299
7262 6706
1635 2504
4055 3612
9699 3822
9755 1871
2160 9080
8259 6459
6516 487
1968 4843
142 4229
2905 3255
7652 8509
9548 9672
885 1924
9248 2603
4995 3209
342 1054
6176 6741
1174 7155
6089 3166
1913 2262
7299 3437
772 5945
8813 614
2479 1373
6887 8381
1612 7101
3742 8750
3765 4192
9459 8258
5212 7159
4786 3268
9938 610
1702 5287
4928 9937
4951 8200
8368 4761
3675 3189
8235 4251
1782 582
9307 8470
7602 8372
4443 2945
7718 37
5857 9770
4475 9456
2140 1424
878 9709
2447 1748
40 6862
6777 8000
7752 1418
7326 3095
4981 2341
2072 8934
8022 9462
9954 8817
7661 8763
606 3704
7009 8035
4893 8167
9990 9078
2804 8242
7412 1615
6084 348
8621 5028
1064 146
4577 929
1142 4086
6743 1575
4202 2540
9228 8603
6176 5606
3781 5591
233 948
2181 3426
6219 3304
2028 3194
802 2688
7302 3754
939 3875
3851 4864
8646 4333
1103 6726
1344 9716
1224 2547
9849 9470
9955 2416
4257 6705
2009 874
1455 8787
1701 6071
7601 6651
1579 7546
7053 9966
8794 2183
8448 8718
8235 6140
1916 7906
4346 6074
5466 3233
4894 1915
3554 1715
1852 6218
5409 6772
4916 9511
2499 1099
7367 3774
9003 8643
6180 1659
3429 1873
9652 2395
7535 678
2346 9504
3213 9042
5029 5964
524 9024
31 8693
2653 3910
639 5415
1492 3592
3027 7544
7060 1960
6606 6096
2971 3296
8034 5344
4951 2976
6259 5815
4519 389
6743 9723
5558 5573
8483 4446
5804 5447
8865 5926
3126 5240
1851 2362
5701 5831
7633 8270
7983 9250
6461 1215
3918 5808
3373 7625
9754 8991
8746 2471
4897 6587
3839 7370
2999 6357
2181 7000
1037 8649
4998 6694
5900 8822
5796 6563
915 7782
4164 3193
8374 1949
4928 5143
5420 2123
7804 2737
5701 2544
693 2140
8003 7536
7411 7750
5068 9565
2889 9649
2792 8182
6261 4848
8344 1556
8490 8164
3887 8678
5015 9847
4052 7282
9764 3769
1809 3562
2010 7934
3775 6228
5985 1609
845 786
9691 6415
2183 6585
323 6976
3951 9602
1237 2843
1115 1418
6264 6660
3377 9184
7990 2009
9820 139
8950 9154
7648 4651
324 8474
4779 1988
8307 349
8445 8275
7454 6097
5640 8660
3574 2258
5475 4664
6810 9383
5967 6334
6864 2959
2113 5813
5662 1034
8763 7073
4508 3576
8454 1190
145 3444
2183 7533
1708 1107
6184 7314
8278 6290
6554 1473
2191 8426
6075 5540
2465 9451
348 6922
8384 8936
1444 6780
1487 2255
1426 4626
1592 7063
5439 7887
2240 9721
7706 7794
6979 9805
8550 369
6602 625
8953 8600
2543 6407
5527 5739
1187 8508
4294 7512
2064 1323
6037 7490
2326 9498
1736 9244
4854 6834
4705 4055
2217 2839
5952 3299
3595 8517
4644 4631
1182 6854
1485 7121
7119 985
3751 187
6824 8882
6715 65
8950 6381
3042 2036
404 3241
5162 1400
8554 3712
5325 2084
2167 1601
2846 2267
825 4326
9373 9960
165 6383
514 2610
5024 1154
6472 3516
708 8019
594 3674
3144 5328
4726 4730
1582 3152
6654 7052
2480 7328
630 6235
1701 9847
8632 3427
6884 8984
5679 28
4556 4305
4039 7328
2411 3787
2146 4744
9277 7467
2065 2192
4434 5490
2570 2908
1317 8055
4382 4954
9785 393
7607 6880
9703 2768
581 4590
1995 8313
5566 4894
2011 9923
7142 6270
1760 2448
804 4899
8026 7139
8647 4727
591 8831
6698 9604
8897 6311
6109 1509
7992 2888
2793 8414
8953 1253
9543 33
7445 5608
8868 6698
6728 1204
5291 6075
2173 3346
4650 1112
5785 6770
4312 2061
4822 3104
7920 7990
4198 6525
1523 6488
6161 6073
7014 2075
2613 4671
9079 5989
1738 7989
4184 4191
4799 6167
3807 4963
4149 1120
5024 5897
1528 5953
6878 8948
1302 7861
4076 5941
1503 8272
8473 9217
8217 3023
3682 9369
6730 50
9234 3183
9815 5284
5667 3404
8900 5399
717 2394
8326 3483
7004 5214
4809 6303
4611 59
3686 1989
6353 1781
1034 3691
8594 5610
3867 4609
5070 9751
5879 6951
8197 7007
870 2246
2510 854
7848 2722
1600 3827
7271 5644
2597 2360
9626 8869
4870 6066
3926 1980
8495 1141
830 3523
6203 6146
1504 2289
2254 744
4375 7188
5624 5877
8719 9163
7430 8005
3024 1970
8585 6217
595 7166
8762 3613
4766 998
7622 6269
2264 8025
7986 3692
5507 4585
5123 1460
4397 8498
4613 8648
3838 7542
7369 3191
6902 6278
7587 3630
9552 629
7359 4522
5551 4892
8888 3306
1377 5079
6160 5325
9254 807
9630 1554
355 2658
8220 3736
307 7260
8627 8689
6107 5576
2522 1152
1274 4254
6328 4558
1306 3414
6543 8436
461 5150
6144 131
2873 5794
3232 9726
236 8678
3466 5750
3140 142
4081 6987
6032 9705
9141 2213
1917 6670
3228 618
6905 5829
6581 3034
593 8273
6439 2815
5468 3064
9066 3531
7520 8023
6761 665
924 6279
6352 4901
9741 3613
5570 294
3284 1018
6208 6169
2595 1947
169 4954
2341 1410
4291 6730
3770 4360
6386 1264
9888 8471
2927 5329
4070 8545
3156 6568
4539 5573
786 3575
6369 8477
9798 1638
9444 7910
2118 8186
1156 2837
5214 9107
411 4354
2236 2209
5863 146
9361 2637
4020 2308
2514 3616
6369 9759
1429 7306
8398 7121
1411 5343
7496 4417
7980 4887
850 1435
2927 2537
5248 2807
6966 2825
3795 1378
245 6154
7483 3941
3042 658
1410 355
3746 2805
960 9316
2099 6397
667 4320
3301 2520
671 6116
8257 2600
7535 9322
8362 6148
7928 1765
1660 3539
7367 9461
551 6132
1063 5258
8182 2927
8603 3425
2017 6548
3065 2384
8536 1245
463 9172
4285 4588
4682 4179
5734 7221
8811 7302
4229 689
5886 3825
4026 9041
7613 2595
807 9722
9006 8757
3678 2204
8411 1661
8334 4318
7515 4528
9084 3095
7342 5993
7002 5622
9404 4443
3477 3847
756 9838
6933 2975
4946 6711
7780 8614
4144 3013
1022 1021
739 3303
9438 7411
6055 6810
1299 2467
9317 4121
4929 4698
9062 96
1969 4389
1463 1466
3338 2186
8944 4640
9795 84
8434 6370
9197 2054
8324 7091
4332 634
5031 6920
8912 9855
4850 200
3554 4566
9792 8410
8911 5524
4591 1757
9800 5041
7415 4901
4874 1276
227 1967
4126 1436
9164 6145
9154 3247
565 467
7149 2889
5898 6873
7226 7036
6419 1569
4674 8208
5416 8815
5798 9757
2164 9134
8767 3324
9102 1167
3594 2990
9732 7532
3595 8400
5935 5941
8543 1549
5414 7597
7235 3271
8618 4113
499 5143
8602 8781
7813 5110
9980 5786
1054 598
7996 8125
5482 5148
5377 2379
9614 9793
732 9113
671 6674
5521 3317
2004 4187
1465 2294
8959 1338
8614 4574
1810 3452
4843 7392
9509 1400
4883 3267
3413 6726
5770 8010
450 3770
6807 2448
1760 2633
2042 5410
4319 5982
5831 9377
1257 5307
2877 1227
518 229
2382 7470
4258 2322
1363 3091
302 5415
5282 6472
9774 6214
7149 4680
6832 7604
6286 2475
6919 5333
7436 2043
6150 6862
9370 6967
2391 8972
4530 8730
2049 505
2058 12
7542 617
3914 1796
4422 3992
8875 9544
691 1399
1035 7542
5952 7268
170 6995
1107 2962
4402 2689
6383 8418
7083 1685
7943 2845
2199 4325
7103 7510
7899 4441
3311 4240
1744 1306
5779 6872
2647 5358
6981 7835
9361 7184
8998 4410
6918 4011
7217 9534
4822 9884
6012 5929
5566 497
3510 3537
7277 6673
7121 7138
6976 6421
4292 4402
3746 5655
8228 9523
4538 8867
5110 1880
752 1215
3972 2159
5655 1922
7415 470
5811 8792
4277 4388
2467 3177
8584 8106
4991 2545
2249 9074
7285 8283
775 3751
4296 817
3243 6701
5832 2452
9127 822
8331 9571
3726 6396
585 5674
350 2785
6559 1595
735 4856
9917 3455
8101 1253
8503 3629
9197 7675
7091 7677
9802 9132
5672 2459
5892 453
3095 5150
9903 8834
9646 4343
317 2537
4770 680
5201 4964
9601 9793
7060 6272
235 1004
7992 5428
6474 3502
6546 3141
9300 5596
5575 7753
6899 3153
6758 8292
968 9078
6454 9411
8555 7477
8617 6999
9632 3412
8788 3124
6448 6393
396 1461
1835 103
2785 2407
9541 3165
8321 3460
5257 6032
1791 9206
3277 8984
450 9864
2626 4776
1963 280
6027 3886
1275 1942
194 5000
555 8525
4898 7950
6927 6087
1013 2308
2075 3059
1335 2978
773 4268
9218 8577
1486 3535
1086 8528
8022 913
4761 8578
4037 937
8458 5476
1222 1818
5220 4383
9113 7066
7721 7991
1323 6517
6626 6414
7334 4764
8024 3124
6490 5684
6553 1049
4644 4438
8012 8751
5803 9449
1291 8720
7931 8631
1602 819
7991 82
8589 2966
3441 8453
2660 3525
8547 4661
5582 9919
5081 3019
2028 2463
948 7456
581 7130
5836 3478
3716 2107
412 2446
9457 2193
5367 2357
5972 2843
2465 4229
3790 7177
9762 1105
3295 5226
5018 8643
387 2361
4472 7437
6092 5015
9800 1256
3407 6972
290 8788
6559 3919
4575 3307
9872 1563
5804 9355
9311 8929
6806 676
216 7101
5968 71
5333 1355
1057 9697
2671 6115
7180 6709
9675 3045
3360 5628
5863 73
1192 3010
2215 2352
1159 5950
8854 6835
4850 4810
9390 655
4481 9611
2683 9807
8114 4025
9230 7213
4740 8948
5671 4273
2237 3262
3993 7623
3197 6755
3790 7181
8456 3840
6997 1623
7788 8524
2219 8524
7027 3165
4715 9890
9323 823
3490 7317
3095 7447
5834 4234
7143 6410
5201 8744
2302 8285
3596 4879
2750 5129
3453 7668
2406 3401
2411 3111
8588 2395
6249 4619
4171 4512
2809 9480
1858 9523
8888 5648
5061 3534
2878 6989
2283 6405
3087 5895
8752 5744
757 5132
3125 2520
1315 2684
5003 8787
3967 560
7843 4733
9181 6454
4033 9921
1880 5961
4084 2341
455 2632
4365 3823
4380 976
7613 5429
124 1771
4038 9644
1630 8440
4730 3039
5605 3370
1489 8029
501 3868
3853 1246
180 3553
4199 2311
6773 5678
7566 4458
7549 5520
6359 3745
8635 9280
5209 7208
111 7074
2104 4003
9307 3465
3326 4272
1746 7973
5035 5132
7214 3749
6795 5033
7420 7868
4949 9062
5692 93
3833 9709
5646 3790
8626 3120
2677 7226
8899 2943
3755 7007
8154 8706
5887 441
8292 1883
1549 717
6864 2479
3161 1361
6779 553
792 1811
9676 1176
4159 6064
8283 3098
631 1353
8481 820
2362 2976
9988 5846
2526 9261
6876 9084
486 8950
3987 5519
5938 7245
7691 3159
9913 6701
6764 7513
5113 8646
5415 9374
1909 4758
7406 1155
1235 8551
2889 8118
6671 3904
3391 4173
2491 5551
8182 1100
260 7206
6741 385
2815 4000
474 7170
4183 5074
312 3944
1622 4999
9617 3628
9713 4206
9391 3400
1610 5268
6227 57
7856 5661
8021 8120
9446 3992
5786 2837
2674 7397
2332 2718
1091 5583
6103 1567
8052 2792
2813 695
4475 7738
2739 5704
9621 2605
1380 8822
882 5240
1437 5191
5329 2616
3568 1628
8185 8296
6918 2027
3567 3579
2810 6216
7152 3920
1686 292
2118 1102
3561 246
7908 2726
9480 8910
3961 2684
6363 926
6165 6572
9870 7243
9722 2905
4846 2727
7974 4085
556 5132
7994 5766
4285 5027
6234 9584
3572 2302
7834 3461
5840 2530
2787 3631
9248 1248
6026 2157
9402 4722
4407 3604
6572 5927
6850 2528
402 8080
6962 6673
9170 7586
9310 504
8020 3263
7521 8318
5151 8612
9821 6999
6035 9799
1123 89
2831 5925
9160 2077
7366 5821
7489 1397
6050 5389
8982 2049
722 9743
732 6827
8225 9356
4281 412
6854 2244
2936 3915
1800 5622
9136 8509
2790 4080
5987 8379
7850 9026
1908 7910
7630 4327
3503 7424
124 9734
1660 3529
3062 568
8649 5749
6884 832
5860 4707
4853 72
440 2954
1585 2499
246 9544
7160 8093
5149 5721
5296 381
4202 9177
3662 6384
1010 5942
4728 5971
1513 8285
3167 9478
2812 4451
5458 2158
4490 8965
7106 9127
3929 4454
2567 8477
7490 5868
5728 3841
318 3722
5171 1223
2863 9055
583 6787
1658 5831
7990 252
8204 4939
707 2983
4550 6181
4328 1114
