2467
50
6395324
46 42 44 57 59 50 59 43 42 40 59 58 48 44 55 53 46 42 59 45 45 42 52 55 50 58 60 41 40 59 46 45 40 47 41 51 59 49 51 51 41 47 57 45 42 56 54 51 46 55 
-26055 -24499 -27923 -34158 -39407 -28355 -37006 -31011 -24927 -29143 -34530 -36942 -31936 -30255 -33812 -33882 -29306 -25352 -36665 -28230 -26414 -26527 -28757 -38698 -34394 -35661 -39573 -21260 -24158 -40584 -25666 -30977 -24568 -27733 -20673 -34971 -43342 -29440 -31313 -35542 -27658 -30511 -35552 -25005 -25172 -37448 -32357 -30295 -30360 -35006 
28535 25276 28646 29440 33730 31023 31878 24691 27275 23125 31064 33561 27616 26339 34183 29933 27727 22925 38300 24524 28774 26891 31321 33036 34803 34762 34410 25532 25125 36891 29158 29411 25134 23325 22458 28502 40748 31190 28396 29150 23198 30241 33905 23434 23779 35412 32292 30666 28464 33529 
8951 4763
405 4524
7205 5293
308 8818
2478 9629
5691 1538
6580 3808
1829 5081
6518 6984
802 8375
632 957
1768 1220
749 6504
7546 1942
8846 1343
3139 7761
2234 1822
5607 8885
9172 8747
9868 2414
9811 3828
7457 5275
3985 9499
4183 1731
2454 6031
6812 417
6926 7915
5464 9441
5773 889
2239 168
6344 4670
9816 8062
1481 7134
599 3405
716 9589
4534 8790
5186 8032
1053 8353
3075 5610
494 6534
2797 3769
188 696
7460 9361
1742 385
6901 4074
9367 6147
6153 6257
4359 6845
2859 7521
4488 7072
2706 5365
1215 5132
7491 4707
3899 7077
1557 4961
7989 1269
4978 6682
1139 2760
757 9011
5374 8533
3146 3254
6058 6783
1904 2181
7385 3353
2157 3089
3548 6467
4984 106
5815 9602
7865 8582
4105 89
7339 4668
2959 4033
6409 2551
8606 1941
5050 9973
726 2339
6578 3753
8797 1940
7361 5233
3285 2873
814 7018
2708 4947
5120 8195
3938 3622
9910 4836
5353 3721
5190 4499
2735 9934
5542 1243
440 3852
9101 5934
7878 8887
6124 6411
5361 9250
533 480
9839 4444
6315 7460
572 9710
4842 7410
761 2702
5214 4801
2833 7577
5380 2272
61 5541
3729 8282
1438 4604
8362 3727
664 4780
887 9420
9813 2296
7829 9380
7217 9309
4509 8428
4015 1822
743 9071
8557 80
2586 6393
6788 7121
2911 7033
8291 1659
1260 7219
6990 123
6622 9322
9658 253
9522 1884
9659 6774
3203 1499
6810 6037
6541 4025
6835 5560
2380 9602
3420 7466
2748 9593
8515 2080
4889 8007
9311 2307
5250 2416
2802 5906
4818 4605
6613 3639
1590 833
7952 8778
6221 7100
3871 409
7213 7468
7265 5519
2042 6651
6904 7994
7917 557
5836 1638
659 6742
9496 7667
5114 8601
3508 1492
639 7686
3707 4481
4816 5815
1870 3018
8980 7921
8257 722
3754 3669
4266 220
26 472
3690 7354
3542 4434
2339 474
2315 8191
993 1348
77 3788
3727 9084
8559 2643
1417 917
7092 4256
687 3310
8029 4245
9342 5457
240 4610
9249 6368
772 2034
9164 2151
2006 6606
9938 2433
3072 2748
166 993
9323 2462
2984 4887
4753 7866
9005 2352
2282 2810
4212 2189
5857 9430
9272 4458
1385 4007
6159 3945
985 4773
9143 7503
3863 5716
4170 2818
3380 1204
3912 8803
4316 7187
6928 3271
7402 863
4322 6122
623 6678
7491 4003
3181 4093
6561 6910
2736 9614
9582 5455
8296 3436
2166 524
376 3909
3442 3081
8087 7427
961 6485
6826 2318
8401 5491
8890 5263
7562 4052
3153 3383
208 2177
7993 1150
153 282
552 2840
4381 8558
9819 3175
8972 6678
4686 5699
3510 4034
3974 3322
2506 8175
9455 103
5492 6911
3719 8083
5257 5496
3310 9766
6474 6847
8449 3335
8478 5927
3172 1305
7013 1505
8355 9486
7867 7855
6604 659
9788 6058
4973 569
4550 9537
4225 3009
4949 2979
2633 87
6941 7465
4607 3815
1733 3127
6484 8801
8916 9364
1360 9588
3493 3912
172 8260
7121 4704
4150 8856
3197 7124
6554 7392
1623 7257
584 9441
7881 2047
9275 3751
5499 6479
2412 2541
5303 1755
487 5323
8241 7435
635 1809
1587 1169
4935 7746
2261 5459
2840 5846
1090 1195
4885 9486
5441 6586
5587 3209
8047 9118
9418 3845
1543 8377
5688 5665
8172 403
9582 2513
2170 9508
4015 3971
1610 9324
7666 2968
1739 3847
101 7949
5209 521
5689 764
6559 4941
6371 9628
4795 796
9119 7278
5872 3441
4341 5205
4913 1990
8777 5044
613 2111
7670 2761
3847 1541
811 170
5644 3504
972 6981
3111 9492
8714 530
6441 1133
9660 9287
8368 7185
8228 4498
9581 1925
4513 7580
8584 1173
9893 4812
5408 223
817 8319
2821 8794
6530 1923
1491 6523
6249 5438
5553 2733
9602 4325
4715 2048
4500 2009
1316 8481
6717 1805
197 4241
7320 5465
1061 9947
1997 1563
1136 8320
366 9182
7004 7505
5040 1794
3283 490
1706 3249
6009 5481
5973 55
5868 5530
7258 7164
4938 5307
1657 3619
1809 540
9755 5171
4805 8043
1913 6286
753 6462
9135 5392
4689 6332
4202 2148
7862 88
3134 8716
8026 1454
5059 1310
8012 2210
9312 1019
6860 1455
375 3540
5226 7427
8155 4000
9024 497
2930 5164
1206 5107
9707 2509
7547 5910
4063 4896
4266 1319
8472 6665
357 4263
1034 6106
6717 4438
4984 6741
3681 4367
7957 5563
3601 2396
3917 1131
8236 7641
9917 8775
7115 2780
6799 609
5917 7344
7610 9303
4720 7866
3648 4458
5071 7276
8132 6284
5884 800
7212 9600
6800 4371
8108 9043
6457 9606
8558 6738
5769 6395
51 8685
101 789
2754 8560
7189 7869
1009 4878
4377 9930
9161 8667
5044 3863
1741 9684
9149 6638
9821 6021
1985 1698
7811 6877
2070 5355
3725 7959
3250 6135
3310 1349
4940 9871
7617 3386
784 50
3472 8915
343 2188
2311 9961
9156 503
9200 4938
2016 2623
9743 3930
6871 3076
1517 2359
4808 4185
5674 3088
8112 8997
3022 3218
5381 2964
2531 7517
889 6148
6607 6044
7247 3274
5800 6832
1269 3370
3967 3398
4215 7335
7033 7692
1296 8261
6909 7044
7219 8975
1510 3643
6102 3152
8852 1260
3918 7798
9228 6823
584 8059
6359 1329
4805 1264
8930 2626
3000 8496
1452 8373
3042 8121
7268 2698
9601 9578
8730 1357
7644 1541
6674 8172
8891 11
5168 983
9213 7483
7056 3510
691 2132
3520 5612
3820 7810
8931 7381
6176 1367
9128 7370
3211 2390
5934 4748
592 3825
8674 8893
8313 7937
3648 2711
2425 7332
2387 3601
5395 3023
9641 472
7094 5769
26 9793
3071 3722
5782 2509
2293 3270
7890 1526
8751 2150
6812 6352
2193 4177
4777 7282
3135 8825
5075 4774
7175 1500
3811 9093
2519 7648
1281 977
9697 3303
9778 295
4191 2429
2156 2519
6707 3361
2933 4370
9123 2730
4321 5150
182 5431
3066 1778
6035 257
7920 8502
197 1687
8421 9117
288 4117
5501 5770
3236 3576
3625 5044
2005 6185
3030 18
767 4941
1960 2677
3339 3907
5590 5806
3377 718
713 7894
8827 1769
4496 6782
1718 114
4410 9187
8727 6072
9899 9042
1362 2516
7497 47
6930 4740
7658 1451
921 5629
5562 7006
9364 2791
1133 7372
6929 7723
6080 5340
9940 4821
367 3920
4556 5933
2690 2583
420 6338
3072 2995
4607 1945
8363 1458
7705 83
6594 4175
1320 4802
479 1292
5213 5395
5308 5191
1287 6332
9855 4019
4432 6602
4693 4858
6607 2363
7527 2299
5411 4069
2132 6010
4072 7953
5592 7453
7140 7962
8423 4271
6282 4073
9946 4299
3087 1922
313 9819
1910 2528
696 2739
6929 7000
64 7400
5704 8907
2899 108
1347 8448
7310 3679
2581 3298
7624 6988
9321 3717
3981 9828
1066 6201
7766 1875
9569 1469
6935 2470
9629 8779
4387 4084
1820 916
8342 7091
4424 7484
3627 2770
9744 7844
711 9891
8493 6230
8816 4518
51 5382
8803 4598
2956 8274
9119 1507
3799 2936
853 134
3514 9667
726 3784
3627 4353
5231 3844
9769 3833
5988 9363
1206 2437
3188 9005
3826 4958
6516 2921
7186 2092
4172 5042
1013 1334
2118 5995
5470 4780
3236 5610
9003 3385
1672 5107
8792 1540
8315 8794
9649 8236
506 4580
565 2575
6811 5273
7661 1788
6930 6603
3012 5195
6953 1227
7868 1160
1684 7126
4428 4679
6413 3747
8266 7010
6798 2361
2528 4149
9816 5565
6249 9520
4986 7388
7283 4413
2537 6454
9876 6296
6145 4725
2188 3753
8626 9888
7280 7666
9665 182
3483 4164
9835 5481
6550 6166
826 1457
3681 1354
2774 1331
6439 4549
6213 3828
7448 7459
9422 6660
6684 3393
1472 2113
1951 4770
8445 9461
2888 5763
7707 3915
9485 3657
8521 1396
4746 5761
9274 9699
1602 5415
1897 1056
4298 7062
9410 8665
3725 9386
4746 1488
7377 3447
3476 3547
1911 4857
8004 9699
8249 8438
3400 7636
3496 3735
9929 3743
1000 2963
8567 3207
3699 6303
4008 6956
402 6319
8712 2559
5058 1326
7707 3861
2764 8760
9301 8918
6737 5550
6928 9212
7250 603
6717 6119
7729 5815
7262 8578
8586 5573
8588 2586
4702 2635
8663 9786
4103 133
5776 4382
1530 196
2969 8663
2618 2946
89 7535
4401 2562
7575 1533
8295 5754
4152 3770
6139 9063
2339 3478
7446 3716
2079 764
223 1935
2429 1618
8211 8080
5967 8939
7296 9557
1417 1789
6936 7483
6092 2980
637 6064
1223 9640
6924 4641
5509 6522
2827 6187
5936 2468
425 5192
8212 7889
7077 3114
2489 7992
2305 8209
1099 8644
1812 9929
1745 4237
8868 2961
834 8206
3532 1063
9507 7030
2405 5923
3404 2455
8485 4562
9978 2291
2384 9204
1804 5829
5606 6204
8807 6695
8038 1504
4333 7790
8302 699
4291 2784
4252 8079
5963 742
6006 1153
7333 1630
9341 3549
1793 3322
255 2359
6754 9725
9485 9078
1828 7317
9421 3855
6247 5736
5526 4122
6330 126
416 582
3420 7139
657 4697
4279 729
4093 8959
3598 5901
4751 2302
8939 6051
460 7993
3082 2419
949 4304
7257 7204
4122 8384
7121 8144
6347 8602
9926 4685
9793 8653
3065 7914
1612 196
4652 4972
3886 5771
7656 3288
3771 4739
6856 1358
7368 8268
2324 5036
2133 215
7322 2303
9472 8566
4326 9421
3830 563
225 321
1720 4477
3913 8263
4543 8161
1140 234
6647 7959
8061 6064
4038 5352
1128 2803
4083 1134
7179 8133
5558 3631
8959 2591
2072 6087
8040 4614
4635 9965
1770 1611
5622 4412
8902 1382
3194 4876
6617 346
5770 7975
6114 6911
7767 9062
5470 4102
1213 1837
6932 8017
995 4884
6804 891
5424 7960
8139 1146
9197 4034
7431 8941
1213 5267
9618 6429
2906 5479
1181 7545
7154 9587
6289 4597
1133 3869
8300 339
1555 4220
8986 9761
6969 1143
4570 8135
978 2520
3103 6663
8881 8946
886 2693
2618 3589
1410 9932
3882 7455
2741 6355
7073 849
2193 3187
4710 4225
7260 9234
1359 7395
5934 3271
5514 4156
9796 9692
2466 2443
4378 4085
5806 2662
4525 6675
8728 5193
7681 34
5953 393
2994 2054
6718 3599
1366 2082
2911 9042
6547 6151
8683 4698
1732 4385
4526 6274
6558 5792
6872 7569
4595 2935
9895 994
1763 4816
1797 7495
7265 204
4866 4289
1167 6345
842 2571
4997 2826
8363 1886
3345 4517
1431 7166
29 9267
6819 3014
9730 7371
8207 5960
7530 4253
2410 6252
7448 8582
5582 6499
5367 2938
3240 6614
8495 1922
3655 1582
1918 4655
6349 5880
7232 9471
6904 5060
9476 9711
8831 8846
5986 4913
8904 1058
6482 5871
1793 5657
2224 6214
129 8084
5775 3784
1451 5493
9840 792
3921 2871
5124 9610
2169 9914
8308 8934
978 4257
1078 5064
1234 7522
4965 5641
6025 194
8937 4670
1977 2487
4804 3527
1962 3401
3882 6603
4581 8115
7558 4430
6835 6920
1416 8542
2898 2605
9027 7234
4631 936
885 1302
201 5685
6199 6055
7798 4147
9322 7062
5118 5549
5157 3669
122 4233
5064 8463
6138 5860
9483 7798
22 6739
2897 9408
6542 9801
6397 8967
7575 6206
4800 4652
3704 2133
1971 9947
7599 662
6816 593
2053 3402
776 64
2223 6882
6191 5558
9068 1799
5984 3133
9755 3241
9089 2337
2233 6147
4650 6189
658 5808
4277 8612
9958 3401
829 1969
7762 6297
1186 3850
1051 1465
9942 1468
5449 8841
3880 7343
4540 4885
8904 3415
4276 5104
4115 7436
1818 1934
5417 3951
6765 8085
2905 582
5936 1938
7452 425
68 4313
7197 6382
5140 637
5125 2650
3930 6124
3059 7585
8148 4481
1776 735
9124 9713
6398 8255
2913 5737
5695 3789
6874 6705
1043 4634
984 5147
8360 5909
4736 7528
2504 9534
974 6743
6364 6677
4688 9872
8796 5494
3626 5011
2830 4198
5013 4735
8935 4958
1609 8874
1106 1684
4310 891
4321 4742
1964 522
8504 5814
7842 4560
1519 6017
6767 6738
3528 1749
3694 192
5826 6886
5369 6751
4551 263
8754 9156
6407 9376
356 7478
2767 3624
5039 25
8880 7271
6029 2440
373 8581
3751 5023
7989 8454
6084 6707
9370 2149
6757 7985
8980 6404
5641 4383
5239 6261
7451 4438
4121 919
6457 1159
938 4358
136 7861
8636 6155
9471 4321
774 3249
223 16
975 8783
4955 8575
2889 7766
2528 2632
4372 1805
9884 8472
3569 8647
2036 2522
7134 2524
5731 7139
4482 5198
6562 9353
5944 7553
528 6649
7759 6480
8827 4910
7207 2724
8754 4271
4381 7027
4748 4229
665 9624
892 3041
2973 2361
6740 7076
7618 3588
515 8604
1477 741
3416 9132
8360 9503
9142 6674
1056 3391
9324 7940
4100 7438
1817 361
7353 9632
6401 574
8494 7337
733 7912
4321 4741
859 9961
1702 9451
1243 6923
4901 2952
290 7632
3010 1750
7060 1060
810 5047
8024 7805
6836 5576
7986 3914
3809 6616
1226 1296
7846 2867
9506 8475
1873 4939
5175 9902
7198 6016
4290 6987
1399 6746
4362 7194
4079 8027
3050 2757
1141 6050
1714 9157
7110 1880
3342 4796
3687 1140
9379 303
4416 1817
4245 8592
1214 135
6596 143
1837 7056
3580 5870
1740 1600
6422 1612
5491 4192
4229 55
1613 2024
9953 3493
7791 9698
3851 6085
7092 6945
2573 9559
2945 5504
4280 9056
5622 4241
5742 1792
7973 1237
6702 3398
8951 805
4486 5700
3265 397
1975 8198
8802 1934
2975 5608
7201 7179
4228 2782
6785 7637
4741 3470
4961 6228
5028 1612
8190 9500
9514 3559
3223 4257
8323 2285
3786 173
8815 7478
3819 4217
9731 1035
9703 7906
8198 3439
3394 2693
1806 2529
5187 6895
6391 1371
9392 6677
6171 7191
7042 9594
9206 8142
7038 6838
6146 7412
132 3937
2473 3436
7413 9400
962 5476
4363 2004
7933 6271
53 1606
4600 9197
3868 4976
8671 8252
2639 5770
1525 6731
4146 5595
6849 4019
6724 9068
2984 9536
7146 5090
6193 4767
9085 2369
4629 4062
3874 5225
830 8691
6154 6424
5931 9136
9731 371
3224 8310
6236 3244
2600 8695
5806 5036
5575 4693
677 7045
1079 8767
4367 4277
4536 9999
6758 8665
8097 5874
5235 9780
2492 1714
8313 6160
7888 3187
3722 9629
7182 7966
8320 4113
7289 1193
4669 9367
6054 7816
3424 4105
7670 9513
7850 6144
1526 3642
8280 3855
3889 4152
8260 8347
7624 9288
4816 9343
2406 4031
9519 490
9105 2406
2034 1835
2665 5482
8500 3725
1640 1625
8211 871
7217 3971
3607 9749
5052 6077
2537 9993
5171 5938
1086 6271
6473 2249
5444 2828
8201 1894
1790 1615
1575 3704
5237 1587
9642 3901
2244 2996
5245 9849
8505 7467
5712 7924
5488 4813
7204 1039
9165 32
7132 9562
2401 9616
1573 531
3914 9842
1414 7926
4305 9449
3335 4883
877 5883
9911 2634
1603 8132
7382 6086
8331 4334
8101 5893
9149 6533
22 7468
7621 718
4138 9008
783 9590
1612 2202
3821 6188
8764 6929
4668 1613
3440 5518
2656 6972
4909 5779
5339 5244
7997 3427
2480 5033
8639 8458
3344 1690
6765 1839
4150 6304
18 4412
8756 5208
7501 19
265 1311
1749 6175
9933 8617
5481 4720
4371 4575
1480 9546
8274 1124
5453 2490
7016 312
8317 6244
3862 1035
1235 3094
9403 6194
4555 2222
7058 2122
8872 4430
4136 862
684 6539
2113 951
6216 5643
4302 927
7988 6916
4649 4574
9038 8055
5355 7069
8698 7265
4406 5822
8515 5573
8547 1311
992 7246
4521 5789
3743 3529
1869 3530
717 7021
838 6435
1620 6704
3376 6557
9566 7426
5293 5543
9744 34
6098 5360
3994 7186
9518 8109
6673 4617
7762 838
8165 4075
2826 5584
1784 9273
9659 5675
1581 8177
7170 6511
5759 440
5043 7956
9839 942
6837 1673
3340 4639
1871 4697
4339 65
3936 8480
4409 6477
86 4674
4293 4754
7675 3994
2621 9259
1848 4977
9998 2982
3881 1987
1467 6287
8896 2443
7557 8609
2720 3058
3046 7552
8533 7527
4686 54
2161 161
1171 149
5928 7544
6195 10000
6325 9582
1657 1313
7444 1861
657 5737
665 8847
8070 8828
2928 4995
2359 3755
3943 2695
3143 4226
3881 5131
1531 1250
2673 1160
2704 1000
838 8858
539 9268
5537 9817
2415 5636
1500 9705
2701 643
7111 8910
7259 5388
6448 6667
4051 8321
5636 6864
4252 2750
245 8692
5559 4744
2167 766
9589 2770
3805 3574
4573 6021
5848 1877
8214 7595
2783 8773
4743 9545
3341 847
5859 4091
5084 8181
6025 8236
5209 9715
8673 9051
9958 6524
2093 1493
1020 8019
4503 3523
1334 8643
9305 8772
7576 4921
2863 9511
1662 9797
7030 7594
5732 3148
6319 3872
461 541
9977 2591
7759 8287
1382 4323
6392 1007
2652 2325
3146 2777
7125 5037
204 1469
2004 3238
9409 730
7672 1221
1215 3952
3676 6086
5392 9947
6413 4733
8776 9068
504 2210
9631 2026
4994 4686
4240 1381
7882 5604
1561 4896
9710 8514
6019 4718
9366 3635
9666 7740
1803 669
8349 2703
7674 9832
680 550
4555 1893
2014 7689
8995 2944
5606 6897
624 3090
7205 3809
6300 7541
7867 9632
7712 1130
7602 2738
682 5891
507 8320
9858 5710
2232 803
6367 4664
5215 9320
7949 641
5084 7097
1946 5879
9028 2645
6935 2462
94 3896
6422 8860
1389 7685
7989 5682
2485 9062
8079 5507
3421 9481
461 1302
3992 4770
6265 3037
3776 8244
8281 8632
8420 6276
6363 9095
6926 8700
917 4803
8514 9826
9995 1555
1951 130
4452 8095
4658 3883
8076 113
7066 6659
4813 8580
9890 797
9432 1814
5167 8583
363 6055
2416 8259
4607 4303
4241 8013
1584 5643
4331 9386
3794 7625
3045 7791
697 7683
7039 9940
9722 7781
6621 8559
1034 1976
3684 6871
1233 530
8640 8071
462 3399
3762 5595
557 7464
9486 6234
4508 598
5715 3513
6626 6620
6106 4427
3842 7188
666 7283
1249 263
3282 1619
2538 3727
471 8286
7593 8307
9660 2909
1906 4655
124 1972
1027 4624
5955 8081
9273 9744
8602 9975
4763 3509
2046 1178
7997 7169
9334 4899
521 6449
6031 7472
9535 8395
7555 8765
7982 8358
6404 589
2324 8905
8608 6950
3352 3324
8557 3134
1448 4279
346 9690
5006 3326
1033 3394
268 8585
1520 7414
9684 8174
9223 1791
6118 3307
7927 5597
8525 187
4898 1492
6444 4447
8690 2422
3091 3681
5617 5940
644 9703
6612 4403
8672 2976
6437 3877
4859 6113
9343 7306
3011 8960
2102 3510
1401 2338
7978 6846
4341 8193
137 4675
8060 6146
1690 7333
3718 57
9727 9003
1377 4119
995 1582
6186 1424
1563 1449
7966 9376
751 3109
3635 2854
404 7051
685 9255
3441 2715
8794 6985
8651 8047
4218 3697
3729 4839
8039 5641
9939 7822
5876 8635
1091 3796
5575 9200
340 2668
6823 8715
3355 2150
1000 6922
5224 7948
3625 4319
2466 4331
5146 2863
5222 5063
9097 1781
6454 3616
6231 9013
9182 4377
6597 2241
9475 4277
6723 9700
8932 3620
1414 9991
7416 2012
4671 8723
4268 708
6111 1846
3509 2961
7154 5860
6577 7586
794 3167
2150 404
1696 1007
5591 4445
9980 3898
8528 27
3094 4417
1557 9883
6991 1321
3279 8660
7996 5103
3001 5819
8726 2975
1911 1696
9985 1389
4698 1784
2224 7850
3304 2545
3519 9447
9766 2179
6845 3134
1738 2611
4576 7244
4150 3657
4216 5999
2161 4285
2744 179
6596 163
7618 4190
4176 8964
6431 746
373 4786
5593 6834
4479 2106
5235 5981
697 5073
5395 8555
91 6544
5126 7487
3788 104
1987 4674
7771 879
2395 6329
227 4193
2488 2575
1684 1719
2967 5609
466 5405
2558 68
9333 2607
7403 6378
4496 1146
4950 8560
1098 4503
6338 7786
1064 5465
601 6440
9101 4279
1357 4325
1240 9838
6434 8792
713 4168
9465 7965
8970 9862
7290 3057
3724 8929
1833 1888
1951 729
9646 8693
4066 2275
5640 4594
231 2412
855 8608
5001 4766
6077 819
2488 3711
366 76
6815 5531
9772 2762
643 4152
2885 2488
5422 7229
756 1431
7813 3437
6322 169
424 2471
4729 377
1119 7230
7498 2562
5433 444
2470 6518
6656 5030
6892 8471
2097 8064
6590 9681
9127 4179
3440 4859
4712 1614
2294 1556
7113 8272
2810 3856
5129 1060
4940 5970
7239 8621
8807 345
6543 3448
3517 4674
4788 7617
9672 9593
3386 8176
4964 3461
219 4016
7208 8777
3144 8209
4034 2912
2637 3793
7972 1745
9904 9398
9019 6657
7936 6951
7940 2043
3525 1982
6499 2454
9050 4067
7460 2538
581 7587
7731 8642
1552 2877
8146 8530
5616 4685
8972 938
6229 715
5910 6856
2280 3060
8897 3033
3177 2626
5236 9993
3900 5834
2723 3909
2024 9437
293 7580
7865 8172
7410 9089
460 4263
2773 828
5144 6477
5849 1866
4308 5647
8879 6261
8925 5542
2743 18
9586 3649
2466 2874
8087 8887
4799 6537
5171 8258
8893 2646
6483 307
9960 2511
7399 5111
5801 1754
8989 9433
2670 2929
8000 9830
7503 9709
5435 9607
8240 3591
553 7064
347 7008
5795 8493
4968 4634
8050 9896
9547 6703
7731 7601
4259 6953
6185 8777
7533 583
9247 1557
9487 4644
8298 4032
7518 8693
9340 1920
1497 8966
895 9672
1925 8477
4903 7812
6087 8080
7091 9994
9915 9991
6305 161
8885 3180
9798 8979
9970 6657
217 9157
5137 8202
2780 8211
8979 627
2534 2935
5990 6745
7045 3570
2032 7765
2185 4256
1931 3384
2938 4823
3363 7888
1403 6396
1768 8026
9987 9175
4359 1992
709 3894
6022 4321
5973 9267
7010 8964
1590 7741
1803 3416
8224 5903
1342 3082
679 550
9528 3259
1633 2184
5422 9034
4805 2163
5612 6543
3964 4666
4127 5138
6072 4297
25 9916
471 3672
4343 6096
4412 5943
7606 9027
9853 3639
8112 5217
1877 1322
5997 768
3223 6694
6616 1789
7795 5174
7050 4681
9788 5410
4900 4191
8611 3286
8570 3737
3243 1359
9917 846
8370 466
4758 6878
8593 4198
3513 6532
2871 7908
9002 6469
4551 8616
7613 3098
7678 5953
505 1616
3001 7793
2728 2935
7323 1130
403 9048
6021 4588
5956 8102
5221 3377
1581 186
1821 9190
433 2594
790 2525
8701 736
5661 827
6020 5363
1154 2766
6175 1834
562 4379
6346 8188
665 5313
3683 910
3448 9235
2656 5658
6043 1791
1097 8024
2397 5745
2010 3772
7152 4779
7381 992
7576 6466
8869 3034
9348 6905
5697 9343
2860 3881
4049 9004
6812 9162
4653 4311
3899 3235
3560 1669
6825 9759
236 9198
2825 3261
6849 4397
5553 2330
9343 6999
3144 4145
1977 8461
6482 191
3933 7503
8597 5452
3921 566
9457 6863
9463 2426
528 2560
4497 4644
6206 8291
9536 4697
441 3483
8826 4633
4705 1748
1841 3720
9303 1140
881 1906
7999 9047
9312 1939
4865 7456
6563 9440
4395 5697
6350 6227
553 4634
7056 2607
2564 7114
9036 2025
3910 4303
1316 2425
5870 7635
7727 6668
4973 8292
6856 1524
6172 6211
7532 2320
4754 2928
4526 1544
7354 7597
7525 5990
7605 3297
7809 8252
7166 6942
645 4308
3264 7436
1674 1447
9013 5802
7914 9815
5650 8438
9205 667
3943 1364
6397 9977
9200 9682
5011 4274
9803 3726
5220 2090
3561 326
344 1631
9382 4101
5847 6733
2619 4403
6419 9056
9506 1770
8464 9064
5635 5415
4400 7355
725 3118
9817 9435
1144 8829
744 2408
9768 4542
7531 6841
6867 2228
9096 826
1818 771
4428 4015
4206 5540
1374 4595
9984 9874
177 2602
1424 3714
6255 1903
4918 212
6540 4951
3680 6380
7213 8167
5449 7304
632 6969
7616 9561
2935 5485
718 1398
2092 7556
6680 643
9078 8098
551 573
4841 9319
5846 3856
6773 6414
3073 197
2235 6143
3310 9494
4993 4806
6779 8509
9486 1870
1659 9672
5023 6082
7328 7826
5148 7223
3532 7401
374 2511
6619 6100
7112 3959
180 7218
3633 9850
5390 2365
4313 1007
5767 7377
9258 1015
6190 4712
1885 5101
4720 2493
8633 6988
8942 5104
8727 2805
2384 1849
8463 9588
4110 2855
9633 5224
9922 3424
9114 8465
572 3612
7214 785
5801 9106
4818 6701
4512 4850
5278 397
4242 4044
5819 2730
7980 1279
4445 6746
3289 7783
6010 3790
2753 558
3649 8646
51 5075
9985 3017
6958 3269
5726 4346
9125 8571
2211 2225
3482 2717
8287 3706
269 5260
6861 7805
5568 3510
3988 7029
2805 4033
8964 2899
8023 6798
251 6808
4062 7743
6847 5774
3048 4784
7829 1911
2139 229
9126 5755
3015 559
2875 9975
3261 9754
4305 5336
6599 4708
1354 471
5134 8079
7890 9055
32 6598
451 7016
3589 6620
8279 5828
3527 3395
2677 3861
6329 2594
962 1315
8190 8315
9593 3715
7508 7571
3095 6755
7936 6241
4685 6971
4830 6086
6236 7949
2896 3824
336 1701
2467 2453
2985 1042
2679 952
6273 4197
1770 593
553 5843
7220 2183
6987 6222
4083 5886
2769 9797
5124 2183
9024 2039
1452 7026
5208 5345
1042 9010
1391 6058
1761 1350
4593 3052
4244 9757
6090 1733
5546 3562
8777 8975
6011 2207
736 4662
6006 2770
8281 9377
5964 4873
1641 5496
5298 2304
8180 66
7073 247
5251 3938
8435 5262
9850 553
2395 1226
4022 5623
2416 9358
967 5368
897 5759
6090 1777
2981 7589
8019 9934
1098 8033
3808 2085
3863 5078
2439 2248
7473 1055
8241 8489
1691 2661
7198 1546
709 4104
7649 7868
7686 7523
6480 8634
691 6959
6091 7872
3890 909
6091 5970
6495 5973
9028 5543
2938 9237
3742 6365
6377 8262
3497 1292
9334 908
5955 3440
2677 3794
9169 2368
9359 4120
9886 4035
1667 8274
3576 2644
1499 5805
715 1032
202 1922
851 2551
7403 1493
7151 2223
9504 1391
2698 5178
1838 8163
998 5453
486 7740
1665 988
3249 8313
504 9522
3048 9486
8836 3057
50 9493
975 5985
1835 2137
4850 6188
2497 6111
9904 5308
8329 8078
5084 2089
8404 1248
8438 3732
494 9876
679 245
774 6208
8844 6835
5390 3766
9604 3437
8304 9694
4539 6534
5267 9177
3713 5135
5259 1153
1243 8476
6548 8571
7326 2600
3589 1696
4026 8470
9277 5175
6433 8917
3797 3360
2350 1179
8997 7339
8804 189
9975 4609
6622 6678
1832 2631
224 2309
7368 8590
4827 9086
5502 1771
9589 9752
4055 9729
6750 285
7539 2541
8412 1430
6563 5025
6219 6850
6887 8982
246 3047
4939 7859
9564 1936
7737 5227
4244 1391
9250 2230
7965 4038
4984 168
230 5622
1326 22
8988 7034
305 6988
8198 1706
9353 2454
7849 6004
191 6766
6863 4331
5406 7337
9533 5290
2500 6350
2203 3293
4518 2669
3718 7987
5257 6265
8440 7984
1721 3535
5841 9506
4362 7603
3487 6176
3367 8892
8350 8658
8557 2971
444 2464
5641 7497
2256 5180
9634 7693
7051 3043
5069 8932
7390 2062
4270 3849
468 6458
8369 5791
6846 3637
1429 825
408 3215
2456 4609
3779 7522
4730 4864
7458 4951
1979 9206
962 8105
4680 1970
1496 9885
1498 1029
260 9013
9002 459
3482 1272
9232 5037
2520 6248
6955 4165
5524 8882
4960 8421
7245 4054
8185 1561
7017 3910
5915 4099
6761 2107
1107 6218
9811 2075
8552 4396
553 7994
5436 2038
3429 8989
5738 4769
2026 4020
6749 5837
5187 8242
4372 9879
423 2099
1037 5330
4466 373
9767 8507
9298 3063
2722 2322
9440 6652
4545 5208
3443 1495
2602 8287
462 4822
7185 7892
1825 6046
1140 7280
1578 5670
1904 8936
4550 5695
2238 9386
548 1285
1551 8320
6768 12
9813 697
7182 6280
4201 8482
1335 1393
5900 4337
9168 6727
2585 1790
2791 2890
5248 5883
7139 3086
9453 2716
6809 5936
6736 7451
2611 2173
3396 5161
4628 3317
1837 4553
862 3250
6512 4373
3685 2385
6815 8902
3790 4024
6725 3825
3764 3645
9442 965
4113 6752
9477 6150
9691 6824
4105 1108
4237 7906
78 3736
1418 8707
2345 8958
670 5420
9658 5149
7612 7086
3603 9097
8389 8711
8697 3580
3685 3735
1577 6318
706 1105
1775 8017
9008 9502
9618 9658
3682 242
9670 8636
825 2724
9161 3141
6511 1506
7311 3097
9993 9160
6868 116
3355 6022
3853 7366
2661 7404
407 7113
6199 7777
4275 9390
2906 4236
7704 2044
336 2586
6818 6052
6072 9487
2069 4838
2719 4389
3687 6286
1845 934
6823 3705
9709 937
4502 8296
5692 9838
4566 7463
5721 5983
9899 9337
9857 2134
5068 91
827 8052
6027 398
7647 8812
7274 5111
4891 2582
2838 1311
3469 7958
4282 9675
8416 311
4858 6477
7332 1323
4839 5102
9143 7020
4230 7046
3171 8631
344 8790
8317 2095
2727 2649
9423 2913
5774 8773
3168 547
7961 3347
7295 730
3792 8252
7982 5333
5855 8751
3311 3272
2720 4109
1466 4638
4355 1058
8544 8378
157 4632
12 1813
9033 9446
