5052
50
11940550
99 109 100 91 103 101 96 97 108 90 109 110 101 98 101 96 109 99 90 92 101 107 104 110 104 109 92 107 99 105 103 108 97 100 94 94 92 104 105 103 101 110 105 107 97 91 100 96 104 104 
-153415 -163239 -154827 -132767 -135740 -144059 -126126 -140207 -152485 -121502 -169598 -151474 -132149 -142045 -135810 -126363 -147298 -132024 -133665 -126371 -148063 -152661 -141617 -161517 -153532 -155162 -126707 -139868 -137716 -155651 -119262 -160902 -143598 -147060 -118614 -139197 -142465 -136662 -145759 -148141 -135443 -133809 -156801 -161771 -134665 -124543 -128859 -149118 -146245 -141362 
132021 150725 134514 132650 141827 139702 130255 133626 146168 113495 147532 156848 139627 142218 127607 137227 168362 131200 125264 125168 136179 153505 132081 159695 139971 153344 124986 143749 147134 152862 164681 156378 136152 140239 132705 128897 145693 152241 144332 160519 140169 164255 135919 144251 140755 133851 119988 127157 157993 134466 
4363 4111
3505 5118
2985 5187
3839 3583
2422 9762
9884 2721
8098 8452
720 3069
5880 2919
9506 7669
8027 8646
8399 1898
8239 639
8738 5697
3682 8065
8836 8092
6990 4172
2220 1783
9099 3285
7254 7860
2941 5017
2999 2185
8557 1682
9237 1077
2503 3233
1585 9461
2352 1042
8007 3657
1668 8734
6303 9119
8001 1709
5023 6238
6578 5551
7990 9586
8359 9448
8247 441
9006 2861
8479 4378
9202 4246
9677 1866
9777 8199
9832 1963
5605 4877
9086 3003
2404 520
1050 7910
3911 1991
6232 1588
573 732
9527 47
4694 9357
4075 7430
3895 4553
5524 5786
71 7610
3968 248
2215 3769
1287 4788
5824 1986
5157 1377
4598 5541
1228 4381
8236 830
8503 998
723 5637
3521 7798
2462 1247
9972 1456
8301 8985
1760 6654
6878 8621
7226 6021
2935 8858
9240 5625
8973 8183
9179 4114
2275 7714
9703 1664
5176 4081
2872 7503
1299 2651
4842 3878
3360 1048
9580 9495
7593 3813
4932 7743
3157 7980
4038 2719
4540 1841
1103 6631
3462 7968
938 70
6525 4025
1774 7100
7391 3111
4880 8504
5372 6434
261 8156
7561 4358
1018 1250
8409 8438
4346 5238
5084 3176
4734 1597
223 1142
6251 4378
7736 827
2959 9985
4547 2195
8016 825
5414 454
5119 5344
7259 6629
1318 2656
5697 2786
8590 6833
2630 1111
7987 812
2608 5110
3285 6619
4308 3030
6532 9300
3562 6772
3725 2447
3096 968
7103 2802
6961 7215
2372 6480
252 9956
7024 7268
2853 7832
7711 6555
6463 1083
1275 8259
9217 1775
7328 1840
9728 7505
2697 1912
1980 5301
1968 9941
2702 8797
2768 381
3940 3278
7654 6331
1964 9041
7901 6157
5460 8915
1203 7574
6984 2170
1972 7372
6319 4985
9870 2639
265 1587
8172 1962
6165 6943
9382 443
251 4141
3631 2503
6677 7018
9130 3458
8354 6403
9269 9369
2984 4919
5936 2328
3287 5837
8449 2017
2710 764
1844 3311
7957 6599
2843 8102
1124 5219
8152 5932
945 3427
6073 9409
4525 7860
10000 4754
7070 3972
6338 7103
8530 9534
6792 3269
9866 9316
8427 3604
6740 2995
7076 8804
3334 7471
1791 522
9092 4088
2363 8379
8726 8484
8222 4691
7021 3996
1597 5536
5612 395
7073 1454
1112 9018
9913 6908
5324 5695
8716 2732
2275 6400
3804 1795
2804 662
1581 7781
3298 380
5257 7062
4969 6811
6992 8876
7881 7731
9243 9729
6492 8303
2519 6257
9701 3717
2479 9631
892 6759
5267 6469
4196 5213
7687 706
2233 3270
2572 6760
2750 509
3745 8789
1920 3745
9788 805
4291 438
9873 7997
1794 2880
1516 9744
2025 3696
9767 6228
5360 7487
3502 999
3637 5386
6820 3555
1753 4970
3974 5302
9826 2708
9187 2438
1432 8439
9390 205
1033 1607
4412 1544
6822 9842
7393 6628
8953 1909
6489 2341
8880 4951
4256 4412
2128 3767
7281 7677
8841 7001
2736 6128
4765 2670
2622 463
3116 847
648 143
3283 6149
5875 8350
3556 6193
6093 5589
6989 4799
1281 2032
8842 1287
8136 2682
9953 9052
1431 2105
2911 6563
7408 4363
3631 5587
7094 4842
3063 2512
5942 8678
7461 5122
9242 2886
7436 1487
8792 3298
4266 935
8394 8978
2136 8053
4245 8061
9710 6581
5091 2020
4344 6618
7260 7428
3619 7342
8363 6902
9978 2327
4022 1883
8937 7935
7815 9206
1930 3835
4835 9987
2984 7391
9793 6076
4124 8971
9774 3667
6837 7318
6309 497
8291 9833
2434 1837
6790 3348
3763 8113
9514 6324
2095 6084
6865 349
3475 1966
759 5186
9558 7931
5420 1841
6540 672
9335 6653
5331 1007
2420 7654
2772 9703
258 3998
5451 2788
9702 4379
6136 1341
9786 807
5938 5248
1822 3649
4356 9885
8326 5583
9136 3232
8790 3666
5069 7213
6919 4271
1725 7812
774 4938
1494 8870
5742 4794
7843 8436
6106 4691
3420 1781
8292 2505
6265 8849
3296 3988
9327 7609
1232 6107
3450 6463
9127 1753
7621 1037
105 1909
2598 5264
79 9467
6858 920
3595 7087
18 6922
7396 3252
6556 7346
4462 5244
7953 7535
8419 1768
6349 200
6231 4612
6803 7059
3423 6738
4230 5999
2068 9207
6883 823
6182 1296
345 9232
1078 6724
6681 7117
5902 9981
967 9017
6506 3907
556 7255
6456 5330
6514 8572
588 3930
3213 75
7744 6838
8028 2020
4440 4632
5146 3884
3411 554
5333 8957
1828 9597
7992 7222
3242 4070
8285 435
8541 7054
2550 5972
4687 4628
2994 7946
9641 51
8714 3392
7797 4830
5300 7045
8877 9152
7558 3906
7273 3347
4874 8879
5120 8049
4361 8835
555 7140
8399 3361
1627 5519
3880 3805
3265 2075
2664 1668
8410 4763
3257 9954
6079 713
4595 8200
9326 7149
1125 1579
8027 6803
5614 8603
584 6394
2326 1521
7644 3144
4608 269
7991 3122
5295 1739
3644 711
7565 5557
6191 3417
2327 584
4843 6904
2112 9269
745 1568
2292 8590
6330 8397
6457 5796
3317 353
7643 9436
5348 2701
4116 5747
3805 6425
4992 6220
1105 1715
8247 325
3559 6047
4618 8343
4555 2556
9233 8329
7094 8347
9656 8217
8580 8283
8472 2898
418 3570
3963 270
7323 6758
6994 4648
9932 7899
1334 1816
7110 8210
431 2930
1808 3950
828 1991
6552 1989
4785 9597
4466 9942
2044 8374
420 2664
5580 7158
2138 6997
607 8985
2493 7483
4182 5626
4983 9749
616 6888
1486 5220
3802 410
7484 9809
463 2297
1814 1947
2179 7818
6935 1505
7795 7952
7640 3210
4191 2495
8987 8933
7563 2400
6974 589
8643 808
7001 7774
5945 7985
7225 4641
4418 6191
6003 9325
4891 2833
4341 8734
7633 7204
1705 6199
2285 139
1351 3206
618 5248
5901 2532
1139 2448
2331 8617
378 2065
8664 1796
101 2660
4833 6978
3150 1555
5389 9501
5890 7398
2681 76
5947 2682
6058 2152
2978 5558
8645 7042
6550 344
5959 2216
5578 4003
7479 1775
7004 9130
677 3503
2756 4099
6743 5706
8137 4242
2285 100
5888 3830
6513 2309
614 1212
8187 3997
2788 3244
5626 470
2073 7939
5366 4210
7724 9642
5494 7410
468 9830
9940 1472
2555 7051
2820 9740
5194 6990
6044 8205
9824 6115
560 9446
1336 1322
3416 8903
2315 2849
4818 7702
1668 1954
1054 715
841 9449
9877 5895
966 8336
6730 6776
9704 7310
9849 2774
9918 3718
1777 4072
6104 3282
421 3331
1101 2636
7760 6046
312 7180
214 1829
8329 3275
593 9751
8994 2433
8074 3698
2118 4564
7395 1820
3082 2220
7100 7954
9865 1039
1375 7257
5344 4828
1533 8317
2656 3326
8628 2166
5593 1838
8565 4126
8282 2567
8313 2520
1675 8483
3267 5341
36 9436
7699 6222
9587 5841
1719 6692
6080 8212
222 6730
5634 7238
9556 5044
1851 9389
4636 9210
8045 7410
1222 156
5724 4584
7509 5813
7860 4275
9579 7083
5241 9678
6239 5190
6383 6329
6899 8432
464 62
3498 6289
549 1865
9485 6671
8942 2867
5518 1062
4421 2148
9721 5624
713 1743
1040 3442
7161 6238
3831 3237
6119 5463
9771 9819
2220 2032
9194 9292
7729 2420
9263 9670
1565 5179
6379 7594
2771 4306
5327 5329
2795 2600
3832 4515
7343 551
4401 226
1929 655
36 1235
9572 2428
7599 5102
1872 6547
1788 2625
7557 6637
591 740
9749 6776
2575 1754
2333 9944
9067 7597
989 799
596 3667
8721 787
8459 7665
1104 7339
6331 9427
939 1183
8838 3371
9299 2043
7558 5029
7833 3397
8304 3298
2445 9051
702 1405
2708 1300
988 9385
3010 6062
170 6861
3148 4346
6321 6660
5984 3580
4907 3804
7166 5967
1091 4468
2542 1728
492 7842
1089 508
8616 4695
1030 9092
2789 7472
9367 8270
6517 3289
3805 2746
2802 5994
1870 8628
7340 6031
5532 891
564 8495
3712 3688
393 9109
6763 7346
7850 4398
5013 1302
5100 6183
4935 9944
8445 419
9877 9947
4093 7305
7069 8038
2827 7220
1695 9170
1501 7904
2432 4272
4141 1030
3301 7758
1285 4266
5514 5353
4777 6878
7182 3636
5983 2229
177 2606
8473 1984
6627 264
1889 4614
6146 129
1068 7271
7463 767
5125 8663
4359 6032
3782 1731
7700 5914
2625 1974
9053 6527
6111 2826
662 7887
469 772
6648 8311
8499 6775
3907 6610
9992 9925
4713 4795
8277 1919
5105 2942
6979 8281
8109 5018
9852 7078
1654 6195
1249 5713
6171 8505
3575 9735
1062 2558
6418 4690
9961 4974
7768 4605
5839 433
7640 1112
4653 8084
2352 6048
2172 9253
9117 5487
162 873
8706 9097
2020 1885
1960 9759
5825 7670
3369 3765
5519 4603
9657 4657
5468 1362
4050 3055
7165 9689
8952 1730
2041 9251
1239 7255
2718 1281
3388 4573
2206 2641
645 8281
1799 4370
6553 665
9442 8844
5024 4781
3588 3750
9923 6914
4889 976
2906 1100
2476 7205
1957 9116
9101 2287
7229 593
6219 4396
501 2632
7283 3777
1535 9153
1172 7179
2881 6904
2662 5996
8597 9573
7222 9756
7514 2323
7415 2004
1462 8345
581 172
8825 823
4659 7266
8912 1076
8375 7935
6462 3974
7050 7879
5600 6212
3788 4999
9597 4867
3751 1217
1749 2028
6536 3154
9213 2854
1495 9081
7784 3093
5977 3841
952 9182
7475 1187
3851 424
2702 4217
5759 8610
8330 1606
1484 5403
267 1094
3827 5640
7631 9900
4547 3938
5810 7838
2251 414
9098 7873
5120 1362
1750 213
1419 9753
6967 5471
5389 4003
5870 171
7443 2081
7241 4380
7819 9299
2749 13
6571 3542
2291 2656
3143 4899
5095 7123
7232 9950
5829 1520
7338 4786
4405 2946
5543 6265
2796 9913
8853 2536
6755 4006
4408 4945
6310 3035
3620 7620
3202 7193
615 7319
6580 7415
8079 5532
9080 1896
3157 7599
957 5892
2601 7209
4422 4877
1268 2764
4240 3734
3152 483
4110 6434
1582 6219
7346 8515
8618 2798
3638 4508
483 9958
3589 5152
7546 996
766 5127
7876 2979
2700 943
5924 5208
7498 8025
2419 165
3977 8356
7599 694
7155 1786
6327 9740
8701 4258
8307 9332
1890 7004
2513 2376
4208 1596
465 8542
761 3864
9223 1645
1090 3514
9827 7546
4620 6738
4624 7819
4544 7761
7982 5620
660 4254
5349 1734
4043 5964
5843 343
2046 1275
7252 7653
327 8878
1194 8776
1832 131
5390 5029
9498 7933
2498 5256
7794 486
6889 4415
728 3680
3867 2138
4072 6599
9524 5571
3765 1676
2799 8593
2502 9467
6841 788
4272 2524
8657 7313
9541 7380
9574 2964
2575 9110
9770 4639
6213 2936
342 748
8750 3180
3696 1778
8717 7941
5347 9958
3687 3616
350 6870
6945 1701
2210 1015
272 7938
1599 4834
1677 3664
8832 2537
2833 9910
1731 4818
1895 1907
2707 3435
5798 2922
8471 9724
8904 231
8920 8288
7405 4182
9054 6016
3270 7471
3588 1542
926 2946
7377 4508
354 7325
2774 4504
3659 2216
9442 2863
53 2304
4011 6223
8682 2556
4749 534
1264 1269
682 9432
5284 4882
4426 1834
1223 1197
7395 8031
2250 9986
5090 679
2441 804
2541 7696
4396 6950
563 4631
4408 8184
9693 5373
5214 1852
1627 2129
8336 6717
8788 4715
3070 6572
1041 4703
7919 666
9951 8929
4342 7320
4869 9160
5787 7387
4986 3944
2402 7047
6659 3198
3431 535
4853 2128
987 661
6837 5525
7309 3313
9562 123
2053 5800
4901 1236
6684 4713
4408 2467
206 8749
7348 8415
6167 2564
3127 2932
7002 2868
7002 2565
6853 5359
7380 4528
3473 3656
5582 8969
9277 4870
4692 3162
2158 2903
6400 1942
980 1271
2176 2896
4975 5901
8711 932
8009 9112
9875 6744
1463 8027
6637 1621
9178 2931
5662 6140
4594 730
2913 6968
7736 1338
9281 9701
166 6254
7143 8467
9319 9413
9866 2363
3935 7215
805 4230
332 516
1846 1399
1149 4468
5296 114
8823 1240
5133 2178
4737 4434
2849 8939
7766 1795
3625 3308
5464 2130
6689 9064
8550 9420
9664 6365
3782 3937
8977 371
8826 845
6309 9616
9341 5778
8064 7856
3768 4410
8912 1679
6100 9278
3258 4261
5474 4545
7917 5727
1785 820
6155 7984
3004 5313
7039 7669
3299 5845
7384 7210
1159 2715
3003 8685
1800 3289
1720 1535
2981 9735
4906 2155
8618 9040
5896 2433
1100 8947
8172 8651
4566 8256
2929 7692
9946 746
8273 5592
4234 7411
9208 5773
5250 6425
1520 951
1401 3143
6763 7652
9145 4111
7756 6074
5082 2442
9625 2017
2152 8376
6945 434
8416 6116
7714 2484
5961 1143
8704 9433
2232 2053
6941 4597
9417 2296
6709 4948
9561 7980
3349 7265
3982 1981
557 9636
5801 1296
8392 3228
4402 1092
1292 1635
7564 318
3489 3573
3695 8462
2656 5342
3865 2908
1759 8359
2099 6626
1033 256
4061 6711
1597 4555
7989 9994
1835 1932
5484 4165
2601 8078
8594 6930
9263 5409
6455 2152
9991 7787
8669 435
2072 7185
7686 2804
8899 9954
6654 6643
9553 8227
1095 5920
411 6366
6276 4585
2999 6624
8518 5022
6394 6868
8809 1467
8211 5861
9482 4944
6889 709
4392 3480
1572 7770
4249 6776
8390 4011
6703 3849
1120 9137
4594 2978
3717 8255
5711 6863
8725 3059
3853 6491
9782 1345
5204 5996
1363 7871
4256 2796
9234 6388
331 7107
1702 861
5180 4166
3751 8976
976 3400
8657 510
9763 5022
370 7693
4238 5294
3775 4996
9170 8554
2711 8276
1911 56
2968 2138
5728 5581
6121 1560
939 8716
4185 9196
9429 2882
922 8084
799 6919
7135 913
9889 5963
4339 4617
7471 250
4110 1200
5353 8724
2748 830
5800 1260
5152 6865
6886 9465
7107 6211
8233 9714
6361 650
3674 1704
4860 1233
1948 2601
6864 7601
6230 4969
4787 4312
5148 3256
9594 8684
5697 4976
4183 7499
6127 6337
6149 6047
9925 723
1001 9760
9136 4392
3292 9957
8544 9074
3871 8610
2089 7903
1644 18
198 2525
6698 3043
4711 5293
2270 958
6319 8575
3405 9901
3798 1290
1482 2716
1023 5745
1454 8826
4149 2732
3687 545
7318 9209
7229 2116
5844 2752
1743 4102
6540 7040
1150 4325
2114 8737
3209 7250
9139 7268
203 4900
1566 9470
8079 5552
1389 2534
3741 1029
7614 4440
440 5353
4806 169
2906 7266
3316 3747
5375 2512
8173 2376
1210 2609
3156 6228
8168 2344
5340 3848
7117 3409
1931 897
5009 2395
5669 4264
6044 798
316 8647
7790 1575
8482 9217
3938 8013
8876 8776
6945 1436
3847 7633
3876 6058
309 7792
6732 4492
6726 6915
870 9485
9436 6605
556 6539
4091 579
1580 7472
5484 7334
7512 6501
7310 2630
3772 3195
9414 4517
2528 5662
8256 9580
7355 6841
5954 4018
1041 5599
4778 4295
3379 1479
2630 9165
7150 7600
176 4749
7053 8770
1710 2251
6528 4996
3277 8358
8824 6909
293 1925
1671 1234
7723 8601
2971 6820
7847 8906
6879 3628
595 8152
8842 158
3754 6254
3087 3217
3721 743
2124 6583
7485 4135
1207 9252
7232 3139
5090 2886
7261 8594
3514 7995
9916 7360
8771 3199
950 5147
8260 363
8692 5551
725 5495
181 7011
7887 1326
1408 3217
1834 2135
2047 86
1935 6496
2305 7458
376 1446
6302 4686
2451 8342
883 9812
7646 6203
3124 9504
3451 9414
1940 1485
2531 4995
6941 1980
8847 2974
7897 5812
8110 3262
2040 1203
8489 3234
261 4973
2711 933
1705 3120
6131 4702
795 9125
2112 7326
6149 7247
9480 8355
9914 7848
7114 8720
3065 6168
462 8926
4956 4078
5898 6476
3969 6407
1951 1081
7109 9553
5369 3828
8368 5671
7932 3514
173 9404
9406 6022
2198 621
1735 2420
6713 2789
4752 7351
9709 8777
2337 4660
2668 5675
7751 6340
9889 3121
3589 1528
4677 2233
2626 4679
4229 6308
1095 2101
1788 6541
2014 9216
2894 979
5216 4603
1568 4049
9533 5151
3394 1744
3554 2526
8106 4866
4844 9217
9176 9144
3712 8095
2359 128
5271 3344
8529 8572
7598 3794
3897 1572
8484 5731
1444 7362
1007 4823
2930 1881
5809 6165
7663 5457
5530 4274
1881 4008
7444 9366
3571 9786
2248 873
6955 5858
6268 4383
1321 9208
6143 3679
9515 1353
2456 3274
2660 1706
7844 8632
6037 1623
3255 7573
9982 4504
9239 4136
8791 7689
9735 9728
2625 4791
3362 4640
2268 2363
2397 1264
9189 5637
3200 1809
9011 7193
1830 8579
7626 3909
5385 3849
6547 7249
4866 4188
5378 3613
9687 7924
8798 8552
583 5240
5553 9015
5523 2150
3368 9940
8034 1902
1785 6204
2406 2486
4422 3177
5304 2649
2216 7984
9303 1264
6733 8888
1761 6526
232 7658
4831 2137
2083 1412
9082 1719
7347 8498
715 4586
2070 6816
6181 1442
2142 6641
9156 2117
2669 9973
7443 9299
6702 7539
4092 8496
3327 8264
1503 3058
4275 303
7126 2321
4835 1553
7262 4076
4749 3262
5127 1518
7298 9153
8853 7311
6448 9577
4419 9139
1851 959
2796 4756
5464 4880
7526 2231
6168 1689
2879 1491
2514 7972
1603 4358
7615 4525
2389 2131
8430 1219
8007 1518
2035 1739
2861 1749
1923 3262
5311 6494
7862 6233
7185 6799
8611 3316
9203 96
3267 7114
2042 5470
4155 8773
9851 7595
1153 1010
2463 751
525 6245
1609 8484
1578 6623
1440 2224
1867 2659
6701 8576
5532 2987
4229 2635
2645 5225
9779 2381
5813 7468
1123 9410
8558 4531
5858 1384
8970 816
298 514
2397 7911
4279 6765
5419 2287
3065 981
2062 9265
876 5930
490 3022
9701 2704
7682 7898
4574 1062
2027 184
2629 1053
9882 5698
7480 2221
4372 1915
9635 2327
6160 393
5972 9072
4384 1883
1599 6693
4156 9456
2748 4572
1292 5100
3299 2292
4498 7298
9104 8479
4400 3935
351 6011
8537 7420
5931 866
6124 9604
5420 9977
2656 1919
6010 6739
7308 2141
7149 8250
2820 1819
6776 3114
1944 5355
1993 2351
484 6339
3476 1827
6693 1301
1943 3216
4935 8828
783 1828
2080 6577
1780 3361
5287 3309
4322 4729
9106 4614
1234 9587
2132 1496
6361 9902
9988 1802
4021 9382
4283 9018
28 8651
6283 7923
123 7153
724 4632
8463 3645
1486 1666
2954 6123
7705 6048
6527 9736
7544 3111
5910 6833
8990 4549
2809 692
2568 7608
3844 6367
697 9264
1753 1273
9658 9477
3463 2409
6368 1906
4396 4541
7746 2444
9457 5284
5597 2888
265 6008
8304 6083
2433 6332
132 5291
8199 579
403 6407
2133 1257
3756 9256
8379 8135
2128 9550
604 2642
2460 19
8725 2840
2411 7899
9718 6298
9161 6097
4156 950
9995 5382
9922 4182
1606 4442
5881 7746
6298 9408
6598 8826
735 7177
9569 1567
4576 199
4194 9264
1355 9978
5941 8775
3399 1752
4785 4146
3854 799
9457 9855
6387 1309
6024 2241
2185 5153
8793 7917
3238 1184
1859 6657
1735 3947
1567 3933
7392 9318
5028 4443
1542 3942
5692 2381
5427 4390
7231 2441
1880 6048
6845 6538
3339 9331
7293 8561
5508 7360
5508 9617
4070 7243
5497 5524
3036 409
3694 8731
496 6679
9691 9039
150 8946
8276 9132
3372 4532
4270 6439
9506 9129
6125 2142
361 5540
4969 9921
2857 7862
1861 3553
8290 1011
9750 6000
5577 7257
7974 3488
2401 196
108 6632
6820 3792
4048 625
4626 5699
7409 4389
9861 6133
7244 4034
9018 1566
4048 5191
2036 6579
2075 2310
7529 9082
8428 258
232 1024
698 7724
3451 477
1113 6389
256 3078
393 5895
3021 9887
8449 6855
1181 7963
1202 7860
2634 3377
6104 1665
3308 780
7125 4801
4229 184
3056 8786
1258 2736
6669 7746
7006 6056
6176 9300
329 4527
3190 3253
5029 7375
7270 9606
9996 8200
6400 6010
6860 9266
3479 3008
9010 1030
9851 7725
5330 9593
3661 6222
6438 3553
1996 2713
2292 4382
7062 2105
3468 9483
93 9245
7150 8317
6345 8626
7799 8862
7073 354
7253 4961
5462 7018
2118 9124
4146 2338
8279 7278
4978 6828
5974 2841
1832 2024
2337 9711
6837 500
5743 5624
3824 2285
222 4108
8602 3650
3417 7299
4775 8127
2727 6052
3182 7908
9524 711
1027 9901
3089 2558
1016 7807
8534 8722
4742 5340
3100 4194
7375 889
3560 2331
386 7407
612 7009
6236 8531
8785 3801
6637 411
5643 142
7872 5969
4816 3622
7761 6717
7028 4797
560 3927
9299 7224
7274 8018
8021 9155
2230 5839
1720 2263
7677 9143
8866 1743
1799 5142
355 6454
2620 2394
763 537
1285 3740
5587 5338
3369 2029
6578 8780
5171 330
2229 9475
1571 567
6344 1535
53 3022
8184 2758
430 6860
1806 7298
2885 7899
8120 476
6417 7427
2895 1883
9390 1405
7166 7299
6991 8198
2248 9998
686 8582
4870 5982
8460 4041
290 5767
7482 5949
6934 4363
9642 8979
7230 5731
8911 1387
4786 126
694 4540
9265 4164
1765 8671
6352 5309
1987 2356
9621 8824
4293 7938
8942 6819
3752 2009
3355 7754
1291 6241
3631 5834
3175 1112
5908 2254
9284 432
7872 859
904 6373
5864 7950
1139 9967
268 7223
926 3779
886 516
1214 1527
7702 6694
5395 7574
2948 1151
7825 7509
2934 629
926 5717
6973 2923
9100 5398
5797 7449
6698 5849
1092 3029
2559 8535
448 9051
1447 720
8580 130
7204 9257
4853 2378
6249 2446
8149 2130
5471 749
3540 3703
936 6311
8562 5488
8492 3525
9207 9706
1313 1931
3325 54
8353 656
751 6238
6898 8517
3491 1756
1472 947
8917 5679
2205 7582
4569 135
7334 6728
3186 7652
334 7717
486 7391
326 7047
1459 3418
3326 5284
4438 7515
2233 2662
7173 7498
1975 9635
8123 3155
1405 9979
9037 4744
4648 5928
8697 9599
2365 7515
6020 4747
8791 3720
8260 5580
8886 6885
1780 4380
452 7785
5759 1320
995 4051
2564 8297
3948 2248
9154 3358
1196 2141
7921 6818
4512 6657
2642 4407
8532 118
4523 8688
4146 4746
9257 4927
4353 2833
5840 6284
512 6556
9521 836
6700 2258
410 3204
7762 5921
6736 6636
6682 5486
1154 8288
3636 3184
8078 8287
3696 9272
4460 5841
6306 1351
2611 734
6320 1812
6356 9188
9011 3377
3276 2383
6051 8458
8628 1732
7891 7864
5673 7791
4615 2270
9852 1781
8665 7934
8046 1549
2616 4339
9236 6261
5982 7644
4084 3296
4830 1033
5053 4455
8523 4654
5278 4010
5149 9056
6660 3072
7458 6598
8980 6455
771 558
3199 8927
5782 1218
3959 2028
2861 7742
614 4417
1723 7481
3591 7401
3892 4391
466 386
5853 4102
6899 3586
774 9816
8783 9098
7998 4024
630 6189
1122 9534
9265 7001
5114 736
1075 7378
4971 647
4165 4332
6316 2448
8338 5476
4438 2263
5702 685
9823 6957
4430 2018
9033 3265
3408 9716
3569 370
3913 4804
1242 7485
1469 898
6457 8658
5637 601
2730 4275
1149 4673
7082 8744
8602 5086
512 3354
2693 2151
8084 7414
2936 1804
6240 8765
5294 8322
3126 4277
1941 1369
8270 8853
4582 3738
4209 9906
4868 2891
7397 559
1751 8210
6315 1306
3969 3926
1244 6321
6109 6661
4372 3502
3519 3945
520 742
6789 1958
6303 6910
400 849
3606 2329
7945 5135
9904 7990
5664 7569
1076 5339
6973 2113
7432 1390
9426 4673
7430 4120
7523 7678
4382 4176
8013 8152
856 4663
9002 9736
2992 6782
1508 2426
8483 1992
3001 9382
7100 9918
4848 148
1207 8074
7074 1368
9077 9632
4140 6647
7773 6975
4586 2610
1827 8703
8246 3388
6591 1053
8231 2142
1087 5730
224 6742
9440 2541
5519 7024
4249 6943
3993 8956
4693 8390
1167 4985
7381 66
2140 2523
3876 1319
160 6498
6313 2136
2884 8255
8201 7154
6867 5774
2192 6299
4078 2093
111 3836
3045 4148
1344 7907
4238 1748
3545 798
7494 74
1736 8222
6287 2442
4735 698
6716 7285
8119 1218
5704 7950
9130 3312
2877 5428
808 3319
5689 9178
7421 5329
4623 1482
610 867
8533 7242
1727 8090
7630 9465
5731 6063
1325 732
5822 960
4185 4302
8907 7473
6251 479
6619 996
1922 3320
9674 4601
6488 3104
4228 1488
203 9321
869 6121
6246 6125
8440 6882
7064 3394
991 1892
9332 5540
8179 7931
5254 8969
6027 4886
1673 7265
6067 8805
6247 80
8908 4351
8034 2960
5557 5008
5345 1694
4313 1710
275 7899
8741 4747
1657 1634
7360 1016
6999 6985
6851 5877
8464 5044
7946 7235
633 9592
9695 7066
6500 3820
7741 1826
8982 2838
6061 4364
4040 2601
8382 4030
8848 9433
6205 9256
2410 3907
7157 6407
4319 7324
9810 8670
8253 5698
70 2076
230 8698
6620 5101
8928 153
171 6905
3766 4605
421 6492
9370 7040
5296 561
9997 8010
3819 4241
8411 2372
3135 2787
1643 5383
919 8228
320 445
2725 4619
6318 2297
3056 3704
4443 5300
4254 8218
826 3725
670 9918
6580 6756
9201 8689
4605 1583
1577 8589
8394 3852
3405 5020
9143 7852
3693 7226
1012 8362
2590 4917
3503 5330
5083 4811
113 4868
1924 3932
3857 958
1883 745
1230 484
207 5460
964 9224
9641 9545
7171 420
3947 6343
4431 50
2813 8235
8326 8792
4347 2444
9349 9035
4762 823
5692 1212
7669 7503
8445 3558
6994 6318
8964 5003
9025 2035
6435 2761
8910 8692
2698 6715
7182 7827
5318 3964
6864 1645
2541 176
4243 7673
7816 9578
4479 5056
6760 2063
2772 2554
5687 5251
951 9243
7869 3981
854 6962
4109 5032
6017 2065
1913 6366
964 7986
3529 3715
9594 8659
2687 9052
7120 8820
3004 4714
4188 9779
6208 2693
8836 1092
5297 295
9869 1492
3428 5191
1428 8666
1583 7885
366 6960
8049 1778
5354 5406
9433 3158
7587 7315
9631 4638
7908 5162
9319 7363
2426 9972
5828 7273
9736 8040
1277 2921
4377 8142
2334 1780
6541 8156
3747 492
2432 5831
5303 1057
765 6370
8751 1508
6624 4081
9347 1917
9592 8431
8800 8120
4769 9499
6730 9692
5269 7071
342 225
8544 3285
7280 2282
849 3462
2440 3650
1369 3919
1176 4193
10 7304
4375 3412
6459 4540
9658 9988
552 3839
388 3267
7611 931
7586 6361
4036 1609
2534 5024
2609 5841
5445 326
2417 8462
948 6917
2435 7343
3766 1326
3608 4359
8166 1965
8850 2613
6096 2661
1215 6123
3980 356
6973 1690
5263 2958
5383 5633
8605 4683
5570 1943
2459 9369
5835 8806
7855 4624
2807 7990
2082 3877
6708 2296
9116 2110
2071 2045
7567 638
5727 3863
5106 728
2999 2832
9111 4495
837 9035
7608 1876
5557 3610
1660 7789
626 2865
830 4268
4778 833
5772 9378
277 2337
6759 9239
5527 6189
917 694
2521 1226
9763 2826
4670 5003
5453 1508
3756 4149
3053 3650
8960 5665
307 2676
7399 8214
1013 1109
4021 989
61 8205
5353 8533
4309 4915
492 6087
9993 6698
2065 2180
3829 4427
3782 6811
4768 9613
2868 880
4670 9252
4312 3065
7536 3189
8139 7032
7678 6808
1132 8202
9577 8818
4312 6411
7016 1808
5673 1468
3704 486
2731 7234
9364 1388
8041 7476
9531 8986
7704 6740
5415 2071
8900 6191
5080 1105
6710 5789
9179 5765
4947 9956
3892 5949
4776 9440
8969 9430
8893 8459
3193 4652
1461 6886
5205 9254
6610 6061
2808 5854
7894 2145
4728 6752
4488 4095
1418 8095
4264 3201
8057 9368
7530 6884
1982 1241
761 3628
7306 5517
6172 7615
962 2996
9915 298
504 2849
1640 5752
7730 1715
8237 4471
5306 5036
8510 5366
1560 8523
7323 5167
665 1470
3437 2780
8505 358
1555 8955
6026 3862
9204 6576
6442 8979
4138 8020
9340 411
797 5063
6283 9147
6502 6577
9320 5638
6341 2035
9249 2971
8031 5234
8410 9014
5294 1318
2364 6836
6007 6634
7001 1748
5248 8448
5864 1072
1184 6630
6732 9695
8051 5306
3685 8286
3334 7723
1180 1028
7850 104
7386 5147
7528 9830
5322 2096
9001 7217
9960 714
6043 5863
7642 6350
353 1602
755 8769
5057 2896
2723 7253
1201 1444
1631 1106
6855 5221
8511 4843
7009 1817
4850 7378
7996 2815
7936 7783
6904 450
5341 8315
3116 9032
2558 1575
975 6660
6812 362
4261 7966
4136 7459
3958 1215
5442 6849
1353 8314
8408 9798
9445 44
6510 2732
6925 4264
3741 1460
7944 1173
3441 7123
911 6806
8042 3481
6990 6876
4006 5476
5854 7134
2896 2991
1706 6423
652 5521
3707 8788
2207 9700
1914 9901
1840 7524
9133 911
2827 3174
4299 5279
5119 3314
9241 942
9143 356
1029 6272
1299 3569
2750 8567
6149 9786
7536 1876
216 230
3019 3834
1473 2933
4583 7130
6768 4891
1426 4562
8749 6742
2993 6074
608 3794
8424 2343
7138 8235
6150 4347
4029 3224
1261 9736
3757 7630
6256 9347
8617 3164
6978 2300
2339 9621
6415 7718
6128 4848
2835 4343
1095 6336
6264 9787
3112 2780
3677 7102
9447 6677
3383 6489
7665 2793
5498 4941
9059 565
9127 1879
6055 8263
6621 8968
8359 7155
5889 6009
8508 818
4388 9946
8165 7469
6014 2628
1539 217
6452 927
8399 8213
6724 6846
4146 2409
6236 9215
7932 6631
8891 2141
8449 29
2043 4951
4041 5527
1832 1477
6483 4225
3351 5129
3935 2594
3649 4790
9085 9109
5836 5913
8620 9881
3400 2482
8547 9955
5133 348
86 7657
5043 3746
1526 1621
777 8331
9903 1597
3361 9844
8261 3884
3231 6308
6756 1213
1241 4184
8679 9680
2499 3189
1156 8307
1093 4728
9468 1339
4297 4351
9793 4027
4456 5825
8310 4548
2895 58
6898 7070
1637 1260
3725 1559
1727 2281
5970 2559
9998 6731
5753 775
6662 3929
1080 6490
5818 800
2193 6661
9995 5711
5272 6391
933 3498
1057 8991
3293 3104
2454 4276
7159 1782
7632 9945
6887 4283
3473 4658
1650 2941
4517 612
907 4618
1241 118
7702 2029
8285 2754
4851 5065
9775 2002
1695 8249
135 6677
1529 3185
4118 8951
428 4485
3892 3650
6050 9745
4294 2726
8015 6679
6837 1447
1917 7584
9559 1061
7825 4223
2602 85
3946 6805
1733 301
3409 7614
7001 4836
7010 3648
1433 7916
673 400
2363 2417
2601 9609
3155 4180
3634 4524
1419 2183
688 516
6310 8446
9637 7766
7825 7475
8238 3891
5161 2125
9288 7069
4584 945
7417 6516
5907 6209
5551 1891
559 6949
6557 1741
1576 3300
2712 9856
8456 7460
880 6986
4417 6477
6237 6771
2264 5358
7792 8919
6785 4994
4160 9614
9389 8205
7359 8253
4574 269
8669 8191
6265 5406
6800 3451
1742 6656
7921 748
3099 4965
5260 9968
9550 7096
4547 9813
7127 1496
1184 9184
9416 3471
4995 4532
1004 6790
4456 3278
5675 8990
2557 1884
4525 3093
8972 2782
4751 8967
9037 8198
7158 6128
9992 7009
3853 3429
1172 5030
3486 6646
7547 6433
3915 9446
3056 903
7420 9412
1256 8927
4643 2943
8208 2589
5964 250
5804 6784
9704 4525
7386 2575
8353 798
6338 3246
5141 7933
327 6119
1166 369
1252 9906
9257 1514
2425 7287
3288 9149
5237 6165
6490 4011
1515 8320
2732 7524
1129 5261
8749 739
5329 1006
3662 680
2140 2273
8981 1694
4709 2815
271 6079
5914 5643
221 2084
2075 6992
7470 389
1500 7340
7286 797
4772 9532
398 8966
6261 4344
5206 993
36 7498
5560 1739
8753 9300
4650 8866
664 856
2811 2089
7584 9811
2920 4768
4171 1484
9361 9215
6567 3337
3802 8071
4141 5247
4755 2746
7396 5323
1183 4806
8450 2627
9673 4650
4813 8862
9780 1430
6386 5892
9863 4095
6632 1279
4994 6548
2008 9758
7582 1453
6411 6746
8754 479
857 457
9851 9544
7427 6647
834 798
2388 8554
7681 1901
9827 9212
631 1996
839 5001
5835 379
2035 7190
8929 4605
1863 7565
4960 7213
3009 4638
4355 7681
1639 3582
4152 2235
1080 3132
6748 6129
8923 3711
5116 7398
6952 5422
6950 6752
2529 9719
7281 3502
6681 3138
7402 884
893 8356
4936 2959
9234 9702
7698 3721
540 2847
2662 4365
5195 6257
8992 5935
9421 6172
6510 1152
5529 7781
9863 7629
2575 9970
245 516
6920 7498
3172 4925
8145 4152
9447 4509
4084 2330
4658 3553
3026 8338
1906 258
428 6060
9661 3060
3903 9739
3140 4768
1873 7679
8769 9181
9989 8434
8326 6246
1037 5952
7844 4141
2297 5440
8124 4842
2474 7948
1881 7280
4257 7729
5202 494
4083 5273
2241 8927
4985 313
9716 7588
6293 609
8712 1020
1556 309
3576 4921
5294 9751
895 4555
40 3319
7324 2193
6842 1081
4125 7771
4517 8309
4990 9961
8958 5421
2282 4632
8993 723
8266 7549
1404 6253
1664 1137
6170 8262
7593 9508
426 151
1749 2306
1173 5872
3732 1579
5914 2897
1338 6843
4628 1657
3368 5229
4389 4473
57 8640
1996 5805
2790 7475
7288 658
2736 9176
60 3408
9859 4779
301 961
2914 2070
5829 1487
3975 6374
9343 4052
101 8875
1380 5772
1849 6286
5428 903
6696 5482
1822 6137
6628 1542
6488 3068
9227 5232
8384 9874
2041 3283
1250 4510
8086 6264
1378 9122
3594 812
8432 5424
7681 1442
6280 3808
6967 1609
4042 4676
4757 953
5441 6832
7014 4445
3452 3310
1260 4902
736 4907
1054 1002
7793 2734
2629 1878
452 7993
6756 7878
4563 3652
421 3862
5870 1374
2275 4071
2597 4967
4178 8335
150 6497
3048 4142
4258 4281
1407 3268
7833 8156
2841 5986
5245 4626
3592 5079
5244 7949
6309 6261
2388 9779
1527 4455
855 3924
3551 4569
3381 8820
3460 9077
6086 3695
3128 5125
3553 844
1640 5990
1898 4262
965 9216
6240 4908
1129 1462
4167 7577
6576 1606
3423 7601
202 7290
8231 6688
9396 1927
7066 8947
5563 3022
3163 4249
7865 3776
5023 6781
6529 2063
9963 7995
6504 2469
7670 5891
704 1987
3210 5955
8130 9293
9720 5774
8117 8530
2540 571
9403 2152
6572 5149
2333 7816
1477 3453
9785 6134
1037 298
2703 4636
7047 7190
3250 6260
1117 5115
8803 5270
8285 1343
1599 9817
2326 4682
6831 4973
5550 3367
8556 655
6990 7030
3202 6758
8691 1672
9992 2246
3584 6492
4363 4336
6311 9639
4432 136
4456 7626
9882 8640
6502 6361
6731 9381
4501 5195
7671 9827
413 8973
6150 4002
1181 5714
5044 9665
9880 9445
6491 7404
857 9517
8550 7845
2863 5400
4935 3273
9554 4997
1746 2067
9888 874
8203 6420
1226 4703
4058 688
6347 4477
4973 5767
8102 8739
8545 2503
5617 9623
6854 9939
1118 3690
7485 3536
846 9680
7394 9583
8799 4136
4858 7177
9039 8733
2809 1875
8919 5464
50 7346
6197 792
4632 1544
4562 5541
9613 2221
5086 4425
4141 6553
9256 2330
3666 3592
7197 5226
9896 9732
3562 6623
7922 8913
2706 3932
2786 4737
5024 19
327 4125
2798 4940
6702 3156
3364 4977
2807 3020
4827 6396
9068 5078
1371 8081
5539 7247
6547 3692
7759 7431
5012 7492
1886 8947
2326 3169
7838 2126
4047 6298
8875 8822
5843 8032
4840 9628
311 392
2598 1206
1154 4621
6742 9934
5735 962
9635 3287
9695 5760
4548 198
6444 4877
6138 6755
6818 2532
4286 7454
8089 6703
4677 5544
7042 7473
6695 8833
4114 3590
63 1464
6155 6603
5103 694
5178 6141
6050 5952
8939 8734
3025 4242
7951 1066
7130 5044
4931 6699
7640 9309
5154 8028
723 336
533 8211
5662 504
9316 3975
3247 4456
1083 7968
1362 3215
2449 7496
5600 4282
350 3275
6829 630
8765 7050
4581 6936
2459 4791
6618 4169
7047 4772
3535 54
3693 1894
2470 7367
2232 4785
7925 4713
8577 9236
9167 9930
9204 6989
2634 4696
3062 8379
7427 2234
1307 3177
3364 3692
284 4584
5689 6536
4178 8761
926 5613
6838 4169
590 6666
913 9178
9113 4432
251 8588
5314 1898
4659 1878
3652 7980
1302 8921
9560 8603
5665 8658
7240 4986
3114 8495
7295 8446
2745 9453
9078 8517
3381 3218
3840 9250
3501 6078
4990 4272
4439 1971
1780 5339
1435 4887
4271 1827
41 5243
4466 215
787 3872
729 6956
674 6674
8321 9780
229 2654
5179 6950
1369 9276
714 2728
2947 5425
8293 5355
1218 6675
1452 7476
1093 3447
2121 9035
719 5226
1696 2401
5360 8804
6007 4374
3203 4992
6988 9168
1715 5226
4602 9164
317 3836
4427 3778
4297 8271
3052 8338
3353 8172
4237 5998
7153 9784
9982 657
1568 9059
5141 2259
687 8817
4291 3314
8052 8916
6132 1403
2515 2357
1441 4242
3539 5167
9975 6525
5918 8416
5225 2611
3141 5217
5897 2407
3416 1801
491 9594
4565 9737
6797 9539
5147 1955
5574 397
8497 8408
407 4599
4714 1961
9125 5629
6168 2764
2403 2619
9662 2919
1768 6496
2491 9579
9730 3343
7048 8667
184 8949
2655 6409
8084 6717
106 9850
2229 5125
1903 4468
167 3270
7595 2389
3573 8592
8905 5851
7084 3857
2170 6833
4245 6614
2034 5708
2721 4693
7822 1396
2653 5878
4975 7962
8441 293
7451 4009
6981 4038
3531 3210
7615 2410
7055 4018
9232 952
3405 1173
8862 3900
9516 4042
3358 8651
4405 7611
2390 5718
6940 9210
2511 4873
3360 1501
762 6414
4281 3364
7084 3355
152 1568
7744 3398
2807 7798
2925 8484
3791 4017
7295 9491
1241 9433
2942 189
1409 947
6165 8566
3528 3103
3389 2461
9728 1658
6482 6615
2571 2919
751 4685
7169 9145
310 6146
9487 3316
843 6179
4259 3575
5579 4365
7407 3158
6865 620
4050 8987
4275 4463
6259 8029
4792 6325
5773 9234
3018 1813
7912 2051
6559 3311
5727 8081
4195 9952
8468 8603
3367 7895
5853 2103
4431 9513
4052 3582
3763 6180
5960 3313
9713 8545
3983 625
6543 9542
6933 8249
9338 7414
5815 7955
619 7560
9719 8022
6280 7929
4549 3095
6516 7626
9144 3521
1123 5710
399 7543
7728 5682
900 6666
3901 916
6096 2246
8402 6978
372 9981
5004 5689
9541 3257
1516 248
1815 8684
433 8491
9369 2408
2309 3044
7738 8662
8402 9249
9094 7293
8463 4864
7706 8297
9998 4413
2303 3316
1202 5244
5230 1975
7165 1305
7271 3302
8874 9964
9652 1629
8602 2905
3641 8878
1725 3680
3869 1517
2921 4614
9277 1641
4108 6154
8998 3170
9760 929
1869 2764
1565 1031
7840 7614
9055 674
5999 1080
2788 1421
7087 4694
353 9679
1443 5603
8348 7802
4460 8104
4710 1175
4022 6450
3238 8148
277 3431
6304 6441
4339 7844
2574 2991
8974 1935
9070 4713
8388 5679
7180 1824
339 494
4941 7657
5182 500
4881 9990
6556 9509
3056 4379
5639 173
3793 5553
1319 1992
7882 5339
2782 9186
3943 8611
3068 3763
7477 7625
8212 606
3907 5834
9196 5436
3743 7836
4593 6406
590 4523
5747 2665
1254 1898
1661 7284
1636 2979
5921 4058
9173 3711
5188 785
5474 7563
9191 1757
7946 8886
2700 7844
8760 7918
8830 9224
7730 3193
5566 8745
6629 3142
5200 7680
9073 2299
6846 4167
2089 7901
1417 2305
7993 4242
141 5609
1937 9416
7663 9527
9157 869
1805 3148
2476 126
4182 2432
2478 9589
2120 116
9860 8883
5937 4295
9349 4399
3351 8051
8339 4639
5915 5927
6601 5554
4020 4743
1588 7508
6817 4248
9344 9403
4402 9726
5328 8984
7103 931
8834 6230
5839 8613
9847 4225
2363 3896
2626 675
7677 2735
7345 9935
8812 5730
1946 3242
3987 4483
1353 9208
9333 9168
2114 5654
6894 4291
6919 2494
9556 2653
6803 980
9028 5285
7896 6736
9619 3115
7401 2069
7398 5349
8038 6231
4676 4344
817 7485
4518 2097
3458 580
2427 1507
963 8517
7826 3183
3785 9014
8506 260
6295 5596
2141 9652
9494 4154
7715 2125
6893 3288
8399 2864
19 9268
6150 8880
6619 5937
8540 9362
6021 9343
1351 6989
1360 978
8038 6074
8709 489
92 6523
3729 2806
4648 8505
1492 2446
8382 4232
1409 1686
1019 6156
4723 7085
6605 1015
4654 2373
4576 5779
5915 8442
5741 3126
7377 5104
3105 8874
4776 7817
2019 9920
3878 7156
9566 4909
2645 4403
9094 9767
5891 7253
9893 6685
7125 3338
6393 6811
6989 3870
729 1749
3500 7232
540 9985
3599 8644
1628 4245
8545 7599
3006 5230
8955 6383
8770 678
6755 6245
1758 8216
709 5777
5390 9427
791 7802
4884 2213
8637 4886
7962 2492
6839 448
3683 4796
5336 7921
940 5686
669 1259
5158 3568
2327 1990
3807 9861
3698 2852
7450 1129
5592 132
3021 354
3918 3443
4928 2438
6226 44
4325 57
7315 152
2508 5004
3463 7631
5382 5073
6216 9410
7927 332
9358 729
2524 5741
6633 9743
9374 933
6706 404
3297 3904
5778 1023
764 8843
4797 7753
9795 4244
2882 9374
4626 7906
1167 4969
9397 5215
2094 548
9572 263
9602 5792
9906 8323
2661 9471
317 1347
3871 6915
1873 1668
1015 4053
2372 5970
7818 2164
215 6251
5431 4377
2965 4597
5201 8237
3244 6809
8641 4265
1243 2617
197 7628
6868 5080
8691 5021
5832 6022
3380 2599
2832 947
861 6608
2769 7312
4755 8175
7425 1821
8087 3986
5070 5965
1025 8578
7365 6827
4310 1690
554 9821
2641 5178
8538 2430
5729 9846
98 5974
1930 6933
1662 9094
9173 5516
5886 8028
925 3702
2011 9817
6411 7988
8467 4325
3090 9427
3574 597
5336 5036
227 8263
3171 7868
6803 1606
7523 4317
2146 8239
6765 1050
1393 8361
1078 5206
167 8270
7543 107
1492 2420
6281 3685
579 5428
1278 8219
1887 5574
9858 6883
5973 4799
389 1109
3153 7199
1450 3489
5880 5796
1220 681
3178 6664
9006 4755
8446 1968
3999 4286
328 1891
4666 8698
1848 6622
7078 3429
9578 5847
4584 2855
4495 7669
1492 9067
4846 1429
8810 396
8731 1923
7235 5974
424 5122
6401 5020
3968 3889
9060 1273
2379 6242
6983 4725
3449 455
9082 2991
5815 2454
8244 8181
9994 2272
9390 4843
2374 6079
4519 2476
4624 439
225 3686
6161 7888
4422 4216
3334 9313
1840 4517
4422 9486
6794 2666
24 4108
4236 7672
4328 189
3570 6031
944 9134
9075 8298
5944 4634
7320 6412
1799 3998
7948 5326
4832 9290
3497 3880
6024 4826
6811 9717
1724 5504
3124 1057
6160 8054
7463 424
4039 3142
2385 8082
2388 3761
2873 4610
9390 3815
9012 9621
4182 4860
2050 5998
8078 8146
5022 7187
510 9154
3459 6214
7853 3829
6311 1441
4622 4391
804 8265
6976 7757
1600 4171
5475 393
4299 8253
8764 8292
9909 9164
9452 6828
3185 7419
8399 3764
2148 66
9711 5580
8293 5820
4232 2315
5558 8107
6860 9561
770 3473
9841 5128
5062 1463
5418 925
9589 1515
3603 726
5816 4739
3723 5087
2235 2713
6432 6324
5809 5708
9687 9650
8064 362
4589 6993
1629 7837
3574 7486
9485 4519
7785 6809
1906 3584
7143 9355
5357 509
425 6265
7106 4679
5282 9737
6573 6411
9663 5222
6779 5987
2186 5982
7897 4138
1908 3359
7145 264
6410 6395
1309 9351
5866 7554
6771 8740
6991 8668
9467 4108
5505 9500
6265 1180
972 5810
8925 2241
4974 4266
5110 9574
7922 1409
7036 932
6271 2110
5993 2765
4498 1814
2095 6781
9678 9012
2639 8764
6420 5531
616 4248
3656 5972
6282 1177
9360 9697
5155 8920
9299 4235
4577 7353
1367 6979
5128 4457
9055 3673
6015 6885
4441 4282
9373 9841
4590 6086
5228 8675
6219 7467
78 5250
3984 7068
9886 4498
8780 8082
3530 3414
6304 6996
2658 4292
7841 6619
1675 9684
9999 9661
15 6541
7640 5956
176 1734
8374 4558
2109 7322
7442 5778
2835 3241
3655 8970
7783 9026
9231 5235
4932 9085
8744 4338
4508 614
6203 9810
3105 4474
7667 6024
5478 2808
3233 8049
1874 3602
2487 1763
6033 9760
55 993
3622 7063
7448 8746
4223 177
2861 3289
1808 5309
9755 8982
3838 2291
3115 9640
3612 4939
2589 8897
3654 6496
9468 6936
4238 1006
2168 4891
4133 4064
4586 3483
6486 4247
3843 8724
4679 3825
4664 9848
4145 8927
8268 1274
5920 6508
5399 5264
739 3482
3745 9014
8750 9530
178 9504
3564 6380
7346 9418
8249 2024
4185 9194
4993 7692
1817 9204
5865 8426
3336 8398
4672 2545
5901 7392
6665 7281
6153 5189
605 2387
2771 449
5557 5723
2476 9424
1214 214
2552 7157
3044 5991
2017 6494
7908 7929
9509 8178
2893 388
4944 7800
4539 3434
8014 3362
5974 809
7131 2698
3301 8175
4410 6817
680 5091
8169 3964
415 3686
5202 3579
4807 1267
1916 519
2317 3428
3955 392
6278 7826
1022 5027
2325 6182
4145 733
3512 9035
5800 6344
5104 8376
7324 5384
7088 5598
9922 7827
9718 4755
245 8025
1854 5894
4772 565
891 2753
9338 169
7039 5111
1652 8513
1228 9834
5328 8634
9239 241
5214 4505
4704 1908
2191 1343
6826 7894
2424 3002
3681 2892
8976 9041
8346 8805
7830 2026
3072 580
4215 3727
7334 1675
747 6619
1004 1119
7981 6674
8307 1562
4235 6124
3286 926
49 3622
6626 5182
3582 5477
3155 5657
382 3940
9437 7553
9527 7717
7764 5721
333 7702
6180 883
1955 4103
49 4800
2804 211
6409 4996
9318 8435
3038 1562
6083 9320
2044 1186
9073 3627
132 31
2152 2949
7597 2892
3873 2279
3951 9584
3912 4531
2843 2782
8464 2452
9745 6110
7404 6068
1422 800
4607 5679
3469 2759
3747 6703
5092 8227
5581 9097
2990 7373
5741 5038
2020 2642
2419 3470
7949 8101
1348 2152
8398 5555
2282 8773
8863 4440
5796 5723
5842 9887
5157 2239
2477 9197
7566 5482
3293 4700
5027 9452
4212 1762
9756 8321
3626 8359
267 7581
4817 5430
5119 3332
107 861
4757 2473
9722 8983
9661 2809
957 9162
4589 9533
3391 1630
9612 3782
7009 8531
9076 6750
3841 815
8328 8480
7482 3381
7805 4581
6556 9912
1462 5621
4386 6069
9844 3869
4486 3670
2792 9786
5288 2954
4153 506
920 5913
6885 1348
1567 3080
4724 5210
8037 1267
2214 1513
3437 8046
2234 1114
1776 3924
4488 4175
9406 8143
7750 169
6347 8875
9421 6346
1496 8515
8040 7735
18 5496
1400 1561
5440 4982
5444 375
7080 5424
220 238
7267 9897
3154 9939
6838 4647
5011 7812
7717 7287
7160 1360
2943 3571
5329 8069
9829 6736
3490 9424
8133 3975
8695 7837
543 9997
276 1882
8816 5061
1518 2022
7876 7321
6025 9268
6566 6692
4264 3982
3003 4637
2423 9114
1798 6926
7745 2216
3483 6756
6617 9089
5058 9382
6014 5663
6425 4077
9457 1801
2452 7027
4142 6309
3467 9404
7417 7204
7268 5170
1929 9508
4383 2061
7828 6987
4811 761
651 8809
7745 5835
2285 5935
4633 4076
8070 8338
9365 1104
3206 5104
6817 9084
3377 8345
600 5214
7434 3491
7269 7014
1092 2218
7670 731
1786 6760
4526 2682
7203 9571
5162 8048
7170 6547
3344 8629
6216 9587
3428 3336
6428 6932
6789 6856
1439 8872
1261 9385
7006 8031
7623 4012
3728 2649
4795 1030
3765 4148
4478 7094
4939 1896
2213 8692
7015 5623
6974 5432
3910 9998
1244 6006
1501 6772
4635 7544
1602 5870
7279 254
6120 6445
7450 5846
6393 4638
4540 2427
6114 7511
9935 3024
3886 5594
1026 3120
2274 6896
1975 6952
9166 8420
6623 2556
1867 1543
5936 9383
8155 351
5029 592
817 3155
6616 206
3419 9881
9793 4555
8177 909
2497 966
6512 4555
3941 1510
4015 5292
8230 1546
8081 5493
1429 582
9002 7613
8908 2515
1193 2999
3081 8403
8648 7243
7928 4766
3190 3232
8877 4681
1203 4056
1606 1941
289 8042
9265 9745
5903 8112
1196 3841
2550 9292
5562 9326
438 1656
3876 3070
7693 2449
2446 8920
5031 7744
1718 5171
7553 2231
2509 4776
8454 63
3002 6141
2556 202
1238 6256
7510 705
5201 1589
109 3770
9664 6774
2175 3950
7149 4858
7656 5880
6089 7252
5277 6246
6903 4972
5363 1519
8830 5986
5717 4599
3367 8796
308 4548
6891 6144
7039 4346
5852 1781
6297 4885
5450 1913
1338 7614
1636 9199
3061 8491
2243 6140
8167 7931
4106 7078
397 160
6924 4405
936 1728
3844 5258
7462 9311
1911 867
7845 5288
319 2994
8172 9702
2942 6287
547 196
8457 2738
1895 2120
6846 4213
3015 4767
1969 8179
9052 7101
2154 4079
6499 4847
1119 175
5787 3475
6510 6981
7740 4859
3935 8566
8014 1773
6489 8895
4965 9099
4209 73
6823 4682
2390 8593
669 6602
4222 7721
8128 5280
3764 9081
4848 8600
7158 4861
2889 1543
4513 335
5237 3832
936 3245
8345 7156
3277 9226
2589 6788
1340 4766
5171 8305
291 1804
8446 8207
2217 6778
4188 9307
2614 6676
3166 7987
1132 3415
5442 4531
6511 7033
18 4217
8949 7512
6376 1168
1659 1442
5717 5684
1247 8787
201 140
3614 1747
3039 3598
893 2744
3284 6172
9774 9462
8819 5031
4829 5822
5892 8896
2157 9719
5922 8949
5670 9198
911 7989
9810 1626
1963 6788
4358 3209
4231 6329
4877 4516
3267 5257
4362 5013
607 8516
7364 8390
1799 7708
5064 1240
5603 2480
1714 9396
9351 7651
1239 412
2016 1177
730 8827
7546 8100
171 5159
3446 1580
461 2848
510 6582
7657 9489
4627 1679
7200 3487
238 5183
7222 8257
3339 9307
2325 6787
8763 3700
1347 9208
2450 6726
6576 3068
1350 561
731 311
898 5465
981 9043
2383 6969
4218 2487
2527 6671
3490 1864
5197 5074
6788 7967
5057 8680
837 4477
2939 1308
4852 867
8018 3693
1727 7724
7077 5550
44 4967
3420 832
1725 4361
6826 4952
6900 8739
3890 3848
96 2339
3996 7587
7495 3095
5602 1698
8847 3841
7030 5294
1085 1826
4590 8544
775 3353
3695 4409
8333 1328
8815 8411
4931 5453
8161 9790
5905 503
9495 8802
9572 5351
3161 4040
7117 7518
4152 9804
4816 1656
7988 9324
9563 7560
3862 2973
8782 453
7660 2547
2402 1144
6316 8194
3086 4339
8863 7820
5221 69
2089 3415
2745 7640
9418 8740
1119 1695
7844 5235
4529 384
724 792
9510 7670
7995 4865
1704 519
7868 8100
9788 6117
5985 6483
2393 8784
9300 228
5921 7769
9543 6386
5847 3331
4861 9124
5988 7127
4728 6400
252 5180
6958 1468
2992 1243
3903 2075
926 3717
1220 1879
972 4082
8601 5432
6651 2385
385 9574
4642 2297
9086 8366
7677 9654
7131 9060
975 5982
9510 7871
6900 369
5928 4077
3540 4311
7787 8186
9894 6770
9124 7699
1313 708
931 9539
6531 2961
4114 1665
6088 33
8944 4523
6187 5107
8943 1798
8456 2499
6717 1819
4443 7958
2778 4096
9652 3934
3408 6731
6271 161
2557 2731
3694 7051
2817 8085
5218 9416
2324 3117
625 8378
801 4909
955 7686
1665 6071
4755 4943
9912 4465
7955 4525
5491 4706
4595 9019
2863 278
2689 1577
6329 7856
76 3011
3512 3895
3732 835
9857 5419
7914 1182
613 4610
1682 5181
8336 3117
7727 5134
6727 5265
1909 536
3078 1219
8345 3773
8382 8589
9208 1325
4940 8178
4247 5087
7696 5324
2868 1612
8550 2363
4125 6713
7716 8730
9353 13
6599 7958
5949 6673
4905 5798
2662 22
543 1371
5443 2021
6646 8742
7647 8137
1470 5498
6250 1397
4836 8072
5978 1201
6350 1476
5160 6193
4840 2731
4354 6456
9222 5482
9767 7906
9377 4252
9026 9656
383 2325
221 2023
2294 9322
4980 4008
9976 4145
2796 3464
5118 5905
7383 5719
2991 2856
8596 1859
6720 9148
582 6002
2019 4711
6874 3519
8251 4585
8982 6661
6382 8572
1418 6003
3811 577
9153 3124
1264 718
2459 6738
2952 6482
7113 7601
8895 7585
1866 9603
3612 4209
4090 9440
7608 7683
5367 4170
5704 2034
9431 8092
495 5323
5904 6955
3666 9068
3249 4917
6795 1109
4274 5483
4417 2983
7716 8039
1243 587
7010 4395
2192 7016
9221 1777
873 4609
9655 5422
3197 5079
3825 8297
5196 2606
9280 5265
7692 2387
8692 7191
7975 5601
7474 4859
3631 9252
1394 2767
5351 806
9897 4403
6546 2669
6492 156
2387 4991
6290 5459
6007 4491
8838 694
1733 7273
1001 457
3853 7996
3766 708
5481 2437
9020 288
1412 294
4921 9448
8959 7685
2817 8709
7691 471
7215 2713
5529 8032
4696 3509
6765 1167
6131 2393
1619 4220
1105 9799
9430 6526
248 4128
8450 7246
5532 9377
479 2002
3289 626
1136 9396
3299 2559
2867 2165
8753 6524
4425 9179
3906 5595
6722 7245
2567 9003
9097 2867
7682 5715
9947 1396
3403 1932
264 4568
1509 7646
5595 9860
8525 4690
2631 8817
8366 2692
9185 5453
47 1283
6879 9691
1660 3048
3146 7352
9759 6796
195 6884
2101 7111
6328 2569
2189 9779
8622 4028
632 8964
3815 703
2472 4182
2142 2722
7988 7495
1979 4490
2482 3077
2352 8549
6080 8454
9797 5825
7891 445
8711 7374
1562 1245
3116 7669
9082 4780
5294 7952
1620 2323
3094 3135
6064 3288
5012 4717
3749 5127
7044 6657
4478 5102
9431 3261
6825 7258
8707 5072
4320 4625
3403 3568
2055 5721
2479 6049
1946 7751
258 490
8351 6866
9159 2957
630 1146
6386 2741
9566 8503
3357 1156
8298 414
6347 7152
113 7548
2093 5491
8205 961
2479 2461
6679 9085
7279 3776
5353 7379
5515 5351
9366 9214
7119 9165
9763 7973
9936 9951
3644 3582
5355 4708
4771 7512
2071 6577
7392 6619
973 4793
219 4433
21 5761
2370 1244
7886 4411
7588 3667
5250 3668
2587 9433
7848 4642
4965 2502
6194 2458
1014 4210
4472 2905
8640 7261
7311 2273
2444 7497
3508 6730
4033 3308
7998 6449
9913 1464
1504 9827
5010 9834
9390 4342
9926 7163
8521 6118
9755 3560
982 953
5001 5073
4330 6988
2155 8951
2994 28
8758 3376
3009 3427
547 6532
5247 963
7582 3490
4172 386
3102 6169
7341 7068
7123 3464
2159 4358
1213 1847
9687 790
7607 7168
2509 1227
7225 7328
6721 2812
5227 1084
5016 8627
4448 5701
8686 6773
7104 6778
4436 4984
7143 7525
6296 7331
1121 7833
3697 9627
7506 6807
2735 5943
5302 7839
3101 5830
1098 9491
3684 1177
9999 9957
2572 7072
4829 6263
3719 8811
8129 6178
7610 9250
738 4866
3080 8907
4948 2591
2947 3451
3219 5734
7743 2346
596 299
954 3709
2133 9850
3925 3987
6857 8415
7701 9184
3271 4883
1244 9540
3051 1643
4127 9451
1762 7323
8406 9368
8794 6890
4593 1540
2585 5738
6994 4687
6274 2059
2333 3536
1177 1509
9259 2000
1098 1995
4284 972
3569 9852
246 9294
3336 5220
5941 9627
1452 2603
7891 7151
3765 4197
9079 4012
4043 8710
861 2554
227 6626
4049 3943
1231 334
1629 441
349 2530
504 7710
5493 828
1485 3215
5194 7552
1008 4977
8897 7086
5462 7753
5460 81
8920 6848
1336 2756
4873 5607
3205 2310
8740 8904
8092 793
7210 7103
2758 1673
2896 3042
2776 2404
7017 7088
3574 5477
3492 2746
7422 897
1006 1482
7675 106
95 2098
224 8937
512 3831
9409 1363
7713 1777
78 654
394 636
523 6548
475 4728
2644 1476
3724 6873
5083 9929
8597 9720
6892 8260
2013 7311
9115 5565
6207 8705
6231 6747
1002 1688
9143 3282
5328 1691
2718 9731
6442 7395
3677 7458
175 528
4422 1451
7240 6792
6272 411
2935 2945
8321 6476
2500 5007
1114 4911
7600 1066
8855 1009
7594 3843
544 7386
6053 899
6071 4033
4957 5880
1780 5532
3052 1215
4481 2152
9603 6499
8354 9146
838 2631
1182 9126
7368 924
6148 1189
2031 1680
7206 5279
7972 693
3539 7247
407 4275
6098 4349
3434 1479
2769 4995
9212 3782
5978 2703
6186 6445
9876 4205
3113 1063
6633 1306
5232 4045
3571 9928
8294 6129
1253 4036
9247 7372
8032 8331
9649 491
9133 475
4375 9642
2616 3372
9988 2697
8578 1930
3203 4368
423 2647
3347 2090
5312 9006
5138 9716
290 8471
1061 4925
6763 5479
5879 7850
862 1187
7898 2851
5551 8019
3166 2343
219 4087
4260 6621
7794 1562
3597 1042
9594 1439
8922 5480
7225 4108
9220 8271
7603 2457
3082 3095
5186 7068
8647 9708
4800 4807
4726 1254
8321 4047
8741 4991
3551 8123
5700 4703
7242 118
5865 6920
7791 8806
640 9779
9150 2764
3134 3245
7422 3493
4847 9696
3745 6119
4235 4191
3959 5407
9011 760
2323 5091
4095 5716
7726 9102
3863 8526
2933 8517
693 680
7699 6111
3319 4768
7171 9524
8317 323
6979 8834
3717 3578
6545 6040
3530 7489
8819 2652
2998 9444
9104 9637
489 3778
6115 60
2397 4016
211 4789
6391 6944
2271 4900
9483 3941
5172 8357
887 2636
8091 4528
147 415
858 4928
32 7237
7288 379
6922 6181
7749 2726
9963 180
6708 9673
7789 5772
6997 859
6946 1404
5907 333
7721 5918
3352 2178
8060 2013
9276 148
1205 8305
2884 1831
6713 6798
8339 8392
9447 4438
6775 4128
868 3478
5163 1675
4405 7679
6141 6941
212 1000
8711 3079
7481 7863
4366 6091
2599 2051
8321 2790
5036 9540
895 4967
3630 6569
2522 9983
7005 9597
6586 9070
6973 1669
531 3826
3734 5953
3354 1449
8140 5765
8480 967
7286 4412
9336 6177
4677 7346
7747 1260
918 9655
9859 7387
582 2260
8371 4937
6784 8445
3629 7826
4852 6959
3218 8459
3708 6291
559 9850
2156 8587
8373 6101
9372 7056
5597 8372
1418 7891
2768 5822
4392 9993
7764 9842
1747 9451
2988 2077
3914 1020
9336 9816
4674 9425
8500 4280
899 7912
5130 9369
7015 336
2418 2916
7690 1579
3896 5909
7159 5053
6830 9219
1341 1897
8911 7206
6558 3487
5923 2249
4643 3946
1476 4580
8584 847
4188 7719
4346 1055
1895 179
5597 9706
45 7877
6861 3793
176 1166
4519 9975
9664 8738
3331 9916
4560 3706
4982 758
4469 6386
4830 8419
9055 305
8563 8535
2661 2854
1050 2333
2755 6996
1916 6324
7638 1735
9797 4216
2713 8179
2979 2503
5888 2185
7055 2179
6321 9420
967 2509
3511 8176
1317 4815
9067 1470
2188 5819
6799 5615
2326 5558
3206 6504
1013 3685
5089 9879
3939 82
8902 8339
2726 514
3403 3829
4351 4386
6347 6694
8053 6912
5345 2053
4883 7176
3440 3805
5572 8281
4301 5967
7214 1959
1926 7207
765 1977
593 8074
1373 138
8749 5098
6773 580
2577 2160
1157 1216
7591 3829
550 4803
9329 8617
1549 3695
1101 9864
3138 6702
7031 4986
325 1202
866 7286
9651 1486
4111 6934
8425 6350
7401 9592
3562 5513
5561 1932
1838 6461
5244 153
8033 249
5090 9005
7871 1215
3680 6192
6076 273
4394 8885
9136 2349
853 8994
2858 9317
2188 3997
7681 963
2810 9448
5058 5695
125 7291
9752 6105
268 9070
3438 7304
8403 1494
6358 3235
1423 4525
7317 5679
7378 1964
7016 69
9544 3043
2827 6712
6394 1291
8641 906
3661 7002
2813 4496
333 6459
8033 8308
9666 6721
7216 7033
9515 9277
5810 2494
6865 4611
4940 4977
1898 2272
5260 8752
3369 1354
7894 480
5760 2484
3420 8507
2655 167
9025 2794
1126 2051
3724 1280
3551 5947
8202 1751
8138 9041
3308 2136
2039 5902
2187 8395
6146 4227
2589 3619
5845 3938
9225 249
1246 4294
2643 7572
9389 3440
195 1956
4422 3499
