9996
100
25512323
110 92 94 99 108 109 94 102 96 99 102 101 109 103 105 104 104 100 93 91 104 110 101 100 91 96 104 105 104 103 104 96 106 91 95 108 96 90 104 99 100 96 100 98 106 90 95 91 93 109 108 91 109 95 94 103 90 98 98 98 99 105 104 91 106 106 107 96 110 100 100 98 106 108 101 101 102 110 108 94 97 104 92 97 107 109 95 91 94 98 94 101 94 93 105 101 92 95 105 96 
-30330 -28700 -30170 -31124 -29289 -34020 -30562 -32569 -30870 -32379 -34159 -30132 -35433 -30384 -32728 -30554 -32033 -30937 -28235 -31109 -34255 -36871 -33202 -31835 -29821 -31149 -32832 -29945 -32311 -33208 -30868 -31990 -30963 -29097 -30967 -33842 -25990 -29919 -35580 -30660 -29927 -28893 -31428 -28656 -33296 -24903 -33465 -29267 -30649 -36882 -36210 -27642 -34586 -29459 -31177 -35155 -28537 -28465 -32002 -27365 -29917 -34638 -32484 -29578 -32481 -32889 -32742 -31503 -35341 -30376 -31235 -33081 -34145 -33140 -29424 -31899 -26907 -36624 -35659 -31761 -33170 -33668 -28239 -30221 -33014 -33077 -27399 -30239 -28537 -31327 -30356 -31490 -30237 -28723 -34988 -30909 -28840 -29736 -35136 -30069 
48296 39460 39200 42601 43878 43089 42400 41741 44591 38409 44801 44079 45740 46537 45221 44651 44445 41619 40064 36396 44812 43357 45350 42809 40880 40938 38995 42274 44580 38972 41819 39842 46631 39120 38970 45827 39784 33745 47834 39777 49418 39241 41125 41966 45625 33681 41381 37511 39519 46589 49582 38225 42358 37496 41715 44204 41799 40983 43002 47540 46653 41253 42876 38646 45383 47534 47779 41209 46816 42641 41471 35230 48669 46881 45722 42503 43673 47504 43246 39070 42195 46315 37513 39304 47418 44442 40717 36410 35527 43495 40936 42590 39212 37819 46347 43102 40749 44975 43017 37441 
3073 8981
6731 5962
1023 5311
4458 2615
1750 3802
1114 1546
4810 5230
1548 9829
2160 795
521 5647
5338 5328
1070 1998
3759 2475
7712 914
2581 9049
610 5930
9833 6676
4791 1389
8817 7107
6986 8990
4537 1125
6173 3803
1510 5300
3457 3144
5804 403
4156 6685
7726 444
4311 5697
4090 4529
3326 684
5854 9889
2455 3772
11 699
5213 3325
257 6498
7786 4755
8876 218
211 4753
9306 5268
6462 8635
4376 3981
9281 4816
9490 9845
1154 3496
8962 7097
1338 3102
4615 6884
8752 4734
1310 2553
3735 455
8674 8237
76 9059
4652 9517
3223 8772
686 2906
7246 3382
8579 5017
4728 1710
4906 8319
8290 2396
352 1424
1345 5170
1595 7835
6559 6073
5542 5157
8496 9250
5273 8390
4010 4247
6131 7505
3157 6819
3753 4293
2912 4802
2354 6920
5016 2310
2801 6107
3227 7741
2279 5458
2721 9049
6795 16
8098 5254
8932 8316
8883 2851
6255 2063
7439 4326
6759 3392
6244 1461
1207 8450
7657 7925
8905 8859
94 3987
3623 3542
5680 4021
9228 5040
496 9382
4760 7696
1890 5010
2810 9129
1695 6607
4382 9894
6951 2020
2548 1186
2906 1640
8155 6364
400 9632
793 5844
1418 8116
2642 7975
1939 5381
3024 5741
373 844
6009 5106
6155 8975
3989 5188
4616 1636
7310 3154
8828 1003
7137 3650
3511 1485
5314 2665
114 8408
5202 834
8903 7135
4264 241
7598 3935
1143 4689
2165 8876
3566 6818
5416 4523
8381 1220
471 2898
7562 9733
2762 2789
6624 1042
8129 8029
1492 2936
1322 625
1531 2004
4395 5150
6645 9985
6508 1328
7347 6592
5339 1224
3033 4360
1767 8555
7031 2676
6164 4670
9966 4851
422 608
3862 7276
7153 5637
769 7251
7495 3785
3254 8000
6277 8974
9536 7882
7620 359
7977 7278
4379 1117
1080 3236
3059 8549
4315 1238
5169 6077
5149 1162
1790 23
4471 4369
6981 8897
1023 7879
1998 9951
1003 1025
9978 4279
6796 5044
5718 8616
2734 2845
368 3163
2919 4350
8948 508
1637 4433
4492 3680
7895 9174
8137 9946
4771 5618
8530 8471
3750 4386
6303 5214
7712 9872
6835 2644
3293 6362
436 8515
3540 2053
4031 9073
5183 9259
4842 8951
5770 9098
7566 9708
6907 4960
463 5551
1100 3866
8905 9520
5385 2513
5567 5335
6119 2888
9605 2984
7805 503
586 511
9111 2983
1662 496
8592 176
347 4662
9142 1999
9807 4114
5692 7594
3970 6937
1388 8344
5410 2252
724 6431
4222 2237
4015 5510
279 7095
3774 9925
9781 9250
8294 4977
4177 7478
1704 2889
2672 704
2622 2390
581 6878
3723 6761
9690 3551
4376 3294
9031 4740
9174 118
8988 3751
6053 7863
1020 7210
9821 5314
9908 8702
3176 4673
3548 2395
9538 4702
8185 4637
1272 9491
8407 7380
893 9027
2064 5637
8439 3848
47 6632
1463 1875
2187 775
4227 1563
2559 5135
4629 9935
9045 4699
4871 1503
3204 1702
6863 6189
2024 3850
5700 8204
9089 4758
6406 5980
3202 8894
7053 227
9521 4728
3805 8384
5060 9189
5853 3334
6873 9279
9119 6980
834 6616
9045 8368
4035 9302
3321 1502
2914 3227
5676 8806
2269 2925
8440 617
1783 9727
1712 785
3732 2520
8313 8123
3302 7430
6119 589
7262 6467
509 7894
3759 8467
1919 1830
9770 1529
4881 9959
9524 6371
7733 2361
2348 3529
5768 2337
3015 1588
1600 2329
7194 6000
9170 1457
9811 3498
7704 2484
9607 3233
201 3975
9592 2681
1031 6938
4123 378
296 4777
8189 6585
7819 946
4465 648
9027 2734
620 7449
3701 7937
3331 2779
4413 3924
4296 7092
2625 576
8075 1650
3389 8241
7579 2006
7934 9387
530 7209
2866 7962
5342 9944
2576 9018
1874 5335
6260 770
5945 7263
3867 3539
3924 6706
1333 2381
4949 3858
3364 1624
4713 2835
9861 3324
6491 1816
6579 4630
7142 1505
3488 4136
3596 5246
5628 6014
8693 1247
7897 7687
900 9215
7282 9914
1724 1531
393 5084
2135 6940
1874 8104
7129 9849
9333 6414
9801 8219
9823 4511
5718 9976
3318 2097
2367 1226
1337 9546
1989 1553
5571 322
5148 4309
7830 2351
8655 8222
4265 4619
9969 5534
5138 4889
1442 7621
3085 9317
1196 3314
301 768
8451 4616
6186 8487
9204 5980
8658 6019
7565 6621
4648 4488
2226 1049
8372 3564
9055 5998
5631 6263
9830 8134
9869 5475
2078 5432
101 8351
1972 9939
234 152
4485 1857
5142 7930
6342 7033
8248 4858
280 6324
8605 9437
7209 4663
7087 2822
2390 3175
805 2820
3321 1744
5720 2615
2324 9719
8777 7782
4011 6413
5491 9004
6153 5126
2126 7228
1897 5214
1524 6901
1605 8320
1492 892
3787 993
3008 7414
5425 481
7349 2512
8578 5850
9863 2426
9158 2697
6592 910
6909 5153
3146 5902
5669 5765
240 6833
1732 7371
388 2458
3935 2035
4056 1396
69 309
167 5860
1240 9445
5883 6783
4370 7965
9490 8905
4946 1781
3718 1763
5735 1344
4479 6699
3584 8259
2680 9806
2864 2160
4129 964
5932 3017
6556 3659
1075 50
3515 858
2067 2514
9147 5304
40 5622
8828 1197
9997 3074
4204 7288
1373 6305
2308 2453
4664 4488
2916 6675
9934 1579
9933 1115
8936 6879
3894 5827
912 2348
2637 6804
893 7294
7863 1664
7197 393
561 5206
5431 2434
1354 2803
3278 5818
3291 8932
1855 4383
3729 5702
5547 7613
631 3836
7897 6897
4243 9170
2034 6798
6415 2431
5715 9480
1660 8541
291 9646
1854 3360
5315 472
1056 8796
3580 5001
3684 4242
8583 22
6333 5517
1804 1789
5155 6771
5941 9895
294 7297
1062 6961
9437 4265
7273 2840
3854 9475
9738 4027
712 4634
912 5328
7197 1621
5567 4434
318 6297
3859 2501
4730 3265
9067 1452
2466 9050
3745 9322
8581 1137
723 3323
8026 2454
3914 9480
7122 1761
3351 7168
1654 3512
1574 1284
3340 6617
4415 9377
8234 2363
7927 7411
7296 5174
2154 5072
68 1072
8623 9022
6401 598
98 1026
6215 1069
3183 1250
5192 8504
8015 4939
1496 1984
9116 3572
6218 2057
2573 2050
2197 4781
1464 1306
3826 2280
9958 2982
4230 8230
4815 6690
6010 3164
5589 193
3445 3412
2835 6591
3645 158
5217 8679
1622 994
8481 311
7315 8557
2642 6201
8552 9780
5757 2957
2737 9101
3606 7547
369 5140
700 410
2428 7452
8202 8952
4443 5342
2305 6593
9427 7429
700 3301
2467 8694
5130 2724
3995 1414
9732 3745
5392 776
211 5402
7641 7239
507 9865
4789 3134
1313 3991
7304 673
6954 3524
7295 2665
6551 9377
9229 119
4411 193
6876 1586
1268 1814
269 9511
6122 5549
8609 5160
3375 5029
6901 3376
6417 2054
6676 7968
8551 4643
8457 9440
8377 566
3273 8931
5326 6761
7588 5876
9770 6669
9997 6731
4128 6008
9492 1709
4903 5254
7681 7214
7840 7249
2510 6446
3096 7114
8925 1111
2350 4591
3838 1006
6996 1933
1334 9338
8843 734
5261 1922
5981 5294
3977 8586
8726 831
3218 5106
6031 2398
5451 652
3584 9059
1483 1447
3325 7577
5511 7577
22 8041
2410 704
6409 7218
7212 2042
3692 5175
5851 5735
5679 2191
8873 3567
1322 2639
1097 9233
6046 6156
2186 7206
3070 9874
7550 4080
7712 8090
4313 5904
7145 4317
6964 8640
7015 2218
3836 4499
5684 7854
9489 1710
9153 1477
147 5935
5274 9237
4358 4359
6917 6130
6044 3747
5277 3880
3416 2858
6092 9853
7135 9931
1284 5226
7451 4072
7843 371
5951 3658
7710 7094
8947 3813
4315 8942
8811 6927
5249 2043
1610 8945
5591 5382
2895 7624
1423 5752
7139 5546
2531 2793
4409 2760
9384 9611
3627 7003
896 988
9559 124
3773 6359
8929 2820
7326 4442
4430 337
4468 6552
314 9259
8578 3614
4380 3798
1101 6868
5675 8414
9325 657
512 4131
2738 621
6275 990
5724 1286
4027 6155
88 5875
5908 6739
7216 5363
4542 5149
4897 6349
8707 2391
1303 2498
8682 7561
787 4863
8614 408
3875 6162
6099 2965
5755 8395
298 4863
9599 8041
5195 5462
6919 8474
5500 4187
8854 9766
7884 4349
4060 9048
919 8351
5551 1851
2149 8022
3272 7956
1799 8792
7189 5897
7937 6086
2149 7528
4765 5064
3683 2111
6502 4043
485 9195
4089 8876
8740 5947
3355 1710
3683 5987
6622 5831
3749 8415
6451 1794
7943 4843
9389 8073
4581 5924
4420 5889
275 4393
3012 4677
9251 1595
7604 2542
5072 8892
2992 7010
7424 4452
2009 539
4741 343
7868 7364
9649 129
9660 6837
3367 4143
5065 61
2922 1322
5332 7246
7871 7153
2232 257
8026 2159
9542 231
320 2983
9067 7031
4377 7416
4618 3979
9513 28
8112 1330
4883 5286
2399 4228
5845 8480
3651 9231
3060 2083
1340 1005
9842 9606
2841 3447
4324 6710
7155 9582
8726 9943
3748 5382
169 2037
2598 2067
2770 2423
5627 2057
3652 1472
8813 8976
7159 7517
2757 3933
4507 8970
5710 9261
4419 6481
5204 5270
2967 7670
1657 3290
9056 6247
8181 3954
1216 9691
8215 4275
1459 7234
335 1147
9675 6840
9551 3980
419 1078
5278 8510
8205 3287
1608 2438
8883 3557
2250 482
8890 9980
4157 1846
3429 1491
9429 2414
2843 5682
7244 8241
1930 3474
6167 5352
612 9218
7836 811
7010 4780
2489 1414
2121 3851
3528 6356
8189 4555
2787 5061
7689 2893
5051 7943
6435 1230
2919 8947
1288 6697
6547 6200
3829 2752
5872 2691
3181 3008
2503 7927
1506 3630
223 5272
3250 6129
7055 602
2762 3266
9417 8618
4263 7960
1610 2364
1270 4339
8302 4791
2790 6313
486 7466
7232 9642
500 4419
4692 9163
9594 6970
330 166
8295 9943
2343 7017
8163 7737
3265 5669
3860 8002
1496 2199
6973 5354
771 3103
7659 284
232 3732
8992 7663
3004 1687
9052 1948
8203 9726
9446 4323
3504 2809
1817 7224
1420 2407
3190 5293
7577 5974
9293 1458
9170 2039
4585 8911
5766 5934
2673 7974
4585 1649
6449 4950
8283 5449
2335 6860
2552 7462
3256 1866
7648 5162
1996 7713
9296 4649
7491 8778
4399 3494
5966 9776
5598 9005
8204 4314
9650 7356
8606 3320
9258 8322
7769 7891
8503 4899
6028 914
6873 9732
1098 4667
1185 1529
7630 612
8023 4260
3923 8471
6504 6296
4207 7515
6969 7354
6487 2165
9050 8158
3104 4439
816 9299
8246 7100
4858 3258
7654 6950
7308 7498
1905 8287
2031 1103
4599 7850
4142 9538
8653 249
4206 4837
5972 7466
8373 2016
5315 6467
2305 8699
2229 2308
3916 8527
8094 1981
7666 2149
3428 2414
5900 634
2989 1191
7815 251
588 6268
5492 7095
1109 6620
6781 3617
3098 812
1389 9909
3987 843
1895 7428
1419 5358
4053 1913
1804 9265
4587 1858
6651 1153
1374 3535
9247 6882
8256 9211
6798 6000
6963 4258
6212 5116
9544 1391
9502 7445
7864 1122
7202 6754
7733 4964
3252 2886
9727 9732
5294 7193
9686 930
5528 30
438 1233
6705 2858
347 6170
294 1799
6048 715
6521 5094
1212 2928
2959 7736
993 8181
2124 6291
8925 104
7038 6942
7923 2491
8104 1090
9245 9232
4253 6687
6889 3510
5717 5220
7095 7248
8314 1627
6338 4130
4458 5513
6395 7503
5996 4055
998 1317
3721 9045
2823 9584
2686 4056
5988 9940
2174 755
2491 1557
4291 3915
5124 9055
2112 1189
4707 5646
2451 3095
2877 8324
5164 9419
5295 5274
9786 2167
3814 114
9213 2527
6013 9563
5697 9091
8035 4431
4332 5029
2280 888
4450 3642
9075 674
3359 6772
1385 7305
1302 3813
5173 9945
4948 4680
4144 8103
9717 1933
6487 3926
9112 4962
5851 767
5380 734
9088 7885
7360 961
3368 8291
8012 3187
4351 3523
5943 2027
7014 3468
5448 5352
3729 4860
7232 7305
9472 2965
9545 2802
9370 1641
9653 9305
1623 282
6862 7939
2524 9645
6598 5389
1038 9003
9887 7111
1861 3303
9126 8079
3187 5413
9254 6290
9986 5150
6554 5334
3985 5041
7811 8228
6481 9975
917 6321
8288 773
7506 6157
194 5824
6900 8679
3565 532
3615 3748
7397 6500
4256 1314
447 7745
174 5051
9637 1262
7259 2970
3161 1141
9403 9869
5551 3930
585 670
5768 2221
6474 9529
1058 6378
2568 8558
8508 3456
6080 5361
5093 7441
7634 1168
135 9167
6110 6934
2553 2344
2685 863
3321 7041
5992 7181
2326 6151
6401 3123
2415 6086
2186 7461
7968 3157
6079 5152
7228 7158
5188 1775
2065 6948
8046 7999
1935 9998
9110 1001
8408 6336
5564 9365
9630 7811
8681 2493
6424 8804
5572 3318
5113 6920
4727 1795
5995 7337
4943 5608
2821 2007
6239 536
9529 1193
6684 2808
796 4325
9734 7164
7990 1371
5525 1430
89 9115
5552 5704
6896 8058
5146 2597
3556 3518
742 8885
187 6804
9705 6987
6403 8631
1115 804
8877 108
6428 5568
5162 9073
4357 1267
4003 9656
1071 2078
7572 8918
9067 9141
2117 1081
4560 1028
8568 5083
5713 8027
7059 9924
2521 5745
1454 3858
9084 4391
6924 1136
5274 1376
1775 9453
966 197
1962 5378
7141 8263
3102 9452
2867 7746
3755 9000
9940 5734
9586 6024
3652 8339
4156 9264
4579 9426
6658 5100
1562 4885
5812 4420
6749 2689
6699 5215
2487 4984
6596 1582
4813 2815
7031 3567
5985 1785
9210 7920
4617 5144
6487 6032
5185 1844
6882 1343
509 1413
1750 4790
7158 4176
1698 9149
593 2587
8984 9503
4228 696
1162 5335
3593 8496
3804 5126
5567 589
673 1704
1719 8364
2973 9832
1921 4373
3916 6817
8526 6214
810 4664
1587 4156
7448 7042
1218 444
8956 4506
3230 2459
388 6425
9101 9544
6809 41
9634 2776
7591 7922
5353 5184
1211 6655
5473 6655
353 7490
117 4906
5583 6345
7627 4518
5057 8175
8265 5904
8993 6373
8416 2006
8394 4201
43 8151
7941 1293
2688 555
1177 2583
2357 3993
1284 8261
6506 3911
2537 6737
3112 5545
7590 9118
1500 9632
4211 3981
8702 6408
8272 8237
945 99
8406 2231
9629 9430
252 5176
3977 358
2999 574
6294 3781
636 1654
4349 8207
6913 6437
4287 6182
7945 8810
9428 3039
4639 8180
6937 3737
6820 5863
2687 2084
9656 3083
689 3707
4479 1562
7706 9927
1131 9632
6040 3137
8237 2338
4060 7459
4952 5089
358 4471
3782 6714
4364 824
3900 1636
6168 3031
5222 355
6894 4314
5306 4632
5742 4830
5873 4437
2834 7989
9287 672
6937 5026
1929 9182
4424 7289
7309 5885
9455 4478
3100 5225
3237 2401
5177 307
2329 6798
4574 4732
7562 2471
9710 229
7745 165
1681 4098
1258 6079
8283 1729
3082 4094
7276 9578
1332 9144
7436 7770
9391 2470
4834 4272
6484 6832
9956 6438
8491 5908
1341 4060
9220 2164
7757 4428
6967 4431
4677 8056
5250 7035
4220 9508
8078 2294
7094 217
6877 5338
1531 7999
9558 2466
8800 7778
1253 4593
8083 1356
8729 7001
959 4737
9592 5597
2362 8225
4359 3300
6621 4030
3677 9502
2635 6986
6149 1331
1600 7355
615 2747
8439 519
4652 7757
2347 1439
8016 5117
3655 4811
4049 6310
2704 9265
1617 6448
1110 2390
4317 8349
9370 4043
4968 345
1244 9142
9277 3773
9191 2972
2749 275
7314 1610
7408 1840
4224 2063
2175 6766
2345 4059
3297 6978
2109 8246
183 8452
1746 7654
9490 2515
906 5788
5770 9601
3237 6999
9902 3444
4702 1883
7732 720
7883 9335
3182 7090
2608 7717
1778 1049
9072 9391
5284 7754
7466 3391
1900 3967
8414 4681
6124 6582
3537 2962
859 4333
1780 9641
2690 9886
3879 8380
6591 7845
5640 1168
5444 7025
333 9943
9307 7412
4990 6326
2428 2355
4270 8094
8298 7026
2244 6914
5661 4780
8598 2383
9908 1921
293 9925
474 7380
5991 9870
109 2597
3412 5991
5392 7348
8839 4659
2243 2470
2265 7251
9202 8325
8095 1292
1400 8510
3385 7675
5256 1700
200 7777
9053 8213
3331 1510
1144 8941
3918 1518
1462 5508
7913 3103
9441 5935
6022 3913
5870 6884
8712 5490
1646 8373
1886 4583
9045 2225
8541 2435
8046 8837
1999 6942
2223 6920
8762 8261
2097 4820
2594 6034
2776 5542
1297 4964
3895 7616
3477 7174
7384 1233
1717 4778
4864 7368
4318 6372
4851 2220
6358 8246
1434 2879
4334 161
5535 3868
5153 3132
8148 3964
844 9508
2594 7969
3782 1533
6454 5092
2079 3932
7162 938
1225 2910
2226 3420
3858 2258
7931 8163
4633 2718
5671 4740
4573 941
4392 6468
8606 3577
4001 241
5286 4739
8700 6359
8522 4947
456 5744
1107 4059
873 4169
6348 6954
6337 9478
1609 9881
5271 8754
3969 3666
3869 4902
7567 2362
6202 4060
363 3342
1262 22
5953 6044
4494 7187
7256 119
2083 7323
658 3792
1137 7165
9729 498
6597 6487
5270 8273
7813 1885
7722 8529
2042 1601
3666 7158
9142 7176
7312 3233
8607 6439
5493 525
5480 699
4179 4794
1493 8382
7081 5155
2826 967
3708 5531
5556 1856
8620 8110
5896 8851
8405 270
7972 1720
2479 9946
4689 4075
4007 5020
1513 8574
4546 9989
4603 9985
6988 9373
7576 4497
553 219
3891 5684
8636 344
7024 2894
4986 5265
4990 4870
1013 7402
9203 2926
8142 6116
7642 5586
3040 5935
205 9164
7673 9600
4419 8462
199 4260
212 940
8929 5826
6230 3077
8266 3383
3500 9966
9672 2968
1101 8715
762 2768
6232 1566
6633 9460
6999 5838
3534 5782
975 4732
6463 7005
5185 2701
9450 3198
8778 2578
290 2157
9721 9802
7833 565
5343 246
1705 1994
5292 726
7665 8211
8507 137
88 4311
1259 5522
2812 3501
9633 6747
6485 9338
193 8356
1692 8495
4061 1188
5570 8617
4590 8610
7193 2798
3730 967
5421 8717
2473 6148
6060 1696
8747 850
1005 6763
4946 5456
629 7572
4719 785
6147 7966
1028 3515
72 6341
3627 5725
622 4147
60 4585
4013 899
7775 4530
5125 2753
3999 4337
7622 1348
2078 7205
6613 9138
9666 3883
9105 1193
5733 9145
9866 25
3795 4216
7671 669
315 862
6003 8871
1727 3645
5379 2212
5443 5600
7710 3915
1684 4410
8338 4627
8007 1727
3612 4694
431 7555
3146 4407
2283 9799
3885 1172
7513 6656
4744 6453
2724 7974
1459 342
4648 7343
3219 5437
5632 1906
903 2389
214 6798
8956 9201
8313 5690
574 1482
6481 9416
431 3855
1440 8495
9430 9853
7662 2945
9222 2647
770 8302
9033 880
1631 4712
9280 1447
7266 7078
3241 3873
2178 8608
9204 8965
8683 8878
5408 9169
6001 4235
5285 5116
1919 1872
3943 841
2826 5010
8321 1028
9089 901
6099 1304
6474 8202
9476 8834
3724 5694
1028 3550
1749 8890
3331 5582
7351 8630
1563 9656
1809 4023
8031 3287
4083 5767
6411 1647
393 9178
7724 6661
1419 4191
9505 1835
8326 8522
3503 3696
2918 3289
6199 9875
8492 5334
2152 2639
5670 5237
4673 1399
4896 6261
589 8230
5507 7438
1015 1067
415 4360
8123 8539
1815 2248
3671 8456
4661 6487
6087 2069
1064 2629
6915 7287
301 9547
1200 9612
6427 3582
3416 9262
278 3019
6793 2713
9965 2954
6564 2360
392 2351
7618 5024
9005 1217
7213 1985
2124 6848
7219 8129
9926 1813
3444 9425
8238 1664
4171 6118
2896 8965
8449 3961
2408 5351
6882 3165
5546 9661
7819 6810
1131 3286
5787 8900
4334 1608
2613 2105
6218 458
3778 6920
1125 7495
7029 7787
7205 6819
8770 1808
1988 9816
2922 7308
4740 8351
6666 5215
9841 1535
6007 1541
451 3485
1366 2618
2411 2527
9141 9605
7036 3484
8789 4529
3210 5704
3371 8798
2644 4183
2634 5794
2546 7704
1067 2991
7072 9891
4341 2675
5895 1646
4139 6316
7761 2874
516 6370
3309 7034
5439 3416
9104 9419
6932 7017
4019 6929
9137 5204
9049 5720
6651 2520
2452 4234
6410 8163
1799 3080
8930 983
2723 1613
3612 2456
8094 8286
796 8241
2387 7334
4422 6718
1799 1813
2102 2361
8583 4953
7559 3499
5139 4446
3929 1001
7918 8766
8136 8158
3540 6734
3690 1359
815 9904
1150 5739
2294 385
5901 1282
1333 6781
3045 2494
4488 2219
8880 3881
9202 581
6603 6168
7271 7426
2706 6749
4985 5631
3312 5694
5463 4805
4929 8844
8568 6585
1189 4491
541 2746
3747 7641
3166 684
5747 1765
199 8337
9532 2730
4054 6644
5825 9059
6997 4883
8744 7541
7898 8671
8847 7798
7150 5346
4708 5674
8903 7980
1426 4118
756 3915
2077 9244
9109 92
5089 1669
1338 4378
2309 2780
9160 6589
128 198
2050 5621
4183 6794
9164 8746
1973 5080
1985 6678
593 1497
6750 200
2549 7490
2396 3410
3805 6066
4376 3331
1031 7782
3006 2100
2793 2865
7576 1715
9509 5355
3876 3622
3083 9136
418 6257
6008 5072
6485 5130
6027 2983
5903 665
9058 8562
7601 7789
5190 1326
5932 4659
5100 2098
3914 8344
2924 4117
6327 3672
308 8028
2674 8890
5121 3383
9415 4725
3642 4475
3527 3412
5132 3732
3065 9884
5154 1637
4942 3197
2542 4551
9116 1594
8021 8008
5911 1042
7217 4909
2482 3737
2562 3172
7153 5381
2886 7566
5607 2850
6421 5920
8054 638
584 4479
8769 7022
6372 3358
3175 5986
4253 7192
9308 7144
5342 7072
9101 4604
3932 303
9377 3433
7563 3520
1389 9536
8761 1718
4804 2275
9210 2943
6597 7420
1761 5274
6437 656
596 4568
2481 9947
8225 9030
3118 4969
1887 6080
7693 7296
9986 5622
186 253
3267 5547
9176 5598
2731 7124
5820 5776
2102 3119
9731 1750
9238 2278
624 9068
8018 289
1874 6959
6829 8416
4859 2027
5918 3109
1270 1207
4206 8774
6619 5402
3284 1848
4147 7451
3028 4326
4875 5636
3087 5771
2041 7740
1370 2359
860 7690
1944 905
34 3410
9355 4724
4690 8727
3325 2028
2957 3721
5023 1107
5316 2713
113 3965
4530 6553
3388 6263
2425 7861
23 6107
8962 428
4337 8604
1413 7948
4397 638
1314 1808
6944 3615
9388 8113
8336 6145
6526 6577
621 9173
5569 9921
7610 311
7920 9583
1087 7015
3627 634
5610 5238
1515 7049
7288 1473
4946 4512
9239 4040
9387 9445
3989 3084
349 1869
5413 8339
8700 6621
4063 3299
8688 2704
8349 9790
926 3986
846 6107
3915 9012
6409 2187
3985 9989
7354 3124
1034 8110
1687 3369
3613 560
1204 1639
890 2026
8620 8876
4806 4973
6807 8656
5281 6435
7849 1631
9915 5380
7310 8628
8673 2645
8834 2559
9021 7270
7535 3791
8117 2807
9943 6796
348 3430
1943 833
3674 1553
9583 1643
1154 4780
1356 7252
4986 9833
7223 204
1693 9419
8890 2505
6472 3456
6342 3525
3191 7956
8820 6759
8758 2575
8427 8238
3321 320
7378 5043
329 3136
6539 8020
8908 5238
2531 519
161 8628
9226 3144
3478 8173
9921 5473
5465 3178
1857 4037
3076 8500
8400 1091
5628 5864
4837 245
9435 546
5934 3525
3926 7904
3477 874
3832 9728
4571 2104
5908 5790
7856 7215
4643 4941
1421 762
6433 2127
8438 680
6918 9796
9438 3557
4094 6938
7481 8337
6872 5584
2940 8480
8909 3059
9838 2920
9620 2703
5439 5407
7529 4107
7879 1270
9404 5473
6280 5792
2139 2618
4357 3693
6402 9807
5002 3246
1809 5171
3059 5576
2886 5879
1015 5406
8013 823
1180 4267
1501 4109
8287 2368
1519 8422
6211 3100
1739 1173
9894 3228
6527 1055
8209 7528
238 2684
4745 8077
6433 2897
1243 8986
5544 7812
8051 7680
5647 8072
5188 6201
8308 7803
8344 976
9253 924
720 4006
3290 9157
9822 7901
9742 8247
6409 9533
8686 774
3398 7394
6354 2967
5440 8270
221 2996
7682 7813
3080 349
5089 1098
5573 4402
5008 7664
4018 5468
3108 647
9406 7193
9446 8895
9136 9900
5222 5046
2352 859
2848 6774
8787 242
5025 6272
4511 7507
8356 8527
144 8795
7007 5802
1239 1633
6527 2305
2895 6240
9439 6241
1117 2030
1931 5475
2257 6529
3925 2681
4206 8889
1369 7483
4754 9014
8922 8225
6587 2627
7026 9484
9969 8253
4632 6331
59 4465
586 2896
1755 5367
8328 4029
924 3664
7090 2820
8388 7572
8644 3603
5374 1251
8829 6362
9126 7791
9198 2364
9301 6948
2837 9751
2403 3112
4234 3515
6974 2091
4259 6599
7426 2691
3130 2705
1109 158
9018 1266
4243 8955
9492 1040
4030 3059
118 8791
1635 4210
2053 8269
8934 4231
9834 1059
6795 1635
8147 3680
2516 3016
2314 9725
9819 2384
4877 2049
9300 2925
3416 9272
3162 8645
164 7329
7750 2299
7584 8560
5942 3930
3718 7644
5057 5399
3048 6647
1870 1039
7681 2127
295 8578
8144 4095
4700 4854
3877 4014
1746 5288
7772 6179
4326 6408
1009 4402
2315 229
6048 436
7346 6426
7876 6373
6913 4168
5890 2334
8172 9691
8853 320
8684 3555
2440 2762
7028 6398
2992 6308
5889 8873
9652 1996
6172 1103
4537 5496
8607 7746
9186 6390
7652 8120
7728 6788
377 1524
8119 3670
2648 8973
6718 5131
3148 9904
1318 5842
4916 9609
873 1623
153 446
7199 6395
4594 29
6122 1690
5891 3395
1816 4627
4519 10
5101 3817
9949 1719
8178 68
1561 7030
5820 708
4998 2897
6567 1850
4068 9732
7955 2798
9624 7359
1910 7977
3690 1213
3948 3629
6257 7765
6839 3487
9246 6442
5396 1574
1037 1805
9155 5882
1714 4167
922 7086
7972 6657
6514 9207
2366 2383
1603 8565
864 5509
7195 2229
3941 478
5747 1419
6037 6730
5153 9691
4776 4967
8162 7509
9809 4075
1394 2075
8364 7469
7845 7091
7369 1715
2311 9603
4081 3860
7731 79
6318 8163
6707 3057
9713 4126
4512 9585
5156 7938
8935 3249
1370 8977
3291 3796
8544 827
339 5371
9548 1254
7832 8895
8010 8018
8174 2127
4907 5716
9087 3020
30 9874
2081 2210
1877 4750
7865 6345
157 9215
7588 6523
2694 8143
5988 3680
2195 3652
1341 760
2277 2391
2488 2299
4762 437
1027 1737
3972 3682
6903 9585
4457 2538
5439 185
4311 1016
8886 1767
8050 6352
9795 2992
7648 2800
1579 6903
9334 2367
4461 8666
4773 8466
2220 4724
5919 6660
3903 8933
6381 8097
3418 1657
4334 8086
8674 8629
7637 7140
6040 4359
6265 7368
4479 1469
1882 59
6813 8374
5482 1740
3396 7194
2942 7247
7417 5443
7595 2424
7152 4169
4428 2310
8120 2269
194 7073
570 3758
9970 4017
4464 5776
891 1190
3863 1156
6674 6772
6304 5079
1656 8308
5142 8396
4057 5010
3253 6371
2694 8010
7046 627
5631 1134
2574 8607
6876 1470
2378 6792
8014 8132
6616 6041
5622 8918
3363 8491
6801 9295
6505 7590
2919 2459
7656 352
7499 7505
6116 7978
2760 8076
1705 8967
9107 5736
823 9506
1628 8879
7449 8654
6982 1225
9380 1603
9818 556
4531 5414
8211 1296
4699 7900
4738 9337
4797 4826
6948 1971
1761 881
3374 4194
5937 6302
1191 7542
7674 8940
1986 5861
9377 1422
7021 8139
8477 741
1592 8819
8591 665
6376 5060
3427 2473
7981 7232
4384 7488
8018 3158
1435 7698
2552 9195
5709 7123
2694 6348
9979 1848
7209 4018
9317 3764
8151 851
5476 1383
2691 3425
9544 3012
8411 4588
6486 8993
4381 6504
1901 1719
2437 1008
1575 6072
984 3282
1229 4750
2309 3170
4360 6830
8801 2258
3237 4564
3419 3689
3511 1296
8193 6712
7497 2928
9615 9876
4301 8399
9443 6501
7084 5505
9704 7121
4361 6534
2948 7599
8186 1510
6123 5276
6732 3721
2636 9514
4696 9931
6382 6598
6324 4661
7820 5045
6056 2912
2077 4834
5871 3207
4037 7502
363 7816
304 3140
9990 9178
9750 1212
1137 3270
9945 2690
963 2745
111 4572
1737 8604
3688 1773
3856 7020
7278 4321
507 9466
3028 9243
6647 7327
4085 7415
8422 2909
7628 3952
110 7211
2240 9770
9927 5312
718 1456
1122 2429
6988 4886
6051 9631
3996 9694
4082 641
8899 6474
3936 1476
3998 5274
2004 2952
6283 2214
229 7693
8306 4049
8293 237
516 7358
9741 9721
5934 1690
7378 3577
7726 7574
7799 5562
2525 4983
5548 4421
7009 4267
71 6312
1311 9237
4343 8366
6771 625
5660 617
5920 2897
1445 5479
5974 2359
6448 5242
2068 41
3741 2189
7612 3634
8548 5811
4217 6641
8356 3947
152 96
7151 9415
6395 7071
2862 5180
9353 6210
7005 2328
3574 6849
2038 5852
2081 5771
7619 5555
9641 837
9750 200
8786 5223
786 5890
7661 9146
5524 5234
4118 5307
4582 8624
6987 6743
350 8862
3764 7634
6447 5260
8365 7467
9640 7977
4474 7531
2039 9481
5350 7187
3349 9244
7489 7012
7492 1100
3762 606
1394 6386
615 1564
6268 2563
9088 3936
1857 2945
4117 8114
6694 9113
9441 2636
5547 865
6175 1146
9963 8512
2993 4739
3137 9947
9511 5147
7470 2916
6448 345
489 839
8792 1735
1229 5558
7805 2983
8976 5128
7191 6947
2021 233
4542 2922
7931 9584
8464 2212
4569 7611
666 693
4662 7540
2283 2583
9726 4146
3684 4680
5419 9626
771 3932
3919 5820
5343 1500
5672 9415
6364 8426
8778 9035
7790 362
7792 6464
5818 2910
2101 2424
2839 2330
4833 4302
4134 9506
4866 9081
6467 2345
7530 7694
1827 6320
925 6549
162 4084
8285 8208
5936 8748
8147 985
9160 179
3914 981
2689 3296
5401 6915
374 5158
4897 5740
3984 5365
8246 3104
7655 7396
5239 7478
6343 4296
5784 6516
4869 3827
2711 6545
116 3025
5795 9050
9045 8353
2003 4791
4572 1918
7969 7191
4388 1180
9177 1309
7034 8349
1957 3713
9025 1410
6616 9695
362 7176
3243 2778
910 2103
780 6449
2569 9506
4779 4843
8802 4658
4563 4490
4365 6731
4544 4313
3326 1270
9874 4532
2245 3921
7398 7384
3545 9357
5312 8233
7025 2826
4346 4813
710 122
2530 1849
7445 4015
2655 7806
8918 7650
6519 3070
8561 2015
515 9015
5606 5399
9161 8391
5251 4554
4535 8266
2519 7099
3435 5359
6048 847
7085 9121
3767 9918
5929 144
650 1160
894 1038
7554 5564
5101 2980
4827 4427
9723 3594
4308 6987
822 4359
4320 5132
1031 6935
2701 1335
8367 5024
7885 5903
7064 7277
6511 8408
4612 4183
2018 5526
9819 2770
7269 8027
1590 6717
2047 251
8418 1751
7231 7467
294 8576
8253 3355
8713 5956
5165 4915
4712 2787
5162 5688
4501 1122
4336 7910
8996 5537
1153 532
7220 8129
8105 8343
9524 1091
690 2762
2705 6474
5063 4660
2320 8567
6977 5205
1800 3318
6826 9435
9893 7857
8994 7774
1757 4794
8363 2601
8141 3306
6511 9112
6711 2356
8306 1205
1478 840
4770 2030
5733 9064
847 8714
3191 1838
7206 2468
1826 6579
1484 48
5282 465
8123 813
4956 9808
2417 1250
5332 6621
7346 1315
4001 2734
6119 879
1212 207
3011 1784
946 5515
7415 9828
1068 1307
4718 5911
506 5891
6595 5464
4065 6216
34 3912
1196 1786
5495 8530
2290 357
6269 5783
2669 2592
7213 4067
8863 1105
1503 5395
3112 9468
5470 9487
4948 7162
346 6736
4909 8314
2002 6463
9967 1588
6394 5578
2442 2930
4722 1836
5687 825
9465 594
945 8401
6663 7528
9113 4222
5943 3651
5741 5109
6708 4497
8802 7546
5136 8402
433 3037
2194 1830
5477 6105
8805 4459
8682 2899
7620 3921
6833 29
9628 64
4922 6415
4971 7846
2976 1621
9161 1150
2857 5538
9540 3584
8088 5808
8444 6432
6428 7903
7604 1415
6531 1130
823 3694
52 3860
5708 5826
2656 5910
8988 1545
2002 2915
7984 1369
2959 4410
7364 4783
2143 169
7074 5529
4660 2073
976 2914
7193 4113
4774 9385
6800 326
9995 5704
5754 8487
2567 899
2363 1007
5619 2573
5134 9291
8861 8324
5383 5236
2945 9997
7899 3453
5997 5163
4335 8439
2137 8522
9778 2109
8958 6333
8053 9088
2243 3950
1492 428
4668 3909
8147 7719
167 4290
2739 8727
3176 221
3939 3667
3863 9622
8129 9265
2741 8322
6421 7010
459 4959
6481 4735
8004 704
1713 6256
7763 8831
3312 259
8235 1952
5051 3099
3714 9893
9284 4472
5465 7310
1685 6290
340 2987
1014 9518
8669 1513
3218 8254
6310 4684
520 5380
4499 3678
7782 4905
8944 1181
6685 835
9620 6831
2154 3153
8337 9964
7767 1113
4331 8335
5448 8376
3382 6208
1308 5497
1154 6310
1521 2111
5561 7979
4218 2312
7924 4553
5381 9843
4303 713
3997 733
734 2087
6378 2292
749 1066
2453 265
3432 9157
5200 6863
5298 855
7569 3435
9816 8234
2519 9991
6251 9221
7533 3336
5804 1233
1762 7124
4932 923
8090 2798
7755 9100
4123 1560
522 5416
5482 3406
1020 3615
4396 534
3318 1310
9670 7482
501 7637
6579 4921
948 9578
4310 2304
2628 4240
9088 303
7452 2124
4904 466
4426 454
5901 7250
6359 9091
7372 3905
7878 4309
1303 2949
7647 2319
2339 1207
1781 4691
4737 6397
516 8452
2167 7949
5829 1934
4294 3617
2889 78
4559 6490
2809 8295
2297 703
4318 4671
2419 3614
2874 6762
1372 5472
5179 1095
346 3362
1367 9215
7696 378
277 4688
651 8831
4227 9983
859 4433
9299 7326
4100 2714
9616 6629
1964 5895
6773 306
7577 1777
4889 2876
9640 4887
8695 41
7359 6085
1671 3639
7529 4129
3904 3964
279 4267
5002 9086
3691 8669
9752 8499
8378 5016
5552 8865
5858 2344
5251 6383
5036 5156
5387 7286
323 2445
1453 3360
6895 5705
1998 6994
8799 6249
356 879
4207 569
7039 7093
2230 7057
8706 8195
4944 4114
395 4275
7705 1067
5894 874
4813 7360
3980 3144
4987 1186
8913 3814
9687 168
4105 8239
6206 604
9491 2993
5931 8811
3075 5064
2502 8028
5823 56
2116 1167
6662 1431
309 3828
7512 9655
7457 419
349 9950
6891 4224
5652 7291
698 5595
5059 7563
326 2577
1592 4996
3580 8127
4849 2929
1673 9034
4164 2766
3810 9816
6418 7617
4445 3915
6540 8344
5572 7968
793 9982
8792 1383
3088 6106
4245 1175
5493 762
5500 2737
78 9154
7082 8124
8562 2852
7296 7045
2777 8382
727 8956
784 5502
5264 3856
7703 1110
2424 6990
8441 2398
9102 46
8999 7351
7208 7765
4018 8122
4936 2794
7964 7107
6983 4879
6604 9878
7649 2616
6148 3234
7312 6382
6036 4832
7098 66
8858 1222
7203 2147
6527 7594
760 2991
4730 5761
2690 1367
6305 3652
19 298
4407 2214
6172 98
9471 5875
2744 2005
2701 2019
6294 1816
3209 6544
817 6537
9302 8994
5394 4534
944 6088
9233 8799
4726 7112
6828 3712
6398 5280
3388 186
1987 3490
6918 5209
5197 2152
5307 185
3942 7774
5790 9898
1633 3283
2266 8308
6020 6459
9726 7941
8440 9357
7356 4326
9951 4095
7578 4048
6392 1594
9782 6659
1916 456
6012 4133
7317 3287
2917 1736
2014 6291
4826 2618
3071 6081
9415 8868
4551 3275
7884 2989
311 8807
8698 1278
8077 2351
3179 7177
8432 7315
4518 7728
1131 3968
3504 5171
396 7636
4592 4244
8010 5114
4982 73
4075 3973
7071 121
6118 3620
947 9544
4543 8638
6430 326
5737 5973
5043 7555
2374 383
5681 1153
7309 7301
9009 7402
4621 528
3426 5667
3811 1720
4742 692
9695 1602
8039 7960
2295 1613
5235 1768
3559 6323
3402 5773
684 8188
8151 671
1870 3038
6184 2756
3852 4713
2546 7483
1781 2853
4995 9727
5149 7802
9497 6636
1756 4046
8690 6224
5378 1934
2722 3845
4625 437
6682 9064
5448 3174
8921 2088
2116 9825
9712 5643
5485 32
9423 4018
5013 4414
3964 5980
7077 1776
1087 3267
5453 1216
3222 3128
1715 8524
6779 2670
555 7834
8417 9276
5451 9993
614 4299
6666 1477
1148 5458
153 141
3176 4426
4544 8117
1245 4432
5885 6954
2619 6268
9067 6846
9301 1089
5506 7047
1771 871
2792 1882
1720 3762
4132 4015
1453 3438
176 976
7627 2585
1798 9835
1005 7171
7968 8950
4404 2578
6745 7081
158 3083
6868 42
586 6163
49 6038
6222 2085
3534 1928
8263 9756
9941 5117
6727 7130
7643 7988
1450 2323
1428 8590
403 4663
8096 1472
1299 2833
9069 578
7268 442
74 7557
3409 9704
2593 5133
8444 8150
1970 3099
3430 6238
4062 8182
9221 2532
6598 7742
157 1063
8151 2226
9201 8111
4028 7675
4595 590
6704 6230
2213 5117
7581 6837
4552 5402
4198 7992
3925 944
4718 3818
1585 15
6411 4823
8432 5852
9390 3330
2441 7554
2166 6371
7289 2710
8745 9014
635 5103
9945 146
8669 7846
540 3532
7430 8453
6537 131
2951 4058
8840 7846
1053 6971
7842 3667
2482 4680
4012 32
6367 1811
3970 3822
3261 5459
5533 676
2018 6919
7680 9353
3452 8048
6622 3669
5772 9056
1868 1339
5700 763
9827 220
2233 9702
5708 4027
8545 4307
4930 5570
2006 8502
8578 8073
2358 7637
8861 7193
9058 4841
9866 2864
2122 9340
8766 5204
2286 7007
9670 9180
3326 9389
1123 7938
2744 5094
8639 8625
5323 9199
19 6217
9134 2698
2070 9160
5635 5688
4958 8127
9986 4973
8694 3639
931 1313
864 3642
6078 471
4900 9851
4118 7445
6324 8707
3255 257
5365 7062
9453 949
5019 9026
4099 9097
8433 6705
8718 6604
8422 3255
6482 2456
9661 3237
4257 3896
1568 5641
5364 3294
5534 147
516 17
3714 3622
2509 6991
4271 16
7766 416
6236 5160
7447 3070
1713 969
9430 2241
6867 9555
2847 8406
6723 6300
8915 956
1600 3749
6184 6476
765 4364
1304 8282
4913 119
3566 692
6377 4991
538 199
2133 6408
6408 2356
3389 2828
5085 2782
2052 4866
8021 1411
4929 47
4406 780
2377 7439
1324 959
4300 5545
7451 2921
2704 4966
7158 9698
4401 709
8928 3379
9022 6356
8110 932
8890 5387
8726 8962
8888 4986
1072 7819
6043 6840
5687 885
551 8571
517 1551
5983 6528
5058 8036
1908 784
3752 7198
2868 6846
5891 4157
309 6875
3934 7867
9935 6749
6790 80
6498 5905
3581 5884
3393 9135
7719 4338
8743 4097
1944 9449
2946 8891
433 8919
2330 4956
6835 6593
8522 2802
7687 5631
1774 4280
908 9465
5867 3060
5867 3882
5339 9928
8754 1824
1322 4609
3459 1193
8087 315
8653 8087
178 970
7781 2779
9580 4313
1126 2491
2659 6260
3431 9781
7882 2853
4290 1616
1763 3840
2424 2200
6800 7932
9675 8400
5664 6296
5155 7087
1498 3685
3514 2729
6105 743
1497 7706
8699 5494
8307 8959
1464 588
5739 8726
9260 4537
4357 947
7496 4458
9703 884
6968 2654
8323 8483
9028 1003
425 1709
3542 3907
1719 2963
627 7405
7309 1771
630 6132
4218 9021
6795 9965
2822 9428
9078 2190
4433 7048
3278 3352
3021 4332
6773 8257
7788 6315
1579 803
7327 6370
7849 7555
4623 2725
8986 1331
1661 126
8291 7472
4442 9736
3007 5141
2774 9001
9617 6125
1773 3970
2408 8645
1715 3185
2350 9192
8429 1917
544 3683
3467 8628
1130 3263
2171 2263
2354 1384
3143 9459
6355 9688
589 5040
4539 3542
9491 9592
1657 3997
4970 9570
7989 3739
1187 9516
5043 5367
1890 5457
3302 6974
4754 2979
9004 228
4392 8500
3182 5643
9105 354
8332 4069
8050 7458
5466 6626
6114 3525
6771 5457
7397 7925
9176 3603
7209 3869
7105 3663
2275 2863
1503 3552
7322 2091
6716 1812
9400 3726
6035 4976
4424 7360
2607 8948
6119 2126
7287 2651
2776 9920
8929 3601
4738 3923
5730 9307
8582 1672
2226 4179
4511 4214
5926 5126
6837 4044
3353 4532
6305 5272
4847 5638
4075 8615
4023 5167
4575 7176
5298 9518
2752 6293
3788 1364
2914 962
2985 9503
3287 531
1976 5674
1001 6698
6064 5945
5972 1588
66 8544
1026 8288
615 7997
5614 8797
5322 3442
1773 2045
1391 8593
9968 5692
8937 1867
741 1287
3325 3066
4008 5561
8336 3368
4115 4722
104 4259
2337 1256
9073 7618
9373 5170
7216 5971
6874 9211
4519 5070
233 2532
5534 4438
1640 4012
7171 6451
9423 1880
4146 390
6096 5504
3520 5724
3986 8962
9939 7928
4202 1887
8148 997
7562 7253
9956 2897
7890 7526
9998 1618
1978 9185
9706 2269
4696 9963
1736 7737
7771 2979
7044 3971
5818 98
6256 4942
1824 7463
1506 8917
6488 499
244 8074
333 9998
669 6238
1730 3831
6573 9117
4797 6028
3096 6515
3714 9178
2536 166
6934 7456
9758 4044
551 1385
6866 2538
5647 4665
7868 5176
5391 745
1083 8623
6633 9812
7212 4725
832 4257
5943 5360
6118 4359
8005 6414
6840 5625
7802 5641
1884 3609
3930 2862
3921 5154
6524 4444
1770 9585
4614 6878
5745 2547
569 1710
1553 5664
9243 4469
7272 4676
7154 2201
4970 8111
1703 9045
7850 3026
4198 2213
2509 6957
5274 8446
7690 9951
2488 399
7026 362
9411 3524
5019 3232
9168 6514
9352 6019
1080 1736
1958 1566
3631 5546
9483 5198
1142 1124
8380 394
5250 9326
6053 3586
8671 2799
337 5651
7837 6688
5062 3204
8781 8746
1867 1867
7908 318
9081 9083
186 3506
6268 1234
5439 5315
4837 2400
9779 6198
1258 9561
4540 1464
6885 9154
8879 1227
6424 3739
2259 392
8656 2498
1221 1701
7158 8880
3986 974
4457 9326
2427 8748
1192 2677
1494 1939
1698 6937
3051 290
1601 559
8959 2254
5602 199
880 7459
4783 5804
9836 2258
2778 3118
105 3033
4271 4439
8983 9875
9237 1455
6719 7848
7377 693
5470 6653
5923 8020
6175 8403
6718 2645
3963 4415
9004 6608
551 9894
3710 4359
1637 8568
2201 8032
1605 6640
9519 6318
8947 4258
4321 4671
8738 6465
9401 6135
8398 8643
7906 2727
5061 8547
386 2320
8892 6203
5327 3133
8400 3601
202 3664
3845 2481
6269 3709
5353 7942
481 2432
1697 1516
3304 2782
2545 8834
1995 9553
9563 6550
9009 782
5267 3021
3270 4389
9221 2650
9345 5250
7985 6970
1919 2363
817 6994
5712 7912
6962 1863
7735 9869
2951 8633
3850 3444
9814 1454
4887 6616
355 7445
7519 3724
9310 2740
2225 8836
6267 1804
983 5572
7138 4560
9815 8393
5299 1992
5196 724
2470 5146
7488 5665
3024 9713
497 9212
6115 7394
9392 1653
905 9934
4129 7798
9775 4825
5879 5205
6590 2183
4449 1768
8671 6857
4541 2263
2449 3014
110 7589
996 3348
9103 4024
5844 2261
2389 2558
7004 1902
5633 8444
6210 6389
4817 9583
3652 1850
3186 8690
7932 1381
2560 16
1640 7227
1039 2130
6620 3406
4483 6742
1144 2280
9736 673
2173 311
1215 7954
1345 6292
5495 1735
7089 7095
4590 8091
6398 7027
2140 4166
3255 3304
3507 3027
4063 958
2444 6215
4007 9133
710 73
3461 8349
8460 8306
220 1888
5507 2356
4552 891
5972 15
6807 9261
6134 3109
5908 874
7843 4332
626 8835
7443 4560
8177 1230
477 7635
4316 6242
9573 7292
8475 9296
2963 3079
3844 6584
2028 9362
3287 9994
2385 3515
6823 7285
1913 9147
5226 5075
6951 854
2087 649
5317 1639
3166 880
9220 6909
2746 9381
2022 105
2849 1066
9458 798
8601 9079
6398 5266
4042 7267
7431 5384
227 7589
3682 391
8079 7772
669 6013
2781 6297
5124 9334
5097 2003
2380 18
9513 7213
802 6817
238 3568
5873 7883
2546 2287
3290 3629
8656 13
2510 5279
3118 7327
7068 4796
2309 8079
2919 2138
197 1718
3427 2248
4029 5908
5995 7152
2451 9451
611 5864
3368 6816
1815 905
6668 6485
2163 1147
8600 2902
6980 9475
2837 5244
3502 6712
482 9157
7391 1498
4234 3378
9941 3966
1477 912
5139 9113
734 4884
5115 2626
2718 5209
7245 1876
9230 6116
766 9603
7419 760
3958 1073
5726 1728
7932 2591
5715 1509
6971 8475
6244 7938
5619 2306
4184 216
2009 3650
4193 2676
7827 678
7671 4713
8936 2381
4015 924
3109 2528
5160 6244
7545 5148
7445 7370
8479 2717
9662 872
1313 6186
8340 5737
253 2539
6625 7937
9879 4933
3180 3645
4073 7070
3369 2821
8771 2961
3548 6488
2149 8054
893 1153
9348 6260
9899 3038
3279 1121
6626 734
5090 7429
1729 1277
5751 532
8271 9216
9287 7398
2358 6018
4481 9765
3903 8144
2739 8225
1199 6514
5368 8020
2086 1638
4330 5486
9821 9921
2516 1704
665 2217
5213 7996
5441 4990
3600 4800
8193 689
2629 1233
8187 3085
5075 6483
2837 8169
7476 5065
8099 9659
6415 1665
314 2764
740 403
7250 7109
9989 4482
610 7407
1317 3380
3147 285
9419 8584
8938 8058
5149 8914
3812 7725
4183 667
7890 1675
3317 1792
8250 5100
8693 893
2863 520
5120 5570
863 1376
7879 3513
9275 5306
272 4158
3570 3698
7849 5634
2577 7859
7032 8650
6377 4938
2256 2310
2818 4953
8448 5911
5806 9238
5434 9548
3254 3053
9461 5464
7224 3340
4091 8475
6898 9757
521 4197
9611 130
63 6174
7254 3901
7694 5725
9179 1178
66 9625
7694 2305
412 6040
4261 9682
8593 7838
9150 5304
5670 8336
1835 960
3341 5680
5683 6798
7306 1898
8859 8771
4663 9355
8640 7074
9302 3415
9358 3820
9161 4712
8690 8448
2386 3155
805 1339
7209 5535
7717 9381
6696 1250
436 143
6256 3648
9544 2298
8791 3702
7113 3162
2258 4726
9904 6234
1485 6838
4623 9473
7601 8220
3097 1676
8076 6247
7522 6775
4284 5144
7375 5206
2332 4276
7583 16
9191 8098
3926 3781
3448 2783
7499 3835
3459 9343
6403 6726
2057 3962
4354 5609
1047 8030
5065 8265
8676 7288
7337 3897
3405 8811
9290 3076
5107 6584
8167 5824
7887 2985
599 9660
363 7873
2157 8379
2744 8481
5567 4428
8173 7765
5302 7863
9819 4115
7444 4166
8467 3036
943 4961
4701 1143
6717 7858
7095 1569
5340 6957
2628 1187
5422 9232
5224 7274
160 295
7579 6623
4702 8839
5135 5951
4792 1284
2850 3159
4989 2788
7410 5148
6271 7415
8569 9046
7076 4408
3854 3447
8453 2833
9909 2413
4442 7443
6570 5419
2256 6414
5658 8825
2093 9970
6259 2620
861 7369
4772 9092
636 4838
8411 7332
804 2591
3036 2119
1753 3543
7327 9664
8118 5075
9651 3306
6057 6770
6610 595
2706 4542
5751 6025
1475 5601
1185 6662
2162 6480
8755 3777
7325 3463
6988 5954
3705 3670
8160 427
6562 1641
9318 8744
7107 1389
2630 1318
4462 9946
2892 3337
1802 2848
4354 1384
9491 3131
6427 7234
4144 4484
8228 808
5329 431
1102 3131
5369 856
8433 1416
9138 105
2810 9162
3700 4536
1884 5750
1882 7867
3386 4928
6395 7548
359 6344
8452 1365
6093 3945
681 7176
4373 5666
8213 594
5363 6291
3517 4112
3827 4111
581 5632
3800 2728
2913 5162
4250 2911
3797 7591
282 7208
1308 3113
4500 138
9525 7267
5036 8368
6496 9351
9980 4790
2541 8786
2591 3342
7773 5927
5251 9022
799 5095
9605 3210
9883 6291
1739 3569
9822 1000
2746 2969
2609 175
8907 6384
7978 4787
60 1967
6427 1946
8147 767
548 3175
4522 7991
1230 4162
1621 5446
1789 6370
6439 6131
3218 3899
70 30
4991 7180
349 6060
9003 6853
3659 9440
3463 9652
8766 2373
127 4995
9994 1565
8484 301
3123 2283
9480 9319
7220 2211
6972 6327
5158 5118
3415 5661
3313 7670
3487 9068
8292 5763
6585 5013
5780 3008
2186 8447
6793 1582
1348 9991
4295 3773
5254 8744
8396 9808
4763 9641
384 6934
6367 8607
9560 5463
887 9867
6645 7026
8317 6761
9393 9297
4144 1416
4556 4591
1216 6145
7408 4297
7990 707
5537 7507
1784 5344
9526 9310
83 4885
383 8524
4928 8601
1734 4418
156 5221
924 8883
6274 7268
9234 4871
9954 5890
7958 9109
3577 2457
226 5213
8429 8772
5677 8130
8610 7759
1508 3244
9747 8561
353 9513
9867 5379
4807 5676
8575 7118
3039 354
58 9672
5451 8359
2442 7467
2259 2382
8140 2927
5488 4842
9721 1801
7663 250
3013 553
933 7308
2977 7627
549 5292
8671 1574
3513 2977
6545 3840
3754 9024
4195 6512
4667 2629
604 631
8864 6244
4795 6819
7011 5993
6957 1661
7206 1470
672 3655
1690 9110
4567 9260
3473 9095
1379 8480
616 9898
1594 7879
2901 2525
6050 7427
1758 6836
6868 8515
3275 5568
4120 4191
4372 199
3643 5900
5664 3795
9485 5967
6642 2489
4041 1632
5028 4025
3955 597
9760 7142
4913 1409
966 5476
4937 6321
7155 9897
5118 2697
1561 3269
3097 7161
8608 8205
7592 561
9831 9237
653 4917
1245 5399
5777 1215
969 739
2384 4992
1650 5715
9246 8024
5765 8717
4424 2925
6981 4927
8050 359
2678 4974
5571 6779
4320 1534
5947 7450
4162 1560
5680 8390
488 3789
563 2234
4534 9389
7263 9709
5998 6868
8119 9597
1372 3137
9618 5922
5228 1576
9587 7380
9749 5337
600 3743
5817 4350
4950 1201
5314 8006
4591 4353
2788 1696
7035 1411
9148 5187
9349 1478
5435 1523
3060 3519
1186 9142
9596 1861
5033 3542
3418 3726
124 6014
6382 7116
1130 3737
7051 7037
5391 1337
7326 5021
2785 5199
527 6766
681 5225
9624 8912
4743 8511
2896 8541
8624 4332
968 3548
4526 3222
3368 3292
4755 467
1365 1630
6350 5345
6993 8184
54 9117
6465 999
2118 8429
4996 6722
2588 1607
4384 1480
1637 3203
2853 1527
7333 6551
897 8480
3092 794
4623 3819
2220 1065
3791 4882
651 6235
2776 3933
3214 8908
7289 9719
9679 63
1093 9247
6509 9334
9468 5503
3645 7939
979 3948
3902 8577
3158 6811
6344 35
9759 1727
7699 2960
9235 7302
6588 6435
6198 5600
525 7441
5463 9129
6367 9024
8965 5664
3740 2952
8262 2324
9512 7924
3092 5115
2359 9520
7676 6586
6631 5952
6600 9800
628 3484
5664 6373
3411 3214
6298 1283
3425 1768
9729 4900
1147 965
5435 4662
3108 5952
2310 2344
2198 6690
4890 8218
8110 5156
1743 9214
2320 9180
9637 2362
5987 1147
1736 8009
9020 8106
3639 1946
3898 1144
1297 3797
1905 3310
8328 9587
1693 2330
7517 1084
8378 8999
3085 9215
3129 845
5117 2525
6724 8086
7547 9769
4754 5781
4041 70
1994 2942
9387 4407
5949 8980
1861 3141
6453 4106
6879 3764
489 2167
7802 389
3886 3902
6483 6614
6509 8206
4628 210
9794 3821
3696 1771
1661 7340
4666 2030
9099 120
7013 2391
7848 5234
9191 4120
2689 8269
7652 7942
7363 1933
7977 1463
5149 4235
8364 5160
2519 2216
549 260
2079 3889
588 1383
2277 3290
647 6045
6445 5458
3994 109
3494 345
1650 1707
6112 4315
6201 7708
4797 814
927 7951
4141 9759
2279 2837
8845 2624
7687 7742
6779 9553
1698 6971
8585 4880
8718 4024
4144 5952
3132 5874
3964 6321
3312 1648
5779 3057
188 3786
7613 7400
5971 3874
4876 8392
6871 722
5408 6730
8928 6134
5917 844
3655 86
304 8663
6283 1109
5881 8885
4860 4659
77 4960
3845 2694
9020 2148
9012 4932
2870 8084
7268 8775
696 4831
8755 5108
8972 1841
3360 7850
8326 9815
6604 7590
1664 1291
6717 3429
7215 5251
1746 9167
3906 7227
9005 579
635 6086
1951 3464
1236 2053
9660 1588
2751 4422
393 5548
9311 1596
7072 5313
358 1753
1222 7532
7054 7858
3280 2001
1933 7231
5967 6104
231 7345
1892 1896
3790 5129
3086 248
1482 6159
9911 7563
2036 9432
249 6875
3927 2245
1604 912
6843 5139
4153 9758
5749 9382
6668 1201
1496 1943
1965 3057
7659 6156
805 6544
3854 6868
4791 3876
8812 3222
6775 9321
3302 8122
7283 1008
9066 9471
5018 8026
3750 5161
2696 699
6635 8385
9775 8906
758 2667
3127 3227
3078 7150
9954 8112
6988 9211
1435 7440
8756 8054
3201 1125
3769 3709
8691 6575
4681 4533
3072 2843
3023 5678
8044 5134
3337 7922
4464 2983
4637 5320
7019 2605
5682 6029
7130 954
8254 7025
792 6025
6533 9719
6537 8750
7784 9225
186 3008
9551 1796
7133 4481
8998 6893
618 83
6498 7456
8092 8813
5495 334
4919 4873
9045 2766
5839 3823
6970 3503
8091 53
4656 3898
3072 9068
9097 3212
1072 5325
7158 7423
3576 62
5725 3936
571 872
2730 5555
9487 3667
779 1960
8501 3605
7331 4920
718 3223
4817 7507
1547 1631
9457 8664
5732 9445
8141 788
2453 6517
6067 971
3022 6534
8650 8790
794 5597
7832 478
236 4992
1474 5379
3485 4946
4660 7222
1429 4456
2391 5799
3318 2806
1121 7347
3562 1148
4900 9741
6221 3725
2124 4381
8129 8835
7623 9167
2410 4195
6902 7095
9619 6032
4660 3745
2454 9840
7852 8670
22 2790
1517 868
5924 7565
3504 5157
6950 4939
8718 7446
654 365
6629 4238
8845 1712
7733 490
6440 9565
6850 1830
9174 8310
2143 7324
4871 4103
2839 2390
1645 1923
5910 6440
1049 7714
6038 2025
435 729
4206 9286
9002 9794
2121 7293
4746 7972
2344 428
2816 7708
77 4077
6910 279
7511 9672
2995 1059
7897 573
5168 2152
5983 1108
8272 5099
5474 6457
4467 6156
2628 7917
6395 5175
3682 3550
3568 2690
2583 3259
517 9705
1527 3545
666 1062
9138 2045
9382 2511
2007 5438
2232 1941
1110 2310
4733 4110
6599 5311
167 218
1376 4344
1761 3244
974 756
9200 9043
8613 6619
7145 9770
390 1912
6696 7051
5281 2743
2233 3636
4871 9809
7533 9123
444 5467
9328 9713
2808 4345
9377 3857
4504 2220
562 2609
3273 5550
3124 9154
6809 588
2282 9942
7661 3909
892 908
6943 7503
3341 5835
5873 8220
603 4341
1329 2626
3380 1552
9468 2689
4205 4265
8320 5628
6226 6393
8614 4387
8330 3818
2326 5596
5440 1693
855 7363
3503 3818
8615 396
9879 201
1547 7587
1930 5102
766 3805
7812 7160
3791 574
2974 4265
1995 4701
8695 429
7303 5651
5327 2343
3005 4266
4372 4444
7827 9221
1376 4960
1518 4798
84 2252
1997 954
2147 4719
7594 1323
5072 2056
5730 3263
4103 5118
7353 2273
2825 4070
5402 2339
9321 1977
3233 6156
6141 5427
8648 9154
9508 9894
2420 6390
6951 9495
3081 6929
8339 6182
3113 9192
9651 6737
5907 4592
7893 871
6729 9877
6570 1012
8718 4254
5647 8862
8969 6868
5022 1067
9699 8182
5105 8379
8764 8265
1431 3692
1031 4016
8395 2463
1593 2611
3919 9488
6629 9257
1833 2924
4311 2200
5653 8605
9704 9118
9456 1513
7334 7958
3368 3847
7366 4504
312 5739
4003 4954
7027 8368
3750 9568
5863 5120
9304 1455
1160 759
7398 8124
7677 1571
4321 670
7458 1984
7633 6785
4961 1336
4606 5840
9999 8899
8338 6596
7370 579
7743 2905
3714 572
6607 2586
9515 9704
5194 5275
5288 3458
3412 6307
4434 1109
6760 2715
4011 5466
5941 4368
8240 1400
9630 6545
4930 8648
819 527
1910 9492
6677 59
9781 7006
4249 6255
9103 5967
3944 7691
4187 7281
5169 7101
947 1168
4588 392
7554 9412
3697 9326
2575 3167
6143 7493
1779 1253
4389 7287
5140 2990
7046 8971
3284 425
1655 3199
1719 8013
1162 6005
3336 3380
6066 7208
6643 9122
1517 6383
7169 4092
3057 3396
6902 4095
9670 8917
2808 9484
2953 490
6203 3163
5642 1808
1563 185
8890 284
9420 5688
6834 2809
6442 6502
2304 9314
7670 6058
7681 7559
6445 1625
7638 2400
7358 9196
941 2195
9758 7411
4131 2732
933 1104
1924 3410
6971 3631
2436 7173
8205 9884
8009 8830
274 9453
6981 1667
3217 2587
602 2464
5905 6118
6927 6924
2868 4563
3742 5743
8986 4469
4453 9395
4306 5887
8948 4799
5898 748
376 4739
9665 927
295 5971
2597 9892
8220 4119
9138 9225
3016 1927
5147 9166
2419 2564
4980 1426
771 199
827 2038
5113 1805
3660 9281
6135 4351
354 5562
6617 7939
3956 5302
5760 1196
2183 2042
9597 904
7037 5028
6465 1181
1839 6362
2637 9568
6847 3180
7264 5510
8490 3876
7991 8270
270 2225
4615 1577
1875 4935
461 2160
9061 730
8922 4342
2403 3194
2072 6517
5476 3708
5286 8596
7112 4528
9067 6127
1444 8045
9859 5661
9516 5537
9180 7826
219 254
3999 6609
6907 9060
9897 7445
7742 1047
7585 5116
3331 3776
2375 7350
4057 6304
2328 2985
2690 4983
6770 175
7293 6787
3359 9763
9215 8065
9704 8649
5675 5318
661 966
3074 6546
3912 6727
6443 1868
1176 8581
8387 4016
9020 4360
1031 2404
7234 5382
8313 8459
4548 2798
937 400
9795 4667
2513 6944
3652 1875
7448 1446
3367 8418
4015 6326
8739 9887
7537 2016
5170 8320
813 6564
3601 2137
876 5076
4010 4175
7496 7526
6721 7495
2918 786
7378 9347
4972 3469
2362 2115
8275 6683
3741 5702
8141 2433
6907 3192
5941 5074
9222 7571
7046 2209
9674 8424
1591 7308
3481 3740
4851 4492
6043 5761
727 1670
3882 1933
7432 3056
3472 1846
4536 9001
8834 6958
7652 4028
9667 9524
7151 7397
4954 4405
5039 3009
5644 3983
8596 7339
1068 2886
4207 7682
708 3970
9542 4697
5243 5421
9704 8738
9825 1923
2226 6450
3787 5224
78 8979
4861 9349
3082 1720
134 2778
9236 2302
3567 4139
6765 2328
2514 2954
7523 3849
9419 5547
2626 681
1222 3896
6809 579
3161 7217
7559 621
6148 3990
8949 3699
3058 5709
7225 3369
6868 6391
9637 9419
23 84
9141 3396
1289 5222
8622 5248
7013 9288
8502 5733
768 6930
8327 3081
9027 5914
8297 2219
7226 1138
2269 2197
3281 952
9706 3676
8019 5043
5829 9330
9480 1471
3179 2543
768 1974
907 9778
5663 6758
417 7639
3414 2165
6083 8802
7925 2098
2287 8791
9448 9281
3274 9607
131 8714
6330 5285
2617 4138
1757 7080
8591 5299
5392 6204
8153 6636
5659 9145
4389 953
7002 5273
7743 7218
3277 5295
1496 929
4077 9630
376 2241
161 6716
3498 7710
7721 2229
706 4479
9648 9492
6810 6112
5684 8717
7728 331
6753 8023
8357 4544
6071 4766
7997 233
172 239
871 231
9260 2981
3560 9641
6314 8328
8528 1287
7895 6179
4897 9687
7949 3020
7967 1843
3323 5897
7209 1030
1292 3434
4631 5671
3138 2331
8547 4438
9450 5385
5126 7003
4828 7107
7461 231
1139 8988
5650 4778
1945 6848
3012 5676
1148 5835
319 2961
9272 2566
6265 5616
7912 2023
9857 3460
4546 8304
9913 3038
4213 9771
7448 2108
4994 6806
4189 2213
2342 8141
9300 1202
147 7112
9959 9306
3916 1278
5101 8942
8602 8153
6959 2268
8548 2972
173 3646
4314 1493
4331 9555
8818 759
1378 6372
2189 1053
3543 9462
1183 804
378 6022
1133 6565
9581 6154
5758 9740
1791 3610
6581 3268
3328 7625
5348 1026
3317 4033
8072 5555
5672 1963
5859 6097
3680 4087
7266 2530
8336 8155
5787 3994
8014 1814
1589 5054
3927 2927
9002 488
3661 7650
6014 3571
7270 1662
1952 7137
6561 5031
9555 8795
8503 3005
5673 3141
9021 6509
7775 7658
1003 9905
7165 9981
9638 3975
9491 4583
9477 9805
4822 4467
4135 3311
5904 7972
3249 8543
4496 2246
8747 6053
1871 642
7968 4901
2657 8994
2494 9570
1140 8339
1014 3298
4094 8904
4123 2552
8030 2068
4398 7595
3600 7834
8614 482
9107 7087
4659 9292
5803 3122
1236 5103
6664 8359
6075 6015
6340 7823
9036 2025
820 9544
7688 5663
6053 2156
9400 8101
1269 3959
9035 3546
2122 2081
5665 8798
8732 5486
8055 9931
3783 9077
1375 3202
6442 9332
6874 7287
4360 3421
2464 5579
5600 8613
8509 4707
6646 9215
9467 7508
8781 8932
4095 5246
3075 802
149 6450
8142 5265
3030 1740
8278 1446
3214 5257
5921 6441
7290 4875
6647 4350
8494 3571
6475 4835
632 9504
7247 2698
6537 2245
1994 6914
2485 7468
1518 2904
7496 2951
1516 7335
8155 4223
8432 5762
5900 7931
676 2420
4667 4287
9654 4289
6113 7545
9134 7296
4113 9956
3836 5835
3458 4912
748 9581
1002 7564
582 8197
9614 3064
8734 4811
7282 1543
3534 9970
8966 8725
1422 1639
3255 510
6771 3924
8066 9906
3563 7501
2987 5144
6549 8390
3351 4794
8800 407
5952 6613
5138 8621
7228 6300
2559 2970
9962 5713
3050 4134
3377 5333
171 747
9076 3445
7211 4670
3641 962
2607 3212
6181 6502
31 1807
1074 6378
8522 7765
7724 3570
5195 1479
1330 7152
4941 2965
3243 6690
6970 3937
8989 9968
2763 8136
2742 396
5513 1192
8634 1693
7302 3021
4214 2080
3284 7953
2893 8104
1668 1256
3675 4895
2657 5371
1422 4247
3777 2154
2520 1267
5404 3140
4526 1864
364 8143
6325 5973
2721 4104
2891 4149
7587 2153
3707 7505
3980 9815
8419 4771
3127 2469
7453 2498
5852 9893
2106 4251
8958 9405
2046 3576
6772 3358
1897 742
6981 5763
4183 1793
6621 9508
3408 1043
9358 6047
8392 9977
1472 3574
6102 4112
308 4596
6142 9609
1820 4193
4083 9980
159 6983
1356 4345
1964 3409
6398 6860
1339 4449
2808 486
2192 5991
6401 1723
7073 5644
7666 2451
9045 3633
93 4347
4101 5528
6151 4857
8251 9299
7877 5915
3982 723
6106 3718
5507 9122
1163 254
9837 6074
275 291
8721 7868
3864 8973
5886 9986
3642 7728
9926 1244
2956 5521
7864 1518
6590 1068
2501 3174
1607 6181
7928 8111
608 4967
7179 1748
1792 2473
8641 5077
5748 6059
6661 2999
8322 2193
9061 2450
2569 9473
6692 2767
6749 730
8484 892
1736 5541
3236 3517
7915 9302
9945 9435
3539 2076
86 9980
5600 9953
7495 5960
1215 3650
4075 7175
5755 3083
9817 592
4818 6272
4039 1836
5738 2053
7501 8279
1556 5392
4328 2365
254 1497
1941 9549
4559 3952
6986 5750
9319 1924
5995 532
6702 1777
5262 381
1607 1958
5615 47
3979 6130
2501 877
9974 2620
3202 1257
8786 8506
1748 6898
7581 7642
8183 6749
44 5088
7945 1055
5746 6532
112 4742
8995 570
4233 4214
3523 8145
3684 5444
2972 8173
2905 8215
9149 4546
6997 2263
5921 3294
5662 3245
1147 6085
1811 3213
9731 3508
4734 1354
6269 1358
9192 629
7402 4887
3649 362
2298 4810
4439 1929
259 7744
7221 6230
263 5967
680 5832
7503 6400
9336 2384
8973 1011
1476 5258
9095 9419
8133 5011
7526 3100
9273 9321
2629 2156
334 3978
1286 6479
2619 49
8801 185
4446 5801
998 5169
2505 1463
1719 2531
4106 1174
770 3990
4902 3963
4240 5134
1952 17
3796 5908
5094 6998
2186 3811
5394 9462
8377 7033
9909 269
3261 2628
5118 4220
4082 7793
1494 8206
4592 3601
6427 6067
5668 1021
5571 1367
151 5223
5907 4843
8690 9966
7049 7521
510 6799
8484 6506
788 4401
6514 3318
8696 7913
1696 835
7745 8463
3185 9266
4179 1990
2000 3707
7009 7090
6028 7970
1708 5788
6939 3780
7859 4483
8153 7465
8382 1069
9224 629
8594 1830
960 5687
4502 3014
2639 3113
3953 8401
3854 1564
2562 3069
5921 9563
9849 2007
9308 1403
4689 9314
4690 5503
6847 8250
6946 619
1697 93
3611 7086
5917 2865
9776 2533
6580 3929
8230 3735
3623 4725
5751 9020
2565 6213
3989 680
8068 4443
33 4087
2159 7649
8746 5318
4440 1954
7068 7481
2915 4859
6019 3165
2521 4637
9242 9118
1851 3882
5245 1893
1988 5157
9243 9722
9495 2579
3216 6053
7229 788
2228 2943
1303 4506
2563 7454
8501 216
6764 5763
1224 246
9219 5032
5457 1604
4654 848
3226 4952
6429 4192
1766 8978
7081 8189
5980 4580
5214 5531
2317 5711
1430 7349
9824 4212
1303 7396
8867 7687
1585 1154
2930 286
6778 3534
9111 7589
5371 4185
6908 1623
5355 7089
4791 2833
1125 8912
6862 6242
692 7429
7710 4285
8574 4099
96 5914
3909 4115
9791 2728
9462 1318
4707 4316
4721 9782
4307 7026
9980 4443
6364 923
2186 8943
9057 6758
2356 9242
9771 5523
1018 4918
2173 6802
5108 3787
7042 8021
8388 7445
5434 6293
5780 1641
211 7672
9732 4016
8387 3329
3626 9135
9454 4382
1693 8737
6425 9145
1943 5057
1247 7770
3388 8190
5348 3743
2364 7684
41 1533
9717 5087
9855 2198
5401 5094
3631 6213
7207 9679
7557 7466
6538 3873
4372 2022
1995 6142
9674 619
6470 7761
7732 5964
9372 1184
3827 5460
4709 7210
7330 6977
5329 7092
3717 9071
8249 2186
8502 1241
7310 7625
2903 1849
2507 5164
6999 9781
8660 5339
5121 7728
8519 8148
1689 9801
8605 56
1753 3108
1110 1459
3455 7491
8171 5181
6409 8266
6586 5566
7553 1833
9379 1236
9395 9839
9220 8178
5884 2545
8323 9446
810 2280
1849 9454
6595 2468
1091 2752
8354 9818
1793 9505
5823 6746
1204 2068
9389 8559
5812 3786
2570 8130
6108 1514
4397 5869
8672 6251
8045 611
8363 3959
519 624
9952 17
1879 6921
1815 8406
8977 9595
6155 8179
5365 6988
321 763
3807 6316
9958 5561
4965 5725
3943 8185
5786 2970
3849 6372
6661 5291
8362 2244
7536 1316
7748 6049
5540 7205
4655 3836
9218 5233
6333 408
69 1967
4821 265
5021 2768
4771 4814
9432 137
6840 989
7098 3092
3040 3348
6022 559
4087 6563
793 8423
5216 6526
9818 6651
3577 2172
4774 22
3718 6504
9874 665
4121 2454
879 5708
8778 2599
1636 8643
4010 9247
5359 6913
4198 2950
2301 712
7777 8546
1614 5724
9981 6311
987 8581
9657 8186
2925 6871
6738 1869
8203 3336
137 3109
1617 6661
6932 9595
8773 8277
9204 1204
6463 6640
2031 5396
4379 8937
9561 8835
8817 6652
63 3443
5572 4871
7590 2830
2855 9435
2193 7717
6817 9997
4576 8460
2590 7150
2111 2823
9159 1874
3671 2606
9925 1075
8688 246
3525 2596
3249 6837
7449 1526
2756 1340
6305 9865
9266 8772
7547 2402
8009 8665
678 4749
262 4507
9522 9399
3504 5459
8701 8812
1908 6042
6417 8579
9635 6737
643 618
3674 9236
6818 3082
6321 2720
4874 3691
9704 9660
7484 1471
8234 3217
6848 946
1018 5319
5189 6400
2075 9006
1601 9871
2903 9275
6497 7939
6440 3313
3322 6353
5628 9909
9547 3734
641 7057
235 6692
5349 961
4567 7318
2970 7637
8252 5760
6383 922
58 2545
6979 4785
7051 5827
4122 1692
8857 6937
1510 5524
7116 4566
7153 2978
4415 8808
5672 5442
8676 7755
140 8781
7662 2908
3899 9973
3534 5551
6194 5450
8502 7051
6687 6626
913 2034
6710 1052
2115 5001
2053 3128
6922 7823
4321 9390
2305 4597
1528 4252
3656 8286
5693 347
9102 6532
1342 4682
6101 494
4722 6110
286 6523
6914 9030
3197 6421
711 9570
9761 7314
1594 8802
2340 9197
6400 2054
5422 1856
5348 5998
5083 6549
702 894
1265 978
4330 4770
2644 5478
3867 474
1131 7957
782 5924
8171 1009
6031 702
1144 1991
8815 5589
5365 7239
7986 8667
3416 7230
2591 1402
660 4767
5287 6145
472 3813
5883 2040
2843 9958
8290 175
8671 6092
395 1972
8522 8418
3234 8131
7110 4684
2832 4189
3362 6209
4415 6440
3007 8015
5121 6492
8544 948
6114 3399
3801 2240
4809 700
8413 6600
495 3011
789 9574
3793 1558
7667 7422
4207 8159
254 6184
4996 4794
9275 6943
9974 652
8886 8773
2752 3836
33 3916
9340 3790
9893 2465
6267 9524
4901 2158
5902 6559
3271 5137
2089 7959
4031 4563
9837 4942
4627 1867
4602 5274
7951 8991
3062 299
2446 8739
82 1810
2868 4188
4982 8911
322 7598
1222 3666
8769 9189
9129 6770
4698 8311
1668 456
1499 2946
8787 1596
4816 462
2797 3468
4393 206
6775 2845
3798 6309
6346 5827
705 7809
8619 7892
5220 2735
57 6795
5059 6302
5168 3256
4447 2549
7959 416
6653 2377
375 9759
978 8024
681 5161
7998 994
1216 6784
617 5819
3883 932
7490 8074
5996 1242
9406 9716
648 8400
5351 265
5794 7525
1843 2497
5569 9516
5671 806
7819 5770
9244 4399
8117 3432
4558 3445
8925 8473
9800 4542
6137 8092
6683 8379
8105 4351
1227 3422
6106 3416
4353 1129
6526 7227
5081 2494
5329 1187
5698 9129
9364 4744
1951 9378
2512 9260
9353 442
6455 9179
4372 6951
2847 506
6282 4418
6782 2607
6138 7045
6919 2506
4716 4709
3811 1717
4255 3505
8784 8080
6983 9541
2751 549
5763 5936
5441 8871
4981 6939
6475 5748
5803 8537
9196 2636
6398 5193
1329 6375
8169 3180
4902 5889
5789 4199
9429 6370
2032 1380
5250 6201
7927 4386
771 8675
128 1130
3309 3249
1917 7668
6116 7538
9770 1289
1170 9936
1331 6670
3353 4615
7669 688
8983 6187
7939 5199
3286 8956
6963 8466
3131 4341
4036 8840
1776 1715
4653 7811
9245 3151
8378 6197
6372 2383
3811 353
9743 8176
3091 8669
1058 3371
4963 3043
1096 4181
4709 1859
2555 3285
9142 9697
3941 1333
7030 9358
2085 3537
7609 1014
149 4594
779 7017
8795 9719
9588 3646
5188 4596
2226 8328
4920 7134
2750 7864
8288 8458
4523 7237
4477 3648
1629 9721
9759 4472
712 3370
9835 7879
5613 7697
3136 9415
4400 2996
1984 1052
19 7618
1562 8210
3169 588
7282 5138
5566 4706
1541 3640
710 1997
2107 136
2045 2236
3674 7990
1280 4823
1334 8320
842 5343
962 9634
3083 7159
5708 5462
5679 382
2307 2190
8958 1650
5423 3397
1632 6730
8143 9328
2481 6419
6997 7346
2293 6107
6159 2785
1442 6089
5742 5588
9488 3721
4963 4263
1672 8050
979 2573
5385 1790
2621 5062
6063 6770
6071 1748
655 3823
1070 4767
274 7649
1774 1956
5807 7446
6329 7853
4441 9995
3876 7470
8370 92
5931 8188
6980 9398
8446 7271
8992 3204
9036 7783
6388 6522
1841 9102
3078 785
2674 7279
6979 6255
4100 6870
1397 6150
7255 8735
9028 9841
3472 452
5430 8456
8891 4817
68 4892
2876 9764
3064 7342
7713 278
6934 4827
3039 3599
3057 6630
4473 4918
7849 9598
1809 6461
7706 5273
6778 6409
8355 3013
9765 8043
3629 5526
682 4851
2950 9724
5564 7888
7874 5403
8123 1880
5188 4983
4446 5902
3858 2847
9356 1541
3455 9441
198 6702
7315 8818
9513 1058
7920 9961
7314 6516
1162 9492
3873 527
8909 9083
109 9484
9465 7344
8502 3918
7247 6936
1385 3699
2818 7568
5428 9730
1913 1452
8455 5940
5955 6615
9044 2735
5410 797
2276 1573
9746 454
2841 4664
9080 507
6941 2364
4246 6120
8717 8984
4235 8594
6368 2788
6196 7409
2420 5508
8214 1803
8994 3385
3742 8227
2652 8291
1551 9062
5337 7550
2963 5676
8146 8762
6028 3233
2435 3267
6750 8035
491 3111
4930 5972
4726 8260
4233 9467
4929 9063
5911 5055
1536 1917
7114 4578
7449 8756
2580 287
4761 6084
1099 5298
347 2824
5641 8136
3652 9413
1583 7565
1223 2265
3072 7214
7756 9252
4043 3831
4394 3408
353 9259
543 5651
6742 7942
1991 4822
3071 3830
6408 6312
8732 5298
3410 9805
5941 6939
6421 890
3604 2285
3854 8113
2967 5821
6692 9555
2913 7680
4483 6654
642 3602
7732 189
7755 4951
4173 5092
2758 5773
165 66
9417 9451
1729 1952
3553 2980
1863 8845
142 2929
8983 3789
7537 2160
41 7770
8167 7411
4440 2545
8258 8612
2396 9167
3158 1345
7021 1848
3798 7793
9349 1038
9263 7750
2645 3377
9572 8922
8167 5855
1294 6460
4112 4596
9514 209
6085 1060
8124 3971
1654 2268
799 3694
8575 5875
2240 5818
3300 9846
8632 6549
5716 6439
6913 2566
1711 3089
4898 1430
2232 338
6215 1320
2026 1197
2530 9373
1757 171
3316 5250
6932 6057
1041 5322
1884 6611
7619 2820
2142 4510
5454 5313
9811 2307
2796 7109
3264 539
7967 1961
5483 6972
5530 2624
994 2953
7156 7089
5979 9365
3369 6218
5955 7617
4653 235
8196 5729
8225 5417
3205 1215
2070 5133
5167 6202
531 2320
2189 5552
581 1363
8946 2116
3149 8715
3889 2253
7040 824
6931 7370
9982 4343
8326 6023
5585 9809
5185 9068
6178 868
2312 559
7266 9781
1151 4487
5917 104
9993 5802
6357 2227
9310 1439
2828 6584
13 1023
9068 3955
1964 9205
9131 4323
7299 9648
8822 109
2349 8422
4030 4268
7634 7874
1687 4625
458 571
8815 2341
2773 3715
8531 6313
7119 7378
8813 6505
8886 807
7523 9287
3111 3332
9911 1447
3436 5009
8383 962
4122 8123
1349 2805
7619 7664
6810 5705
934 4030
7019 7656
6870 4494
5342 9443
8928 9433
697 5642
9292 8766
8942 7603
6733 7709
8049 4326
6898 9758
780 5247
3254 2407
3673 3775
541 1486
8635 2255
5739 741
9469 9408
6569 9648
3365 1763
6781 9438
819 2353
5995 9652
8568 9570
3633 9136
9120 4763
5175 1278
8154 2435
7441 1807
2875 6090
1638 357
8621 540
2966 6311
9243 9635
6486 6496
587 7868
1452 5852
6323 8457
8549 1287
8214 4077
1148 6672
2253 2646
8458 2045
7528 2757
4712 6717
7690 2573
9918 2121
5517 9730
1101 5683
6288 2670
3064 1176
6014 9201
4799 5754
5126 4901
6954 798
127 267
8815 2865
1373 6661
3336 590
4494 7808
684 6935
5148 5579
1105 5016
8505 222
8111 1864
2452 7750
7549 4816
4485 2514
8054 1027
4290 6294
2620 7602
5700 1680
6684 746
4445 6956
4181 4824
8482 5344
5118 7572
926 8913
4589 3732
8257 1581
6045 4287
4186 9769
6911 3112
156 1085
8768 4972
7025 2205
149 8585
622 7503
4238 961
5109 4250
9008 5353
898 1926
653 7231
4943 8084
6276 7527
3066 2851
3574 2763
5723 104
823 1379
3182 1648
3657 6574
1844 1949
7503 6946
391 3824
721 86
9299 3338
9099 6486
8555 1374
4203 9737
4205 9839
4476 5969
9011 9650
705 1013
6178 6377
7001 4326
5728 479
7408 3976
2293 1278
9537 5052
3426 6057
4579 1670
1991 4386
7632 6927
5744 1037
2215 3167
4663 2236
4270 9064
1945 6752
2901 5685
1605 533
1099 2792
8189 257
9270 8759
6262 2247
9045 4812
5238 1670
9521 3258
9712 4844
4304 8180
6182 6138
502 43
8665 4164
8021 9546
821 442
7796 5513
2430 4848
8207 146
9278 6847
7801 9859
9167 3229
9126 828
2139 3522
3592 2259
6262 8844
6497 829
2504 4944
6711 8689
2085 8361
9172 5605
33 4347
8887 5480
4442 9897
6534 8706
2635 8853
5025 2138
9173 278
7286 6639
6138 4428
4091 2148
7726 8314
2536 7906
8679 9159
3530 5448
7355 277
2475 9285
2414 462
304 2674
988 2875
283 8532
6643 5989
7471 2396
3206 2133
3537 5994
2209 8616
4304 6873
3923 7115
2246 9846
5071 6572
5195 5033
7834 7283
2111 1311
3377 9908
8459 6957
5315 7741
2348 3327
7895 9120
2798 3543
1619 7066
4333 348
5288 2503
818 7793
7756 455
7448 8538
2065 9007
2153 8415
2348 2693
222 4122
1512 8234
1966 9433
93 1899
6533 2383
255 5463
246 6658
3024 2694
968 2064
4439 4392
6895 1045
9348 2353
8966 2749
7831 3106
373 3691
1246 7177
6635 4882
8949 8927
9386 4399
6332 3558
604 4294
8837 216
2418 7234
7063 3850
9837 8049
8677 1676
1087 1979
2866 6841
2873 8185
4209 4699
4596 419
4399 8543
446 5638
969 5917
4176 6759
492 7030
9057 18
9246 8611
7145 9674
1017 4137
1480 9976
7874 1302
3166 6619
9594 1022
9033 7983
4741 4194
8047 6955
3244 6347
9594 3815
2697 4654
6892 7480
9418 6251
6829 3701
920 4041
3241 2767
3853 658
6057 4223
3840 3584
9904 3638
6694 4709
8310 8334
9173 5051
4652 3446
3462 9875
4659 9908
9706 5401
1807 9022
5768 3357
3082 7968
7099 169
8389 2466
9194 7608
3431 1745
6475 8433
6269 6648
8897 3503
2096 1283
2681 8210
6036 6321
3832 6715
5676 3092
1937 1210
2600 210
2614 665
3096 4333
916 2934
8307 1095
8708 8176
4421 2278
9424 9934
3327 7611
1115 9110
9016 6377
3000 4484
3112 8492
2419 3625
3055 9050
5669 6415
6436 3471
390 1728
8476 4968
1325 4817
6027 1340
4336 9653
9275 6375
1787 6176
7224 7489
9964 5346
8947 8280
2104 6503
6060 179
1692 703
7688 4246
7401 9375
5442 848
5193 5383
849 5316
4890 6457
3413 2937
7412 4223
7040 8129
1256 6101
5857 9628
5855 6500
7693 9845
5741 2161
2465 2794
4789 6592
7176 2944
787 208
5088 4205
776 9738
2804 876
4410 1434
3330 1124
5125 6427
7205 7416
6278 8939
259 9654
2007 6412
4062 8595
903 7826
5477 4440
9058 6766
7788 1637
658 3709
4970 6762
4144 7785
256 4079
3262 4460
6656 6641
4759 231
6935 6450
7718 9998
9093 2218
1521 8228
799 3099
3552 8447
4265 8463
968 4200
5478 2405
525 7517
3656 5136
8183 4619
2056 8507
2540 9410
8108 9870
2084 976
9203 7787
4352 2477
8586 4856
6631 2609
8870 4295
9066 1399
9169 4758
8495 5497
3054 7421
4518 9176
4419 6456
9338 473
9738 775
838 9972
7212 49
130 3009
6687 1076
6885 9403
6517 5514
2508 9585
4795 588
5872 9109
5005 4697
1189 3228
6774 3930
5692 1698
5042 4695
5405 3172
6295 7256
5447 4239
3407 6337
4308 6952
7359 6069
7959 5830
6129 3647
5626 4002
9477 7698
534 3851
9700 1527
148 8721
4254 8704
4855 9175
7502 9032
6867 9249
8890 9382
7622 7048
7767 905
3043 3578
7196 5287
1433 1950
3068 7709
7638 4283
6570 2573
8865 9413
1291 315
5850 5302
2437 90
6585 3295
6016 9462
6032 419
3637 1671
2895 8913
1136 6957
1274 3634
7465 3397
1275 4068
5311 6123
2982 3674
8799 2800
6069 7772
8861 5284
3596 2562
375 1999
9350 2201
3524 3887
6398 7781
2394 9700
4012 2962
5648 4469
8169 1182
1701 2485
2318 4004
5141 3669
8043 2211
8578 2125
4552 6264
8355 8490
892 1870
8185 8830
430 5362
3477 1342
3178 1149
8203 9606
849 9836
480 7635
6953 9639
6982 7114
5833 5977
1098 5470
6647 9142
2829 6398
3940 5422
3843 3006
1064 5930
5213 7857
7156 683
5148 970
6862 4847
4669 7992
3521 2761
4226 6036
3219 377
4423 3897
2328 9495
2209 3386
6229 9120
7359 3854
7441 7022
5971 8713
7599 5168
6832 8425
8189 2795
4441 8945
567 8428
9813 2947
944 841
2949 1513
1639 8359
8988 2497
9020 7613
76 6265
6213 4128
7545 6990
7573 4761
1488 7522
337 8200
5727 2959
5179 8968
182 401
1960 8747
6688 3500
406 9089
676 5606
250 3632
7791 6304
3858 1808
6337 8444
6310 2501
3976 2909
3613 2798
733 1611
5611 8320
4755 8046
5124 3537
3596 2784
6171 5899
3218 8493
8367 3291
6004 3582
6153 9147
9634 2491
3694 8757
6256 5878
5372 8940
1399 1616
126 4040
1398 8251
4654 5754
1300 2911
210 5138
7925 854
322 7478
5599 4412
7552 7884
8402 7787
8845 5470
6345 9640
9752 3142
6659 6383
1010 5962
7607 2759
1133 6375
8526 6082
7131 2909
2797 4384
2504 5731
4747 5863
9054 9525
9288 7612
7869 6407
2440 3996
8784 2658
6194 2873
9378 1608
1734 6310
6024 6290
7173 7945
1294 4456
6369 9603
9685 9018
3280 3583
8380 4413
6888 5949
7862 7272
7044 862
3219 3058
6570 2507
9896 526
2041 171
3243 1198
5559 9933
351 680
9118 4655
9261 937
5835 3967
3277 3027
3698 1194
4249 4411
9329 8605
4133 7943
6421 1085
8022 3565
758 4490
1104 1515
2883 4790
7453 4810
6338 9120
1269 6946
7514 7740
8416 6852
9934 7687
4547 6822
8817 6002
5877 4748
4606 953
526 4437
698 9631
7587 4219
2521 2629
1931 6986
3284 869
3109 1076
9080 913
8487 8019
3641 4490
6477 1779
8534 7576
2757 188
9982 4078
4195 1366
7712 2389
9657 4303
9628 6272
9867 6535
1301 7321
3257 5992
5467 7540
6733 637
8493 73
5711 4185
2694 588
3806 9059
708 7823
591 4905
8938 3748
3762 9306
7122 3906
5847 5957
8922 1201
3030 1088
4902 5651
4538 3016
5322 8961
8116 609
7630 9452
28 6602
4758 7658
7482 9183
5108 2403
4100 9595
6261 6273
2601 1445
8194 5170
4255 8533
3119 2491
6532 4014
4836 8923
5816 8540
5287 257
6475 2217
3498 2132
4057 8297
5944 153
5645 8693
6493 9760
3419 5886
133 8766
9537 1084
9155 6031
1171 3874
3087 2178
3371 9419
8184 528
1236 9441
3372 8353
2482 3386
5903 2230
2563 1549
7617 9323
594 4825
772 7966
4012 514
915 1261
9866 8095
5873 7944
4717 5101
2242 3738
1599 8791
4876 3543
8862 3178
8177 7711
8606 4463
3704 9874
5246 4089
7125 3412
4397 8982
1084 6804
2713 2931
9410 7638
2228 4530
2185 2516
8192 9793
8889 53
3276 5565
8971 9682
6742 2010
7790 5170
1524 3943
6014 2528
930 4517
5161 7199
6192 5372
9023 2908
5773 8086
2457 1114
6978 4082
9350 7829
5683 4992
4882 7095
3932 6668
993 1363
7729 853
4811 8312
2892 2921
9100 2268
8629 3586
424 13
6981 684
1502 617
8269 8747
5263 9180
9534 4007
1857 9948
5924 7888
8773 2753
7896 2454
224 587
2442 8036
5131 6024
5540 5824
9018 8817
8808 6945
7089 6691
209 1667
1550 3726
3949 9675
5625 5715
852 4226
1088 3522
9366 4043
9279 4806
8565 3187
857 7524
2660 592
2747 6232
6441 9265
1483 2524
9256 9673
5667 1122
4214 189
9419 8911
9793 5943
1324 9738
9681 556
1011 3471
9727 9967
2106 4996
9446 5810
9641 8841
4516 145
5269 7740
2858 8362
7955 7369
1325 2876
5213 1350
5642 5452
3312 7489
8381 6411
3089 6670
3232 7718
444 5285
4849 6790
821 2122
8570 8887
5521 2828
6388 686
7330 5068
1674 279
5646 8355
4379 7290
1792 3016
6424 6360
802 1604
6165 5484
8271 794
842 3153
6470 6276
8825 152
4590 1977
5830 7476
3979 9600
6066 1159
1335 5478
6853 800
4931 2979
1751 1107
6772 1908
318 6368
2039 2036
3339 2157
1319 9704
1493 6648
5104 8877
967 7194
3713 8968
490 8260
8809 8992
3255 7237
5572 5132
154 9168
2827 2772
7306 575
9691 471
267 8878
3814 9103
8800 3977
2497 9442
4387 8956
3990 1526
8032 1995
6627 4714
2247 7731
2771 9492
6205 9196
6371 6270
5562 495
9520 845
9062 2056
768 7910
3013 2204
6265 3441
7658 8971
4182 7040
8117 3775
8306 6146
3419 7025
4906 8229
6105 4103
2794 6722
4533 3941
2624 9056
8552 2105
3981 2844
969 8240
453 7256
4189 6443
7029 4117
9849 4939
9890 7573
9843 366
2171 5971
2537 1667
9464 1224
828 8966
7899 2889
1154 7690
2132 6595
9474 4954
6101 4915
4806 5117
9574 414
2738 1911
5412 3566
5390 8483
1122 5503
1962 2954
889 6092
2751 9010
4921 4198
3036 9956
1774 6750
920 479
3746 1572
5407 73
4349 8563
3352 8060
381 631
7779 2683
7853 2934
6627 796
2273 607
2038 5323
6714 2436
8691 1767
3420 8154
8136 4190
7499 4278
4608 7701
373 1958
7765 4025
6936 1683
8704 6858
5389 2957
1455 9002
7369 1719
7923 9675
6501 297
2592 6820
8682 1854
6466 1639
7625 8331
1899 2277
5347 7025
2527 2285
3111 465
3442 6604
5343 442
8745 4614
4398 9323
2721 901
3555 5320
9844 88
3805 2968
524 4939
4313 6688
9585 6688
6848 1628
8106 1090
7820 723
7174 8091
4253 5355
9038 6527
8192 3033
6733 1816
1117 6002
5709 5554
8634 9388
5880 5982
9978 6469
4489 2760
1789 5292
2672 5750
3122 7587
2517 4213
7157 6704
8328 2143
7077 4375
5667 3124
1603 2300
5379 2433
2806 2791
241 1782
9290 5053
2869 7527
7340 434
9185 9415
7008 2172
9423 8097
7386 1174
2550 8077
7025 4587
9739 829
6689 1310
6887 4401
3978 974
3282 3493
4214 876
5735 7157
3943 7801
6880 4028
1464 4292
1693 1527
6078 3908
7267 1170
4252 5849
8833 2112
1158 2271
3576 8781
5139 2697
9858 7836
9954 4810
6738 2296
3794 2954
9383 5396
6296 1789
8018 8221
9701 3818
2844 7701
3197 5202
5670 4809
322 31
5757 2244
363 2104
8128 838
8197 3818
5744 8800
186 9696
15 382
5658 1341
1493 954
6986 4916
2466 3178
7412 9948
415 4694
3453 6767
3259 5564
4445 52
2839 4971
6792 5386
5844 864
7496 5690
4614 2002
8963 7343
4416 1565
1284 1965
6198 2962
9972 6446
3819 9074
2674 4505
9712 6076
3451 8596
7015 3175
4134 6514
1188 8821
8134 8605
1095 694
9644 8393
8447 1788
9021 8996
3843 5371
1282 2600
123 2537
4899 5237
7554 990
7846 6897
5978 8127
1964 6268
221 3218
7113 9635
23 9550
8906 1807
3809 7183
8491 7688
3725 4816
1665 6926
8907 8169
2476 7514
2528 5064
1270 9343
1784 8963
7161 2355
2252 5554
5347 2188
2425 4108
8036 2539
3183 9784
8182 7143
690 9553
5315 6835
3081 6698
1503 5132
5402 1850
7161 4385
2759 8160
3891 679
9448 180
1868 7132
990 2586
9256 7589
8546 3143
9725 1079
7929 4613
7589 1935
4018 9257
5995 3481
9191 1047
8128 7530
3908 9097
8590 4813
8999 9038
8624 1157
2133 3244
90 563
232 9136
3603 6866
9278 8973
9389 5802
5152 780
4490 4914
7004 6038
8619 1507
3941 153
5481 2413
3286 8770
6311 8228
5737 2916
9025 3127
5889 5660
2565 8990
2726 1055
8637 2638
1180 5185
8806 8199
6245 6610
3777 7019
3880 6916
7245 6284
4542 7163
8954 256
4843 9675
8404 8457
6620 9854
15 1638
2644 143
2714 8385
6268 2352
8011 7376
500 7893
7285 4065
856 5975
9584 8534
1504 4418
5666 132
5930 4744
8858 2234
8332 5237
5238 9673
9065 2422
9478 6412
336 9203
400 3046
2215 3421
9124 3869
8783 7077
2056 3281
633 9695
9722 1736
6753 2802
1695 5826
7758 5782
9333 4738
4306 6428
3194 7607
5406 596
9379 9336
4455 9964
2467 4084
3095 8674
3461 5675
5159 4728
4008 1362
2932 1845
504 230
9197 1733
5831 7397
1283 3736
29 2068
7880 7483
2715 1722
1992 8571
8079 7788
8108 8164
2437 2727
5500 7670
9296 2592
8560 4256
4577 5514
5523 6695
8056 6385
9887 212
7884 3249
176 5480
7241 3185
8823 9101
4347 1598
9852 3363
2989 3986
4210 2699
2980 1511
594 3241
1088 8257
5006 272
1288 2443
4980 1809
616 6987
2161 3690
5078 9539
8604 4454
142 3346
57 9330
3617 7004
2597 2825
2450 4898
7798 1849
426 8740
9399 7321
5552 4543
3990 111
2655 2517
1002 6978
293 8928
3755 9571
9549 8899
9070 6590
4149 9541
5570 4987
5125 4762
3177 9724
4579 1880
3814 6215
7789 5878
5407 7884
1740 1345
4221 6548
3482 4475
1556 8953
3851 1703
8819 8687
9586 386
6329 3327
3038 9107
9749 439
4274 7771
3396 9017
4813 5257
837 2978
6309 5748
8048 4966
4832 6903
4196 3035
6536 4030
3926 7532
4659 5809
3586 4244
2851 9141
3168 7691
152 4901
7297 1510
3742 2965
5683 2260
7248 5504
1149 5144
6357 5629
1708 6182
7523 6441
7367 308
8546 3031
1087 2352
6086 724
360 9916
8242 8935
3586 8878
9998 6395
6141 3859
686 791
6461 3500
1688 5734
4607 4132
9327 5403
5043 483
559 8945
9044 1501
6178 271
8650 9787
9901 7733
9160 22
2998 8101
4426 3994
6241 8718
8211 7947
4208 3587
2035 5181
699 2857
6051 3282
2371 6704
1368 5238
4497 9871
8007 9027
2872 6347
4647 5793
206 5140
103 8236
7399 162
1950 6793
3963 2787
2685 2185
8470 5225
2936 6981
4218 2314
9109 3804
7014 4601
6298 7124
203 4300
7514 6611
5606 9455
6448 8165
7143 8008
3507 3567
1318 8628
8876 7705
1067 8141
4590 711
5102 9013
5157 1581
1897 9510
3042 8046
8295 7399
1119 6233
4563 5555
1142 9599
5440 5866
6855 474
3310 5869
3151 8388
6078 6580
6081 2283
6845 1011
2598 8230
1811 9064
1590 8489
5920 653
7537 5415
6574 3010
390 1043
2704 216
1193 6045
5236 3535
9045 7840
1046 5971
7501 1855
3428 5366
3748 3768
5872 3938
9998 2982
8526 337
2785 4695
1070 7609
3389 892
1119 1322
580 2271
7201 3551
6531 1540
16 1941
4712 8587
8676 2945
8993 4553
7072 4643
9608 9827
7731 9207
8030 9590
540 3284
5714 1037
1240 6416
304 1582
7255 1758
8017 1409
3509 6421
4611 1797
8760 775
2144 4575
7297 8621
8692 7270
1802 5708
7394 3459
5151 9342
2084 9936
4764 4571
6395 9890
6540 3502
5545 1708
8169 7234
9925 9066
8998 9899
6181 2169
1449 3585
4694 8660
8539 2845
1281 724
6740 7403
3401 4736
3596 6446
7272 6476
5477 5888
4825 8445
7090 8632
8322 3206
6308 2999
9765 9412
9937 5877
1277 2337
6010 7840
2818 962
3589 1156
96 6463
598 9563
5717 5928
357 7094
4973 5982
2889 552
7072 9980
3874 4360
832 2842
2470 8872
2411 1162
509 8947
5169 2064
3544 4568
9194 5866
5769 3054
1130 727
9200 4491
9093 5732
2154 4120
3242 2207
9531 2848
1155 6333
5920 741
5321 3817
8904 50
3469 9829
9843 4482
8226 1812
2102 6601
8159 6932
3236 8154
3776 5502
947 8214
1927 8562
1286 2340
5765 6837
2318 8266
9550 2830
1419 5176
2330 1253
8310 7229
701 1037
4277 3786
7228 3846
7900 1953
85 666
5233 8214
9692 8692
2215 8431
5015 7772
7676 3481
135 1170
9474 3762
3104 8484
6823 1822
9578 8296
8007 5357
3755 3957
7403 9195
1023 5281
2070 8661
2621 5730
9860 9664
2523 6623
3280 9855
6335 3529
749 977
70 134
358 8141
869 3693
863 6492
1034 4260
4653 4715
9075 5420
3506 9480
4742 3873
405 682
2242 280
529 2141
3120 1339
8723 1178
3319 2021
1006 7089
5616 6437
9724 8223
288 6968
6772 6495
2375 9908
2585 2130
86 7548
836 5848
9062 574
5965 6804
4419 2565
3121 7936
9982 281
135 6300
1541 3311
169 3726
9823 5137
7382 4020
4013 9591
5529 2312
3447 4818
7325 2243
2916 5649
8040 7514
9016 3563
443 6645
7260 6247
214 2244
7436 5109
840 5475
8864 8081
2954 7317
5536 6034
4956 6779
1313 2358
1765 6858
4269 1114
770 3875
7412 6246
2751 5642
816 6409
4000 3034
4587 9199
8449 9849
727 2267
9833 9327
3118 3478
1105 2384
2564 6883
4478 1087
1838 3951
7824 4656
2719 4277
5378 6434
490 2723
919 9042
5558 7023
1548 543
529 6072
6163 7044
8192 3955
6579 818
2822 878
451 2861
9732 8024
7293 9904
7819 1078
4595 8757
3094 5809
8892 255
6649 7129
9507 8905
9210 7131
7910 2222
5740 9372
3758 466
9902 8184
5162 5486
7455 1865
2504 3882
6495 9273
6736 4556
881 626
4817 3297
7028 9256
5221 5044
2238 2664
5607 2088
5999 3747
9253 9538
387 7754
8213 1427
8837 7125
1796 5959
2360 8718
7933 145
3828 8636
9655 3827
8795 6052
9702 6347
1395 1042
7571 1361
5535 5354
9962 7706
9321 2912
302 3391
4670 4821
6637 6623
2407 5436
5891 7441
4944 2965
5979 3242
2379 4468
9041 2923
703 9167
7100 9032
9887 574
5608 2694
6375 136
6263 6375
8803 2747
9161 8944
4594 9555
1941 6315
673 6908
9562 1143
7582 8409
1105 1066
8554 2018
7772 9961
2919 684
6184 5187
2359 5309
2841 7259
400 8031
4154 3243
6441 2805
6791 9448
5342 3012
3016 8079
3558 2067
5351 8578
892 7969
2362 8522
8168 1003
2611 7059
4685 4062
2405 2310
402 1726
8134 6348
2268 6609
8206 1130
497 4174
1437 1238
5177 7064
237 9057
9428 9512
4416 8311
7194 3846
9382 2998
5201 170
2531 6211
8620 5702
5518 4864
6771 5611
6769 4419
6700 5391
9518 645
8547 5612
1946 130
7355 7528
9175 2199
7166 1465
1694 8173
8828 73
6676 3464
3365 4255
5853 9942
3923 8743
7913 3691
8327 8291
3279 5584
2798 5777
1566 4039
8988 6391
1268 9888
9210 1803
5114 5524
3058 6209
4922 7789
8104 9973
2293 4488
8512 2159
3689 577
9399 5221
7048 5637
6309 2496
8740 8469
7827 3384
4722 1926
718 8775
7777 8392
938 3169
4477 8110
6438 2277
6836 9937
7923 4114
1337 5530
6351 1156
5661 631
962 7706
1683 9090
6268 6780
364 7918
2202 9657
9814 5716
2631 6807
7438 5044
6397 6222
7904 9634
9382 2276
3977 8444
2485 6365
3181 269
2895 849
3667 6822
6237 33
1354 801
4748 829
8953 9326
3126 7055
9963 1486
7514 1066
4791 4463
774 9205
6178 2096
2981 6913
7650 3409
3799 2300
4535 7664
5041 2520
9947 5609
9755 8233
4134 7843
1341 6085
1142 824
3290 8535
473 1910
6391 3254
5115 49
9689 145
3948 4263
5429 1430
6136 4747
2516 5738
4132 1835
6888 3266
6900 1540
8639 1793
5610 4917
915 6197
2854 682
8657 1879
4793 3131
1532 2575
4254 2601
8246 8789
2242 4516
9753 4974
4648 2986
2051 5100
2179 8095
8405 1062
8592 5622
8559 8399
2456 2538
4750 5742
4470 1703
5615 2206
1834 3796
6446 2847
4361 1475
9356 4822
3726 6901
3546 3109
7846 7866
2911 4760
7558 6210
7426 5224
2971 527
7172 6431
8312 7242
3084 6786
9487 6325
9496 9142
1404 6257
1111 2521
7997 4274
3352 5530
5814 4426
7242 7230
9433 3668
9427 8217
2647 9182
1100 308
380 2274
8186 2381
7509 143
5513 9401
3670 5108
1821 318
4002 8088
9936 2184
2221 4677
4790 7565
6987 3710
9284 5712
4059 5652
8993 5784
9269 8737
6150 8508
9186 2487
4131 5201
5567 3154
3638 7141
1218 5962
8894 1056
1920 6764
313 421
6003 4083
1581 9142
8479 4957
3735 1692
8542 6636
7829 5962
673 3916
2159 7253
9279 443
7726 776
6109 8033
8932 5525
3530 7167
5478 3728
7869 4477
9958 341
9706 2419
29 1757
8342 9775
755 3068
7735 7824
916 8470
6269 4110
8303 871
817 9679
7464 6453
5161 9091
3723 2371
7365 7986
1629 5962
1021 468
8922 5544
2797 1366
1949 5145
9680 3464
3281 2007
6159 6778
613 5427
280 3941
2430 5988
3714 6367
7181 575
2324 7694
7803 1409
2629 4105
6573 820
1649 8037
7615 363
9199 9834
8535 1403
7184 6331
3282 7764
418 2192
3513 5162
4442 9801
6622 8482
9541 7977
1198 9671
3592 3595
7448 612
4933 1458
9208 7497
2187 7067
9847 7876
8558 1063
9127 5878
9587 3181
9017 7688
9591 9812
4349 7137
4865 1424
8109 5205
4625 8013
2543 4327
2945 9910
5666 5414
9805 3060
2308 8276
5913 894
2007 4352
7590 4296
2436 6609
9034 1870
2878 8758
293 4521
6440 6616
8608 143
2066 3259
6670 9249
9240 8664
9594 8809
1958 8254
4750 8659
9849 6275
8702 6005
4117 6106
5605 2899
8115 2668
2160 445
7832 1250
4292 7436
7809 1319
1387 2235
5393 3734
3392 4044
7873 5923
3134 4420
4597 2052
448 2033
4596 9061
9261 6368
9533 4302
9777 1321
9602 4980
7575 1037
6076 8509
1441 5020
7215 5880
9508 2281
4990 9542
3847 8834
6046 1569
392 5376
5839 7791
4575 8710
34 1422
7464 6120
797 5253
8496 2482
8718 3080
5525 4166
2735 5581
2012 9331
3194 3514
2308 2756
3397 6804
6237 2313
839 2363
1126 4773
7350 6047
7670 744
9189 1505
6584 8585
6695 3152
9045 8166
5513 8199
4503 5239
4433 4145
9371 7679
6329 4237
1647 4257
5717 4493
1779 6399
8161 6683
8480 788
4920 5363
1533 5680
8875 8685
3971 5862
2386 5919
9539 1486
3616 5039
1991 7371
7411 6496
9504 4597
6697 6540
5086 8480
9825 8869
5517 8116
4049 9460
7335 9730
781 9997
3919 9384
5849 8140
9721 254
7183 609
2414 1833
7585 5331
4617 7705
9350 4803
4183 6908
4712 6372
5686 7679
2790 1805
3830 1920
4348 3052
5172 1582
1518 1706
9078 6782
7795 9109
3044 4485
6629 181
4678 2659
6922 8607
5223 7709
8004 6054
2061 1638
3442 6493
8859 7183
3138 1497
6332 9608
1714 2818
5078 2028
1100 3032
3267 1026
7225 2160
4619 275
8240 7604
994 6562
3071 435
7762 8498
5079 6077
4520 9575
131 5344
6726 8414
3124 6059
4861 4200
9197 6805
5795 3383
54 4344
5229 5548
1584 5929
8088 3715
4576 1869
2596 6269
20 6247
4537 8089
8283 5600
7067 8700
2812 1988
2442 8914
5391 2200
5067 4521
3688 8261
6094 3049
2749 7534
9854 5995
2735 3538
7593 824
3387 1608
9946 162
3909 4253
1668 3710
5747 2880
7723 6477
9601 3919
333 8271
3040 2138
8835 4100
4123 8548
8356 1627
3188 8255
2890 7279
4294 6464
2881 948
784 3087
939 4649
6014 2401
2289 4997
6739 1209
1122 4569
1887 9078
9954 2879
1856 3453
2476 6393
1347 8473
4358 7254
4661 7499
9887 794
7491 7696
7647 4295
9884 8704
5440 4776
9023 1031
2116 3345
806 6024
8180 4296
4304 9395
4394 3167
7394 9109
1618 2164
7618 7644
9379 733
5458 473
6879 869
1594 5060
3210 6046
7284 5649
8636 8396
4015 1883
599 4475
3660 934
6640 6542
358 8830
2745 9701
7890 5115
3548 8833
4876 8450
414 5960
3644 7675
6697 1292
6128 8469
8029 8350
8825 3201
9173 5629
6877 4482
3485 5519
3187 5962
201 6405
8774 340
6924 1237
3680 8345
4091 4476
5929 1141
5293 290
4183 6244
6263 6072
2079 5005
7336 6047
3065 2952
3996 7176
7257 2607
41 3491
957 9281
6407 2525
1401 4418
8211 2748
7208 1646
3247 1219
7182 1100
4257 7313
2800 1277
1661 2878
610 3264
170 5962
8922 5152
4411 2596
3560 7424
6348 6442
8046 7379
3188 2832
6600 3068
665 284
3114 5402
7119 5933
5173 7644
4614 9073
2961 3511
3527 866
6745 621
4096 7321
8085 8683
1443 3212
1447 4533
2592 8536
4184 8504
4225 6798
2273 1859
9725 3293
1074 2040
6641 5244
8827 9979
2943 4525
8243 5730
6614 257
4163 211
4582 5563
7346 3563
6465 5786
206 8056
6604 2048
3278 139
1399 8258
5712 8390
7265 3825
6167 4868
6013 7564
3371 9871
7879 4683
3261 6894
6430 2053
5903 6433
6559 2145
9466 1955
7798 6203
504 7767
7827 9258
9097 1083
8819 9865
5383 969
1508 6731
7249 8032
6545 291
411 7195
3275 1807
229 643
3755 2886
5693 4287
2975 6968
2370 1606
9710 5272
6530 1373
1915 7738
2814 6289
9070 4401
4360 938
7267 1948
1343 3472
7761 5066
7023 4980
4136 6424
1123 381
8013 8941
3333 5022
5118 73
7255 2260
3080 7681
4032 3280
8379 7764
3583 2510
6786 4892
470 9335
6222 3029
8849 3786
7941 3518
4800 9418
7553 3578
6431 7233
7121 9719
3776 2913
1199 6045
6315 9435
846 3724
4052 2851
7850 2798
2878 6956
4490 1463
7025 1011
5741 1145
5751 9109
1969 8980
7454 652
2986 8885
2986 9823
6174 5326
8706 6608
6372 7872
3702 3704
2949 4092
2737 7721
6291 6433
336 7618
1039 2241
2421 6619
1693 5221
5298 7092
4277 6367
9792 290
2123 7803
3418 8871
9641 9419
7976 3270
8773 686
5798 2220
2376 9301
762 7892
329 7796
8261 5627
5011 5191
4243 3971
4651 212
1600 4667
4042 7379
8665 6488
7637 8849
1910 1786
6710 7985
9155 4816
4674 7856
9070 1734
282 6115
4926 4760
4272 3683
9581 7064
9548 8847
1692 2948
3558 5064
8592 9309
7241 8850
9346 6904
9747 731
1641 7525
7612 9056
2439 6041
3882 3947
5871 1195
19 1728
1159 8913
9837 5706
8737 4284
6319 7601
1074 914
116 5151
1279 1360
8637 1990
4626 78
8684 6507
5872 7519
7172 4414
439 6063
2405 5338
7878 1674
966 3006
7710 2473
3273 7479
2814 2978
2714 4599
9337 6876
4599 1439
5125 7386
5752 7873
7475 526
8447 5533
2757 1716
6298 704
9631 3137
1670 8753
3019 9639
3218 8113
887 1232
9635 6618
9563 7713
147 2205
5257 6579
1853 1317
886 3362
9661 6855
9369 7961
8062 8488
1517 5097
654 5196
1957 1495
118 7263
7387 3327
526 3129
7659 264
5091 8509
2048 901
8237 2328
1457 3678
3493 3432
8022 2355
6448 4227
7668 5023
1973 7451
1009 9323
8633 1731
4354 9315
6015 6958
9862 6784
2635 5743
1524 7675
6997 1424
1218 8331
6100 2254
9111 7732
8568 9027
2201 2288
1024 1394
8716 5345
6726 2953
9572 6735
8456 7997
3675 854
4091 6442
1059 2538
2371 1131
2364 2597
3422 4121
7819 7515
8079 41
858 3702
4360 1903
8974 6771
2276 3844
7621 4591
8509 2722
6980 1011
838 7718
4302 2362
3135 7824
4801 4395
206 4174
8345 2115
1997 6676
5958 1560
4912 8051
9871 2175
6400 403
9839 5887
9727 8676
125 8681
9092 9823
2383 4651
1329 5196
1805 8613
4662 8434
3680 1364
7604 8153
1857 5008
9959 147
8029 2245
4678 5941
1014 3654
2139 5805
9209 504
4017 7610
4945 2288
1985 3597
5351 199
5033 314
3999 375
3043 3412
8297 9163
1893 8261
1107 1271
8732 3391
4358 8157
2114 7021
1008 3248
5675 3114
6650 2807
1277 2680
4397 6061
406 9626
3145 2416
5847 7042
4734 6088
9223 6221
3887 1797
9863 9641
1091 3418
2783 8830
8526 9420
2403 2515
3328 746
2772 6138
1225 303
9479 1151
9938 1742
7616 2277
7107 4445
8378 6340
4957 7242
3552 6532
2095 8593
4549 9037
3119 6942
7592 2039
2285 1707
4098 7745
203 6273
9752 6746
427 3313
267 6455
6986 569
6460 2004
2715 3490
1601 1120
2123 6002
7036 9659
2019 1829
2161 6296
2394 7674
2874 3693
2100 1622
4898 517
8614 4470
6971 9247
6086 9642
2884 7934
474 2080
1140 4968
2176 5396
8584 1281
7320 5070
1476 1059
496 4180
553 8838
6796 3017
301 4910
6959 3575
9441 5837
6953 7949
4576 6803
4869 7447
8132 4258
9714 8928
5033 5829
6244 9411
6728 5662
4503 7249
8178 1693
7991 4640
8501 3876
5309 9896
1467 4352
2208 9074
7896 4009
6625 8029
1071 6385
5606 3334
1359 1007
8886 6426
1176 1617
5619 6915
4442 6667
2353 3263
8726 3027
6418 5975
8394 9337
2237 542
8660 3748
1650 9387
1170 6007
9895 7204
6698 8598
1582 1523
1086 9108
5513 2008
8305 8441
2616 2527
4757 3955
6600 2631
85 2020
4170 3643
44 1444
2626 7165
2480 9906
2734 3701
1135 5352
1248 8574
7664 6564
6188 7043
5815 9019
7015 3201
165 2499
9588 8672
9027 536
1958 9784
8664 5194
8108 2746
810 6937
5622 4602
7016 5515
8410 1601
9890 1433
9847 664
4941 9473
1680 6991
9486 8075
6504 1398
2899 1029
9127 8580
1092 4320
4313 7483
1436 3818
4028 2434
6739 9124
2598 5756
5948 5879
2838 8749
7871 648
6436 3680
8747 3948
8122 314
3899 7523
6212 1836
8081 7838
6052 2674
3020 1538
8990 3144
9304 5876
5238 5339
3415 5615
96 6170
9569 5127
4707 305
6453 4450
4575 5721
9554 1411
6417 9981
487 2164
6172 4110
173 5087
549 6122
6961 9536
7829 541
1651 4010
2614 3220
2980 6923
2480 4900
9357 8075
6186 4293
9888 5110
623 3194
3453 2922
2955 8007
6825 5645
2812 1913
4212 7514
2672 4320
3950 1127
1407 1897
6214 7023
9388 4112
7938 3780
4654 3002
8118 556
1776 1206
8678 7733
6927 6170
6976 951
1144 1964
8456 7923
8634 327
7598 5228
2863 5781
5413 2326
1027 8102
9447 4913
1917 661
8253 9426
6441 7091
6900 2124
2088 2206
1038 1169
3728 1521
9374 121
7602 6600
62 9541
6746 7305
4610 4606
1870 1023
263 9216
9112 8661
9300 22
1888 3197
4359 3442
8080 1296
5302 494
3799 5632
218 4171
9572 1193
9218 4691
5469 388
290 1697
6041 1549
6053 6253
1717 173
2436 1896
2177 9363
2577 2742
504 9362
8662 3094
822 9983
2132 4845
4692 3542
3164 6925
7576 3107
1527 4048
3958 860
6309 2820
1941 6384
3294 882
2451 4271
2953 1298
8458 1626
1682 1775
5589 6616
1121 5169
5292 9617
3627 6797
1707 97
3186 5296
5866 8315
7141 2282
5529 7187
4010 3323
3749 4348
7178 3637
3402 8168
8768 434
8912 1816
442 2037
5374 1595
4155 2483
7987 3798
4577 4585
8848 4547
2505 1347
2223 5942
6349 8078
1329 9166
7430 9291
3305 2640
3723 8876
6004 8825
7550 6980
1803 9293
9754 8117
8681 4699
9965 5986
9158 3129
3624 6626
9636 2314
2758 1304
2161 5608
7104 8083
550 3301
7635 2710
4251 1181
9050 8404
5046 3100
9095 120
3303 1695
4691 3910
5304 3915
8030 3423
640 6365
290 91
7337 1891
7985 9830
5356 5700
3183 6923
1545 8838
5704 7271
1191 5185
3534 2427
8467 528
6666 1037
7229 5145
475 1414
6167 7598
843 530
6411 6647
9676 3619
759 8021
9772 5779
7818 1331
8028 4798
4632 706
3989 7708
4122 9434
7143 1250
8560 5856
971 1064
7529 6803
5205 2206
7047 9898
4103 5284
5405 6036
7259 9017
3674 4867
7641 5807
5946 8668
3222 4894
8357 6177
9348 9761
2033 4758
4336 8512
1939 6300
2686 9018
3278 3806
4157 4887
7727 5212
5065 4706
4150 7725
6455 2937
6562 8240
7067 9494
4206 9648
8639 5823
1439 1498
5982 9734
966 7414
6859 7221
9800 9913
2004 6660
1168 2356
5998 8860
7140 534
9792 8324
5678 661
6548 6215
3233 498
5750 7698
3472 1634
1230 1094
7039 1348
8225 3872
6130 5293
4424 7003
3817 3041
9988 4271
3286 6528
4340 29
7561 3798
5453 3510
9064 8288
5293 9770
76 7619
4811 3240
9167 7248
1452 5352
190 1400
272 4960
2545 5214
1498 8890
8332 2258
7345 8245
1410 7707
1082 179
1961 4270
3577 9022
5911 6149
9988 6136
8884 9268
1613 1422
7060 710
2788 9047
4916 6178
4972 7943
5253 4502
1006 1561
8172 5929
3089 4753
9125 8480
9408 4647
1137 8602
3420 8628
2490 6164
8521 9416
6599 8332
1127 2699
6064 8793
2698 9344
6316 4580
9568 7790
4017 8027
5066 8512
6321 121
4768 5966
9444 2638
1224 1834
7726 6953
1470 4144
7805 4240
6565 4524
3010 671
5880 9167
1576 4153
4099 2225
5514 4281
5107 2401
4980 6585
3558 8792
4377 318
7357 5578
50 4061
8674 7799
519 6769
4340 8633
1249 5945
6034 6861
3436 1282
8684 6539
7024 4052
2704 3811
7790 572
2513 8346
7070 4886
9894 9464
3218 3349
4201 2450
2259 1894
9912 1663
7687 7712
4849 4295
2572 849
5684 2004
2523 3466
2672 1453
9580 6264
4867 208
9571 6040
9666 6799
1290 9676
5364 7280
2138 6626
6525 4105
4297 637
9624 9577
5874 3869
7641 6290
2047 5728
6542 4295
6901 1979
9283 6883
4746 3261
1503 7418
5913 8718
6163 3296
2822 994
1332 2609
9348 3359
1547 5465
8576 8995
156 4340
756 9789
159 34
7123 4368
4355 7594
4436 8134
4560 348
5018 8462
2083 6831
5304 1904
7408 1961
328 6596
3086 1079
6375 3010
3340 8448
8024 112
8952 3217
5501 1312
2093 8468
9298 1744
9048 5663
258 872
910 3538
3319 4784
4904 9642
4147 9812
2556 3504
1629 8633
4806 5669
5738 5603
4225 3089
4821 3362
2456 6036
8037 843
9793 2944
3791 78
1983 7962
268 7259
8213 877
944 8732
9963 8948
8394 9592
1898 7730
3374 626
229 7480
5149 6755
4804 959
1828 2784
2829 9420
5699 6716
2496 6502
2481 3228
9762 5063
8906 5888
5352 6662
1598 8403
2954 9585
2777 142
5058 2481
9788 8604
5554 6921
8159 706
9720 6204
3259 3919
2299 7330
6675 5914
6153 894
3808 1689
8298 6763
9462 7959
2860 511
6018 6508
3072 26
2522 8714
15 1557
7434 6110
7774 3186
9766 1102
303 6889
3756 3224
8183 7311
679 3557
4157 3265
1319 8338
7317 7310
8146 7023
8557 7353
9696 3302
6234 476
8926 7493
8614 1205
1965 2896
2212 6265
8317 8819
926 641
7642 8971
9139 2292
9490 4054
9245 3749
8816 4957
4003 1948
6100 7541
1052 8053
2051 3530
3283 4184
562 6032
7531 7931
9911 3815
6325 1768
5253 4522
5160 5149
3359 6082
814 2206
7900 4225
135 5521
5730 6814
157 6261
1798 9175
8900 6246
3310 3981
276 8266
434 7820
4077 4696
9189 8776
8694 2016
1009 4570
1890 2928
4640 6808
7128 8871
7061 6402
3143 5608
1623 5168
4311 1053
9098 7582
7087 8747
5801 5228
2284 3116
9526 3445
842 43
5434 4996
127 8112
8536 3939
6697 5420
8272 8597
9116 3679
6872 8641
673 7141
170 3323
2850 4333
8892 6845
8650 771
7474 326
9173 6664
4163 1643
8476 3375
8819 354
5882 7720
2046 5559
5688 6005
8082 8582
316 438
6123 9806
9831 6639
5438 2609
9935 4299
8702 1873
7054 6388
780 6629
5672 2530
129 4339
8170 660
8295 8978
9420 1403
7979 8975
4982 1375
618 4014
9960 1899
1465 6589
426 3708
5398 9529
5748 8468
4651 7745
3895 1718
7165 8430
3345 720
5730 3240
3224 2750
9946 3005
7257 3377
372 3568
7207 3367
3289 1594
4427 1769
4562 3031
4634 2481
2154 9757
393 6803
4859 3914
5149 4216
5697 6866
8390 2058
6599 1131
2690 5345
5697 5391
669 4650
8589 6183
3696 719
5603 8941
3096 4475
6271 6794
9942 9646
6713 8896
7530 6798
866 3995
7001 617
9379 4442
616 123
45 6637
5242 2061
3257 2019
7721 1756
8260 2488
8636 5438
1479 5085
7547 7583
9475 9124
878 8359
6657 8068
5610 8289
8423 4306
4186 3158
4759 178
2828 7601
1810 3581
9101 2772
4040 7886
2876 8026
6656 4277
5809 6860
2260 8869
7883 1783
3937 6178
8873 4297
6862 4154
559 242
4230 6978
3739 986
6930 1760
5406 3623
1099 1738
1735 3438
3436 5244
528 9701
1471 8764
4067 6097
1189 7874
1978 4350
4062 5721
6730 3420
6160 9584
4321 3643
6265 905
8274 7372
9475 3299
8055 3167
9012 943
3931 407
3383 2958
2949 2934
9688 3094
1626 2429
2412 6526
8385 4588
5169 6568
5761 1513
4652 9229
308 3934
2840 6164
5502 9282
8587 316
7892 1870
6382 407
6539 8849
3913 8915
369 2124
4193 4156
4280 8493
975 6216
2572 9934
5636 1147
311 825
8190 8562
3363 3677
8010 1482
8888 4251
1368 8989
8774 2104
6993 9378
4374 6925
1398 852
4662 7083
7877 8290
8131 682
8980 1753
7267 7639
7039 8301
6005 8957
8873 946
3058 7752
6933 1492
6767 7409
1443 4502
3742 9025
9865 8286
216 1850
4589 3954
2946 4358
8775 8043
1007 2729
871 2581
163 68
4338 6490
2445 296
6574 8400
8357 7587
4828 260
3145 9502
2789 7129
512 5015
7079 9739
7674 6811
2520 5033
3331 9444
8208 6522
8696 4973
6955 6967
4654 8735
2645 8261
5300 2805
5056 2004
8522 9279
7712 2227
7091 4851
464 9226
9658 523
2336 1482
4019 2203
2092 913
3282 399
9567 1853
9928 848
8320 4593
7722 5673
4733 305
2686 1838
2331 1647
4408 5894
6983 2349
691 3545
2510 8285
4540 9962
5276 4277
7850 8431
964 1853
4107 3165
3110 5798
3833 7768
9485 4776
9341 1268
7335 6189
9838 5511
2621 7210
8833 2524
8140 6858
7692 9149
9550 9735
1747 5333
9838 7655
5148 2230
7896 9733
7559 7918
5640 6570
7679 3010
3887 6944
3536 3381
5036 1580
5678 7201
579 7799
1316 8446
9159 2882
7519 5562
5665 7459
935 7377
6581 6925
2940 7836
8014 8471
1521 3670
363 9483
9105 181
5544 6928
7765 6170
6384 1198
703 9205
519 2627
5150 3350
1713 8965
7182 5238
7764 6950
1619 862
6336 5335
7290 760
1843 3738
384 4307
7983 8611
6929 4650
330 567
1614 2493
981 5333
4395 1459
1268 2809
501 4142
2145 1123
5422 3544
4904 9690
9578 7305
7071 8172
6396 862
9316 2561
5565 8791
8395 890
7724 6666
9016 1664
6298 5969
9860 7338
1995 5302
308 5897
2595 707
7485 7720
4582 1617
3344 6873
4806 1365
7559 2896
8088 9749
5409 9344
2880 1002
1320 1723
6183 5061
5294 4908
1470 1416
7852 7311
3999 9590
4119 2349
7053 2469
7215 4907
1012 3186
8699 546
1621 6276
194 7706
5905 8894
7394 3199
5482 5009
7250 3937
3082 9992
6773 8922
1230 9772
352 6357
6182 7420
9764 7738
6797 2723
4363 1707
7930 652
8431 873
5474 9354
4342 6166
5314 8776
4358 8070
7192 6089
1012 531
2422 356
8061 3336
9104 7894
1088 8799
3252 2320
4103 3231
8986 4543
5100 2396
2946 5542
5203 2939
1947 7797
5843 3741
4870 9562
6395 4893
2413 5416
336 6260
5259 5681
4819 8619
9169 5671
5281 2401
5936 6799
4546 7273
1418 1706
2518 7382
8260 4146
2143 8871
4707 3519
7771 8905
14 8753
4285 8697
249 2710
1222 3930
3679 5979
4042 6249
1600 829
2430 2833
8963 9382
413 1886
871 2715
4432 8866
3963 7189
8117 4765
3091 5893
8910 7834
2852 7244
9198 4651
5175 8930
4474 2600
5975 3925
9536 1135
416 2705
9143 8456
7768 3549
1947 8207
5178 507
9536 3676
4176 3020
4492 5740
6249 5241
2731 3654
9527 1925
1655 9774
9491 1159
1107 8155
2622 7901
6366 496
4091 2769
1077 4834
9990 929
155 5552
8559 837
2972 2767
6235 6188
5901 5939
3891 666
198 9552
8267 7605
4617 4785
2294 9695
8442 520
6868 8402
8677 4494
7096 1319
3631 6237
9301 5510
4069 2625
6101 5401
2093 6329
7683 7417
6795 5580
4780 446
5718 7194
3777 8286
305 3233
7940 7849
9192 2928
636 3836
9185 7773
7838 5446
5216 7351
8412 3219
6183 7525
8000 1139
1040 5357
5705 7839
7563 8369
5732 4211
9221 6305
5494 4188
4852 4947
4587 4582
6579 5286
9081 389
8438 2990
4351 3767
2644 5987
2749 2670
4233 6573
6064 317
9215 9016
3016 5829
3764 3914
9759 6140
1907 6532
6158 4892
3133 8086
7733 9927
41 6282
1556 5437
1658 9781
3151 3552
3560 968
8937 7577
8414 2125
3012 5327
5400 7465
3798 4140
7120 9205
3972 8706
429 6028
4786 4329
5160 9392
1144 4032
6111 5688
9562 8633
9400 4319
651 9473
546 4265
2845 8645
2501 7582
8496 6365
4892 2115
1488 5541
8780 6990
4555 8668
7094 6908
2748 247
9518 5435
1910 913
9149 7762
1881 6292
2018 5930
6896 8519
4115 6370
2119 3483
430 4289
9662 6197
1536 3155
7143 9448
9001 6678
736 8681
4969 9241
4242 9731
8399 1496
478 9609
645 8916
7054 2951
7229 6128
929 3347
9812 9992
7067 4206
5332 4011
6083 264
2222 132
7033 6132
965 4106
302 9689
4538 1698
1192 1441
9045 7690
7478 5768
8073 7443
8871 4600
571 8275
1625 5778
6054 2068
9299 7293
7725 2489
8650 832
9309 4665
3467 7606
7076 1175
1416 7066
5729 3496
4076 5647
6975 4298
8862 3984
3271 9882
9036 1944
2147 9125
5919 2728
1911 3598
7063 2610
6230 5934
9964 1363
4503 8476
7292 9102
8130 560
1795 5716
6151 303
7661 5775
5938 4452
8559 7795
9414 1008
103 8761
6907 4424
5523 5459
2692 2444
8198 934
6984 6527
680 6947
9650 450
7605 3493
689 2346
6728 6447
2888 2051
6455 3472
5110 3322
4818 1811
5498 804
9536 8982
5632 2470
4511 9477
7824 3139
6356 2238
7884 4205
7266 2571
5406 308
1661 9942
6332 2235
7333 9731
7192 2960
5702 3268
2896 2293
7058 5149
8406 9875
6482 4076
487 2163
7448 9790
8203 56
925 2149
9279 7307
7509 7632
3387 1703
606 6965
8141 8568
6411 2100
6038 4730
1034 6698
4763 9860
9512 9409
3670 6159
4207 7557
9355 3410
2493 2146
3999 9386
2799 8955
6591 9430
3871 3171
6093 5126
7297 1249
4800 2855
225 2823
8449 8621
4573 8795
3048 8202
2484 5052
2363 2516
5630 242
6293 36
2062 7592
4337 6502
4090 66
1631 1020
2759 3161
8462 7670
3749 9193
5401 9046
5255 5601
542 5641
9370 6965
8635 4422
4913 2181
138 6758
4209 1866
6944 2943
4197 1775
8571 4675
5116 3657
814 4103
6883 626
9771 7343
8742 9409
7730 3333
6850 2001
1389 3161
2575 7559
2785 5984
8957 2754
6930 5098
3835 9776
7976 7168
6500 6457
5859 8009
4408 8986
9535 5710
8063 7175
411 4150
1421 762
9705 4401
4753 2108
5555 6822
1207 6428
6689 5832
6941 5711
654 5757
378 4205
6757 9837
6744 4305
9462 2044
2062 6436
4393 6336
2432 8692
5997 6469
8581 7228
8769 8208
1356 2808
1369 3640
164 3048
8155 2735
4072 2608
8798 416
8906 1135
9276 1090
645 5022
3434 3681
2824 4562
935 8384
2727 5670
6725 2744
1049 3719
9903 3962
2837 8798
7682 2684
4729 4620
1429 6763
38 7901
4399 3373
9884 6777
2631 4246
6976 2907
1880 1400
5602 52
8079 3304
7096 632
592 7461
2497 4593
9504 1153
2002 3388
7388 5425
5185 7959
110 4216
9986 3132
4360 1020
5406 1672
6503 539
4786 3081
7035 1778
5823 3176
1681 8776
5280 640
5772 8302
3280 3280
4239 5723
3056 1439
4705 1030
2811 6763
2995 2445
2783 5803
9897 5795
8373 1308
561 9712
