9967
100
24262947
90 94 98 97 108 91 103 94 106 98 95 92 99 95 91 103 91 107 92 97 90 98 99 98 101 91 100 93 96 102 93 109 110 97 96 92 101 93 90 97 108 108 108 106 94 91 101 91 109 95 104 93 96 95 99 104 110 99 95 97 97 103 91 109 110 109 102 104 109 102 105 99 95 100 96 109 94 97 91 104 93 103 95 110 104 106 94 110 105 106 109 108 98 94 99 109 102 110 105 91 
-115633 -110504 -114959 -115314 -110102 -97806 -114427 -91466 -126663 -118804 -113913 -111803 -117747 -102699 -109169 -120270 -96301 -115568 -99164 -106104 -90445 -107830 -115984 -114518 -117429 -102399 -116321 -109266 -106074 -116057 -105799 -120414 -119451 -111860 -104310 -93661 -115110 -103681 -108415 -110910 -129051 -118698 -134268 -121233 -108354 -95811 -110078 -100715 -118814 -107265 -114234 -107937 -119432 -107377 -102484 -117665 -124805 -118171 -113377 -113135 -106588 -118958 -102703 -122703 -131324 -118038 -122963 -113229 -110197 -123235 -131703 -107461 -106599 -114307 -112603 -121416 -111758 -105660 -104738 -121902 -108818 -128056 -102582 -127902 -126726 -130013 -96133 -136340 -126974 -117988 -128766 -119571 -103696 -100319 -110144 -125707 -112737 -112464 -112984 -98613 
72889 67216 80373 69398 77739 74794 76066 79723 80153 75735 70833 67656 82205 75481 69307 78997 70217 88407 65014 74585 78589 76654 76695 77471 76951 61366 75271 75382 74394 78212 75212 83146 88400 79652 75732 71754 74370 73323 64215 76912 86501 75354 77734 89766 73019 76840 77651 70538 76260 77004 81628 71649 70407 68749 70772 82229 86868 84164 77864 75315 73053 75450 67839 85491 80236 85558 82794 82029 86239 83010 89288 71901 72175 80066 71722 91548 68646 77783 71231 81717 62221 75674 70714 83805 75367 85550 79029 90973 75017 75606 92209 85650 84277 74401 78891 81041 72157 82239 83698 73823 
9598 2548
6188 3486
9416 4348
9363 692
3199 4467
2519 3465
6583 7290
2472 4681
6025 3291
8795 611
9016 4657
9837 7215
7570 8436
6251 1544
7342 6035
8041 8454
3965 5194
8815 6674
6198 8308
8170 3694
6937 6522
5924 3019
1499 4995
3861 9716
7631 9702
3081 1821
5420 8810
2370 9971
5307 7944
1221 9433
4047 7425
6817 2476
6068 5857
6104 9106
7146 5528
3850 2395
6603 6596
6887 3040
3571 8638
9207 543
8158 1325
6765 637
3925 8976
5839 9356
5934 2710
3233 7519
9766 432
9048 1097
6558 4661
3739 4310
7353 4253
9479 5937
6020 9653
7606 5340
4010 5655
5359 773
6388 2119
9367 3635
8763 7080
875 2955
4217 683
1839 3298
6892 2341
4590 948
7918 3316
1792 2692
80 7124
53 6690
2747 6214
8530 8615
5298 7647
6182 6538
2342 6709
5119 9952
4410 9267
6584 3536
344 7947
3450 7803
8778 8155
8463 6494
7483 4916
5142 3797
6677 466
3867 6593
5256 4718
2495 9654
194 9626
3469 1614
6357 85
6048 8580
341 1848
3438 3107
5079 4773
4610 5299
2287 1759
4952 6252
5941 8393
2248 8290
3656 5485
8843 546
2397 169
9183 225
2952 9642
8927 6948
7472 1989
223 748
2168 193
2064 6169
3691 9410
5194 5131
6187 2319
5704 1288
9512 7992
5952 6747
3929 9724
109 7520
1613 49
9535 3335
9307 2584
1708 3433
661 8224
2389 8799
665 3468
9564 6765
8279 6708
8372 3327
2082 7269
6257 6994
9469 5907
8175 4428
8211 2522
9144 8032
8480 6021
6813 8357
9353 6339
4061 3198
451 8732
5813 9779
5875 4797
3211 3937
6560 4845
5659 7387
4055 5552
1526 3289
6292 7262
1368 2608
1194 1022
2677 5982
8318 9301
6104 8166
3257 5905
7624 1583
2361 1239
6487 450
9297 9181
840 2352
8961 977
9320 9027
6527 1266
7845 2212
6292 9136
7369 356
1366 1617
2084 6427
1817 5005
5288 8781
6737 5177
9380 1581
2184 1697
5072 1371
8176 4404
8334 6754
8378 2598
3834 918
3419 2085
6757 9453
349 2404
9866 410
6219 9625
142 436
6674 601
2281 2897
7637 2331
2721 5606
7610 1368
6098 5453
4100 3005
2498 8450
4745 9746
1138 7459
8123 804
8401 6033
5863 8767
9825 3021
9706 3658
8302 5759
1176 4597
4900 1514
4708 5410
4838 8950
225 3373
1571 7820
9050 9726
6274 8030
4822 914
5941 3355
6092 9862
9500 4392
6537 2125
8810 4263
6605 5484
7562 5321
1480 8618
4591 1594
341 3231
9223 6143
2363 2755
5423 7754
8011 4289
3430 5593
9674 5549
4236 7712
4697 9551
1574 3573
1900 7728
8276 9867
6069 1490
3106 9248
5348 6459
3945 7869
1234 1180
2372 8024
4529 4629
8238 3471
3145 9853
7407 6368
1158 5377
2698 8736
3826 6446
760 1855
2555 878
3532 2293
4327 9657
2810 1894
8691 5653
5886 4767
8706 4626
428 3244
9141 9781
348 4386
1566 2077
7723 6975
3016 6688
3243 4067
8905 3385
1139 5520
8911 7875
8199 2156
9729 3113
6125 1735
2504 702
4618 5449
7789 8772
2182 4556
9993 1251
4922 6317
4105 4763
6633 9076
2192 9365
1346 3910
9584 8116
9783 4390
9813 9603
4401 6126
2677 2604
9325 1256
5343 2816
7658 8934
2611 3726
2681 4179
511 6033
5032 5307
7770 3500
534 8677
5909 9357
8647 7180
2960 5203
1586 2009
3389 3018
4386 747
5976 7382
5725 5477
8688 4788
7615 6919
5678 9466
6342 4420
9731 2689
7465 7782
7321 9040
6841 416
8883 6088
9103 4958
2065 938
3828 4092
5051 5266
9325 2777
662 6932
1340 5917
2241 323
5627 9801
1589 2520
4785 5228
9179 7985
5684 8097
2279 4543
1086 4590
9667 8034
9617 3546
5309 6943
1968 5302
5051 9193
1096 3231
5350 7200
3574 5870
3963 582
2657 7323
8433 9190
3234 6642
3799 792
940 944
9899 3632
7525 1232
6707 9363
2142 2211
4836 5986
3709 9654
2444 2227
8045 3213
725 8543
6176 3377
6944 5200
9603 84
9661 6520
1037 3229
4340 3896
2711 2537
4728 7648
1946 1570
8072 4437
3000 9341
8540 2788
3888 2119
3592 799
9768 6790
836 1164
4041 2966
6518 2589
5344 1652
8290 346
1252 3454
2365 124
7798 5982
2341 1948
6137 7022
1750 6987
9677 4361
393 2803
5970 6710
1212 6156
6907 2292
2891 101
9559 2881
9453 439
4510 2573
1623 3773
9551 8291
6998 9182
7105 6785
9810 517
2627 5533
3793 1261
4137 4833
9044 9446
3787 78
2982 1228
3663 5921
5390 8231
476 1826
8185 1573
2052 7935
2424 4969
7009 3787
656 2700
6775 841
7558 4742
992 4124
527 8022
4382 8878
6418 3926
3059 4200
4650 9860
1196 7087
3888 5440
4519 9861
8897 6277
8865 8948
5349 9442
3845 6471
4452 6084
6942 5287
3188 2791
4398 3608
5596 6744
2420 677
2236 2165
422 8951
5246 1662
1275 6629
660 8870
6436 1984
9712 6834
1007 2298
5699 3568
8934 9198
889 5172
1272 504
1050 2946
5405 1200
1632 8664
7575 7013
4165 124
3789 2550
1042 140
9034 8271
8257 8695
2903 2451
9469 4341
9056 8114
2475 6691
4438 1145
5470 2941
1437 7064
7678 319
3773 8866
1263 1057
7648 9986
8906 8025
899 3710
2919 364
1274 1804
3033 5729
3540 2302
5555 4736
3254 7115
5015 791
6986 5175
1833 1954
4305 2538
9552 86
5363 3477
6158 3838
6813 8514
1826 8026
4034 1176
6357 5051
861 8494
512 1878
5697 4534
2937 2342
3062 5677
3252 5884
912 408
7171 334
6014 2376
5916 5118
998 8912
5641 2882
6057 3306
6316 4983
793 1273
6903 5805
9133 8083
6853 2254
7941 5594
6031 1612
2092 9021
5227 6319
2950 2915
6902 2930
7927 2123
556 5943
5517 4778
5845 5868
2154 4101
3551 3708
4900 8766
4097 7368
5629 7028
6411 8933
5292 328
2158 855
7629 6260
402 97
2639 917
597 1967
6931 8550
8089 767
1503 9653
7187 2808
3351 2006
7877 3630
9276 9474
5228 7896
4099 6757
8208 5926
3633 872
1449 2759
5824 9694
8373 3438
5769 123
7210 1768
7801 8204
4191 2875
1373 7929
3549 6620
5277 3985
2422 8533
6352 4293
7782 8952
4521 9053
3566 9312
6161 3731
6864 9339
6381 4662
4080 2399
3566 3795
6737 4688
3385 9064
7094 1737
7558 431
5065 7605
3327 5287
4464 3313
4490 6884
8467 5737
1046 9648
5013 6491
4784 7687
3681 4286
2353 162
2270 5038
6965 7393
3036 8810
3056 6977
4146 8353
9132 8339
2062 6621
7500 4827
6381 8292
185 2211
1024 470
2693 2624
4065 4257
1217 7714
4375 9262
2516 8225
5272 3142
5348 4634
1180 7350
1858 887
7402 8575
409 1957
575 6368
7685 9210
8998 4688
8298 9153
4038 6417
7242 5927
1040 4761
3449 7965
2376 6231
4517 7961
4400 6486
9677 7560
4002 687
1443 8172
7039 3968
9769 5020
1304 9203
8544 1535
9175 6876
6721 226
5334 2349
3052 3510
4717 1850
652 7187
1058 3915
1830 5162
4761 2504
685 433
9611 8254
9184 1618
8227 2690
5355 135
3608 3978
9299 2437
3677 9920
973 9297
7539 5780
6946 8821
941 9340
1578 211
4708 8564
4047 8660
86 3239
6018 3019
7681 9721
5489 5406
6443 5276
1625 1725
518 7998
9154 2895
3227 1774
1173 5597
2156 6719
4269 8674
9614 998
8882 3151
2933 3916
1324 4805
2593 9447
3101 9022
2041 6001
9166 7297
9423 3747
8758 6547
489 2010
2023 2759
5845 8206
7177 496
7261 4012
8124 856
6906 9219
5965 4743
6351 5641
3489 9791
9886 3676
8000 2260
454 9167
7499 8634
310 128
1668 2184
240 1943
7327 5702
3410 2234
9152 6223
9135 6532
4271 353
5816 6463
4092 2576
8238 3251
7208 1582
3747 5267
5902 4758
2495 6901
931 1263
4559 8521
130 6786
7976 8402
2769 1885
4006 4399
3450 3420
2393 3803
6283 1020
6947 8954
9795 1157
2068 4606
328 1584
9683 7368
7997 2213
3712 500
7615 5301
4496 2426
9404 7024
161 5247
7171 6263
2508 8435
690 9017
5565 319
3019 746
1756 7048
9624 5927
6603 9405
6406 9388
6790 6915
7462 8802
3974 9795
2066 7532
8163 2436
4255 5573
4129 1482
1081 8828
9187 9932
6086 9629
8215 4638
3590 4455
3746 7191
788 4972
5844 1473
8074 7041
1235 1887
8761 8346
8781 3871
816 5783
2094 2986
3724 6868
5621 9182
57 1065
2171 2030
3288 6432
4490 9616
4691 7229
6230 9545
2178 3779
2770 7197
1672 3316
3790 9054
3898 2232
3272 7648
268 4229
1683 233
8891 4066
3120 6484
8786 343
1568 1706
5605 4841
4590 8502
89 846
5306 9394
2265 7435
6520 3408
347 9671
168 6186
5188 3138
3802 5149
267 6934
1693 2467
3937 5454
3917 5904
5325 5246
5392 2626
1567 7063
2074 8305
1779 3200
4608 8462
3190 9217
2185 2228
7492 8507
1927 3623
2259 8514
7139 4375
2245 5611
7850 8830
1424 3893
3366 1161
6850 9782
2990 9257
7653 2045
9922 3620
2185 8178
3840 474
8464 349
4329 8330
7148 1948
2386 885
8907 5458
9766 6404
3413 9072
5134 4368
9559 2454
7714 9582
7289 4861
9366 4701
2014 3121
1809 4848
1353 5773
3215 7108
1682 8155
9285 7550
5293 944
5836 2819
3031 2864
5917 8599
3048 2907
3046 2155
9162 9001
9706 3090
9112 2761
6453 1282
9492 7766
6739 6940
6603 2063
3630 7983
5777 2488
2811 9929
7407 1313
1761 1455
7193 1370
9808 8320
4374 9606
5711 8512
6542 3237
8205 3986
1451 1571
5332 8584
6327 5901
6271 611
8667 2204
7238 6318
4715 5908
1025 3849
2141 5097
8835 150
8945 8004
7932 9329
1579 5736
5962 3334
9293 7710
5864 9118
1050 2123
9407 2388
7683 7011
1429 567
9667 8324
1629 9171
3279 1230
9185 6881
4452 2554
3282 9273
4761 8715
3502 2849
873 9001
7245 1907
6412 1379
6839 8891
9014 2525
292 2924
7672 1332
2820 560
5694 4270
4649 3320
1609 1345
8845 1128
7978 7665
116 7489
2489 7221
8167 2516
4806 1893
4224 3799
552 9185
6919 8940
982 3753
2618 1692
1816 627
8806 4914
817 9404
4575 6066
2493 3849
1435 9933
2856 3414
6766 3711
2840 982
7242 8431
4850 287
3055 9579
106 4715
3700 6496
7471 6631
3471 6773
6588 1852
8376 462
1348 991
7461 583
7993 4157
629 1285
7244 5676
7872 5900
1600 4269
9905 9325
5038 9867
2162 8785
7685 3209
6780 9322
8293 6972
5363 4258
5746 7696
9802 9987
9314 7600
7692 7803
7304 6472
9246 2409
9007 4502
2599 7835
7278 7046
5664 2895
8925 849
6850 1566
204 3987
954 49
3659 6234
7632 761
1732 142
1179 5933
6944 4870
9938 4101
5367 8024
5901 3800
612 2636
420 3932
7770 3671
4903 2461
3863 9420
3121 9976
8091 3771
434 2049
1672 9853
8647 3786
9438 6587
7545 9156
9483 9425
2835 1836
7248 4861
4460 357
2007 1599
8600 8146
9565 792
4790 4396
1042 492
7113 4261
1664 9419
6482 8813
5664 1489
992 2569
6736 2813
182 3335
2275 9256
1091 1894
2410 9109
982 3137
1255 2597
4747 6906
1720 915
6531 9969
3737 8501
5320 2895
6000 7611
5367 2943
1436 4006
9260 104
6475 9711
5002 2814
8142 1030
3773 8577
7494 8125
1757 8004
6158 3722
5813 4987
7207 790
3699 2415
4555 7975
9728 8282
1392 7824
3613 8941
8978 7072
5792 5758
9939 5485
6483 2213
5975 6465
9845 446
6031 6319
7931 8836
4101 944
3916 8287
41 6471
6523 1869
4105 2091
7537 4598
7391 4357
5457 7507
1442 2061
7191 6794
8227 9995
8412 9743
3526 6938
952 637
2989 9004
9912 153
3013 7845
8735 8521
9590 8838
5401 1287
1235 3134
3791 5757
3208 3755
7661 8005
5488 4756
709 2461
6587 7417
5552 7815
167 6181
165 8781
8355 7513
5900 3662
9926 2782
8864 5537
8117 4101
8210 2607
9207 8328
7766 7562
7380 8426
9272 9070
9618 9794
3965 536
1354 6479
4664 2212
7778 2098
4946 3695
7107 3479
5734 811
1255 6643
6610 3226
8978 4277
982 9423
8095 2528
2535 420
9011 8850
1173 2811
5442 4090
3958 8124
6594 7933
6530 9755
6897 4435
176 3433
932 4873
9720 8594
6296 1900
5721 3759
5209 2788
8248 555
367 3801
2615 3959
3873 446
8477 4898
5900 530
3679 2825
7636 6927
3753 3247
9414 2200
525 2009
6536 6321
4792 9330
9598 1344
1074 3479
3703 2565
2799 5031
9421 4131
5965 3877
905 5403
25 172
2401 166
3317 3831
7175 9587
3438 4284
3266 1092
5691 1258
5573 3258
1731 3452
2206 9944
885 1047
5877 178
7253 559
26 8771
3434 5700
9768 3595
6240 6589
3114 825
1741 7901
8894 1681
7672 3707
830 6781
6296 4176
4678 4016
7519 6503
6014 2886
7700 208
3467 2349
7721 1853
8698 7109
9790 6282
8135 9813
3519 8771
501 5291
4933 1067
998 4028
7740 3804
5839 9880
1553 9918
8967 5478
7862 8003
6152 5807
7185 241
6433 1548
5200 7593
7134 5985
4508 1925
7136 6192
4235 4833
848 8129
1999 4828
5196 1355
2047 3111
5991 9737
4425 552
645 1924
8657 5930
5865 3360
6600 8735
5056 9404
7334 5667
524 8545
8799 36
1629 2872
9995 1631
6611 775
4367 1883
5648 3991
4472 3515
3256 2899
6459 9018
676 7271
5488 7576
3780 2485
644 2767
5138 4160
8032 9614
5717 2844
8213 8061
6104 3113
5039 1990
128 1608
9886 8684
8602 6840
6000 4222
6245 9451
9634 7464
2164 4669
6863 2457
7002 2637
8112 2271
7629 2051
2616 9423
8484 5206
9899 2066
78 8992
3610 9148
7847 3331
551 1132
6428 9128
5939 8280
4188 3315
8734 842
400 372
2049 211
4925 1729
4625 2983
7728 4317
978 9271
9115 9200
3213 2394
9512 3359
2569 9539
1453 3081
7474 5805
6959 5091
5769 2174
4258 9573
7145 6617
3555 752
9764 9718
2429 5844
8773 6680
1157 354
2118 3389
7501 756
9809 5864
182 357
6077 8791
7521 5243
5108 6280
6229 940
2030 8035
4088 8681
545 9491
8157 8755
1726 4204
6936 6268
9835 8714
2784 5639
5609 8096
8975 2094
6588 9540
8034 5537
5055 9215
2423 6488
5478 1346
3402 8190
5797 4036
8008 3424
2882 2622
2226 2579
7885 888
6025 8926
9152 9745
4404 2355
7654 5504
1354 7630
798 2790
2555 7337
5775 1437
9881 7959
5266 4494
8943 7533
6042 7147
9460 3904
3500 4343
8740 8543
64 7314
1877 1083
2636 5578
7862 3054
9356 9070
8543 500
8500 5834
1166 9107
1982 7053
2932 1147
3318 8565
5007 2896
5156 6922
2104 6048
1882 2943
9764 9175
6953 1853
9422 8522
8623 1477
9782 8209
8290 5084
2156 6420
4239 5795
9493 5925
1251 8879
2138 981
729 8961
2466 9064
7062 9200
7567 7061
2828 7987
1921 8090
6809 5140
6311 269
3912 5599
1588 615
7219 3287
8852 8596
5058 113
1910 8943
436 2548
4101 9683
7529 648
2838 1997
3619 3070
3143 1112
6685 6308
4278 8382
1730 2872
8304 4146
3036 9092
758 9500
1381 8523
2266 998
2999 7848
3296 6277
5969 3761
625 8882
4122 6724
4816 9734
6255 7328
5244 95
6846 4199
4206 1497
7518 2106
3046 6303
9257 6951
170 6945
1541 1692
9469 8432
4309 7342
7268 3081
4808 7710
2576 1316
3102 712
5177 1101
998 6639
5333 3523
8210 8451
2159 4850
9447 1218
9904 7766
6874 9711
4313 8894
1838 9725
9661 2688
8337 3842
6656 9982
9959 1456
7088 3754
4572 8785
2377 8555
3517 5625
6043 7101
7919 8750
378 3003
8725 811
5539 851
173 9665
2006 6183
1545 8012
3869 9373
4231 2764
8321 282
5058 2820
403 1592
715 2103
8212 757
6790 6268
1757 4530
6738 3604
7473 6871
1285 4890
6283 4557
1557 3426
5930 9976
9616 7751
9857 7231
3917 1482
3801 6230
4477 928
4969 7614
1536 1608
3863 8778
4422 986
5183 8241
2724 1203
3877 221
1975 7646
8902 284
4233 8181
8811 7399
6172 2781
9980 6802
6257 6734
8188 1367
5388 7393
7007 7716
9549 3126
1278 7730
4291 5103
115 2413
5276 2959
8794 9775
671 2653
4975 8776
1856 2670
8370 4341
2893 2334
7660 3555
3616 487
1829 6556
8513 7535
8903 3082
1215 9245
8006 8178
9432 739
8065 6241
4991 5089
5555 3668
3896 3679
8944 3134
2151 8465
3735 6340
7511 9394
9119 1517
7167 126
5103 1496
7075 9808
7715 6847
1881 5552
6329 2783
7730 8606
3991 6415
6781 655
5285 5795
5541 1160
9318 6901
8024 9655
6066 6510
341 1165
9203 8136
6783 6913
2607 8248
4845 2233
4602 6070
6273 6893
8088 2703
1797 6214
1134 7219
5248 7703
7386 567
249 2189
6075 2260
8312 8428
335 5004
1893 6741
8978 6400
7648 3045
5918 8502
2908 6142
8725 817
2519 7886
3245 2874
4476 4138
4903 3135
1363 4262
884 2343
3515 7622
8262 5479
7659 9023
1272 1136
2882 7095
6650 1041
23 2147
5202 9358
2258 4981
644 8560
1008 6013
1624 953
5378 1009
4161 3855
8461 9589
7948 4622
9091 2704
6548 9429
9081 4844
4356 1325
8136 5593
8553 5674
5121 1498
871 63
8087 8205
773 9632
2456 11
4019 9709
8445 5780
2788 823
1367 7292
4257 3275
5175 5397
6652 2167
9561 1707
3193 4746
4397 9473
2438 8851
9179 7419
168 1327
4285 3272
1450 4739
914 9987
3765 8946
8143 3834
1607 5935
7840 8492
9204 7073
3767 2001
5944 6144
7994 4949
829 5795
7525 989
9151 4032
5242 2185
2230 5313
6259 7151
9362 1271
7778 6004
2717 9265
7944 690
1326 2331
3429 9409
6846 7984
7648 3849
2605 7439
395 7251
9150 8090
6477 7907
1382 1643
3275 3784
2488 3927
4926 7861
4301 3338
6013 6902
3161 2954
5206 741
4437 452
1696 9303
8006 9799
8915 5946
9671 3509
4605 5110
6289 8683
6195 1170
8730 7954
2173 6379
6206 2378
7774 8416
8383 8285
6725 2262
1359 4120
1381 1664
6897 3178
2932 763
1970 4550
4795 3380
9879 267
3396 8269
9415 5510
4922 6034
9353 7980
7717 2674
3783 2207
7587 1148
911 7267
1104 1195
8925 2502
3678 5835
4292 5157
7700 2641
5506 7420
3943 4871
1020 4308
3682 1974
361 9118
2845 4135
369 3560
9079 5486
428 4156
1709 9891
9518 1441
3756 9239
932 664
2012 6174
1773 3065
8112 8053
9304 7225
7761 3433
1991 1193
8746 3047
1601 3477
775 4156
6086 8599
1510 5666
3199 747
8242 927
5864 9055
4793 3831
7061 2615
2939 127
6903 9971
5154 2091
4208 3217
3839 6115
7952 8330
9106 6583
6156 5391
4831 1089
604 8389
7754 8779
9854 5627
9777 9679
1859 3839
2502 7426
8720 2527
7794 2150
2051 779
8584 3685
1076 1880
5738 4403
1020 9595
210 3453
3215 6519
2272 6633
3039 750
9699 4540
2889 4640
4035 7806
4599 3921
9736 5542
132 86
5292 5627
2730 9774
4076 9442
1458 3384
1570 9126
3471 2056
3066 6713
3967 5584
8735 4215
7066 3459
7442 3399
9205 7240
1461 9786
9972 4263
4645 807
9814 9213
7982 6657
4009 4951
1640 7500
3250 7432
477 8736
1324 4625
7269 1582
4240 5259
9013 2453
1843 8479
6088 5175
12 1441
3793 1618
1500 6477
3104 1784
5231 4523
8660 8270
8095 6435
868 5203
675 3083
3121 4638
7401 600
8937 8320
9387 326
1264 7875
4266 3395
3019 1355
8938 5032
6288 2505
6718 9870
122 6742
7177 4996
2211 5413
1143 7950
2479 9532
4229 8370
3026 7774
1399 3009
1589 4720
8798 9130
8082 3518
1276 7798
5623 4159
5941 6847
2245 694
8536 8222
4325 6951
2263 8758
755 5663
8709 546
3545 1832
234 273
3210 5864
3694 6543
4571 6363
9065 8093
8643 5968
741 3895
2672 4623
8236 1000
3728 6908
7100 4565
6662 7064
893 7918
7215 5292
7147 822
8540 8121
7545 6794
4169 5861
2851 928
6879 2716
8984 309
7599 2376
8073 5138
6909 8504
8326 9150
3876 7671
6039 4148
1490 2456
7827 4103
8081 6284
2561 9282
7500 5653
2635 6786
29 9196
6139 6173
4592 1533
8368 4356
9277 4217
7357 5221
3004 9964
5858 7297
8663 317
2237 3613
4361 7445
670 6572
2752 7991
8976 1155
381 4353
3494 9137
9020 6397
1023 6274
3641 8109
16 9816
7661 5452
6837 6286
2458 9427
474 2164
5319 6702
4348 4791
6311 6436
1337 1306
4183 4826
5218 8598
3340 8368
799 7539
2124 631
5653 2400
6590 3589
279 2343
135 5425
747 54
7647 9313
1781 3568
9111 4476
4194 2709
5645 835
813 1846
2231 8844
9559 4036
4541 7730
7454 1647
4999 9242
355 9950
2004 8956
4313 8050
3790 3090
8788 5141
5451 6754
9653 4739
5776 3034
7553 5315
2471 1312
7676 4574
792 5733
6945 1322
975 2540
5051 562
657 1134
7250 4414
2284 599
8604 4891
2109 637
3872 7286
4605 1958
4114 3765
132 1319
7161 1808
9119 4910
3609 860
4024 7026
6271 3394
2220 1080
3194 9996
9407 5851
9758 6783
5309 7690
13 4606
3772 6130
9079 9345
549 1744
4290 2358
1570 9646
6935 1258
5099 421
8069 2818
3226 1425
4426 1588
10000 2668
5025 9914
1384 7452
9787 5625
1519 6170
9799 424
2341 1400
3514 7088
23 5868
4202 5992
8730 1941
8138 1777
9073 1014
3234 1026
978 8010
1291 7935
988 5851
1368 3941
8571 141
4209 1776
9689 5914
4488 4121
1668 7962
2173 9592
9509 4176
6220 1833
3472 8174
7027 9955
5444 8921
1003 8667
797 5323
9398 5576
1123 4631
8041 3565
5010 9402
2666 2311
6221 4390
555 6032
1551 466
6608 8908
9658 9135
9166 7855
981 6131
6406 9159
6869 8159
8992 3252
216 1405
3359 896
6339 608
5194 3720
3722 9240
5472 5811
1471 3249
3008 1663
2353 2114
2648 9863
4819 299
4834 6507
5007 2351
6953 3701
930 4166
2223 8524
2828 7926
4324 8317
6906 973
3228 4282
1074 8818
9857 5687
2832 1173
4256 1742
6469 5311
598 2548
5845 5340
6126 9881
7047 582
9850 7646
7672 5707
9554 4620
6702 5970
1883 2624
7258 346
7732 7513
7933 9820
5670 9588
7978 6533
20 8743
1889 1149
3069 8938
2365 1865
8220 1215
9702 7312
2394 1068
1699 9530
7287 334
8748 3504
8703 1846
2660 6487
6989 3307
3651 1288
5673 8038
6249 207
5766 6383
1400 8988
342 5354
187 7837
3072 3293
5233 2346
1666 5813
2936 1629
8766 9051
7994 7470
3644 9539
9778 1034
3548 9889
6206 5316
9123 5260
2765 4274
2015 3329
1432 1256
3151 7696
4273 509
52 9201
2986 4978
2872 323
9146 5233
6765 9208
8803 2740
2162 3510
5189 5840
37 2848
8396 6833
6493 8830
2831 5654
9610 7765
1840 6191
6215 5697
8557 4723
191 6126
4821 284
6074 1803
1995 5804
9258 7989
4854 9152
1525 4718
1568 9964
3808 5825
9006 2759
1179 833
1307 1299
3150 9754
6637 2479
847 9909
3871 7151
3694 2886
1811 7901
3982 7626
2506 1795
4371 7851
4345 7631
2076 3040
5390 6756
3794 2345
7255 9430
8149 6444
722 9977
6903 6045
1171 1101
3004 6178
9084 4913
598 7456
5719 6190
8526 6990
4926 9740
6218 5977
5599 1120
8284 9709
7462 7818
1293 6375
6696 340
1157 6121
6576 8389
9069 617
49 7403
9637 616
4716 2686
5091 6210
2882 8527
855 6632
8775 9883
3634 8116
1662 1585
5892 2802
6546 2456
5439 5027
2074 4989
3289 3536
2439 3581
4095 6868
4237 4899
4192 2077
5550 7182
220 3599
4039 5665
9757 5766
2792 6372
6120 2326
2213 7513
7549 9427
1857 2464
222 5460
4842 7974
1796 4710
611 5224
5271 5385
3763 5013
2617 9366
8214 5806
6699 8341
9676 7416
447 4215
1347 9476
912 2576
6297 7952
6548 1023
5729 6208
1819 1309
9625 6648
6219 290
5706 7547
9636 2103
9845 8251
7034 4896
4953 3959
3609 1774
3108 1308
6281 9128
9995 9068
5697 8101
1613 4939
1531 3176
4294 4157
6562 4940
6675 7810
9955 3470
4780 8955
5386 5064
2239 1961
441 9866
9538 1407
1646 4214
5894 9989
180 5704
6792 9839
5706 3260
65 5816
5031 6798
307 8414
2707 3489
3445 4394
2202 4260
2111 8083
5288 8590
6474 9468
1818 6921
4344 1383
4765 5137
3889 2995
9369 2715
7870 9261
1446 6147
8300 9984
7293 6221
1242 6942
4420 8987
1838 3631
9900 2756
194 2538
6221 8718
8598 4441
5838 9295
390 9832
9319 2315
8561 3498
3354 1389
2908 6053
644 5162
9128 5626
5631 164
2582 3342
140 2131
9138 7634
5013 4953
5190 9751
9267 625
573 9611
8432 1850
883 6736
523 7587
464 1866
5469 5890
3621 1014
4958 9377
6714 1616
2534 831
7890 746
2271 2009
3779 1591
5250 5217
3377 7806
634 8865
9836 1178
6213 7892
7608 1101
2763 5552
4354 1959
5216 8381
7596 2189
5554 4992
4457 895
3247 2551
2878 5839
6236 2104
4229 5068
8637 8298
7476 8682
6123 1762
9969 1457
1183 3379
5876 7812
7530 7677
9870 7919
8190 6245
9520 2256
8570 8677
5544 4831
6659 5981
8358 6407
557 928
3308 6027
2720 2393
8704 1515
2280 9992
4903 1970
6415 3140
7994 8163
6661 6647
2767 9812
7420 942
2633 2730
905 5977
9428 8706
1796 8686
2638 8231
5305 9668
7619 8321
2576 6510
5410 5248
6027 58
2424 1213
5860 3826
5577 4355
4135 1759
4730 6153
4099 191
2534 7472
3735 436
4296 8115
640 963
6830 9522
7246 2785
1860 6423
9255 3267
745 2423
4023 4179
6608 10000
6101 5499
6743 6222
6072 6045
7657 2169
8980 5625
3699 7271
538 6957
74 2245
737 1672
1482 7754
6722 2459
7223 5887
1167 1738
9524 3810
5347 1007
8744 4770
6831 6789
1427 5058
6505 8590
8597 4456
8984 2153
1063 704
4282 69
374 8950
9671 3000
9028 7746
9641 951
5614 5071
569 7698
6984 5767
2701 3452
4382 6742
3189 6062
1401 5655
1570 9898
4733 3277
7439 4255
7331 4387
5128 9322
7349 676
1834 5818
839 5271
8223 9134
924 2595
7540 3246
4687 7010
5466 3745
8405 7777
8518 3066
7037 8652
7529 2777
4229 1984
6049 306
9931 6367
9520 1724
9655 9959
707 7045
7259 3801
5654 5551
8602 7279
8790 7175
1922 8853
6774 4718
7176 7272
7958 6453
2223 4155
6946 2084
9776 1383
7419 1224
2486 2015
8327 6447
746 2480
2254 1040
4133 1524
5955 4717
4733 5111
2034 7729
2369 7491
1688 8252
379 6768
680 5702
1377 7200
5211 9213
8661 8652
5853 4874
2924 3140
1896 8783
7615 271
7248 1345
9769 3208
4210 8014
5193 7367
49 1770
8645 8762
9672 245
183 3111
3037 4586
9502 9318
8908 9051
6905 6813
1544 3107
3886 8928
47 441
6484 80
3333 5356
9579 8660
6094 2938
3979 6613
2433 5895
9711 5554
3929 8504
8814 5372
9727 9869
1838 5828
1821 2438
2841 2914
8981 9449
7254 2326
5926 1205
3198 42
9523 6789
4454 2067
6906 3031
1496 5676
3241 2318
249 7676
7252 2610
5106 9310
1388 9916
1289 8951
1777 3506
1946 3517
7377 5181
6378 6191
2372 6987
2807 955
6618 8239
3809 8981
3480 6693
4743 1230
5854 6261
8887 7232
2800 6785
4023 7318
6295 6293
6960 9401
388 2216
4883 9076
1996 5787
1154 7618
6175 1010
9090 9914
4893 3927
7426 152
4259 3482
4541 4418
8604 846
1779 2683
1848 8835
5686 3905
2472 6651
7535 4182
7901 335
3056 6220
8893 6071
8943 3094
9176 5597
3684 7596
832 4186
8879 9061
2064 9340
2491 8583
7261 7896
8839 5706
9354 1250
4329 1323
2266 8986
1912 8320
5993 3767
2441 9731
3960 2182
3985 4978
6906 3594
8189 9873
9745 151
8469 8825
3112 2511
2180 7034
2281 3770
9152 13
1117 6218
874 6962
4484 381
4415 8547
6662 2458
5879 7198
9607 2088
7926 8400
214 2657
6834 8845
1945 7404
391 7679
8819 1624
912 7010
1948 5008
6316 4036
8731 5004
9556 679
1281 3957
4790 1453
1455 822
8374 3054
4584 3131
2179 3604
2197 7539
8116 3117
5576 4613
6135 2019
5178 5350
7952 8929
4174 2972
1947 8698
7059 1724
2821 857
5867 4463
5477 5456
3071 6036
1555 1145
8270 4977
6097 788
9620 2416
4407 7766
6134 6396
481 7548
7271 4205
3108 320
3470 5070
1351 9720
9567 4355
5206 2516
8133 8993
8080 1500
8321 6542
9778 61
1344 7411
4559 6128
8848 6853
9858 3661
2795 8940
8479 2179
3523 2284
58 8044
4301 9395
843 733
6506 1748
8942 2654
9888 2938
8922 6332
3742 3657
9939 8187
4531 7854
5697 9332
8819 9449
5298 2123
7746 5123
905 3707
6781 4686
1769 1750
2407 6494
9141 3295
938 1112
6918 4261
1257 4572
8057 1369
3459 4963
1659 2015
7300 2124
4968 1868
940 1399
2093 4979
8945 1309
3585 4788
8165 2725
9764 4918
3705 715
855 6658
6041 5093
5172 2485
6341 3952
2730 3769
4636 3368
842 4224
5054 94
6183 8865
6477 3030
6530 6966
739 1724
7131 4441
4438 1086
108 2513
8788 9568
8875 5874
7183 5603
1996 5835
2317 451
2535 5402
4769 3781
5426 5298
2748 3667
4439 2216
6794 520
2543 5893
8956 809
3682 705
3830 1994
622 9334
6116 3005
2222 208
6234 289
4111 19
3650 9218
7057 6301
866 7266
2922 5938
176 9855
6016 183
1448 4064
1804 8004
7170 8908
6680 5909
7383 7229
2737 4994
8745 6998
5616 2828
9432 2350
2315 4132
995 94
4825 5567
3078 4680
1447 3795
9059 3449
6402 2720
8712 7810
6264 9078
1127 7557
4444 5844
782 1478
3828 269
7699 7936
3345 3632
6789 9608
9842 7075
4500 4638
3068 123
3469 4748
6144 3718
9908 1789
400 8679
2018 3031
5980 1716
8851 8248
3507 6362
6144 3192
8448 3418
5894 9472
4262 4886
7540 3852
1581 6695
3662 780
6528 587
7086 9359
1330 6149
2035 2814
3412 3509
4174 4627
788 1456
5100 597
4416 6764
5212 8463
7156 3461
6135 4357
1068 2326
3859 5717
4324 3963
8231 9785
2600 800
5667 706
9840 4013
5920 230
7632 6023
7640 2288
4796 9985
3178 3484
1164 5949
6862 7394
9731 7282
3128 7556
8727 9961
7557 9707
4576 5677
886 9012
1735 3340
6850 6681
384 4371
3051 4737
5645 3820
9253 6308
4980 250
6877 1928
7665 9259
8373 8206
5471 8648
3401 7397
3231 936
1494 2089
4177 1854
9382 7542
9991 543
5792 7208
3677 5056
5444 5222
7897 5287
3765 1178
6333 5694
7228 4871
6168 9423
5986 6460
3173 3219
515 5708
4048 9377
3126 5052
5550 5887
7940 1725
8766 8599
2639 2516
6618 1879
6709 5925
837 1218
6712 5852
3684 4097
5420 8907
9995 2571
123 3159
7377 5990
7168 9276
3762 6976
8870 353
3339 1747
6003 3720
2465 2498
5245 6129
3753 5180
9033 6415
1230 8976
8426 1331
6441 8026
5674 6327
8097 3587
8437 7117
1242 1047
6278 6656
2301 9421
9148 823
5230 3269
421 7379
7540 8740
9462 7046
916 1538
1017 6061
3749 2921
8840 2695
3849 6571
9946 6244
7201 6885
255 5775
7268 6516
9557 9226
3898 4134
3127 1104
5432 5085
9345 9582
4739 8952
8592 3376
1299 6123
7373 7393
2314 8677
8794 1806
7247 6062
3144 7866
1166 4485
298 9735
7351 1919
3395 572
3059 6571
8566 7660
9858 6525
4133 6911
8229 5023
7313 8526
931 8582
303 3221
745 9764
2552 2438
6155 9764
618 2790
1017 208
4533 9837
1819 1394
5517 1099
5491 3030
1454 5335
2464 3990
6399 4037
9852 5177
9681 6025
8027 5934
8543 6825
9277 7645
2219 7664
919 8849
4290 4737
2067 5896
4811 1948
6821 2057
7961 3519
5580 2211
5759 8743
1453 9825
6037 3958
6129 5195
1363 5297
6094 5434
4290 4171
3139 7987
5820 8214
1851 6779
7130 132
8026 1552
8806 5084
4640 6828
7996 5544
7183 2451
4981 634
2553 9703
2883 400
4828 9536
1570 2799
9688 7531
9301 2841
3248 7876
8040 2209
2290 8200
5707 5475
9815 4884
6713 3522
3743 4250
1344 3384
9188 9727
5130 9681
1729 9868
8840 2197
3391 1108
3783 8724
3549 9667
2733 8481
7731 5140
3539 2716
2266 2934
2675 3131
6215 7287
728 5792
8281 8961
3687 5130
6270 4559
3833 4113
974 1692
1784 3216
3162 2269
8679 358
9436 7933
7839 2732
8287 6994
9050 8436
5392 6415
9557 3727
2181 2593
5137 8988
999 5307
7867 1446
8866 3603
6464 6830
2073 133
2749 4420
13 2445
2080 4486
3895 2821
4233 6109
6877 1938
7693 7100
3548 5346
4719 2143
9135 9922
4014 3750
6603 5520
6245 446
1823 3684
1274 3368
1601 7084
7704 775
6496 2628
2732 3937
3147 4738
963 6534
175 3043
7520 9657
3247 6989
1243 1859
8012 8577
4115 2250
6794 8688
1408 5335
1954 4919
3534 1375
1781 5375
2134 5455
789 8681
9901 3752
8287 9073
9160 8410
4077 4361
8804 8012
2498 7658
396 346
9428 99
9022 894
7799 2435
5903 3230
6144 2535
240 5318
2034 3411
5985 1757
4532 3742
9636 6716
1307 3564
5611 1188
8121 8976
2764 6938
2394 7308
4748 2773
626 216
9534 3312
5111 6628
2027 6869
3423 8472
8748 5527
765 5659
4818 171
7402 3835
1679 6033
2976 6551
4345 8128
6251 1752
8608 7384
8754 8724
4780 222
3107 3815
906 1054
1119 4668
4319 7193
8286 1109
8461 8769
2977 4941
7437 1831
1485 3952
4328 7863
4588 9501
8041 6710
6055 3514
5578 197
657 8729
6787 2720
2791 6317
1058 7970
7173 6903
3655 1762
7968 8580
5684 2839
8499 9834
7015 7147
74 6494
9036 5872
863 2165
8145 380
5452 9859
9666 4085
7442 5236
8166 3410
5637 4782
708 9815
556 6624
9680 3566
8020 3863
3174 4815
234 4579
8941 888
1943 4470
5093 5551
8941 2251
8195 3603
856 5207
3506 7524
1488 7270
705 5016
4023 4137
4332 5482
9863 5685
2282 5542
5586 5549
7219 6524
7560 2683
4646 6188
7131 7629
3316 5683
2248 4403
2899 7763
3006 873
5845 6804
3493 93
640 8724
3356 3120
4456 6208
3475 556
707 4072
1682 9317
8801 2316
5929 6015
1181 4456
1178 9574
4474 6088
606 405
6325 3108
1232 8420
9981 9670
2131 1258
746 6973
2027 8197
6803 5706
517 719
324 6756
2992 6186
8886 8028
9197 966
8892 8556
1178 1370
7252 5948
5388 2604
7680 6232
7062 3327
6511 983
1364 9615
7059 9222
8320 163
5938 733
7542 4408
8896 6421
4051 4301
9363 7817
3046 7284
84 8230
1551 8567
4322 8503
8935 263
9060 878
6381 1003
5881 9496
5836 1486
2898 442
2162 5490
7463 3252
7322 2131
4099 4642
6000 3261
8880 9712
1965 8041
4265 8410
8168 4254
5052 9605
1202 9733
416 8419
5114 1267
6857 3904
9144 3797
6204 8220
6112 7556
6229 4645
9330 8354
8082 9490
604 3163
3117 9530
8388 4973
7582 6305
164 853
8150 4028
5356 4623
3533 9476
2461 2144
2895 3384
8188 2583
6675 5485
5691 38
3288 2131
7922 9738
2818 8250
8512 6203
6213 5425
4637 6207
6899 9198
5633 3588
7270 5450
8629 6657
2202 9486
7296 3712
2627 6917
1210 2775
7867 661
8997 8293
666 2639
4598 9901
9149 3050
2872 6269
3277 9840
3697 5849
8001 5058
375 420
3711 1886
4376 3685
1594 9743
1196 8715
9118 3256
5580 898
8896 8572
1311 5562
2162 7693
4181 9077
6933 2157
4888 29
9866 3033
3389 869
2018 6626
1107 4294
1270 7258
5229 7309
107 3919
1960 791
4902 1170
7764 8852
76 5258
2958 3398
1323 8978
758 5084
8751 936
5615 4925
3307 9211
1937 3607
5686 3819
7556 6261
1114 5617
3215 1700
8024 1857
4873 6156
6398 7681
7630 6920
2854 2034
9527 222
6419 1842
6531 7373
5865 2551
195 2348
9435 9095
2494 9637
4440 8752
8924 1294
6789 1597
1013 8269
3009 9808
6838 4052
7259 7234
852 3082
4541 6833
834 9463
4503 5095
8279 5026
6191 5664
157 5289
1548 9532
4347 5491
5260 7264
5988 8812
8852 6506
8328 1991
6569 2580
9574 721
5953 3681
2046 990
9001 9700
1148 1203
120 6370
7193 3622
6775 5518
9958 8476
6267 1012
7101 6529
3761 4531
9488 7734
6615 1284
7663 1270
767 3307
4930 5991
8036 5163
8357 2020
770 7064
1291 2800
4480 6875
4707 7276
4312 360
5411 35
9495 2178
8010 3066
2130 5467
3371 7335
5116 8557
34 830
1217 8479
8018 801
4845 8426
8281 7036
8145 9030
1111 7177
1090 7994
2819 5501
2291 4832
489 6154
65 2499
2569 3472
3472 2840
3044 624
18 2400
9835 30
1901 9666
3611 9708
7331 2942
2187 7271
6040 45
5078 3860
536 6950
8020 6968
334 7598
3832 6491
1608 2946
8906 8644
7316 3485
3644 7781
1564 2421
4987 9461
3450 3024
3932 9835
5936 3430
5683 911
3068 9492
784 6720
4412 412
2379 1149
1129 3228
5883 5394
6650 759
6424 2865
228 4161
9919 4882
534 5681
167 2737
458 3526
8433 2795
1280 7737
7715 4704
2576 8129
6297 7557
4900 5147
4645 5521
6454 8893
9068 196
7584 8722
2360 5321
2781 6444
9402 6512
3789 2919
9646 5163
655 3011
4314 4605
6874 9585
3303 2391
5161 5076
1831 8427
1255 753
2107 1822
1170 7213
6300 8892
4676 4182
3847 4615
2633 7644
4794 9177
9323 3663
8974 3347
1780 2566
9727 1268
1891 7985
6587 7331
5895 9467
8184 5843
633 9747
3280 3377
9874 6180
7648 7585
7955 3278
5456 3790
6048 5341
9440 338
6758 7362
7435 6451
8797 5117
9053 6042
8761 3117
3735 6440
8477 9159
2328 3972
9650 8379
7545 4266
4119 2203
6597 2418
3813 9133
7507 112
9194 2165
3173 1467
2408 4294
3586 3160
5399 3654
4218 1101
5002 3819
9248 6646
4531 7139
1216 853
8986 6244
397 3791
8908 4665
2017 2107
176 4818
440 6712
4230 2059
9785 4923
5505 5280
4290 4045
4002 9954
541 8027
6309 1841
4388 8226
8593 3929
77 6228
2937 1704
5220 5644
8329 5984
8167 6619
2225 9976
6965 5410
2437 5586
9119 7849
3048 9756
2410 9244
8238 5661
3299 7066
4209 3157
6131 9855
9407 6336
8472 4843
1674 6693
70 3706
2489 4299
6563 8877
9089 993
1296 7463
7988 4549
775 776
9137 5538
7041 7906
7788 9929
8883 9199
3784 6796
8912 3922
1301 4008
8253 9846
7088 8159
9499 5375
756 6493
8366 6527
9740 2093
7936 6286
4669 1394
4158 3671
5216 8207
8488 4962
6036 2669
5274 1484
5514 7249
2026 8859
7666 5944
3370 4052
8864 4508
4407 7017
5261 7501
847 123
3077 8374
3437 7160
9045 5989
5518 8291
2329 2614
2093 5734
6321 6496
3432 4077
3590 9450
1557 893
8690 8029
4207 3373
4684 4199
2964 5193
715 4312
6780 7223
8240 9873
2144 8392
2259 841
1122 4060
1366 1516
9339 8356
2072 4789
833 7790
4574 127
839 9758
4028 5865
2959 4967
7031 2770
3250 9382
7000 6610
4292 3055
3064 2765
3078 1623
7342 1786
7331 4557
5168 2671
6738 500
3393 1727
1382 1989
2682 5419
8763 659
9246 6321
3661 5140
7755 5145
9230 6940
838 1876
69 9592
2009 7038
9192 1823
340 1696
1958 3994
1411 9304
1329 9588
4692 1427
2796 8978
3530 1191
5474 1790
7577 9393
3764 3044
9284 4563
844 8834
7302 5022
46 9523
4126 7431
8984 8111
5341 226
4060 9635
2032 7703
4219 2215
369 9647
8719 8775
2996 1421
2763 9827
3130 5166
6721 4937
4988 9986
153 5848
5425 7285
4261 1307
239 6132
2986 6828
1178 8200
9510 7805
5768 1271
5355 8875
5794 7361
43 6736
8386 3153
7917 2861
2134 9261
1505 9943
888 2373
6481 7716
9711 4640
8168 2482
7344 5002
6261 432
9457 1211
6909 6422
8013 235
6589 8402
8151 494
7032 656
1001 191
6010 5244
4843 7859
8819 3491
5541 5380
8496 4160
9769 5891
130 9615
3649 9261
9480 2282
5952 6043
6281 7928
6342 1029
9681 8246
6720 4912
8416 4356
6453 721
2879 4627
6234 8762
7589 8772
5158 5488
589 4401
6124 6572
481 1786
893 8494
4148 5863
3235 6867
1081 7040
479 3339
8132 4977
2527 7356
4751 7195
3071 263
158 7203
746 9985
5779 1535
2987 9192
1451 9015
9366 7466
9751 5968
4980 3481
1046 842
9821 8940
5909 8817
7708 7499
777 6639
227 1486
7430 1622
2821 4688
5118 9378
4407 8680
879 7985
1167 3578
1001 7771
8419 4466
7920 3299
5354 8026
2948 770
945 6088
8166 7118
9263 622
1950 76
5505 526
1065 5426
3265 6971
6323 4918
3235 2833
9569 9593
7051 6644
6691 1354
5838 8592
5655 732
3389 941
6238 5872
1759 8823
7628 6424
2509 4431
1744 3128
3554 1615
703 7073
3424 4980
1693 8978
6018 2615
8123 3440
1597 6778
3226 2318
224 5484
525 3391
382 2795
5619 379
5398 9410
6600 774
4953 277
5502 648
2705 1455
9417 3744
4822 8795
7428 2573
2898 2542
8485 9870
160 6199
9145 711
4664 7386
8546 8662
9365 8095
7433 4237
4260 6025
14 7706
1218 217
343 8355
5268 800
7663 1590
7766 5760
7383 6702
7295 7993
4050 5508
8820 2718
7133 5472
9152 7782
4188 3426
7942 2022
3582 5148
1320 910
1477 1414
4337 3382
7511 5381
4417 2482
580 5339
697 2767
4790 4931
3394 6463
9400 2769
1797 1856
8092 1606
7985 9818
8731 7393
3567 1646
1715 8987
4382 6378
2880 2928
4259 5231
8792 3751
9464 1478
5173 9572
7887 1295
7681 6549
1801 7316
3932 8527
3187 5890
2389 2934
8610 6224
595 1694
1353 3025
7200 1169
3637 1897
5886 9800
4536 7143
1813 8773
1349 104
2538 846
5021 8531
1839 8659
7154 9233
8970 99
4509 1695
1448 8281
5982 3795
6689 9259
1242 2785
9618 605
782 1422
418 696
7745 7268
4682 2463
7688 1554
7302 3499
1467 3383
1710 4281
4582 5160
9107 7042
4074 4830
1159 5253
1757 2360
8087 7911
2198 4922
7673 3173
6018 3336
2439 7388
4583 6834
9266 8615
5701 4798
58 6402
7621 949
4873 9532
6005 5915
7481 3701
12 2553
7061 2426
9218 714
9152 9307
3335 1169
5994 2124
6546 732
2071 9203
1428 5684
8678 4187
8126 4118
8729 6445
796 9181
6444 3228
5357 9683
9949 9138
9663 1763
6533 95
8776 4389
6910 7249
9724 5390
7205 7498
8556 7716
9765 9033
287 5768
9430 6037
1868 2990
1389 9807
9222 5036
6415 3320
2224 5045
6019 7996
1655 9934
2766 188
3419 5134
5780 769
9586 7346
3506 8292
8397 1173
5741 3601
7485 9857
1752 8056
8554 72
493 2423
6995 9069
6450 5220
8695 5855
52 376
459 4450
34 4614
9267 760
4530 4848
2636 5603
261 818
4616 3702
1433 5419
6738 7730
3769 8738
991 6966
6251 9570
6769 3215
5346 1815
840 5163
2589 6588
4876 5872
7366 9783
2448 2681
4425 535
1702 4560
5342 9743
9666 5031
2064 7823
839 8858
3411 466
8364 5748
2573 375
6234 1387
3269 8008
8210 5345
3273 9429
7216 7700
393 4561
7457 9258
3020 3514
8919 7592
4907 7413
2300 3293
3230 3304
2156 6663
4792 1356
997 1472
9536 125
5686 245
9113 6496
914 441
39 8340
1207 7082
9103 5525
8467 2207
6419 5322
4355 1336
4947 3822
8100 1445
7030 5171
1378 7115
2760 6108
3577 8224
3564 4293
1185 8271
8756 8278
5027 5890
2524 4943
9871 5610
2238 9652
8682 9586
8083 2748
7852 3585
2290 8091
1923 2186
1952 5349
3887 3728
153 4970
2704 6803
2541 110
8949 353
2000 6134
9846 2919
5549 826
9428 2384
3289 3463
7203 6182
2457 6405
7003 9881
6911 3474
7891 6525
9514 8643
10000 4870
4272 968
8734 1200
9616 4153
8400 3079
9497 4033
2373 6815
1604 1908
1583 2912
7765 501
8833 5575
6466 4609
9655 2524
1706 8598
759 6222
999 7728
5556 7407
276 8905
1714 979
8391 6375
4192 7764
9150 1757
7748 4061
3305 8080
5992 1455
456 2122
8626 6955
6181 7884
9496 3068
7605 3224
3565 6001
4633 5816
7759 6183
7870 2606
1087 5803
859 361
3969 9108
2282 2297
8308 4994
358 1621
2715 8720
7191 2991
4513 2986
7192 7127
5241 194
1298 6349
3486 4125
8905 4440
3319 93
3535 229
7581 1441
5925 1636
4154 6321
2234 9120
1028 2942
1743 8297
2145 4631
1152 4839
4644 223
1536 5915
3778 6625
7987 3114
3235 8712
9411 5117
1194 9376
7154 6552
8677 1234
426 2778
8517 2380
6375 6037
3549 5470
6264 3058
3759 7797
883 9514
8791 2544
9087 1789
7186 3428
1428 3782
4357 7433
5590 781
4073 3198
6377 331
4867 3052
2905 5957
9327 7064
6878 9586
8749 4801
7286 2931
4210 9364
7261 5908
2667 6602
3109 1404
6237 3959
4871 2785
7716 8895
2009 2437
1708 4360
9612 5457
6206 3601
176 9277
5905 9974
8411 9445
3107 8166
9873 7709
4196 7161
338 5585
1870 901
4629 5332
7471 7308
2553 5179
5005 6730
2082 2521
893 255
5452 9975
7659 5440
4061 8417
3696 6352
102 9976
7148 463
8117 9122
3258 2692
9830 1042
1994 1702
4594 4623
6895 5920
4853 4902
3458 414
9541 5770
6083 8311
7702 5529
4522 1896
951 695
6045 3193
1430 8699
1736 3563
7844 964
1678 8480
8989 9193
3736 3728
3612 895
6101 6308
8353 7391
8398 130
2482 2949
7408 8244
8647 4907
6928 9882
8890 8734
7708 2441
6096 2148
8985 1447
5580 2474
5813 3085
2898 3088
8056 9650
8406 337
8353 6378
7973 5844
2940 8332
5623 3489
1697 9143
5699 2702
4266 4214
3634 4440
1853 1802
992 8248
7448 9103
6331 4889
4306 7326
9818 3340
4870 5320
5046 9712
8332 7863
561 8071
8469 350
6043 9951
1927 2590
7588 8255
7678 2045
8432 9802
4619 7145
5575 6148
5134 7499
6347 3787
4766 5640
7550 1063
1652 8810
6627 3437
866 834
8341 3694
9057 4338
2258 7412
9545 4486
4680 681
6959 4810
6678 8845
1363 940
2875 7241
3718 2540
3337 7859
5481 6876
6290 8660
6388 9302
787 3649
4648 6822
9131 6696
7364 9958
2161 6788
3141 4140
977 4396
6018 5924
2722 7770
6519 90
9190 1511
2866 6735
4928 7781
4972 6992
1222 523
1242 1994
4909 7490
5798 224
4854 7402
118 7519
8526 2845
9232 9141
7725 1783
7503 8755
8621 7579
3032 4168
1758 9455
217 4459
4041 6514
7526 530
2084 2453
6756 6272
8597 2449
6491 1546
5799 9340
7947 99
3878 908
2702 555
1020 8314
7358 1367
5640 6353
4610 6241
4954 7356
6936 6605
8808 5845
2450 629
7648 8950
1376 8915
1581 627
9297 9702
834 1404
4824 7200
9765 8726
1474 476
8211 943
687 2827
6395 6942
7293 4504
1921 6012
222 960
6233 6685
6085 699
7907 1626
9698 9152
9836 2939
433 5669
933 323
7359 9306
4333 986
6987 4872
3230 432
4256 3733
1508 5925
909 4747
3943 7492
3916 8300
2209 3029
8083 2585
2200 5274
638 5469
1327 2400
7781 6007
8257 4300
2638 2392
4425 5126
4562 7454
466 8637
4188 1429
8940 2580
321 1464
2836 3385
8914 5079
6837 1135
2486 5465
9399 4869
4588 45
4738 8189
1981 2155
4540 8420
6375 6391
3894 4383
1717 1481
6749 472
7538 6570
2500 2412
3588 9281
193 7939
3137 868
9009 9265
5051 1828
1357 400
6484 4909
8564 5973
5008 4175
1608 1062
1068 5215
9913 6735
4990 8387
4514 4618
7234 2586
9778 3458
2830 6130
3137 6132
7248 2277
2487 5636
9475 5307
8229 530
6076 4350
2257 2735
3080 8996
1208 8460
1145 1676
5986 6087
9456 5633
9302 2794
8576 2255
720 2637
3966 7894
7457 4845
8398 3690
9892 6502
8957 677
963 2095
356 5788
9378 542
1394 9393
5130 6853
4151 7622
4790 5201
7075 1744
8293 7059
3453 1050
14 4599
3281 5074
8625 8226
6205 9940
1350 6962
4093 5040
8219 7138
1974 3167
6154 5484
6092 1738
9524 1766
9902 3617
9999 7749
6731 9675
8969 5729
7781 3147
3670 576
9908 1881
3707 6202
8040 9280
5570 1234
7816 1196
548 5126
5830 5019
9331 1290
8419 253
2401 3915
7904 2817
341 825
7655 4681
2626 1511
2769 9411
2167 4462
8043 5100
9002 3336
5914 776
6532 9604
3301 448
1155 9213
9990 7864
2031 7512
8646 922
5492 1627
1245 7186
28 878
7439 3982
2189 4860
481 4321
7987 6100
9809 1630
5952 1089
6313 3874
3860 8512
3598 6437
27 178
4790 793
8198 6910
8883 324
9379 2569
7494 920
7915 6141
2742 5144
9380 7102
1024 1628
4623 5676
3437 8702
9137 2790
6264 3103
9517 7894
5867 412
5043 7898
1953 1210
9318 1390
6687 6030
5222 7297
4130 9727
95 8136
5286 5497
5709 5452
6407 6488
9845 184
4305 607
4070 9237
7612 5513
1519 6107
6227 6680
3043 377
2329 1689
1734 2603
9474 8461
6504 9628
6388 5016
5776 7777
3486 212
5710 2638
8906 8848
973 9302
4148 737
3467 3167
7839 5532
8831 9527
265 2301
2255 9055
9932 4251
6728 8654
2110 9642
8109 4711
2173 1583
1308 7075
4382 10000
3161 5232
8639 1800
1022 8538
3960 9399
6874 6653
8161 3783
3037 209
5894 5809
5579 5562
9888 6386
6051 7127
7217 5923
3610 3152
5205 4958
8030 6811
1615 8460
9188 3429
437 6176
6070 8749
9479 7799
8955 7976
6200 5319
5119 3397
3457 6374
6538 8858
3588 6788
2502 4540
4411 9978
7159 7603
2499 5461
3423 2690
2094 1209
6991 9330
6347 7750
132 1569
1031 1480
7844 2984
2200 5868
3817 4907
4680 8272
951 135
7838 2417
4571 8332
7512 9975
3519 1216
7961 9219
5902 2741
4000 3229
5919 2396
1988 8097
3016 1801
1038 9195
6288 4362
8111 6929
740 2106
4042 4828
3134 6008
3982 4550
6512 1837
8978 2934
8766 4136
5407 7794
4594 3377
7209 8411
2612 7518
4256 3838
4124 7162
3927 3415
2677 5559
1085 8925
5376 1836
8404 4173
1776 7004
4791 8875
4798 9881
8487 7862
6133 1762
9667 123
7922 7821
2594 7453
2694 7535
184 8218
4947 1853
8253 1401
7952 2684
7069 3724
7390 3666
9610 9605
8476 4298
9889 3445
1825 6692
6779 5831
1318 1874
4715 4022
7922 2851
626 6764
7592 9648
8753 9413
8791 8126
6504 3813
1676 5239
2534 7191
4796 9910
6314 1975
1980 4614
1434 1166
2465 3138
647 4233
5543 4265
6647 9809
1950 8373
882 8223
6290 7080
6206 9533
7640 8880
2599 6817
930 777
184 6783
6320 4914
898 8631
6963 8432
7547 6440
434 2169
7979 1903
7999 5116
70 1900
4492 6769
7485 1851
4000 4631
4307 8752
6945 3867
1811 4727
8963 7578
5525 2789
615 6849
817 1319
6144 6317
1954 1915
7480 2459
5619 7278
3346 819
9627 5303
5489 9621
1864 1053
1936 3743
5236 4691
622 2915
2409 4918
7391 8321
1727 9142
1207 9345
927 3047
8518 4779
1128 8874
6811 9566
546 117
3752 758
8373 7607
9107 715
7120 1372
1173 1092
4916 3663
8370 4102
9310 8303
9776 9424
1902 6188
6752 6361
7381 9933
2524 4787
8110 3866
3966 9638
8899 2096
2985 855
4827 2323
4578 2457
9647 3382
339 189
25 9334
449 3410
7450 7618
1288 2486
6869 5797
9103 9017
2008 8948
1190 4738
3422 1920
5956 691
8969 1069
3463 5364
9118 4297
9201 6265
294 5473
8135 7194
9408 577
3783 7773
6218 7954
2639 6391
7383 7617
5230 5389
9356 7232
9803 9428
3775 2539
8518 4668
9680 6565
6853 1782
4574 5040
7080 2576
1556 1944
6694 9729
7857 4709
8254 4214
2099 2020
690 3184
458 3139
1807 7276
6491 5108
4785 5244
308 5735
2036 9857
7771 1128
278 2184
3347 3173
4313 7859
8280 6896
1078 5308
4543 8054
1127 5367
63 8939
3773 8088
37 7133
5476 8646
4545 6297
8915 3887
2886 5197
7147 3321
1753 1150
4030 2145
8431 791
7001 4699
624 3833
4330 5933
5014 6894
9454 8416
7249 7537
6952 6456
2030 1246
4827 6106
5590 9834
2107 8686
5468 4940
2952 7446
2633 5403
7116 5813
4878 5145
2603 3864
8875 9614
8167 826
9747 820
8328 1298
1500 7992
1962 4712
9959 7649
7473 962
8127 8388
8843 1269
3020 4533
1459 6977
4504 7346
3937 9870
2998 2699
9743 1953
2554 7652
3311 9574
1018 2566
5452 6160
5408 1734
478 5047
5991 238
6997 8964
8272 983
1499 9857
8930 7561
7561 9973
6626 9153
310 9065
6022 3088
9863 5788
3645 6016
4718 4569
4698 6498
5609 5020
6211 4308
1406 7247
4308 4126
2204 9195
240 9383
3388 1665
3664 6399
4685 9272
3287 1544
7610 1457
9101 3390
3499 4668
2806 7760
3671 810
2543 7617
919 1782
4247 3984
2576 5441
6184 1196
8710 1212
7624 8528
6871 1182
6707 9509
8552 2034
9288 5272
143 319
3719 3567
3740 9966
8788 9850
2938 1294
3406 5421
897 1701
179 6649
1211 3558
8495 3099
3346 2250
3287 7832
8307 7311
2128 3624
669 7843
3896 7227
5721 5076
1440 126
8224 9711
1954 8973
5478 2060
3950 9477
3077 5029
9756 9300
4183 977
9066 648
9951 5459
3745 8869
357 2303
5769 4097
9217 7997
3540 269
5316 7641
4552 2374
3870 3859
8698 9579
9345 8654
1778 9355
4898 9122
1188 8298
1044 7219
2712 9462
2770 831
8993 1335
6222 9867
8066 592
801 5677
1740 1375
8138 2270
2085 2748
6789 7993
4850 3299
4360 8957
2832 6297
5107 3781
7577 6439
2068 6851
2179 6671
9701 6593
254 1915
2820 3159
9549 3755
4503 4461
7189 3743
4068 9239
3587 481
2632 842
1214 1634
9300 7768
1806 3525
7490 5856
152 8839
8567 8413
8369 2887
8871 1071
1449 5508
9668 4774
597 771
4282 5419
6834 5691
7810 5657
4338 3425
839 9464
8571 8677
9784 5453
3355 2193
4429 1224
1079 5815
2613 9136
7280 7301
3002 2324
4012 6373
2429 9432
1943 1290
6920 5093
5468 695
2214 3091
9505 6279
3466 925
5689 4136
8747 3472
1174 4872
39 9885
6198 659
9982 8207
3019 8863
1809 517
7597 90
929 5742
3982 4590
2400 5894
7732 9594
7028 7946
893 3737
4107 4131
6898 2772
4282 2723
2965 3272
1293 5643
3283 1738
7305 6429
256 7283
669 5091
8964 8028
6421 8370
7571 6482
222 3565
2474 343
5944 9505
2491 7674
64 7375
7674 5771
5988 5781
1201 7284
5853 9660
7189 8986
8838 1523
841 5545
341 5176
4870 9792
8158 3595
9923 147
4228 6394
8729 8455
9294 4638
1875 2603
9681 2725
9632 789
8544 2026
2853 4970
3716 2780
149 2797
7206 2248
2196 5798
391 1820
2917 6647
6496 6381
1252 2551
8406 8791
7848 6727
5191 9677
9823 6767
3013 8211
5378 9665
6158 2049
7194 7027
4374 1184
1874 844
4420 3433
9818 2764
8774 9145
1713 1327
8224 997
1475 8393
1720 7228
5649 850
2863 7333
1643 2181
1374 2650
856 3022
7862 394
9724 2584
7715 7463
7876 3083
3621 6511
8874 4140
8181 730
7512 5561
3002 9910
108 4282
164 4704
4257 5768
1742 25
9088 5913
9622 3138
7310 2189
6375 859
385 2940
5320 4638
2599 8316
4110 6684
3085 7919
803 4137
2992 3025
7338 6106
7427 6303
661 3304
2925 1856
2977 7233
1772 3851
9932 6360
208 281
1795 5252
5924 4109
685 1813
1856 4750
3621 6941
2346 1118
4670 482
4913 2560
5668 5593
6325 2142
8936 5006
6019 8122
6989 792
7360 1400
4921 5785
8659 5767
1415 4310
843 3151
5808 1950
3568 1698
3702 5914
1729 9411
3374 3868
7004 3541
9164 6034
7856 4447
3655 4002
9999 9265
2008 731
8982 5873
1772 7388
2972 4895
9583 952
6339 389
7021 2446
6036 6939
9377 4898
2185 9869
8089 1017
5624 3300
1826 5914
6551 3037
5615 89
8250 493
4853 7109
522 2667
3870 48
1202 2604
315 4422
3768 9125
7188 5181
3570 9074
3856 9347
3583 9326
1780 1902
6634 9600
1859 5414
6625 4403
2117 6055
8596 1799
5817 9374
7513 3162
6813 4688
4582 78
2066 3801
5240 4929
6428 9741
7521 9642
3551 5575
4476 6618
6634 8336
1000 9251
8597 3283
8209 1429
9931 8718
1331 6674
328 1142
9408 8017
6073 1187
7325 9223
9905 4403
3393 5295
8527 680
6709 2171
7027 9889
8708 7072
341 1449
9684 2154
9601 2927
484 5377
7354 2580
4720 158
9289 6604
5137 5629
2410 7143
2686 8400
9556 2092
3592 9279
7794 3254
3269 9515
6326 6796
2036 8403
3408 8664
1322 9867
3702 7215
3515 7640
9770 772
1108 1115
3975 7023
3740 887
5241 3334
14 6117
7798 6489
3696 3562
9797 2255
2484 8759
2282 9976
79 5012
1382 7265
6918 366
2579 1030
3589 3333
5360 6718
2967 3560
1901 7968
3818 7127
2031 3047
7633 9144
2697 1253
4350 802
4531 9929
7142 5228
7174 9715
1162 3797
5666 9900
8171 3338
8353 5706
5760 1141
7723 79
8998 9810
1029 9230
3414 5556
2149 6859
1354 1817
5577 706
3220 9211
627 7122
5759 4641
2919 8720
2415 4824
8072 8383
6844 733
5586 4491
4632 3775
293 8900
8437 5870
8856 3921
4045 8216
6615 5120
2704 2925
7003 3536
240 100
8843 1326
9627 9484
3288 8322
4841 6847
9519 982
2088 4760
6606 8829
3531 9883
6130 5385
4876 3030
2468 8928
5730 4263
5181 5269
2548 7121
3921 8731
5313 6024
6268 3821
9711 6592
721 411
7251 6148
2194 3479
2248 4082
2855 6193
7047 2797
5831 8041
6224 1700
5639 2613
4785 2521
1545 5536
8829 708
2500 9945
187 5707
7178 6654
4552 1542
7097 2588
7183 5131
4241 7204
6587 8326
3807 1963
1139 969
8632 4356
7098 7706
3158 2269
9862 1826
8505 1320
8455 723
5762 1368
1568 8591
173 7744
4170 3954
7415 1229
6245 9046
2607 3912
985 6216
387 7551
3839 1957
9400 8748
1146 6845
6516 7297
2086 5952
3499 5920
4259 2559
11 4997
7555 8189
1970 556
6909 9998
1974 7126
1461 4806
4761 5812
2523 9212
983 6964
4412 474
6306 1602
3346 8289
2720 1921
9847 7396
5898 6973
6996 1001
5296 7767
6592 8825
2736 7704
9485 4410
7374 4421
3316 2897
7068 8372
214 5657
5234 2368
6160 6839
9441 9948
1699 5226
2199 4619
1386 484
3985 8526
5332 6952
4580 1866
8637 566
5869 4965
2836 2995
3874 7377
4916 7085
9072 4827
1228 6138
706 6508
7668 5288
5519 1250
3563 3422
8880 9071
9741 3129
3185 6682
7685 9535
1354 4793
8321 1456
7152 7490
7651 4014
3168 7262
9451 9896
5457 2612
722 5097
4075 1556
7741 4330
4676 6805
7368 8140
9160 6038
9571 9153
5400 859
6776 8529
9287 1210
1123 6180
1181 7772
8225 8317
1238 1333
6458 8914
9492 476
5912 8529
216 6816
3397 470
1492 1169
7716 2007
5239 9865
7030 6901
4418 160
8078 9439
2602 817
345 102
6828 4758
5121 9040
3008 9851
4652 1139
6535 1202
1165 5449
9176 6726
6851 2507
5233 2831
2533 6381
6540 1062
9374 6146
2000 5063
5388 1322
8415 369
5766 3426
7287 4124
8625 9625
3935 2810
2261 7994
4125 3674
4561 1606
5666 2653
2556 2558
6194 6186
9364 263
3020 6451
3153 5801
5187 8888
8611 9694
6594 8838
3175 9017
2599 3882
873 4371
121 3709
1133 1801
1775 6914
1927 1850
4120 9670
9858 5446
4183 708
5163 463
3365 7313
3444 8332
2342 9810
8284 8145
1723 8219
8900 6234
3744 297
4848 2591
6437 5525
5533 2430
530 3347
9354 1044
6887 8568
4130 9237
7392 2934
7945 4613
9725 836
999 7548
6663 2926
2772 8596
8005 4776
3128 4601
648 2825
6556 7818
8303 3964
5536 8100
7786 5516
8783 9086
5787 9949
6976 1846
9397 5125
6401 3083
3224 9735
8988 8361
5850 9543
4905 4457
9994 7048
8175 8174
6243 9226
3166 2318
945 4986
8668 2656
8976 2746
9979 7950
5978 4778
789 4393
3984 78
4408 5857
1741 3515
976 4489
7000 4166
3876 6759
9448 2655
968 2376
9341 6121
6315 2527
3421 4104
6675 4593
9114 4827
8116 1932
4050 8668
4236 7588
5736 5018
3662 4659
7377 9412
9257 533
424 3118
4501 6897
2920 87
7047 2706
756 626
9153 7499
1828 2840
4583 2034
2169 855
8324 2520
2599 5312
6719 2069
8424 2628
3471 4184
6843 2605
8643 3951
4152 5014
202 8931
9773 2728
9075 4938
6104 3696
172 7992
3656 1409
6586 2018
1196 8381
4289 3553
7806 8798
7765 1816
3303 4118
8071 4015
5564 8958
849 6589
6948 1223
7516 2367
3436 9749
4575 161
558 1930
9250 5442
2737 8445
1864 245
1286 3733
9487 5526
7393 6160
7354 9039
4035 2597
3703 5526
4676 6123
9693 6368
2972 4197
425 5365
587 1169
6926 2103
1739 3946
359 937
8455 3031
3411 7851
2312 4159
9410 5418
312 9469
9512 6772
3830 1812
8030 3299
8681 1349
8815 9718
9586 7580
1241 8778
9624 6058
9790 1396
4188 684
9593 5817
7283 4690
6434 9328
216 6324
5505 5166
351 2809
8004 4157
1809 4615
8512 2793
7651 9430
1783 9722
915 3976
5235 1375
6139 3394
1521 7077
6714 1002
6308 4534
9122 1597
9549 8670
1592 1702
4338 7786
649 7915
3954 5757
5860 747
14 352
2173 13
7337 1859
1424 5429
8537 5717
3453 5598
4071 2092
6323 4809
694 6594
1613 2301
8571 3101
6236 6540
9198 379
341 4181
9522 2941
2400 1784
5196 8399
5318 876
3232 9447
5715 7672
9839 8103
6965 7672
9347 438
4340 5871
7168 3016
4229 3479
1876 1411
2606 6705
2096 6070
3912 8597
5464 2383
2255 6038
3822 8604
968 1488
9182 1357
4349 4298
3329 3043
7661 9299
9204 4024
407 1485
3258 2507
314 5768
8101 3203
3125 2408
4626 8917
5407 9398
8932 7040
2562 509
9276 9799
7423 7661
959 7775
2122 7886
4581 5082
9373 4603
3856 2422
1005 1181
8240 1815
455 2336
3428 2174
6286 3357
2178 9327
397 4433
2220 4143
66 2973
550 5360
848 7204
8366 6007
3864 1889
3939 7920
8234 8775
996 8559
4249 6606
8018 6917
504 5920
3014 1936
5112 5192
2601 223
1634 4661
392 859
9561 5575
3098 6419
7472 1176
6554 2553
658 8418
606 6250
3014 6259
3808 4761
3542 629
1663 2666
3200 3878
8953 7484
3519 5821
4130 282
6811 4885
9771 2200
8783 2229
34 1746
2391 7620
4309 3886
6364 6329
4505 411
7478 2584
8882 1412
9650 7116
6504 125
5873 1683
3945 1551
9334 1860
1456 9797
2372 2212
7292 3547
783 8087
965 5288
9423 7266
9718 7795
1953 711
7403 9345
1813 3618
9204 3772
4083 1430
3795 4845
25 9602
4339 2963
5436 5918
9981 5919
7878 9530
2412 3434
6580 3441
3208 4662
4942 4468
8188 8259
7013 3257
9826 2500
662 3304
5888 7138
1278 8829
7045 4299
335 842
5839 4911
4735 2991
4938 5947
470 6802
4999 8126
2116 6876
6628 2824
3799 1459
8298 9966
8785 9049
6350 9095
8199 2558
5247 5139
5235 7949
3489 6451
8609 8892
8519 7913
137 3302
2915 4694
4717 6197
6258 180
5064 3791
3245 9528
994 8011
5691 1345
6353 2482
1101 27
5866 9840
8808 435
9031 8978
4161 1688
3953 291
9861 2516
3167 5760
684 5144
5894 3458
5828 3708
8051 845
6047 1552
9412 9033
5334 9159
4263 4678
5122 7669
9961 6211
683 719
4039 928
176 5948
8302 9017
2039 8048
5411 6259
3303 8073
8633 4263
7814 8297
1644 672
6952 5020
2521 4764
3339 8349
177 5195
3698 9654
59 8422
8759 2316
9660 155
3024 2725
3029 5210
3309 4134
6266 3721
3116 7025
1577 307
9066 1093
3205 1464
3203 2004
6429 2406
3773 7176
1235 2491
479 8722
4564 7556
6829 1899
5686 9736
8944 8676
3737 1333
4697 9396
7232 5832
7937 7408
7413 2664
7634 4231
3893 1219
2704 9344
4553 8081
3209 406
7307 669
1834 712
9090 8653
21 9000
3723 752
123 9590
1269 5960
1310 9529
405 3588
286 9773
7428 5659
5096 279
7996 4592
2592 9244
7517 255
5995 7816
3287 1575
9937 3478
3804 4506
6772 9143
9929 2280
4692 8578
7626 8163
9705 8524
6661 7396
4979 6021
1457 4404
1849 7634
8895 2303
1995 531
7653 9856
1186 3042
7891 8695
1851 5278
5503 7844
3004 3548
3757 1221
6742 7647
8086 6169
8707 8743
156 3865
4084 9698
9615 6583
8032 8535
5040 2774
8860 5655
1850 32
1473 7686
4056 8283
8218 9342
6906 75
5451 4432
9039 5933
5714 6477
2369 7976
3509 2355
1679 679
2587 2846
3121 8580
7390 209
1171 6495
4833 3710
1175 1155
255 3802
4529 2528
6105 9153
7189 2386
73 828
1220 8660
924 5861
4006 8072
8698 7901
5986 1139
2677 9602
4679 4595
8749 2143
4025 7464
8081 9655
4139 5383
9570 7563
2826 2753
4633 1078
5112 3320
8625 5142
9378 1787
9828 1282
237 5170
4854 9325
5057 6699
3153 2829
8560 5987
9992 4565
9125 7442
2479 9946
8083 4012
4878 1067
643 8186
8948 6104
1304 6998
1008 8080
7963 2006
951 264
169 8199
603 692
8912 2716
6249 5651
973 2688
7925 3497
3563 5692
5905 1947
5278 1499
6887 9910
9744 117
2776 7462
6992 6469
379 9040
2821 2641
323 1924
7551 394
8066 1317
4095 6601
6482 8634
6506 7899
5272 8907
9751 5247
8619 7917
2662 4928
1235 3019
8954 5885
8390 3195
770 9309
2464 6643
2881 748
8532 1804
5053 7912
8984 2855
6135 4198
4219 1553
5334 6832
6487 3724
7966 4933
505 3683
7941 8210
3641 4731
6693 9483
3884 2616
3107 7891
7013 8163
8955 5653
5368 6597
2088 6947
3450 4397
4339 6636
2779 7331
8271 7658
473 6518
4191 7725
7214 5118
4046 6090
3865 7240
6059 446
5847 1391
7268 130
1870 1522
553 5179
3988 6270
9861 2697
9779 7655
851 6659
3123 9618
2427 5730
3559 5143
3392 3529
7332 7687
1629 6579
229 4281
7320 2683
2178 4156
7874 4944
2569 1166
7924 2060
6668 9131
434 4976
4784 9410
1117 3625
8628 4066
9306 2664
7474 9240
7829 5064
296 7298
9909 2824
8009 8075
5175 6831
2927 7829
4814 6533
4464 2347
5203 7953
6853 3366
5701 6233
9480 8320
5512 9411
5767 7818
9565 9615
4562 2971
2732 7495
2376 9948
2249 9341
553 752
2234 6831
3006 1969
2341 1945
7823 7326
6695 495
9001 9009
7737 6683
5634 196
4827 1609
8718 6127
8753 4535
2230 54
4455 6204
9725 9018
1388 9895
6257 9577
7566 5230
3694 5009
5243 8357
5998 7004
6255 302
5303 1800
6834 8659
8591 9253
902 6135
21 6224
6967 8215
6004 3555
1344 202
2686 9795
7780 1558
645 7245
1619 1981
7375 2275
8594 9677
8902 5210
9253 5167
9606 6071
2921 3694
6373 1442
1600 7172
9261 3159
8695 9132
6166 4301
7843 1063
9450 9736
271 8442
6773 3970
1915 6388
9103 5476
3916 7534
9021 8030
4985 4944
5725 9852
9598 3869
7195 6479
3341 8117
5102 5205
1212 8228
6141 319
8309 3911
9281 4694
287 3293
6475 2589
2902 7134
632 9032
9945 513
5312 5877
8690 2845
867 5201
7228 9240
579 8832
1012 5811
58 55
9583 6469
6117 7138
9744 8976
1746 3273
1640 4323
6286 2505
6544 1413
8995 8529
9657 6636
1127 3644
5621 811
4879 6596
8696 7283
4992 9330
7085 5936
568 8395
2425 9490
8935 8898
1570 6344
1151 1296
2077 2034
7388 8063
4170 9392
6371 6178
9433 6044
5190 978
4518 1840
5835 207
315 7123
9695 4069
8767 4521
5192 7524
4256 9650
369 2126
2873 9061
6399 1951
2569 7661
5400 4789
3674 1751
6094 2423
7498 3634
9118 4888
2689 5542
802 6807
9877 924
1497 795
495 1328
115 9934
551 1536
9891 6896
6036 2561
7108 1592
4247 3323
6148 3736
7342 5931
9085 6193
4150 1610
3072 4110
2367 1233
2110 5937
4243 8617
7363 2637
8073 5377
2881 5104
8625 7370
8706 526
3976 9358
9497 37
3221 5153
4801 8486
9227 1624
270 9656
9955 745
5033 8187
5816 8497
5813 2102
8344 2921
1565 5714
6031 1739
7551 7124
1702 9951
3050 4186
6881 2955
2102 1819
7248 9143
2760 482
9127 7986
3548 7768
8978 4549
2705 2643
4619 7517
5864 1279
4498 5949
6987 6090
2737 8627
4658 2753
77 6501
7893 8289
7247 242
4331 5242
7842 8396
1834 1001
9134 1739
7647 5182
1498 2934
7762 7064
1412 2975
7233 3827
5623 9289
7895 7380
790 3795
7767 1823
9482 2168
7591 9153
6478 8744
7796 6558
9533 662
1190 8396
8242 89
7845 8896
1015 8399
3216 6156
6791 3645
3052 6210
1118 8888
1679 5113
8343 5328
4826 6567
4216 8038
7554 7113
7080 6908
2001 4542
6894 190
5625 4106
1384 954
4914 7339
9050 6554
2074 7347
407 6477
71 1498
4593 6501
4035 9211
9540 6500
1997 7077
3864 8834
731 1806
9628 918
9443 5837
2434 2903
7272 3996
9628 4871
8639 9455
4931 1079
5032 2171
8977 5641
4057 1908
2499 8362
5236 631
9095 7499
8123 8555
6300 4865
1334 117
7969 5814
7431 9126
7514 675
9187 3098
9606 5091
724 507
6248 6710
9902 7840
2183 6654
7651 5563
8032 5639
321 3985
60 1678
1656 306
5587 9910
7752 5502
5059 5416
74 7445
7474 7979
5553 2129
593 743
6136 5203
8954 7326
9768 1420
4247 9956
9900 1601
978 7706
1508 4101
892 5291
3202 1944
6008 5820
2195 8069
6122 7337
1749 6590
1492 6994
9262 9827
7668 6705
2128 4589
1470 2508
8484 3807
8094 9288
414 1039
6401 4300
9696 7685
484 7436
6087 4156
481 2419
7751 1128
1432 5905
4211 2705
3037 3458
6727 9698
4759 4917
1323 4459
6215 2390
312 2737
4180 5994
282 4113
35 1814
1236 8190
3874 6381
2176 9955
8233 486
4445 369
6378 1256
579 8408
2728 8675
7143 238
3222 7690
8826 3432
1694 4962
5132 364
975 8917
3659 3425
6666 9195
5339 2860
2275 2058
9000 6357
7818 3056
3638 7081
2356 713
2945 7981
7370 7762
3819 9475
6758 5406
7211 7167
462 665
380 3237
45 414
9322 6611
4574 686
7920 8632
1989 1045
9541 8685
5951 3054
6925 380
205 7004
8526 6248
4256 6770
3054 3765
2146 571
9193 2627
551 416
1438 6361
6758 3940
6472 9728
9884 2851
5632 906
1128 6018
6322 9821
7308 1469
267 7049
6421 9321
5640 18
112 8793
4138 359
9805 4488
5823 1273
733 3939
5899 8700
4707 1747
952 3816
9479 5751
7436 706
7170 9012
3127 5612
546 493
9694 2173
1892 8105
100 2593
3830 2998
5265 3555
1121 89
1664 3415
2948 5075
9263 9854
2397 6902
3790 1792
8369 5236
6050 5858
9052 1587
8733 3793
4063 8034
4465 600
4181 968
545 2739
7002 1740
7722 2154
6014 5130
9462 7383
5389 7300
4237 8855
4545 8341
4672 4408
9908 9288
1137 7057
8526 7144
9997 9651
9583 3403
7941 2889
3611 5387
7894 2828
2786 6329
4052 4474
4604 4921
5135 468
3843 9628
6624 5529
1802 4897
1015 3429
2134 6066
7468 973
428 9742
5667 835
4749 5243
8537 8483
9350 3121
4454 9213
3749 3609
7706 6428
9284 7001
8869 3500
8669 9979
33 5938
3464 421
5800 4617
3645 6189
6485 5455
1104 8599
6128 5191
4728 1388
722 2046
7400 2623
7220 6460
6632 868
8793 1856
2866 225
4311 6037
7624 514
3210 2864
869 1148
2157 8320
9700 9554
9029 6857
4969 569
4935 866
3827 1302
8936 4049
8916 726
2029 7739
4773 7108
871 6969
1487 4704
5147 8903
7427 2926
9806 6584
2692 1086
9962 4372
1405 2259
928 38
1352 5628
3581 6226
6261 1133
3681 566
6224 1056
8453 7979
4544 5614
790 5024
8209 926
3724 9679
5833 2956
9554 5074
4625 953
4434 3819
1502 6834
3315 5985
3043 5948
903 6229
3206 644
4831 7431
690 6901
8066 3685
5785 9613
3619 4653
8965 7155
2424 9842
7951 8800
7906 7039
4642 9381
3408 2585
192 8369
4806 8003
5928 2206
6527 4039
1121 9635
8367 7086
656 4767
5744 9571
4495 816
9766 8528
1721 9430
8321 970
9052 415
4133 4216
650 3299
5559 2201
3245 9574
5124 2378
8686 6335
3717 5857
4761 5387
8496 5113
3808 6586
9585 5337
6616 3302
910 9895
6976 6459
6798 3858
9670 8474
3984 3939
2509 9179
8096 1217
1085 9157
364 6747
5800 2794
9121 4321
4312 1969
5915 6462
8483 6068
6408 2921
8247 7513
3323 5985
370 2608
6681 5240
9979 3429
7236 593
7974 7283
1352 3262
6382 2081
4633 7264
8794 573
5340 3213
9524 7240
237 4585
4808 8533
6280 247
6938 2743
3361 3185
5643 2209
7922 5752
5741 5993
8210 25
2665 9417
5622 9587
9404 5758
829 2301
9118 2326
3331 5838
4457 2188
9546 2954
3274 4019
2654 8519
3827 392
7448 5652
1992 3504
3043 2550
4416 3170
112 2270
4969 3677
7359 2846
4340 1310
773 7498
3045 3791
3149 8936
8246 8589
1653 8110
2695 9976
3921 7818
2551 8340
9008 5080
979 7970
1017 1609
3700 9753
2010 7882
6523 7293
9949 8445
4790 3876
6821 1091
5100 8129
5975 1835
8366 6127
713 3767
1639 7972
7302 2398
6484 4698
656 7089
949 8319
79 4542
4410 4207
4628 3178
7606 9654
8436 3765
4761 802
7395 8792
9794 3614
1960 5497
3044 2791
9095 6951
3585 8945
675 6478
3022 1284
3727 5156
9727 2763
4802 9678
113 4953
1423 9276
757 41
5550 9495
5883 1231
3956 3740
6825 3582
6336 2816
6365 2995
260 1281
9743 687
5213 6350
1156 2866
3689 6123
395 6012
6789 3062
985 2089
917 1724
3145 3855
4393 6403
8807 7934
7015 9135
9050 3806
5748 4881
5123 3029
587 2881
6179 4461
1761 2910
9098 6974
7423 1554
6613 5976
9514 2123
5131 4203
2491 977
7340 5019
8909 8665
2578 5862
4534 1878
9011 1047
363 6144
3854 4714
9774 9751
881 8215
8954 9872
1939 1760
2129 1195
8276 7157
514 8927
2152 4176
4579 6712
4686 5334
7540 886
1605 9366
5035 5146
6035 310
2663 7829
2440 8131
8970 9053
1335 8257
3308 4521
80 4673
8618 4167
5510 5384
5800 2114
6636 9460
7370 2008
8043 5138
7119 41
9657 8432
1921 4723
1173 3771
3012 1674
1336 2039
2514 831
7342 6651
4861 1477
8510 5269
6308 3832
9866 690
5629 457
6785 472
8146 5436
1339 214
7947 227
9821 8315
1494 3623
8762 7098
4906 5285
2060 2566
6472 5076
5995 4752
4834 3516
6418 3270
7488 583
8811 5842
9775 9220
6133 3630
4046 7082
5759 7593
2486 5857
3305 5258
1784 644
5814 1617
6662 5773
6047 6471
4618 9077
4728 8740
1869 6668
1596 7221
5944 8643
9785 9418
7920 8179
9374 6341
2034 6046
5004 7202
9192 351
4925 4137
2709 3881
594 7829
2167 7105
1108 2234
2438 4964
9384 2401
1843 8151
7021 2919
6519 2130
4617 2428
956 4105
1132 7076
4046 7881
6076 8114
9008 2293
5517 1072
3449 9596
250 6447
531 3935
3735 1162
7499 8027
3004 5643
5082 2743
4598 7311
1534 242
5775 9900
3867 6305
192 9686
1182 2303
6973 9409
6310 7628
9858 5471
6817 3731
7385 8926
8339 2555
324 2013
3719 7335
1900 8134
9568 6190
6632 9346
5518 5974
4935 5316
12 3981
1363 897
1260 3020
7168 5659
9173 7118
2483 5424
7423 6480
7069 9826
7761 1942
1462 7506
2893 6056
730 8929
2052 5090
5918 5306
1811 6765
523 2424
4640 4108
1061 9216
7180 5129
6237 1831
3930 9745
7649 9552
5618 6335
7314 6861
8047 9098
1677 4591
997 189
8891 3733
7966 622
4913 1061
1290 9965
7063 3183
9989 552
227 3603
5587 5585
5941 8295
6917 8437
9152 7738
5541 7815
8808 1000
7023 3455
6425 504
5519 5305
4801 7308
2153 7768
5181 1951
7952 2903
6285 7511
7183 5289
8910 660
343 2680
9869 2362
3584 6132
230 4802
5154 8673
4992 571
8262 5750
5457 3009
6854 4168
3919 3676
930 2502
1752 789
1397 8695
7670 482
8596 5621
3061 4011
8635 3256
1246 3845
8391 7109
8003 783
6234 7222
3427 9688
191 3563
9878 5096
2975 6734
5145 4366
8952 2883
7241 3760
3119 5573
6460 3637
6413 6800
2809 5016
2549 6699
8018 5609
9530 675
3267 9860
5004 8157
7373 3564
7590 7209
5887 3367
3816 5782
8095 4816
6140 8361
8834 4049
2713 690
9459 7729
2495 9683
724 6858
1449 805
9902 9982
561 7253
5890 5157
3074 5611
3278 9801
1475 7054
4448 2909
4463 6903
458 3292
4130 9062
3793 3256
783 890
9418 2108
3885 8096
9973 3396
6510 287
5363 6438
4287 6256
5354 6725
4087 7304
5680 6149
4651 6472
7160 5233
2576 5232
9679 1893
7671 7866
3691 4778
5890 6211
8824 1053
6595 6395
9512 5578
2727 1436
4428 3230
5437 9345
8723 6162
2707 9235
1074 2722
4606 7963
1023 2696
9827 2974
2483 987
5687 3187
9590 9948
3457 2013
4740 7816
4246 6325
646 5138
5997 510
9069 9923
7995 816
9651 8281
9083 8388
108 6696
4689 1362
3658 9512
2369 8510
5638 57
7269 5871
5873 1641
8039 5576
8950 5036
2674 3122
2935 2577
3791 501
625 5794
9613 5116
7421 9720
2444 8240
5487 7045
4790 5271
4180 1778
1625 560
9474 6220
2124 6750
1529 1162
5697 9046
7674 4800
5271 4219
3664 2607
9017 1141
7737 8037
3028 3107
7052 6609
2291 4519
4609 955
7167 9090
1529 1993
2826 8159
6703 1208
6475 8981
6250 1436
1241 5874
6938 9065
9082 8713
5251 7205
4133 1607
5827 8678
3446 4613
9444 1766
5054 3211
543 7736
5250 5153
2815 7779
3734 2885
5513 9135
8627 1712
9764 2153
2786 7100
4814 9543
4827 6655
2153 2367
8057 7765
3573 8334
7116 9515
1579 7869
6372 3740
1208 6522
590 8300
3182 2866
2065 8953
4433 280
5563 3408
7597 5306
3186 7893
4776 6738
5932 7769
6727 7342
9040 1915
7902 920
7065 1734
7309 6133
5975 1512
3703 4048
2985 6120
2594 9382
4630 1066
9662 8278
8359 1996
5087 4272
5253 3411
5568 3430
2237 1074
3828 1133
501 5809
9570 8720
604 2801
2460 7717
1219 5094
7230 5042
6293 2314
260 4913
2878 8962
4066 1141
6705 7648
9506 7644
4139 5087
1291 6058
2313 2143
8843 8117
9141 5645
467 4136
5845 8694
8027 6140
1629 5948
1702 1551
2166 6006
6486 8828
9741 1799
1192 3661
146 6617
3997 8919
1359 3615
2279 1999
1701 5633
3380 1046
3870 6056
8390 1079
7694 2197
7597 8776
2747 9264
1360 7211
3040 6912
3057 6579
244 6498
1347 7297
2534 7069
4365 1432
7434 9951
9083 1713
1932 3937
5144 4547
151 4900
9219 7932
4020 5229
753 6856
634 111
3119 6474
1213 2804
4550 8291
3044 2537
7746 6863
764 6315
9244 169
5615 5115
990 8444
263 9400
1652 454
3898 2226
9695 784
5343 9938
1098 7320
8159 194
3746 33
1641 3117
8578 5656
8468 8361
2319 9477
2150 8930
5493 4935
8659 251
3641 5206
5893 8229
7585 719
8461 2555
7321 5935
94 3745
41 5799
6098 5655
3881 7143
642 6635
9548 2212
5044 3261
6090 8907
6871 177
6044 7881
701 2996
6325 1561
4097 4026
1902 492
5891 5144
821 3899
3649 6891
250 4065
3321 2126
1300 6718
9070 7412
1624 2758
9973 747
7454 845
7657 5563
2942 6507
5040 8416
6081 9579
6261 324
2796 9620
8979 9268
2767 6537
1888 114
1483 911
180 1150
2466 9416
2078 2045
6051 4442
6541 9767
1128 3988
9412 9464
1913 9533
418 6467
2070 9379
5478 4317
7216 3076
6220 6704
7910 565
8086 9486
354 1431
1431 9054
4125 6730
7717 3316
1574 5446
5052 9907
9996 6716
9762 6424
3135 2449
5703 189
3155 5983
2259 5915
9594 4855
9769 9074
7063 2975
1171 4393
9609 3236
8631 2608
1800 7042
1601 3725
6034 2465
2964 5233
8596 4571
8467 9989
5017 5178
8416 8762
8373 8113
7393 1827
9037 1764
2250 4198
2446 1630
2209 5110
7607 3475
72 6067
3102 4111
6367 4861
2853 8457
668 6740
7110 5921
6509 9867
7506 1355
902 8361
2057 4702
9620 3210
2413 6637
1594 5335
8852 7891
6867 5851
7449 6800
5321 3247
6267 5017
9052 6959
1692 7019
6589 6046
7536 1903
9078 7120
8133 3868
3158 5536
6649 2130
6474 1816
8870 1186
369 4100
7887 2370
1422 6139
542 2388
8877 7969
9019 8794
7840 3302
8820 9782
8457 1241
3469 6709
9372 4742
4737 8070
6393 3855
1186 7050
519 3954
7143 2536
4476 9313
8946 12
9074 3882
8406 7044
4802 735
9300 9113
5774 7656
4371 9504
3321 7938
5518 3939
1155 7593
8362 5660
9386 6151
4696 9741
8669 8545
2165 9942
1543 3171
3958 7870
5361 1338
321 7465
640 7517
325 1609
2708 7482
2211 7142
942 1902
5300 3237
8139 9515
2346 4214
5180 9344
6860 3585
8612 1135
6484 2710
632 6980
8576 3732
4506 8605
5675 9462
1009 7775
103 9913
4282 5511
8716 9196
6870 6071
758 9473
7406 4278
3367 9668
9575 2008
7557 4019
5297 6472
9703 8375
515 7815
8685 5688
1192 3712
7080 3413
9727 5768
9255 2122
9394 9131
4277 7677
6358 6825
3314 8122
1961 852
943 3383
3038 6247
8220 5668
4144 8300
9342 9154
7818 4140
5329 1287
7987 2539
5223 2696
7926 2531
9396 5722
8980 6224
5102 9257
9845 3856
3516 3452
2840 8541
4720 5870
5958 9575
3427 2284
6946 7566
7084 5394
943 9643
6323 7238
1937 4497
3279 8222
1985 1876
6597 2704
6766 8728
9499 5794
2447 6093
4324 7765
6897 1619
2106 4642
1644 9923
2147 1038
5762 2103
271 5793
6058 9496
3401 2264
8348 6341
4856 8157
4046 5058
3945 2525
6410 5965
9634 7833
3846 2132
8136 3790
6451 2762
6884 5630
9938 9599
4592 6112
4713 7679
7908 9771
8641 753
7342 8068
2061 9293
4041 2142
6304 3368
7478 8175
4625 6333
6872 5375
8139 652
8743 1230
8892 9477
4172 541
966 5145
8122 8084
1609 587
6316 1768
3899 9412
1299 377
1766 5177
1799 6811
8459 4362
4680 5851
4521 5567
9163 4531
8956 3959
4377 305
57 1131
7928 8788
6920 4813
7938 4924
1867 6502
1423 1225
3717 4992
3188 5262
3150 297
2742 1386
2112 9997
542 5474
4092 1118
7489 1655
6123 4217
8926 5461
8048 5739
3764 2487
8809 5507
5634 8579
5476 6832
9607 3779
2339 1712
1641 8470
3928 5102
643 8458
9354 4770
674 945
1900 4391
4185 6857
619 6212
9408 4599
7447 1627
6546 9236
5735 1377
2570 1081
7885 152
8638 8418
7484 6118
9364 5765
8971 6657
467 3135
8727 1989
7473 793
384 5329
4174 6539
2560 6830
4012 6306
879 5951
1387 6058
235 2745
7902 2409
2194 6394
7513 7757
4072 7314
3023 5679
1658 2044
2409 4864
6161 7882
3979 2139
5944 9554
9107 1848
211 400
9152 6558
8492 4217
2910 7513
89 1252
2173 3799
437 7675
3806 1311
1762 2549
1835 5435
6190 5091
9164 5262
5537 6008
2725 1259
5641 8913
2371 7453
3610 323
5215 7202
6435 9931
9356 562
2170 66
4136 226
7921 8474
8125 1558
9840 3586
4606 4524
1959 8312
5991 5958
1313 1672
3697 7352
5181 9083
740 4455
8025 4528
9722 5116
7849 8636
8730 1205
1574 3523
7015 2057
8888 2579
6327 7418
5606 1892
4045 484
3130 8744
2388 155
3878 5299
5904 7371
5590 2576
5176 4943
7083 2296
201 9988
6887 9088
6895 1488
9078 240
4433 8883
9169 9564
1278 5674
37 9578
1469 872
4400 3445
4169 8553
5362 5919
2093 2337
4304 7547
2334 5419
5072 4524
2179 5486
9903 1129
6004 6227
2153 5582
6216 79
6607 1382
7462 2842
5461 1185
7341 5354
4342 3167
1573 3468
1079 958
6089 6184
472 3070
2741 7511
8590 9449
3542 6780
2199 5665
3639 1920
8003 2319
9531 9988
9363 8042
6588 944
8440 3602
2384 6026
1787 7666
6644 2464
4779 2052
7401 3517
2634 3359
2834 5819
4874 2595
7637 4480
9241 5665
7376 1473
7956 4557
2079 1310
3620 5903
8780 3813
2141 6634
8181 6459
9339 7394
3292 5607
932 7326
6828 6769
8939 7864
3473 5827
9386 901
3129 4249
4160 4878
6025 8673
9207 5455
558 7077
1022 9208
2010 3450
7938 6087
8051 809
598 7605
490 7683
4373 8235
3061 7868
9828 1281
557 8912
4586 9485
488 426
6612 9770
1094 535
325 8640
7159 7678
3307 1846
1727 2336
8914 7853
4262 3737
3931 961
6254 6754
3064 3115
3930 6166
8404 4686
6142 4980
6191 1102
6783 9791
9548 375
9794 3878
9680 8802
6652 6978
5707 9055
2668 6859
6754 9082
9881 4039
2802 1303
8405 5896
9518 4608
5305 3255
8683 8510
4424 1592
7750 9209
4797 1081
4687 5401
5385 5979
8686 7258
780 2697
2597 2472
2877 6613
2019 913
9009 4726
2838 5213
3825 1390
6099 882
94 5935
204 6893
1822 9570
609 1240
9131 6418
5954 9697
1250 9595
5364 211
6992 1614
4348 9276
5321 7647
7451 5758
5094 2839
7545 5224
3132 6535
3414 4252
5597 441
8546 4006
4332 8891
2280 2784
7065 5664
7479 7318
3642 3793
3810 5215
6229 9841
902 4336
2729 778
4657 1424
2527 8374
4532 3821
6631 7886
8472 7194
1687 8188
914 4515
2356 7310
6628 2346
2521 6295
33 291
4635 9341
1782 5003
1982 2401
2576 1839
8351 2141
7506 5591
4921 389
9748 4030
1891 8360
7932 8248
3995 4703
9481 9198
9328 9474
3298 7714
1229 5525
1844 4149
2098 9530
3709 2438
7521 1232
5637 7373
9573 9841
2508 5292
3522 5761
1705 4800
1266 1759
8426 8999
8805 4810
418 3900
2668 4829
7921 1613
8424 8162
4418 7995
335 3777
2234 6389
3928 2513
3971 7150
8326 981
3892 6608
1254 3626
4460 3695
9143 6547
1002 8187
8322 2679
197 102
3618 2009
8418 7843
258 7096
5026 3967
8829 8424
2481 6160
8783 2453
5764 685
3380 7321
9049 3392
2195 5625
2964 1925
7329 964
3225 7292
2891 7784
7067 3109
5577 81
6917 471
4897 1003
4702 4296
5189 9472
4827 1654
5074 9310
9948 4141
9615 8601
1741 6991
7121 4948
1015 5480
3491 7639
934 8769
7688 5169
9287 4627
4855 2823
9285 8512
4275 5319
8628 8650
1178 6576
1894 4239
1145 7749
4092 6723
9783 300
6008 7441
9095 375
5435 1182
9392 3809
9334 4822
5951 5263
5324 9111
5193 5562
5371 205
2712 9606
8551 3626
3855 5332
3638 7686
1082 5383
2064 5232
2368 5347
5271 987
6671 2448
5067 3656
4684 4381
7700 2620
9463 9855
742 4308
434 6628
6530 6510
3662 3259
9648 799
672 4520
9682 3677
8008 364
9635 9949
9591 1784
1717 8065
2747 7551
4619 9449
730 9461
7765 1054
3844 496
1819 4372
1742 6356
9768 626
1171 6799
4991 9235
5575 3803
7783 8067
4363 2283
7647 6237
9120 7807
4875 7312
3315 3599
4947 5709
5605 1799
6012 9623
2665 4495
4945 309
2502 440
8937 3030
4594 1589
9087 552
6865 6132
7972 763
8447 8352
5166 521
6582 1441
3208 5434
2115 9977
6873 7278
606 4001
4408 3024
5944 5424
2426 2976
997 5944
8791 1915
5659 201
1667 6255
5197 4005
4597 1614
6726 7410
7161 8724
5076 8996
8799 9056
3568 4559
1697 8295
9628 1971
1309 4352
3407 6918
9114 4233
3642 9494
2454 5976
9044 6802
6346 4919
5687 7783
3837 2836
3947 6005
53 1351
4586 8635
5231 8585
8134 8635
7234 7420
5038 6648
1232 1498
5387 9289
7544 2530
6228 1052
664 9530
4188 8059
9174 203
8993 7778
3691 8762
4404 5708
5074 7963
6895 1786
8465 6061
9654 7804
5462 5424
4304 6608
8004 4471
1987 7386
545 4532
1443 2961
1969 6755
4504 4240
1972 1205
860 5931
1877 1742
7639 2265
6231 9536
1892 3846
2791 8253
8899 5907
2507 9914
3275 3525
1029 7660
8613 6389
7525 9263
6375 8471
1814 4816
1819 8923
7213 5517
755 8868
8089 6759
7390 750
1324 331
9117 9933
5118 7751
8159 5636
1694 7265
6409 5463
5555 2725
1520 5074
9819 6740
8293 6604
8476 6787
3715 3295
1526 481
2383 9813
2157 8983
1232 9279
8982 4542
7116 3178
9245 4014
7313 6844
8656 2023
4547 1768
3362 4668
2448 1545
7909 8499
5992 6683
4074 2151
8253 4194
3277 4158
3435 9941
1359 1437
2641 9763
8566 5136
8763 9152
9555 6808
2359 8017
7065 1842
7449 4381
2506 1038
5995 7420
7651 2069
3880 6078
9283 5579
4311 4921
6951 7912
5772 20
2964 1427
9332 7014
5261 621
6887 566
724 1723
9454 1395
2583 755
5154 2764
4948 1187
5074 5173
2805 9417
3495 1006
3435 2007
531 5482
4157 1055
2056 6878
1857 6842
5434 9082
6553 97
568 8399
8526 266
9725 9844
8765 2107
8114 4711
758 7819
3228 6566
1370 1288
2212 2861
5099 5884
1681 2511
9650 9303
5323 1939
7362 2722
9303 1656
5717 8082
8371 7473
6292 5595
2521 8213
4644 2879
368 4354
4145 5246
28 6446
3545 727
8594 5149
8462 7964
6702 2703
4325 5639
8691 4690
856 7906
6615 6704
9353 7425
6225 899
3759 31
9968 6196
1368 7387
7559 9440
181 2951
3907 3900
1386 9553
1875 2226
6318 8749
982 8462
9834 9187
3027 863
3821 8819
8440 989
4247 457
859 8156
6033 1131
441 2742
8764 8761
3130 6099
9470 5203
2121 3844
3687 9959
6157 9028
3268 5613
4572 3446
7988 2245
8090 4653
2365 9054
9465 9703
9943 9604
3548 959
1251 3488
9235 546
7362 8101
9221 7656
8138 1329
2738 8572
453 2198
8389 4757
1934 8071
6910 8574
1388 5786
9444 7850
3631 2532
4841 5394
964 9004
4131 1265
4602 3100
9612 7204
2647 1689
95 11
8026 4177
3262 912
1624 5178
4973 8243
6441 1315
475 1573
8312 1486
128 3672
3847 1298
1884 7960
8416 2809
3299 8875
24 871
323 2672
9333 4894
769 6296
9725 3360
5169 9849
4861 2780
3662 6854
8832 4405
2434 8193
4859 8473
8585 8925
2769 5943
8943 2557
927 1313
5972 5573
1125 9871
6929 6291
6722 6030
7042 1146
370 8912
7987 8331
4781 448
2767 7544
2148 8317
1551 3556
3143 8406
6187 1363
1081 5822
2229 3649
1696 5533
9932 6022
6590 6067
2222 7633
2637 7326
4870 5646
5364 1863
4147 730
7972 379
3398 6532
3506 9682
4622 4626
3480 8772
8313 5881
9349 6324
5842 245
587 8130
5311 1195
976 7485
4083 3072
1721 5869
9928 716
9967 7549
8585 2412
3191 6756
3669 3023
9809 8445
7616 3003
9547 4271
1460 6088
5554 8990
236 9087
16 733
8384 8858
3060 2853
1552 330
6646 6955
3142 9839
5950 3533
7601 5837
2550 2975
5370 2556
1504 5216
9336 16
4523 2183
5017 8079
2879 3434
8844 9635
7473 557
4340 5127
7872 3574
3691 3754
2404 486
8482 8530
591 153
7739 8156
5013 8136
9820 1605
3445 2940
7266 6846
6962 2807
2522 4894
2451 7680
9748 8278
3689 1807
1647 6586
5291 5795
1613 5989
446 7280
6609 2124
8136 7852
9171 3150
6746 7996
2575 7274
276 3621
7228 5975
2206 8758
6027 2947
3023 4881
1331 7402
6386 629
1373 9136
8026 3446
3252 4025
4244 7551
8122 7842
9335 7665
7942 6779
9501 419
6466 3914
6091 2864
7798 2232
7769 3149
624 5823
8425 4756
5428 9544
9791 661
126 8919
8920 2318
8617 4991
6484 2796
6924 9087
7986 6633
2237 977
2558 8953
8453 8400
1541 7914
3238 1218
9458 4094
585 3443
7420 9858
5416 3275
1132 4127
3332 3536
3192 7327
219 8491
9442 3881
2127 4176
5316 873
2967 2413
7407 1424
3146 2532
2761 8859
9930 6135
4560 9632
5766 4864
6447 3220
7141 7929
2851 2198
4272 6707
9705 8189
1215 607
7673 8145
6642 3626
1645 1381
4086 118
9250 8282
4579 3146
2665 1370
9379 5369
4107 4104
4122 6759
4538 1783
7044 6903
3754 2942
7035 1939
9153 6079
4586 1591
6653 9623
3232 6642
6810 7639
7396 7849
232 9974
193 4108
2532 9723
2565 7328
7671 6197
9220 4531
7776 4796
6925 9375
8865 1363
3469 7805
5097 4451
7667 309
230 6005
2726 2924
5958 6213
2027 7232
9255 6275
1669 5338
1429 4404
7474 9633
5307 6127
8310 1354
9510 8336
3621 9552
3713 56
1605 4740
1630 511
2046 9762
7385 6009
3173 2441
6442 8103
2545 8702
1342 302
3570 7216
3938 8436
7211 9631
7653 1517
5652 4681
4124 1651
7548 4516
6305 506
2845 664
5977 2933
9318 373
2882 5454
78 8994
4533 3669
175 5348
1495 4863
7126 1231
5838 1763
8844 591
5284 3911
7497 7252
1933 1943
9714 8067
882 370
5511 4643
61 2555
4321 1711
975 2924
2154 6869
685 164
1784 8594
2625 4647
666 5543
151 7383
589 7022
5764 9436
6622 1491
4525 613
6089 3207
7063 8505
8696 1724
8787 4738
1655 9689
6459 4154
9479 5736
9419 981
1980 2838
9234 5502
9281 6159
6430 720
909 2715
3198 8322
1878 7030
4549 3843
3359 2825
649 7854
8517 3442
9946 177
3171 1985
7935 8526
9485 2719
7822 1997
8847 7314
2134 2025
3193 2315
2800 5294
9767 7474
8867 1571
8336 9563
2087 1705
8665 2726
9233 5415
7003 8706
8340 921
4068 4095
5558 9548
9961 5883
9366 5787
2734 5622
4248 2042
2791 2967
2188 2816
472 6533
3997 3694
944 5210
9036 6939
9291 8182
8852 192
1605 7344
6193 1461
5563 8592
9692 975
1988 2525
6946 811
7546 4163
3059 6841
5211 532
8430 3013
8158 5111
3453 8395
326 3118
5907 4545
8985 6624
9754 1561
4223 4617
4190 7973
9630 2437
8174 3931
1857 9602
9151 5575
2318 5304
7402 3781
5546 8959
4894 29
6360 4607
6663 2500
2326 5723
1041 9754
7091 3734
49 1522
8825 7054
7707 7943
8022 5112
9721 212
8159 7796
7899 9727
4483 47
759 8010
1903 215
684 493
9025 4818
2539 1945
5147 5057
4152 2005
6840 4198
3464 2154
1387 9066
9345 653
3844 1594
6598 7535
8163 7406
2785 1440
4727 3415
29 3457
9579 6025
8507 1018
2384 1040
3815 5500
9784 418
1824 3258
2729 6905
8768 5489
2497 7977
8152 6920
8195 2576
6588 6956
6260 6831
7395 9174
3185 4281
4589 8333
9685 2049
6769 5929
7553 5846
6479 575
2489 7872
2454 4469
8680 7635
6049 1505
7580 7664
5045 589
8803 8624
5219 7419
5433 6382
1574 4820
8160 890
7500 1424
6030 3318
9626 4989
6773 1741
7283 772
4694 2705
6981 7362
703 9247
3475 5667
6632 27
1036 4327
9248 8262
6091 6916
8471 8915
939 582
2665 3911
59 3105
2386 4951
4798 6569
669 4596
7491 9325
2985 4879
3222 7076
6053 1090
8975 5693
3571 9167
289 7226
6475 1997
9149 6204
6129 3486
579 9591
7792 551
2167 8424
4954 3595
5895 5455
9748 4104
157 7854
8704 4086
3480 4924
644 5081
2070 432
4958 6016
8701 2291
4299 4209
2417 3919
9209 3384
1710 681
3114 4284
6727 4873
1106 852
4184 6466
1118 733
1789 3691
3927 6337
4654 1184
2113 710
3969 1475
1304 5585
2558 1822
7527 6404
3821 1618
8100 9033
231 1245
4119 1910
3548 3373
3634 4655
3418 9879
8232 9831
2432 1122
1366 8651
3510 5637
7362 8160
9553 5075
3244 1714
1825 2812
4543 8677
7859 2139
1803 8141
763 6831
8167 5448
2800 7619
5418 7860
6223 1289
9444 3809
6706 923
2093 8734
6592 5261
7701 7611
9475 5285
7319 8803
7043 4024
4314 8742
9106 6401
660 1294
9076 7817
2500 212
2691 9398
4878 4504
7834 9818
1506 1772
4584 4933
243 3255
7486 1176
8972 1450
7147 4826
8387 6195
4525 7459
9129 7885
1513 8879
4374 5877
482 1676
1736 2032
8735 5841
4697 3371
5427 5321
5256 4488
4439 2471
7326 3784
1324 9180
4346 621
1199 9920
9956 3190
5538 9234
4979 6260
8913 6080
1821 3677
3838 2056
4501 7178
4380 4662
7326 9087
6133 4766
6979 2974
8753 5569
206 9759
1019 1314
4619 6932
9935 5736
1181 1490
1245 1436
8547 1134
3482 2124
7848 4440
620 71
9576 8501
3108 9490
6257 1082
4918 3110
4066 2445
9940 5277
1975 8964
3824 558
1787 7598
5891 483
4955 4257
6710 2959
338 9535
4905 8628
5545 1607
8638 5719
4138 6025
2447 4253
8310 9295
3748 8130
5667 5528
3342 1344
8166 7426
9682 7078
4251 1846
572 9478
5164 1690
3767 6239
6855 3440
3039 2573
7303 2160
3717 9300
9160 9194
5195 5276
8984 9852
289 6943
9515 791
3716 584
4478 845
3157 7399
4667 9826
6993 3637
5147 9832
2295 5890
4655 2172
6363 2415
8180 6945
9888 8395
9017 8572
2032 3434
1687 7295
1371 2336
314 620
5760 4314
187 8876
9147 4448
2759 7885
3470 1053
4787 6913
9423 8813
4503 4837
737 1879
7619 6164
4751 899
1921 4251
9513 717
5340 5237
6581 2353
7112 3511
4378 4857
8520 3762
9952 792
7596 8588
9039 3706
770 5064
4291 2426
6325 4683
5864 8695
4662 1171
652 3423
9647 9811
1549 4434
3393 977
2168 4911
3887 3939
6683 7323
9984 9573
2129 2825
768 7001
7122 9113
7548 5937
7174 7660
9738 4859
3831 9609
913 78
9543 9687
5297 9509
8744 5095
469 417
5878 6670
6372 6991
258 7256
105 5085
2998 3457
1949 702
9991 8585
7047 1610
6332 7635
2018 1224
5647 7526
5719 3292
6819 7283
1243 2009
9308 4543
2517 9207
8952 1453
9802 4996
9797 226
1800 7707
4801 8237
786 2832
9112 1007
7582 5160
878 1033
1977 2657
5183 3708
4074 3258
8205 9951
8502 9638
9661 25
4102 2772
9225 2618
4776 2343
4466 5083
9440 1908
1533 3600
8585 5035
6138 5966
609 8828
8556 3037
8857 3109
7292 9999
1588 2539
1466 3537
5967 9678
7009 8236
1589 1024
8083 1573
1234 7175
3939 1896
4721 6008
7624 733
9238 4402
4723 2026
6150 5620
284 9144
5013 6544
8085 2572
4791 2043
6011 117
9799 5398
5269 6470
6904 209
7026 6018
359 1377
7111 8006
3330 3892
431 60
5812 8775
9978 708
7997 5171
3226 768
9029 5952
7511 4429
3773 2619
202 465
1824 6084
6977 8138
2104 175
1819 9455
3903 8993
9848 7062
14 3338
6998 1592
8074 9605
2167 6090
6235 690
4335 8863
9121 2843
4249 7913
1840 4274
5364 1357
9475 8834
8269 5736
3933 6752
7619 3439
9262 7131
3979 9515
46 5245
8190 8216
8352 6848
7828 8691
6139 8951
1833 6551
8454 552
8894 2832
6146 7717
280 5955
2373 8009
8047 2091
2289 9623
7203 6396
8651 320
6750 3626
211 6107
7409 4390
6515 234
1798 4895
9691 3306
321 4995
8990 2912
4376 9233
2244 4109
3416 7045
4884 8150
5122 9053
7784 5598
1103 7008
5975 3969
1193 4092
8445 960
1568 5807
910 7289
9360 8211
5689 9648
792 7716
6300 6664
7806 5902
5247 4783
8772 6440
9858 2545
6595 8206
9360 6363
6252 1652
7577 9111
6663 7090
8938 5432
5199 1565
9938 3581
6697 4247
7776 534
6365 6978
247 1117
8789 3761
4420 811
1377 630
1179 2768
4681 7068
5824 2492
9822 6072
4405 8346
2739 2322
2119 7262
3209 7955
442 3165
1191 6574
3272 1606
562 2214
7534 8359
5390 8123
3500 4493
9187 9673
3529 260
6878 6313
763 8342
7894 798
756 1718
4109 1994
9660 6474
2830 5327
7339 9979
5533 2843
1545 2258
6125 3414
6477 7171
7061 6525
9591 9892
6445 5576
8695 6368
5481 2233
6427 7918
3188 5767
7210 6775
5847 3690
6529 8510
8182 1684
7065 9593
5188 6284
7104 1208
295 2669
3744 1320
991 3271
1635 6395
5421 9750
153 2024
1325 1212
1499 8039
5549 9772
7965 2520
5268 1606
5358 2461
4235 8366
2490 8478
8916 2682
9353 8688
3636 4245
9730 9591
1695 3559
7884 9127
4981 5331
7053 4780
2354 414
980 6120
7242 6420
360 8938
8802 1391
2617 9072
1366 2039
9085 6192
1795 3397
5149 7258
8878 1079
2874 9530
9235 1561
4903 7677
2369 5667
815 8854
1548 1480
3167 8676
2149 9279
899 3305
9941 5249
6019 367
5279 9219
1700 1657
900 9215
4752 285
1901 253
7920 6970
8760 8463
9796 7503
3083 6946
2411 3154
5201 4389
8222 4365
8557 4673
614 9051
3900 6368
1590 7250
2726 6073
990 6511
3474 5116
6268 5017
6931 8121
8491 5328
9072 9377
7472 8529
5750 3410
4737 8630
829 3275
1914 4253
3265 6526
4794 9723
7535 3451
1563 3000
4467 1807
2967 4070
152 1089
3801 9700
6610 9774
2579 1502
1567 9812
4128 9070
6578 5631
8219 4723
4150 924
2368 6427
1193 2389
589 1425
2836 9680
8507 479
1571 6600
7261 5672
6959 2682
7513 7501
5550 4576
2471 7633
5620 4384
4018 1445
9454 3803
4051 3010
5187 1012
1033 3028
4315 4320
9935 6152
2276 2522
5555 5960
4365 3632
4653 7993
1504 5011
8653 8729
642 9299
2699 6088
7537 1253
3337 6514
3575 230
4804 9100
488 9360
847 9426
4064 5230
7769 8509
7572 6658
6190 9246
302 7108
721 6667
7816 6107
6610 7005
2656 8467
1915 3531
5890 1973
9467 215
8314 6841
374 1814
7791 2789
6329 9203
5810 484
8931 4472
7340 1716
7155 5947
2875 1642
6610 9677
3078 6341
8140 960
9008 6001
5186 3316
3318 9799
2621 4981
9070 5250
6913 9297
9127 5011
6470 7644
9285 7027
4776 3336
2293 5401
6052 6925
7184 1794
5613 5515
3739 5876
2585 2289
3774 4157
6030 1770
7211 8617
9996 8552
4721 3345
5391 5995
4244 8197
9771 704
9186 9060
3001 1989
9041 8226
2317 8283
9151 6146
2363 6828
6762 4923
2610 5964
4595 7896
1271 1135
5969 4662
8795 6594
1672 9473
9762 9985
8015 7071
563 3614
1164 8611
2035 4605
4271 3822
9598 935
5999 9269
9473 8456
6222 4221
3935 2101
9447 959
3256 9585
4152 4461
6903 1242
9853 4176
1303 9326
3366 7204
3025 2488
7222 4237
9973 9052
5102 4727
9744 1448
6986 3098
9866 6685
6687 2389
2816 3704
1509 1688
7002 4348
2522 2098
7826 9617
5145 9966
4527 9868
8413 9610
1171 5974
7721 8790
7757 7361
4814 2145
4359 306
4247 2408
2088 1557
1205 6699
4785 8754
9538 4288
1833 4723
271 1166
7620 6008
2058 6157
7722 899
6346 4741
2552 1002
1113 7556
8832 2165
3589 993
3016 6624
5917 2254
1197 6454
6136 288
3003 2501
1299 7935
5065 2537
6816 3675
6935 267
5683 540
8175 3309
7762 601
7051 6095
7053 7512
7714 9029
8133 404
9498 4073
8923 3441
9495 1772
9262 3680
7133 5026
9698 2766
1139 2655
8745 9582
8023 7643
5670 4487
1617 2974
1122 8065
4229 41
4881 3804
5920 8477
1576 4711
7261 6204
6228 2992
6737 3669
8779 9277
5360 8482
9846 746
3287 844
9639 9924
1152 4657
7792 4662
1214 4334
6024 6380
9781 6445
7211 7858
1935 5594
4254 952
2050 2223
3844 2881
1099 2893
2781 94
5335 498
7915 5362
4162 8606
410 4825
6653 5077
5357 4861
7023 5151
948 4446
2312 3373
5633 195
7694 50
1753 6454
4150 7006
297 8972
9154 1567
5336 6490
3907 7219
8035 8242
4675 2626
9937 9223
6005 5933
4668 6277
7360 3183
8565 9932
2235 8083
466 805
2752 549
5624 577
5739 9729
1610 3536
1475 7618
4490 4635
5489 7814
9775 6363
8970 6178
8695 5254
3691 4645
7183 76
4985 9582
9475 7182
1867 8576
206 1074
9266 575
4068 9856
3707 5181
7627 6681
2862 8569
3302 6493
437 3728
1810 2889
61 987
8358 7706
4801 5904
2153 4328
8189 6312
4970 7569
4831 7787
340 6022
2637 846
9985 5326
2880 2833
818 8348
7199 5848
8978 2960
8156 6312
4110 6411
812 2831
4221 1962
7057 2270
3223 9988
4947 8566
9963 441
5559 5018
7454 6015
240 1463
8119 5548
2953 318
6268 4014
8059 5508
9766 9941
276 528
8747 869
1285 7528
6400 720
2075 1950
6252 1362
5566 8751
5868 4459
7233 8890
7819 8713
2899 2385
7893 3287
4620 1032
4517 7310
5784 1456
2929 4738
3331 2531
2371 16
7754 2147
7865 3634
8974 9236
192 446
2321 2577
3655 2498
2593 1639
396 9367
6537 6734
2467 573
8868 4709
1692 5208
9005 6268
5028 6958
9595 5155
4945 925
5870 524
705 5383
5785 5353
3543 2138
7977 6533
2339 4230
7087 1759
1481 4391
6318 4136
9134 2394
4281 9537
2604 1084
4776 4413
8878 6770
2743 6142
1869 5684
4497 7585
9780 5622
8634 3332
5781 2176
9584 9518
109 2189
8494 2995
4414 4295
5867 5328
7490 3248
599 5011
9804 9738
3580 6247
8825 744
8529 5354
9350 8795
290 3603
5783 2742
587 9756
312 4553
9503 5482
6341 7037
8585 4337
5601 8568
2115 9192
7979 5550
6899 3531
7952 3913
2864 8799
9546 7877
5607 7852
9806 2784
6729 5263
1023 4838
6297 2182
1995 3849
9068 8164
5715 8311
7059 6721
558 2249
1709 6754
3483 5215
3440 2470
7920 12
9073 3772
6136 9402
8114 6266
3633 1039
668 9656
1347 3394
6103 6051
7072 9044
227 5989
1884 7982
5786 7656
7176 8798
2178 6529
3223 7102
5547 6384
8875 5222
2930 9967
6039 5022
9870 3363
789 5298
8104 9967
4975 9350
1157 7446
1260 5133
4265 6068
8928 543
6288 5819
1760 1165
8195 3335
7829 5038
4192 2932
5068 9260
4163 8042
9177 8611
1764 4293
2184 7564
482 2968
3913 7626
4721 9862
6678 8785
4756 7326
4384 5324
2893 5275
4027 1357
7215 3218
6282 3651
4141 7413
5118 8924
4115 19
1886 6756
9537 63
5998 7479
5602 4121
9014 6442
4722 337
7754 306
252 3002
4265 2620
7826 5160
6630 9349
1539 2058
6615 9372
1998 3777
4070 2561
2865 7023
1203 4079
5709 6280
2107 6756
6176 8167
2045 552
7766 5496
1887 8488
961 5389
4690 2807
7883 9288
3461 4566
446 8094
6897 1733
7406 7095
6703 4859
5437 4143
248 387
6599 4211
9122 9814
1596 4208
9444 6937
4868 7507
4084 2507
1553 9674
2933 7424
3023 853
5139 2113
4177 61
8468 8231
8177 901
6823 3030
1842 2344
7970 135
11 78
4904 7933
263 2937
4035 6400
174 2010
368 9222
4073 9232
8529 3172
8553 4738
9793 9569
5821 1486
3036 8726
7250 1198
740 276
7734 4109
3529 4444
8941 8661
3328 9691
9952 9663
6857 6394
6451 700
1357 1034
512 7567
6215 7948
4514 297
4324 7151
6397 4790
9284 1485
963 7805
2965 5798
676 6036
9721 1758
1513 1736
1621 7160
9181 2856
565 8102
624 9619
9233 7115
7740 3252
6472 1991
3987 5675
2645 8943
2603 3607
8794 2961
1854 1807
4709 6183
5079 6833
1738 3603
7892 6276
9713 494
955 7880
6694 65
886 9415
9400 3939
9219 2323
2361 6574
3073 8364
9037 1452
485 712
9226 6602
4314 4466
3813 8735
2107 6815
4050 9071
8197 5541
1935 8491
9071 2892
7691 6294
1297 4822
6510 7840
5293 9939
7199 9578
9475 4137
5045 1519
3596 9773
1212 4760
1564 7535
8777 9670
6001 5787
8230 7992
8050 7037
171 5254
1965 6579
833 9998
3306 9677
8058 2478
5065 2358
692 4269
9121 7170
9501 2137
1303 9958
6631 1028
4235 932
2173 6063
2298 3289
1549 6155
1304 3812
8474 1472
762 3421
1577 3587
1829 9497
1411 7800
3761 7063
732 5867
2330 3446
7156 7289
5599 6940
3096 8138
1389 6381
8737 6858
3770 3964
45 9397
7815 5633
2042 5718
9767 3794
102 9830
8967 4534
168 4628
2083 8874
7285 9237
235 6442
8428 2740
5801 5307
2926 6644
1146 1392
9778 787
1634 5182
3593 9471
7449 9450
8898 4016
1175 5030
8676 7530
6735 5789
4545 9029
5350 7211
9675 5212
8223 3611
9074 9189
9777 3106
1904 7378
7136 2417
6803 1138
6959 3783
7181 8384
2658 8583
8855 7536
4241 5748
3888 1735
5613 5488
383 6588
41 4051
193 8653
8740 2121
6221 9376
9091 3552
1132 8997
1122 7602
4691 7251
6500 7541
2410 4194
2405 6121
9800 2177
3896 536
3760 2629
5848 1092
7511 7328
985 9974
3395 7053
7137 458
9537 1850
2095 3349
3131 1195
5986 6656
4825 8682
5997 8379
2434 9111
879 1447
4689 1338
3301 9603
103 127
8472 2991
3000 8374
2573 8315
3181 1360
6513 7248
1194 2670
4074 5185
3350 6072
9857 6293
7207 5843
9463 9689
4367 3801
628 8803
5544 6200
2060 4001
4027 4198
2801 3125
614 909
7229 2787
4986 8209
9086 1231
4641 6404
1676 7492
4702 8153
6497 669
5792 2832
3333 7786
4028 7228
5352 9139
3159 39
9931 7040
7161 7895
5136 6841
7017 6534
9794 6855
5171 4518
197 5468
9737 2724
2740 5599
4766 3166
8468 5253
5638 8453
823 5737
6284 294
1210 6144
2497 7370
7687 4540
4363 4285
8415 6728
8944 6991
6142 933
7203 2902
3513 6598
295 8671
1019 3430
1231 1604
3515 7707
3468 492
5633 1343
2832 4574
3347 9859
1774 4449
2850 3542
5290 7343
3352 5920
9266 702
2474 6540
5013 8110
6187 4331
8722 7399
4439 814
5875 8274
7549 5088
4478 5397
6708 4195
5552 546
1462 2894
5873 8285
6541 1250
3332 7667
7052 6720
1814 7071
1729 2341
9712 1655
162 6201
4670 5999
2791 3865
1361 7009
5429 4523
1583 7632
8138 7121
2936 8143
7671 6201
9676 4699
7898 166
3892 3566
2808 6829
5684 814
5076 3026
1249 4425
7869 3848
7151 5591
4052 2340
4596 3526
9931 820
9805 4875
2930 5691
9677 8565
4094 4688
5082 2411
4534 8554
4062 4211
8815 2871
1473 203
4573 8059
1771 1780
2811 7119
2418 7040
7505 5442
2419 3741
3167 3745
1656 8726
1995 4955
3179 4709
3691 6718
5763 2702
3770 8999
9329 1325
1269 1609
842 4017
2286 9750
7506 8306
6045 2434
1311 5985
1669 9789
2709 3235
9582 3324
962 3188
7266 7989
5036 8410
9765 5198
7373 1067
6332 346
6166 180
6853 4017
1206 6489
4884 9896
1528 9340
6140 1742
8663 467
703 7428
4894 9330
8160 7434
4721 2865
5638 3806
6095 7961
6729 8291
1157 4429
773 8554
6996 7178
979 6984
78 2798
9650 1587
2691 1691
399 3647
1700 9652
6268 9760
8894 8352
9893 7698
2928 9586
6691 3653
9883 1281
5801 1165
1124 7759
7298 3764
3100 4308
4812 9372
6092 1508
4562 2503
4411 9718
2380 5106
9603 2969
6189 6332
9736 8248
2463 5346
3212 5771
7663 8826
4620 3251
2904 5312
3178 8548
979 587
2415 4103
3848 1553
6410 1145
251 3503
8248 9220
9698 9028
5902 1666
3198 5231
8677 4358
6637 7696
2116 3000
3584 5051
6308 7058
3193 2814
9116 1789
4062 380
2149 9343
1194 1441
3576 1027
2450 6936
349 755
1291 5865
8282 9538
7667 6831
656 9472
9172 6737
9442 9062
9408 2745
9633 3172
4482 5640
6769 1069
8854 7431
8187 319
1056 9609
5100 2504
6764 7042
9992 2317
5366 6933
7405 9052
7814 8256
71 1435
4814 4803
8642 8351
9138 4978
4670 3670
8980 8523
5562 2255
2336 8095
6021 1605
9679 875
9081 3819
1089 9166
8240 187
6945 7679
7586 6046
8722 7887
4457 6908
1710 8123
4500 3481
366 5687
5867 646
2892 6017
222 5095
8481 18
8559 9367
1283 5567
4454 1786
9831 830
7231 2081
9594 2502
4864 8585
2414 2305
6948 601
9332 1779
4810 2782
4677 7912
4134 7225
7492 9556
4451 4859
7355 3805
2009 6666
4776 2780
3475 9487
1387 6636
2336 5556
3342 4481
4772 2162
929 1353
7316 9033
1200 5886
9964 5709
592 8827
3202 2669
596 9686
4792 75
624 5805
5611 647
5190 1269
3441 2938
6295 7750
9362 426
743 9538
1281 46
1146 2445
1550 5860
6433 5015
4751 216
7448 2034
151 2933
6026 1367
5864 2329
441 5524
8104 2098
4540 9460
7142 1670
8159 2321
2608 5361
407 511
2714 2241
149 8268
7529 1383
9072 5647
8024 1933
341 8935
8123 1298
7336 2203
6826 6664
6802 3886
2223 7989
8914 4927
7400 4497
9583 970
6790 7768
5222 8285
5998 4005
3358 9124
8952 6051
5627 7318
9570 4587
773 1334
252 9153
5913 9370
2721 1559
5923 2895
4221 5886
2322 7965
6861 2237
328 6062
796 3937
2597 3798
5728 1750
1881 7363
8380 96
8023 863
2537 5614
3057 319
5172 2847
99 5737
3091 4053
3796 5176
9359 3657
3283 5775
7009 3542
114 688
1934 9920
5190 7755
3452 2969
9994 8380
9780 3978
3998 3003
2312 6165
8129 2115
4323 9154
290 8954
2574 4866
6755 5373
3574 3397
6280 4044
2898 6551
2471 5502
2611 188
3687 2406
2931 8109
9107 2153
2791 4362
2863 1000
8089 5087
1076 776
9865 2264
7388 8016
4946 5058
241 510
4954 7153
7229 9932
9730 5776
1643 6907
7213 8925
5398 746
6866 6896
6662 2105
7185 5651
4132 2646
3948 5344
6820 5139
1593 6938
3664 5751
1586 7509
5391 170
7937 5358
1945 396
7330 1282
7837 2440
478 7630
8051 8404
3061 1518
9862 3774
7499 3843
6818 5655
4495 9456
3602 360
5062 4569
6100 5039
8344 2775
5793 4374
8995 3734
3461 4148
4429 2964
4829 3088
8661 7782
7987 6009
515 1499
8106 3586
2345 2613
3244 3245
9620 2927
307 4398
5533 4239
783 2449
7989 7623
9024 9384
2013 3902
4196 4389
1562 8509
7405 7108
1159 2139
3925 6010
5682 4065
9144 7901
1223 4733
7312 9992
3008 6757
2633 2554
5751 1758
2513 4293
351 2320
1689 466
250 1398
4296 9811
9395 8610
9723 8139
5119 4569
571 8126
4888 5577
4373 1075
785 7664
3423 2748
6831 5722
7568 6332
6944 5892
9217 3413
6105 1988
967 9638
3217 2000
9957 7027
772 6826
5345 1078
9783 5530
1684 7979
277 9881
534 1831
1609 7247
2232 7718
1015 6914
406 899
6093 1377
1997 4115
7124 4395
3209 8292
3807 6382
898 6821
7242 9381
2215 5460
2390 3334
618 9550
4591 2393
3756 1029
9310 7523
6556 767
1851 2843
3703 9698
8643 839
1524 1287
5025 8120
8257 9141
2128 8550
6886 7045
5805 1138
3094 4558
791 7791
1077 815
7517 793
1374 2125
413 8012
5995 7116
535 3473
5506 2818
6240 1408
1170 8159
2503 5225
8294 3295
5608 9566
1297 5524
504 2570
8674 4195
4867 8063
8984 5901
2543 1756
4739 1028
1367 4939
9971 1192
3850 8065
3356 7679
763 1985
130 270
692 6386
1756 6578
9848 692
2635 7558
9205 5689
3011 1905
2105 8359
4235 1824
2123 9702
1897 4664
5243 6830
857 7926
8852 1616
3963 6451
5539 6338
8357 6346
1964 660
3001 9862
5101 6648
9721 9936
2914 8194
5569 5925
9973 5628
359 9649
9660 8001
1161 8561
917 2330
2947 2035
6001 5911
399 5333
1898 1988
8269 1070
2890 2861
1979 4105
958 3312
1875 6980
2908 5953
7353 6357
1936 8052
1168 230
2345 1434
2156 707
3227 6555
9083 9061
4584 2669
7489 3043
4018 9515
5990 7331
9246 5459
3475 8177
1839 9781
9010 1789
6487 945
5976 526
9722 3190
2873 7142
5415 582
5198 1729
5864 5745
2286 8828
4313 4147
6460 8282
1878 9798
3537 7049
4117 1699
9672 3139
5550 7554
9070 6632
2121 7949
4672 6265
5794 1166
2357 3135
9675 2893
8845 7002
2258 4496
2936 8416
1139 8697
6884 7346
3646 9503
4333 6339
6617 1941
5497 17
7097 6900
7513 8486
9117 2074
9461 3180
9145 5644
5112 6502
1969 9911
2094 6173
191 347
6211 897
6939 3385
3043 3249
2774 7758
1113 2233
8692 8158
5572 2410
1187 7582
8655 7073
4446 442
2385 6080
8017 7959
3934 5730
1502 937
8418 8333
8329 2677
3619 1963
9083 9615
1891 1371
6713 5021
6482 3934
3580 8768
712 4539
8010 8297
3775 7924
8241 5166
2267 4887
3868 6351
347 7173
983 6442
2847 3778
455 9300
8818 6421
4826 4385
959 2357
9562 7337
5597 7272
2576 3152
9189 6652
9632 8418
9733 9876
1273 4517
7708 1477
9486 6501
3711 5341
1803 8931
3805 9053
839 1534
1915 6477
6425 9008
2500 4314
4330 711
311 8097
3868 4511
5222 7278
2273 4075
4954 2032
729 6533
6185 6427
3950 3152
6139 5909
6434 2161
3923 8685
5445 7732
6392 2843
6852 2679
1226 79
9640 6013
4287 1366
7091 1026
2293 4727
3580 4784
6042 7386
6976 7389
8728 2047
8683 8263
5664 1672
758 610
5272 2507
3786 2762
2492 7589
8559 7830
7519 9119
7149 8184
2098 6571
6392 8089
3930 2903
