4973
50
14595248
98 103 91 95 94 96 92 108 107 108 98 103 94 100 110 110 105 98 104 96 103 101 103 104 91 95 101 97 91 91 91 97 95 93 100 104 102 103 109 97 101 91 103 94 101 107 97 104 97 100 
-129169 -138196 -126060 -127015 -111947 -119465 -118993 -135289 -146795 -145384 -132652 -139207 -115216 -139644 -132054 -152638 -143113 -125499 -141794 -127821 -116041 -131169 -126851 -133064 -115025 -118778 -127909 -127791 -112802 -123140 -119965 -129980 -128543 -117036 -125553 -146818 -119003 -123990 -145773 -136221 -124375 -111150 -133989 -112560 -132152 -135001 -118229 -125082 -124846 -120703 
148020 153589 148507 132612 146844 145972 152578 151310 140238 163544 142825 172141 130453 138517 176866 160618 153350 163577 146410 153955 158467 147756 169597 148136 138028 150504 157284 130691 126964 125607 127163 143844 134237 143072 154063 155758 155507 162411 161928 142712 147510 141911 185291 157931 147103 142115 138400 163955 164340 140838 
8436 6922
7885 8212
3360 9178
6754 3885
9254 220
1445 6777
8938 5206
1761 5280
4133 624
7635 1908
5990 6853
3617 9059
8409 1525
3190 2290
5066 4950
4554 6067
6698 7488
1376 8772
4856 5591
2840 6889
5784 1146
31 4776
704 7679
5404 5530
5502 6781
4939 5047
2585 9461
7201 9633
216 6855
3240 17
5884 8369
3989 801
5408 4658
4837 136
1076 656
1089 4782
868 9808
6948 7457
6406 1382
7484 4935
3445 6782
7622 6778
591 7935
618 7195
7695 7346
6502 824
7157 2905
3788 804
8643 4191
8797 691
7489 3626
9544 3686
6670 5257
2396 8632
8547 4887
56 9908
8164 408
6696 6697
4457 7513
2140 5429
1871 4018
8582 2972
9627 9107
2666 3721
7242 2293
4622 9046
4903 4408
8700 5059
7792 5257
9458 3518
6004 2343
4614 5408
7956 6319
4856 1250
6014 4131
7959 9662
2372 3968
8816 2368
757 8502
3529 2730
8159 5333
9548 2563
1472 230
284 4078
3359 4805
5140 1084
6592 6016
6739 5512
9571 461
7790 5463
2016 2928
4674 6717
6321 8006
4507 5643
2513 4382
914 7518
1849 4297
952 6036
9804 226
5061 1221
8576 7408
3434 3531
8490 7805
8423 88
342 403
4620 3351
9184 1907
9901 3121
7975 2377
5845 4349
5166 8173
9253 9106
6999 5942
1947 3773
8721 6960
439 2497
916 9950
7199 5436
2545 3645
2241 8664
9586 1450
4672 1639
9371 1475
5093 2568
7284 3238
5424 1217
1715 5142
4826 9111
3853 9205
6545 8810
4759 6878
8692 3328
1592 727
6847 1986
9799 4602
8103 4453
679 25
7093 5495
3778 5850
664 1076
2505 9536
5477 897
7629 2379
596 862
5069 7559
869 258
2152 5604
7225 9923
8152 3888
6063 7067
8938 9202
7773 8035
11 6991
6565 536
4685 4999
9290 7159
2271 8333
7871 4310
5752 5804
5535 2737
2516 2072
2230 5181
7202 3959
1409 1671
2703 7425
5059 7160
8890 4929
2102 3904
244 6317
3577 7887
8290 9360
4136 850
5204 4759
2661 8407
3772 7897
8714 1812
4831 410
2300 6572
6569 108
6841 5243
600 5987
3370 8317
4306 7068
7927 8028
1812 7310
6364 1920
8114 1425
5036 9409
6284 5719
9328 3945
2598 7412
3107 5368
6585 1045
8819 1698
1756 9647
7064 5680
5512 9302
2590 8048
1738 5343
749 4921
7528 6742
5454 449
865 5154
5289 1908
582 9584
9226 9435
1539 5833
9258 5487
1613 2903
1176 6479
7826 6418
7833 4418
7748 5917
8381 8253
5183 6932
7280 387
9904 3270
3351 6833
5647 9756
206 6422
2164 8145
8164 6316
7021 9501
300 5671
6770 5960
3746 8111
3763 5504
7894 8717
7315 1121
9217 392
7294 4447
6907 1413
569 6678
7441 390
1270 4935
5425 5991
1531 3021
9237 8466
5842 1985
9429 8253
5150 9716
9809 8096
8777 9330
9446 7147
8083 2221
3706 2442
5334 5163
9230 7911
3024 7826
7083 4537
5399 5819
9330 4144
6452 9826
5763 7731
1664 9581
4308 2849
6624 4143
5762 5306
6619 9711
5667 1260
7880 6937
5016 7657
4708 6469
587 8712
8977 119
4284 235
5222 1181
3535 9255
1269 1333
5417 8419
9637 3451
1072 8077
7282 7683
5646 7923
2797 2544
6290 2885
4450 8040
1064 4330
8652 732
1066 5222
2876 811
5173 1694
5779 3889
9627 5079
222 7788
3326 4235
5358 819
8485 1821
6834 8856
2497 8723
2061 6548
1597 770
6137 2987
6208 923
9220 6810
8370 3809
1604 2402
1378 7713
6610 545
3498 9431
4192 4821
2456 2704
2242 7422
5651 8113
3124 9967
1442 4389
9303 2999
7029 7148
1429 6831
3817 772
6779 1298
7123 4387
8295 8814
1324 8294
7144 9256
7250 1376
2977 4382
8626 4887
2473 5220
315 3793
6324 1600
5089 4454
3500 1128
1485 1930
7987 4243
1988 5219
4591 2368
9313 3911
1900 4144
8927 7409
9311 8220
9137 5066
6524 6815
7467 9346
7439 186
6116 9532
1991 3635
1133 7444
2523 1413
4835 1115
9139 1561
7649 2479
4707 8117
3527 4186
1937 7097
9452 8104
4790 8296
6133 3025
3081 288
8193 327
495 1794
3276 2183
3273 6150
6837 1367
7980 6954
8198 9028
6423 1390
2927 8109
8068 1444
2606 481
1979 7502
9247 918
9672 5863
7149 827
6992 1508
9351 4562
3859 768
4911 8152
9887 6867
2247 7051
2935 3350
4085 3116
8745 488
21 5299
5585 731
4439 9842
7805 3019
8626 5213
5228 1549
622 910
984 9134
3096 2703
2252 6888
4143 6246
1756 7743
6424 7915
4928 4420
2633 1069
1549 5593
1788 7985
7041 4457
2534 7810
3316 7870
1343 6448
1360 8733
7536 124
33 4523
8685 3804
542 6247
5907 1065
7819 5993
2943 3760
1259 6890
1104 3980
4135 8829
8108 7431
2241 8272
6466 6289
8550 4559
4903 3697
6855 3448
598 2525
468 3875
8830 1865
8690 5095
5513 7065
5448 8572
867 9999
5286 5096
5978 1916
7985 9182
1293 4297
1215 7760
4651 6194
9282 1270
4325 4335
8202 9265
1389 8979
4152 6856
2722 7845
123 1329
9619 2486
3320 3695
2895 3870
8728 7304
3190 7423
4332 3634
2113 5218
2801 5478
5885 590
5423 6789
7065 3016
2269 4506
8602 1570
5237 4367
2494 727
8837 3638
929 4109
2735 994
2457 6374
6642 8924
5052 8169
3845 6950
3620 9415
1515 3574
1127 3662
2895 9975
5144 1973
2087 5388
4869 9314
2932 1892
9786 5861
2062 5666
1236 829
8884 251
8188 7869
5646 7532
6994 7706
1795 4447
7362 6103
6179 556
6011 5190
8058 8796
2379 2179
7298 5002
1311 1517
6079 2673
8049 7930
8509 4644
3819 4846
7241 5570
9713 846
7162 9359
8861 946
5438 8317
3029 5411
7932 7289
5364 1121
7425 4996
9790 2892
6208 3917
809 8400
1813 9098
4967 2586
271 5144
2179 8129
1047 7067
6466 6126
9478 7989
2501 2233
4016 616
9469 417
5875 4630
7486 4377
2384 3492
1604 8383
676 6235
2747 7331
7011 6953
4084 6577
5113 540
2066 6067
8513 8582
6768 2420
8789 6777
6258 4491
3875 4431
4288 2523
6822 4329
807 3452
4219 5235
4005 854
391 9230
4298 9093
3608 8272
2513 4403
6555 8541
357 395
3282 4726
7698 4140
3166 1621
6395 4402
4785 7886
5024 3126
9071 6524
9448 8939
8337 4751
5870 3663
2476 6012
1365 1472
7582 322
1057 1880
4615 8710
4289 7967
6981 8270
2515 4755
61 71
4040 2749
7443 3795
4271 1738
2206 958
7857 8307
9103 1766
4455 7333
4837 8485
5654 4132
2568 9197
704 2180
8719 8047
4997 7090
672 8840
6139 8752
2449 9350
6722 6216
6540 4246
2540 575
9458 8651
6673 3371
461 5108
2420 1301
4139 4842
6136 1470
1260 9116
6723 7798
1361 154
6405 3825
4151 383
8386 1205
236 6769
6724 5762
553 8932
2967 3477
747 2125
3198 5709
9722 3210
6821 9860
1272 8589
5805 4727
4484 4798
2061 4665
3218 8866
685 6730
6865 2896
6763 9316
6823 6272
2911 3723
8852 1662
2629 2964
9549 5925
5865 8149
9037 2902
3167 7435
2024 446
3495 5390
5471 2148
2530 2028
2763 441
8654 9274
512 266
6486 1207
7203 7130
4811 9954
9970 265
1598 6544
9605 9035
3381 9970
4586 1489
9323 9130
9595 9605
9161 5321
7122 4608
9278 2240
2196 5242
8160 9467
2462 6403
8785 9521
6543 6201
4608 3585
7502 9445
777 638
9631 5131
5214 1183
5795 6995
5252 5315
6019 5189
6488 4117
5564 877
6963 9250
6798 4123
1327 3660
5079 3533
6665 3942
9119 9642
142 3949
6644 5371
3762 2816
3231 6630
215 3346
8143 9032
4685 1443
1323 4721
5918 3383
6309 8593
8534 8677
5486 5986
2949 8195
8351 9763
961 6945
3105 5156
1304 8462
3012 202
5402 9535
8373 3553
1803 9549
5983 5895
1989 5370
1255 2975
655 9628
965 5429
9553 4772
4062 6304
702 2342
2753 3563
7117 953
6627 8496
3090 7214
4732 6157
262 3724
1907 5020
9912 332
3095 8029
9269 3035
4912 714
3504 9203
646 9268
6831 5902
245 3182
5254 6253
8816 7727
9170 966
9882 6210
1391 7610
4924 2129
5470 3086
3236 5831
4515 7926
2076 8667
2919 128
6845 8169
7234 5033
5612 5642
1556 3048
7479 8569
9371 2790
8172 278
4318 9457
615 2744
1721 7525
1996 1824
5076 6112
42 488
1920 884
2604 3841
1151 4040
6614 5544
6043 4553
2258 5940
4218 5870
2156 805
3781 4461
345 264
5062 5801
9304 5347
5757 2283
5189 8451
932 4910
3139 7121
3368 9265
5124 3107
5929 8696
4674 3655
4755 1714
2727 918
9506 2054
8408 6465
4230 6201
3164 6896
4733 2176
9244 5855
3254 2238
4313 8167
9373 3838
6924 3719
131 9956
9926 1128
7145 5620
1621 1155
4758 3490
305 1076
9374 4601
9166 493
9525 6991
1493 9020
9138 1214
1775 3134
2243 2523
3900 8705
957 266
8042 7193
1206 3269
2814 7538
3733 3855
9267 3372
3975 417
8248 2502
9018 6903
1244 5507
563 498
4816 9330
8000 8715
7417 1049
4653 2796
9408 4320
8802 179
9693 4412
948 7619
711 6711
581 781
6843 7020
7579 6324
5672 1819
7752 2771
9714 9735
1852 5984
1085 5752
4923 2006
5741 765
216 9917
8579 8240
721 9282
5211 2640
4703 819
9953 5758
3882 6000
88 2485
3875 8041
3091 6669
745 919
7139 2004
9033 4695
4909 1572
9930 2699
8073 8690
5765 1616
6209 42
6297 4058
4114 9530
8427 1051
3908 992
9337 1978
184 2380
9666 4092
5291 3758
4951 924
3960 8289
861 5051
1496 7202
449 7737
9075 3001
6335 8309
5811 7356
2162 8011
7890 6257
6989 8084
108 73
3837 6237
8084 1306
1438 4545
4590 69
1864 7011
7554 3189
7761 2153
8417 6799
8628 849
5268 8937
2443 1519
6689 271
6976 9570
6741 2181
4463 4429
577 3685
9207 2081
3133 107
7366 6651
3583 4969
9804 5085
5832 5175
3406 4854
5978 1945
6032 7117
4153 2451
7048 8257
8083 8185
2118 2594
597 202
6517 232
512 1848
4458 454
7161 5929
1224 2097
7803 3048
4409 3776
5642 2827
7448 2381
3271 9590
2308 4885
9571 5758
7863 9880
7307 3824
8797 1476
7502 1123
4780 9857
5148 7226
4296 2067
4069 641
5628 3940
9642 5774
5600 519
9757 9509
2104 378
5512 201
3350 5235
8761 1941
2160 8670
743 2641
9447 4947
9209 5093
9431 9475
1985 6878
4860 8201
1848 1436
1417 4050
2425 1117
12 7586
6037 9102
776 3923
7868 5442
8081 6952
9350 4866
484 4157
5648 8044
3551 3274
5882 5030
6377 9471
1915 7235
3839 530
6153 1530
3502 2119
3870 1512
4453 7803
912 3410
2045 7770
6167 789
2933 8191
2215 2647
7057 6005
5859 9527
1929 7360
9260 1082
8124 2411
5428 604
9917 1372
6143 1112
3287 4501
6456 310
7047 371
9578 977
1904 9916
7932 7934
6884 7701
5340 9826
4096 8706
2125 9837
6736 1908
6224 5807
7249 5673
2878 9401
6775 8072
2339 1329
984 7855
6659 9308
6643 3666
4664 6347
2728 7498
4144 1097
6127 4045
2913 7500
9552 1465
706 5422
9503 7439
9278 1417
5973 8103
5647 1236
9237 1654
4383 7091
7072 468
6354 446
4112 2211
6604 5615
1222 9566
6851 3334
1847 1887
8708 6699
8083 7351
5642 5672
4299 5449
233 2685
1073 945
8466 183
5586 2549
9739 8725
4045 8643
7365 878
6645 2569
8680 3507
2836 3447
4977 7671
7331 9413
1414 3245
9234 5881
9967 7603
370 3305
2112 2085
9009 9777
5453 5089
4952 9137
4045 6699
7501 6366
846 368
4286 9100
6429 1949
3477 8624
6288 327
9148 3382
259 6942
3461 4077
7068 4632
1882 3230
9572 2463
6959 6881
6474 2163
3624 9433
5326 3069
5921 5582
8425 4846
9716 1233
3441 912
1150 2248
7027 5799
4046 9410
100 5606
7201 2609
4118 3070
5629 1199
6280 3419
3306 8719
9324 5605
9429 6021
770 1148
8101 4645
5729 1270
9720 6070
293 1752
2665 9358
6753 6145
5928 9791
590 9774
8804 5720
1018 959
5502 7799
5829 2109
9929 2696
5126 4686
7161 7686
1764 5126
3902 8561
1603 2068
9098 6084
9970 2332
6886 6961
1642 7916
1589 8958
4209 1268
6934 7711
5742 2271
7904 8675
7866 6770
5823 647
5315 7421
7348 79
313 4435
6914 4658
9353 1975
8273 2617
4030 2549
6854 1922
5522 1726
3935 8787
4104 7079
2848 8310
4499 3924
8002 2744
1129 8042
1028 5522
4818 4795
8805 5341
3322 6944
2239 800
873 6970
7420 7726
6404 7605
5124 9669
3904 7070
5908 441
2773 2788
5930 2833
2484 1662
9836 1750
2195 6828
4307 7538
7015 571
7604 339
6922 8407
5559 5595
8754 9791
1078 1009
1199 487
5298 8966
4496 3358
3208 8279
9279 9746
7697 9420
7435 3072
6692 3895
7195 1153
2911 4018
2417 8062
8112 6899
3644 5984
9860 8329
4151 9711
4700 5641
5827 9278
890 9741
8528 122
8278 5447
2247 8378
8575 8010
1576 8522
2689 864
6687 5296
1415 3945
368 2894
8835 6364
4787 4964
9001 9590
2953 7395
2781 178
192 9099
2658 1132
9785 9261
3226 8239
2810 2902
3622 9041
4011 8620
6035 4245
5429 9408
2069 4794
9213 4595
2066 9081
8326 1703
3957 2997
3496 1428
712 2887
4402 5593
5456 5683
7401 9680
1542 4254
4512 4008
6828 8491
5775 7140
9711 8012
7486 2691
2992 3642
3804 3263
6396 37
1239 9808
6241 4509
2924 8227
8530 8076
3105 5805
9908 9429
4623 7277
6023 66
4559 7897
3687 3778
4759 2267
3843 3403
9941 8292
3152 9527
8385 9346
3844 3857
8670 2758
5124 8799
4927 1909
1712 2154
7017 6645
196 8386
9719 3098
7971 8430
1463 7008
9741 3905
8189 7580
2945 1068
7784 1649
5919 2289
1792 7419
1661 17
4303 8523
3866 7506
6750 1637
2145 3672
8540 1807
5476 5198
6480 3336
9820 7220
9176 878
510 7394
3552 2699
4393 2944
4110 5803
9019 5193
5042 8155
3581 996
2360 4036
3898 5263
5471 5623
718 6391
2449 2485
9654 4571
2477 7594
8245 8124
6103 3559
5316 1799
5139 2889
2003 3700
5611 4674
4502 4403
4911 1116
8889 4758
5104 7989
380 2276
101 2512
7983 5140
5523 1911
750 1185
122 4075
970 1717
5707 4904
7923 3548
8141 2384
4324 9196
7220 2341
4958 7785
4494 4913
2450 7748
172 3277
5798 3593
7221 5663
3012 3120
299 8561
4050 2480
939 1357
487 1075
4079 3728
6615 9397
2013 1893
3075 1857
90 7062
4847 3514
9941 8903
8657 578
4976 1341
727 5200
5535 9223
9089 7321
1102 8011
9820 3869
603 2311
4682 2249
8174 2091
2616 1331
5147 7348
2747 9170
2802 155
6171 7284
5850 628
961 7336
388 588
4221 6937
9423 4759
4787 7338
6597 4234
6642 4139
6610 9799
4814 4622
4619 3217
3042 1450
8100 7921
1718 3573
7785 7838
6590 8297
5188 9092
8584 4132
9670 7417
3396 2603
8734 2540
2762 4127
8949 280
9908 5365
8769 1148
4367 7234
2468 5354
254 8932
7344 2232
7327 1022
974 9820
9045 2534
8674 1392
9586 6287
8837 8633
9542 4821
8061 7873
7046 6684
6525 2497
4822 7890
9127 3983
8108 8110
1281 3609
4773 8126
8538 207
40 4483
1916 6812
7495 5264
3488 7474
7907 8915
9192 3976
7099 6999
9716 2706
3040 5686
3161 285
5041 1227
5985 4933
5081 7261
3292 2311
4251 6422
4648 2349
9235 8779
5897 8535
2534 6176
1978 8621
2109 365
8267 8447
3337 1885
2205 5944
1368 8121
5462 71
2386 4715
7666 6092
5801 2626
3927 3117
1208 6820
5364 1111
2435 3057
830 7757
6202 3299
1774 6228
4834 4041
1167 2119
4297 7216
6598 2742
5138 3087
1952 7024
3370 1298
8010 9301
9479 8552
485 4301
8345 3138
6639 2724
9746 634
2621 1735
7684 4039
4235 5434
5525 266
6522 2499
9602 2207
7643 4626
2841 42
6678 9271
3275 9149
3956 6533
4060 2194
6315 2812
8541 9965
1240 176
5915 8389
6366 423
2792 735
7592 2601
51 7985
2335 6912
4558 1720
9480 5737
6642 3826
8400 915
5932 7358
441 4704
6502 1137
7948 397
8771 1169
3293 8962
6499 311
8136 8611
8539 8632
4448 332
225 40
6933 5498
3628 7713
5171 9512
2988 8022
3682 7482
9459 5900
1072 4871
8558 5646
3664 3381
6387 7992
2697 7387
5545 2920
384 885
2370 7254
7153 6673
1340 8941
2477 5924
5900 8050
5216 2047
1006 902
9221 9346
3089 7063
525 8162
1307 6716
7955 2518
3772 4493
5552 2871
9087 4484
5722 9568
3487 3199
9178 8634
1855 1351
5111 9356
702 3078
4117 1788
422 5822
7210 9085
3996 6268
839 7491
9663 1085
1844 9927
1831 1916
1556 8306
2003 8594
9829 5439
2362 3452
1993 6531
5629 7994
1939 3721
219 3011
9914 9493
120 2890
4372 3176
6982 2298
3793 7980
4791 4587
2042 1103
6324 2817
9867 1969
4077 4027
9808 7691
6601 864
2636 6581
3559 8384
2314 4653
6772 3803
3129 9956
1034 3728
5161 5622
4910 8526
6087 4287
6641 4795
2964 2251
4649 9901
5361 5087
5833 1710
3222 1920
60 5172
1747 9838
5337 7113
7937 5381
7428 2175
4094 858
4255 4043
6539 8671
8621 1409
4898 7682
5710 1544
7372 3048
7286 4595
3479 9508
7450 413
2736 2834
4690 1916
6289 4908
9164 1846
9448 1574
3291 6103
3319 2947
2108 6069
1805 9030
6691 4596
7498 5099
7482 4063
9117 6587
2798 5698
4430 2772
575 5952
3526 7834
7500 7644
309 9217
4847 8826
4297 4665
3124 8754
9851 8335
1141 1812
8129 9369
600 2359
3123 883
7941 7183
5721 476
1669 1701
5597 3354
5228 8814
4714 5172
4803 4354
2273 4641
8701 3001
6350 3170
3322 480
8433 9336
7955 1788
9337 7353
6418 235
3651 6642
3407 2976
9495 58
6145 1170
6981 8083
7364 4673
4778 6594
113 3204
9788 7270
6898 5041
6029 3569
47 5586
5122 6198
7932 3045
7733 4055
6904 2031
9472 5353
4980 694
4446 1143
8338 7876
4378 6526
8081 9867
4072 3185
1252 1071
9593 1798
6488 2777
825 8611
4193 8317
2184 6264
1440 9364
4377 2539
2850 1249
8654 8076
5075 2818
5179 9344
7266 7539
8433 5528
8952 3065
4686 7845
3817 7098
5842 8001
6826 2470
6661 1282
3544 6346
7962 2765
9622 3377
1307 574
6028 4475
7964 8416
5568 3555
8789 2495
9959 8415
5621 5937
9524 4421
9574 3053
1093 6115
1680 2197
7020 3932
8699 564
1893 2839
5542 5744
2310 6050
913 8993
7171 2609
7890 6575
1738 4859
2590 9620
5818 1743
2731 3188
3868 8249
2364 155
8985 9935
1833 49
1894 7194
5503 5706
2744 173
605 5443
3451 5479
5808 9963
5352 1290
8617 937
6434 4177
8129 4047
380 4973
376 7088
8520 8640
6218 9324
4642 5794
2711 1391
3887 1788
5228 5180
6707 1396
2510 38
9958 5319
5300 2319
6276 7747
4173 5481
7648 1709
6474 5871
6421 77
3579 1820
4168 5095
8364 3942
3275 2528
5257 4469
4001 1359
6360 8579
5576 4656
1953 4581
6429 1221
4189 3963
1542 2347
5683 3057
8664 5146
4966 1204
1798 7576
7200 3842
7370 3650
7199 2250
1609 2949
129 1709
5898 8899
3573 2202
464 3309
241 377
3078 9410
2839 2827
4778 8883
9260 1994
7195 1634
6747 2943
7215 8748
7945 9269
4592 7864
3337 875
9049 3675
1536 6894
1354 5100
9412 4685
5236 5638
4545 117
5460 9126
5989 2443
1790 8353
4789 7088
8269 8404
6522 4401
9844 3673
9069 3494
9674 1165
7014 7713
7594 5688
5077 9878
4721 1373
9117 5444
4028 2638
4757 454
7248 9951
2476 9379
9373 9167
7989 6160
4240 5162
6862 1897
4308 7129
2310 5772
7181 3790
5044 597
1060 3960
1509 9779
9180 1592
7595 8466
2015 5129
1496 8742
6237 249
108 7957
6369 4127
9591 1835
5883 9043
8474 9634
1300 6566
9350 4648
7813 4730
4011 8562
5966 6147
5220 5717
6277 7995
5599 6959
203 2846
886 956
1736 5368
9517 8106
3581 8910
5040 1232
5167 4751
9568 3002
6755 7112
1728 6057
6736 5614
3441 1825
9206 8889
4881 3218
9300 9518
7511 5815
1544 225
411 8781
6791 8564
4248 2856
9269 9983
4870 1219
6911 4998
7255 9014
787 3625
9674 1602
6357 7419
2208 3750
3791 8934
998 1952
3476 8598
883 5277
5976 9683
8742 7918
3862 1704
1147 6981
9491 1486
1548 6983
2577 6968
7703 2069
3050 4682
1595 7780
4357 2537
1289 9548
5866 1231
6855 1968
9342 6827
4016 3713
321 9845
760 1461
8659 3420
3795 9744
4777 6828
3697 7642
3179 4121
9620 9964
9539 7532
4869 618
1707 9902
7435 1591
2828 2455
5282 7111
8021 9895
8995 2067
9827 1259
5443 9106
4132 9400
2367 8366
6073 208
8022 5312
4276 853
2499 3364
4891 5438
5378 6880
609 6542
1358 7939
2621 4892
9508 3130
470 2007
1352 9441
2754 3016
8769 9892
5012 9188
6144 8859
1097 8770
6356 3215
8351 6429
3263 6040
827 8374
173 6075
4377 7655
2209 5663
8031 6374
1421 5256
5323 4456
9136 3747
9144 6525
6803 811
3000 1000
8114 7277
2176 6528
7883 2056
4521 5907
7103 8640
7469 9923
9408 9058
8749 3474
2241 4483
929 7552
548 754
4297 9324
1938 1502
7758 9293
2353 2375
9473 2728
3222 4745
1534 408
8029 8880
8818 8696
1880 4008
1219 4238
779 919
532 712
9526 1186
7983 515
9267 4545
6617 878
2157 730
1235 1671
7474 535
637 6857
3101 5292
7343 2770
3970 5360
6469 8836
3446 2920
7385 7308
7436 4325
7434 4370
9896 4258
2140 7555
1258 7154
3841 5542
2479 6741
4756 2622
6590 7960
8463 4084
3942 4970
4111 2024
2840 2319
3636 4107
8631 692
9460 7669
8933 1554
3346 5928
4614 5881
5293 8428
9971 4363
7259 1265
7917 8606
1078 2541
4587 9360
7534 4210
1366 1577
5763 3651
1575 2733
2762 4736
3252 459
5509 124
6191 1383
9257 2086
4445 3095
5431 5293
5404 7438
3678 8196
9350 8798
457 1022
406 5521
5619 5104
5731 6690
3505 6812
4850 3646
7465 685
9568 8035
5147 7134
6654 4952
4670 851
2686 1211
4017 1520
5093 2369
5161 1036
9615 9400
733 9662
6044 333
9855 6868
8191 8366
3082 1304
9915 9213
6242 3335
5411 4858
2305 2192
7240 2277
8200 8729
3313 4979
8502 4401
1513 9871
8673 9373
9140 1000
8269 8538
2041 4268
6933 3310
7323 103
6327 8993
3107 7196
6696 7689
573 2315
4289 2677
2439 4731
6814 6921
5345 924
2023 888
2727 8354
8825 7671
731 3878
2703 6534
9677 3375
1417 7730
7095 1529
8639 6763
1173 9132
5530 7968
4162 7964
6672 1442
6544 5123
532 7114
9093 7237
6102 2329
9178 8186
1538 3982
1229 8168
1685 4642
1350 5844
7099 8224
4499 444
8476 7215
1663 2562
7539 6502
4990 1893
2413 9064
1063 8721
6464 1839
3340 7733
2790 7513
7332 2562
9689 8423
3082 8497
7995 2540
9011 8510
2559 8896
658 7458
2005 262
6543 873
4517 7796
6530 4436
6554 3600
2160 9205
164 6541
8006 7328
6053 3520
9664 1240
5057 6381
8020 8895
499 575
3687 392
53 6364
6150 5771
9584 9559
6048 2069
73 6652
7940 1056
5455 4000
8646 9322
2286 8141
1131 2235
7362 7783
9923 4298
9753 9559
3344 1080
7847 4579
8504 5926
3243 1297
8213 2745
3585 3397
8893 6645
4244 6762
119 3391
820 6747
5853 5627
5897 9163
9374 1367
8284 9645
6083 2540
5609 3869
8612 3836
7894 2074
1529 5972
5550 4258
4330 1692
3419 5533
825 1224
5726 8185
3711 2088
3587 4674
5888 4498
8366 4471
1688 8099
3985 6126
4111 7369
3973 366
3326 3252
9326 8397
1504 1801
772 3095
8248 4723
616 7305
19 2054
9494 9710
2188 6788
1204 5840
8163 771
573 2317
2354 2198
3773 6767
1316 5426
9862 5373
2455 7891
3281 856
1927 3357
841 1267
4388 8983
4166 5385
2864 9404
1377 3721
4121 7085
5220 6166
3554 2167
3951 6824
6057 4307
1352 9422
9376 3692
1646 4846
7381 9445
5221 7181
4472 8259
2700 56
7739 3902
9028 4872
1341 8089
2810 2443
9064 1558
7666 3651
2596 6751
3574 2762
1640 8962
453 7392
4277 1477
1680 355
3573 2357
7941 9845
2844 918
6761 8956
2814 2609
6237 3237
5736 6118
2415 9370
8684 9696
6844 7632
8205 8528
7338 3762
61 1465
4827 8063
3356 7980
3945 2193
2196 3275
1771 337
8691 5907
7064 3118
1720 2262
4026 2933
6844 388
5070 8126
6019 4269
1903 691
42 3548
9558 5937
3315 8502
9987 9746
6804 6752
157 7669
4993 9885
1283 3615
3137 6102
4151 5220
2776 3679
3786 9454
5957 7615
9460 802
9717 2485
7843 2944
1717 2999
5592 402
3502 3985
3495 8973
6299 8024
1503 2825
1862 1892
3230 4335
1361 5425
5127 5623
3123 4390
8303 2983
1244 3827
9868 7885
6134 4753
7841 6276
7058 9831
9272 530
2981 2590
7498 8314
3751 6570
4764 381
178 3478
7930 2997
2538 5766
9996 6440
2829 7868
8531 3157
7466 6814
9430 6776
8200 6093
3019 9160
3072 2397
8604 5167
6760 269
4963 4836
8974 8005
1085 1303
1369 9877
1332 1445
4999 4466
3962 9865
8855 4713
6317 875
6925 3893
6639 5467
5444 1651
251 6879
9823 3362
8071 3678
8807 3391
3822 1610
2509 1669
3102 738
4369 4616
3380 5669
3876 4634
3299 1782
7792 3459
4779 4112
9536 858
3749 9112
5763 4857
3511 9815
4253 8436
448 6801
3036 6034
4827 4642
4469 8688
1175 1109
1142 9436
2835 8788
449 6893
8948 3910
1506 6716
5733 3348
383 2616
9199 5758
354 7590
2340 3526
9494 9940
1281 8005
5851 187
7303 237
6457 4298
9750 9458
4965 8592
4696 6005
8844 2857
2482 3850
5173 7283
9421 3028
1072 9701
4718 453
4748 358
1084 7090
4272 3108
4144 4578
5118 3237
3262 9311
9779 3487
1331 2819
6756 4498
8465 1947
1098 6439
3166 4163
3986 8694
8284 7753
2325 4495
9427 4349
9363 6488
1888 8966
8644 8823
2715 563
6277 8017
605 6170
1115 6858
4196 6573
8050 2423
5896 6081
5625 1358
960 7384
5438 4877
6543 9412
1633 9997
1936 9263
8512 8578
6379 7908
4499 1762
2251 2094
1653 9014
5441 7327
5667 6473
5765 6994
1449 6681
3976 6731
9529 3770
2503 7665
6782 5699
1971 7582
6285 8266
5194 9551
6354 888
435 1488
8844 951
7302 7046
6178 5510
2113 9202
9422 3561
8819 3467
8857 7848
6769 5648
5847 1488
7953 6316
108 2820
2443 9952
7877 5757
785 5081
1966 2025
8961 5980
5347 6683
787 9641
1058 2559
7592 6493
3829 3783
1102 429
16 7831
2828 9380
3466 3312
5318 307
798 3243
717 8750
843 2979
8270 1091
6473 2973
4363 1568
6125 1642
5386 6497
1960 9739
6680 4572
730 4608
1704 7671
4552 7141
7596 3531
9215 8662
8787 7439
7219 9841
5517 5619
2010 7062
8308 1576
7107 2220
4750 6365
622 9011
269 9703
2702 4824
5766 975
9967 3018
242 4911
4213 128
4233 1947
7384 1840
8718 7448
7685 4268
6782 6252
6343 6428
9835 9398
1983 2246
8008 6181
607 2410
9634 8971
6679 6378
6455 5613
6415 5829
1071 1081
2832 7283
1508 8350
5005 2894
5558 420
6502 4223
7824 3721
6916 6629
3958 3397
8339 6786
585 2062
4220 3164
986 3324
3885 193
2642 6350
64 3930
6768 705
9598 1415
5634 542
6178 3191
4941 7253
6420 259
1967 3084
4165 7333
2035 7254
5958 8621
1079 7035
320 7944
568 2319
6390 1748
3164 4150
3299 3752
5072 8140
414 7754
2169 9071
178 1451
9641 7881
3150 3472
6613 7697
2907 1934
4096 1716
8160 4804
8260 8367
6123 7677
4805 1224
358 6450
323 4859
1750 1569
4927 3305
9522 7440
8222 5120
5663 872
1851 2292
4830 8441
9805 4692
1798 3894
7347 5309
9094 1356
7404 2780
9731 8660
9681 4761
3493 2296
7190 6424
3287 6883
2432 9872
5644 8483
4805 4311
9311 9287
4254 51
4072 8540
6716 5124
5739 933
1821 9513
3612 4143
3224 2165
7618 5906
1649 5693
5345 5493
8181 4136
9017 9887
8289 2839
4693 8734
2160 1954
1661 5638
2544 715
1999 821
4427 499
4191 1704
2411 4382
6239 5264
9473 106
3640 13
2233 2408
7540 1726
2966 4387
5384 7200
343 744
4848 9399
7320 6438
3887 3278
660 8236
3932 2290
2051 1770
1391 3372
6964 5795
5016 5130
1363 8379
5058 4740
3284 852
6818 3603
8484 9617
5519 3312
7133 5600
3261 7040
1112 5975
4472 7838
3116 9334
845 1462
702 1736
9269 5648
6261 6688
459 7236
7227 7191
2740 7818
8374 1263
1673 6931
3868 6210
2566 7582
2749 3927
3332 6218
977 6225
9637 9010
7088 5478
8354 5938
9969 3291
8765 3070
3123 8319
3747 190
3582 6586
1011 353
8087 6267
6134 2989
6382 3001
6145 5045
7721 6671
7386 2981
8904 8797
1636 8542
6978 1137
9630 1555
32 9683
6794 6472
4550 3195
6758 6973
7137 1129
6235 1323
3643 7245
6676 4400
743 7574
6189 2203
9815 7041
1053 7475
6300 4809
3270 6305
3780 4596
5952 3566
9895 9456
8307 1999
2585 375
2598 9328
7291 4665
6012 5540
8911 7541
4388 421
9392 3685
714 60
209 1820
3819 1541
3376 5800
6851 1944
1014 5470
7943 6969
1361 9006
8981 9640
5270 4549
4353 4705
1358 7609
1129 2446
6687 9233
2276 801
6370 9894
3037 2618
1478 1734
5903 8236
2457 1025
95 5468
3975 8445
9596 4810
3530 7821
3130 8527
5990 1275
801 9898
2579 9009
1443 741
3964 3180
759 7120
9751 6472
3917 6063
3698 9147
4033 242
4641 5278
7531 1763
7460 7262
8987 4973
3499 4788
3559 10000
1460 2963
235 2449
3167 8938
6577 7542
9242 9028
998 1698
8816 8026
8439 5820
6531 1944
1749 7517
5844 5123
2569 861
2561 960
8904 8284
9637 9181
5020 2852
5589 7819
8573 8086
4230 1417
8096 1880
7616 4637
3895 3077
8379 6479
9881 6520
8412 995
5004 1813
3928 2667
8768 6010
9267 9615
2688 5443
2320 4851
9433 6225
2247 8945
4456 8709
2884 7901
1006 185
529 1057
4883 5030
671 1895
779 8976
9170 2360
7542 1864
4605 7505
8961 8206
5487 9689
2249 6256
8325 1815
3399 499
2816 1495
2986 9096
5679 3672
3305 6762
4056 7722
7910 6086
2247 818
2812 9088
7939 1002
9577 4327
4689 3584
3703 4014
916 5695
1633 4666
782 2160
8864 9341
4456 8583
70 1782
2718 8775
5774 9075
7842 8531
262 8227
8187 2625
9795 5543
1115 5499
3109 1140
1112 7183
3623 9770
2479 7283
7975 4002
7087 4897
4577 2447
965 5956
7575 8707
1074 4782
8786 6921
6388 4048
2861 6901
2944 7955
8432 5859
639 4540
9504 6002
3303 5049
8238 4086
3993 3727
5865 3059
3134 8743
5247 9045
6785 4174
6414 6715
8919 3738
7798 1328
4271 2067
4241 4718
1516 1246
8597 2869
2792 4345
1677 2987
1944 291
2057 5193
1497 5279
9090 1825
1684 29
6697 2760
4977 1313
4496 8742
2444 934
787 7276
5619 6958
6791 2176
7876 5387
4487 531
9265 689
4186 4639
7784 5894
6507 9631
1323 6787
1903 512
4459 8218
1841 7270
1853 1079
9426 8384
1093 5499
3128 6187
1675 9897
1816 6174
9035 5604
6571 9301
9950 464
9923 2567
1020 5549
7203 346
7438 12
6526 4670
191 4093
8788 7749
8618 6975
6829 5906
8254 8524
6153 6569
2730 4828
2359 6406
5662 5158
9343 782
5574 9777
3756 6808
4066 4912
453 8942
1722 2704
4471 7501
8207 2083
7004 6883
3964 2854
1933 5681
6466 7052
3174 4070
9597 3574
902 6077
5663 1043
7082 109
6253 6189
4738 5737
323 2270
1018 7921
1106 6436
8925 1951
8074 4433
9622 7861
8449 4334
9419 3112
4370 6512
777 3375
783 4172
2943 4038
8667 3462
4697 332
1166 9248
4100 6694
8664 4341
381 5246
5115 2146
8348 9580
7538 4005
3029 3073
1034 3567
5978 924
1756 337
7283 8625
570 1812
2200 3438
6139 9744
9025 938
5022 223
3888 7641
8557 5360
9664 4804
2898 4579
7693 2855
734 8828
9664 1363
3459 9059
196 541
2369 5224
410 4255
3507 3538
9678 1509
9669 1560
3530 4384
5855 5357
7649 7368
3722 2954
7789 6046
2056 6627
2179 8781
9618 9378
8174 5759
5885 5041
2221 1825
840 3793
401 1055
6257 4402
7781 1483
8742 5987
1153 2117
8281 2397
9358 4356
4348 6225
7144 4333
5887 8283
6945 7871
9837 1909
2914 1227
3220 6525
3867 914
5183 4617
9199 8904
3841 8735
1754 1505
8118 8844
588 8486
6751 2003
2633 3235
6794 4657
7815 1860
4657 8184
8754 1240
449 680
4615 2710
7114 7885
5775 254
2067 433
4167 6629
3159 6100
7124 2254
4678 4344
6083 1180
7599 6930
4807 1447
6218 1949
6137 1388
2278 5692
9345 2653
9849 8159
1294 5340
4731 7986
1474 190
4384 9314
5733 3396
133 5668
7677 6741
2397 6217
7489 6047
705 975
8710 3475
7442 2342
9111 7191
9281 7059
3381 7607
4827 4122
9468 689
1858 4901
4584 7775
452 1258
8177 1679
3838 1347
7540 5389
3609 8027
9773 4809
1828 1032
9407 5311
9224 3312
5034 586
4663 674
4584 4443
6694 5295
4109 1088
4458 3433
5670 1802
2871 9649
7433 6854
3737 3609
3738 4894
3840 572
546 9788
3347 6885
17 8936
7169 2508
3555 7341
5132 4140
774 5035
4886 9924
4568 3256
604 8454
2345 2528
9905 5987
8637 8971
4996 1163
872 3328
6073 2091
1582 4929
8001 598
2974 2737
5810 2122
679 2613
1791 8770
1519 5951
4027 4761
3413 7269
2430 4927
2601 2057
1559 5556
8258 4427
705 9184
5640 5948
7073 8643
4185 1047
1066 7269
4158 2002
9809 583
8603 743
3521 4080
4267 6766
4773 9571
7483 3741
8847 6284
3254 444
6772 1393
9239 7554
4102 4518
7448 7857
4966 2843
4562 1904
2074 2579
3456 7259
5775 2517
6781 4146
1858 9820
9871 7712
6735 761
9572 876
1485 7874
5991 3863
9801 3736
8375 9485
5345 2411
2608 6259
742 8278
2423 9199
5078 3450
2059 3699
652 5068
3731 4507
7266 9990
5665 3952
8304 1188
299 3939
7289 2951
1562 1544
6158 7781
2335 2874
8293 2872
5633 5757
2359 3416
5981 5840
921 4663
8570 4857
1682 8400
6624 6026
3858 4639
6371 194
2930 648
6160 7449
3039 8465
479 222
160 6268
4006 9832
1921 9330
3916 6625
4631 835
7840 7172
4581 462
5071 4252
8496 7043
660 4815
6068 8522
4024 4553
1820 3725
3913 4070
6188 7611
2330 3475
318 3505
6787 1602
7042 4434
8481 4203
5972 7038
8513 4118
2009 695
8948 1928
9798 874
6326 3356
4076 7093
5931 2048
9574 1997
9531 2284
5222 1212
1944 900
4370 6613
9562 4816
6941 2157
9989 8977
4151 2954
4214 1941
6197 7873
9944 3712
8245 5410
4758 4565
7830 1270
3035 3704
3708 9825
2368 196
1518 9426
69 1301
7326 3653
3185 8491
5112 7235
9962 7827
8113 1170
251 751
2127 8635
8518 7224
3795 8351
6476 3264
2484 5876
1554 7582
5906 82
1073 3290
7155 1695
7229 1736
8371 8844
2943 7130
7568 6310
9994 9104
937 2426
8063 1696
4461 3043
9976 6971
6026 3756
2366 2199
6606 1642
5280 2455
4831 5660
6201 628
606 8288
5065 5138
8265 9484
5383 5187
8138 699
8245 469
3053 505
3998 31
3485 9209
5908 3312
7366 3931
4325 3510
9119 9193
1299 25
2114 945
9691 1683
41 839
8386 8673
3433 4148
8062 9752
3872 2044
6449 5244
924 1971
4209 7852
4728 3775
4973 3400
1567 9522
2175 667
6206 1524
9480 6297
5565 4429
9353 7801
1178 7515
1759 2519
8703 2007
8183 471
3211 1001
4676 5074
7410 7172
1089 4311
3067 4863
9945 6740
1076 9770
3128 6331
4963 4091
5550 4940
7283 8229
3028 6941
6386 4422
2198 914
6419 3028
2839 5099
9105 8328
5061 1974
9119 3762
1175 2509
5715 6140
8238 5597
1696 8212
1416 5977
8684 1867
5379 5255
7426 928
8299 6887
1880 7655
8231 2135
635 2823
2879 5623
13 323
1162 1163
6802 639
123 1520
7309 5729
7438 5752
2834 9971
748 3914
9341 9907
6463 1608
7488 7706
5364 7270
6489 7083
6195 7219
977 1986
8692 1191
5652 9374
8858 3047
6868 7130
3625 9833
3829 2383
9743 2965
5016 6964
9696 3000
2173 7688
319 792
2788 8533
2478 8034
6183 6672
6535 1054
8078 6794
8765 3258
4237 3035
8428 4586
7576 7275
2049 1843
9148 9062
4831 1830
5740 2022
4197 2977
5259 4093
5002 5747
71 3025
2600 9011
3335 3774
8434 5360
4885 2712
3432 1756
5297 7397
8493 5853
8826 3553
1526 1227
1414 8697
8414 6407
531 1424
9345 4020
4012 8765
9631 6200
7729 8301
466 9373
9130 9754
4904 1627
7945 2105
5824 4362
2517 3268
7005 9083
2707 4386
2875 4424
6211 7571
7310 3167
6850 5830
6649 1470
6495 3907
3775 8263
5267 6275
8733 8708
771 1705
3002 1831
6263 3020
1334 4816
109 6360
6213 3430
3991 8810
2220 3276
6175 4974
2053 4019
7472 5180
7448 9583
5516 631
4232 2915
4115 2300
1889 1541
4040 4279
260 1400
4192 8948
5489 2542
7252 578
1927 6314
9074 6862
7803 4654
1464 1790
4576 976
6748 7969
7704 6110
6090 1991
4550 5482
2556 9679
6107 332
442 7357
819 1662
7946 3041
9933 6800
7841 92
9052 5987
3835 6560
1004 3037
7124 2289
9456 697
4281 845
8971 7445
3654 9723
3050 251
9313 4698
3291 9675
5996 418
1711 6854
4777 7027
5058 1533
2032 241
6256 4312
8817 6414
2692 9784
7782 8635
9934 9458
5072 6541
5208 340
2711 4257
3340 9257
6152 7158
6326 5688
5188 2223
9318 9881
8323 419
4357 984
4584 2104
5959 5744
7870 9103
5518 2213
7348 8882
1087 5089
4965 1630
9874 2493
3340 5473
7136 4090
7386 649
6817 6584
718 6542
5504 6888
9639 1943
1831 5349
3853 7118
5670 5367
1643 6194
2914 6273
9821 1098
2811 4659
8035 6477
591 4175
5293 5609
839 7828
9037 3805
9841 205
5710 5934
6248 1298
756 6407
6161 5451
334 3582
8060 8031
1556 7333
585 5391
4925 3084
6012 2678
384 145
2681 1805
9333 5705
4545 4909
6314 4771
4355 6824
9578 7932
569 8303
3967 1041
8689 7840
2331 6727
8396 6081
8400 5656
1392 6771
1227 7912
9718 6916
6307 4555
2718 6212
6959 7029
7202 1142
3307 5136
3433 3407
6382 253
2290 1893
5820 6400
1728 2497
5196 6884
7563 7511
5443 6701
6573 7553
5986 8155
8020 3237
7077 7303
2771 6615
4580 549
9589 4521
3314 95
44 1239
9101 655
7925 9847
2544 5205
3825 1892
2757 2862
9222 8531
2344 3876
9916 6262
9468 9597
2077 5391
4484 481
7784 3260
1087 6036
2961 2320
4115 8335
1117 8514
902 7419
2989 1064
7257 7331
2577 7639
9500 4653
8069 32
5666 5230
5553 5634
753 3245
8379 2824
3761 438
3641 4198
6822 8521
6283 5235
1444 5930
8132 6708
1151 3295
2261 2112
6898 2515
1646 2801
9995 350
1075 3578
6487 9591
3324 9974
9937 5906
5521 1851
4100 9676
99 7892
7207 6046
535 5698
3071 7668
702 1815
2008 6924
7024 8396
4339 8796
2893 334
1759 1655
2932 1297
1031 9599
2093 4641
7155 8094
6563 9190
8098 9435
6423 9354
9131 3031
938 9399
2261 1955
2806 2930
5407 8627
8429 2931
2380 6619
3082 2486
9100 3841
5737 1560
3382 6258
9278 9982
6969 9447
8098 6530
5398 155
3635 2828
6096 6238
1058 5053
9664 5705
6890 340
5879 5361
7463 3265
2234 2941
9044 4024
1383 4326
2856 7070
2732 2011
3949 6854
2247 585
3002 4323
3835 1714
999 5772
7521 132
1130 6835
8848 4969
380 5253
1972 3861
6752 6021
614 8108
6955 5960
3347 1335
5550 6779
9801 8747
7647 9130
475 6844
9335 1742
5208 7134
7465 74
3324 6208
3948 6245
7220 1459
3903 8788
6786 7623
8092 5588
4179 8490
7137 5519
6677 3361
1976 1659
2534 2793
4404 7483
8815 1050
230 8230
6265 9982
3897 4447
4893 9586
2895 847
1019 8497
7416 5777
8070 6270
1798 7468
628 5623
455 4182
7534 2661
6819 6886
290 3508
2851 2405
3390 4741
1623 3275
8952 9766
7759 618
9406 1928
4929 970
9603 3812
2838 7394
8714 8746
8875 599
3133 1521
3252 8128
1880 5623
3564 6866
2172 2514
2410 1777
3482 4679
9992 6557
5095 4827
8829 9550
6219 9662
9704 3439
7760 4083
8709 1989
3642 8920
6124 7707
1714 4586
7967 8596
3469 8236
2455 5953
4297 2732
94 5814
9538 4740
6487 5765
6837 9167
6456 390
9367 4584
6706 9893
6922 702
6594 8636
513 5639
9497 3261
9375 1243
2957 2754
4374 767
4064 3511
7829 2725
2178 1530
9316 9460
5054 4041
9882 583
5702 833
2293 3121
488 8520
9212 3638
289 7856
6662 1289
1271 3774
6983 1040
9001 9683
3390 7114
6274 2694
1265 6802
8350 4740
7472 7399
2342 6723
8555 6313
1832 4002
1558 4791
1802 1588
8983 7719
3871 2264
3788 6156
5465 2118
4206 8229
9224 3143
8795 1169
8085 3521
7322 8364
9859 9316
5702 2328
7294 3807
470 1430
1321 3410
8394 6469
4174 9711
9933 8115
6068 606
2495 7731
5413 7351
7174 4826
4924 7998
8497 3031
4485 6647
4200 7041
1587 5045
5427 1470
8437 9127
7361 5325
2737 5467
6568 2291
6926 6833
7789 564
5441 7071
8096 8006
8482 6515
7896 6477
508 3761
461 1897
3455 882
8687 4073
2633 4590
9626 8873
392 964
6724 5582
755 2722
1142 1516
1441 7188
4005 9803
4252 4957
3909 1934
7296 1461
4328 5981
1383 7039
5360 1738
913 2370
1631 3087
5366 5714
5885 1005
2066 9404
8299 3960
84 4599
2592 9628
9664 661
4558 7550
1137 2256
8897 9285
1032 5956
9829 4899
2213 9795
6051 8412
283 6172
5665 4013
413 3984
7707 1467
8229 9096
274 3968
711 721
7073 9594
1967 1045
3559 5958
3374 1174
1051 7797
5163 8178
7313 4185
5115 4292
6613 54
9484 7804
3052 1660
5273 8856
8635 7201
9643 3908
3892 7042
2429 2138
6701 8436
435 8425
6730 7005
1184 858
5081 3308
2433 2610
5248 7140
5169 4370
3999 6178
356 2359
2855 4324
9779 2542
7642 8311
1385 9654
4729 3068
3742 1416
5571 8061
20 4711
4913 4134
2752 8750
5141 4605
2018 1283
2327 792
1307 4008
1126 2681
7533 5388
463 595
6761 8387
7611 8180
6013 9488
2992 5394
9019 2921
7703 274
9123 5375
4599 9113
1468 4814
8239 1399
31 8902
3329 1430
6744 1503
1607 8567
1796 6795
9430 7371
9449 6474
6487 3926
200 4880
1443 4192
9941 6325
4747 4395
600 168
7357 6096
6028 5264
4827 5889
207 5288
9779 6274
2556 4950
4961 6285
524 7968
3785 2074
6911 4657
7012 8600
4785 5349
3178 161
5057 4889
4796 3186
84 579
8809 8665
4782 8765
2748 6950
6380 4256
2667 9946
2248 3468
4653 4644
5402 6799
89 8716
788 9776
9359 4288
4300 5191
9629 6616
3781 335
5247 2855
7166 7143
4071 6605
6199 3045
2445 8972
7680 6016
3557 1005
2446 6354
7805 6098
3325 127
2737 2096
8384 5204
6049 4804
2093 1226
2640 3324
4336 6217
9923 6189
4175 8685
9023 4583
1223 4179
4639 3191
121 3473
28 1907
2994 4746
4813 224
6389 3288
7557 9064
1267 1237
8111 2908
2335 822
4539 6467
9239 9907
6502 8992
4260 4000
2091 5319
6737 9655
798 2304
4944 5290
7279 4196
5604 8491
5443 6802
1270 6182
6754 4922
6924 8898
1861 8254
1679 7047
8065 2583
604 4382
9340 5091
5811 2665
738 6697
8601 113
6948 8593
1561 6555
2823 2947
6454 4368
2354 2048
1718 8604
7699 5734
2383 9448
3772 7160
3495 9047
7504 1509
5885 5674
190 8694
2915 7294
3237 1798
4901 9175
6742 1735
9400 1271
1671 8350
6131 5616
2078 2926
694 7385
8485 2337
7244 2161
8725 4445
2892 7459
5111 5186
476 6727
2681 5657
6324 1929
4183 8325
9893 3057
5206 8277
909 4050
4648 3433
2151 8469
7663 1785
6777 7844
762 7076
8725 3030
2511 9003
8546 3057
8193 1179
8236 1513
2893 5475
7392 7964
2968 7838
4210 818
7350 1016
9632 3491
9810 4298
8369 7900
6422 8493
2176 435
4096 1768
2559 8652
4899 503
1367 8757
2630 3608
4239 3936
8642 2014
3487 8172
4179 1501
7945 6821
3338 5808
5083 2746
5809 8909
1800 1323
1384 7302
4793 3319
2037 2176
7768 243
755 8324
1353 893
5706 7266
2295 4747
3452 4495
9118 1847
8188 8870
4849 8686
3092 601
4481 3517
4971 9963
6298 4323
6587 8200
9461 6364
8540 969
5323 7088
5901 7252
5165 8270
5224 597
7890 5875
8496 8448
2567 2366
558 9565
9161 7466
9332 5159
6683 1969
8513 2758
9015 682
509 9115
12 3010
1353 9332
3990 2274
6126 4029
7268 1014
1978 6155
9188 7539
8668 701
3355 8099
1591 8132
9739 3795
7177 1265
9198 1556
9663 6754
166 2764
5658 9086
8033 976
1528 4306
6001 4603
2641 4080
4644 9918
3839 3783
8159 9535
782 924
5335 4758
5079 9472
983 8070
3356 2473
6371 3519
902 4724
3617 2311
9183 2187
7533 7057
9245 4823
504 3544
7572 8867
6390 2573
3344 4153
7031 9281
8696 3723
4815 498
3960 7700
8011 3770
4520 5764
7495 8211
2779 6134
5505 2393
4080 6924
7889 6934
6959 3203
2234 8274
7517 6493
1852 208
6154 6873
3354 7152
1794 2329
4905 6926
8347 163
5793 4214
4575 1390
5868 9900
8625 3683
1009 7933
5936 8293
2230 9375
1673 6101
2593 8413
9769 3926
5555 4698
5202 7245
7367 2635
1216 6692
4833 5694
2598 20
7283 3608
1552 6380
8641 9938
6414 7496
2379 2692
7897 7407
7858 2617
2525 5930
7301 508
5475 685
7802 4399
2714 4130
5442 2698
2877 8765
8141 2835
2524 543
3149 8607
2668 5958
2147 2653
6457 4135
1615 4859
8522 9042
8759 3272
2855 4901
8741 9442
8631 2913
2569 9844
8877 7108
4561 8925
4688 2563
9485 5365
8122 1991
7399 98
6752 4182
6069 8286
5115 2524
3785 2070
8262 4426
3460 8649
2292 618
3488 4290
3420 4689
6441 643
9963 4942
4385 3606
2674 3201
3411 2902
9920 6882
1101 3140
4792 3395
9509 1257
6914 5467
1841 5720
9720 3196
4170 3444
3595 1887
8382 3748
9138 4583
2700 1080
7357 9323
1016 3079
6756 6790
9573 3815
6675 9182
2825 3730
5580 5031
8033 2464
277 8114
6850 7839
4447 3670
9114 7584
2459 9137
9105 3397
7908 8090
7829 4774
1431 8358
388 9397
200 5474
9233 9786
2964 5460
3261 482
9870 7253
8898 7393
8423 4897
6716 327
9479 8945
343 1692
9218 3538
3890 1184
5632 2303
1753 3160
615 4087
4851 7791
2042 6892
5112 5570
162 1178
468 5088
4037 4883
697 5292
5516 395
2552 8304
1784 298
4297 4344
2112 4360
6398 8244
6967 6910
1248 612
6722 3428
957 978
7621 8254
9900 4292
6111 4186
8093 852
782 476
4015 7286
300 281
1114 3831
3541 8537
819 2453
9441 1253
1012 8761
5896 9630
9601 3175
3845 3716
631 1685
3285 1124
6906 3798
3805 1654
641 6151
5366 4460
7714 1102
548 4149
3804 8468
9796 2025
4957 2205
1441 6351
8460 7284
4505 4728
7245 6245
120 2601
6371 2570
3733 7760
177 5763
3701 3007
7578 3241
6475 4391
772 7424
9351 590
2822 5941
6820 5753
9207 2280
2178 5976
3919 2872
5767 9375
7374 7358
6427 8875
1266 2591
8329 7666
8761 4726
9883 128
2200 8094
2628 9466
523 9496
1972 7321
4611 6687
6103 1329
8141 7460
414 5961
6542 1822
7685 4193
1362 537
6075 3688
141 8267
8895 1971
1777 1450
4274 327
2202 963
5174 5857
1599 2687
9086 5796
4491 9639
7839 5677
3293 4948
759 2615
4199 612
4231 5522
5658 3306
8303 1209
8742 4361
2818 1702
2982 9906
2556 3258
8892 9502
4406 6827
4882 9572
2446 5286
5101 2642
281 4971
3301 6868
6979 9803
6605 7702
2590 3693
96 8086
6628 3344
9756 2774
1618 6496
430 8120
7260 4956
7194 321
9491 1794
4603 1319
9806 19
5186 2970
5981 7971
192 4084
3161 5345
995 7935
9920 6590
7582 6285
199 388
5003 2058
9689 7620
9219 2288
3980 2816
5042 7355
7232 2649
5725 6388
7114 8382
5078 8762
1811 9882
3852 8288
1881 7108
1417 7095
199 8365
4890 7215
1582 7141
1426 2311
667 6030
4214 4816
5632 2356
7026 2534
7516 9078
6678 6485
7988 3310
5661 6332
6864 4395
3941 8394
8238 5599
5807 4151
32 5062
4533 6035
3166 7035
7274 5548
1095 2759
4836 1466
3651 6206
9079 6445
4279 3640
6850 8372
5991 6581
5027 2824
3186 4134
6750 1928
9637 6523
3488 892
4572 5711
7549 9577
3798 1038
4827 8036
1530 5181
7812 1356
878 5780
7526 4374
6969 4163
2927 804
1098 6790
1036 9949
4230 9883
5692 7169
2997 6983
2361 3763
148 7783
2181 9037
9756 6732
762 5678
4614 8762
3950 3376
3092 8670
1241 528
4887 2763
4468 6739
8811 7708
6880 7152
4578 1990
5398 9308
2981 1770
3338 9951
2948 7416
537 7284
9721 5106
1238 7924
8751 5933
9089 3666
5243 6653
2261 6267
3304 9885
4075 3929
8154 8622
8593 6996
5206 8708
7147 8079
7095 9880
3704 5280
3867 2764
5399 9470
2735 9973
5678 8375
4598 7394
6401 5764
8624 6167
4055 7803
9631 4317
4341 8222
8037 4145
9692 2823
2943 9906
5805 8193
4588 6887
1057 7982
8934 9633
4397 8544
7331 7784
4378 4294
1863 6152
1709 1217
893 1947
3907 7870
7728 6712
6904 9622
9361 3289
6277 858
149 3111
1214 7462
3809 9104
7337 2944
5001 3935
20 833
8437 4657
9416 3775
7496 6682
9317 2618
8534 5128
5458 9809
3099 5799
9850 9182
4426 3250
1466 5869
1711 5671
9397 4922
5534 1150
8145 6351
5169 100
2021 1162
9494 9319
2593 4074
2922 3559
2596 4144
169 1392
2923 4980
8195 1688
5988 1606
7338 4104
3915 2363
8718 2964
1856 5463
8704 8087
5546 5532
7496 9015
2531 5430
1301 4032
3237 171
4083 8528
2306 7541
4021 4436
5315 6054
1472 4667
4160 9615
1066 8844
7359 5571
6271 4231
7623 6173
8782 7874
444 9151
6640 8379
2834 1978
4587 2677
1932 5571
6762 4248
4894 9155
2010 9520
6417 9885
5486 2543
5036 8315
789 8485
9121 1696
9303 4382
6529 3389
2732 6869
9606 8656
2969 3263
1591 2316
8776 9457
6910 6410
4200 9759
6242 9394
5416 1601
4815 6081
5887 2701
15 9667
7758 7861
8940 7619
840 2946
779 7195
1724 8813
2989 7597
6439 1298
3428 2819
9581 9718
2229 6703
917 9328
3438 8450
7351 8119
815 1551
1069 9280
2383 8693
6613 1135
6786 4811
8131 1546
3499 941
7452 7594
211 1186
4011 4685
1119 7663
1407 8293
5596 2257
1174 5565
6156 4681
8069 1381
6582 2134
4824 4785
6198 6964
8482 8845
9277 5227
2125 5996
3154 9444
4313 180
5822 9603
6935 198
6017 3503
211 2364
1221 3111
9954 2691
8009 1793
9039 1990
5226 5637
2329 4640
8973 2290
2192 777
5329 6845
9232 3059
9978 4207
6985 1656
619 9223
7047 1457
3541 2555
430 2050
2113 2332
2327 965
8127 3745
9808 1598
2882 9269
3790 115
3098 9976
885 914
5534 3359
5814 9840
7542 3300
5834 7402
1523 8506
6374 2654
6063 2948
8721 6236
8554 271
8958 5406
5145 5169
1697 189
8866 9369
79 2363
9060 4745
8952 8381
9392 1115
1373 9722
9830 5638
5686 4770
4932 1831
5499 2143
3018 6238
1885 423
1005 9434
6092 8817
4038 9335
9330 8456
1061 9501
2602 7684
9583 7808
5323 1456
8160 144
6824 7277
1615 4747
6511 9368
2046 391
5220 9876
193 6078
1654 2065
3317 6922
4816 1893
7105 4135
621 5666
6102 8852
1871 7471
6587 8770
93 4463
4937 420
2695 3851
7214 2670
2204 8446
8330 7774
2075 153
5582 9509
2012 8449
9242 4229
8010 9553
1798 1615
1174 5542
3081 1400
8836 6720
3412 6488
1197 272
8177 5958
361 5294
640 2112
7570 4755
3329 8717
1680 5873
4253 1862
1224 4191
393 4732
5975 5243
1623 4836
3658 547
2091 5822
2557 7073
6664 8280
6703 3190
306 4194
2468 8077
1390 5632
6399 7623
5868 8550
8536 5507
457 1911
9844 1278
6654 9924
7993 172
7608 1265
1864 4703
7384 2852
1144 2589
5035 1192
6842 5669
581 4280
3519 7520
7266 1524
714 4426
6333 5659
1379 6353
9167 3242
7785 2451
1615 9596
9634 1450
5556 5431
426 1651
8074 4562
8089 3819
6807 1045
6375 4856
4888 1798
2455 8137
3791 5051
4236 2506
2886 1223
8736 2114
2416 8753
5510 73
1909 7801
6252 9325
7388 1205
3562 5095
4760 4795
6221 5535
4622 8890
844 1065
7908 3294
5698 2512
9284 8987
6865 1051
778 6903
6210 2784
8125 4790
502 1717
8412 6178
4165 5008
9267 2407
2614 5364
7023 3947
4337 2485
8954 8811
1410 1109
9042 496
5334 1566
2042 9474
8784 351
7862 7845
3395 2401
9840 4746
7638 3056
1664 108
1492 5453
1259 2944
5148 2295
6515 8449
7683 4180
9961 8738
2024 9145
2802 4203
7119 1440
3710 1111
3117 53
7825 3594
7712 6729
1069 8588
47 5164
1925 174
6559 6209
6409 141
918 3468
4841 6862
6187 3478
4461 3389
783 8963
4713 4517
8456 9648
8196 7683
3172 2204
5693 3023
4461 4747
7345 1963
5934 1432
827 1925
366 4616
3492 7300
2970 8688
573 6621
3904 1711
5500 2329
2127 2194
8217 6703
7398 3025
260 4530
2415 3870
3592 1839
8494 9705
7943 5098
9215 6334
8035 5269
1853 4379
2951 3611
594 6653
4392 6177
7199 525
307 5221
2548 5905
461 685
5147 1354
3616 7098
7154 3530
5607 7352
1979 8801
5926 8664
4056 2407
7407 1566
1402 5316
3102 5821
7455 7474
7163 125
7867 2179
4520 5212
8409 4897
2095 3958
4240 5182
772 8341
7749 2330
9063 3465
2034 4262
4608 1280
6915 3990
1056 4359
1357 9945
8725 702
9190 1210
7127 8600
7627 4136
6198 5419
1475 3228
8064 1446
4250 3866
584 4182
7292 1030
2008 7164
741 8557
3611 3699
8520 7723
9293 7728
3162 2585
9500 3401
5376 8656
4424 6598
2103 4313
2570 315
4226 596
1040 4371
1350 8761
6166 6828
7356 1103
7852 4396
7074 6591
2566 5777
37 605
5789 2131
3348 8935
6103 6162
9170 8636
3403 430
4236 6551
6758 6955
2845 5285
4002 7145
7639 7828
7620 180
1724 139
6292 6253
6424 7313
719 2367
1088 5398
5802 3388
7119 3258
5594 2148
7077 2768
6541 1124
4399 2386
3389 6313
7984 6619
234 4234
5163 87
2355 8246
505 8283
8479 103
7349 9805
4818 4096
283 1410
4927 1569
9470 9774
256 8152
8082 963
5300 1641
4989 9061
8371 5169
4656 8308
3253 6920
27 8574
1632 9096
9509 1062
721 7851
354 5706
1793 9842
99 6016
456 6983
5078 7317
2445 1173
33 5861
6544 5315
7638 8112
5836 3428
1613 9935
194 1717
2395 8488
4431 8722
4102 9872
4862 3232
7484 353
7128 7371
2097 7241
6810 3307
2854 8736
4803 8302
3155 453
9498 7265
4191 6516
4511 7112
7791 8668
8481 4999
9482 1798
4295 1002
4451 843
1970 5511
2383 8228
9535 6646
2776 9161
6273 369
6003 2790
7492 9778
8079 7172
1908 8639
5064 4114
7503 5736
1314 3695
6826 7240
9542 947
5068 9163
7747 2478
337 3564
4407 6618
5311 5259
4075 5437
7990 8634
6807 2962
1242 7511
171 6370
1852 6481
8218 1030
2082 4247
4597 650
9339 1436
3376 1653
3587 3661
2995 7479
4211 4126
5957 8831
7825 2847
2008 5963
4028 4630
8416 4850
1500 4118
3297 3669
9807 5977
588 7999
4148 9372
5540 4141
2582 6794
8392 4189
8352 9530
489 7379
7733 632
5347 9139
1786 2290
8278 566
1337 7662
7532 4327
6083 6713
4245 8762
9094 8701
5245 9867
3730 1314
776 6239
6095 5367
6519 4710
1702 7155
9666 9209
4029 8654
512 2656
1879 9404
2488 8385
7444 1474
7057 2514
12 2098
9870 9285
4247 8357
9095 4937
2762 6433
2766 5591
705 3517
2260 7759
5495 8936
3758 7748
1975 3645
7229 9388
2748 1720
9329 7848
6256 8568
3048 1067
4979 9890
3372 7035
6263 1845
2937 135
4596 6336
3549 9846
6366 8698
5911 7239
4398 5400
2451 8017
3788 1155
4263 5087
2184 9615
5951 4035
7849 7671
5853 7659
8644 865
7527 9314
8805 2951
3149 5382
8091 4508
3329 2147
5785 6426
5699 8237
104 1966
2716 3487
951 2382
1722 4070
3746 2030
7829 1712
4088 1267
4755 6927
3869 8564
1453 4076
8775 6530
3991 6125
7592 4863
5237 3824
9845 4455
9513 942
7328 9849
4592 2464
9783 7784
8720 71
975 8460
6871 4169
6065 2758
4861 1020
1733 5824
2349 5658
3243 7790
3665 6474
2810 6033
8476 6347
2957 9809
3318 5824
2284 6422
5674 2519
5327 634
4603 2046
997 1481
4804 7108
1252 2284
4606 4514
6239 7218
8348 4381
7290 233
4393 8883
7406 3690
9489 5216
6308 460
5060 9260
1444 1967
958 5282
8709 3792
4662 8521
1653 1333
2752 1531
655 4184
1497 174
8494 5444
1592 554
8533 6813
451 9947
5367 7054
6992 7924
6455 6006
8001 3873
3724 3469
1821 8798
1655 9905
206 7175
2797 9586
3226 3251
6431 2074
4656 6622
827 567
5522 4101
247 8872
3682 2828
9822 7077
6086 3430
7862 3176
6734 1267
3936 5197
9590 8408
4462 69
9046 3524
8260 7025
9087 2708
2284 5150
4065 5777
7973 220
2515 2774
2640 9511
3172 5325
2343 5394
1864 9828
7013 574
5141 990
1322 134
483 9562
7010 8340
2058 389
6184 6817
156 8784
4823 2151
6006 3790
3453 9071
6362 978
1728 9644
7220 3195
7693 2869
5212 8435
4172 1875
3169 1268
4552 2089
3576 3809
374 3180
6470 16
8857 4274
9198 2952
7836 3379
