5048
100
10652067
55 48 60 59 46 53 58 46 57 40 47 47 54 53 47 41 41 59 50 50 49 57 60 58 54 60 47 44 41 55 51 54 48 50 48 49 45 45 44 49 58 58 42 45 59 54 45 52 46 49 60 42 40 57 51 43 44 47 58 48 57 58 55 47 48 45 59 55 48 49 51 49 52 46 47 45 45 44 50 56 54 56 55 40 52 58 51 58 41 57 58 58 43 50 57 53 47 42 43 52 
-116040 -90214 -101598 -101372 -82755 -88438 -98683 -78803 -95782 -75121 -80637 -76410 -81190 -94340 -84560 -67656 -71937 -105241 -87750 -87012 -82858 -104553 -121645 -109314 -93658 -98880 -81014 -64937 -64982 -91940 -75957 -91989 -94818 -97873 -80982 -83261 -69788 -86304 -79654 -92814 -114167 -108671 -73766 -71351 -92868 -75556 -71762 -98359 -70284 -89702 -115087 -80032 -79508 -100483 -86525 -70271 -63976 -91326 -108967 -88963 -102283 -99916 -97315 -72838 -80485 -72915 -99776 -85773 -77905 -85284 -81061 -84169 -100364 -80763 -78890 -70135 -80171 -74272 -86478 -96929 -79491 -101013 -100152 -69219 -99343 -95275 -95929 -101663 -77415 -96525 -102188 -111385 -73018 -92282 -100055 -79350 -80617 -72901 -79009 -91307 
104721 87133 114250 114792 87540 92567 103986 89315 123706 72620 87231 83595 118974 92689 89179 80450 98577 115190 88298 100335 99093 94956 121349 114769 102813 118998 99944 82393 69201 113746 94704 110461 78390 86520 88201 94542 89900 73231 80081 87555 118295 101169 76601 87630 108868 107244 71999 101597 94687 92283 106046 75456 83700 91391 89587 83371 70674 75370 105494 99797 98796 112795 98536 79868 66393 87944 121670 110657 83958 89070 112884 100368 107173 80333 85123 84532 84577 92021 80791 118117 98970 102292 120433 76197 96904 115793 105440 103393 78676 116965 110780 100469 71844 107817 113175 107823 93126 80061 86301 95249 
9451 6951
3107 6443
6512 6405
5023 4951
8020 1118
9107 3306
9162 403
2612 6235
8092 4107
221 2721
786 971
6341 8482
6438 2253
2581 7476
4406 7511
8046 489
9963 8925
4444 4670
802 7797
9715 2400
1327 7602
9029 5672
4294 7838
6629 6254
6959 6378
9737 787
7984 6582
5193 1344
6292 5166
436 6027
5843 8592
70 8105
888 4698
9616 7381
7087 2471
5483 6672
6778 157
8791 8274
7012 1421
3805 7037
8738 1708
7825 1354
7278 8365
7498 1220
3593 8298
5318 7244
6425 4286
3200 9204
5620 1393
9961 8031
9750 105
8043 6235
9166 5988
5503 2032
4532 6538
1954 2354
4901 241
8970 255
7371 2696
3960 8799
5919 4480
4103 5230
2457 4548
4568 3153
8484 5636
1895 6189
4881 7006
6856 1710
4192 9139
6176 4449
8899 4894
6882 4784
9042 4658
2894 3964
6157 1312
6771 9945
2493 4213
6748 3332
5404 4929
4407 6344
6873 2484
4791 9788
4788 530
5254 7063
3658 6864
6365 1568
2846 7285
7059 1544
4569 4882
386 1068
9381 324
5400 230
7343 8618
9729 7009
4129 7378
660 9961
5993 8170
6700 707
3751 7166
1825 8120
7781 6800
2132 1872
9174 4350
1070 3702
5157 4180
5549 9296
1215 9120
5723 5042
5410 4873
5406 5614
6593 1969
5085 6074
9026 6808
8124 8798
8292 284
2663 4669
1100 6166
2740 7279
5141 7644
8635 1960
8509 7995
7282 1229
1880 5933
470 3661
4690 7405
1785 7806
4854 3548
5010 3663
7369 5139
8686 8423
252 3269
6510 2640
7338 325
2053 1213
1859 805
1997 8507
8805 8849
6123 7467
7157 5127
3459 340
9439 7100
1819 7513
3822 5530
3152 9859
3718 2922
6552 3515
7110 8224
7133 4605
2846 3056
7750 345
707 6015
697 7460
2182 5060
6182 256
5600 1691
8476 1982
9524 5852
2554 4919
5079 8319
1703 5078
8043 7815
1746 753
545 4319
2885 901
5593 4957
1007 2046
404 5966
1602 6188
295 3026
7515 9643
8466 3320
8871 8852
634 5538
2864 5732
955 3400
7057 8031
9850 8040
9383 3598
9553 1756
7938 6698
8728 2086
5631 6217
3453 618
1956 3899
4832 4756
1648 9706
5279 9621
4461 3584
8275 7179
656 7156
1491 9212
8394 2922
5483 9959
6194 4155
1690 7163
7421 4204
6228 4566
7165 3036
6262 8132
3260 1328
6318 3216
917 9385
865 8693
9724 2062
3650 5798
504 8591
8731 3135
1570 6446
4979 2074
3324 4664
1703 5814
9245 9218
9031 4728
5776 7813
4311 2824
1852 2698
1788 1867
4390 578
4555 1230
9150 8787
3314 2040
9676 1578
3358 6124
1233 1861
3138 4357
3334 5181
8960 5455
4823 5516
5431 6816
6623 7534
9731 716
3492 5539
6777 6337
7799 3626
5940 2381
779 7337
7826 1086
5066 2969
5469 7612
9570 9293
8047 7772
4023 7572
2718 6524
518 1032
5442 9642
1628 6356
8363 7315
5431 3867
8187 5584
5476 7261
97 37
6553 1284
5944 8157
4609 4400
3208 1409
4951 2447
2392 5876
9536 1011
2663 9071
2531 3135
1070 9789
528 4456
4352 5032
9227 4075
9429 119
7151 111
2771 8586
9529 7447
8054 7130
7330 3768
5056 2945
2141 6056
6328 3907
2760 5372
4741 2566
2624 1802
2787 2424
8486 7765
2895 5200
3613 2630
9710 1944
4581 475
7474 215
5132 5037
3077 9974
3348 2205
1921 6141
5517 5061
2992 8483
5876 4393
3907 2993
1012 478
3911 5526
8115 828
7045 3391
6688 9573
9005 9738
6802 8990
3646 4916
799 2578
4610 8829
9226 4723
9012 1266
2051 4161
3224 9086
4250 9298
5304 4739
1830 5289
1602 6168
5254 2088
5055 9578
2558 2071
8948 4023
5569 7347
5797 898
1600 3027
2410 5961
6742 1998
6493 2303
1054 3239
1948 1668
2364 4877
7574 6337
6872 8915
5353 8721
3591 5040
7356 2750
9469 9960
4060 225
9313 4313
996 2641
3931 8794
8285 8661
4410 3356
1033 9459
1850 1355
2067 7844
9261 7814
117 6561
7323 7208
4181 4106
960 5880
9948 164
5173 934
3248 7364
4525 4141
1698 4584
3342 7487
3677 473
5767 7687
4142 3805
8131 7930
7794 6225
5468 8103
5448 4552
1202 7673
1880 6487
5125 2955
2339 4903
1067 2529
6454 645
9460 4335
4691 2343
4646 5046
617 7990
8873 8322
2025 3200
5891 2926
3690 5914
2855 1793
9150 48
1289 912
1386 767
9260 2683
8414 768
759 14
2847 4854
9297 3112
9149 3664
16 1781
8268 9087
2504 867
4399 9697
8047 792
633 3499
984 5299
9918 1679
2663 8412
5074 2546
7983 6016
4307 4123
1815 3571
2823 3779
7125 2309
2513 7447
7606 9930
7323 9357
2634 9290
7110 5078
6069 3677
7145 9285
644 4706
8159 7042
6600 7949
4016 906
5511 1070
2439 9874
7714 9198
2255 1982
4473 6662
6717 7239
4162 2694
903 4119
3963 699
6715 5856
4971 2835
1753 6451
4410 2862
7092 4501
9290 681
2286 2581
7382 5041
7550 6663
2039 4905
6462 9714
2470 1027
1189 9016
2501 5607
9223 3791
8723 4949
9913 3470
7316 3549
1163 4170
6886 3005
2690 623
8860 4371
3092 9176
3637 9575
4945 5606
3360 5943
5578 5313
4909 7687
8228 3736
9358 9610
4830 4122
2143 3673
5723 8101
7272 2134
7430 7737
5535 8383
4272 9734
4651 4148
48 9246
64 9258
5900 9814
5764 7802
4151 9415
8582 9054
8745 9769
828 3445
9061 9490
4269 8476
9894 493
2031 2738
2576 813
1166 6635
2395 7744
8299 2822
488 8659
5002 5375
5497 1272
220 539
4910 6862
6395 3522
3345 258
2490 4801
8516 8917
4302 4274
1103 5783
9390 5089
1132 8533
371 4605
2867 3011
7241 4096
5618 3196
4473 6630
521 577
9876 9566
5936 3292
6341 3529
8077 8824
7656 6615
7559 352
7947 2331
5731 6386
7377 5778
1011 8144
579 4999
9786 3367
9516 801
5166 4050
780 8841
5325 6150
4015 3370
7385 7623
9584 3318
4048 6014
3057 3538
7007 3424
6348 5716
6822 1923
2090 7664
886 4955
8266 5968
3106 1172
5409 7262
1854 122
7473 579
7205 6903
4976 9992
399 6988
4666 2993
3463 5113
113 5879
9069 8172
9556 8588
3893 9710
1013 200
9126 1073
5572 6774
9647 7982
3314 8310
7921 4879
7591 1135
9149 2212
8909 4004
249 69
6088 1669
6575 4962
2098 4502
3892 2405
102 4093
2650 8262
66 2471
4218 432
6538 784
263 6515
1728 6224
893 5497
1525 6804
6335 5463
2203 5915
5385 3169
9171 9729
731 4461
5213 4772
8822 1734
6684 386
9648 4848
9510 7417
3840 8587
122 7067
9048 4106
6656 817
5672 8339
1755 6895
4730 9814
3992 2206
4953 3852
3162 7339
9876 5271
8057 580
2993 3608
9177 1541
4895 6814
6118 8633
1036 1054
2293 770
6578 8580
2713 4122
59 8593
3544 2386
4581 5848
744 920
3808 5418
1270 5201
5082 6195
5984 8483
3051 8214
6531 1081
8112 4358
6573 4067
7721 6760
5099 1607
3520 6846
8790 4847
2236 3958
2365 457
1078 800
2046 6103
5611 9625
9708 2741
8766 7680
6386 104
3769 3082
7569 6470
1260 4396
1000 9766
1822 788
3837 3918
2636 5658
2801 7985
3016 9565
6232 229
9806 4179
4338 2141
1021 7627
1382 1615
1190 2907
7403 3302
2329 2282
393 6219
1159 2760
7128 4363
938 1718
757 9185
2963 2426
9357 8680
4300 4643
2868 6899
9111 7096
5396 5116
4108 9119
4857 8158
2236 3395
1882 3520
8411 8211
3044 9684
6131 8215
8909 8871
9746 9893
7884 5571
7684 5190
1826 8637
7400 8099
7354 1059
3645 2967
5425 5013
6026 5755
548 6329
824 9943
3677 7093
3820 1602
71 1085
1830 2665
1971 9830
1479 2883
342 4643
6878 768
8796 8364
4555 2431
8642 6497
1130 9105
8199 7264
594 9067
9016 1581
9866 5392
3349 8331
736 9207
680 9099
8004 4330
6109 1759
484 7224
1772 7308
8080 6155
7086 4463
4135 5784
2126 1351
1985 7576
2949 7962
8181 3189
9728 4325
4754 1491
8829 8420
2612 6465
1996 7544
2458 3978
1446 826
2523 1773
2825 9292
3469 4589
2059 4187
8581 9152
8880 9179
6420 5909
1051 1551
3924 4330
564 7714
4992 1201
9462 4262
9213 7979
1616 523
2629 414
9667 4811
2784 7594
7299 8749
6228 2593
4040 128
6042 6385
5088 1182
5830 323
394 3890
8681 654
2684 8486
7985 2338
9684 5185
4893 6343
9479 5565
8378 5866
7365 6116
1813 36
6387 320
3058 3814
9317 6586
2249 4566
1890 1221
8208 5263
334 1045
7979 2876
2032 710
1352 7488
6095 5847
7257 3649
6223 1504
8003 5179
6063 392
5429 7221
1572 8235
5909 2022
6672 8918
2853 6811
8439 5462
6362 4721
2704 8418
3012 4654
3243 4355
5465 2357
7744 7184
1630 1826
4584 1151
168 9330
6555 2847
593 6726
8120 9079
4688 9386
427 1539
8875 5716
4758 3577
9234 7018
6127 9394
5535 9897
8494 6968
920 3506
1108 1868
9719 746
5387 7732
7897 1232
8270 3758
9914 4629
1457 8787
5619 7430
2274 5386
8273 3731
1972 4274
7453 7816
4011 6806
8944 1562
1295 3760
7354 7488
9734 1491
5477 5557
1540 1247
2926 7464
4327 1553
7917 8052
1515 6595
4425 2063
1887 9243
4615 7288
551 1206
170 6298
7440 6824
3560 6965
1192 3783
9810 4593
1458 9104
2913 4905
8192 8060
7063 5827
2113 8124
9432 1245
1071 4724
4661 8529
6487 5820
7687 2892
221 5838
7919 5249
2963 936
6895 498
830 3016
8530 7309
5963 2236
4696 9610
4120 2871
4947 2468
5093 8430
1493 9669
9169 4469
199 8475
4722 5695
3084 3599
421 8776
8627 1525
5664 2212
9991 9324
3397 5193
1647 5586
6600 9809
5850 9680
3418 9188
4302 3514
3682 9380
1553 8532
5246 6271
9515 4819
4773 1326
5427 8078
9899 5721
8025 4010
177 2678
1796 3712
4904 7946
8622 9983
8067 8118
9212 9143
1708 8026
3567 6664
1628 6468
9508 5608
5407 2677
5596 9747
3193 6755
9160 1670
685 9362
8302 1115
2405 9694
4375 8447
8428 8915
5172 3192
5435 7626
2613 6596
3417 3588
4054 424
70 563
2761 7708
3101 6584
2043 1170
3694 8783
4853 519
6581 2970
9407 6782
8323 312
7741 7031
9019 1905
9361 7977
9557 387
976 2609
7486 9895
6159 8138
2228 7977
7201 3852
3175 4871
2705 4326
3180 8752
3728 151
1042 546
8679 6696
7895 5075
7679 8789
8268 4442
9493 3458
5050 5262
3201 6542
3884 6123
8224 3255
310 3072
453 4014
5060 112
6359 8073
5942 7027
521 8068
5651 9955
206 8570
5223 2991
4357 8329
764 4413
5333 4429
7959 2864
8140 7885
5953 4520
6733 3071
8085 2952
3102 1767
6587 679
5273 109
6084 1318
3478 740
9483 2872
6809 5030
4708 4790
8193 4157
1450 4233
8431 3201
776 8696
303 8818
8502 9716
7646 1575
184 4671
9302 1130
8111 3698
3813 5134
4502 235
1443 7213
4417 4763
2415 5465
3978 2335
1749 9969
7077 3745
9969 1048
2970 3691
7130 1777
4914 5378
6093 5326
8439 5153
4979 4440
7867 364
9041 9557
3807 6324
4815 6141
7581 6642
242 9216
2991 8065
2993 8529
9864 5609
1109 6902
1369 2448
2221 7434
8944 3354
1491 4311
1309 5628
3912 4743
830 7706
6634 149
9285 2544
9942 6555
2043 6081
4367 9375
3973 5661
8984 6058
1327 5356
2721 8275
1169 2950
9674 7991
1558 8098
9667 6815
9495 1441
2402 9487
9041 1847
4150 5740
9794 9921
6666 5162
4475 4266
9866 5681
6593 7277
2084 7342
5680 6179
336 1417
2418 1389
2759 8751
1346 6316
6854 5455
8623 2649
1696 5504
826 8733
8163 742
8067 2925
1853 5884
5043 9310
258 1361
2546 2883
5951 5648
5912 3263
203 6880
6884 8374
2881 1367
2961 2153
8987 1553
5602 6709
6246 5166
7213 3452
1802 6752
9501 7622
5940 9199
1433 9722
3102 1214
2408 662
9492 8227
4031 1407
1706 460
6419 9167
7164 8464
4999 239
3236 6010
2161 4758
6419 5691
3583 4885
4428 1337
3897 7395
5118 4657
2963 5828
311 5959
1952 7535
1732 8099
5966 2300
114 4220
758 4618
1527 2781
6432 7103
1119 9888
9085 5139
6052 2433
8707 1249
7953 8657
5094 907
5350 8457
8738 5700
7880 5521
4977 4649
6865 6599
7313 6949
7729 8737
8880 363
5130 7724
9921 7644
5266 5093
1766 3940
4099 7003
970 2735
4426 1584
1904 8813
4687 2468
1494 8079
4233 6606
1610 1531
9653 1259
8848 9760
8090 4878
6400 8410
3364 865
9436 2464
3663 2883
5721 3656
4944 2628
7371 3173
6727 5137
9247 7880
8852 3652
7949 4519
2616 875
3938 4394
4627 4350
2973 5865
6053 9435
5250 2973
2772 984
1281 3148
3716 1613
4736 6769
9115 1691
7644 2113
7775 1581
6564 2268
5547 7177
425 9675
5715 8461
8834 2321
7193 2319
8637 3051
3137 1642
2555 9385
7383 3979
1197 1016
1345 8963
5046 5274
4605 9658
945 4499
5481 841
273 6848
8157 2942
7271 2214
2769 3478
6757 4336
3117 5058
2565 8616
5088 4932
9940 914
2483 3010
5586 6285
8294 7236
4673 2164
7282 211
7750 1715
5185 4703
7594 6517
8491 4516
5420 4582
8712 5254
1263 3490
5506 6379
7331 4377
6020 4861
2385 2890
3697 8614
8041 6498
738 6193
4561 3829
7226 6044
2989 3399
9901 5466
6638 8258
3086 5391
9516 7543
6276 9345
8082 6241
2247 1023
6762 645
7705 3921
8901 8954
9198 2736
9701 5842
2015 2267
9024 910
6058 6778
5155 9786
2946 7777
6459 8410
5791 9723
3318 5350
6470 5580
3445 8076
9056 6434
3856 4091
5122 4323
5204 960
9181 2361
5690 6750
4470 6822
3282 4974
3475 4935
4363 1516
3532 9922
4259 6738
3409 6162
7321 4022
5961 6072
2955 3866
7926 7864
3476 6135
1180 8645
453 5853
8069 2413
8255 8914
8599 2673
944 6835
9203 427
2326 6963
449 6218
8763 2185
7916 2024
5824 1017
2939 8678
4219 53
9266 8959
8111 7863
7229 1436
3961 6882
93 8267
756 6163
4429 1348
2459 6973
8969 4923
1887 7566
6516 2152
7147 1284
3956 2743
9826 6050
6052 7891
2241 8906
9383 8127
8571 7348
5255 3366
7593 8835
8961 4406
9380 9921
4167 3010
9313 421
2139 8686
3115 9598
525 8984
7619 363
7516 1619
6865 2979
2245 6591
6326 6656
4317 1456
5339 5117
2413 5175
6849 1266
2202 7438
6978 9599
7909 407
2804 2469
8193 8860
5615 317
4271 8917
6865 6918
7167 5964
5306 4940
2723 3916
6094 2757
8908 6936
6207 4790
6611 5067
5120 9633
8000 7539
1025 4534
8066 6818
4608 7408
6679 3473
8704 5144
87 7835
4299 1860
624 4006
1594 653
7217 3009
3071 5430
2734 4166
8226 8591
10 8027
5400 7128
123 3669
2624 3253
2367 4980
7653 5010
7832 4162
6947 4312
8513 8476
3308 1343
236 9324
640 7530
692 5285
7375 6253
8765 6218
8205 5014
4818 4847
2328 1159
4911 3437
5331 1317
5976 4016
8370 6314
2585 8077
2782 6572
1850 1469
4857 345
3893 6992
6767 1288
9533 6766
6732 4283
5422 826
4363 5547
88 3115
1266 1100
4103 3011
9078 9932
8834 8723
2771 4262
4228 7730
9082 5122
9559 4506
1428 3712
7020 4739
7585 4534
9690 3314
2862 1581
442 8513
5265 6512
6095 6474
6799 5591
7457 7212
1568 90
7253 8545
263 7624
5117 332
438 8365
1852 8821
1246 508
8947 8829
76 8670
3047 5186
4527 6820
168 4728
2905 5174
3637 6754
5303 9229
1833 2636
1590 203
8721 6046
2161 724
8287 7052
135 2113
7339 5539
2997 4001
5826 43
9531 4190
2390 6820
9969 6569
8148 7670
1157 8005
7449 3527
1035 7754
1784 6234
1571 615
8866 3010
6437 9395
2815 4433
8479 6109
6319 1481
6617 2473
5836 9889
7584 7925
8802 25
661 2473
4016 2367
7598 5158
3574 9349
2021 8831
9275 9130
5316 7047
5791 1272
9658 2310
3893 7392
4097 6885
1582 3752
9662 506
9851 3766
5770 51
3913 8228
2025 7408
7079 6343
1988 8879
1578 3014
5011 3342
3485 6518
2622 3726
1910 6881
8102 8398
2753 4959
7804 6401
1211 7550
9048 6479
238 5109
9006 8922
5383 8031
7286 3658
2368 6815
1334 3491
6387 2288
1681 9207
7390 6537
3629 9880
4949 9785
846 2592
9447 3922
1571 8124
4943 5524
6627 1321
9560 7389
2444 4968
4008 7616
2690 5875
1938 4555
8099 8044
4754 68
4633 4403
1830 2760
2772 9620
6078 7681
980 6872
5319 904
7535 5496
9309 4705
5783 3636
1801 4141
4352 4597
7507 2735
6574 4635
5158 5214
2311 8590
2336 3876
4163 4269
2420 5884
7154 5339
2390 4266
4546 2378
2558 160
7223 8766
5318 9345
2248 7748
8190 4855
2196 2028
660 6871
5028 8641
4688 659
995 9121
2209 4114
903 1799
167 2524
7978 4271
2507 1105
3658 3112
4027 3359
6123 2586
967 5222
5463 4870
5780 6374
1110 98
4831 7581
7447 525
3854 4001
3346 5658
8643 6352
1791 8850
1432 4779
364 2429
8576 3919
9366 1268
8826 1407
8509 8163
6661 3040
1068 3835
4289 7984
6584 614
59 3884
736 8430
1257 5328
7930 3123
7575 6925
3338 6350
6978 9784
8088 6112
5591 1510
1425 7884
6206 3169
1454 242
8592 6223
4152 2134
4613 5764
5625 1612
26 7810
2248 1239
149 673
6327 4861
4263 2430
7708 7236
1099 9447
7542 1284
1620 2307
9809 7585
190 5241
2870 7430
6358 8209
3370 9074
6901 8998
939 3696
3478 4616
8358 3859
6521 1488
9521 1793
4364 795
4174 3338
1861 7401
1503 9638
7873 583
6233 4114
4867 8439
649 3523
4142 9595
1368 5430
4821 5618
7473 3963
6848 5178
799 9010
7292 7513
5727 127
1763 6748
7078 5182
2132 5469
6808 6840
1253 7918
3413 6259
3593 1851
6866 2155
8593 8818
8082 4308
5908 9118
7339 8306
5726 2806
926 490
1840 2567
9916 3524
8523 5896
2076 9806
261 752
9465 8509
2311 8260
1145 8291
568 3658
2119 5117
189 8212
19 8796
9270 5070
214 9773
2085 3601
3834 3778
1006 8730
8224 8915
5719 5198
1300 1098
6294 3056
4271 4147
579 2800
7179 4930
3687 2402
9607 2820
1002 2937
2619 4712
4443 4193
3337 9123
3383 369
4216 5932
778 7995
1181 1367
3788 6926
3048 9310
5517 8852
5967 2209
4725 3212
2224 9170
5284 3586
8140 4545
2484 1331
1544 2838
8366 170
1155 1309
9831 6741
7922 9771
8484 3194
2271 6982
8781 1616
1429 9179
4911 6289
1076 6052
746 1005
5722 2027
9343 9426
6486 2757
9993 630
8922 9696
362 5414
382 840
8853 830
2633 4697
1320 600
9621 3826
8411 9508
1282 4258
9978 7103
6942 5110
5914 9799
9324 1769
8369 7172
2657 2347
5303 7448
2586 1829
1732 9250
4062 3798
9708 4826
2409 7881
6149 4948
1869 3930
8686 4433
4254 9838
8695 6803
4362 8895
2773 1916
5573 4068
3800 9058
7501 4595
9552 1841
1864 8139
6290 6959
1212 3392
6625 223
4316 1729
9587 2859
22 1604
9840 9169
4235 6961
5892 383
614 8162
1387 7717
1062 4150
3676 7647
1459 7776
8571 2537
5830 6228
1051 4647
4932 8603
1416 7130
4787 6315
3375 8438
2602 7167
686 3279
4099 8344
9549 2036
6804 348
4152 737
6509 4481
7317 1478
8187 9905
5101 1266
830 6827
6992 9632
5804 1541
1671 1096
380 2517
9293 1462
8852 2137
7445 2318
4736 6803
4053 185
9995 3775
2628 3384
7728 8135
8484 5271
515 9504
4461 1607
9160 6900
6654 384
6746 167
8975 7256
2575 7193
6313 278
2777 2803
9888 7654
4777 7932
7738 8891
5288 5179
6857 4111
5256 9315
7093 798
2611 2617
6956 7653
7503 2029
8260 452
3449 414
6409 9479
4274 279
1653 8140
9547 1112
5601 5023
4616 1716
9375 2313
8310 6083
9380 2092
5778 423
6559 8391
2066 6028
3720 4434
2048 6453
6664 1747
9235 5635
9181 281
7254 3664
8995 4940
3795 1941
4018 5721
4018 1468
9350 4258
533 2283
294 9777
41 7691
7018 4362
8678 9121
3696 91
8870 7407
1031 4074
8061 2646
5436 6140
4713 4432
6193 7221
316 5692
3250 3622
524 4381
9211 4031
3287 7606
6419 3067
8000 2548
2513 6066
7630 83
4445 4718
8095 5349
4448 4145
8083 4394
6351 9665
7575 6546
9462 5862
4828 638
276 9055
1680 9333
7006 9661
6206 9708
581 5694
6896 3928
5701 5331
8515 6706
9666 73
4812 3196
7532 4512
4067 6571
8557 9886
1766 9394
5678 1905
4390 1609
9710 6990
5395 6159
1759 5301
5008 7271
8339 3376
8269 1089
8730 5060
7036 137
1002 6636
7190 7495
1089 6235
6930 502
740 1488
7445 4231
1686 5041
2560 514
1967 3576
8535 5000
464 3389
8082 338
806 7746
7129 2393
5403 9531
821 4195
7228 2725
783 5105
629 4690
6010 1893
247 6994
6414 6512
3745 5343
2200 612
4269 5763
8650 1344
6894 4790
7169 5320
799 6750
3677 8062
8230 3249
3917 2510
3884 9659
4766 3997
827 1786
8820 6002
3017 1737
6255 4690
211 7896
1564 3939
4677 9421
4985 8762
1501 7039
7881 9819
4138 2164
7278 5002
1359 3086
5281 4122
391 4899
6548 8231
9270 3177
2984 3508
2778 6623
5325 9788
3585 813
1285 7247
3281 8786
1673 6525
73 326
9249 2768
4842 429
6000 7434
8418 4745
9961 2430
9384 8571
7061 8911
7746 4251
4160 4950
7953 2827
1799 8235
946 6133
8645 2832
277 1834
7750 14
5219 94
2169 9004
1387 5155
823 9988
6823 1623
2174 3259
2241 8386
7876 3847
9327 3560
8774 7520
9482 6511
2949 1639
3623 9461
4921 1158
6450 4091
6995 5844
438 7512
351 27
183 4705
1972 12
3298 4464
730 1811
940 7539
4931 8528
6177 8478
5676 5484
8573 5483
5304 91
6307 8395
206 1461
2665 3805
7837 7975
760 1069
7835 71
3153 6681
6527 6148
7797 9871
1574 1931
3715 9187
9240 7913
4759 8798
2174 8163
271 3676
8365 9708
5797 5156
1698 1539
973 509
9988 960
2020 8014
5733 4248
2730 6931
1500 5856
9858 1885
8524 589
8354 1600
3672 4087
7533 9976
6937 3160
2003 2831
1497 8937
8035 2916
5458 3755
649 588
8735 6654
5598 3423
9634 1964
1090 9554
4024 2684
9058 1468
1346 4683
1763 1007
8043 9905
1075 5271
5968 3641
2858 5930
6824 616
7109 1796
8162 1608
9688 3732
8309 2984
6459 3639
702 8002
8696 9087
6781 1479
4254 2512
6161 3997
8267 4805
622 8858
9868 7608
7576 6369
606 1661
4554 4927
9218 3753
6609 6628
5022 1435
3400 2441
8437 5766
2135 9065
9891 932
7170 7361
8120 4017
781 7602
9433 4043
89 9905
9171 3141
5934 7572
7366 1064
6241 7593
7530 7770
9557 4661
3082 3831
2219 3133
1549 4273
817 2854
6080 4626
3152 4735
119 752
8257 4161
4236 8885
9625 6844
7994 1982
3183 6136
453 9217
2350 2149
4629 9360
7067 4162
3661 4658
4694 3097
9881 7358
2824 2363
3995 6539
8993 1357
2599 4185
4166 1591
6182 9317
5873 3247
2615 4942
2835 365
5932 8588
5005 1196
8319 2849
1853 4762
5726 6989
8563 1924
716 4778
2914 8348
5780 4682
508 9231
199 3241
7733 2709
1297 503
6426 1550
5947 3408
8102 9439
9836 445
9427 6044
8208 2405
5567 2197
6759 4604
9876 4400
1290 1932
618 3070
9982 8051
8149 5044
6748 8144
4509 9830
2865 5822
3404 1447
9367 2850
6471 7842
6397 2512
9406 1153
888 8646
7865 5677
6528 3356
341 85
4079 1682
936 2186
4851 6845
4170 8591
5986 9027
9206 3380
8121 9812
3766 8360
8071 772
7047 5907
415 6169
9205 5834
6947 1977
8254 5479
3985 6207
7013 4843
5828 4051
4004 7811
7416 8088
8100 3871
1564 3153
2403 1200
328 5117
4194 5595
6713 5424
7622 2218
7465 6941
5652 7614
4508 8354
8992 3055
1860 7726
4357 6116
709 2251
2492 3072
8678 9973
4331 2179
4027 9095
3448 6144
3577 8190
7921 4502
2198 9210
2914 2881
6919 472
9325 1634
4252 8588
8870 5393
9650 2861
7242 4662
6233 4920
6557 5454
5905 9685
7734 2486
6919 6592
7577 5636
6211 5468
9948 7169
619 6678
7755 6943
645 9345
4523 6608
9308 218
4493 9080
5777 2370
8484 6439
4249 1516
6658 8182
1727 316
8538 8171
8644 7876
5856 9151
9653 967
6631 5579
9930 9994
2607 9651
2962 4567
5616 4905
8337 7682
3191 2772
5630 993
1856 6235
3615 4012
4092 5309
7375 8317
5133 2732
5397 3892
6906 1187
5844 3837
3927 5206
9791 4077
678 9813
532 1274
9278 7606
7647 901
7951 156
660 1063
1670 8041
576 1160
5369 8305
9872 3288
1418 2289
224 1419
4823 3106
6382 2607
6413 2105
4006 2361
8197 2165
4390 3938
9187 6954
8156 427
8326 1533
7189 929
1273 2712
8465 4778
5729 5192
5232 4560
3702 7302
9936 6503
6680 9740
1923 7730
3137 8793
7361 382
2083 858
1161 9175
6509 656
8044 28
2915 1532
4716 5087
157 2769
5911 7209
7569 6615
9293 4456
9950 9924
3827 81
4823 6216
3412 7130
7059 1304
1368 686
8645 1386
5601 7095
7113 348
3487 8372
9245 3493
1910 9817
6311 9013
1495 9349
9600 4742
1064 8115
2557 8213
4201 2275
9584 6465
4815 1150
1765 8433
1946 8327
1134 2566
4978 1219
315 3905
9220 681
1195 7774
1124 8269
9463 87
9241 6747
6187 2235
4135 7593
4009 8151
4225 965
1058 2006
9822 2205
7505 7188
4626 1170
7957 1546
4304 7885
6311 9085
4124 5987
5625 427
883 8499
1162 7136
6099 4072
2967 7019
7922 3067
5995 4246
4597 9166
7607 3481
2087 9985
8015 9924
8446 8898
1419 9200
4530 6103
3951 8969
6999 4663
7590 692
4194 8943
3205 2968
6023 9818
288 4289
3265 3771
7373 5645
274 475
726 5321
4589 6362
1361 1277
1365 1592
1935 6320
7175 8884
460 453
4034 2225
2318 2479
8501 1510
4803 2626
8230 8273
1519 3491
5691 4560
3324 4650
5547 8238
1840 5840
1932 8862
3380 9057
2503 544
4825 2493
2840 3472
4222 283
8802 1726
1542 8013
793 3269
6066 2740
6643 4822
6758 1226
2478 7240
1903 376
6355 4504
6551 199
3345 7453
1010 5570
7130 7465
1695 6489
2674 5216
3073 5673
4964 2877
1870 8991
6183 6789
9070 1048
5229 9843
2801 9196
9577 6638
6795 3311
3705 9832
4583 2811
6728 1889
6639 3222
7362 5857
4717 4246
2246 3167
3613 6330
8220 1339
3170 1351
9676 1858
2407 4408
1789 2162
1166 6392
6060 3445
7147 9574
4295 3729
2607 790
2829 145
1711 9190
7331 6505
4329 8348
152 8314
5679 4726
6956 6621
4284 1692
3712 842
3188 4448
885 2917
1482 4523
2254 7229
4290 2316
4763 4170
3129 9648
680 3757
367 3203
8443 7929
2758 4272
7535 6581
3741 533
8080 7921
5167 5111
312 4132
4990 1528
4694 329
2465 6425
367 8377
2748 7884
9259 1570
9159 1320
4666 8791
2546 2288
5932 3702
9816 1578
3930 2943
636 9306
785 5947
13 5368
8376 2496
9819 8840
7585 9808
3768 9148
6383 6777
986 2799
1627 1456
1071 9203
1367 522
924 4146
6239 7433
6350 8444
9792 9276
1991 328
245 9317
1864 3532
3393 6827
3574 7935
6301 4820
235 9684
6250 9304
3408 5145
2653 6395
1366 6296
1967 2013
5924 6936
8739 7499
476 1576
499 3962
7526 472
1495 7338
2595 2555
2302 7962
4402 1960
3023 5059
9128 1811
8068 1561
9166 5342
9431 1567
4626 695
11 3837
9426 4912
1266 5865
1426 3189
1418 7925
2172 9164
4615 912
1104 6331
7824 2712
9714 1284
3820 3186
5765 5541
626 1288
1039 2870
2249 221
7523 6796
7940 5320
8766 8580
7811 3580
3917 7149
2032 1656
5914 6301
7644 4913
4666 170
8750 7097
177 1490
4529 7087
4059 7480
2155 3404
4263 9278
3678 9199
7845 4200
8451 2880
2542 1112
5791 2386
9413 6765
4094 8147
7227 3913
6326 3126
1354 2857
1229 8155
2318 1706
1590 6373
9921 896
1473 2307
7069 7130
5559 8000
9817 3841
4132 9028
9947 8513
8018 1356
7031 254
3070 8433
7680 1524
3819 4560
2839 9615
9034 7495
4651 110
4942 9935
5330 5005
876 9335
7792 2896
8625 3996
8260 7594
1599 1896
5542 5659
8713 21
9484 9825
8756 9088
3667 9896
7107 6574
9639 809
2542 6014
4888 3385
177 535
108 1190
5981 4271
5218 6843
8035 1669
1505 3022
3428 4827
1059 5703
2981 7329
2373 7289
5841 8959
7873 612
8753 3062
9678 7109
3508 9875
8491 4468
7975 4322
1453 907
379 2021
2481 9546
7617 245
3193 3265
7560 9966
2535 7205
5789 1069
4509 2512
65 6885
3860 6965
1030 8019
209 7772
3619 1923
732 2214
5749 7577
1651 5345
7648 7464
9415 7282
7491 7752
1823 5735
4790 9551
5054 8020
1876 8044
436 9422
241 2430
3006 8728
8065 6074
124 4383
5138 2854
6908 4641
7077 1067
7177 2683
3501 58
9493 6630
1003 4420
1242 1776
5280 6762
1158 7953
8414 9597
8374 2627
7719 946
4166 4912
9022 2048
507 4149
8325 3987
7153 8892
8602 4789
5138 1904
8214 890
1720 8808
7720 2279
2906 6291
97 3109
9142 6344
5809 9541
5988 5906
8664 1489
9364 4302
9928 7953
3515 4621
4091 7961
4855 2219
1384 2928
6002 7886
5861 6657
4791 1738
5026 8320
9708 2061
472 4373
9591 2657
1647 994
3512 6019
658 4807
7399 8251
9999 4192
1228 8045
2618 5403
9157 6438
2534 5750
2660 1855
155 9982
3453 2931
8651 4661
7960 1236
2156 299
5223 6654
8953 544
1183 3839
7915 2274
4062 3617
7692 1640
216 4955
9477 1563
2730 7450
4630 6571
2381 1485
1763 2735
6738 1729
4584 5774
4756 4084
5647 6061
3071 7826
7589 6646
7999 7530
371 2875
6705 3972
5368 4999
5002 3371
5865 597
7823 7242
9282 5603
7960 2709
343 9688
640 1719
2493 2363
7948 3902
7418 5697
2548 4013
8182 5344
2995 4975
6885 6558
1618 6539
8187 8184
5199 7292
7890 9808
6346 1399
5977 117
7567 5469
8311 1685
9564 8283
5259 7738
3035 1923
832 5131
2813 8361
6096 5270
9743 9492
8644 3371
9851 2610
4951 386
8157 7072
1122 9678
7121 4400
8180 1876
7712 2103
2703 6688
3339 2098
8209 3082
5203 5571
1974 9800
4049 5565
1350 4750
8899 5448
566 3511
8578 7220
9984 94
2504 6521
5084 3600
6753 1041
5726 9608
7446 133
3499 2938
7419 1130
9052 6379
2177 5210
2508 5055
2009 4468
1265 7783
8085 9641
2921 134
7305 1138
8838 4671
5119 5395
8514 2797
7715 3299
4847 2788
1428 4662
4268 9025
4382 4925
7634 5894
3505 8653
7755 8094
6885 3971
5458 6322
3171 9772
9980 7092
6281 2649
7871 6127
9153 1063
7996 8132
5242 6130
5938 3739
1244 6596
7734 4175
4059 7344
9879 3459
7994 5679
670 3326
3953 1899
6128 5675
2703 7013
7107 8707
8948 8062
7626 3629
1952 6232
8619 6801
488 5764
9037 4577
3910 9384
1099 3364
5323 7314
4061 818
4141 2940
7028 6797
8123 1533
9160 9229
7167 8552
8444 1291
5737 6327
8259 8729
1640 6732
7833 3341
187 5848
589 3217
9539 5028
9871 1272
1274 180
6627 3371
9163 6590
68 326
2900 5625
3383 7055
6049 3851
6484 1467
4681 6208
2895 2577
6010 1776
2101 2023
2043 3730
4679 395
8691 4451
9483 319
1662 4970
9264 6668
2640 1919
865 949
7053 8017
7674 6444
9802 322
8142 5634
5538 2005
18 5096
7384 6379
7209 2848
3397 2254
8478 5735
8833 9771
5363 3316
1379 7335
1618 1238
5805 971
2610 4081
4501 3135
802 5159
2650 9149
4441 3922
4278 5651
5203 9113
5684 748
2519 4809
8327 5307
8377 802
71 3302
550 4467
7549 6463
7984 2360
4722 2950
3471 8589
7613 2338
3175 9886
3628 8838
1062 2380
8181 4357
6973 8217
6737 6030
4214 5643
474 8176
6916 1854
3764 6529
9069 1821
126 4452
5091 3729
7874 5535
674 6982
8316 482
2245 963
7722 3901
7617 7052
2423 1584
614 6824
3846 3979
9241 9985
6911 8852
797 1182
800 2095
7061 5879
2718 7790
8926 837
7904 3352
7483 3174
6500 1191
790 4712
2926 354
4984 3670
1706 7511
7404 9065
8637 672
647 4798
3457 4650
967 9913
4547 3847
2431 5811
6893 4717
2170 8733
8327 891
2799 5364
4108 1737
7583 2226
9250 1829
2523 8999
7817 1706
4218 8432
1415 4705
2492 1628
1323 1378
4601 3219
6460 6272
476 7172
5394 3630
8681 2480
8397 4579
5132 740
9828 9704
9547 5668
850 3972
616 7477
1657 6387
3390 7944
9220 8079
7505 8095
1183 4340
2730 3652
8053 4772
4444 5984
4854 218
5643 842
7491 7503
7308 7687
8394 1097
2671 7485
9466 6935
1574 6479
703 8773
5907 6618
2688 395
611 1177
1366 4374
7302 5732
9613 6526
1914 9945
3355 3166
5596 4296
4888 7331
1867 2476
3558 7265
3830 6809
6668 3801
6511 9101
7412 3013
6850 6212
5569 9158
905 1795
9957 1594
3503 502
2273 748
9112 8923
3383 7642
4310 6257
2230 6496
2206 9237
6471 553
3555 4717
5806 102
3089 2209
1838 9466
7949 1553
7484 7654
4942 4941
6784 4542
1855 4034
2872 696
17 2264
642 8979
7745 536
2928 8341
1098 1110
2415 2437
6283 9584
2705 1118
4431 2614
5012 2943
2433 236
3090 959
6872 1989
71 8403
1354 1958
288 40
1613 8357
5871 1343
6858 888
5896 5258
6712 7073
714 4416
5502 5883
2225 2290
125 5313
4213 618
9991 6397
7374 4541
6821 2218
7838 7511
3279 6425
8158 3401
1854 5599
9784 2720
8339 3835
9251 1644
2709 4952
9905 3315
4208 1339
4727 6502
4973 1602
3481 3676
5820 8302
7310 810
4577 9600
168 962
2047 4737
6573 5834
9299 4507
1865 8146
5755 6871
4976 748
9714 125
4728 917
6786 7782
879 3479
4790 5107
8556 2954
4060 1325
9656 3121
5274 580
8578 9271
2800 8422
2837 2769
8151 3471
2483 5514
3068 5717
9569 5529
3624 5177
1652 5646
8846 1190
9811 8247
8272 5580
5927 1954
2998 1074
1810 8058
6716 6976
3534 2355
6403 2291
9419 7842
1218 1254
3605 3873
2972 3784
7862 9652
8233 9020
7095 822
5921 7719
7093 3529
6414 2345
8611 5323
635 7875
129 9612
6721 4443
4083 1007
9109 9985
7025 418
2405 8047
9831 4600
6123 3538
3964 7390
7818 587
8124 6305
1823 5969
1315 5057
4164 3066
3359 1459
5509 4008
4620 4511
7340 4793
7684 6828
9503 4094
2896 1256
7812 4243
9902 1266
6681 7385
3690 7201
3209 3579
2788 2544
468 6184
6755 5234
3696 2565
226 4335
7824 6241
9697 2877
4244 5666
5499 8334
6717 4909
1522 355
2360 7185
7375 1361
4031 4394
6296 9648
7368 9790
3756 8537
8812 8701
4837 6891
5309 8858
5751 9166
847 1911
7433 6048
8041 2598
573 27
6008 1276
697 4434
3207 6297
2385 8562
2578 9564
7278 5310
3255 121
4035 740
9355 2824
6937 1452
306 6342
9878 4961
9873 9587
9990 7289
8244 3001
4494 8019
9264 981
823 8348
7024 9686
9744 771
4916 2786
2502 9511
7534 8874
5577 191
5117 8087
5625 4601
3973 5765
2039 7028
281 7520
3126 2181
9591 2942
3042 3932
2956 3332
6245 9879
3905 9940
9541 2023
3402 8096
311 416
7174 1005
1257 5138
3369 640
5191 1962
718 1047
7853 107
8152 1113
415 9815
183 8610
3534 4123
9876 6946
2146 6159
8596 5319
2290 5318
9239 6353
5206 432
8273 5805
3481 2921
7510 121
1582 647
3895 6905
1953 9610
4785 6858
6208 5804
8241 876
2553 3669
5584 396
6840 4867
3705 550
8586 4848
2266 9474
6693 558
5915 8514
6239 7350
5663 564
8757 3073
5988 6586
6700 2408
7016 5273
8477 7837
5670 4133
9602 8378
4070 7806
8103 7664
866 9251
6651 5236
1647 1179
511 2575
1745 9896
50 6193
8874 4664
3931 6068
14 8792
5708 4851
6317 2572
9121 5995
1324 4584
2667 6627
1515 2391
5489 8723
1304 4090
3168 3535
7349 1742
4483 3336
1143 9508
6681 1545
1875 7435
7844 3244
6483 8143
5146 9281
4104 3658
386 8687
327 1948
3806 8145
730 3563
145 7423
2925 6935
4315 397
7513 3208
6500 9270
9729 614
775 151
6133 8123
6951 5277
8396 5363
8624 3837
4078 2873
8403 593
3057 8851
7610 945
8751 7039
2530 3746
2844 5055
8354 3630
8673 7685
5101 6374
7334 5920
8391 1616
4196 2958
3536 465
4848 9026
4262 6221
8492 6038
5786 2565
7070 4327
7698 9461
3348 869
2724 4516
6614 6817
9647 4033
6860 6255
7658 5858
7641 4275
1349 9784
5089 6971
7737 2446
3518 3352
7524 1232
5840 6971
3263 1706
8976 1268
8895 6837
2219 1246
7393 3567
3295 1522
7014 7586
1926 1431
2533 7438
9015 1902
3339 8048
7559 5622
4125 7113
977 7240
5386 3220
1511 9926
3010 7156
626 2692
7232 1723
2625 4160
7104 6733
8009 882
6347 5942
3440 8360
4499 6584
1310 663
9405 2566
1653 5669
7008 3759
484 4717
4888 5431
6395 3208
3287 590
9566 8927
6281 7988
4249 9528
8404 3532
3337 4317
384 2220
1026 4917
3739 1465
9912 5106
6320 4107
45 7561
9462 4215
4304 3242
3786 7391
6720 1832
787 3929
556 8652
3857 5339
153 4351
75 2803
5211 8073
2597 2984
418 773
1986 3328
8354 1761
6643 25
1184 9010
2194 6195
6209 7276
3594 7171
5075 346
1602 1321
7437 6297
4524 5204
3271 7123
3980 1549
2064 3878
6699 9871
5891 5328
6185 9572
439 3942
1363 2681
9483 3196
967 4824
7304 2003
2274 393
6287 8028
8523 2214
6852 919
9561 5642
9720 8047
4112 966
7867 357
9562 7146
1002 2817
975 5347
1048 8409
1479 1178
1267 1461
8979 2898
295 4690
4804 3666
8552 7732
8419 7032
473 2611
304 162
3754 1053
1905 438
621 4550
7361 7380
2452 4481
8611 7815
5525 1120
6903 697
6799 7941
168 4400
9600 2406
5147 1828
5526 1969
6267 7365
5727 2277
3325 6392
4414 397
2724 250
5886 3661
5586 4271
6605 161
1510 4710
6160 9096
8368 1045
2223 11
5284 1003
2944 1335
3982 2892
6911 4912
3627 9779
7232 775
5610 913
3736 1734
1811 9600
8600 4255
5232 6147
7589 434
7913 4429
4664 889
1798 272
4129 5586
3593 4698
3457 6278
4778 2545
7194 4052
8219 5987
7122 4766
3814 1815
8893 6178
5834 6616
15 5837
4744 3827
5901 85
3845 1527
1051 2243
8096 6502
2558 159
7886 9707
9993 9611
4906 6291
6976 8789
1750 8509
8569 7158
4799 4658
8693 9515
836 6731
2560 1122
956 1329
1252 3944
1804 8121
47 6287
7336 2661
3092 4358
5457 9793
5405 7088
3918 3875
4115 4936
5035 1251
5281 8613
4720 6439
9543 9306
1396 8322
1665 1888
9809 3957
3705 2752
1385 8074
4657 6375
6862 7707
1225 5268
6227 7539
9837 8982
1683 3882
5344 7303
879 6048
210 9122
9033 8485
6628 6385
9078 5955
3170 1124
9295 6558
1033 3296
782 3442
8281 9096
1060 2930
7643 5603
7034 5691
2395 7223
5675 1279
1895 4555
9253 4325
5795 3924
4217 1505
6059 1030
1713 4471
8918 9935
4285 8032
2145 9240
6813 9345
2110 824
4267 6789
2442 1796
4307 1434
3616 6503
8500 9771
871 5875
7339 9697
4567 2819
9866 4457
6429 5987
2949 4828
5253 678
4151 8688
9896 7097
282 5485
3561 3525
3756 9406
2166 854
283 2886
7029 6897
5200 2558
3736 8619
7606 519
6183 7613
1545 2810
335 3312
3710 4727
395 3257
5697 6642
8727 7208
797 9130
6270 2065
5603 8695
842 9301
6175 3513
1526 3114
2166 8517
6806 9016
5989 2484
4699 4043
6600 7459
7414 3530
9709 2094
2782 909
1684 6677
2499 2481
9488 2768
4655 8955
7739 8750
3513 8735
3966 8521
6262 2659
303 3784
3695 8284
6715 2333
8095 3606
8077 5073
5029 6147
9700 5006
5037 2546
1410 9284
5066 412
7066 1541
2155 6497
3957 1924
3350 7489
804 8086
1134 2402
2609 8418
3419 3634
6299 3557
526 2062
883 6652
8880 2966
9270 7985
4382 7025
2127 7543
555 6367
1898 5762
5117 2330
1211 2877
6401 194
9212 4248
4812 9247
6537 2197
6950 3885
9685 5503
3358 1200
7812 6352
5416 6240
4143 6368
4041 6224
1876 2569
3828 9002
6315 1311
5506 8398
6613 7903
3000 6602
3825 4912
9667 1810
6489 2627
5320 5751
6092 2001
4183 7351
4508 7288
7051 2472
4314 1574
1486 4973
4080 9154
610 1218
49 6216
7678 1991
3259 359
3904 5427
2805 6122
7624 522
1141 4438
3010 390
3303 7834
3196 6737
4245 895
5091 905
1250 3134
9142 7093
1056 9470
3799 8657
693 4004
1128 2752
1648 1345
7444 6491
5135 3881
9719 2330
4873 3040
6680 7293
5691 2418
4649 4927
2760 495
2039 7328
7324 100
7228 7609
3680 7664
5494 8496
5592 4434
2937 5164
7783 961
8477 4258
7580 1988
949 800
6668 6885
1104 3300
550 3946
3382 3915
6537 2659
1573 9719
9820 6955
5833 4512
4838 4935
9854 5416
2696 4662
2227 5445
9235 4910
4647 2056
4712 6846
7560 711
140 5628
1253 9302
7094 5906
8344 9586
2040 9967
2756 8354
6341 2604
8363 136
7467 5962
3013 6185
5377 4832
7313 4270
676 2738
156 6091
90 1833
7444 5008
2934 5638
1738 3837
3587 6402
7482 9389
1940 4684
4924 8845
7832 8565
6519 2834
9388 8810
8576 4656
684 949
8862 902
8377 1639
4977 6714
3861 6508
4873 8765
999 5081
459 5853
507 3637
63 6366
4002 7395
5954 8129
9025 1506
9055 6541
2038 6193
6017 849
5041 9711
8274 567
5869 4706
3993 9618
1892 7329
2802 8414
6518 9443
7493 1729
4318 9322
6440 4401
3642 7812
6440 6713
4706 5936
6584 4791
2067 9195
459 9733
1809 4469
6284 5154
659 9345
5255 6422
1626 454
6190 4913
6142 8567
966 6749
1136 3466
4209 6284
9888 6735
9458 3616
724 5594
9448 8505
2936 9146
2223 5841
7765 1477
1945 8067
7856 6844
9628 8732
3895 1094
1966 6730
7229 5711
7525 1211
8812 2715
5496 2125
1823 2743
4142 5835
9054 8569
7689 3849
5183 7994
587 9039
9585 4948
8782 6199
686 1290
2195 7720
9066 9092
5177 1858
2131 4572
838 851
4991 4439
6655 537
1638 9177
6632 5098
8250 9853
1782 2518
4280 3892
621 9686
7116 4731
610 9845
3932 5276
7658 3114
1586 5379
6426 3710
1813 8512
2467 1955
4460 5209
2938 849
3068 91
7123 8852
2662 8619
8531 2043
6888 70
8075 7750
4848 5581
9200 267
4691 213
9887 9798
5917 7933
8066 5776
7981 3975
7239 9212
2120 6304
7221 4696
1714 1992
9712 2284
5004 5653
212 3305
9943 9507
7238 6391
9077 1973
7948 8962
2641 4987
5722 8244
3164 2038
1633 3736
1521 8043
9468 3913
3424 8548
3399 2538
9319 7876
6287 3053
4668 1211
3118 7742
785 9495
395 9569
8350 9506
4495 3203
8623 8623
7891 5414
8367 4143
3693 6828
6813 3903
7504 6430
2133 9963
3542 9633
1247 8224
2077 8719
7240 2092
2318 6397
8529 559
7442 3049
1473 3508
7026 2892
7669 7793
4642 178
412 8179
1028 6225
9493 2610
5575 9934
3713 190
7828 792
9811 6089
9395 7188
2027 3070
1182 977
5173 7022
1129 6345
4139 2772
3947 5514
3281 3258
1850 5656
2755 7637
9338 5812
5315 2334
6895 2214
9279 5254
8617 2214
6044 8884
8820 5789
1816 3877
377 3705
182 3064
9102 2665
7535 2795
8483 5597
3445 2607
5196 1571
4243 1632
6924 6347
2494 7381
5369 6497
9497 7744
7150 4863
6854 8127
7182 8723
1486 9228
6700 5589
5953 649
1637 9403
9016 2766
9668 34
8306 1582
4760 7248
724 3543
5918 3405
738 6972
3354 7930
856 3434
101 5698
1793 7916
4915 1970
8969 3706
4218 5048
2618 3767
1774 5770
9183 7067
5180 1552
6905 6332
6444 8962
6961 1900
3799 1588
6032 5757
4761 612
2260 319
9617 7215
559 1484
5426 8056
2975 1847
5305 881
4775 912
4532 2492
4209 9485
6026 9764
1455 3793
1192 8877
2573 2256
4990 19
2696 4397
3003 294
89 5432
7182 1976
838 5038
3183 2853
5192 2631
5332 6266
2363 3964
8472 8880
1941 7766
4219 1852
4828 2620
9517 8246
5211 7174
5415 9848
4767 567
2478 7807
4927 1292
8634 1740
2557 6006
5062 9531
7394 2117
585 8566
7040 6051
2896 1405
2888 7262
1477 591
4894 9496
5937 7116
5375 117
8036 6094
8111 8055
9349 7684
151 1940
8525 4232
4126 5762
3040 6520
3116 5665
42 8703
3973 1757
4877 6634
7032 8109
2498 533
509 644
3015 6387
8596 3723
4660 188
4280 2868
2065 7701
3804 3301
9045 5484
9086 5097
361 9228
132 7697
712 3217
5894 9118
2974 2615
5466 2984
9379 6600
2004 1164
867 1254
232 1826
6104 4228
9105 4876
6863 5840
9686 8566
6297 6084
1959 101
8872 8985
4801 4774
771 2196
3969 9713
456 568
9944 6227
7850 206
991 7485
6933 4360
8416 9066
2902 5455
6099 9244
5288 948
1259 6387
5718 5899
9225 155
5168 6906
6346 6234
6544 8686
6489 5658
7736 2053
6859 7114
1906 1258
6690 8494
5636 309
5625 7488
5447 9692
7743 5086
6240 987
3825 4708
4811 3292
8060 2623
9487 1798
3981 6735
5787 752
3824 1560
6966 2459
19 1555
2839 9526
6989 9281
606 9056
9057 7611
317 6093
6061 3274
6353 5698
4917 8793
5778 8313
7941 3886
5707 2358
2147 8217
1740 9936
78 7210
4216 8625
2399 9555
4400 3755
792 5335
6909 5730
1397 8541
3528 462
6696 8368
4002 4586
3786 7484
8381 5868
3743 6623
7876 741
4152 829
5232 4112
2942 8892
3528 6579
1237 8436
4764 7779
7464 7338
3427 3710
1489 4301
436 1769
6843 5157
9852 537
2775 3629
5097 3294
737 5361
5196 6400
5695 6548
7519 100
7492 9595
9006 5514
4485 4412
905 1818
264 414
58 490
6996 495
4347 854
7934 9722
4508 6247
7232 646
1846 6864
4701 2001
6442 1900
3400 1682
4926 2055
9212 4523
8658 592
6348 2568
7666 2810
4672 4435
7559 2778
2144 8783
5112 5893
302 735
2822 6663
9922 1703
5989 1410
651 3547
8876 9347
5762 7697
7706 8480
7324 7574
938 5115
2719 6961
4194 7583
6952 9496
7332 1312
433 8450
9554 9308
4154 6258
871 3140
4551 3383
4970 8629
3677 1299
9930 1410
4500 2240
4680 1842
3520 4037
9258 4646
7854 5188
9539 9928
6467 997
1853 9844
8605 1290
7995 4584
3383 7456
4262 7370
1304 843
3024 7447
3525 852
8470 3724
446 8611
2045 9454
9009 3516
6674 6999
1677 8973
4987 7092
4172 6013
1724 4807
9914 4521
7619 3486
9519 5802
9091 8732
756 9061
7510 5124
141 6974
2063 6733
8970 8081
3053 3099
4964 4316
6684 7949
5638 1678
2846 4085
1988 3726
4528 5874
229 4751
4012 7467
3070 7446
8868 5945
3979 3925
2882 1407
5540 3914
8501 7389
6053 9579
8213 6878
2895 5781
10 7108
4846 2720
3964 5691
5275 651
7012 919
402 3364
9132 5749
1216 1725
8832 1482
4493 2474
99 7076
1172 7523
4929 6881
9060 4027
3727 1083
3317 9661
638 4401
3678 4169
1714 8608
1199 523
1944 3869
2659 14
166 61
1457 1771
7486 1278
4173 8556
6924 5122
7235 7286
1531 7241
2524 8176
1356 9332
6346 6642
3774 93
5895 3645
1678 1119
2772 4511
2657 2275
147 1804
8018 6345
4748 7778
5423 9947
6391 1166
8405 6929
7618 9244
382 6718
121 288
7113 8513
5786 9432
9396 1199
87 9241
2906 4593
5364 118
6395 3498
3018 1822
981 8014
4557 2437
2832 9631
6429 4489
4282 1348
3054 3227
9398 7003
8971 4752
5860 930
7514 8403
9515 2940
1781 4674
6030 7343
2367 9337
3984 981
2303 1753
3522 3970
7169 2498
3103 4959
1728 7614
7971 8503
2741 2663
9799 54
9666 6364
6555 2328
1944 5961
8787 2249
8661 5282
938 1931
8123 2472
7994 9723
1829 1694
82 557
4099 5709
3171 3262
5325 8676
7692 7272
3649 5028
4728 7040
699 9642
5310 9971
8978 8005
4977 1452
6223 4360
8066 5518
4731 5256
9427 1735
7748 541
6706 5334
9906 7475
6995 7747
9937 9941
9806 9324
1084 8637
2183 9672
410 1794
1144 6763
4188 2469
4427 4695
6566 3209
8831 8007
1781 8636
1130 7930
6206 8751
6503 4857
5489 2648
4189 1813
2283 7620
4929 9092
9009 7111
6421 401
4622 22
9485 3669
5031 6445
9450 4631
79 7966
9827 4081
1533 6361
7599 53
5540 3065
9277 7668
5059 1736
1611 5766
6500 5341
2192 9954
873 6413
5141 5546
769 5074
8172 8679
3128 9118
346 1263
7601 9025
3256 4817
5754 9589
6319 49
5680 8303
8462 7563
4545 5412
2382 9941
3721 6540
9167 4416
4284 2219
4986 4921
2282 1066
5040 9545
8034 7077
1561 999
2091 2986
7469 24
3133 6053
779 1593
9157 9237
5520 6168
8281 2215
6878 6316
4958 3895
1559 3223
6425 3625
7173 444
5997 9783
4934 7181
8176 4298
819 8901
2675 8044
7359 8470
908 7883
6450 9709
5412 577
5908 5032
1749 7686
7695 2482
7626 3032
215 7005
5481 2273
4076 9163
9418 638
6146 3062
1194 3699
174 7114
6538 544
9288 9424
3602 4033
9603 8352
9775 2103
5117 2968
2578 9980
2007 4050
8986 7795
3291 6086
9070 9939
7404 669
5541 5379
5200 9517
9245 1628
5556 6388
8101 4462
8525 4244
7281 5277
3543 8574
7901 2724
9658 7638
5157 3575
7176 344
5721 3137
7269 8530
3873 8949
2888 9541
7369 5261
7191 2457
5934 1062
2615 8257
5999 871
1683 5857
2558 8448
2725 902
3680 8845
3840 4350
4450 8418
6159 1679
2668 8421
5633 3513
5791 8019
6111 874
1879 5090
4912 7223
9713 387
2161 2231
4156 3727
3470 670
6623 3505
6191 1676
1550 3399
5679 6403
1766 220
1556 5833
8450 1908
2507 9997
2669 1930
520 1520
389 6647
2706 3963
3413 3331
1878 5014
2493 9689
3257 8064
4017 464
5499 2005
8204 1770
5210 1950
7947 703
9982 2993
8489 6769
3016 2406
4804 4199
691 4656
2830 5531
996 3984
3412 4293
5671 7062
7535 7896
4099 8408
4375 9131
3407 7083
6445 6751
5674 1241
5456 4004
8809 7363
5186 4924
1316 1847
7066 5128
2078 8617
1981 8900
7671 9796
49 8367
8771 8887
6854 2854
891 2910
7974 4297
90 2004
5759 3762
3090 6512
75 7588
791 3088
3601 4601
9091 4186
8582 8460
8351 2570
7608 9148
6740 5443
7495 7991
4694 3786
9176 8825
182 997
5585 4854
7371 560
4615 6774
2323 2551
3200 8480
2969 1721
8342 7551
2870 7366
327 6215
4902 9757
6895 3121
6244 7447
6145 9718
2792 1390
7588 6139
7028 6539
3194 4566
8264 6538
7422 3894
9450 943
7573 2952
6314 8764
4883 8042
5080 6265
9234 7612
9487 5471
1716 8648
2717 2802
8488 1066
5193 2668
9547 2302
1025 3488
212 8530
7862 3996
5695 8838
5632 3982
60 7849
5587 8797
7594 9392
7912 2842
4783 7732
1986 4719
9545 5892
8291 5983
8223 7232
5353 3620
7881 2627
1411 3358
3267 9968
2989 3395
5409 6715
3076 216
4179 9728
9366 6764
4168 5318
2462 8757
1000 4220
4962 2464
3205 9685
184 8215
7523 2556
5614 7482
4006 2832
9444 2349
3867 7274
5816 6448
4029 2458
695 3288
9601 8690
3893 875
1573 1718
8704 6383
8169 5679
8829 562
7332 7425
5436 4483
3379 2400
1045 4253
879 5145
1467 6565
9235 1253
5232 2119
8982 5038
8262 4428
7907 4692
6576 4047
7637 7960
1604 9933
8403 3190
179 9679
5698 2315
5765 1166
6737 2870
1728 1717
1733 7056
8634 1764
4710 2017
347 3163
9405 8653
8995 8458
3105 2477
819 3669
9523 1124
9646 1051
3718 536
1638 2957
988 7427
3062 8890
4972 7928
7505 2240
4138 2470
9420 6569
5629 734
7119 937
2274 1487
8046 2254
8911 3960
84 7492
3361 8574
4495 3245
6008 1155
2524 1371
6016 9957
9948 9210
3382 8814
9364 3567
6392 9452
1318 6287
6098 3819
7697 8299
7112 2030
3816 3918
9649 2471
5970 3944
147 6068
1354 8426
3996 2198
670 4161
4193 4940
7666 5846
5357 6587
7021 8739
1227 224
4639 1510
4776 6560
9537 2189
9165 9873
7533 8275
1983 8129
8330 4230
6274 4219
7239 6715
2366 8533
3639 8551
9591 2977
658 6020
1086 3853
5722 3254
6814 703
1937 2918
7636 4165
3007 9655
2922 6531
8537 8500
4166 3483
7343 6781
541 8236
7107 5288
1986 8907
1499 6640
170 7342
5950 1371
8113 9308
2434 1880
321 8924
3966 9604
9651 3955
5985 1887
2848 4586
2737 2834
2261 4793
4089 4958
1858 6291
9987 8074
8095 3694
2006 4588
7180 1120
9740 2062
6421 4664
9925 186
8103 8812
1208 3596
2946 8118
9435 3187
5648 6073
5968 7049
1443 5297
8665 4160
3423 8254
3290 2062
3731 8020
1683 5280
1055 3586
3613 6972
5448 6356
7149 7015
9536 7705
8864 2145
330 9765
9104 985
8823 8256
7468 6487
6803 742
1315 1595
6131 3523
6163 2428
5740 2253
4445 8926
171 1671
8088 8656
3059 1864
9043 8437
2794 4961
4710 6158
5783 222
7422 8173
7684 9123
1428 4136
5652 9222
4823 6041
1217 948
3700 7433
2701 8370
8014 2330
5380 2603
7248 5867
258 9753
340 7643
2518 8161
8321 1847
1194 6034
8220 9746
277 5876
3513 8203
3987 4111
7322 6185
2425 1322
6177 4608
8345 6034
6086 3050
5410 7340
1191 1101
9185 2985
3718 1257
8389 3460
4003 8242
608 5834
8337 6721
9820 6972
1321 246
1193 2292
3997 226
7074 9067
4208 589
3920 268
5804 5189
8400 2402
6777 3385
9824 9237
7941 7533
1775 2070
6670 385
9895 7403
2473 3987
3880 5692
5007 3229
1461 6904
1985 6275
2446 7267
9401 4580
1258 4154
3792 2052
6649 7311
7041 4088
7054 5030
6299 3698
2777 2016
9892 9717
4743 5015
8413 704
3993 1526
8896 2110
9735 3221
4315 8645
8485 5837
3447 1299
2324 824
8362 4827
3380 2301
8596 9643
9727 2501
9335 3324
4653 3087
4878 3752
7305 3058
3989 9266
9835 4952
565 2141
3433 8649
1353 9863
3336 1471
4780 2796
5098 9350
9528 557
708 9232
2179 5147
6314 8736
639 2605
1353 538
9774 5361
2291 5606
9090 1128
512 8753
8547 9384
3824 9880
6137 9666
8400 422
4922 1350
890 6388
1012 9468
2220 4597
9605 12
5824 77
1471 1972
1906 1010
303 6091
7924 67
3922 5808
8052 971
9231 879
2813 903
607 1764
9957 9886
7246 9360
1438 1558
5368 4327
8003 3417
3007 9899
4207 5009
7884 3233
4094 188
4781 6489
3469 7465
2982 680
5178 2844
1640 5367
8503 4728
6770 633
3083 7684
76 3962
7244 9914
9611 4119
6732 4833
1379 2634
7214 337
9793 9901
377 1845
9625 2163
5209 7054
8821 5982
7605 7758
6062 6990
5998 4416
80 1131
8006 1041
3091 5190
4529 8165
5720 9207
5317 3077
8851 5815
5062 9287
2967 8083
8323 6130
7328 5914
6782 2766
9566 9305
2066 9081
4890 8656
1068 8713
5896 4714
131 7760
441 4553
7435 6670
3419 6658
8179 4687
4174 681
8149 2609
9020 881
6927 9985
5232 2605
7177 7731
9838 5922
6397 5253
8723 6808
1538 8144
8181 7507
9242 1059
2422 5345
2119 5294
1008 267
1557 5124
3108 2737
817 6222
2342 7933
2253 7356
1941 1689
9719 3144
7192 3823
4477 39
4079 4234
7820 6942
5219 4232
7618 4581
4884 3271
8916 7876
226 2729
5394 9030
4646 3863
9791 4813
7438 5234
6792 7373
8559 8985
7554 5489
42 3288
4583 7847
3335 9697
6571 6641
596 1636
1231 6602
6650 7314
7991 6122
5088 4704
4456 7394
1756 322
1148 8049
6174 8859
692 8393
209 4639
1258 8697
3340 5476
5450 252
4297 8567
373 7475
9595 2867
1331 1712
7287 696
7298 1151
8488 3765
3750 4488
9679 3302
8158 856
7975 1715
3046 9426
8495 8576
3443 8445
112 9331
3235 4453
4015 6900
3142 5406
9560 5801
5050 7352
3836 634
2012 6492
7958 4972
2997 524
7429 3266
1658 7691
4076 123
1922 6153
6166 1127
3775 7196
2025 9007
3640 2057
2100 4931
39 5089
3347 4933
8765 6539
615 8300
4812 3748
9121 7078
5892 7865
297 3595
8787 111
9855 8383
1390 1324
7354 7781
2815 6661
9836 8627
377 7940
5327 5046
204 921
7231 8715
3978 1838
7895 1289
5903 6060
6973 8133
5981 9205
6022 5014
8738 1145
887 8072
3872 4789
1603 2427
5224 65
5332 7030
2923 1186
5463 6599
2270 6096
105 9289
4690 8495
4074 9764
579 2532
2961 2356
5629 6807
1280 9204
1821 8600
9331 5663
7967 719
1248 4314
7948 1971
5229 611
9174 9246
797 3647
3853 4760
4253 1345
1212 9033
9205 1111
6081 1710
5550 9183
9579 8097
5632 6775
7907 4912
6780 80
1463 5983
1296 1509
1045 7563
8782 7616
9340 9413
3839 3297
1662 7526
2915 4697
1095 8639
8000 2706
9502 6073
5077 4541
1729 4272
9099 4463
77 7322
8833 9870
4243 3594
163 985
2365 9910
8692 8666
242 3702
6341 6111
3900 839
5502 5268
1054 9524
1002 667
6332 9434
5542 2849
6514 4161
2240 9348
4433 4328
7210 6743
7897 8627
136 1916
8075 9017
9612 4400
4018 7744
4597 1566
7960 8399
5773 3154
3338 6491
5603 227
4464 2738
5570 3096
9657 5573
6914 889
1789 4075
7356 4529
1557 346
7093 4607
8811 7230
735 4056
1522 9877
960 180
1981 9303
5287 2616
6149 8017
5845 9520
4894 9419
7755 5528
5967 565
668 2755
1359 4995
9909 7782
9938 1432
728 4582
317 1743
6393 8103
1001 2115
1072 8205
3884 9655
9427 3389
4663 6460
1085 6602
737 1157
9216 5278
2289 4011
2361 4406
6060 9839
7925 1817
5119 367
2983 3229
7571 9344
6066 3176
2546 6146
9840 1459
506 2591
8531 5374
8112 7079
6602 9039
7185 9715
4064 3561
7520 7266
7518 7191
2026 5734
6016 2939
4347 5417
4756 940
6944 3737
3748 5908
5217 6200
8415 1525
6331 2867
3107 826
3652 7171
9201 7917
2443 9337
5007 9914
7117 281
4784 597
7303 9039
1301 9028
6962 9421
7199 8694
677 3266
2679 2905
4278 2583
807 2942
8175 276
7305 6531
3980 8269
1677 1216
7325 5915
5247 2604
6570 8775
3661 2897
7499 5103
3910 3685
3841 7466
1457 6857
1757 9818
6612 3584
1543 8220
5998 2427
2639 1679
7488 4887
1440 8187
1644 1270
7834 3914
3665 1260
2359 597
7736 6450
4080 2073
8547 8728
7182 6105
5486 2844
9170 3328
6482 4923
5671 4155
6595 9959
5187 3439
3702 9300
9412 9214
2238 6610
7097 6985
2814 185
5562 8613
7698 533
8773 8157
9852 3178
5733 3638
5392 5300
765 3607
7362 9379
642 3305
954 4823
4562 583
