2449
50
7161970
60 44 47 54 44 49 51 47 54 41 50 43 41 53 49 48 57 57 57 50 43 48 54 48 46 53 53 56 45 55 58 44 40 56 42 50 55 46 43 43 41 40 60 57 44 50 48 47 48 40 
-114448 -81505 -103446 -120967 -98144 -106253 -117536 -114894 -109646 -98853 -109327 -83621 -75950 -108595 -104947 -100912 -113702 -118342 -128178 -90905 -86202 -100538 -106616 -112913 -105357 -100220 -116717 -108903 -88351 -118658 -136681 -109952 -76050 -107613 -84927 -120886 -112459 -95446 -89930 -86106 -83261 -75962 -112451 -115366 -83352 -104766 -92779 -107189 -92985 -96242 
103502 90794 115619 128923 95882 97178 108580 99294 108221 89091 114296 96147 89808 107896 80476 93275 127692 116292 114366 108916 85859 113953 112492 101795 97208 103675 110780 130213 93454 118697 104156 84394 88562 129705 94822 107030 119212 99961 86606 87618 86387 74971 128999 128559 90758 112141 106182 93471 89996 92646 
2569 746
5789 1985
3811 6017
9510 156
4119 4183
4176 4245
5784 6407
7169 1141
2270 260
3129 3066
479 2751
6934 4690
5164 3531
9989 193
4231 5232
7092 9477
2699 6506
6280 1224
6647 6138
9939 4223
79 7216
4728 939
4786 1718
5168 6413
5677 8812
824 7896
5986 3431
562 235
1658 3785
7342 1816
1636 1233
2378 5136
9479 1127
5340 5723
4921 775
346 6386
186 1227
7633 6579
2065 4274
7497 1202
308 4488
3111 8027
647 6732
8806 7514
5131 2694
8558 6473
4762 1026
672 3421
8375 5359
8722 263
2533 7579
4577 7777
2215 6534
4481 2111
8168 8934
1063 659
1710 6666
9679 2021
2404 5262
4416 1146
9378 3025
5657 3564
5523 8025
8459 1257
8440 8625
1509 2403
2955 8127
1669 7577
1483 8692
1122 4314
2491 6296
9074 758
319 8506
7673 4738
9138 3785
6205 1605
2417 9946
869 1736
9948 9633
3660 5258
2735 7073
7942 6969
4137 3242
4554 7889
7321 1532
258 55
4005 1247
2667 2539
3735 4966
6873 6906
2971 3793
40 3874
9454 4482
723 4602
843 2996
2204 7409
952 2376
2200 7918
6667 9091
5901 988
6541 1312
7895 8574
2598 3493
5642 1775
6923 3511
7301 9986
5011 2318
6361 9530
4279 3339
5774 7335
6597 8152
3647 1125
638 980
8848 7723
5959 5914
9812 3942
1889 6753
8860 7012
8977 3569
3644 5045
6226 2640
2207 7548
9681 2752
4380 9555
9437 8706
3033 2608
8994 8141
7816 7900
5374 7368
6324 5274
8731 9327
2902 2610
4570 1644
5313 9219
358 5862
230 9032
7623 5296
1017 9806
653 4605
4020 4987
8851 8184
116 5744
8217 76
4080 8163
6110 5643
4603 1551
8009 5423
4879 7621
732 2864
2306 5807
8525 9013
9095 4094
1716 6973
144 5665
8323 2022
9768 9855
6437 2586
5061 3101
6426 5707
7632 6156
8279 805
3595 4899
5100 964
2430 9651
2676 4043
6889 4112
9831 3565
7946 8570
2324 5556
4307 5161
1926 9991
4920 4896
7491 8362
740 6621
2919 9709
3761 1179
7139 3701
6462 5572
1183 5687
9162 1983
6932 2588
2235 3014
7738 3716
9898 7780
5910 3372
9584 7215
6273 9251
7737 9921
8805 8010
9842 2884
3823 5062
6815 5024
2782 6279
736 1304
1214 3130
4674 5836
2894 5968
8279 9602
1606 9690
9669 9868
4461 7691
3828 9732
7163 4628
5527 714
46 8943
1573 8479
5749 67
7614 8964
9209 671
1644 5067
8972 2075
2267 6639
8331 2632
3557 1076
7562 8361
9442 7290
3646 1615
8415 7214
2945 192
4997 804
6116 4055
6968 8741
9017 2910
9690 7817
3485 4351
3875 6982
6301 4337
4727 426
505 6501
5091 7097
7668 981
3462 4744
8179 6814
2758 7456
7825 3552
5123 9928
855 709
98 8328
5852 9865
8580 9007
4885 7386
9768 3835
7358 8408
561 969
8940 6370
1877 1334
4152 3794
3882 7424
3512 9639
1941 6163
3762 4828
1590 7937
2929 614
8561 6221
5713 5991
1419 1404
3915 6963
8689 2394
6797 1540
2478 9942
2637 8997
3487 975
9328 6910
3977 89
4446 8727
2163 9627
6864 3047
8300 8264
8698 3851
3297 9031
5620 1163
4980 8705
5668 8317
8551 4407
6023 5369
7484 7898
6354 5258
7901 5474
4148 3219
4660 3278
1436 4792
6648 74
1753 1365
5356 894
6859 4699
8829 5910
7772 3451
6435 1718
5762 5236
5098 2880
9242 5497
5370 4537
2049 962
6495 5570
4288 1053
6726 5546
3099 348
1019 6812
3463 5946
2371 4771
218 1571
7694 4034
4184 7377
2078 8065
8166 1732
7173 5114
8465 677
7220 5720
4602 4969
9030 7366
1910 3189
214 9457
6101 3375
632 921
1164 395
9990 1965
5928 1121
8930 3747
5210 8062
2178 4747
6890 5620
9533 8989
8514 5650
6489 1968
1668 5033
8568 9325
8914 4605
2212 921
7149 7560
8873 2407
402 2976
7655 9863
9708 3241
3807 8127
9172 9154
8798 714
8651 6895
2216 6917
221 8556
6363 6493
9643 2523
2203 1376
8495 4773
2784 1985
6337 9531
5401 8763
2058 2882
9225 6491
4997 7032
4847 3714
8392 6561
6328 4058
3566 300
6109 3323
5550 6829
9693 7621
8578 1014
9165 785
7030 1496
1270 9571
9604 2938
6813 8736
4499 7454
7754 9661
8751 6209
8268 6459
4536 2246
6547 6866
4171 3950
9978 3122
6273 2859
1829 1993
9141 6082
6094 8064
3261 7594
4412 9257
8278 8052
4586 1143
4590 1765
1485 1979
8796 5979
4170 1160
8868 2987
9833 2573
7931 5087
8672 8178
5200 4390
123 7398
2619 3559
161 8312
1192 5689
8024 7768
9548 4483
2089 6099
7058 6563
1804 983
9261 7481
2059 9140
5629 1364
4014 7554
7111 1839
5712 975
1945 3152
8827 4685
553 2840
8570 9634
2352 5496
8195 4458
129 8882
9334 5492
1119 7973
800 2041
2275 2896
3865 3643
4822 4458
1735 6618
7527 1619
6523 2820
5613 5033
2947 5349
1521 7686
4261 5326
850 8373
7740 5008
5114 1900
8365 5983
8490 4323
4976 2756
3526 9825
9992 956
8568 4171
7692 7659
4609 4694
4527 5145
8255 6011
3868 189
6115 2268
812 1000
7037 606
1552 6822
68 209
3146 1875
9010 1187
9139 8668
5186 1144
1171 4315
8826 9351
54 7203
3204 6998
6221 6757
6209 2013
6610 8507
8210 1634
2381 9544
6538 1405
5048 9097
367 2836
1718 1973
8457 3580
6149 9077
8262 4429
2824 4729
5997 8383
4272 8105
7422 3188
2132 2573
6609 6997
8415 5116
9886 9060
2537 4222
7267 1598
1686 4840
2477 9888
3893 2726
8921 279
7331 8463
4196 4120
581 14
893 738
8750 2038
9253 5284
620 6841
8876 9323
8953 1381
8451 5233
5920 8183
9367 8933
8997 9411
3789 1860
9397 8025
9085 3330
3359 2446
8641 8525
6684 1340
7173 6855
6541 7173
8096 7419
8312 9851
1796 8738
413 4713
6726 3391
6933 1211
3677 5804
5660 6290
7763 5384
3904 3915
6905 2401
604 9982
2055 8090
2667 7055
1566 2970
3967 7566
9922 296
5354 9494
6279 354
4857 1646
7364 2700
4712 8152
7829 2954
6808 3063
4169 7994
2913 4801
7150 8360
6836 9524
4753 4299
7616 6219
4183 6286
70 5831
235 9820
9822 5996
9988 5569
3047 3604
2138 6898
4234 7279
7966 2679
3122 8241
8389 1200
4835 8630
4130 1570
4685 2069
7193 1451
8572 5978
2324 7273
5564 4582
2785 9542
1790 7812
4483 9811
14 5077
3216 6878
7520 6885
251 395
4884 955
7015 7577
1605 4679
1549 2859
9523 9518
6914 8426
5787 998
7812 8753
3463 1126
5543 1042
8599 6646
8305 574
9892 3213
3606 7923
1248 7268
4987 5103
6542 3872
9070 2414
2471 2277
2671 6840
519 4380
3613 8731
6719 4727
6992 6695
2554 6180
6261 8603
1584 3497
6148 1124
3381 7724
620 893
4142 8926
2411 6065
9008 1688
4037 8560
2113 7943
4605 6579
8745 3378
799 3957
4286 3061
5735 5744
4178 6773
1327 8418
5851 1838
8503 1197
3219 1074
3485 7439
7934 3517
7980 5841
6819 9610
7349 6502
1288 6062
3271 561
6517 5611
1561 702
3346 3287
6629 1943
745 8732
1135 5143
4380 5849
7402 8574
417 4040
1439 399
4540 5312
819 9005
5891 703
7676 532
2207 9133
1161 3662
1617 7402
8599 8467
8916 1309
3618 7930
6085 5011
7208 9858
55 2880
5382 660
1186 6170
2464 8347
2818 986
1815 1225
771 7424
7155 9227
5675 7867
7529 2321
742 5902
7285 4909
2302 1270
7976 3330
9197 2421
9801 5665
6410 5186
1863 5160
198 4551
5481 265
1864 7705
9037 3253
4568 2656
993 8172
9229 6889
8113 239
9893 9516
1274 544
5706 4790
8126 9483
6929 2769
6936 5706
2453 1795
7908 6198
2288 5422
8270 2049
741 4743
6060 1855
2712 7903
8084 3382
8559 3119
9415 6826
11 8246
6726 2042
1630 7720
3196 3901
7619 6833
3004 7203
5381 2865
3110 6975
9019 3475
5558 3548
1756 9498
2071 1868
131 1578
5244 8058
9476 671
3772 524
8886 6281
6755 1304
908 3664
8329 9646
6340 4904
3378 2522
2210 2885
9034 1359
9598 1558
9792 1214
2390 5925
2554 1303
3190 7910
2083 304
1754 2241
6057 5602
8229 652
3239 1357
561 6117
6415 4856
2537 9993
3561 279
5348 8407
8741 3883
7849 7718
3538 8607
2165 5080
6808 889
9824 1523
8625 6564
6431 782
9676 1349
6631 8375
195 2425
2687 9117
7368 3301
1687 842
240 2451
6972 1993
1854 2414
3965 1239
9357 6828
8886 7592
6123 2816
6461 2056
3073 974
4343 1603
7113 1617
1325 3439
1289 2676
2891 9162
4836 6459
8077 203
3818 539
2052 9633
3660 7265
3875 5647
2387 8626
9754 8003
5840 5876
925 4497
8637 9911
5026 7154
82 3147
2433 4686
4718 9716
6995 693
9098 3381
7932 7620
4262 6877
1484 5562
5738 6515
8048 1260
3093 371
8678 6415
7303 6937
8986 6746
8713 1453
9795 2711
2071 3325
1991 3393
5904 1328
1367 86
4709 188
4631 5203
5858 9898
3802 969
8649 1748
8475 2891
2181 4111
2478 9351
8862 6870
5184 9371
5194 2099
4585 8504
7245 5690
6557 4125
6283 9458
4310 1019
1378 6486
3752 3578
3672 1823
698 6233
1544 3748
8583 7400
5415 7792
2762 9683
8095 3418
8448 7853
3926 2481
1469 7989
4851 7683
4148 6303
7806 1995
7570 9119
6798 5713
7307 2529
8751 3843
5475 8022
3188 7842
642 1401
455 8125
5959 429
9277 6627
1527 3874
8165 2728
5744 1887
7371 1832
4427 5397
373 4250
3998 6465
4914 8337
3289 588
3139 3277
6045 3613
1810 1766
5076 1400
5218 5286
1283 8868
8750 6493
2605 4104
4680 4565
309 2020
5646 623
7579 9085
9173 9569
3935 6140
3770 9180
4455 9793
9198 5159
2857 4272
723 7660
5648 4473
5164 1782
8827 5086
7342 516
3386 5347
1399 2089
3579 993
8371 3948
6284 4202
9885 649
6770 7491
8072 8502
9143 9110
5958 5123
7623 2516
1288 4104
5693 5471
6981 7696
1794 7935
1103 6481
9483 6117
2792 9193
7201 7572
1026 5084
4342 5734
5439 7014
5238 4465
29 3094
1590 8416
1621 1805
7475 150
6882 4780
1945 156
8526 9295
859 101
495 1381
1332 8287
3672 7130
6351 6574
7139 1865
2930 9468
3259 1770
4355 2843
3761 9580
9410 6500
8178 3081
7990 1172
589 6088
9040 1572
2814 8633
4530 7634
6372 1466
5355 833
6706 3324
4784 9122
8430 1653
7266 2222
8435 8082
7323 5628
1931 9856
3749 1239
8880 78
7502 9696
873 9254
2188 696
7906 5999
3861 1195
6125 6937
9808 2406
4895 2994
6237 9901
9798 577
6958 2040
4964 286
3755 218
9700 7265
1678 508
6032 2739
1036 3685
786 4768
9997 1080
3575 1773
2148 3650
9981 8472
8936 7909
181 8294
9560 1466
9780 7596
2903 7912
4095 6697
401 132
4318 4566
5950 5128
4624 5347
2606 7166
9905 140
766 5860
6905 3333
8194 960
8572 9323
6760 2210
3172 7593
2391 7813
2191 3263
5639 4051
2635 3775
4946 1989
4390 6455
8550 7125
9741 8867
856 9275
7169 6355
9383 6818
6079 4308
3516 6011
580 3345
3635 4420
1636 9146
1316 5310
4053 1358
9414 8524
7758 7384
2853 3526
1531 5906
3457 5584
6524 9605
3760 8853
3030 8473
7767 1010
8679 795
9055 3303
4052 33
5877 5328
912 1308
4925 6846
6472 7981
3253 390
5656 9299
3484 3607
692 8114
661 1460
3173 1521
1715 655
9671 8488
2520 5242
801 3987
895 8146
3326 7195
3334 6039
3194 683
7913 7182
1139 8309
7286 4551
2670 4941
1744 9623
9879 2727
9735 6654
2977 4635
9812 1811
494 3126
93 5564
1772 3724
5480 6174
2631 1049
6039 2334
7819 4817
8381 2692
1086 61
9663 2082
3038 1429
1100 9183
4208 9454
887 2124
7393 9071
3694 1234
2393 5090
5045 4822
7949 1991
1333 5991
7476 9143
9821 7500
2013 3727
6132 8631
8410 240
5966 4141
2721 2013
7985 6791
8386 9800
1588 3431
9281 4364
801 5451
4450 6528
8818 586
7750 7422
2519 5645
5090 237
3746 739
870 1108
937 7348
4372 929
1879 9303
3222 6679
7653 9810
6394 6509
3650 1959
9925 9944
5985 4320
1961 7147
8399 5499
8124 4593
3547 2767
8938 6583
3387 9472
223 7811
6637 6293
7959 895
760 1218
4745 3423
2291 9158
3891 2177
5191 8166
88 4776
9944 9767
8662 5154
9536 825
1281 6336
5591 2574
9715 7552
3759 3039
1823 8052
9453 9566
1267 5918
3255 3036
4262 3123
6951 6518
3659 7879
8382 852
2794 4228
6821 9731
4435 5043
6584 9815
1527 1330
7375 4786
5262 9571
8354 4150
4986 4098
1643 6436
9744 7542
2544 4541
7312 9754
167 4857
26 5020
1182 7475
3385 73
8131 7505
4811 7803
1166 9884
2175 8167
252 2672
7889 494
4665 9899
640 1256
5136 6446
7977 3686
7331 1868
267 6819
2475 6959
7217 8069
6872 3370
6299 5905
4199 1391
4310 986
6924 8225
3301 8307
7965 2276
5883 8189
8215 1506
6288 9285
2198 3900
7909 7025
3426 4328
2751 2349
8263 3819
88 1756
4122 7799
238 6436
6760 9641
3172 924
8736 2660
7145 8573
7425 115
31 8898
5219 2112
5457 5379
5562 9732
7523 1560
7442 1512
4974 4942
9516 1851
1792 1568
670 1724
1231 4048
2947 6673
5657 6229
9726 3411
2558 6389
9104 5770
6118 1266
1516 3458
5158 8609
5345 2950
4443 9325
6845 3627
7652 9293
803 5779
3948 4619
5032 1717
7782 5950
4125 4596
8778 6732
9890 9461
2142 2300
9612 6322
7347 4577
1373 1273
5611 7862
9027 4677
1681 2392
9490 5174
6463 1110
8678 4807
350 9435
8384 3186
1915 2202
6628 5373
6621 5946
6142 8146
3352 1003
4940 5339
4861 7673
769 383
2370 6141
8853 5515
6165 9271
8661 2145
1966 885
7280 3486
9403 8333
6695 3957
9491 7270
8070 3281
7032 5218
3952 5173
840 5769
7971 9620
9075 4881
510 2377
6077 4349
7343 3296
9825 2220
7059 608
9517 9378
7649 1976
6902 9824
7144 2298
3451 4053
6205 8421
5503 1952
3179 502
1072 3080
823 9725
3467 9350
2095 1348
5550 2433
1459 5828
2983 9726
2965 9976
2657 370
8043 3081
9423 8917
9937 4495
1498 7055
2584 9175
3957 1902
9393 3111
1390 5111
9210 564
968 1501
9580 4217
8295 7438
6715 2150
5808 8745
3718 8694
9324 2789
8339 5928
7586 8540
5825 3259
9042 3779
2912 791
426 9184
255 9002
4439 3911
9357 9904
3813 2465
6155 7040
3177 414
1341 168
8709 4874
3793 2617
6026 4804
6750 3653
3724 219
3067 3910
2015 1244
4149 2999
5339 3305
7248 5520
89 7510
1006 4326
8567 4677
5421 3247
3285 9722
4941 458
7073 8839
9448 6403
5741 9415
6232 1621
3021 3272
145 441
1730 3058
3237 8261
3186 795
5181 897
1451 7622
1269 5795
2880 1574
6660 1329
7571 3872
6220 7135
8821 1062
8445 8447
3446 6837
7129 7058
6408 5019
236 428
5721 7548
5238 9789
3268 5159
8941 5127
1915 804
1739 4688
238 8604
6790 6298
9764 7489
2083 2112
2446 4303
9596 370
2466 3952
2109 1350
2043 9041
7548 1847
5845 2122
3432 8146
3167 2981
5397 5591
5531 9211
867 3201
2199 6906
2054 7979
6571 951
6546 3396
1109 793
6924 9484
8976 9899
9098 4586
8098 5432
4288 8146
9831 9999
6382 7959
9023 2293
3818 5302
7009 2232
2474 3904
8281 7908
5833 1759
1687 2642
8839 10
1757 5835
1838 3406
823 8756
9684 8351
8067 1270
8514 7712
9585 2008
5281 3114
7691 7322
1333 7970
7148 224
3439 1425
9374 3399
381 9527
9165 94
473 7317
768 5587
8867 6958
6367 6281
5721 3038
7778 8060
6351 7583
4905 2657
9883 4320
6212 3993
8193 9558
1234 8834
901 9837
1683 1696
6251 4682
166 52
3223 2543
1166 1517
4273 4805
929 6584
2030 9496
1409 6359
4533 878
9092 6306
5001 5381
5593 7932
5764 879
4007 7469
6190 4657
7025 7508
7046 5500
5529 4029
674 1086
7947 8676
6248 5720
1067 629
5647 2898
7371 686
4631 874
3763 7427
239 9810
1521 7093
4368 8031
489 3963
16 3552
5390 4009
3958 7566
5712 8721
6312 9172
2855 6927
2677 2519
9713 6600
8558 5175
6038 9776
6576 5109
2990 9666
4360 1339
5904 4531
8732 8366
7174 9361
6940 6481
2864 7792
9053 5963
338 831
2585 2678
6643 1045
7591 5338
5890 9856
1187 7472
6844 2059
3291 1931
8074 9509
3256 3987
4337 2565
9763 2275
9460 6616
3900 3264
5556 9773
1658 2784
102 3480
155 7143
2533 3322
893 6526
9464 9630
761 9231
4326 4597
4923 5925
7845 2164
3186 7759
8514 735
4886 5101
4791 6075
7519 3962
7348 8123
3209 7706
5837 3302
1380 6377
5607 8865
2462 2494
806 1768
8351 2025
2687 129
338 1815
8673 2636
7555 6103
4195 4180
4413 4281
2537 2577
7571 6769
8004 1071
8831 2148
2645 3039
3594 7119
5195 9490
2733 1736
3377 3271
4722 8912
3144 9140
6581 2444
6708 9233
6579 5149
3730 8939
8393 8296
1813 6674
7632 8804
5169 6520
8824 81
8639 6455
4889 1148
6208 8441
9168 7165
1142 6874
6053 4478
2145 8377
7950 4078
2149 1373
9787 5403
227 4784
1208 9528
5399 2253
993 3415
3908 1718
4886 2573
7176 654
13 2486
5808 5318
3207 6618
5525 3520
778 4536
6315 5817
6055 7558
4272 6924
5716 6611
7139 8393
9179 2779
5080 8617
9649 6997
9325 2133
1089 1386
9110 140
2341 8727
8552 741
4094 9858
8255 509
9008 4364
3795 7038
6671 2838
7429 795
3047 7198
9543 4504
6343 7494
9017 7952
9605 4241
7770 3398
3528 3255
7784 9240
1772 6692
610 4553
4845 3914
6114 6140
7927 7395
8129 4239
3203 7282
421 1997
4703 2647
7029 5460
4874 255
3317 2717
7983 5905
6872 6030
4951 4798
5342 3754
3657 3657
2599 1381
8920 7042
8557 159
6728 1636
2328 6621
4035 3152
5279 288
2236 4268
7855 4998
3375 3749
1466 2186
2852 2830
9449 3659
7116 348
8863 8423
2838 4435
4874 597
9183 210
9494 1057
8433 5151
8329 6288
9056 2945
2952 9965
2259 1397
2497 1941
1982 6789
6548 4225
5385 7592
8187 2801
6386 4006
8278 1049
5420 2474
2022 2367
1505 5579
6381 7087
3152 8437
8537 401
6477 1316
8886 2900
7495 5061
6222 1542
8400 712
5736 3052
6252 7112
5064 6156
4757 5746
9267 7153
6839 8564
854 7881
9494 2845
8232 7874
574 3341
9092 7550
4731 3684
8879 2754
4721 8217
4491 503
9760 768
9433 970
9340 4434
5938 3986
1287 3887
6789 6401
9418 2608
3651 6558
5632 4739
8593 9332
4131 2407
1333 5099
119 5103
534 3942
7568 1572
7692 9355
2085 7161
9325 3061
2871 2772
9698 7971
3881 6745
5639 8968
6437 5154
7447 4246
6256 2851
3952 1955
2383 2262
1425 3383
6685 519
1949 1176
5450 6043
4112 9572
8294 7211
3516 846
4150 7349
1665 4100
558 3276
6406 3922
1528 5176
9207 5894
4385 221
7858 4782
2472 8681
2587 9466
8064 8376
9641 1913
2396 6106
2777 9518
1157 1146
549 8938
2322 8812
8633 8192
5103 8369
2788 6623
4042 9381
6277 2743
8838 7780
6951 8045
9230 7461
5538 7458
9928 9124
8982 1564
2599 4683
6365 530
1451 6370
9215 1528
1667 5093
803 6766
5307 3358
615 7229
6355 6423
291 8297
4697 4025
3478 5381
6546 7037
4248 4181
6825 8035
8072 8962
1537 3514
5791 4543
4019 427
3868 5282
4404 4520
176 8384
8374 4980
9067 9098
731 963
6707 6061
3952 3405
2111 9926
1930 2481
5137 1897
3361 8189
7885 7012
1671 9610
4457 3424
5035 7666
394 569
4392 6886
8203 9497
3187 5649
675 1828
2808 1889
8321 3283
1622 4064
5419 3005
1013 7141
7443 2604
1444 9237
6041 4247
6641 3247
1669 4643
6310 4806
9121 4043
2379 5457
5322 9808
8519 7004
4613 1650
4470 9129
5782 580
3523 5018
692 5973
8688 828
4702 3899
9861 8145
6352 7901
7793 600
9839 2776
1454 3401
9030 453
4199 5535
2410 9109
8172 3652
9290 5860
4067 9553
8489 8156
413 3718
4471 398
2032 9300
369 7735
5416 9810
3247 7397
1082 2904
2249 4897
2045 2309
6116 9922
1134 5204
5975 8684
8102 1552
1589 3881
2285 9422
6746 6385
1857 2897
4195 2702
474 8200
8472 9101
9498 3845
9640 1049
3826 8597
4221 4960
4023 3161
9566 9225
5290 972
7539 7341
5605 6863
872 4814
7314 5698
9038 5701
3812 6705
9949 266
5156 5516
9410 2188
5824 6802
2935 1536
6728 962
4301 7269
2935 6867
7307 7931
6090 522
9445 1580
403 7681
9400 7583
4940 2615
9852 1147
4109 5074
9322 9702
5721 3836
4755 6430
1533 644
8154 4655
5246 9171
6436 3697
1659 1219
4375 717
9870 2436
9584 8189
3361 8366
9330 8407
3262 4110
6292 6299
6392 158
5195 5585
3044 5407
3525 5372
6287 4160
6327 6214
5986 3425
9771 8392
1778 5547
554 5592
9692 7345
6393 3675
2210 7071
1479 783
7931 3098
3430 4061
2830 9674
6376 9713
1626 97
2198 8780
1379 373
4280 5565
1530 7973
9207 8201
1037 600
358 6818
8557 7391
8262 221
9320 5193
681 764
6217 8032
1609 697
5214 3668
6703 2662
4549 5352
3958 2146
5120 6280
5184 6666
2369 9677
7238 2481
9960 7090
1631 43
8559 9070
3400 6138
5540 617
9209 4725
5063 3954
76 9748
490 7136
7530 6321
6845 7482
4819 7369
9550 6254
8670 2069
4468 6706
5726 414
1118 1025
3372 6043
3785 8405
3586 5173
897 2558
9398 8857
7055 1050
69 4913
8969 59
5754 2705
9304 3150
921 3472
9401 9773
9103 7189
9068 9321
3146 4733
433 9898
6832 9614
7087 4303
1132 895
6850 2688
8083 616
2660 4146
5938 3892
3150 9942
5267 2986
9046 5460
2515 4378
4274 8644
2563 5632
3913 1713
1972 9203
8750 862
1866 869
459 6663
8230 9601
3511 4579
522 8711
693 2661
9360 6558
6498 6139
7250 7928
9140 955
8832 6137
3018 9961
1556 2771
5473 4469
8914 4825
4233 3608
7036 2500
8908 2499
5015 7915
3139 5918
3652 8847
3349 4871
6522 7862
2987 302
6539 6990
8562 4660
3703 9039
7841 1815
1587 3176
4797 7734
4213 2398
9567 1717
3169 2363
256 2337
5495 4500
1903 1614
3366 5324
3795 3886
464 4320
366 8883
7691 8879
7814 8152
6633 4003
2067 8631
7084 3846
5148 2396
6443 7284
7860 3790
9489 3268
7232 2150
3310 5706
5739 5103
2751 3700
6850 853
4676 8244
7187 7603
2853 7675
2579 4476
8236 4171
2302 4606
4131 3244
8494 9915
5332 8083
6537 1050
1944 947
2525 4145
6753 1593
5889 2238
9563 3777
2586 3214
3329 9901
1224 9056
6060 3390
7884 3055
1646 8011
4444 922
3179 9213
5951 9475
9824 927
2005 8057
8336 1929
5681 6277
2167 8572
6722 469
1221 6956
8423 342
5332 4700
8469 236
3043 3010
8579 6638
2688 3476
78 9662
5980 4501
7422 2158
1470 3704
6497 7502
266 3506
3129 3140
1105 7210
4858 5841
5187 3305
3158 9083
5687 9362
5329 7612
27 3082
312 2103
8042 7237
7770 4768
4334 9269
5665 312
6091 2947
6376 3253
3149 8460
3947 2484
4239 3920
5948 7545
2898 8516
2513 4671
6475 2210
2464 6856
8339 7711
2473 8616
864 1519
788 2331
8779 1179
9719 8327
1624 9557
116 4940
4579 5611
5072 764
4929 1292
8574 4044
7947 8219
9314 1454
2912 2766
7721 4852
9391 5545
6632 3356
5740 506
570 8123
6017 9140
7634 758
3383 3599
6689 9949
1693 3701
9225 6402
952 7700
6324 8186
5934 4320
3053 5587
6171 7643
3571 7333
5553 3460
3385 6177
7133 3417
5066 710
7987 2445
1997 1523
411 2820
7912 2219
3448 1069
7229 3719
4393 1785
9880 3264
9573 1244
5744 2333
431 2879
1086 4062
962 8270
5152 6331
3361 8036
4708 3017
4114 3712
7553 8285
1577 4661
515 715
276 1968
2826 4870
9973 424
669 3197
549 1477
895 5010
5553 5461
3796 1649
244 4769
9298 646
1955 8832
730 6578
5327 3290
4660 6103
8305 7416
4353 3103
5449 9351
9669 589
5439 2487
385 3098
2000 5438
8566 7129
6999 8049
4395 3113
9930 5383
9774 6720
3503 9313
3290 7686
7362 6643
6471 5001
7457 3957
1241 8840
8050 6098
1451 3618
76 7310
8901 3111
6971 2653
1134 9270
9929 7395
1371 7997
589 6929
7068 5476
5403 273
8424 1324
2577 6719
4477 5166
6932 533
167 4715
910 9236
697 3676
8890 4170
1882 3195
1016 3627
8244 3929
8411 7494
2099 9153
7416 4596
4707 1672
1285 1403
6294 5887
293 7173
3655 3564
4003 4896
1098 8399
211 3976
6652 7081
5593 7383
9290 9605
425 5047
9895 843
3376 2005
7258 732
2435 1732
432 1123
8452 6953
7790 5123
9017 9137
1840 4647
8829 6140
1361 6068
9431 8023
3217 5661
6421 8889
2751 6034
2798 4772
8990 9768
1784 6415
5553 3895
2173 2505
1957 8983
3359 8546
9877 6606
3693 8619
6022 2518
6518 5404
3557 3936
3348 2695
4954 5891
4964 1598
9033 6338
2669 4328
4417 6982
3844 3738
7487 7782
7803 4402
8148 7052
958 9118
6736 1001
4537 406
5684 9663
3461 2592
8843 8965
2687 1445
6218 1380
6889 1918
3352 1629
2760 8275
481 1275
2809 6932
4489 9582
525 5904
49 5452
2351 152
9188 7642
3668 3804
1706 1266
8875 7631
7115 352
8266 6879
31 3946
1360 8969
9593 8931
1962 7481
4538 2001
7818 8873
4102 143
1664 1628
8420 3630
5601 3692
3714 8118
3084 6091
6100 5387
4469 2142
5402 1550
1958 1449
772 3146
7688 8856
3164 9043
6514 6301
2301 9885
7014 2008
3831 4313
7484 1475
4332 1005
2615 493
1337 4438
170 7895
5912 4639
8766 5717
781 3473
5553 7469
5193 5488
9765 5777
6557 8353
3267 1698
578 6406
5546 1268
5420 7825
2524 8793
7045 1682
8339 8264
3500 5366
6606 9604
7725 4261
4291 7511
1487 1505
259 3872
6756 2717
2753 2743
8827 2346
2340 1913
5294 4338
9342 6056
9421 1871
7674 1001
1815 5694
5825 7885
3812 8053
347 757
7961 6417
6284 4054
1161 4840
7621 5916
7078 9816
7952 9314
4413 7935
4106 7568
1701 6785
6019 7892
1933 76
3818 4257
9752 5336
6119 207
9042 528
5425 6118
5140 3737
3374 8687
1933 5353
5029 7481
3855 8059
8227 5182
2579 7112
6026 7754
5685 9192
6608 1886
5736 9654
1191 6296
5470 4248
2199 4396
2633 8728
7712 7935
7523 9544
4197 7454
7777 7532
6854 245
3316 1125
8253 9024
3598 5506
8942 9282
8419 1408
4791 1024
4683 796
4375 4814
290 3566
493 968
5272 9554
1189 3540
2145 1389
812 4858
961 9253
4686 2288
1216 5357
8910 2307
7002 7444
3832 603
1752 5720
7170 7781
5904 4121
7509 6165
3305 8358
6677 9499
6827 4906
2434 1601
4276 7139
2504 8206
4959 2037
7591 3102
6345 8780
7055 4309
4357 3778
147 5715
4179 5826
1730 4437
8212 60
9653 5517
8243 1393
6922 3947
3094 9309
7711 4623
6557 3777
1289 4490
6203 7538
6578 2580
7793 5489
9279 8946
9020 6722
2072 3245
9657 5714
9665 5902
1041 2086
4834 2527
3376 4005
3818 6165
4431 4663
8921 7625
2554 16
5679 7707
969 4071
7010 7918
7614 4550
6503 5138
1755 3213
742 6183
5611 780
1637 1088
5900 3942
7705 5341
2716 8271
3180 5251
5854 9819
6368 812
8807 6316
8417 5731
1535 8699
8780 2363
7880 314
3864 7603
6165 3064
1533 302
9055 571
9619 1232
3185 9508
3886 3282
2976 6703
3281 1701
437 4675
6944 3250
4305 2800
5807 4242
7607 3551
9105 3821
7169 3201
1766 5026
6667 4381
8562 8101
2219 4903
190 3910
756 8981
289 3589
8107 1350
1798 7140
7405 4789
5732 1350
1870 8225
9800 6093
6682 1399
7974 5735
1863 4514
1483 3224
4493 6625
1852 1084
4650 7967
3224 1913
2634 9529
1032 2488
7601 3193
6637 1838
7329 6770
1132 9820
3395 6207
9479 5875
3663 3101
269 2581
9339 709
2706 6174
2152 1191
6447 2787
9025 5290
7906 2798
8350 2571
7685 7886
5653 5252
4306 8416
5544 2657
1104 6790
9812 8291
3643 4362
6841 9321
7607 4179
4725 3566
9197 6104
5543 7497
7989 4542
6561 8194
8548 9701
7619 5233
356 6009
5078 9986
8980 5882
9834 2708
1097 1773
9735 5593
2584 1956
8096 8085
5427 3332
1345 3293
8131 1154
2524 7677
9424 6161
267 7279
7413 8018
2017 9788
4734 3182
7478 5502
1133 5625
3322 1530
5806 133
