2474
50
4946908
53 59 60 50 51 45 47 50 41 52 46 54 45 42 55 59 58 44 47 50 58 51 56 52 48 44 43 45 42 56 51 49 41 47 43 40 41 40 47 57 46 50 55 54 48 59 53 48 47 55 
-23970 -24687 -23840 -19446 -23662 -19738 -22786 -22901 -18092 -20437 -18665 -20503 -20438 -15897 -19570 -20217 -21841 -19694 -19216 -17601 -24248 -22864 -22725 -21626 -18060 -16621 -16632 -18394 -14224 -23340 -22005 -20968 -16011 -18228 -15977 -15383 -18557 -16872 -18547 -22788 -22695 -25087 -25549 -23135 -17536 -25256 -22504 -19981 -18184 -21258 
30546 36637 32327 26439 31820 25339 30072 34706 22343 29398 27945 29722 29757 28303 31074 41138 36383 27286 24342 23626 34526 31917 34187 30454 28762 29966 30442 30248 23262 36856 29364 27419 26016 30028 28348 29174 22812 24053 26208 36689 28699 31156 33246 31295 30233 34745 32406 29486 29273 35403 
7176 7010
8203 3685
7287 885
7399 629
2453 712
3546 8508
5689 7345
8951 1333
5177 5623
543 6869
4453 4519
2512 794
5665 1628
3697 1326
9971 9824
5251 762
9043 1159
403 3777
6629 3273
8426 6376
2865 4925
9099 6790
9534 7398
2354 9770
6042 2660
5338 4606
6961 7959
10000 9412
6438 4823
3186 6001
5273 608
3688 7955
5548 6451
593 2847
7215 8429
2965 8937
3813 3504
9347 5906
1232 2414
6052 6713
5815 4690
631 7124
7247 8373
7753 4015
6470 7825
5795 1134
6787 4040
4338 2478
8773 1287
8212 1480
193 3908
8555 2335
1907 4446
9886 9117
8660 9628
7277 6314
2804 8387
2449 639
5198 9203
1193 2676
6936 5878
1667 8680
5499 2482
2113 2908
2404 1554
5941 2319
5836 4444
8920 3147
9613 6812
2669 3769
2358 7072
561 9519
4206 8806
5725 4581
5697 5206
228 3866
6557 9602
7667 3072
6255 9052
8093 5087
2304 4218
9611 3951
8957 3917
4679 2112
1930 1783
8719 829
6752 9127
4275 4396
5958 639
9437 4472
4591 5211
3256 920
5627 3831
4271 9415
9417 3355
7596 3227
8312 4037
4095 9293
3372 5679
4896 4787
1714 1360
3087 8595
1340 964
112 5726
1995 3200
6337 3437
6146 7958
9899 5199
3267 1804
6478 8639
2656 2188
3746 8491
1674 400
3517 7810
6700 5887
6819 5815
4085 4242
6601 2655
5370 5410
6236 1167
486 7659
4847 2959
8467 7214
5760 3304
1365 9661
1636 5207
1119 328
3425 6602
465 7970
3297 7859
8379 4296
9639 2150
7917 586
4781 4525
1411 3033
8831 9682
8210 4239
7682 397
2793 8530
26 1426
2463 8519
5604 4975
3308 2913
558 9779
5798 902
6277 1141
1206 1447
667 1989
5554 5717
9114 2180
6666 7410
251 3596
4666 4590
4695 4620
4376 8665
3508 7381
321 2673
4279 2346
5529 3318
9227 3952
3118 197
6027 1896
3724 3630
6891 4367
9896 2141
9321 4704
8093 2653
5102 3629
4244 4015
3593 4219
6529 5435
8766 5682
1904 975
1499 8558
6840 1657
357 4848
9870 6704
1490 8263
2138 4482
3834 4094
5600 5906
8674 2267
4296 3632
1124 5087
4075 2643
3584 6242
5946 6238
5562 1037
3127 3861
5433 5112
207 372
2479 1659
7968 1294
8635 7207
5065 4713
5016 4154
9040 9993
8492 3067
6821 5192
1903 36
7469 3415
5038 973
802 3022
8764 9477
7057 2435
1893 418
244 7724
6826 2441
5602 1574
3056 5917
327 96
1953 9161
5539 126
9599 2866
683 8006
7848 5354
7521 1950
1523 769
7939 7951
3086 8789
9793 3824
3753 8451
5873 9767
4659 5861
3777 3432
9336 2976
8245 57
5852 3469
6094 3555
6121 3314
9377 5033
79 2235
6806 2915
5974 2170
5844 2239
4916 8136
3873 3950
9348 3824
7676 9485
2213 1868
9947 5956
2184 6344
3334 7850
9637 9770
6395 7479
7752 4830
5928 1846
3666 1181
9678 8150
1302 596
2822 1204
1495 4528
6320 8903
8596 7015
5194 3161
7939 933
9369 8731
3965 8537
3614 4754
6618 8453
8148 7562
387 6503
8750 5851
7150 2991
314 6190
4868 9085
3044 9351
9254 8475
7630 171
6675 6912
2392 9393
6642 222
1663 379
1247 3557
4299 886
5731 3770
2811 3243
3838 8029
3566 2896
33 3597
4135 6272
6820 4384
5310 5847
6905 5129
8155 1112
9382 9942
9600 339
206 1445
8852 3974
3072 8503
9391 5074
342 4699
6543 4143
680 889
3455 5674
4302 6166
5231 7187
3965 6334
4689 8260
6282 4291
9045 1284
1641 3688
5223 9452
6081 4054
8693 8771
3033 693
2755 4785
5394 266
3744 2092
9277 8870
7927 4400
1474 7818
7191 6446
8823 855
6901 3689
8834 1523
9809 4248
6161 6553
5663 4440
5477 9299
9025 6086
9924 6845
3854 5114
6867 3476
7516 3451
8106 1194
1021 4719
4617 412
2850 1411
6313 9192
6765 3288
9626 5971
9048 7083
5763 8406
9288 7224
3078 4324
8719 2633
339 8038
4027 8110
6713 5789
9565 1529
8664 2550
7266 4778
1615 9200
5856 6817
9561 6338
3492 8635
7824 2139
1147 6435
1350 5877
6994 122
3786 2628
2926 459
2370 2751
8847 2773
9040 7986
8397 7570
1930 9145
6145 9720
8372 563
3381 5095
2658 7972
9316 6950
7549 5529
5398 3372
4320 8912
5883 8994
1410 8703
6465 1282
1762 8191
3634 8211
2404 910
1072 7064
6176 3158
8097 8569
9019 1609
795 3724
2859 6220
2607 7174
8353 6810
2843 4026
9629 9469
8431 1595
3508 955
3399 8408
9425 4356
3367 4270
9337 5319
3122 7254
1338 4226
9077 5769
9737 3811
2230 6271
1875 9825
4034 6371
7050 2546
7718 2452
7640 8884
553 3873
1810 9641
7943 4621
6588 3018
1960 6715
4980 3779
9633 6715
7747 6631
6497 416
8670 7426
2763 3019
9948 9124
7871 8497
9421 8934
9739 160
7832 9946
6881 3101
4658 145
7800 8033
7890 2560
7949 6175
7927 8049
1433 9431
6596 8316
8218 5900
8016 3897
3447 2800
1248 6664
6364 8641
9057 6448
273 5927
6268 554
4231 869
9034 2564
2321 3955
3217 6506
8536 23
4423 9466
4932 6542
6873 3868
1268 5974
2388 8351
5195 2306
8360 2491
9985 1764
3103 1215
6365 1670
3275 4598
4317 6686
1314 3148
4234 855
5452 5051
9405 5893
8487 2830
9393 5619
4777 528
2694 107
45 4456
4775 7104
2221 8129
3654 2000
3629 8226
5851 7787
8382 4929
7456 7139
5895 2263
3991 4007
9669 817
5049 1052
5753 5197
5265 7404
5753 3585
1895 9226
7623 5398
9134 5164
3694 5580
3362 3792
9068 4114
5013 60
9756 5296
902 7028
1894 5392
6212 1448
399 9801
2828 2120
647 2278
7763 448
7215 3198
384 2941
787 4385
1561 476
1388 3085
9242 3425
9152 8967
5632 1026
8127 4201
401 2160
9270 5272
8817 6015
3142 5181
2306 4931
6238 2714
2439 3316
25 2026
667 8690
191 2599
5470 8476
1934 8172
9512 4673
7947 5274
3754 2074
1533 2142
8284 691
5743 3136
3167 3173
6243 8657
1865 9179
8948 8900
5128 275
5477 2590
43 663
7701 9998
9075 4786
7019 8981
7629 3935
6154 6860
6463 426
3991 1657
7489 5276
4537 3106
2504 7366
8813 9855
3700 5491
3806 3127
8623 9834
3874 3490
1785 1956
9454 9272
8003 6507
4613 7812
8778 3169
1602 1125
981 4089
1499 1995
4100 6565
390 6914
3328 5705
7848 4115
6337 1865
2320 6872
5365 3572
7245 5554
7872 4219
884 9918
2213 7829
1576 1501
1632 9091
5929 2921
6575 7522
6348 2162
9893 8815
6009 4956
5479 6339
4849 6349
7721 7221
7594 3102
6821 759
7947 8127
504 9856
5993 7237
2499 5582
5273 1832
9958 265
2913 6000
9555 3575
1064 8482
2458 5489
1639 693
932 3381
4479 3284
5673 3790
4908 792
3596 800
3214 5970
7264 411
2384 7862
6771 701
4323 1062
1360 2157
247 2199
117 7091
8711 8006
8392 4846
3736 225
9558 7356
6140 1679
251 5464
7984 8073
274 5355
1848 2065
4791 1514
7482 3412
5211 6673
2300 8267
5138 4328
922 618
2919 9312
7881 1731
342 697
2392 5107
9170 4366
1339 5312
824 4871
3511 8837
4894 2105
8951 6424
2698 9704
9721 7403
9352 5819
2985 4453
1192 7461
9973 5237
1414 4106
9803 5545
7770 5249
4091 6273
5527 9608
5563 435
2508 6178
7971 1732
4960 4983
8562 2410
9388 6763
6662 8630
5786 5680
8892 8345
8200 9726
9214 7020
1692 2147
7067 6249
4557 544
2640 9896
726 2300
2404 8399
7344 3052
9474 950
2462 8798
9896 2188
2134 5845
801 4559
4612 9649
7731 1643
4276 2282
6572 5956
4092 1761
3406 715
4700 9454
6821 8067
7235 7654
7333 364
2217 679
6497 1089
1040 964
6494 5288
981 9294
2132 876
8734 2679
342 3218
7088 9461
9830 6316
3311 7000
715 5489
2271 2838
5765 9340
1510 2430
2004 8850
9023 5218
3966 8747
469 2910
299 5604
2417 7774
9881 6475
179 4679
8578 6531
4796 8029
231 3350
9205 8242
9091 2851
6515 7677
1884 8935
1281 130
6898 6438
8176 9088
4418 3772
7854 9331
4467 9138
3932 2135
5689 590
639 9165
7635 483
1110 9329
8038 5249
410 862
1299 7364
2122 4257
8670 3865
1580 2268
5797 3253
3875 3260
6995 2899
8368 7506
5238 9863
961 3010
661 1939
393 7263
5151 4831
4897 8153
7707 1595
5255 5008
7305 7465
8033 7953
4762 7086
1290 7285
1928 3169
4426 1809
983 961
2156 7006
5220 2525
6210 6615
2997 2184
6987 6335
6463 983
2732 4969
8258 1644
5782 1478
4749 9471
1514 6688
696 6770
1989 5278
8021 130
6047 2203
4491 4694
1629 5036
5465 975
2557 5306
4310 8487
1978 2449
1794 7636
5836 3380
6740 9756
5807 186
7158 1625
3683 9323
7934 8786
6616 3554
7785 4489
2051 7354
2944 4412
5672 397
3915 1358
1401 7697
8917 6476
3953 6797
148 4774
6458 7089
8274 3572
2387 9574
9334 895
129 4848
3511 7062
4112 7130
769 5436
599 7674
9699 9395
4778 9479
5689 2818
1138 9249
6682 8257
8230 3074
3796 1399
7030 5922
9484 4220
2344 64
1929 8570
2304 7538
4446 2051
9037 9335
3248 4095
3734 6159
5542 1820
2586 137
1697 5599
474 5562
6102 7894
5000 6691
2005 3979
620 9080
6609 2890
2397 9193
7581 297
425 1913
1852 7509
4982 1003
4624 9106
9417 9776
2481 6310
177 6639
1841 9963
3054 513
1531 9976
1546 6848
6964 8248
3422 1690
7106 5849
6985 6589
6282 2667
3555 5071
227 8449
5220 9130
5811 4244
7136 5760
7817 8311
4278 2853
4856 6259
5381 606
5833 8686
4588 1022
2066 2396
1814 1234
1142 4279
4765 9492
335 3463
9917 6192
7913 3178
343 5538
3334 6566
2937 7250
3177 5723
5125 6914
2518 6651
220 2488
2473 6570
408 6067
9619 1155
4982 543
1462 6620
3321 7457
5473 9523
3476 8289
1119 4425
6025 9573
4985 7953
3411 1233
9003 5378
5085 4924
6130 6800
6580 1034
940 983
9442 3453
1701 493
2602 703
3028 2580
5295 7824
2211 4179
3808 4796
9053 8851
7711 7010
8852 1872
7255 7439
8791 4470
5092 5910
9394 7288
3389 8049
9519 8854
4010 861
2805 5393
2999 5018
8823 3165
8126 3753
6848 9098
5535 6327
6529 6029
1777 4710
6716 1196
956 7275
5008 9207
2718 3443
8780 7829
6509 2316
8348 4944
4106 5589
4601 8403
875 4331
5075 4944
9290 2452
102 2613
6029 6441
7419 3473
6995 6770
6626 2123
7611 2235
5706 8061
6117 4359
1146 9964
2110 700
2928 5290
844 3137
9975 2354
6345 642
5018 959
5845 3690
8340 7535
4542 9683
9095 46
9413 2111
5640 9957
9672 9570
2058 5153
6243 3347
7435 1186
9540 9176
6330 4776
4020 2507
816 7849
1812 554
1802 5131
8988 3992
3173 2163
1735 4963
2133 685
146 6946
2511 4600
8268 926
2826 3695
7938 5650
7481 5912
9890 366
1301 7218
2372 4511
4153 4046
3917 2149
6452 1666
9671 2544
700 9318
6124 365
946 9736
2976 4790
7621 180
6975 8383
193 3117
6342 6076
6021 3098
3858 1034
1450 4208
8291 3739
4682 1022
1979 4908
6675 1392
6320 6404
6504 5892
509 5204
4174 6332
5207 2699
9387 1655
2516 624
4825 216
2263 1743
55 179
8698 1053
444 1303
335 2420
2797 9209
5504 3026
2385 3175
6051 2517
2854 7422
2890 2976
1101 5418
8254 9717
1833 994
6660 4541
2253 7339
471 1720
4409 5195
1850 3020
6120 1773
1891 1480
7325 243
5477 1430
8820 9263
5859 3463
1439 14
562 363
2279 4044
4716 5889
6543 9549
6933 8511
6532 8159
2387 7953
8945 1692
5463 3675
2401 3292
7055 6870
3018 1591
7624 3724
5539 4092
4437 2797
1033 1660
7273 8617
7382 1421
4919 9407
623 6050
4459 6701
4649 6745
7272 1438
2956 558
1182 46
1583 4755
6805 1784
119 4210
3012 5456
2909 1492
4620 8764
3869 6209
5441 4202
8524 5602
3214 98
7934 9531
2971 6710
919 5022
2479 8959
6963 2330
2720 1935
8210 7867
3315 15
9309 8154
9344 2419
1687 6118
1410 8949
8212 2127
7492 1344
9352 7672
9201 9557
9909 6188
8795 8893
624 4612
7711 7458
8921 8475
190 4420
3421 1599
2719 4467
7594 3587
8552 509
3169 7190
3863 7584
9937 94
8350 3196
4046 8852
3623 3658
6139 278
7135 6222
4701 4183
1447 4272
930 3573
9523 1643
6174 7132
2472 162
8265 9021
2395 7245
4920 8447
5965 8404
6837 7675
6990 7518
7308 8137
1259 1892
5720 3280
2343 5649
8850 8178
7696 2429
1816 282
5787 2584
8648 6273
3787 5581
2171 4387
9463 1818
9818 7692
670 7615
1072 7160
4182 7069
3240 4127
5372 3879
4936 5975
6017 6199
7045 671
7941 7732
9878 3228
1883 2903
7669 6492
817 2295
2350 7476
482 1790
2516 4137
9664 4987
2335 8313
3375 7958
7993 6354
6849 6507
9893 5124
7982 9266
9795 8002
8966 3124
6265 233
6641 7581
4189 369
9622 1476
713 106
6070 1902
5420 5713
5384 5143
2702 9930
4851 2968
548 2647
3492 4070
1017 5321
6844 8023
1468 5800
9488 205
4591 4580
1957 8226
7782 1180
5910 3492
4565 3248
312 464
6542 1991
8667 2075
1119 9650
7317 9095
3818 368
8714 8563
7138 3967
3346 7444
171 5702
3676 9042
1374 1619
3308 1119
9919 3703
6973 6791
9769 3279
7707 2951
9319 9028
6655 7272
5056 1143
4765 9352
8129 191
3125 2115
3830 6330
8207 7132
2797 943
2236 6565
5313 7827
6750 5185
131 2834
837 4744
1673 7360
6601 5754
1090 3191
6436 3924
6647 8270
4284 2774
7397 893
5640 8038
4380 7628
7948 8520
9497 6372
3469 5853
833 2148
527 2255
8308 3497
5949 7651
5412 7981
4965 1015
8536 8579
2686 3556
7521 3985
8387 7623
480 4716
2748 87
5411 2746
2592 7373
1937 1651
8666 9272
5908 7817
3450 7425
3292 1815
6039 9769
3943 2793
4579 9610
7232 1174
2794 1970
600 8456
8567 4155
7938 1884
7548 2818
4148 5162
9196 7254
9422 7989
5224 115
9656 9080
6491 8342
3077 8612
6325 6093
2398 7188
4261 2718
8371 3010
3991 4588
3540 4130
1827 1777
8489 3376
2611 7643
3471 4574
4065 444
9128 3617
5715 8814
4700 2670
3866 1081
4934 2048
2140 2384
6063 1000
4100 7501
6581 65
6590 7922
130 620
5379 7591
8750 1595
738 2513
6424 2985
2243 6647
9377 5792
1510 5012
6087 6319
4030 5850
5296 5183
8463 1511
8142 3691
1855 1403
4012 3941
2887 7038
7158 1882
1026 141
6552 7431
2203 4047
1369 4210
2326 3973
4181 2589
2900 3920
6235 7769
3760 7148
8704 9832
1714 8384
9906 3832
5230 6753
7435 6271
1604 8059
183 6617
6088 1441
4241 7443
9869 5024
7701 2966
431 7741
1455 737
720 8241
4498 5628
4086 3489
9785 8792
360 4299
8753 973
902 4876
1166 437
3083 1360
1466 5009
6051 3327
1049 3802
8699 4874
6572 3501
4478 2483
277 2292
7104 9410
3044 6046
6477 4131
5357 3092
7120 3557
9141 1600
5030 8289
5874 7136
9241 4734
5725 7623
4502 5324
6940 8995
8888 7949
1329 3830
7553 2284
1205 2845
8482 9236
1695 9025
5480 7523
3428 6196
3700 9811
1872 7037
5730 9927
8036 9214
4229 8058
5299 5351
5358 2997
3468 9455
150 9023
445 1404
2013 1515
4570 9569
1837 7462
2555 1443
1279 9294
7574 4845
6526 8807
4598 3989
6977 5563
2047 218
9886 8215
4965 8622
9985 8590
4323 8942
6283 5694
1290 2714
3760 2935
7896 9320
6306 8232
7435 891
8136 8195
1235 2282
1608 9178
2090 3898
7281 7427
6259 8975
711 4553
1508 7118
6014 6568
8306 9091
9436 9680
6521 5308
369 1506
3445 3144
9114 2926
985 4421
1815 7989
2709 5700
211 7077
810 2902
9533 484
1153 4642
2510 5789
8488 8954
5760 8459
3259 1853
9853 6554
5496 9612
3135 6332
6313 6025
9901 8749
5948 2822
3035 5131
198 7763
1495 7935
6802 5011
4568 9618
6814 6688
1172 9203
1698 6656
2492 5636
8549 4552
4072 9047
5212 5747
2607 9760
9650 4458
2077 2134
5484 2504
982 978
4737 2129
6350 3858
7779 1396
1741 3627
3845 120
7512 4359
6713 2503
2849 3572
2481 9307
5474 9563
7813 253
3482 3827
9916 922
3112 5931
337 9781
5231 5906
2958 8054
2617 5454
9443 5293
9968 3337
9641 9823
2899 2936
4599 3069
9405 2486
3456 5558
5376 5411
9411 8277
8904 7901
4647 393
328 2406
1004 4725
2270 243
3425 6337
7399 1899
8526 660
3883 6724
120 8449
615 3409
8194 180
3020 4600
272 3502
1648 8575
7840 60
3946 5216
9103 6067
117 5523
2065 2273
7220 7399
603 7291
5013 324
181 8755
1838 2348
4600 837
6587 8243
828 1503
1511 6524
1101 4145
1948 4536
5059 5001
5378 6728
8078 2905
3236 7625
8721 8896
2095 1310
4411 8142
8531 9436
5744 1797
2788 9282
6871 384
6771 4529
3638 3491
7181 147
3735 3336
8331 4781
203 6561
8859 5512
1267 5160
7262 2141
5106 1028
992 6134
951 9657
6799 2590
8683 2134
8897 9505
4272 4471
7856 9236
5741 1967
6204 8885
6500 3261
6408 6454
7339 8045
1043 9569
4887 7238
1542 9981
198 3426
1872 4076
9987 5260
5071 9287
572 7114
5937 1658
7494 8503
2363 4882
5336 7320
1139 955
3067 8918
4275 4727
2696 4498
2819 4165
3712 2846
3087 3130
9075 5957
6558 9895
8436 290
2996 9041
9050 1516
3122 1271
7265 6563
9008 6900
9381 5202
1473 6103
9484 5717
1787 5579
8506 861
9835 8785
4244 4133
3591 9803
4629 8945
3834 660
9333 7525
2859 9919
2813 652
2407 6804
7218 8240
4245 4348
4249 8349
3955 1716
5374 1976
5522 1152
20 5907
6398 8460
7331 3387
4366 2070
9549 4922
8543 831
9626 9526
1806 2970
7706 6786
7352 2122
3629 2306
4549 6947
2876 4470
5302 2781
6939 4273
4144 5078
5910 8535
2578 9790
7298 2024
5963 3419
770 3377
9520 4245
1825 2761
8168 285
619 8453
8225 2501
8433 2241
1804 776
2566 1309
8495 448
225 8697
5089 8262
7005 2585
606 811
7575 1192
8627 1813
7655 3834
7763 4935
3955 9101
3285 6930
8085 1813
497 4294
1071 748
1920 9812
3837 2057
2230 2981
5682 9921
9040 1323
793 4789
7239 519
3971 4946
3606 4236
7208 8316
6475 5955
4308 1044
6971 4685
366 3790
8468 8123
8201 9556
5267 9115
5217 3253
6457 831
5145 9998
8743 1306
8335 644
7667 3970
7490 6982
853 9915
1863 1483
5165 7001
5834 2196
8572 147
3373 2586
9130 2021
8706 3280
7947 8578
7698 8132
991 3389
1339 5176
958 6716
511 7570
9173 153
5532 6746
951 4595
2030 9208
8830 3278
9680 7790
6497 7039
259 9164
2889 9250
1788 7229
3139 6222
1623 7501
8397 1156
2020 2243
4236 4727
9890 9047
2620 3139
504 6289
1030 3203
4650 6925
4387 8457
1661 6095
4305 767
4043 9065
3083 1339
6174 5779
8786 8158
3805 5737
7005 627
3705 40
1721 1991
4188 9481
7652 1118
9794 8762
5957 479
5409 9251
8174 1794
5520 4221
9988 4824
3160 2319
9754 3837
540 1711
3876 5758
8850 7268
191 6530
2628 3856
6944 4721
9635 1791
2935 5719
3406 1297
8791 5172
5832 6346
1949 7425
9199 1625
2459 2839
2355 41
2519 9453
8757 2876
9317 5369
1875 1442
3979 3920
2089 3163
5472 6125
5016 4158
2323 8180
9733 3448
4960 8030
2139 9467
5172 9781
9165 1882
2879 2794
9735 5855
2330 5412
6195 6914
4945 8352
2851 9842
684 3954
4469 1844
5770 6154
9327 936
277 8281
6834 7556
381 5191
1684 3966
2757 7105
3994 1688
2885 8679
4026 1726
8840 9154
3791 6825
2511 2329
1056 1769
6152 7632
7855 5183
6737 5155
5024 5426
1572 3833
9266 9940
8931 4363
9931 9508
3156 6731
8290 9978
54 9560
3394 3529
8922 6932
7590 4340
5714 3862
2342 8251
723 2419
7620 8866
8541 2125
57 8246
3683 1792
3001 8739
6742 4023
7086 9960
851 8321
1887 4180
1959 2253
3330 207
5048 3053
8887 5486
2204 8432
8423 2763
4374 535
29 116
2323 5449
5465 4722
3380 6497
1948 5469
2566 6204
2546 4478
6289 2697
3337 7853
3837 3863
841 7799
3347 8827
5954 7042
2135 8844
9359 2907
8248 8552
6847 8438
3071 6922
59 504
4431 9782
9739 5250
7318 9728
6714 2579
6910 5743
1046 6810
8965 2668
401 7885
3622 8667
8489 5796
6181 870
5716 721
5733 671
2984 1519
7016 7698
5385 5972
3604 6524
7134 6981
5151 9424
3632 4652
1789 9867
1102 7022
3150 21
6866 6654
2663 6643
2547 8973
2009 5392
4096 7412
5113 9090
9637 3057
8482 8737
7591 2076
1717 7489
51 7140
2515 72
9431 4140
6920 4830
7102 64
108 6987
6874 4168
2386 5388
8810 1116
3147 4542
6467 1655
560 5166
4403 8859
1075 6232
8263 4002
5485 3363
9127 2816
6848 21
4186 2077
9474 6032
1189 2982
1830 6538
4502 2687
6435 8566
686 7295
9756 3124
965 1963
9297 918
9389 6227
9986 4072
2798 6414
5821 7805
2217 3973
9924 7325
9581 735
6296 4923
3608 3567
1943 5060
8177 2895
3523 1801
266 4954
6589 5368
8953 6199
9821 1646
5236 3530
9329 8618
8747 4434
9782 9712
7416 9451
1912 9479
9758 1080
9245 7939
4559 4528
5126 3422
1584 59
9444 2790
478 837
2973 9221
4403 7633
3207 8701
1920 1394
5628 9470
3864 3968
4802 1390
2276 1567
7258 3457
2215 3565
4400 7589
3929 1525
4036 5065
8362 4425
4223 7781
785 7531
5157 1571
7970 5649
2982 5848
2344 4003
2231 1272
6804 2933
1987 1104
9209 2553
6738 606
1696 5917
4799 316
8410 6658
776 6080
1165 5728
5609 9262
7190 2922
1100 9473
7184 1969
7017 3718
2892 751
5522 6049
1326 7501
8928 820
6006 6293
6580 1983
7472 9617
6398 58
3327 3967
1673 1752
4169 3705
6151 9146
2503 8198
6128 7502
4071 56
1197 8000
700 4559
878 5125
6795 4747
4460 7576
433 3427
9126 1052
9120 6616
8480 1829
5967 3481
3515 7434
2851 1443
4039 9105
6474 2313
9859 6197
5018 7342
8866 4721
2046 9585
4005 959
1108 1033
2074 8939
6974 6176
3772 9923
4972 320
7034 5082
7347 1124
8158 470
9913 8274
3143 5360
982 5614
5027 3537
9904 5418
5412 6473
2102 3492
3978 5290
5253 7081
944 8907
2353 2262
7367 865
9382 8678
6139 3338
6020 6474
580 3901
4956 2659
6262 9158
709 427
5137 4780
732 7997
3702 7027
5679 6060
3388 1630
3830 7872
3517 7725
6345 6125
5968 5456
7306 2186
9603 5023
946 7754
3636 7890
7500 8114
589 880
9454 9751
856 2331
5510 7818
7935 5395
979 4137
3856 4084
9209 2951
9769 8201
8115 3960
2531 9993
1536 5845
3655 483
5225 978
2807 4643
8298 7209
4373 5336
3391 884
3063 9508
3506 8845
4707 9006
7942 9425
7704 9817
5994 4214
6871 7186
8359 7039
7265 6637
8343 9164
9739 7907
9188 1083
3796 9944
9302 2551
8140 4083
9529 8336
94 7363
4803 7659
7408 5927
5987 4206
2817 570
7875 2082
8953 1255
8846 1744
4709 2331
4377 5266
3419 2525
2937 3642
4084 4898
1954 4325
3039 2563
5099 6747
7145 4170
7526 5442
9762 589
4461 2225
8991 8281
2313 534
8893 4049
6787 4163
7118 5975
5847 8480
8205 9208
4069 535
7625 7217
8533 7426
6018 567
8071 2773
6295 4963
3223 6989
9352 5624
9418 7837
6421 2715
4938 7725
4828 3391
2742 8489
9724 3763
2258 9340
7665 5122
6047 4245
6078 939
6070 6051
1799 7240
8723 7146
5554 9365
8285 4888
9848 2014
7397 6475
9971 1659
6677 3953
626 1472
9374 3911
7673 4322
5878 2279
9838 5235
3595 5597
8415 4984
3677 3898
4027 3330
7819 2519
2431 2554
5158 5711
9510 7403
4743 6970
2154 3484
7799 4785
8317 4510
1630 8008
7403 229
3968 9757
405 5115
2091 2978
7169 856
5043 6893
7549 2356
5667 5570
5700 7107
9543 4408
7396 4300
5369 3828
4925 7183
5873 3870
7063 4553
6646 5681
655 5941
1585 4597
5405 178
9732 2490
6778 7253
7673 9520
8869 4813
1053 6207
528 413
8284 8123
3297 3303
3814 5079
2353 4028
1997 4388
5718 4890
2326 6162
7014 9368
5420 3378
6608 2758
8787 6239
9204 6955
5297 3291
9719 6895
748 3706
7437 3604
7518 9156
8734 5105
9445 7842
8775 1217
1669 1222
9859 695
2582 6718
4113 2415
1710 8392
9820 4355
3219 8494
5327 8874
5399 6266
9755 3686
9257 5640
116 3431
4123 2463
450 9579
1365 732
5562 1623
1773 410
9077 427
176 5659
657 8120
183 9817
6438 7666
414 2973
6394 5824
3992 3924
7548 9147
8295 1847
4632 491
4822 2554
5032 4375
6951 9456
8383 5095
7317 600
8158 1497
8101 4546
5731 4015
2811 7860
8763 1052
8819 590
8970 3405
7631 2073
3995 130
921 5248
9426 8619
7980 8737
5095 4552
9884 6807
9621 6538
3415 9054
3583 1407
9878 8409
8358 8471
1379 5200
5850 606
3319 1416
294 7861
6850 5951
9343 6257
1803 2186
6173 6437
2332 1521
9444 6061
509 4746
9461 738
1085 7632
1982 9260
1885 4140
7830 6922
4731 8112
3644 2107
140 20
1610 439
1810 9044
5400 8112
9188 3671
1626 3559
3996 2379
625 42
9836 6857
9983 5511
7981 398
7213 7198
8846 2964
342 9824
8593 9746
6867 2774
4366 9764
2533 6254
4280 201
2687 340
4492 4124
4444 9119
112 9835
8510 7263
2006 9009
4033 5875
9987 3671
3201 8339
5453 4925
5394 6577
7648 849
8394 6381
940 3146
2545 762
2863 8694
927 8691
3126 1380
2633 5919
4871 8979
1520 2597
909 8182
964 4764
8683 7844
899 100
5302 1482
8630 8979
4876 8005
6217 8675
3976 3880
399 158
1098 1319
6447 411
9680 3314
2543 7975
9456 5850
7825 2261
8547 3786
2630 4230
2904 6901
1088 5188
9009 2201
2604 7629
6210 5155
7392 4532
1231 1281
2925 7306
5812 6233
4372 3209
2668 6115
7446 4014
9461 751
2136 1175
3425 3744
3091 2831
6215 6219
4520 2772
2471 984
7481 509
6575 9893
6819 7607
1069 8360
8989 4376
4211 105
5278 6082
7686 5835
5756 6146
6210 3162
7497 219
6201 3974
3325 4468
9277 4185
4285 9035
5669 2270
2817 6088
5575 1052
6656 2869
130 9754
2591 1792
6315 6158
7025 8273
6979 5878
6302 7898
8593 8655
1573 9543
6056 4813
2903 2103
1472 2399
9874 9101
557 897
5490 7225
5923 4111
2062 3966
5527 6550
9970 3578
7065 486
8706 7196
227 9071
1183 7867
6077 7610
9005 7847
4541 8285
3600 1181
1564 5006
9710 8579
6441 8949
9149 2373
7644 54
8088 271
2034 4698
6544 7553
7837 4437
6720 5114
574 360
7180 6892
1600 7534
5840 3681
7099 8579
1536 7529
747 9622
9352 2242
5031 2399
6585 869
2094 3841
8274 7222
811 6314
5391 2286
9217 3177
2249 3843
3390 4082
6350 4637
81 585
8321 9685
2698 6815
6916 5919
1043 5836
8927 4209
7327 2856
3540 779
8068 5466
3623 77
2990 7251
8567 5324
963 869
1430 8419
2543 8190
3276 7352
8827 3773
4810 7418
871 8548
1404 5985
6354 1687
2361 2965
7018 1331
2547 1542
185 4650
6041 3226
7260 3412
6919 7500
6275 753
8379 5972
8186 808
967 59
7987 6821
6704 9638
9341 7141
4183 2031
5174 3907
5214 8852
4649 9199
5873 5875
6563 1926
7632 2245
6202 7859
8220 4184
1955 8996
9920 9845
4058 3381
9317 2590
1074 3123
2582 4761
1574 5154
9920 8871
1343 9990
5901 4692
5034 4255
6396 3775
7220 4336
3057 2523
3639 8253
6065 2358
3077 4424
6447 3664
6215 1103
4868 880
5835 3033
3931 9379
5019 3355
5600 1593
2847 4775
7388 454
7059 4688
7187 4595
877 5078
4414 9843
3669 8851
3296 6118
3411 7822
2015 2218
4449 7538
5020 7796
2539 8772
6178 6271
8388 944
7335 3877
2912 8043
8476 2789
8772 309
6896 7435
6285 1777
1089 5163
5281 7589
8304 2041
4470 7618
1090 6199
5581 7772
2044 3595
2539 5649
3993 8518
1393 2644
203 4374
3112 9530
6009 7611
5403 8090
8271 863
1822 6683
8092 4678
4808 5772
2329 3778
2485 4133
5559 8438
4382 1594
3597 8701
7710 2200
6548 1647
8173 4521
1511 3019
7347 8850
4750 5883
7670 6824
8027 4089
4456 6146
687 1786
5418 7216
7574 8290
1442 9921
7475 7741
1331 2163
8404 9440
4363 6159
1397 2487
9805 1096
364 4432
3312 4777
2968 4278
1575 4704
8067 9166
2130 1311
3218 7511
2966 4229
2705 4949
3581 2294
9372 3685
1176 5550
3172 8434
5634 1361
4500 3588
9027 7872
3108 1046
4380 8628
8299 9697
3158 328
5733 2463
8727 9148
406 6677
106 3873
5852 6671
5033 7716
