2567
50
6007971
56 55 53 49 58 48 51 57 60 42 52 50 47 58 60 50 55 40 55 56 56 50 54 41 44 46 60 49 53 56 58 48 44 49 59 59 42 45 43 51 48 56 44 50 43 57 46 52 52 60 
-132436 -108687 -98795 -110197 -112627 -111788 -138402 -121133 -122032 -82140 -106967 -96288 -100386 -131925 -141374 -98503 -118715 -93799 -117404 -134599 -108631 -117711 -126021 -81108 -87511 -99023 -124179 -118338 -99737 -121555 -126072 -99169 -83526 -124028 -137545 -132616 -97029 -80406 -86382 -109042 -101505 -130163 -111195 -131215 -82362 -136721 -111966 -114710 -118252 -144786 
97706 102118 88462 84041 105321 83104 93699 115636 107132 64741 101035 91237 71267 101097 97639 92105 92421 78401 85048 87036 90562 96924 101958 88445 72712 82723 96426 68832 102484 100833 116170 80966 86791 84552 98156 104267 72366 88138 70819 102687 79721 97791 77801 94281 77825 103639 91426 102683 83393 108633 
815 8593
7050 3744
945 6084
1514 683
8524 1167
7766 3735
5939 2338
6278 6635
5173 5971
6470 6104
6851 1240
7002 2692
9883 3450
5862 9615
7839 5548
2571 8587
4752 3519
5878 5370
856 9871
6512 1787
5296 2648
8713 2057
752 8364
7381 1799
6954 8392
4843 8724
3097 8426
6894 5468
8721 2472
6266 8738
4426 3972
6050 8220
1546 1517
8613 8742
7038 3129
1619 4673
8031 1211
8439 5015
5683 7258
7203 8649
2130 1287
3689 5989
2059 2169
4890 4144
6712 1011
8703 9362
610 6569
3211 1069
128 2220
8798 8001
1390 8032
6544 3889
4467 4875
4745 1598
9775 2125
4242 4344
5517 2600
1691 2771
7492 2672
35 7903
1639 5366
1743 1575
4166 3255
5698 8413
5283 8444
8000 1086
2167 8651
8286 2041
5345 5291
9037 599
627 9305
3181 4122
5933 7336
2123 7647
1532 536
678 3656
4213 5958
3747 3377
4254 7103
1295 6117
6826 7191
664 665
8787 5564
305 8604
9096 8229
8159 9099
8286 8341
8780 4150
5215 4499
2501 3725
3391 5023
6304 120
7663 4496
223 9586
6637 5449
8398 9014
738 453
5646 3714
4082 9884
3162 8344
1694 7282
8048 4859
4482 6108
1180 3576
8016 1674
5106 8821
4180 661
3560 9114
923 3202
5941 7494
3001 448
3581 6666
1543 1085
4419 4399
3653 9866
2629 173
5217 2665
6588 786
2764 3665
2506 7874
3069 3181
8536 7196
2404 7968
235 9216
7963 598
6473 4476
5878 4652
3919 1266
4708 1516
5273 6855
8320 3396
111 6789
1639 207
5434 9934
9968 1822
1683 5242
3618 978
4277 9436
6848 7440
1736 5959
2460 4852
2456 1387
7792 5201
1228 5499
8655 7355
2404 1562
2524 4247
7456 7615
1428 5963
7699 3944
8736 3199
2850 6755
7110 8059
2714 3877
133 5709
3317 7997
335 6907
3423 6140
4468 336
9359 2737
2950 2632
467 8121
5204 1648
2247 25
7591 7725
9529 7820
8810 53
1582 6535
8331 7724
8382 9529
1255 4557
1383 4341
4042 2643
9892 176
7379 867
1847 1423
514 5770
2943 7003
5480 7191
5846 8479
8129 701
3478 113
7480 634
6029 9999
2058 2409
8650 1980
326 5895
237 740
2138 1764
7334 8277
547 5844
3048 4231
9288 4081
3672 2298
825 2482
3753 5744
9555 9264
1402 9893
7755 9172
9799 856
7053 7771
4487 2525
3680 9728
2276 6845
6623 2972
4120 1851
8525 5236
8312 4789
1685 4861
1073 1295
3278 9207
8669 1322
7984 8111
7386 3711
875 154
1380 9819
3502 1308
8639 9895
3043 9138
2779 2756
1529 9269
6561 958
1829 5653
2021 9216
1903 3910
4096 4100
3561 2911
4991 2039
699 52
2689 9215
652 7164
6150 5514
3214 779
7599 238
2710 51
2509 5283
5057 8477
5465 4396
209 6974
9430 6662
8627 9997
5867 9438
3534 4210
543 30
7818 8579
3323 3532
9481 624
2297 7661
8559 9633
8986 2176
2414 3982
7945 9544
8125 9653
8170 3216
5385 7811
4687 4281
991 311
3290 7793
2617 9557
2840 1052
9834 297
4638 9802
3404 610
2070 7615
447 6020
2695 7955
7548 858
5985 5555
2345 1342
7539 5542
1063 5842
7107 4295
6473 5412
9463 5983
5814 1353
6317 3243
752 5817
7755 4394
8428 2066
9218 379
6036 7066
1185 7858
5942 111
3346 100
8352 603
8636 7715
8285 8110
6214 7321
2894 380
473 5282
2595 3850
6800 4985
4520 2562
5820 5688
6441 2394
2260 9928
2509 4425
3593 6673
5477 3175
4177 8552
2045 8708
3849 8483
1649 3618
5192 5068
2786 7314
8553 9163
7458 9409
2793 2989
9746 2905
9453 7403
50 4355
2616 3075
8641 4724
7112 5187
1604 4442
1847 5310
9458 4204
900 5394
9022 637
6304 5464
8029 9086
3630 4726
4368 5902
8070 1073
9277 7635
2979 2690
9008 2241
2405 9246
8970 4492
1968 5931
325 7031
585 7426
1735 8630
8657 4987
6972 2942
8945 7214
8566 1744
7233 1001
7086 6970
9880 7564
1110 8119
3647 9073
6336 451
5498 1755
9015 2407
8666 3532
6082 4499
6726 1865
5825 6351
3865 9449
7874 3875
8212 6539
9803 3963
5949 6853
8562 1143
9532 8199
1255 2728
3184 929
4277 5177
9000 2915
4093 2656
8558 6542
5905 1361
9722 7161
2934 5040
8792 1772
9479 9164
7998 7833
4027 6799
651 9554
1164 7362
4450 3930
251 8632
8663 1315
3576 2529
9431 3150
5209 5925
6213 2304
8689 5265
4224 7094
8352 5458
3884 2994
1260 2703
1266 3567
828 4740
7690 1048
6528 6871
6266 4754
5326 3462
7416 6457
3655 7257
5330 7794
784 5545
9620 5009
2935 439
7910 9940
8963 1710
3830 9346
1075 4946
2142 6264
1971 5820
1530 5862
2177 765
5094 6036
3060 3585
4221 9296
6704 9062
5008 6532
3893 8954
1803 9916
3146 5876
6726 8207
4394 8392
2763 5962
9380 5098
1512 8700
7980 7216
5453 5551
4646 9344
1337 6106
3329 6049
9381 3669
7448 4893
2932 246
6096 7345
8449 7338
5330 9340
7238 9327
4815 5955
6594 5830
271 3710
7173 9813
3407 36
3508 9090
1222 8972
1370 3259
1880 7428
8298 7090
5807 2409
678 4227
6417 735
4737 3954
1256 7369
1606 6538
558 1254
90 5275
232 5544
872 2186
7351 5726
1132 7002
5445 3857
3643 9787
1867 7121
742 716
9711 9996
99 5292
8304 2163
7740 2688
3444 8198
6112 1163
3170 6541
7927 9015
6583 5870
8626 2166
4680 8514
1391 1924
9023 6760
7375 673
8248 4150
7233 3209
1524 815
6142 8183
7111 4134
3854 3731
7108 5444
8490 3990
3655 1915
5761 420
3789 1563
7417 8058
700 5562
9728 7242
6211 9882
6530 6421
3405 1528
1236 949
4181 6850
3080 1070
3166 9948
9667 6350
7832 3825
6054 1633
2481 1164
3964 8905
924 105
5123 1502
3530 3247
6870 9122
4533 4189
1651 2595
3067 5614
4010 3447
468 1920
3165 2874
7044 1536
2053 8250
472 203
9860 5613
4849 774
8436 6066
8279 1767
213 916
4072 4809
2808 1276
6578 2899
3665 9811
9001 533
7740 6057
5830 9321
5154 5783
1483 3666
715 3225
2510 6172
4176 9534
3682 1894
5818 8284
7680 1198
2363 7814
847 5911
6891 308
9557 8892
4379 2880
8752 7390
2843 5227
6915 9206
3848 366
9733 9628
3278 1952
4310 8336
3618 6688
1368 6288
8840 9703
1493 8294
8850 9326
1875 848
5631 4463
6588 6076
9108 6262
2193 2381
1154 8237
3806 9552
926 7035
4534 9034
1075 2459
5489 3506
4190 8908
4048 4263
9498 6039
4744 6035
6938 2448
1332 2696
4666 5459
2688 7300
2543 3825
2804 5177
1705 3363
2043 5169
4337 7201
5921 1007
8096 4045
1222 6391
2584 2270
3948 1835
7965 1424
7872 4812
2874 6793
6325 8785
4593 8621
5654 5247
560 5607
4600 3133
6381 1144
9801 6801
7915 1210
3022 1083
6668 6857
1788 5611
819 1125
7397 9342
1784 5415
4571 3191
233 6889
2748 6237
1918 7074
6900 7989
1469 6009
9247 8003
2623 2891
6540 8610
3785 5503
1732 7876
1946 2972
9529 742
1580 7523
5557 580
496 502
9701 5011
4656 8176
2971 246
4394 3359
6786 5104
9030 5062
1063 2036
1015 3637
6341 2151
9033 9209
3122 6400
746 9634
1888 8846
7609 994
1639 9298
616 7606
2651 9965
420 3355
8922 6076
5238 6994
1390 5830
6073 3350
452 2403
8008 5668
6550 3236
1517 603
5976 798
4810 1406
7509 2924
6526 3731
4391 2418
5063 8670
4293 5093
7766 6841
2924 893
7899 6546
5632 879
5111 2257
9236 8802
7620 6073
5100 9817
5523 573
254 1318
2460 4619
7841 6902
1557 1138
4889 6250
1479 5362
9690 4113
5929 4296
5704 9098
183 4890
8425 378
617 409
4001 9731
9825 6711
694 5001
3999 6848
336 1804
8960 999
3036 1982
2081 8701
143 3338
4663 840
792 4473
9286 7991
4062 5490
9814 285
2814 8374
4280 5205
1679 2711
9599 1466
9813 3706
8076 8540
2091 1147
868 3195
3284 4561
9273 4243
5157 3116
9313 804
6945 8869
8710 375
6341 2698
3004 4368
6766 4047
4952 2452
629 9061
1444 1460
622 2147
5543 6369
8846 5848
9666 1195
4242 9245
8904 4275
8874 456
7879 6369
5865 8900
4998 7297
3334 9521
2339 6196
3065 8254
9269 8800
6918 7951
3244 1190
5120 1989
2242 2617
6128 17
7631 7388
481 9125
3807 902
5278 2535
8290 6683
1173 6880
7347 8488
4172 8023
4740 9100
6119 941
443 1844
7057 9040
6266 6833
7766 3540
381 2626
7075 9375
8667 7160
362 9004
1618 2945
9730 645
1153 2900
1719 433
1949 4676
7083 2328
4529 3920
6510 7460
4344 3089
4749 8231
9140 7403
4885 6695
9058 6138
6000 4198
8255 150
3119 5288
5240 3765
9346 6676
7287 7091
3394 622
4539 6861
2939 2158
7658 8403
580 2975
7477 344
8218 660
9319 6420
5909 214
1835 560
9938 3140
1054 9957
374 3477
4442 1592
3308 7623
5044 2744
9159 930
5737 6095
5160 6415
2614 2753
7937 9902
9407 7438
2604 8865
1601 7075
8576 6967
1898 908
775 6326
9562 5637
8452 6259
9498 9927
2113 3477
2250 7804
923 643
6826 371
1845 196
990 332
9697 5712
1855 845
6336 378
6997 3912
1344 8110
5955 8690
1198 646
8252 1187
8564 7491
4562 7232
6075 4422
286 1909
5540 533
9864 4038
9892 6888
2931 7615
7316 7495
9225 1545
880 7100
5944 4882
6735 192
7912 5259
4797 681
514 4515
6718 249
4202 4542
2190 4411
1874 5914
1601 9764
4501 7684
2711 7686
8589 2618
8374 3874
8101 3545
4139 6129
6105 8849
368 4488
1598 7893
4943 6562
1272 1350
3845 6180
8000 3646
4980 645
2451 8715
2709 5199
5110 7066
7031 7218
1208 9194
2828 6679
6111 2852
1831 2407
5734 2234
5789 1534
4427 5782
139 7747
5192 8508
5828 8184
2066 6178
35 9248
1238 5400
432 3288
6185 2528
2250 606
944 5744
5730 1036
260 6090
9605 8750
4631 9833
5468 3402
2894 6295
736 4034
5516 2415
1149 2841
3168 3104
9790 1295
4703 7679
9725 370
4485 5417
7570 3530
4324 9494
5499 4722
6170 1163
7127 4775
8737 5609
2980 8650
2071 737
8713 9224
3014 3569
9712 5242
8040 7877
6497 6755
1989 3983
1958 9111
453 3784
8362 390
2888 9073
1750 334
4458 4727
2686 702
9878 3669
5428 6752
5405 8465
2379 535
1115 2732
4448 2233
8686 6121
8225 8984
2877 9076
8237 5090
3364 801
9330 7482
2259 3254
3865 7011
7314 4282
1772 3465
7638 2039
9406 2088
7345 9514
4842 5126
3835 4983
3922 6598
2716 6985
9108 3673
4985 3271
213 7951
7897 6414
4687 7434
9601 2850
3064 3863
8810 5437
5064 8593
8680 7373
3598 9615
5501 2199
2996 9670
4394 5532
9257 6405
6950 701
3098 2518
1364 8490
4402 7130
4885 7103
2302 9111
3286 7242
4253 3208
7813 7948
6943 8443
5598 3632
890 676
3677 1438
2472 508
7779 273
8779 9559
6328 9951
2781 3429
4721 7418
358 5970
2675 1121
6633 995
3464 8045
9700 153
3217 5354
3952 9223
2783 6165
6649 7433
2267 431
3809 1171
4798 3343
7334 43
4155 3725
1470 2646
1950 2820
7150 7807
9499 2972
8978 2336
5229 4936
6028 5334
5136 3787
3524 5373
2840 7787
2901 7759
1426 1378
124 6619
4302 7543
6540 3588
8105 7295
1203 2714
314 9553
1588 4137
5841 2011
7940 3484
9468 1449
5620 515
2207 8175
4931 8341
7941 5882
5793 7826
6373 605
2906 7335
6942 3922
8087 2700
6112 3110
6892 768
2801 3322
1222 17
3666 1172
7070 8196
7455 3769
7989 82
2221 7882
7198 5994
8573 918
602 9014
6841 9372
6410 3092
4508 6578
2544 3313
3582 1191
6457 4985
4984 7745
4532 8044
6853 9201
4359 1695
8767 8250
2641 1641
8132 4944
2074 3469
8066 5039
7079 599
3515 2974
4823 3641
8034 5332
8218 3760
131 924
4876 50
5636 6491
6414 1741
1904 9131
3270 7660
1267 3704
5595 6278
3678 4685
7540 197
4991 527
5958 7875
7239 8965
8586 183
6910 4267
2337 1299
9119 794
7492 4669
5090 6432
9788 2146
7642 3614
3889 3676
4451 3370
2719 2505
401 923
5088 8365
5628 1075
8313 4994
1560 9565
7075 3852
3838 3453
7716 7378
8076 1513
7849 249
5675 453
463 7485
1102 623
1694 2151
9098 862
4720 938
140 8789
7296 4076
5334 1389
2651 9492
1716 3998
616 8229
2379 4702
574 7542
8143 126
6898 1740
6671 6581
2946 8936
1752 2377
8262 3220
5163 300
4058 4892
3366 2315
5308 8537
9905 915
4338 9016
2261 6762
206 2263
9435 121
8990 9679
7718 227
2073 5352
2481 1634
1247 5887
9097 3197
4586 6435
1692 7928
4370 9674
6601 3114
8933 7914
2664 9850
6234 4733
1429 6865
2770 6992
3842 6628
2854 876
5693 3466
1124 6736
6986 792
4470 5346
3206 1349
3343 9742
6249 360
2732 1989
3147 7095
9011 1675
4936 3972
2169 2737
3151 8842
5363 4572
3964 8391
4035 8287
3984 5350
2242 6568
2398 3050
36 5244
1954 5883
2588 6984
554 949
606 8441
7301 4576
9976 7192
7493 5455
9584 2491
7204 4246
814 7653
6274 2366
7752 9993
3503 1938
4949 4958
9081 8655
7207 1976
3920 1170
8380 468
1475 7459
9815 9980
8503 7568
8249 6656
7908 1262
9003 9036
4690 1514
7088 8496
2237 3081
9511 5350
7257 7655
391 8696
756 3478
7869 8465
5158 5200
2818 4941
5389 3352
4184 4015
7810 6006
6893 6459
7556 7957
5366 1962
4031 3997
8411 4747
3797 4331
8279 453
709 70
2684 2481
699 8362
4215 7212
3755 9724
9384 1124
6521 6150
273 2922
6577 4171
7780 2914
2957 9944
8637 8772
4080 5065
7844 2473
8162 3408
9219 6554
7864 7819
5842 2754
2346 2482
609 7403
2260 2002
2490 9595
7570 7389
2550 8422
9783 4044
8576 4643
8543 9214
5643 379
7007 8271
2384 3821
6661 8595
27 3471
6651 3384
5602 3085
2019 7706
78 9540
6329 10000
4946 642
7585 7346
1570 2501
8358 7707
4378 4389
6778 8723
6991 5478
3147 481
5444 9804
7627 5842
9602 3817
3057 7183
3121 8444
8825 7873
52 9606
3040 3446
7200 7472
7506 9712
285 9993
703 5135
8947 1464
6560 5279
155 8381
877 2526
8021 2803
1590 7582
2486 6751
5830 5015
2959 5362
5425 9192
3130 6528
7901 7611
1213 1014
6934 1150
2551 3728
4813 8742
6909 4754
334 5657
122 7905
5960 2788
8249 1682
4464 9891
5216 6768
4326 7156
4113 8257
5557 5522
6086 4580
1091 6217
8978 7066
6596 5844
9996 6433
3606 6544
864 5154
174 3584
4960 4322
3689 9408
961 813
3347 2546
1591 2795
5402 3902
8004 1729
8991 3503
5448 3625
1271 962
5417 3405
1308 4176
5283 1808
958 8064
3175 4282
7586 2042
3236 7865
2818 7381
6723 7669
9507 3133
4260 5393
5423 6478
6141 2023
427 8325
4558 8793
6810 1807
6056 3692
6897 8698
539 6175
6324 2002
9524 6454
9223 732
2377 494
98 9170
946 2079
2285 5605
41 7268
609 9037
3500 3629
9367 206
9467 7530
3892 4419
8391 6060
1716 7412
3184 3522
1924 5701
4752 9753
1895 2628
9108 6910
2849 6973
331 981
2186 426
3735 9796
4860 2328
5389 5364
8548 1523
8907 5304
5734 6419
8966 8887
3915 6175
8821 2068
1686 9441
7024 9109
2956 8053
4647 1059
1371 4301
3116 7272
9888 1732
9955 1710
8292 6595
1452 6839
6683 3487
3106 2927
8589 4391
1330 4289
7221 9036
5950 3584
6002 4824
5719 826
7846 8712
7935 5777
3895 4117
4237 3352
8401 81
13 1479
1927 5865
5305 9427
309 8701
1246 1888
2742 9387
2064 7221
1783 9352
6632 318
5192 3389
4140 555
8069 1371
53 2410
9720 5023
3252 3535
4521 1997
3223 6681
3017 9676
8348 7170
8551 9418
2135 1654
8160 4264
7553 3966
5033 5822
9770 4684
6020 1331
2741 994
2574 518
9987 4915
7439 6558
7776 8341
6358 6886
6657 5370
7310 2437
3487 812
8450 5566
2326 135
9181 3902
1096 6131
3626 7858
4021 4823
1891 3829
5189 1598
4921 3873
1111 7888
2742 1945
886 6788
1508 8336
715 263
7991 1432
9184 3886
6569 145
1677 9626
7183 3183
887 1921
6110 2044
183 3470
78 8315
3906 388
3904 9576
3709 5612
7688 856
450 7248
1772 5095
6289 7531
9073 9804
8796 588
4389 3064
6905 475
3893 3161
4746 1223
271 1513
1164 622
2218 4058
7818 2829
6782 3598
5364 1643
9062 5400
6329 467
3358 8301
8928 895
1548 767
9275 5025
4904 8183
7888 4189
7462 4113
8823 1055
2230 489
6097 26
2654 6214
8145 6114
8221 3807
2435 5355
1912 2160
2456 4092
5864 2584
5722 429
4613 2784
8295 9599
5283 4805
3534 4433
9948 7886
4750 2287
3090 7456
8463 2802
3355 7539
7042 2628
6813 2929
2701 9078
6480 5906
8478 2467
1867 7667
4031 6553
2926 3185
818 5420
2206 4160
5793 6212
4445 9031
5192 1399
7687 7801
5238 8152
8964 9584
2729 903
4835 4055
2414 8363
8637 5813
698 8235
7608 5879
5301 6532
2079 4015
3645 6284
6340 3439
7673 7543
4748 3921
300 3780
649 8092
6155 4843
451 4402
3204 9309
6105 7268
2074 8639
5621 9837
1430 3191
3841 4325
2092 2498
6109 5551
8423 8673
1811 8236
9309 3230
5264 5726
5858 851
2184 3214
836 7194
6396 3973
9220 9876
606 7945
2892 1129
1815 3599
261 8490
8898 3073
3712 8983
9893 4004
3334 1294
2867 1819
2882 2799
381 593
2604 3059
4285 8116
3989 7288
2948 2535
8592 6350
4705 5490
4879 9917
3804 2551
2776 5806
7835 2333
872 5461
3871 4817
3605 164
9594 2970
3230 9014
3261 2832
476 1393
9525 2835
7200 983
8566 7278
8149 5157
1987 251
2667 9384
4121 5060
3224 9954
3848 456
9396 7437
1684 5857
5653 2693
1357 8783
3957 2329
5623 8095
5672 6693
1705 6224
1499 135
4400 1149
6831 8251
358 722
2548 5376
6073 6449
4751 4635
8275 7333
6012 5682
4585 1930
5120 566
4307 8837
5944 7431
4532 170
7022 5909
2759 4689
4542 3652
4792 9747
7103 1516
7632 9284
9530 7275
9394 8125
2579 6256
4817 109
5971 7098
2132 7669
7723 8501
3002 4201
631 9339
6104 6820
1849 490
4038 6701
6501 5401
1942 8896
407 7892
6355 4397
9453 1785
5808 4819
8916 1279
4401 8217
846 9099
5324 1736
8716 6048
8474 2424
1052 1504
7106 2638
263 9866
3396 4866
3029 6710
3092 2258
8899 471
3616 6192
9844 2123
8895 8181
7115 7342
4272 4372
268 9523
3929 6609
4880 2779
9621 1046
5423 4028
4778 8651
3305 1342
1610 7718
9826 9945
7853 6933
4581 8989
2173 4047
9563 7444
6957 5141
4076 9586
6310 7763
223 6712
7728 1475
960 1856
1662 9441
3449 5151
8643 7460
8324 4363
1041 7976
2641 9040
1633 5371
7442 4845
9467 3190
6912 6302
8769 3002
1503 3850
2752 8467
7898 2677
2838 2983
754 8521
2815 6063
3846 4696
7543 2783
3301 3861
1130 2967
6767 482
7135 7485
3318 7412
1467 5782
5464 2071
4910 7646
3165 258
3640 5509
4143 2233
8246 858
253 3504
307 8969
9747 3710
5503 5020
9548 5314
1399 8404
9324 3170
5641 2266
4700 6082
2838 2254
5530 3860
5571 1172
2764 7346
7373 8263
4488 5067
9830 7706
1095 5459
8208 9646
6061 7735
1556 2730
2081 6918
164 2128
2409 99
1061 9055
5619 7231
2653 4966
496 4173
2706 3577
9560 3272
1049 6349
3679 2181
2733 9346
2226 6461
3347 6357
2190 7565
7063 6554
4252 7425
871 7402
8188 7016
1344 6810
618 3964
8378 8610
4868 3318
4949 450
4710 9263
4259 9081
9455 4242
7879 3571
2185 2662
9568 5337
6698 2538
2335 6147
4381 7147
3942 9684
3269 7752
3699 5098
1616 138
4847 272
7423 7068
3683 1860
503 9657
6114 3425
9136 6070
5353 5102
6733 7307
946 1184
1449 5720
6763 1091
2856 1054
7937 3708
9569 9265
9325 6671
5425 1098
3733 1941
4641 5308
5446 2013
447 1396
1254 2173
9933 9608
1100 3321
9919 6764
9720 621
3442 3628
7263 4409
8665 503
2598 5903
3762 5923
4078 8421
5739 7404
4637 7048
7628 8032
9520 3651
9499 3159
5890 7895
7240 104
1597 7280
4928 6916
3711 8095
1757 9480
9625 4233
5066 8853
1001 794
2493 7692
2595 9844
8161 6319
8079 6591
5504 994
9076 8813
9430 7924
142 2503
7946 1383
734 981
6235 970
9681 1377
8824 9170
4596 3830
1771 2410
1545 335
1461 4405
5190 4756
8455 5456
6120 1044
7370 2082
4987 4374
8730 9079
6556 5052
1561 831
776 8448
7135 3685
1712 4214
7513 1996
8567 2821
4532 896
3096 6735
3491 2464
4735 7621
8989 1788
8756 3551
8260 6357
6732 58
5217 2290
9448 6694
1059 5068
5190 7088
9608 9833
8204 7407
6651 979
1175 5980
2524 6274
6414 6463
7209 4775
5994 4833
7170 7048
9223 1732
5683 2651
2367 726
715 7356
2598 9229
4458 3765
1454 8982
6307 7377
8015 2349
8196 8008
4625 1143
5736 9204
406 3788
4306 1751
7145 3199
8323 8258
539 1062
9121 4904
8170 4842
1198 4608
333 8541
6818 5484
4457 7577
6461 1330
3402 3857
5649 5303
7280 8979
8453 2310
5840 7105
9507 2315
2217 4535
2971 9387
1592 1525
7631 8134
2119 9997
7653 6524
9071 8456
491 7091
6787 5706
1510 2517
943 5379
6020 9150
5484 1871
6953 6506
4480 3365
4575 5751
5400 6937
3718 4185
4584 424
6727 4482
4490 226
8783 4629
7570 7097
8451 7680
2620 1122
3525 9628
211 2324
1388 4141
4282 1066
9699 4724
5140 6425
3515 8925
6951 1250
8378 1446
6100 256
2683 7260
2512 1437
6870 5648
5530 6565
6286 286
8602 6072
3280 3600
3388 4584
3635 1809
632 236
8031 9666
5371 8579
2725 9295
5337 5335
5991 660
4594 8548
3188 6801
3497 614
6899 1264
5692 428
8477 539
2217 321
2090 9454
3544 5341
3788 1715
366 9406
2164 5885
6807 6283
210 2232
3992 6799
7358 3453
2086 4683
7797 8509
6288 6959
8536 9526
2576 6674
8000 7132
1820 6825
7438 1549
8122 6889
1517 131
9277 8186
5979 526
7134 7479
4621 8841
7773 867
3238 6770
3926 2677
9120 1542
9140 1022
5958 2385
870 5785
6518 8702
6500 8187
4456 6881
9347 5809
5146 1489
4960 5559
2039 7194
6683 3366
564 7625
5623 4234
3396 5240
9998 4603
6715 8759
4631 6304
8255 7722
411 2091
1020 5451
5778 9137
435 7033
8733 1443
387 4030
8628 8759
4707 4351
2837 8316
3409 692
4926 2732
2900 6753
3491 9800
3125 6157
2395 9270
3964 3929
14 7027
4557 9696
1084 2241
2695 5885
6579 2912
6168 3697
2867 5371
3819 4434
3626 7515
1559 2151
5954 3147
2324 2310
2297 6732
4534 4424
7923 9463
3533 5818
3637 1422
3675 8747
8074 2765
1041 5420
899 5219
2697 8899
6161 3773
746 9372
1147 1063
1034 8318
1687 6167
2747 3029
2798 3392
2820 7959
3988 8750
9350 4463
1728 1465
4947 6849
9650 3374
1861 8230
7430 1456
960 5058
5511 9027
3080 1786
3062 887
1429 398
4535 6965
7175 688
5518 2609
2480 6183
6606 870
6658 3118
9998 1777
9576 7289
7573 3849
7070 7623
2023 8593
8323 4913
9528 512
3862 3664
6957 1783
3945 7545
3164 613
5297 5823
239 9708
1839 1470
6364 3267
2035 8449
7802 6037
6746 2750
4287 4574
784 793
9629 6327
8790 5907
9259 5466
7451 8737
2520 7161
5908 5725
7399 8000
4108 5153
2045 5820
5552 9371
2646 5708
8803 1259
642 8000
9026 5215
757 3430
5446 3402
2985 5670
2532 8426
1876 5946
2798 6287
2403 9960
1936 4209
1178 5886
7095 2930
2170 8105
5200 6077
9365 476
2346 1691
5494 4948
9912 3404
9192 8920
1362 8091
9162 4086
8625 1175
2513 3403
6515 7967
4691 6660
5681 9567
5723 7162
948 4648
8447 5145
3052 4578
3036 6267
1333 5951
5441 9118
828 2766
9356 1142
1418 9343
8627 7842
8275 1064
1603 5236
5092 9372
7012 3463
514 7764
9091 465
7334 7058
7603 2754
5422 9001
6430 1307
3208 7336
7056 1525
7460 3450
510 4714
4923 8325
2436 8540
5222 6316
3756 338
3417 8593
975 6827
1139 2909
723 1015
1228 281
6398 1108
3488 7295
1593 286
5329 1914
4562 4437
8284 1725
9988 655
1783 9076
5699 5536
8986 8949
4619 5000
1845 1734
9283 5563
3153 9167
7177 173
51 6290
878 6564
5215 1907
9279 2335
2469 9496
8003 4625
596 2845
2245 1108
4000 9971
8523 9244
8727 9562
9505 4740
127 6248
7444 1350
6033 5982
9372 5205
3063 5401
8067 7751
963 1026
6003 8457
327 9510
8177 7926
1127 679
8653 954
677 2054
7859 6534
3712 6932
4211 775
9862 6873
905 5371
7800 9741
9172 2620
8460 605
1331 4786
8001 8596
6561 3219
4765 8728
5393 6140
1543 355
7105 2242
3737 5835
2803 1836
9091 5244
506 447
9786 3175
2679 8757
7876 7037
3787 211
9535 37
2289 4430
1850 778
2254 4268
8965 9487
2515 8964
9706 4257
4786 386
3309 307
8277 6289
588 4083
8496 7602
236 9016
2212 4115
8025 5884
2407 7115
9097 8458
1262 3813
3734 835
9783 4900
6537 6964
6126 1370
705 7540
5604 9619
8155 1201
8860 6053
6864 6060
7294 2254
3057 2685
594 1683
9786 5492
5909 7191
5362 5215
8491 4150
4523 328
9776 6672
3524 7574
5676 3464
1167 6968
5655 270
3635 5470
3216 6173
5632 7604
7956 440
8835 9503
9667 8002
2198 379
6879 6201
4567 2216
7057 4000
2857 1036
4208 5906
9784 9318
9734 8153
6746 9375
4697 1427
6107 9371
3245 3684
3353 1165
9676 4827
1014 7179
5582 8387
1591 4145
4322 5994
8394 7509
7958 5140
9018 4439
4969 7114
9765 5724
4585 1684
3249 8597
7772 4412
799 5585
1380 5896
3082 3465
1208 206
2732 4388
9837 1746
5922 2613
6787 6203
4296 2473
6876 2687
4900 7806
2121 9566
7123 4802
5330 3156
7433 3163
9585 2797
2640 3227
7266 4744
7532 943
4915 8565
9049 7625
9123 8031
6401 6412
4859 6315
6158 2323
5032 3727
6527 4055
6029 6618
9809 9127
390 5309
4726 8437
9348 9444
8934 1987
4994 9420
8078 1316
8627 9755
7648 4242
2776 1374
5453 3243
5356 1052
1815 1893
1042 4845
7247 7496
7265 2126
7414 4505
9093 8979
6331 453
4233 8998
3360 5342
649 2804
365 8170
221 4087
4945 4021
804 9425
352 5296
9724 1074
4271 176
408 1740
268 6252
1307 5459
6061 2195
561 6133
1691 7813
7479 6736
2638 7207
5939 1709
5699 5388
1898 7763
7695 4258
4580 4880
8223 9481
2707 9805
7613 105
6780 793
9114 4813
1746 8145
4549 9805
1522 9022
7633 8266
6587 4238
9301 8492
6255 74
8364 1721
2690 8529
2514 1770
2563 796
7344 2163
5613 8518
8366 1728
6492 3361
5033 9791
1798 1178
6426 9865
7392 460
6651 9394
388 6422
9791 7044
9760 6342
4394 6685
9125 5141
3457 6661
3743 1625
8215 3862
8584 1825
5335 3785
7054 9133
3251 9572
4244 3168
2291 2268
5730 6702
2832 5854
3087 1838
3021 5696
4972 9315
5420 4038
3797 3372
6438 2715
8713 2845
1212 5951
2996 5681
8665 1466
3687 9782
8254 6305
4866 3316
4547 7797
1827 7163
3876 7600
2863 5380
3145 5372
7006 9287
2267 2910
8967 376
9321 2467
8326 9425
517 8157
6826 366
8174 6912
4470 6826
7317 4703
1481 2819
9079 8691
764 3683
9503 4362
2476 9521
3231 6436
7580 1304
1178 2011
1853 5627
520 6744
8075 2009
9105 7176
7108 9108
9740 3699
5140 1561
5948 1976
3928 6178
599 7451
7980 7337
2617 8887
8821 6839
2053 9465
9978 574
2664 3980
9573 2532
2252 7399
4768 3176
310 8102
6685 8613
2552 4162
9992 3900
9114 4130
7598 2014
6750 4944
4763 9910
1787 4889
6834 4559
3024 7826
9679 3551
8337 7988
6786 9994
7687 9162
6545 6030
3813 3503
2572 6816
656 5553
2289 6071
8007 5886
2296 6739
5765 4122
393 2548
7882 1390
1144 6218
3447 8240
209 9361
9863 9481
5857 1845
1689 9709
8167 6678
1617 8380
7811 5369
4492 5710
4864 8773
2215 1400
1310 176
3360 1758
3176 1292
314 5498
822 9501
7024 8066
6129 3872
6246 7922
8631 4472
5637 6988
5047 9917
4026 2232
9689 3614
8329 676
2265 5097
5752 5004
4972 4264
1992 7301
3711 7033
6400 9882
1726 9090
8179 6442
7612 2402
6443 8989
3643 801
9922 3705
9078 9587
8214 1264
7262 4394
4561 3383
9839 3428
5688 8452
7158 1105
865 3551
4722 6346
2813 8654
8647 5440
6476 295
6950 9235
4638 5573
5825 92
8048 3491
1504 9580
3585 4696
5260 1585
8180 4142
3354 1730
7507 4933
1751 6277
7657 2340
5167 6872
1820 133
7007 27
6021 3508
5250 4258
3276 3854
5733 7071
9224 1038
8277 7434
8501 1565
5497 2838
274 4159
4964 6391
3935 8064
4895 7231
2517 7860
8418 3850
9665 521
3552 1713
9905 1587
1405 6899
4323 8588
8157 6773
690 9147
475 4540
7109 5322
4429 1323
8644 5494
4659 2709
3588 3824
8203 8267
2095 9093
1386 22
2206 1876
3316 2947
9670 6032
5618 5291
8352 6570
1188 9273
8640 8625
7157 2608
449 9427
9173 2187
275 4261
2529 5621
7247 7835
7197 7076
3520 3272
5444 5434
9744 7424
6655 1331
5512 5261
5306 6063
3203 5187
9884 1472
9550 9551
657 1721
9040 7069
4832 7473
8813 4034
9493 51
8055 7888
7711 3508
8993 6038
2122 8618
3153 2966
9354 4609
201 1974
5774 1474
6758 9693
3455 5438
6615 5031
9204 214
1450 2075
328 4907
7900 4957
9959 4238
5410 1632
316 5925
894 8226
8055 3431
7280 7209
2752 6480
1173 4224
7894 5956
3008 8594
8253 855
2045 6824
3096 1609
8874 3761
837 7201
1275 2882
3415 7851
7867 4027
