10005
100
28023931
108 104 101 104 95 98 100 99 105 110 103 99 109 98 97 98 105 101 108 100 109 96 98 96 99 101 90 101 104 94 102 93 107 105 101 107 92 100 96 109 98 98 110 93 110 99 91 107 108 93 92 91 94 91 107 90 100 96 95 110 105 101 103 101 97 95 99 93 103 102 107 100 96 101 107 102 106 92 100 107 102 94 107 109 90 93 109 97 98 97 95 92 95 100 92 102 106 100 91 104 
-134708 -131559 -135600 -127853 -121210 -115527 -116922 -128512 -130965 -128024 -127774 -134450 -136534 -128523 -122669 -118387 -124655 -124053 -130981 -131080 -132602 -133501 -117475 -120864 -128945 -114074 -107317 -126834 -138449 -136778 -132834 -127530 -138590 -130717 -140306 -144711 -110469 -126966 -114306 -140757 -123631 -124135 -143684 -117730 -130841 -124646 -115226 -135425 -141825 -110321 -115614 -117720 -114034 -126270 -131771 -116875 -125613 -121672 -121467 -142623 -131703 -148351 -128746 -137370 -108448 -129539 -130487 -109237 -124642 -114588 -128706 -139951 -126160 -126909 -131577 -121765 -123052 -110923 -123631 -138796 -124987 -117007 -136221 -136039 -125166 -126210 -133959 -119023 -122383 -124040 -119088 -111436 -115768 -121813 -113921 -125927 -116723 -137718 -111987 -133124 
144477 146762 134505 157581 127978 135419 125053 128986 151765 163529 148413 133073 147980 127226 142788 135243 151945 136354 153560 128856 146903 151173 119749 133126 146115 152029 138569 129700 134945 134598 139425 120435 153140 134724 133497 153433 114760 143082 140300 145525 132441 128904 142642 127027 167836 130775 135931 142799 149384 139846 117356 130362 132801 130494 143964 118701 153390 144948 133421 158617 135572 146724 151460 153954 140585 123240 143424 132161 128624 136770 146426 142418 138393 130640 149143 132367 131378 128146 150495 157763 123102 121828 136312 150621 117424 157762 154428 136585 144141 144573 118088 114065 141634 137043 138857 141530 142906 139398 137146 138774 
6169 742
3068 313
3332 5405
7436 7810
9070 7034
2660 4212
7758 8003
8359 7649
515 5597
5611 5107
5680 4231
3424 4780
6860 8036
3564 4291
8113 62
2666 2819
4879 8621
3746 5661
2886 4298
5562 8869
6583 9876
4652 7981
1311 3332
5644 5566
553 5943
8808 9625
2811 3018
5235 4548
907 5239
3954 8838
6062 1057
8369 2658
7420 5813
7434 5127
64 3983
6182 1869
5983 2937
9206 5029
4993 753
4848 4501
9490 9132
8133 3929
8929 7524
6522 7333
6919 5068
7071 4405
4834 3005
458 1148
908 833
5040 4803
7706 2636
836 5369
1481 5984
4618 1713
9693 9977
9645 3019
1152 7767
7400 7371
4894 4624
3781 502
5022 6528
7690 4841
6967 7395
2456 1487
8248 3482
7459 5154
7531 2920
3392 5978
1405 4162
8070 1482
2083 6709
6940 3262
5971 3750
6268 4037
1516 986
3937 7818
5231 3731
2890 6350
339 2563
5637 8705
9245 2356
3100 2906
8561 8718
5213 5227
748 2274
2590 131
9661 2571
5892 4144
1921 4465
834 9594
7599 9386
9867 7611
1692 5740
2515 1161
4312 8069
5182 1645
3691 92
2006 5697
5017 6480
3054 5058
8007 2432
2606 4475
5590 984
389 9969
3607 3188
3364 6169
4424 8911
5336 153
2606 230
1030 3178
9756 4190
6512 8361
8478 9078
9270 8689
4092 6592
7999 7818
9596 3840
886 9245
9227 9700
2426 1368
6193 111
2353 6313
2561 791
4653 282
8638 1020
5337 2093
119 5671
9379 5670
5201 716
1801 1364
4816 2648
2749 7187
4916 6149
7299 8914
6702 8044
2237 4262
6674 9380
3953 2537
6890 7199
1529 9757
207 608
1894 3831
3260 2853
7803 3519
6056 1563
4037 1930
2807 3677
2740 6488
9164 4049
241 6332
6895 3433
2327 1200
9488 8929
9701 8373
1105 3246
9793 1325
6266 6673
2597 3335
5510 3412
3575 6127
6586 9552
4146 290
8497 3670
3106 5709
4594 8326
8589 2041
2541 5341
8811 5693
3302 7645
6320 1508
5188 9211
6513 9273
1670 674
7479 1290
413 9011
1147 356
3408 738
4685 8998
7073 9192
497 6630
5585 2834
1705 8646
6189 3771
1175 7264
509 1336
3154 376
5912 2975
3268 7699
4564 2058
5595 7246
4672 4412
9989 7439
9487 7346
8555 9215
8114 8624
2311 6866
4256 6842
4539 5166
6442 5905
5082 9350
4301 1011
3136 7586
4948 530
7276 2575
4104 9505
2275 4269
9202 9085
4906 5923
9572 9072
8174 2370
8658 6547
845 4226
6947 4117
5935 3042
8624 1121
4911 7962
1185 8995
4729 963
8901 1850
1432 522
4422 6879
7813 5700
6302 1378
6317 7965
8354 8672
5279 1601
4984 881
3082 433
6386 5138
8904 2925
5458 8928
7747 367
1148 1276
2039 8918
9512 1860
1727 4103
3501 8998
9777 1552
7942 6179
770 9649
3381 2856
2086 886
6318 630
6700 9312
4523 4382
89 7681
4147 4206
6071 5074
1091 3817
5774 2107
8737 7123
7236 5012
3282 4538
3664 9115
9237 9012
3725 1293
4816 3824
5514 7805
6686 2845
8144 5581
8405 8491
5927 2207
1868 3699
1168 4582
2535 3898
6666 7000
259 1712
9798 8281
8789 8685
2830 3993
8534 8015
6877 5690
1866 5611
6888 7196
5899 9841
1792 5552
9320 4313
9247 1183
6761 5922
8046 5634
7631 3381
4789 8468
2667 7596
3192 4375
28 6194
4139 9721
8223 101
8463 2563
1665 1429
5489 8691
8728 8413
8082 425
718 7947
3107 4474
7134 4225
5191 1097
4735 4330
8477 2315
9048 6951
7982 795
5543 1268
343 9570
1001 1766
6323 1883
6504 2000
2533 2201
5913 4463
8914 3114
4966 4795
8893 44
1504 9113
7006 9732
2760 8526
2957 4993
8964 4156
7734 8504
8629 19
1888 5921
3765 88
1459 8010
9663 4012
4322 4995
3353 4529
3890 4868
9986 2255
5518 1231
8030 6659
8812 3417
5092 5171
6990 8726
7473 8939
8548 2666
5685 2183
1994 992
7430 8668
592 5607
2350 8275
9382 6442
2198 9474
5359 8920
1217 9128
8144 5906
4230 6820
512 3790
4138 7664
9388 2963
384 7981
7030 8696
55 4015
2130 7932
4607 5132
1144 392
5700 6453
4207 9395
1372 8018
7018 1855
4978 9683
7934 5443
3070 1056
3636 5016
4112 5197
1390 2366
6207 5299
3608 7797
1918 7786
5248 2746
7575 9902
7694 5155
7247 4614
6085 2170
1244 5634
8981 7053
8512 9883
8704 7401
4013 4789
1547 1894
2771 1197
2248 2386
1487 7995
3787 6395
319 3488
1299 1224
4309 6207
9571 9260
7557 4413
663 1742
5311 5026
9855 3355
1907 633
9375 9417
9659 584
8562 7871
646 3465
866 4762
8791 3586
2299 8330
7502 8792
6174 2544
6393 4982
1666 9615
3617 6741
1065 8591
8359 1121
1604 2803
5297 8480
6871 8441
9362 6876
4878 6609
7132 8603
2504 7108
84 4925
7001 3852
3251 8447
679 3193
3823 9165
5587 1635
8464 4728
7170 2481
2446 7230
6332 8383
1723 7468
6342 5749
9997 5935
7487 3661
693 6028
8162 8431
7615 1805
7104 1377
8820 1052
5107 4449
1033 4096
1714 952
4670 8660
6660 3622
3110 7445
5708 8065
8724 8966
8645 3665
4290 5463
6939 7202
4584 7753
569 439
4813 591
3268 4224
2964 5635
8723 8211
1045 998
9130 8101
7847 5653
4591 1318
6231 7329
5669 4727
2855 7682
1118 1241
7646 5147
8528 9323
9207 8008
6494 2905
3986 4452
1349 8696
760 3165
968 177
8248 1158
8480 2682
2546 2844
1480 9818
3744 2533
927 6120
4145 9330
7615 914
2473 6443
4387 5189
6577 4018
9989 5073
1447 6708
5376 3788
7654 6346
6021 6267
7325 3429
2059 9848
8838 1002
8328 2974
2337 2778
4929 4640
4038 8685
3949 1192
7957 4470
2883 1725
582 8784
2960 6222
9573 4565
985 6168
7011 7796
9917 1084
681 8128
5692 1289
8253 5511
7436 2880
5610 3313
1777 2227
3990 3657
2041 986
9071 9721
6858 567
9712 3991
6007 3850
3983 2557
768 9148
3864 285
2300 2478
6838 8558
659 7431
7052 4150
5283 4562
2683 6457
5129 7708
9511 5260
8014 5596
8210 4779
2940 3489
301 638
3746 6265
8875 462
6587 1828
8946 7258
1308 4779
5137 2728
2388 5193
5042 3743
5344 4522
4372 6471
8075 4321
4840 830
9089 107
9127 4229
6996 5579
6554 1362
711 4715
4866 8364
1848 4305
4207 4638
1582 2502
3429 6400
5876 1194
7717 9979
5671 9234
2026 8776
9558 6385
9873 955
5486 7672
5247 407
965 7598
1999 8241
9017 2949
2683 8463
9435 342
70 7911
1193 2102
1705 4806
7430 4820
7257 7982
5038 7698
3445 5608
5677 4521
9315 926
1393 2772
8705 9133
4538 5423
2090 6600
3108 9889
429 2607
2394 6453
3485 4073
2572 8330
5501 2243
133 7341
2133 2639
2009 9294
3260 9165
9420 8688
4484 6136
498 2884
7415 1174
2900 5390
2651 312
4381 4851
7288 3600
2373 7186
7362 6027
1390 1867
4512 199
6669 6729
6958 8648
3241 2407
4911 6696
3538 373
5675 6298
5444 5094
1426 7219
7440 545
415 2416
6056 8557
3833 3928
4236 7900
2076 3666
4267 2962
6590 6645
395 8159
7982 5266
4054 6232
7099 8743
2416 9587
7170 7605
422 7714
5384 4340
5093 1519
389 5041
1084 6525
7105 1498
2482 6536
3265 6579
8331 7833
2239 829
1404 340
1917 2114
363 265
2475 2020
3109 2093
1715 3847
46 6036
4646 1778
6790 1516
7747 1932
3449 2933
6602 5990
3355 9740
8575 3674
5882 506
1824 4746
9690 1456
6522 8410
1784 817
460 4132
501 2752
2661 7957
4950 4573
9079 9359
8702 4611
6338 9018
4270 1310
3206 3024
9272 1745
7071 6424
1133 6951
5265 9504
4737 5156
5462 6159
8962 6751
467 3518
4004 8452
7130 3556
9469 5274
9987 3513
3276 4019
5397 6534
9711 9344
637 2359
4238 1767
9732 8982
2935 7278
1605 373
6764 409
746 6530
7704 7117
8075 4685
3745 2520
4648 5977
7136 9477
6374 9267
3225 408
4097 2699
9963 372
8954 3770
4037 2273
4916 1998
68 2360
8761 1150
1226 1104
588 3960
798 7550
4694 2196
7001 9121
2910 2519
9037 2696
5764 1916
4252 1364
921 899
6293 1155
4191 5224
3785 4513
3612 8753
3631 9428
376 7387
7055 2119
210 5375
7254 1991
5417 8546
3070 388
7715 8639
6018 1823
2679 1911
7497 3259
8888 2916
4172 2511
7884 5008
1276 6127
7687 3131
4738 6768
2867 3006
4327 6423
5721 676
5495 3646
7344 6574
2085 7906
5389 8122
5242 3683
2301 6934
2674 3160
4983 4990
6263 342
739 5916
7940 2143
9950 5498
6799 4504
6035 8140
3090 1016
7545 1297
9129 3913
3531 4573
9055 9894
5288 2046
4251 2225
7583 7167
4137 6197
1649 8642
2040 7689
3345 5893
391 8219
7762 9026
3311 189
3411 3739
10000 6782
1234 4589
5282 8023
5743 2997
1549 9269
9184 560
9572 6062
7119 587
8159 9430
303 4239
5222 4082
2841 833
2734 9542
8671 2451
4205 7383
9624 7367
4236 4757
3503 2513
1268 8601
4473 8826
7068 3954
3228 2599
5599 426
4790 2332
4028 4206
399 6068
4876 2940
8891 4312
2037 9771
7875 7819
6253 3454
4518 5764
5075 4369
7422 413
5312 8116
17 2026
314 3070
7495 8400
8594 1173
9584 5117
852 8147
9901 375
4426 1928
7120 4389
9643 443
3928 3542
3290 1899
3422 267
3115 8334
4951 575
9662 1178
4590 5246
3045 7397
7140 4682
2463 2922
8111 6846
9315 5710
2497 8626
608 2337
1476 176
9745 9845
3251 6481
9845 9992
758 8338
6207 8997
763 8470
5835 9497
7033 2045
6002 8855
4425 2626
9275 1101
320 8969
4173 6595
5149 1024
7249 9597
5006 8676
8429 7776
7082 7621
539 4392
5371 8001
8260 232
3059 3297
9016 2290
5362 4603
8486 9911
2549 5108
1511 9467
9666 9319
9237 2585
2066 8866
4540 7391
8175 46
5304 2448
1088 5418
6325 9190
4725 9594
6668 4232
1928 6174
9803 11
9222 7150
1289 1249
3487 9630
4928 238
3752 7937
5739 7876
8699 3289
8095 4141
4526 4062
2520 1505
713 4853
1407 2017
1511 9725
2739 7659
9205 9621
4447 2446
6867 8898
6611 1686
3933 2609
8607 4100
4464 3832
3411 6686
6289 2287
827 9063
2024 6478
25 7070
2795 4840
5291 4925
3928 736
658 5977
5601 8329
5863 3290
6895 5214
450 3482
6703 9138
5581 3481
6954 3692
6673 3280
6134 9931
904 7427
1177 278
8728 8464
8585 4946
4840 7703
3217 3560
8044 5310
3850 340
9900 1758
2965 7155
6896 4368
2868 8253
5539 7425
2258 666
3787 341
1527 866
2937 2086
6701 8013
6926 2914
9577 2404
9957 3001
4116 5467
728 4404
8268 368
2575 2935
7276 7086
9578 4462
2163 7875
5703 9743
5614 5156
3326 7020
7951 247
7418 4795
1094 9667
5758 4105
5709 3870
421 4002
6385 8090
8061 2804
4128 125
6058 5982
860 5515
892 2260
6354 8612
1658 9786
5102 5648
8074 5600
3607 7425
3740 4951
3585 2987
3017 559
4880 7123
6340 8408
4716 7573
9585 2267
4483 5192
3947 7173
5015 1253
8596 3121
9793 2325
2194 3964
136 9373
3022 4151
4670 6267
1585 1914
1821 5347
1926 9629
671 4558
2447 5880
3813 4532
2023 3361
3057 4457
3787 9282
5016 5171
3983 2126
4143 9308
2900 7438
4464 7852
6699 6951
8180 5960
6591 8753
2783 4995
6786 483
5562 6635
345 5998
1893 311
7765 733
5833 5985
8528 9947
7297 4310
6900 8107
7406 7327
6270 8032
8213 6380
4230 8912
1053 20
909 7912
8284 9688
5585 7084
9552 3584
3513 3272
8734 5164
5317 4416
711 1684
8320 9550
346 7402
6489 2246
3255 1138
6561 310
9232 8349
9810 3749
4625 6979
8086 3415
3400 1548
1374 6853
1714 4819
3779 9276
5724 5991
6484 7598
668 2441
3104 3076
501 1387
6312 2189
4076 3098
70 1499
8306 3395
1501 2432
7625 6347
7060 6463
3191 8717
1118 9991
259 9749
3527 8558
2172 3099
4146 4945
7793 1291
5270 4088
1151 1712
7076 6737
9642 1108
5924 9602
9523 3310
9803 2311
8478 5966
6939 433
4474 4045
5682 1965
5182 2508
5638 1562
7148 5589
1443 979
4703 1257
4594 7755
668 7198
1569 9273
522 4531
9118 6162
1551 5900
5718 6053
8321 3014
2884 9666
4596 9251
5213 483
7296 1120
7256 4496
6148 7330
138 4877
2975 9248
7521 6304
8354 7583
5690 6475
3448 1233
4616 2102
8148 1432
5148 4772
7364 4030
3185 5359
2703 5252
258 9965
9335 8456
4790 5691
767 5464
6400 4458
3784 7998
4150 7834
919 1529
2943 276
6625 8116
3904 5041
777 7729
9617 8699
8873 4953
6019 6191
8301 9447
2768 3657
5844 8722
2609 5023
9197 641
8630 9858
1254 5712
6469 2413
1925 9395
8002 1489
184 7627
6945 7508
1952 8730
6830 9538
1717 3000
6953 9108
3465 7342
9998 2692
5154 6374
7190 6652
1718 4473
6810 459
3618 2451
1725 6339
4118 479
226 4008
1599 8485
1566 5738
1815 9270
4693 8396
6915 3248
5567 1538
1092 803
3913 9617
9965 6780
2760 8161
1438 7530
9114 4949
3996 65
2493 8903
3011 2649
6042 2266
7160 4812
9665 5964
3141 2367
9250 5673
3133 1300
8026 2947
5463 6822
8595 4546
6176 798
2158 2988
2334 9622
2274 8132
2111 1834
5942 3107
7484 507
3394 1427
6189 1647
4606 3927
5689 2643
2828 9802
4078 3616
6748 5679
6473 6403
1883 510
4810 3847
4055 4426
2827 6403
7876 5873
6583 1375
3809 6581
5431 7916
1418 2773
7459 4755
8412 7920
428 9832
564 4148
8415 7332
9302 7677
6501 6231
2174 1179
6341 2837
8353 9032
8189 6568
3565 6910
5254 8759
6022 6785
118 576
8249 3011
9434 3233
4559 9545
9702 9244
6056 7529
2436 9538
9016 1521
4659 3697
5548 700
6386 8062
7601 5392
652 5723
6135 2121
711 7648
657 571
9508 7065
6736 2217
9218 9411
6496 4868
4003 2747
7114 6621
8012 2845
9530 785
6293 2544
7266 8064
5580 959
5428 784
8630 7645
965 6305
2341 1008
2049 7357
5435 5483
2117 5272
7425 6833
4801 8830
2283 6331
3207 1111
4846 118
9491 4900
84 7720
9793 4738
6697 1358
8865 4748
6159 7408
8155 3421
8012 523
2139 1544
8492 2992
7559 8558
7247 3970
7568 3113
620 9617
4236 8877
1478 1783
5512 5736
4781 7795
2717 6765
1475 4859
6817 7090
1445 4446
2905 4419
5069 2812
5967 6955
8518 7866
3782 6510
8475 6094
4202 527
86 4206
5661 3185
428 4583
4970 8833
7469 9457
3654 737
186 311
7166 933
8895 1780
6279 4866
6743 8179
6442 4002
3572 234
4943 6241
3764 2235
5826 7272
1397 6054
4560 2237
6236 8140
6659 6542
6710 3709
417 1048
5831 2668
4996 6356
9709 756
412 2672
749 2822
1312 6151
4085 3600
1043 8320
6925 3700
4429 5999
4065 8069
5342 4935
7874 2920
9521 1941
9759 6310
3009 7362
8345 6959
6915 5821
9089 9268
8588 8628
5041 6317
6588 6962
1825 6339
5681 4081
7264 5415
523 2838
3880 761
5661 5050
235 9688
6887 985
6789 9569
4273 6624
1850 6674
278 9318
3624 1734
9875 395
931 718
4339 3758
404 6775
4310 3054
8891 4402
6076 5580
7149 3546
7013 2000
6431 9554
9871 2573
5190 6291
8166 8149
6175 7819
5523 2996
9797 693
1154 9242
3563 4395
4269 1153
7842 2165
7984 5631
2705 9123
8193 6242
1761 5371
6019 4866
7155 4207
4493 7186
7327 6564
1075 6528
2495 2122
5332 1593
224 4752
8887 9275
2018 219
1063 729
8042 1465
3743 8488
3956 8187
6011 2970
8173 1577
8228 7696
7071 4273
495 495
9853 7154
1747 5457
6503 6034
8721 8042
7836 7844
720 305
8258 2628
2445 6921
8187 8434
213 5695
9988 9016
20 4608
3667 8177
100 5795
6207 9564
6041 2114
9936 8942
3747 1604
9938 6523
8160 6907
5506 1943
7408 3650
6545 5666
114 3479
381 4993
1655 959
353 3902
6315 3216
1476 8438
2292 507
3769 647
7790 3485
5919 1263
9819 8974
1329 193
9213 6568
4857 1404
9652 5446
6705 4560
2011 4291
5819 3919
112 3262
5985 3888
2211 1677
8000 4573
2583 8611
1215 6675
8154 6599
9271 6807
2086 2334
9319 4648
4663 3596
9851 2237
338 4163
4204 1370
4046 5405
3912 3444
7541 2040
4069 2960
7066 554
6542 5329
9595 9101
1858 758
5797 4221
8899 4483
9753 1326
9502 4337
2844 7519
6907 8387
6099 5776
7933 8214
9885 9178
4356 2896
7622 1915
5642 1399
1558 3675
2905 7764
8714 2339
5011 739
1247 2611
3146 9242
8564 9380
2912 2164
8006 3742
2849 8512
7678 1816
2107 9084
2730 5392
180 3639
4506 633
9407 641
5155 5180
9549 7294
722 7434
490 3739
7719 2065
9683 1889
7892 4827
4351 845
6671 8502
3219 731
9170 3752
5487 7265
9027 1147
1472 992
3009 3385
7685 459
5174 2584
4931 6177
374 2014
978 8483
9191 8079
3780 9263
8825 9706
2444 9210
4400 9383
3155 7513
9785 1908
6495 5066
8756 2415
8964 6439
5552 3382
1958 5691
3760 1175
3002 5127
4276 3712
3548 6320
4685 8281
5107 2370
8027 6888
6125 4103
8417 5660
7690 3859
1013 1824
7851 5157
5900 9114
1215 8351
1419 12
3693 4346
7379 3373
4084 653
6039 6177
334 7698
3956 3059
7886 388
4507 9841
112 6518
5487 9057
5077 7650
6591 1646
3488 8596
497 5786
4647 6330
469 1179
9458 7008
780 9248
9113 8651
4574 7065
8809 5521
2703 8969
5243 297
3783 4156
9370 9007
8425 9982
8373 8267
2062 7275
3025 9996
5469 814
4291 3462
1955 8283
2708 3556
7902 114
6648 561
1729 8232
4438 5202
5488 4292
4166 1795
8020 9249
2379 1767
2150 209
1602 5128
1739 8523
4002 5678
7122 5443
7068 7533
8601 7957
8249 5377
2263 9890
4583 5166
9333 2576
2021 9673
2898 8919
6173 6805
3620 9871
6271 2857
5398 4171
4907 8831
279 8510
8684 5863
8896 8437
203 1033
886 8362
7932 257
2235 4800
9722 9604
3163 6296
2350 8589
8055 3880
1534 344
9338 7097
1101 2216
3831 824
2218 7332
8662 4424
4288 1441
6810 1970
1499 7534
5914 5520
3619 9745
3340 3681
9291 6530
4161 361
4581 2153
8691 4217
3458 2066
1914 4190
7253 305
2747 5801
9170 1798
3740 3277
3134 8846
8848 4323
2484 292
8464 3233
1439 9366
8701 3733
8929 8712
7380 9843
3018 601
486 762
542 4344
6273 256
6311 5642
5120 9512
8684 7218
4344 9930
920 5603
6203 9691
362 3010
4582 7714
6101 6200
8985 768
1692 4164
2064 5792
3325 1872
7807 4368
6779 2053
3847 6041
798 96
4616 4878
1807 4480
7910 9714
5836 1385
8630 7555
986 6256
4576 3501
1928 8246
6375 1153
5549 2695
2892 8368
808 8511
3140 8416
7708 313
3526 8389
6948 4795
4572 6393
876 8375
5791 6194
7344 725
60 5639
5996 4831
1209 3892
8088 2829
4491 3486
9345 7513
4991 3852
2159 2013
4312 6827
8877 4153
7002 4840
323 8530
2548 4743
8113 7484
2815 9655
914 6991
4242 2400
5596 3244
2849 4283
2084 1222
9849 2037
2141 4554
6685 4140
3104 5664
2013 3252
946 7201
1756 3275
6630 2908
2256 5821
647 6983
808 8442
4735 4200
2248 1130
9707 8295
9009 1670
3196 2731
9216 5185
6187 6776
5882 6198
2057 591
4769 1314
1580 59
7067 8202
6561 9820
7837 2818
9837 7841
1303 4985
7508 1147
1256 4018
1888 8646
5489 4182
8280 5999
6042 6805
2179 2216
2921 6095
8405 6663
2640 1392
5485 4574
2519 4331
1070 2052
3441 1316
3722 6829
2967 7087
7851 8581
8607 9765
6617 8722
8922 5835
7856 8929
6443 3613
5766 2757
4604 1970
8403 8262
3551 9078
5489 7866
6236 8916
5562 5576
6284 4147
1130 5135
3940 9891
8761 1785
5386 995
8173 66
4950 8973
24 9466
1372 4089
7394 7136
6871 2868
9341 4987
3093 2618
3722 4332
8015 4749
4567 5534
416 8976
2873 1659
7587 992
3347 3068
2276 3996
866 4218
4796 6093
640 3845
7339 3394
1858 2980
1601 9621
3173 4039
7892 7458
2779 337
5363 6478
7427 3842
505 6654
4956 9174
833 9753
4632 974
5567 5768
9509 9924
9101 8294
9299 8940
4582 5397
3506 3234
6536 8939
9325 7378
6178 4296
6843 8307
2144 2863
9857 7713
1746 9182
6034 3144
1627 1680
3806 8444
6674 1261
4790 3956
9192 8588
380 8637
6078 8672
9984 8390
1618 488
4149 7177
2453 1426
4077 5249
2010 9448
6898 8585
3974 3776
3743 92
557 4698
2834 3824
282 1293
590 640
3268 1998
8917 8503
8997 361
745 1473
5451 4125
6914 3464
455 450
793 2016
1140 8439
148 7670
7895 2659
5657 6094
5959 2735
4609 7674
8877 2368
6582 6309
3689 2704
3156 2512
5511 7584
172 2093
1987 6964
4574 3240
2906 9254
6510 4673
4849 6577
6401 4435
6291 4618
4036 6472
7099 7966
3200 4755
2224 3070
3273 1755
4407 5799
1960 9229
2651 1895
4030 1621
5481 5249
330 7570
5012 2370
8833 7844
893 4322
8834 1788
2044 8167
9106 8222
1112 6790
3658 6481
42 653
9001 8152
5610 7605
6430 651
3217 2545
6638 1425
5764 4922
8051 1988
6914 838
9851 836
5745 1008
8503 4606
5473 3782
7346 2924
6893 5176
5336 8914
8537 5924
8503 7097
3958 5586
8877 7874
6222 6345
8716 5784
7785 7180
5565 1269
2407 6962
7145 3887
942 7983
9703 4111
4229 224
3333 6262
9422 5582
9548 1257
8384 7706
7977 8846
8286 4889
6140 3075
9068 5592
6553 4921
1585 3592
6961 1765
6228 2729
3225 2183
3605 5359
5631 8121
8169 6529
1873 1151
5813 2937
9338 7170
5825 3811
8730 3498
53 3977
6783 5912
9178 8587
4157 8466
1054 8343
2590 8027
1645 6244
6566 8285
1285 4801
3965 3975
5670 2996
6011 859
9990 9223
4894 9883
3662 8275
2323 846
9252 6945
6712 7585
5508 4744
3940 709
4289 7978
9248 518
3902 9874
5909 1881
2240 8248
1353 8462
9852 5072
7222 5228
1221 4194
275 7735
418 911
6270 6866
7106 9395
2456 3289
5776 598
8578 3461
5851 9646
8272 3651
3641 3187
6012 4021
2821 9558
6933 211
5254 9788
4553 2140
2263 2030
6666 3531
2938 6132
8047 7560
6112 570
226 6872
1803 4083
1575 4849
2698 3477
8206 5000
2607 7184
6064 6688
1539 3961
1156 2040
7106 6828
7226 3462
1278 5718
3180 9944
1164 1604
34 920
5539 8829
2769 8610
5168 1259
1294 7679
3829 5515
1029 6165
1459 6539
5397 7928
186 1301
7399 4257
6611 1241
8474 1450
1449 493
6025 9403
113 4518
7272 4690
6350 5783
4610 8665
2842 6354
785 6696
4290 3895
3120 8273
6205 2981
6486 5166
2584 5539
8834 3787
2829 6999
5297 350
1407 4574
8104 4006
6385 8919
5603 7738
3904 2418
3182 8406
4364 4812
2782 6361
1749 1870
3963 1740
9548 3549
7398 5635
9758 1298
2370 9071
5088 2695
4270 1952
1413 4102
2432 4865
7845 530
6618 5495
28 8708
9903 6897
3002 3921
7983 3683
4049 4421
3639 3550
5184 6920
6783 1840
7721 6460
4067 6993
9015 3500
4349 6803
398 6615
2328 1002
5879 9233
6126 2362
4162 1696
5763 4202
5063 2246
5112 2151
2956 860
8466 7597
7499 6303
3347 3152
1080 4081
244 3273
9841 9397
7327 1572
306 3181
8950 8066
3913 2443
9089 9728
8577 1143
8203 5051
9651 5036
7254 2027
9070 6978
4800 6110
5723 4084
9848 9438
3531 9928
4018 4935
6375 207
3466 6915
1364 8190
6565 5630
5976 3759
2335 272
8431 820
5096 1869
851 7563
6188 8991
9862 8755
9582 1551
6239 9906
8007 3924
6353 892
6351 1614
2267 5043
3297 6897
3268 2139
1732 6417
6508 2909
9311 646
6483 6555
951 1463
1894 4262
278 2133
1684 1423
9542 6379
9384 3849
2396 8288
936 7326
923 1371
3573 8693
8072 7118
3837 6510
2770 8961
356 949
3081 6068
5654 1108
6478 2206
8719 2720
8040 282
2682 2399
6868 8530
4403 1864
1029 6399
9137 1562
5070 687
1918 5042
1571 7187
5973 8498
9859 7029
8015 4814
5548 1145
3334 8539
5935 8555
2484 6999
4349 7455
5558 6634
2555 6360
2547 9079
7958 5679
430 5400
9032 408
8780 3722
5765 8915
4652 8646
7981 1199
9849 1135
8509 3038
3493 2767
2317 2138
4259 5502
8602 1020
7737 2365
3276 8632
1448 2440
9366 3177
8233 6410
2010 6644
8545 4962
7901 908
3550 2484
3958 9731
7897 1203
6943 3983
7970 1842
4080 1169
6399 2682
6387 6624
3702 8070
2037 7264
1622 5888
2827 7238
9460 8658
9145 96
7377 1778
3178 2659
6108 6142
3591 6679
9387 5681
640 6283
3047 1197
9387 5994
34 1104
5491 3846
456 595
2591 8397
986 4233
2693 8944
5845 9357
551 8124
9076 7185
2472 9131
9737 1086
3792 736
3225 2557
1877 5541
5664 6744
6865 619
3478 2517
9172 8606
1525 4850
3289 2610
1040 2974
3572 1539
205 9184
1738 9800
779 6616
3813 9260
9939 5092
1939 5095
875 1784
5953 193
9824 4449
7919 4682
6300 9781
3347 964
6040 8071
2145 8025
9065 8072
5542 941
9831 8513
1158 3970
7948 8475
3913 7283
5865 6530
8047 1289
1031 6783
8315 4928
6737 5769
4908 6054
8594 8512
7200 6739
2517 8784
3185 8823
5539 4760
9751 7226
8965 9761
5741 4635
1728 2969
9767 9404
8265 6862
9820 5518
5794 3731
7925 2117
3122 8541
675 5003
2033 8882
6737 1985
7564 8637
9027 5292
8706 5331
1082 3197
8789 1321
7594 6130
1257 8593
3253 8316
5704 9257
108 1975
3066 8846
8494 4143
3165 4430
2812 1324
2761 9903
7898 9610
1204 8905
5277 8230
5157 7079
7473 8237
2444 6362
8170 522
7191 3931
6378 730
1365 7648
9442 3057
2570 2399
7291 3263
4270 9687
8022 9216
5074 2695
5617 9392
127 6959
130 1127
442 2564
3636 9228
5004 9642
8682 2062
6635 9720
3122 6861
6428 7887
4592 6258
3813 2893
9898 3690
2030 4606
2426 5453
9832 1203
8332 9981
7672 2298
1788 6757
4909 4395
7009 2094
3211 1078
7542 5773
6538 7252
7900 1836
4528 6220
7995 1455
4410 864
8968 4097
8527 3616
8360 2613
5823 6641
5714 8608
4459 1428
8006 2788
1108 3856
7969 1073
6919 5314
6420 7634
1108 8588
8721 8125
3888 9470
8857 1863
5469 6249
7852 4191
6028 8630
2297 6529
9273 1185
8682 8077
1634 4721
1116 4105
1567 530
7675 889
5096 2197
9221 1769
634 8439
647 9573
1685 8381
911 5881
8270 4353
7520 3386
6788 8853
1010 3700
7290 5038
7011 1135
515 448
9203 7497
6043 4528
8445 5936
9255 3968
5469 7564
6785 1423
6069 9435
6739 4910
911 2203
8123 3541
4161 56
337 7448
5317 3359
4857 2329
3939 6208
4633 114
5565 4237
5527 5081
8041 8971
3326 417
3018 6227
1268 7729
5200 1900
1567 1597
1388 9918
6560 1093
6073 3840
1898 315
5904 9875
1970 6726
8671 9601
3309 1130
5773 2778
3301 1193
2665 3709
9218 2939
194 4424
3447 3114
9179 8814
7268 1641
256 5751
418 1282
5684 2855
1728 9255
4123 7209
4201 3633
7459 901
8139 4665
2212 1960
6546 4202
3497 474
1744 1519
7205 3256
626 2138
1981 9987
433 7497
1394 843
3276 2675
4660 3261
9124 2097
8909 1487
5295 4753
357 2455
6006 6962
6732 2303
5920 5297
5758 755
6865 5087
5854 6541
8365 3500
8306 1546
7267 6602
8023 820
5715 3424
1491 5946
8018 7393
4308 5458
1916 7194
7199 3270
2864 7659
2717 6630
4727 6449
1249 2105
8191 4168
5131 417
1978 1005
9172 4478
9004 7762
6906 2272
7749 8169
269 9526
5922 7317
3079 6249
3475 9793
6236 3967
9730 9587
7780 6691
895 7291
8359 695
5783 4388
2800 2870
9328 5164
7783 7156
7786 4853
6271 2017
8310 6465
7839 7507
7242 6505
901 7129
4785 9508
7263 9319
7071 9711
85 8699
7833 5164
364 3344
1138 4561
7622 4888
8419 3220
2410 2694
9405 2902
3664 3942
984 5347
3082 936
2756 6172
2516 87
8161 9475
4032 5469
1668 2563
8419 728
4414 3112
1486 4392
1203 8668
9790 6107
138 3565
6662 6157
4907 4368
5517 2743
188 9844
1398 644
6264 3654
7592 8760
6698 6304
626 893
6430 2624
546 3268
4796 4903
6744 3853
2583 7111
1713 217
8210 4161
946 9341
366 5678
9468 1401
8073 9585
3177 1530
2847 4181
2574 3448
4468 1518
7760 7347
4249 7331
3785 3044
6515 1260
5772 9389
125 5863
1484 543
8347 6875
4180 3207
6473 3964
2921 1539
4853 5698
9035 7027
8225 5449
3098 6422
7527 8254
5506 8486
7987 3360
2614 8743
8540 3939
9185 646
8085 8451
760 8107
9100 4330
1504 5413
4070 5359
4661 596
5206 2841
908 9738
6970 5933
8507 9114
2548 7842
1725 4358
6713 7192
4658 3704
9752 8534
6444 2128
6653 5338
717 7614
6304 4508
859 4185
2924 5668
4613 3531
3670 8482
7701 1720
1806 2985
6502 7496
4170 1248
9410 6790
1198 5250
9353 2724
2967 8316
124 3962
5702 2742
5847 2372
3116 6934
5072 6976
5088 7179
7038 8460
467 8647
2082 6587
9756 4589
8370 2267
8454 4407
2381 848
1687 6694
9318 2448
119 2145
4467 5790
398 1207
3992 814
9383 665
8693 7617
8879 4231
9166 9271
2925 6160
9362 4254
2890 8200
9597 2837
8080 8786
6218 2391
4349 7446
2340 7527
7594 4956
3994 2495
7457 6659
438 8188
5514 8466
9545 6590
1491 9750
3797 3498
8012 7548
6202 3366
2924 2469
5763 6017
1030 8695
9196 3688
3793 1808
4400 8262
4631 8620
4527 4502
5475 4009
7770 4711
993 5239
9948 4932
6009 1987
3826 1752
4146 4025
4285 9488
4644 2977
5297 6571
5436 6033
4451 915
1064 2651
6200 9434
6837 5232
6271 4660
1482 6098
1448 855
2349 6558
7141 3354
2219 5341
8541 4220
1460 4761
3463 5724
6870 4542
692 6243
739 7729
6303 8792
8539 3535
228 2395
8337 5815
2770 7427
2222 9932
5124 5756
1112 4448
6722 7419
9658 4459
1711 938
908 7490
1093 3295
8432 3293
1193 7590
491 5414
9181 6764
2542 9702
8424 5306
1965 9934
7326 8885
2543 4206
9119 2298
2726 6527
1401 8230
492 6247
6428 4124
7492 5041
3948 9408
1375 8431
6468 6777
5160 9242
2097 297
4780 4070
1252 6513
8880 7691
1332 1553
8923 6886
7631 2018
5623 8043
8171 6646
6163 2261
102 317
2490 7164
1197 9542
8806 3723
3587 7522
7526 8529
3568 4237
8335 6351
322 274
4416 6248
2989 6747
4988 1564
1555 7782
6105 6767
2282 6634
5944 28
1376 5054
9438 4184
7759 5406
5549 4428
572 9296
5840 3614
4981 9011
6032 966
7780 9606
181 6897
5942 9613
3928 2683
717 510
5905 964
4153 2636
3747 8678
6732 7308
6257 3138
5541 1198
1070 7691
3707 8060
581 974
5962 6592
6214 7804
2105 3973
8806 7996
6251 1689
1566 4955
1155 7048
8947 9784
5382 8810
9584 9588
4993 1080
4177 1887
6187 7110
8244 48
8625 6610
1079 4188
2772 815
3164 9047
8556 6859
7112 9022
6466 1579
8030 217
6156 10000
8772 8366
341 5448
54 6221
982 6179
9914 3430
5779 1916
6011 5539
6934 7213
3887 2819
1131 1578
4377 6367
4100 7152
7468 8090
1185 9027
1256 5305
1502 5280
3387 4004
115 6731
3461 7527
1609 4508
7737 5410
5569 9970
5630 8186
6847 3660
5849 4246
2095 4155
3197 6377
8935 7059
1486 3147
4523 7983
5095 5456
7306 6064
6935 4010
9557 5915
1261 1413
2434 6799
5569 6677
4510 3704
3176 2454
858 7917
1178 5733
2954 9539
2364 8365
9911 603
7853 2022
4765 6429
152 5232
6215 6995
5998 2419
1243 8726
7012 3239
5709 9195
1871 9338
8969 8267
5169 3882
6657 3821
7723 3401
6196 2644
7440 8611
2060 8222
5711 6000
1105 3377
6277 1037
2548 7833
1704 3489
7157 825
3491 211
8580 5810
7849 4306
1657 7414
4631 3086
7651 3269
7585 1186
6504 9430
5489 7536
8907 3494
6304 6718
5265 5011
3756 16
544 4634
9005 5881
6431 254
2524 8422
9659 542
7752 574
5433 189
2409 9392
8663 5480
9570 266
180 7655
4285 8638
3528 1816
2921 2872
6351 9091
5954 7163
1024 6111
2195 5722
2174 2885
8720 1980
9753 1011
3913 6245
2043 571
8476 3821
8271 4241
8685 8516
1751 7867
7247 3447
4696 4716
5052 3068
7708 6686
1065 3064
4976 8231
5983 6922
7594 2249
1141 435
2046 9981
3630 9598
6992 8682
2723 2560
7923 2655
3385 4458
7183 6954
7096 4216
4000 8915
830 3550
6771 8871
6317 1148
2168 8609
3209 4139
8021 5502
1388 6092
892 2012
4668 381
6628 1348
4492 7549
7017 3336
8165 2322
1834 7073
6103 8048
4663 8921
9458 6185
7118 8281
5677 4843
5010 6226
1141 3012
149 6599
344 669
7410 1728
8706 2347
5703 3184
234 5387
5747 4940
4029 1031
3105 5163
3199 1374
1009 4131
233 7026
7941 3015
8336 2730
2992 6565
6395 9207
8901 2002
1560 1414
503 1074
3797 4027
7383 5198
5546 512
9026 3579
3592 4936
6338 8129
5610 637
5271 9867
5808 2443
1805 9151
9008 8837
8804 3396
3312 2493
9294 748
8181 990
5836 3951
8740 7641
3859 1675
433 9239
6537 1382
6955 4818
9812 8837
890 3562
3629 2332
3889 897
7156 7513
1672 1959
276 3770
1942 5754
3039 1048
4148 7863
6525 1896
7598 7552
9301 5375
8160 3711
1190 8852
4367 506
7541 2725
9577 2420
569 904
9308 6749
2157 3193
4458 6849
1797 7044
3115 1048
922 5959
8093 9610
7771 5972
2870 1460
7508 9473
2000 340
9620 1892
6397 5223
5553 6310
2927 2919
5124 7491
4895 2759
1877 1063
4121 5314
7323 5590
2241 2468
7694 1824
992 26
2216 219
9166 1736
7154 9070
6901 276
8703 7363
5093 5756
8915 9490
2207 5161
1817 7293
2274 1878
6548 8936
5789 6386
5547 8410
8633 7133
9496 7589
6083 9532
4776 5305
4727 864
8548 8009
799 4638
8582 6374
1678 8303
3003 298
9181 6294
1987 1798
6195 7334
8750 8847
9606 2174
4130 994
4727 2815
5795 1646
4405 4111
3203 4862
7256 9276
6016 6185
8642 1863
349 4302
4551 3377
8071 6329
4672 9124
6306 2030
322 5113
6690 8957
1355 7827
3917 9480
9798 4521
7995 3145
5333 1640
912 8315
9203 6517
9763 8973
4399 7589
5840 7777
3752 5204
2868 4567
7786 1924
9913 5256
9335 6943
1956 1981
5147 2899
6758 904
6876 9095
7481 6981
8290 4766
9487 9567
2511 349
7524 1424
7081 7199
7805 8869
6341 1834
2083 4606
1294 9020
2195 1569
5101 1446
9571 6172
7159 1951
2835 1798
1742 6618
3989 6481
2754 3610
8889 3992
9628 5052
5745 4332
7718 6877
5587 1914
7414 8071
6683 3781
7890 1158
7848 5719
3073 6551
5711 8195
709 1154
5022 8844
6923 1630
8587 7820
1244 1012
2964 7646
6774 3722
8646 7616
9697 2468
7020 7228
77 8944
9677 9229
4188 2120
3111 2783
832 573
7045 44
4949 2207
3107 5444
3649 5057
5447 3061
9417 7761
3099 6339
585 9479
3629 2630
3385 6339
7976 9976
7325 6419
8066 4734
9703 7773
9485 6231
8494 1760
4403 8452
2923 3584
8172 8443
7784 3923
6671 4948
9932 8924
4739 7177
8667 4848
6078 3764
4580 3154
4414 3356
8362 3704
5247 3376
3014 5273
993 6948
8588 4111
4840 7881
2725 4226
5124 366
9898 3068
3650 5424
2810 3849
6722 611
745 3568
6391 9780
527 8893
8651 7702
9892 4749
1890 2589
4650 5742
4905 8118
6452 794
3826 8271
9874 5229
8546 6017
7544 917
1533 4338
7050 8450
377 8328
9751 7749
4467 6030
148 2611
6969 7617
6704 425
2062 8137
9923 8927
64 5482
6534 3253
6836 2385
1292 3578
6579 6025
4291 8354
5742 9157
8354 7748
2361 5534
2669 5071
8097 3987
6972 5675
1009 2365
2105 7384
8603 310
9494 2982
6396 8905
5461 5427
2842 1220
5102 2656
7098 8470
3865 6263
2505 8027
5876 1714
8610 776
8752 4175
3284 3448
9747 8077
6058 5459
4964 1575
7782 4377
3035 864
9356 402
2942 739
7603 1002
4502 6459
418 9709
5321 1055
8659 6386
4596 255
2273 5967
4946 8170
8690 891
4448 4660
8473 218
9643 7570
2444 2866
8777 8881
943 4590
7850 5195
3081 250
223 4411
6391 2428
3280 3548
5727 8524
6036 3836
9363 5734
1230 7353
1079 5215
2743 8635
4531 6484
9845 3724
5724 5109
1705 5607
7711 3057
2518 4174
3649 9622
3903 6635
5111 2471
4038 9728
6594 7419
6697 5519
6196 2411
7250 7526
9784 4813
9229 39
1315 6194
6342 5859
4400 8407
5045 5140
5471 5132
2946 4390
3122 2009
4198 8894
4196 2179
6646 1680
3120 2928
1457 7249
5134 3086
4512 365
7819 6589
4675 4525
774 1352
3115 4531
7450 2304
3430 9580
253 6893
2814 7345
6780 778
8181 6462
2001 3300
4294 7851
5340 8724
7621 7432
9650 435
8861 7419
8235 3916
8249 3841
2609 3456
3278 940
8550 2209
930 2854
3485 5121
3404 7477
8635 8931
2092 2490
5262 2346
3377 4890
6106 6380
3722 368
6166 819
8899 7095
3573 2065
9642 9843
3373 6826
4497 7183
8338 1795
3538 6981
5479 1204
3240 5718
7565 3522
5663 756
5186 1234
7807 9911
2493 8240
8460 2732
8763 3919
9100 2671
5946 5049
6365 6329
1007 5863
9562 5811
421 8752
9227 9523
9415 2531
5484 985
5130 1436
2510 9115
5114 6572
3899 6433
5098 565
3777 4077
5666 673
7649 4331
8353 4560
5391 2179
7339 224
8931 7237
2504 9290
4292 559
9693 3285
3685 1565
7739 5162
2428 9601
5766 4972
5990 5774
790 2806
9363 2319
836 155
2781 192
4743 9565
8924 6418
5527 9436
2132 4168
7936 1286
5923 972
26 9410
6077 4999
4088 3697
953 3776
9294 413
7623 8069
89 6328
6399 2739
9889 822
1029 3738
8034 9077
4208 2565
3735 6457
5669 4729
5895 97
1409 8324
8119 2412
2988 8729
2583 9917
3322 9403
4599 7811
4402 550
4941 8064
2825 2561
9389 46
3212 1385
2968 5206
9457 8061
6926 6137
5106 4549
76 6422
1882 307
1261 1578
700 5368
8615 9059
7599 2899
3055 2697
1841 7685
1565 7746
6867 4697
1719 6920
7892 6490
9284 2095
7713 9056
328 9069
166 5884
6848 9421
7918 7231
1195 6483
3014 8284
75 5039
9666 9630
8604 6954
3184 8459
1886 7816
9064 2412
8814 152
1428 8784
3241 7764
3719 8713
9966 811
9740 5132
9201 4663
9390 2875
9431 88
8998 3868
4676 2548
3802 4011
6749 8873
7223 1291
9973 7834
1539 8871
7970 9829
3884 4361
3621 3268
934 1335
2879 7915
9192 6086
62 9469
9141 511
7747 1824
13 3609
4591 3847
9291 4809
8136 5927
4868 2686
4766 1111
2403 3329
9722 7283
8793 9525
6376 5148
8320 7088
4229 3177
6509 474
4691 6654
5600 4239
2725 1457
8093 5288
8641 8128
6004 5370
5572 8033
1002 9799
9791 4588
2588 754
5287 2066
7567 725
8725 6544
6895 664
4414 3700
8991 8678
1470 1299
2245 8042
8159 2649
2319 508
6632 199
5856 9431
4942 4193
1235 4142
7119 2058
5134 951
1721 9193
6903 340
1376 182
854 5969
3173 757
7984 5042
3960 8278
3892 75
3356 338
7986 251
6636 6970
2514 5809
1153 2135
6206 8120
4066 1130
8233 6006
4883 2606
9151 4746
7526 9907
3306 2719
850 387
7397 3500
3144 5309
7023 8567
8321 1321
2657 5323
8350 7044
1166 2141
1435 3446
329 1849
5045 8600
146 7870
5853 3942
5778 5231
5942 4708
6978 7271
5335 5495
3669 9419
5499 5551
5795 7284
2504 7066
8793 5509
4773 6007
6191 6070
7672 9693
8796 4551
6361 5386
427 4353
2198 3233
8665 2417
8221 4102
9936 5425
274 4603
2290 5800
4815 460
8025 3423
2052 7353
9289 3291
8694 9521
1304 6146
4305 4456
4116 1063
8117 3449
947 4203
1197 2137
420 6246
4713 7191
4175 945
4451 7988
1250 4620
8444 6332
846 7987
5633 7260
4344 4367
868 6271
8673 256
9245 5511
4027 2970
147 37
9485 9834
9584 1603
1731 7397
2038 550
4322 4276
510 1410
5301 881
8211 791
8977 6736
6696 4233
7815 9525
5240 9606
6883 6201
6471 5715
1460 2288
9034 4753
8441 602
9139 6732
799 4720
7019 2861
6777 2057
9397 1307
5365 9170
140 8556
4773 3463
4716 1104
8609 6587
6337 1609
1834 378
3925 5181
5017 2187
1544 3717
6885 6363
384 3172
8686 13
700 3435
7172 8323
3801 6671
958 6860
1443 7222
3228 7382
6398 9204
8301 3306
3892 4815
5686 1022
8980 935
8364 959
6750 391
3840 319
1110 5234
4298 6162
2566 672
2929 4300
3296 2060
2623 9278
7539 193
7760 2204
7477 5665
7181 3942
7650 7329
7045 3219
8781 7869
4457 2214
7302 2448
1375 9777
6140 6006
3264 7328
8292 8323
1665 2404
8280 5043
4163 8368
8190 4566
2149 7574
4555 7416
8822 8651
8388 5440
1664 4642
7903 7986
856 8954
5783 103
5729 104
5653 3613
6574 1153
8057 5108
9059 1110
9121 4556
3043 9263
5691 4157
5079 5772
8875 7931
3946 7754
9857 5856
3805 9191
4451 9272
9395 5555
8202 306
9920 7776
4328 6811
7754 8844
4599 7269
4634 9060
2435 60
4598 4627
8272 2042
1145 7586
6903 8400
1890 7655
3153 4812
5480 235
6422 4035
3066 3127
7593 2149
6072 9216
4369 1731
985 7958
2791 1116
3886 6194
987 9036
7056 9131
8563 2383
3604 3650
9261 7861
6595 801
6248 1253
5451 2382
9897 1113
8455 5186
3013 8627
3407 6678
9087 5694
10000 5037
9033 8572
1733 1742
8992 3273
8325 9629
8855 7456
3608 746
7344 7844
6860 9740
5532 6092
6946 6439
7029 7702
4369 1318
4951 8758
4661 8556
863 7515
735 3805
9524 2283
3403 3010
5693 983
5173 2466
1856 2030
2948 827
7233 162
6278 9520
9496 7441
9040 1966
5432 1887
9059 1903
8493 8272
5530 7269
6029 725
8251 2643
2099 9496
7410 8407
9797 7976
8655 1200
7379 8050
8051 9840
3126 5711
8186 6465
1743 3826
6931 4171
9926 1882
445 6645
3846 8433
3442 8658
732 3439
2251 1633
2514 4046
8690 410
1019 5250
9191 5011
1914 7079
4081 721
9706 4200
4804 8293
1675 492
2325 1615
388 4009
7815 9271
3477 9513
2992 9139
7106 8229
3726 1549
5310 7570
7967 7833
6016 6038
7119 4400
3120 6119
8339 4886
2785 2636
2189 8505
3932 7143
9526 4693
1897 7291
5579 113
2836 1477
9050 8436
8833 1577
1251 5254
2876 383
5609 1787
8442 355
6928 8540
4954 8029
9248 1334
3166 3610
4261 187
9743 2566
5147 2586
7542 8648
6474 6985
5377 563
4394 2006
2380 8668
6116 7716
594 3707
2037 2782
7597 6697
5263 6644
5414 8686
5976 7033
1564 6008
3175 5108
2528 3690
1388 5523
3312 6978
3377 2999
6064 6897
1414 7253
7645 9953
1381 1093
9487 8709
3449 1391
7440 1965
7482 2651
4388 6134
4570 887
935 4435
3757 9062
1725 1425
8740 7128
7706 9463
5653 2607
7122 3340
7703 22
1478 4718
2274 2758
5078 1089
484 1350
8144 5289
4432 9738
2358 86
1586 4131
3115 8639
1741 5159
6121 1045
8755 7449
7078 6945
5022 1120
4989 953
3127 8237
6065 1307
1267 8709
5469 324
2513 1207
2024 2792
3554 7204
8357 3285
1392 1872
6751 795
7183 4633
4613 6365
8753 1002
3190 4256
5545 8279
3518 6659
370 1946
1157 9131
34 7816
8284 8205
2547 7612
7055 1367
4640 3461
9442 3866
1771 5074
9973 4748
8624 7921
9787 1793
2040 6530
9327 8257
853 3227
6865 5730
1126 8961
4526 1165
800 9786
3357 9567
9093 1324
5511 7658
3883 7231
3657 3504
5441 2055
4859 4845
8257 7766
1547 9547
3581 9061
616 3630
5969 1057
253 8897
3881 2993
7709 3326
8716 7142
2288 7329
4631 6909
5848 9510
1403 7554
6777 8487
4421 8844
1671 9941
1003 6769
3654 5410
9047 1466
7558 9399
6866 1069
8641 1490
6482 2242
6063 9390
2920 2525
3940 1706
9894 4569
9589 4233
6825 6301
3951 1089
468 8926
185 615
7908 6263
3300 7269
3712 8979
2983 960
6224 1096
7738 4050
8051 3952
6654 2937
3670 6647
6187 6959
7643 2939
7661 7613
602 1185
2588 7258
5731 7809
6817 4119
2164 4459
6868 6378
8323 4708
253 1568
7567 5089
6609 5190
7561 5919
2391 2818
5999 7925
2092 1431
4658 4113
3445 8358
8217 2295
2271 1670
871 9588
7335 8882
6836 7343
7062 516
3654 8182
664 1678
1047 2724
2024 5810
9149 5174
8784 7555
2031 9894
8932 813
1249 318
9509 9448
5278 1038
1093 2467
9709 2735
2506 23
8249 5401
5455 5026
6245 978
8129 7021
6845 305
3797 5289
4882 1104
30 1100
5689 7712
2856 3593
3358 7449
8330 4169
7824 3796
9063 9733
3490 7129
8687 8387
1482 6541
550 9233
3655 941
5267 5853
9687 7166
5343 5975
6386 1362
1232 8506
6809 4009
484 439
4650 7352
3548 2142
4051 1657
2950 1607
9988 863
9518 3179
1177 7040
6245 5622
7195 9577
5728 7457
5529 1173
3314 3339
6208 8930
9037 8291
1851 9349
2378 1194
1857 6499
2819 9578
745 8468
7286 4221
6197 6161
1492 6411
287 6188
7500 2757
9058 5230
8691 8107
6434 9462
3009 2453
1155 8728
7378 7660
8653 2976
6167 8453
2450 1647
1760 5060
4302 6833
7971 5843
6031 3592
8848 6403
6399 3524
9623 8970
7912 9311
2861 935
1302 8671
6404 9513
1819 8333
117 9634
8255 306
1643 4923
2083 2886
2264 7997
5213 768
9444 3414
4199 9147
5560 6679
6491 1422
1209 9170
5654 8810
2274 4115
337 8552
690 4074
6468 2880
2834 1980
5397 5815
4808 9766
6944 364
4249 8040
5272 642
3118 18
1502 1595
4162 828
3875 4979
7037 5109
4700 3652
4313 5221
9013 322
325 9699
8926 4986
4865 6890
4323 3772
873 5824
648 6069
7993 5715
1232 3803
642 104
8820 3935
6025 5940
8403 3989
9087 883
7577 7693
9648 824
6387 1423
3185 5649
8163 8685
3671 2193
8255 9336
4603 6792
1212 5699
8009 9246
708 2146
8442 3728
98 7801
5798 6587
5198 5693
9770 3716
6936 400
4371 2642
7757 5479
7614 5134
5803 4940
8360 8591
6066 8236
3066 7637
3948 7968
4169 2853
4600 5122
7104 7615
1937 5605
3082 2204
1361 3489
5699 6381
685 5812
205 8761
418 5727
4229 7462
7098 4286
8754 380
5904 935
7046 6300
2368 9012
3737 9234
9022 3171
1946 6030
1279 2331
9359 5892
9158 6255
5568 2265
3735 8123
2447 9255
3854 9116
7760 7870
8520 1095
4272 3006
650 5185
1056 108
4099 7861
4485 4754
9545 4987
1644 2938
4717 173
7500 2541
5677 9531
8370 1495
8553 1126
9794 4992
331 5864
3244 9517
6788 908
3118 478
6530 6445
1613 7075
3533 889
637 213
5836 2583
3498 5203
4936 7939
4575 3048
5097 51
886 5943
3780 8861
2054 1485
7886 4140
6171 1433
7406 361
5072 9989
4028 1017
8710 5519
7935 1089
5219 9305
9053 2415
1110 3325
8872 6528
7516 8249
8411 761
7456 425
6348 3251
2147 4557
6000 629
4637 200
7931 6221
2896 8126
1286 249
3409 465
5510 6129
925 4543
6204 6447
1685 9382
3999 1841
7054 6000
4331 4456
6882 2150
9865 5260
4891 2944
9812 2991
1095 452
5486 851
4303 9035
1369 4239
724 2450
7168 7821
3772 6596
8032 7532
3222 3317
5674 203
5693 6986
6709 8764
197 814
956 5238
6098 7879
8596 6097
6972 146
7136 7203
3511 7896
3992 9063
8867 5227
4303 9665
6777 2694
5837 5267
7913 4554
5269 6105
239 3800
5420 2967
8314 8963
9408 5804
6601 7949
4122 4524
5019 2840
3449 3258
1710 1941
7785 7771
3517 546
952 3970
4364 8531
7173 2960
266 9205
3033 6329
1743 4256
5672 9406
2534 4954
2043 8866
9637 855
7465 3210
7219 5565
3074 1193
5742 9667
4844 8483
7644 935
3123 1428
2978 2934
3263 4939
3447 1037
4084 8913
7831 6987
6760 6094
7202 6251
3046 7350
4166 3618
6626 1160
2560 8121
8055 5194
6842 5886
6717 9732
3501 2545
1829 21
4676 9359
4947 7793
6553 854
9280 2589
5675 5451
6909 3700
4950 6907
5859 5169
1281 2704
7298 1536
5722 8643
9163 3019
9758 9972
2595 6575
9947 8093
1220 7119
7756 1529
5040 5454
6734 7219
3441 6592
7311 7625
5578 9452
1701 4769
4564 2655
5904 4763
6772 4957
3491 1542
3325 1059
4107 160
5227 4108
2251 5369
2366 5196
8603 2754
9980 6884
1842 7749
1678 2502
281 2891
6946 8504
4020 574
991 3846
6038 4182
6202 9409
7970 5900
1039 1958
9880 1999
5835 2859
1752 7596
3961 8120
9115 6127
7314 4485
4184 2819
3754 351
5307 2850
2033 173
8681 9413
5426 9580
3146 2889
384 5232
9821 8941
6032 1255
6944 9677
7938 2844
1348 2701
9269 4213
1550 5854
6318 2982
1548 6810
4657 1121
5223 5058
6807 2131
915 7170
7407 888
1917 723
8847 3810
9067 7127
4759 4677
2591 4210
4522 1605
4259 7095
276 3297
1391 5516
7621 8107
2638 6523
8681 5083
3456 1566
5053 3659
4879 2132
1260 9170
255 3607
8133 2811
2489 7338
7344 1884
6893 7930
4144 3083
9869 5410
6228 1651
3890 3640
6674 1682
1309 7500
7718 5806
9395 3029
2831 7192
6773 7986
4170 4450
9546 4743
1247 5009
3742 8269
5197 2799
5353 9408
8223 359
3771 9733
124 430
5610 4540
6126 1796
7916 8637
2460 8639
2837 916
8381 7800
9072 3330
692 2971
6466 7674
2787 2259
7973 4011
3734 1685
2080 1364
5365 3431
5504 3635
3689 8272
5613 5640
4577 7777
7669 3666
3545 8349
3304 129
9049 156
7827 501
9903 535
7101 7277
879 7825
6036 2929
9870 9281
3925 7371
5229 771
6832 2883
1342 5129
8565 420
6670 87
9633 743
4814 6464
4219 381
9433 2245
8594 7727
854 1107
5912 9494
8946 4286
2211 7284
6472 4293
3564 2765
8718 7225
4233 2518
8594 3133
9672 7615
1839 9071
3027 6238
9385 5625
5260 3856
3045 1464
3842 9766
3880 8608
4712 5570
438 6106
5221 9679
4921 2212
7334 502
1031 3601
2354 9786
6490 5173
4227 7066
3206 2154
9756 3584
6786 327
792 2544
8445 2826
3387 1014
2027 5137
2964 8798
9055 9024
6640 5134
7362 4927
4580 1422
8951 9396
8285 1166
3706 9577
2407 4226
2566 4029
5895 5059
4044 3946
6878 8929
6590 9868
2398 7949
2791 7821
8836 1089
261 1733
256 4635
7598 1968
3131 500
9185 2384
2989 8550
3501 2002
9446 1829
2496 7226
278 3520
3721 3557
8494 6318
2449 986
7854 4733
4819 7562
433 9961
369 8548
79 82
9484 9884
8684 8040
1080 4438
9117 1359
3318 474
5585 1533
3553 9338
3701 7945
5417 4914
3754 940
5393 5527
7989 36
3968 3477
4398 9920
4293 4853
2774 7455
9256 7882
5215 4115
7948 3086
7317 9919
3158 7553
8618 2539
5890 2555
7584 4728
3748 1146
5423 1013
2174 1202
6826 9184
1051 4450
4262 4669
9500 2249
6128 2572
3291 4292
3244 9347
7698 3991
1793 9336
9161 8897
8744 1305
237 440
391 8152
475 1831
8530 4712
9970 5535
1793 9855
5642 4509
8359 1371
9885 2664
5151 5307
5463 6860
102 1806
8927 9082
5180 6663
1736 6643
7960 7956
5123 5215
6749 5859
5865 1211
7562 7150
7879 8547
2190 9338
3551 2017
7088 5896
1973 3718
6419 1191
6319 8699
5443 1569
1365 5600
8036 3449
2311 3035
1167 3139
7421 5618
9943 6995
9542 2612
6799 4253
4521 8447
6455 4959
1985 5305
8909 8902
2466 3258
6218 6115
8109 1946
94 3963
1648 4583
3628 4872
2875 1654
3612 1744
2115 2512
2056 9113
4198 2642
6430 2453
2245 7898
3934 5635
1146 9837
7255 4144
6357 109
4669 4145
903 4223
6405 295
2196 3806
5039 9255
4346 7533
829 1863
1502 5857
9364 3444
7074 8118
6368 7964
1073 8019
6555 3639
3751 9293
7129 7942
6797 645
7570 4005
9584 8467
9845 4318
4124 651
119 5194
5907 5338
1196 5864
6403 6416
5878 1962
3723 4919
4233 9931
3086 3858
3989 3598
9701 4389
1693 2097
124 4838
2637 9829
4967 1747
6642 5089
6634 5707
807 1458
7120 5218
3352 10000
7927 1261
1017 6286
8060 6637
7267 6841
7249 7906
1242 2488
6235 2372
2661 5945
1948 8417
4359 775
5245 1289
8422 5492
4743 8218
6982 9133
5270 4702
3037 6545
332 4874
1052 9924
6806 8091
9462 8682
4144 9706
6800 7724
5878 8543
8092 2258
4029 5426
7108 7415
1097 1178
7337 9123
1827 2277
5444 1435
4239 1280
8228 6006
9022 5873
3786 3975
4053 7391
903 2276
4096 5808
2301 977
4300 7992
6065 503
8661 6943
7019 6985
2314 3341
740 9258
6691 4402
1670 1440
8779 3121
2200 4307
6860 5930
1692 9939
5717 4914
1639 8390
1691 7608
4677 8141
3461 9579
4727 9406
4535 2019
8941 2547
5686 3283
8403 5526
1878 9492
3289 6869
1840 5738
6673 4656
3763 7156
5665 9531
9003 571
348 896
94 3948
480 62
3823 2740
8741 5899
5902 7147
4898 6644
3057 8956
6295 7664
2024 6410
4759 588
1707 5597
1460 9644
8647 5109
9398 4659
7603 2432
6138 628
3967 3751
380 1541
1090 6612
8228 2148
6731 8579
4257 2332
6752 9799
2553 7954
9682 6521
8557 6381
1514 1047
3139 2972
306 1444
4012 4878
7733 2865
5438 9690
3050 6885
4704 9558
9816 5537
7145 983
8110 6739
5193 5928
8889 7626
3545 599
5482 672
5985 7819
3540 1993
8288 7284
3411 2935
9347 8200
1992 3668
4056 9203
4904 7604
4886 3384
9685 3573
4243 3227
3550 4472
1525 8374
9532 7719
9667 894
2349 5660
3212 499
2531 726
7740 7336
8216 4855
1692 2798
7446 7821
5181 3040
3070 5260
1726 7583
2272 3106
6384 3856
8606 9800
1681 2453
6750 1932
1204 102
3515 560
2192 3360
4660 1207
9916 2747
9185 5467
8342 3138
5919 9662
6891 1616
493 3465
294 5778
170 8641
3127 3853
5761 5625
4008 6471
3694 8671
997 2229
3937 3854
9863 9648
7016 3299
7860 4850
6776 2325
1820 5305
5265 9856
6964 7706
8868 21
1581 5667
1870 9441
7904 9513
6930 7290
5684 1920
5437 9809
4574 3343
8462 201
5323 4815
3192 2564
6602 4213
1186 6467
1069 4287
5047 8820
2373 5222
9680 3276
2470 3384
2765 6943
4103 3467
9612 3740
8167 4258
2073 233
5874 789
7751 7883
2672 2095
3801 4033
8733 6276
8408 7573
3915 9018
4223 9894
4537 2865
5646 8292
6560 6257
2562 9745
1549 6393
3858 6651
9636 9139
8864 4087
8768 3651
2712 6752
2259 9465
8706 1718
3286 7368
3834 6480
4055 9174
9090 9075
3193 7902
8287 6802
1809 9767
5445 6000
1980 3575
9564 6798
6125 6179
1415 7301
6752 2042
8289 1529
2113 371
2915 9055
8494 7238
7553 8784
8440 3195
744 4997
7715 407
6503 1998
1569 1027
9941 8441
3547 1302
952 6452
3072 6047
799 4972
6917 599
4052 2502
9196 6312
5541 3904
924 9652
6747 4482
7695 7271
2249 2356
2742 9567
3850 293
5642 6989
1565 1984
9092 5380
1188 4159
5579 880
5954 7600
3844 8795
9847 8713
4719 4118
4943 1988
2400 4389
740 2532
8051 8925
3212 9179
8206 8037
5911 4646
525 3840
1077 3647
4561 1772
4921 6809
4262 654
3485 1704
5672 5246
8578 233
7922 5438
5018 855
3776 7304
3704 2475
7737 1206
617 7774
5070 6227
7440 5868
5772 6003
9600 5914
7505 9223
8438 2546
6290 4984
4577 8243
8091 7612
6933 3652
2799 2594
564 8792
3946 7675
6806 5134
46 1343
8411 5708
9575 3287
6510 6695
4748 6687
8952 593
2491 3406
8248 2449
5736 1482
9537 2102
5962 8474
3035 2442
3596 9074
4917 6102
725 5347
5684 800
2751 1334
7440 2742
999 2480
5950 1222
2895 5516
7847 8669
5244 6061
4131 2370
1198 5548
1968 638
6485 5386
2386 9534
3182 19
1746 2772
7238 7439
8796 1007
4926 2666
4022 3291
7592 8272
3023 5934
9032 1986
3832 9448
7514 2481
2688 7249
2260 9699
4476 5318
1301 8205
5688 8059
9012 4192
3073 7968
6992 6934
199 4466
5357 1180
7200 9065
3337 2101
7140 6724
4344 5537
3466 1204
1056 6224
5791 9498
7955 7839
2377 4011
34 4201
7187 3353
7873 4374
1199 6112
9592 3890
726 4961
725 1821
7864 1029
292 6815
8381 668
9929 8904
8978 3352
4308 4092
4839 7763
9025 4224
4979 1721
3378 9674
9271 1908
8634 758
4084 7119
7286 2366
1986 6450
83 4763
9457 5214
4273 2135
1315 7156
4987 619
8138 849
9194 3082
5313 3748
6532 9410
3792 1774
6698 3865
3079 2751
751 1002
8136 1945
7802 2335
2561 9251
2785 511
2625 3953
3697 2499
8776 9315
6592 635
9825 1384
8413 1057
8738 4735
8311 7626
8476 100
5206 4752
4423 5353
3952 8779
973 9469
8467 8981
8164 3680
9200 8681
5616 6404
6626 3268
7684 4213
6311 9498
1094 9034
2485 753
799 1113
8109 9005
6278 6688
3398 2806
8673 8194
2260 9797
2639 153
1607 8397
6246 353
5120 4806
259 4971
238 2639
7210 8736
7294 6744
1081 4302
5352 4067
3068 9432
7347 1201
5853 5399
607 1930
7407 821
3825 1416
6910 6620
195 1324
5932 2173
2788 3857
3519 3784
6685 9133
6328 896
9860 1236
1214 3102
1304 7285
1081 8313
4092 6881
9271 3415
4881 6809
4295 757
9577 7562
8540 1785
4843 9006
6116 7179
7461 4880
3061 8815
4177 9591
2710 7257
8886 2517
3828 5405
5064 8345
2638 1840
2590 308
5278 5821
7641 5868
7319 9760
2606 5309
6405 9178
7464 5921
1920 2466
6065 6288
6653 9373
5866 8286
5126 8025
6172 3773
9109 9959
1591 1398
9255 4891
7982 6012
699 46
831 2148
4362 7388
4792 35
517 8289
1043 6840
9590 4937
964 7131
8208 3674
9480 513
1012 6102
1650 7714
8685 4739
2176 2964
9796 8034
923 6723
4935 3253
5256 1771
1843 8046
1987 8565
2108 4140
6813 5354
1603 9368
9646 7485
5016 9770
5502 4614
3502 8257
6578 1548
3892 6463
3219 7681
6495 544
580 9197
5162 2654
3360 585
8938 2994
4722 9795
3280 5530
8969 7897
7759 7231
2808 1607
6391 3917
8351 1992
2240 1891
1838 9272
9746 3615
7437 9645
9177 5648
8351 3824
763 8916
9165 6425
7596 9794
835 6954
7795 3693
4524 9738
7071 2148
1181 3221
7077 8844
2389 1542
1729 9725
5100 7080
2250 8339
4770 4009
3403 106
6192 9079
7408 3898
7005 6233
5181 6239
3132 8243
6675 4408
105 5329
7091 263
8107 175
5795 7680
7091 7895
2022 5638
1537 5268
2834 2705
1710 2684
8527 9951
1807 6380
5533 5193
131 8403
5799 7192
2707 8881
3248 3955
7234 5886
6575 8044
1341 3069
7992 2509
263 2241
8842 1013
5805 6890
6885 1402
2413 8980
6605 1697
179 6967
3198 170
4917 3299
7634 2312
4086 2420
7803 5742
8997 2994
6499 3404
2979 1490
6570 4811
5818 3694
6601 5242
8224 3227
5491 5436
4569 9550
9371 1168
6231 951
9131 5058
7507 4770
1702 6508
7743 5366
8863 9843
9479 4294
7293 6141
6961 9294
6851 6795
9302 1153
8197 8513
7400 7574
4899 5976
3246 44
8007 1925
822 7769
8617 5663
6242 4463
9580 560
5138 128
173 6475
6972 9644
4261 1099
4742 6483
4172 1201
2514 6426
3873 3755
8045 9806
8027 1797
5731 2409
131 1338
5725 2809
6039 7136
1841 3150
1623 5169
2717 5872
9598 5163
1928 7215
665 4651
2670 4833
1774 4476
43 5643
9695 8869
494 5912
5112 8110
2968 1503
8764 3068
6599 224
8656 8373
3734 4647
2757 8520
6983 8877
1957 5438
4273 2608
2411 1346
149 2974
6616 1833
197 7245
3494 144
1762 3042
235 2386
4019 8422
7896 682
2599 6149
7625 1119
2376 9129
690 4997
5465 9585
434 394
2930 4182
1465 2950
4713 8231
6383 5942
6010 7225
4969 9056
7189 5058
5522 9072
6442 1147
5364 6249
4289 52
455 8936
794 9213
6440 6495
1461 5841
7451 928
2355 6987
7972 1510
5490 2481
9070 1064
9445 8953
5289 1234
8458 6251
5613 1874
4627 6696
1365 1031
9607 6104
7758 7427
3137 188
8165 8376
6967 5658
6375 5892
6237 151
6862 6618
3758 5075
5854 1296
6719 683
1152 2054
4875 1045
2537 2270
9892 8729
2567 9667
1002 1492
4806 8418
1227 6892
8685 9527
3284 2586
5137 156
2810 839
7421 3486
5990 39
9859 6407
336 4683
106 8137
2978 9723
1937 5761
1737 4505
5085 6252
2027 2383
6786 3851
9895 7702
3599 8217
375 2527
5555 7444
4824 5117
6531 4748
9129 6454
4885 9367
2229 1828
9926 9387
1989 7081
4389 4761
8279 8113
2640 2005
6270 7290
9275 9710
6454 6328
9434 8982
8603 7642
7405 7765
1979 4180
6384 480
6663 9782
1221 9770
4831 3009
3477 3468
6122 902
5562 9310
843 450
5967 5644
9509 3631
2696 3742
5308 5756
2386 170
346 6045
8241 8615
3162 809
1500 478
9459 9005
4175 6186
715 1317
3182 4900
3835 5928
5861 6301
164 8212
4511 1904
3169 6153
8125 7059
702 8742
5997 1669
6606 1265
7732 6985
3844 9997
8819 9295
1849 338
3213 8955
4754 3634
6759 8154
7943 4762
9345 7179
1522 9007
662 6901
5100 6855
2682 8075
4707 2334
3587 3620
4046 9330
1823 207
1166 8447
6991 7064
7758 4770
3952 7613
4087 8045
417 1558
3489 5440
8829 5509
705 341
8002 8156
2271 2920
4271 3450
444 3204
3135 8081
6412 3010
4732 5913
2277 1193
7227 8925
5275 3469
1740 893
783 5360
8814 937
8664 1575
47 6981
6701 4565
485 4714
6797 8729
3884 7896
1471 791
8082 6270
3007 7526
7478 4797
3621 1295
5692 9531
6803 1396
3366 4027
9961 3011
3691 2482
9963 1501
1675 4007
2419 2299
8045 7816
9139 3792
8325 9701
7091 1881
6742 6564
8729 1577
2758 2250
5927 4709
4607 6721
6315 7156
7976 5522
646 3659
6288 7654
7983 6982
7696 2461
9049 9727
4821 4429
6401 770
985 5416
3008 8752
9258 8447
9340 4188
7230 9461
4216 8171
7499 3480
5380 9091
8961 227
2756 7463
2272 1702
6748 1715
4607 9998
675 2577
2092 7908
6459 5153
8008 5295
1380 1362
3961 9737
8256 2888
6354 6906
8940 9935
1335 4830
9620 1975
713 215
1467 8757
9637 8404
8792 9612
1731 9639
7729 6606
7539 9591
9264 8815
6691 3859
2770 7905
9306 8951
3674 8456
9497 6670
3432 306
3003 2455
941 3556
8820 5089
1844 6746
2883 510
2228 2469
5216 5648
4021 1990
9300 9463
6303 592
6291 3377
9969 6896
1836 3559
9492 9833
1311 9726
8124 2146
4365 5164
8793 1212
4347 4195
9353 9320
2984 424
7861 2422
3084 2173
5099 3499
9646 8167
9930 1060
1688 4797
8883 1156
3356 7100
3898 942
1301 2033
8057 7348
1364 1541
4405 6937
9997 5895
339 2392
6514 9313
5227 7208
1199 8137
8454 1341
8525 7303
7736 3495
8709 5874
1175 7586
3081 2662
7761 1572
6285 1771
8590 3002
7658 1272
7177 8786
6062 7161
859 4607
1805 6541
8148 3332
6414 2723
1557 1075
8332 7022
61 12
9098 6253
5820 7408
8827 3524
8747 3251
5729 1531
8549 4821
2218 1418
2040 2825
4053 7391
5331 5013
318 7531
8481 8043
9161 9604
4875 9185
4553 8619
9123 8126
9524 8503
5976 5555
4543 6825
1309 2155
775 2345
3983 6155
6871 5419
1496 9582
8307 8385
487 7615
5554 2112
1991 5679
8850 1848
4741 8895
7615 3134
4264 1346
8664 6991
8844 790
4092 9981
179 8188
1974 307
1475 5133
1175 3527
3735 258
3254 5890
6841 4538
5072 4242
9011 7179
4648 5989
9636 2609
2243 4333
2202 3772
8310 839
4993 8343
3394 4342
9864 3060
4514 2108
5217 1273
2892 3028
4013 820
2635 2717
3985 3690
8637 5734
1460 2454
6676 2188
3116 4463
2734 5239
6351 684
5516 120
9025 5259
2290 1288
3913 6802
5299 6970
3509 3950
4978 9531
2967 7526
1181 9733
9878 6246
1186 5432
812 3901
433 8213
5692 5303
9429 7054
437 5594
5773 7046
807 6938
7501 3240
9645 685
6979 1731
1844 5555
3966 8734
4865 4055
9635 6362
4660 3384
6267 7872
8041 1906
254 9328
772 4934
4471 5544
6469 3295
315 386
9354 1481
4767 2849
3454 8438
7507 4285
344 9079
9545 4813
4326 8820
1255 3376
7922 5597
1249 8914
4064 5975
3579 4796
1755 9566
9955 3297
2611 2309
7758 6170
1315 5896
223 5989
1177 5913
1332 6204
8809 6846
7030 9546
2802 3071
2235 62
297 4810
1060 1107
405 7154
7471 1944
1581 6655
4135 102
4900 5950
2856 9635
9283 2332
4512 5582
9022 2874
9066 5696
3131 4668
1961 6006
5450 1221
9136 2226
2249 5834
4913 4121
6319 2870
4704 7451
2049 6185
2327 1863
9194 2611
1087 4327
5868 7638
2115 1961
5061 9639
6984 3524
7163 9570
4769 9018
2628 3607
8617 1529
9322 6074
4011 2680
8053 702
5170 2354
6381 1800
6340 6488
6784 169
3632 1947
5799 5271
9922 4741
8559 4188
9792 9421
9724 7275
5153 1778
9418 2747
7544 4560
3960 4581
1251 7335
9741 9102
2354 1653
9718 7423
9733 2605
3947 485
5631 7067
6214 8231
9544 3797
3075 3058
167 8540
2441 3326
8272 718
2895 2360
9303 9239
9494 570
6067 1647
6797 4658
1533 3472
5121 4187
3416 3650
8496 7726
9779 724
9769 830
5124 7313
8385 5239
3209 7761
9674 8947
8148 9103
289 7639
8232 7687
5131 2374
4181 541
5832 1708
8680 5441
1392 1259
5821 7273
8400 1798
1663 6302
7252 7625
6322 3132
8864 4096
6880 6554
1921 8985
2735 8101
9235 8447
9204 3321
8156 2449
2058 9035
5870 8242
7468 7065
5786 4250
1551 3747
6533 9325
5934 5724
7497 7307
653 7262
5105 3910
6513 7946
2127 3256
7184 5382
5701 8754
9741 5954
8833 154
6280 6000
2579 5374
4337 5872
4725 6296
2734 7556
3295 7711
5633 9844
2489 952
463 6937
4529 8247
8582 9330
9347 3453
158 9357
358 7426
1803 694
1692 5445
2598 4313
9935 4134
124 6429
3967 9132
2756 1988
1340 8529
367 3031
3921 7045
4756 6232
6630 1672
6613 9880
6454 3245
9572 1680
9066 3147
3874 6196
6089 3243
9435 1135
310 9755
593 5279
7279 4065
7424 2542
8284 4055
576 7475
4518 3902
535 9462
7230 1788
30 5355
5176 7039
3615 5654
6290 2867
513 9796
412 7129
4172 6155
1613 3098
5522 9694
2495 7772
3550 2761
346 352
9233 7405
4844 5504
8318 179
899 1218
4578 5555
9416 5241
3359 3855
2619 4789
4728 5432
2211 1528
4063 4968
3071 6633
3755 3307
7084 4251
4928 9701
2683 2454
2954 8279
3635 6637
5354 2541
5082 2109
9700 859
6790 3273
7656 739
7905 4887
6643 2508
7971 4204
8882 9225
9283 9208
3075 9000
4403 7673
3121 7456
9783 2078
5871 8744
4622 7832
493 5238
3077 9012
2956 9441
7879 9341
2962 9761
4485 1116
5361 6708
5350 4923
7480 1491
4352 4131
413 3912
9820 353
6432 306
6983 2213
6227 8001
5092 7447
1686 7764
2114 6226
8570 6288
3097 7362
1316 7469
9564 7284
200 4844
413 3219
1118 5401
8270 7066
7477 56
1363 6377
833 8810
4870 4002
2848 3599
4487 7712
4007 8084
9269 1680
119 8755
5439 8618
2316 8550
3036 9655
6767 4420
1245 7766
2961 3602
9360 7513
8241 1895
5356 5463
9703 8263
8619 7581
5605 5626
4236 4821
53 1159
2402 3703
1207 9369
5825 6337
8566 6451
8489 8072
2928 2633
7364 2481
6171 22
7358 5217
7140 4451
3596 3525
6885 1655
8574 8991
4522 9325
9491 1997
4434 9274
2175 6879
3560 6358
2907 6729
4834 8814
8465 7882
578 5009
4024 103
377 1293
7216 7621
1970 7376
9400 5986
5790 9123
4337 7710
7061 3379
4872 7286
2436 8332
9088 4014
4638 1583
686 2229
2837 2915
2559 3657
8534 4266
9752 1326
5346 7163
4519 7402
8416 4926
5011 8129
8246 5491
6733 9846
2176 1372
7732 4680
3429 3610
5569 3614
3417 3949
6482 2175
7472 2110
7158 9332
8501 374
1960 8290
5211 4240
4323 6851
407 5728
1441 8790
5777 4652
8750 1791
163 2083
1929 551
3422 6755
9869 4515
98 3255
4086 7550
2070 4901
8337 762
714 8050
8411 9389
9019 6231
5421 182
4313 7291
4594 4129
8036 6233
5191 1514
3776 8621
5183 6198
8702 8417
8799 2150
9021 5182
9753 2374
771 6733
962 7270
8493 6161
7402 1480
8530 1074
1951 9849
875 9472
3793 8201
3166 7776
2305 1534
8460 5584
8908 8843
9713 3336
7885 56
2382 3046
1028 4330
6264 7732
1628 1604
7343 2665
3886 3438
7797 6148
6172 6578
3849 2609
465 7470
6198 4920
6856 3079
8514 544
1507 6408
8478 9122
8461 8873
4972 4066
9201 6471
9781 2820
5503 1197
7264 170
65 2305
2210 3782
5826 1726
2206 6076
9397 7786
5258 7223
372 8852
4732 2812
1857 4764
8766 9797
5168 3264
937 8815
9597 1285
9870 1606
6760 2602
7333 9000
59 7291
4543 3285
1590 7289
6586 4390
1579 5751
8228 5654
830 1806
6052 6845
5334 517
2653 7238
9942 2605
9569 2391
549 9247
985 5859
2323 7782
2874 9357
2716 3976
3496 2729
4837 7556
3922 6270
7658 6360
5679 104
4939 2665
4056 7046
2026 5184
9873 4223
2111 7476
5625 2345
3023 407
9680 7343
4603 9040
2430 7212
7161 6075
8647 9291
8046 5839
8743 6420
9589 5221
6543 5061
3214 7756
7533 1753
3933 923
3406 8177
118 7428
5511 159
1509 5024
303 1402
5147 2659
346 3507
8104 361
1773 9754
6510 62
3288 4972
9862 4950
5819 7618
2799 6233
4435 5124
6177 7672
2062 6290
6565 97
7665 6152
1548 9293
8171 7604
4237 317
8760 440
5947 3190
5521 8452
531 1992
2014 7232
7740 6102
8104 1450
9023 9463
2386 1876
4177 4983
1124 2761
5360 9224
8120 5086
2603 172
8547 6910
6329 9572
6909 8571
6480 8345
8309 4806
2988 8343
4836 8538
8658 5395
3765 7226
7130 4070
1608 7838
6890 6423
7745 502
8773 442
7872 5749
1139 6912
8431 596
317 7710
3235 1295
8155 1431
9891 105
9477 7871
1072 599
6700 916
6190 4042
1029 2058
9374 3123
1947 6991
2858 7199
9260 9603
7240 2314
2492 5980
7865 2123
3149 7774
5970 8988
3987 925
4353 492
2978 253
3128 5752
3036 3062
6832 4343
4242 5959
1038 5359
4635 9106
8404 3825
5463 3639
7227 2365
7688 9624
130 1870
7961 9674
955 4864
5181 3582
7226 6080
5171 190
7803 1892
1209 7583
2241 3525
3041 5423
6329 7782
7937 6795
4078 1770
1061 3633
9675 9848
524 7498
9230 5695
5101 6429
4103 7640
9060 2311
9531 1781
8633 578
3938 3110
751 5343
3460 7857
3689 745
385 2496
9600 6446
3935 5146
4604 6105
1770 372
1186 8325
9178 4241
3387 8050
2515 1624
5301 7313
6753 8955
137 4373
7686 4174
8879 6226
9591 26
5937 6115
506 1611
3328 9616
8480 9444
9776 4193
4835 4980
8163 6281
676 7684
3286 480
2491 532
7351 5397
3133 6962
9035 5981
224 3734
2203 8926
1442 1359
2922 187
9046 1397
8936 7325
5269 7509
6473 9563
9007 1903
2864 2493
2678 1723
2136 6145
170 4175
8988 5077
7394 7682
500 9377
2963 5594
9246 4348
9711 1270
531 7194
4296 7475
8951 4054
4431 5502
1838 3923
4923 3237
2625 7155
6578 8920
9396 3120
9536 5880
6877 4468
1328 6800
4179 9582
1219 1886
5106 6172
503 1691
1148 9688
3137 9823
9819 8006
4832 7627
8398 7486
1666 2369
8009 8108
460 3758
1119 9359
4442 2096
9882 4239
640 4094
8697 1686
7888 4622
2672 8613
1215 263
4470 9133
9189 7371
1143 3153
8171 5995
5906 3917
4370 7148
7919 5133
3005 4569
7384 1091
5071 8756
9910 2305
9936 2088
3641 2196
9910 5694
9616 8622
603 2577
5122 3709
7542 7475
7958 182
5689 1490
4232 9445
8690 6263
3934 9045
7659 2546
5628 9246
433 6368
8144 7891
7553 5855
3810 3699
3609 4366
9498 9679
7375 1358
7463 6943
8792 8028
3039 5230
9456 4077
5835 6191
7754 6264
3644 5446
7749 8912
8430 5027
9659 4317
6644 7451
3190 1497
8448 727
6593 434
9912 4401
7315 3542
7074 8005
3875 355
1402 6967
6642 1163
4827 7537
9735 525
7695 134
8844 6015
8880 7979
7960 1346
5602 773
3239 7219
1979 2785
8673 9419
8729 7064
1296 940
9745 8746
2910 3389
8969 1129
8834 8427
9959 9461
3697 1344
3835 4222
3879 2455
2672 341
5064 214
9765 2487
9516 6760
4860 8624
8970 3152
8470 7201
3384 9942
9167 8362
8004 6680
3194 4825
4990 5236
8168 5339
6530 4954
3133 2371
4379 4509
1320 8270
8850 9152
7724 9514
4068 9809
8660 3904
4606 5869
6935 6405
7338 1154
5622 1302
1870 4760
1802 573
3993 3767
7630 8548
3568 1401
4155 6455
6672 4264
1533 9993
2282 4400
586 3621
2022 109
3616 438
7223 8820
4080 7431
325 1992
6357 2310
4549 1431
8174 5566
6256 5235
5497 5320
7548 8539
5293 7172
8870 6616
7746 4223
526 7406
7822 8248
9348 2350
8861 1712
2013 5800
1764 7300
1030 9103
3422 5922
8681 3288
2763 5260
5270 1944
842 1463
905 8281
5762 7614
898 1450
2779 1925
2428 5863
2090 8095
323 7445
8207 5851
945 4411
5510 7141
6972 8087
908 2518
4175 2897
5928 9180
1859 3564
8090 9468
9662 2653
4587 4297
9930 2751
4309 8329
1138 2034
8130 8532
3971 2848
956 5700
5710 6218
2607 6544
2116 6922
4097 4295
590 6150
5834 7443
8344 9305
4208 9283
6725 7010
1718 3277
6039 6829
9713 2060
9744 7998
7949 5717
9202 9327
3214 1803
2153 1134
2279 1771
1033 8969
2078 5907
1127 5263
7324 9426
7818 8435
7515 6587
4440 7526
9910 6384
6919 6464
6124 1823
3126 7378
6428 1523
809 1634
7458 1846
6314 2426
5624 6643
2159 3528
7502 6380
2445 760
8804 5256
8042 4844
4848 2453
8119 8596
2284 9355
3487 7367
7611 6612
528 8454
5877 6625
9600 504
3282 7225
6577 8770
5185 120
8659 6592
3314 4482
1797 9621
7490 6521
806 6582
8891 9969
7144 6791
9695 1391
6299 926
7084 3234
922 3281
9367 6924
5054 5294
3359 9196
9181 2484
4961 2557
9638 1511
1836 9439
4611 5251
5764 1078
498 2785
4178 7757
8473 9262
8927 5258
8722 522
4056 6145
15 7692
2628 3569
9602 6363
5100 6016
7112 3589
9427 3269
505 2576
9477 9309
9349 9479
972 6724
4306 9959
389 9784
9022 8765
8124 2279
2370 4475
1856 6228
1832 9291
2361 2436
9678 4826
8863 2934
1046 8523
7015 1323
6954 7892
2856 2227
2505 7168
1096 3180
9771 8037
7545 7374
4033 9641
1435 7285
9326 2383
1025 1937
7912 6166
8931 9770
4956 7670
2836 6832
9465 5968
3890 6753
4691 963
2160 9196
5207 8234
2164 5297
2799 4502
6126 1209
2437 5474
1875 8176
8808 8557
431 4420
4929 6934
5115 8727
3548 2309
7352 5288
1923 8210
2266 8502
9436 5405
2939 4349
6313 4345
5020 1608
4245 2221
5360 6194
3797 5014
6715 820
2519 9201
679 2924
275 3424
8385 1302
6902 1682
4062 1692
2306 9080
3379 653
876 3791
1655 7534
3161 7758
8052 2326
5970 641
9493 4944
1238 6196
3058 3231
1480 8292
6178 2530
1153 6520
2758 9045
9126 4568
6218 7535
6543 7780
377 4798
7375 5151
3078 496
7983 9856
3635 1860
8928 7359
6379 2013
9453 4948
405 9857
2521 5249
3992 5475
5006 419
8983 8354
4747 414
3792 4239
4360 4708
1054 9604
3580 1941
1632 1815
2549 7373
4631 6589
7512 242
5806 9594
1730 9050
9260 4803
1720 7109
1340 8598
1219 8454
1604 1066
9391 906
8825 4445
1060 7862
8532 4343
2312 7414
5465 8507
8961 1845
4621 9683
3072 1138
6242 392
60 268
8119 7251
5395 3715
9513 7099
1194 4718
2399 7693
204 9820
8672 1132
9705 1948
9169 7000
7636 7060
7059 3410
4305 1669
2632 4493
189 4337
8460 9637
834 2511
6080 7260
5098 476
4918 1627
9460 8771
6408 3815
7990 4178
3217 5483
9488 6232
168 3083
9736 3048
6358 3670
8159 841
7906 6037
3783 2302
2924 9083
551 3083
4500 1089
1842 10
4207 2693
1292 1304
9480 6167
5748 6825
2372 5016
4831 8357
9156 5206
7946 7239
7764 5710
6183 9672
500 9314
2851 6822
2138 6618
3472 8192
6215 7754
622 3197
1649 68
7590 8928
3337 2676
9741 3330
5083 2906
6823 6329
1872 8569
9847 1818
7207 7949
5533 9635
6180 941
4753 5896
8148 828
8481 8492
938 5780
6930 4276
5401 4138
3354 7314
1282 3155
9190 8663
1813 2860
4111 2567
7952 2364
8709 9012
9700 914
1699 1408
6300 3328
5715 5231
8271 5994
5226 1695
6873 9387
2208 4160
286 4140
833 1898
9733 7197
7062 1224
8211 9026
6964 3219
6855 3762
7428 4769
5777 5120
7456 723
1121 1730
9325 6805
4594 6238
4729 143
4325 4417
5551 9698
3130 5342
5843 929
3192 1769
7118 93
7883 3785
4752 6243
4289 9528
9869 2201
5326 6206
9344 9717
8584 8894
3274 2309
9553 8727
5524 1553
5687 8419
6341 5975
6648 8238
6018 5489
6321 5667
8109 5035
6686 762
7107 9289
1266 7730
1960 7106
3209 7428
9509 3272
4322 8754
5387 6844
2187 9822
9084 794
6845 8804
7663 1131
5964 8700
4791 2259
4248 7994
7672 8339
803 137
4672 2935
4185 7460
7569 8188
8512 416
7533 2043
5632 8019
2327 603
7806 6858
5731 3691
877 1103
6000 3907
1838 3774
4210 3431
5112 7839
6066 3110
1530 7750
6635 1819
2930 5752
7352 4339
5858 7501
532 1156
1486 6178
2680 5389
2987 5286
5006 4350
272 8275
5523 7163
6481 8325
2358 4411
4305 5546
2305 8303
9501 1376
9177 1955
3556 6954
2875 4068
795 5095
3133 5789
9985 430
1805 2819
3686 3228
1558 8310
4896 691
7542 3602
3610 5071
1000 4044
7943 6833
8411 7697
4644 4730
7719 4702
9238 1340
1270 3115
4019 7626
5100 9454
9064 4072
6162 3447
5933 8642
6561 3368
6632 9385
4032 8300
2766 1160
5111 7386
6778 6028
4503 2330
7599 8144
3878 1189
5066 284
461 8222
805 9143
6240 7929
3496 1862
5431 7089
902 5550
2051 7080
2532 9041
4062 5205
6647 9504
7408 9017
3562 5585
1467 3066
7913 1743
3352 848
264 7669
2920 7915
1678 2609
6066 1040
741 595
4256 7203
9706 4902
2595 4388
1538 9319
2408 1174
3591 6037
4999 2288
2903 8669
6016 7592
8008 5606
306 1325
2731 1196
2176 2344
6317 3337
9563 5815
1807 5889
8822 1326
8733 963
5183 3730
2293 661
4629 551
3695 2979
4178 5710
8990 8642
6772 6289
4547 5338
7517 8344
1169 16
1336 8741
7330 3050
8743 3844
1059 8303
8016 5849
5095 5591
2524 4523
7391 2144
123 4297
2451 9838
3367 9006
7898 7758
9567 8872
9722 5413
8839 3644
5315 4658
3978 1755
9545 9677
5092 8997
9329 4867
1592 5444
6480 8467
2764 9120
3994 9379
2862 7008
4748 3247
578 5835
1480 811
7668 4975
2050 6908
1339 6032
9198 3619
5100 1687
6564 7898
7714 3216
4540 7368
687 190
9091 6680
2022 2712
340 4826
7242 191
6382 2241
8987 4563
6778 8264
864 1223
2090 1681
4594 6227
4481 6912
3799 3172
4061 1550
8220 6900
2066 2326
6952 8423
1446 1338
1337 5266
4140 1626
1821 7663
1499 9225
3243 154
5832 8435
8167 9287
2901 5160
8141 8614
3518 3267
1125 5826
9014 3531
2216 9289
7072 9935
524 2718
7371 3292
4251 3629
9577 2003
5458 2116
1062 1375
5334 9369
7893 1452
5446 356
8349 255
7476 9589
3435 4859
4248 1440
9393 9125
1719 740
7870 2992
5411 190
8137 4248
6636 4059
9969 226
777 4943
8638 5367
980 4683
3998 9023
7590 164
6148 3726
879 2442
596 3772
9566 2199
5280 8659
347 3786
7556 2234
4371 7192
6346 1717
3705 977
8491 901
2506 3594
3692 922
685 9921
5572 8131
9880 7203
1669 7012
55 5466
7610 5725
5263 4955
4322 6914
4890 295
6091 6252
6956 7237
7841 2998
4889 3990
6963 1065
2387 3968
2106 5265
383 2302
8298 516
4757 5614
3576 877
5299 4585
3696 3785
6236 9829
9382 5328
7506 4292
4371 669
4653 5052
9164 3191
2880 6867
4901 7523
5591 4001
1758 4893
1558 8154
680 5622
4878 9764
7986 5734
2964 1468
4356 5589
5836 1521
5525 2120
3799 8389
8096 8457
2630 4558
1568 2317
8351 1346
7440 5896
7209 9093
28 5846
6386 1812
8417 5027
4055 9374
5697 3286
6849 7753
6348 3940
9580 9132
931 1997
553 5563
1084 3681
6964 40
251 6149
5760 2306
4425 2561
2767 4095
272 5942
7180 4581
3493 7976
2066 947
7055 1210
8608 8775
3776 6161
7364 1014
9192 4739
3607 6454
267 7421
8453 5161
2987 3319
829 436
7392 8912
8479 2993
5299 5283
8720 1383
504 86
4832 2608
6043 8600
1838 1314
3915 565
4230 3764
77 5452
280 2246
9674 4416
1717 1395
1669 981
3918 7860
7894 8273
195 5784
6530 2122
992 4900
3516 3210
336 5441
8081 5521
4470 5465
2706 4403
909 1288
4444 1011
8064 8811
7778 1156
3405 8091
5405 5410
6019 4252
4382 8839
2419 4034
6905 6592
1579 3297
9824 5205
6009 8707
874 7057
5233 7678
9465 150
1077 9414
374 3431
1353 5609
4239 5367
4762 3665
2373 1876
2482 5358
8440 3504
4200 4733
9543 4162
191 9059
4594 6559
3935 7393
1854 9472
7726 9911
462 5976
7506 1749
5284 635
7313 3834
3787 6454
3188 9609
5933 8980
1118 1216
1222 5676
7245 4110
1295 8380
4744 6833
1903 606
4816 2529
795 7994
1863 2609
4769 8808
8557 7143
3538 1305
2169 2760
3601 6743
9553 9163
688 7346
6962 6290
9362 6125
4955 3854
6222 4900
217 4337
2609 6453
6374 892
274 988
3102 7352
3083 2362
700 6752
340 2698
2921 7931
8728 7532
2061 9664
1403 3257
3915 5164
8386 9291
2235 846
4314 5338
6960 4440
9241 1953
72 3904
9176 7888
3921 1186
8446 5252
3535 1266
7355 6145
65 4475
9678 1669
1147 7210
1892 367
8557 6936
5068 6505
2973 669
2044 3182
8899 4368
6029 8500
1755 9099
252 5073
9942 9118
3253 7481
9081 2219
17 3075
3606 9828
9099 3482
2956 377
7647 8371
1136 1612
6234 4856
5278 323
2202 9531
6289 3855
9614 2179
1215 8989
6442 2880
1192 5216
4133 8904
8617 3500
9279 6460
8460 5501
8628 3363
1302 7881
1590 1219
9082 2858
5733 1511
8772 3651
7926 320
6250 1664
4314 6764
7387 3631
446 9169
1640 9541
3736 6077
3543 6662
3012 5307
2783 9758
7554 518
179 1876
8720 8464
9736 4566
5089 4327
171 2608
3643 876
8803 5781
9670 2022
3958 8878
6175 8230
4252 2794
7365 9017
4204 4815
7657 432
4428 1759
6076 6884
7153 8207
3395 1113
4539 6908
5342 3234
7112 4494
5400 7394
7610 1793
7557 7602
5369 3627
7074 6117
7595 9514
6943 2591
5248 6047
6898 5616
2695 8801
8061 5005
1204 6956
3996 9662
2878 7888
1254 5922
7997 2569
9972 1839
5317 6000
3086 1175
9062 5826
846 9422
8329 7254
6009 8263
7504 691
4421 8770
8579 3691
1006 4761
5081 115
5421 3402
9561 9775
8828 7912
7594 4835
8544 8441
3555 6646
1037 3501
3758 2856
4998 2455
5873 2323
7409 2091
6711 7455
8117 4246
9333 3790
1751 7993
5827 848
7796 827
5363 9105
9947 4048
7787 1878
2335 1220
9292 4529
8310 5687
3920 8050
9906 4355
6937 6647
9365 8479
1037 9850
2244 8811
5896 3209
4400 3733
9918 6455
2792 213
1037 2774
5966 7239
6943 2906
1285 3327
5239 3663
1497 4645
9168 3253
2979 7437
3783 3334
2724 2218
9481 8564
5036 4093
9878 8956
6536 3107
1225 8158
1560 9508
6956 9029
1572 1738
4409 6091
4532 5281
6293 1503
9154 77
3054 6056
1140 3084
1042 6999
6723 1824
6169 3432
3412 9528
7096 811
2974 5211
6671 7674
7185 5826
9108 4477
5938 4579
6197 7449
6851 4391
8536 7076
848 4643
8244 8277
9922 5998
5550 3259
1383 8202
4662 365
6840 821
6152 5088
3252 481
818 1022
6521 4041
4571 8120
9160 4408
3638 1421
8233 1440
2348 7936
7045 198
6829 1024
7770 3222
7414 6629
8879 4065
175 5668
2814 9910
7928 3264
4369 6438
9515 2193
8058 4229
9868 9884
4124 6372
4294 4455
8786 9018
6976 2213
3387 5188
519 5358
5979 9468
7236 8785
5165 1155
8961 2310
1976 2725
3861 8530
2141 5433
5141 8792
2216 6722
1559 2925
1095 9900
167 3984
8838 7861
6626 2618
2344 8062
5221 8653
8350 9938
5534 7370
3067 3816
7487 8893
8638 567
6410 9353
7319 6290
844 8573
3176 6791
8798 9053
1870 570
3690 2742
9302 4702
7121 8866
5823 261
4510 6290
649 7570
6298 9666
3118 3388
4334 5127
7453 3290
962 9950
9980 8158
6128 4646
4696 1515
6917 3174
8066 9442
2338 6485
247 9333
4242 4955
9025 2252
3965 4181
5562 766
3089 519
8286 3438
783 4318
3814 6145
786 1214
8060 59
9705 4342
876 8132
6953 2857
3613 5807
6485 5820
4696 4115
5753 6852
3988 1974
5331 3149
6926 2928
7679 2132
1247 5629
711 6142
3502 8232
4799 2208
2877 6519
5262 2784
7217 6201
8565 9167
6366 7806
3443 6093
2393 7333
3754 4472
620 2503
8340 9534
9536 1404
4735 8375
9820 2100
9259 6245
9999 4890
7751 4357
4340 230
4094 707
5964 5045
5367 3816
9156 1210
2393 3653
6493 2857
1241 6319
4510 4086
6851 317
7923 1654
2506 2249
5737 2542
8779 6742
9949 6545
5315 2628
448 6803
3760 6653
6532 9058
5128 7044
189 6931
4820 3300
9265 5197
3621 3943
7205 8642
1615 961
5148 9596
9212 1762
7019 3954
6322 8185
396 1999
489 5069
2448 9451
3020 142
6058 2517
8797 2352
2015 1336
959 6109
1478 3964
3939 6767
8224 2827
3069 5287
747 9194
7282 4822
662 138
7813 3809
6820 1922
9054 2755
3431 9087
2240 6574
6343 675
1425 9555
5377 3273
6929 4925
1164 5172
3294 3387
626 2421
1614 5820
1322 6896
4019 6725
9039 185
6482 4381
8459 5023
8604 5229
4640 2614
2352 2820
3713 6115
4433 5212
4621 3978
3877 5605
8514 2875
7952 4566
8413 6185
1762 7328
1048 7632
683 4496
5720 5623
2860 5028
3658 2577
192 4444
9585 4531
8344 5046
4558 6949
560 1887
5610 378
7377 2484
7843 8992
9228 3270
8559 4447
8086 578
1921 7626
1703 5536
7676 1165
4477 2840
6464 751
1704 5286
8019 4492
4845 8535
8752 3518
8708 9727
3405 1397
9570 2455
5634 8869
2357 6086
2275 545
8340 9653
664 7665
3166 4353
5058 1315
4987 3619
5289 2979
9970 3731
4130 1656
6121 2573
9818 7049
4665 6638
2888 5618
2087 6223
408 3047
8568 8192
2623 5223
557 3545
4199 9839
4616 5211
5820 1649
3370 6923
657 8611
1619 4224
6307 5322
7210 2213
8675 4455
7960 2007
7310 436
9491 7515
373 4297
1849 3544
9762 1401
9283 7598
987 4468
4515 2963
3747 4309
9952 5875
317 3614
7413 1146
85 626
1931 7744
3503 9597
5944 2058
6054 9888
209 8016
538 3014
3228 762
6477 8776
9382 7531
1677 3993
8731 1085
1005 8749
5054 7742
6097 8116
4805 1761
5207 3186
5963 4906
8763 9136
1272 3260
4163 2280
130 6931
3098 5328
481 9897
6763 1656
8594 7502
4501 8273
3305 7160
8091 4284
8070 3821
5051 7502
2155 9362
4089 7180
9373 8843
4849 1962
9574 5396
75 9847
5741 9090
4089 1299
6678 1377
4659 5646
3862 8414
5052 1948
2864 8426
1036 616
7264 5191
4210 5156
798 4387
1064 1885
5057 9301
8532 3982
8679 4691
7800 5061
999 8895
9459 5246
7860 5935
8015 2776
1258 1060
4799 192
4289 4362
4208 6109
5570 5063
3380 9566
8702 6211
5084 1084
4239 2961
3871 2785
6474 8825
7176 375
4251 4664
6270 1365
3570 9625
8364 163
941 3486
8788 6890
1639 5192
6777 7110
275 3918
9402 8935
584 2733
6245 6486
3476 5560
9364 589
9026 7973
283 3629
3373 2399
4228 4001
3136 4673
1114 3618
8697 1014
2936 5036
6148 9384
3229 2075
3634 2524
647 9663
9170 4715
117 5701
7703 4184
8789 7260
6058 4861
5551 5325
2217 4724
3076 9703
5949 6093
4709 1687
8815 8274
8818 2258
4194 3370
4154 4833
3329 8150
2353 9296
351 4634
3404 4235
9375 2709
9729 2291
3536 732
6067 1372
35 9994
1795 1420
8290 4414
4693 1423
2252 4394
5661 9571
8607 5412
2731 559
3853 1366
6099 8428
275 7008
2171 70
539 1023
3389 6543
6037 2898
361 4002
4693 8079
7724 3744
2711 1079
4779 4364
4267 5864
7777 6193
5169 8465
5337 4232
5509 7733
4775 4408
7648 4822
6311 6991
2531 5219
4622 9133
3019 3784
734 4553
7805 9652
3551 361
2507 391
2932 813
5803 3089
4064 2917
741 7843
7247 3355
2805 4454
7978 2230
9665 4774
75 587
9812 9522
6962 7005
559 6220
3373 2130
5426 1288
7118 9408
5156 5844
5299 4270
7256 8509
6923 5065
6275 1232
3658 1945
8466 518
5991 2337
4515 3625
2172 4470
7790 9669
3216 1559
8214 2568
791 9305
9968 2232
8440 2130
2258 462
556 238
4199 3858
4801 9249
3963 7369
869 1930
1431 6774
2176 648
1627 2768
1546 2310
7241 525
9632 7863
3594 6623
2390 4672
2636 2102
1045 655
4622 1829
9892 8526
876 8091
4560 725
7412 1053
6235 7024
1470 3428
8309 898
1432 9602
2067 9125
997 4754
7507 1238
7840 8043
1714 6676
2082 1314
219 7335
1174 3479
6021 4034
3419 4754
5368 2213
5131 736
8710 1036
8670 4175
1469 7906
4802 6386
2096 6289
1519 6807
5063 2249
4386 9513
7308 3522
3157 6171
8728 3843
8997 3922
1006 3216
2551 3147
8985 864
1810 9129
8587 7855
897 628
1064 6773
643 1181
6416 7558
9252 842
4616 178
5851 7251
7397 7308
556 3444
9538 2311
4802 3016
3703 4716
3606 5364
1792 5642
7215 4028
43 6902
8908 7831
4810 4137
929 3420
7888 7040
3014 8195
6087 1637
5915 8873
5804 8091
9677 1562
8190 270
3052 8693
2023 288
1397 2889
6301 7791
7227 1311
7831 9491
9008 9129
9469 5328
6646 740
2134 827
5263 3689
3821 2321
2794 990
7699 28
3371 6083
5671 914
5790 5298
9988 1477
7639 6374
6935 842
7293 5214
7184 2149
7480 9781
1515 5743
3565 8043
1801 3554
3458 8377
3125 9869
1995 9703
8095 4559
7131 8728
1969 7855
2076 6932
6408 4751
5194 6723
7060 2098
4242 8995
3376 778
6556 8155
1206 7499
7468 9733
7987 128
8693 3232
7409 7824
1771 3812
3935 4830
6663 2787
6916 5885
6496 2943
652 4861
5608 2413
4605 9556
1327 8834
6548 3629
2431 5503
999 5239
5257 1840
2040 9862
4336 4535
8788 5666
808 7946
8676 8147
2450 69
2578 2640
2563 6427
1537 454
4255 7328
2771 5573
4659 4699
885 4354
32 5318
5561 3029
4276 1897
3905 8251
9260 4948
2469 7517
1877 831
9749 5154
5814 5746
7402 1209
4746 457
3020 3162
2585 6664
6991 8052
1523 7910
484 7347
7952 1392
8127 9945
7018 6240
7940 5550
1561 9977
5438 8410
1435 3721
1952 6100
4680 8527
596 73
8574 181
4959 6666
3693 8344
3216 8900
616 4864
5283 4710
5183 2049
4492 9622
9173 7667
9674 760
9464 4684
2094 2135
3434 3393
9410 9057
9007 4649
4335 6416
1382 460
5848 4845
4793 2273
4817 4742
5251 3587
7659 3379
4412 9979
9443 3444
145 8763
1689 5973
1943 8230
4575 8831
1899 755
8180 4509
1430 5690
6604 5243
8217 407
8798 2035
4166 649
4015 6280
7819 5049
844 1442
626 6622
3905 6800
6779 6721
8303 7928
9994 2233
1281 9654
5744 8728
6010 447
746 4305
6830 6292
1540 1917
9543 935
5930 4242
858 8136
2511 1349
1365 9301
2540 2308
750 2339
9281 4639
230 4792
6732 8630
6598 7009
8700 5883
6217 4802
3393 6048
3373 7230
4906 8682
9832 6459
425 7029
4776 8992
9527 7376
3666 6400
2574 3735
5812 8475
2226 9218
8279 7130
7664 2169
7290 9052
2493 9339
4402 6969
1375 912
5812 4556
5082 3811
4683 2464
3432 7823
4231 9528
9222 4315
9454 2612
5224 2675
5541 3566
4867 4050
7869 3020
817 9343
3105 8606
4362 8097
7668 3314
5728 5913
6397 7296
4754 5039
4465 80
1460 2554
8058 9237
4379 5111
3284 3527
8480 8833
2467 8760
8391 6056
4994 5731
2503 5051
2128 5834
3403 6882
9209 7995
3874 4650
4393 8925
3156 4629
1779 5251
2497 1614
2559 222
2328 7805
2450 6594
7868 4578
2042 8468
5161 6439
4432 8490
8721 7792
25 3221
3107 9391
4793 4708
2481 7292
5455 2105
5030 7604
8441 7804
4367 188
9778 4524
8577 1427
7577 80
8351 191
8083 210
4669 9337
7810 6261
4488 8503
9282 4107
7842 6687
6815 1449
6484 7426
1699 5810
3041 9627
6293 2366
7623 1876
5779 3902
509 1797
3864 1238
6553 2520
5930 1366
2121 8595
8811 3462
9153 9880
198 1448
606 8390
5606 7328
917 5310
6173 9560
2125 6944
6155 9638
477 7502
6189 3590
3357 2281
6975 6090
7108 6113
9337 5362
8125 6677
374 8973
897 542
7872 2396
1056 9550
2913 6593
9564 1911
9677 3286
7098 7815
268 5584
9256 4003
6033 1193
9443 8727
9313 8286
1453 6715
6018 2427
9739 8749
6317 8722
4633 2153
7084 8799
7538 2140
565 5920
2224 9944
3989 416
393 1457
4761 9269
9033 2194
4278 4359
904 9824
4234 9439
5232 3167
2645 1345
2455 6247
6518 9064
9682 8085
5428 6758
5780 4018
1125 576
6508 874
4617 1752
659 5309
398 3857
209 9926
5788 6142
7603 5748
9597 2785
4126 3264
8639 4176
8317 3449
1656 85
7379 5054
6598 9879
8405 1832
8560 4214
2282 5615
7054 7384
1367 4671
8360 7907
1651 4768
7919 8198
160 788
1311 2371
3609 2518
2018 3877
3730 1115
8950 3074
6991 67
9460 1841
3946 5726
9558 1396
1929 1425
8272 7905
2391 5219
6463 9398
5386 5486
8453 8466
2577 1943
6108 5521
4157 6969
6859 2595
2554 5028
2728 10
5935 7905
7578 62
7105 6265
5072 2874
7752 1772
6607 187
2401 76
6127 4481
1928 1121
5633 7487
6579 6931
8319 519
3580 1982
768 54
2157 4369
4798 5381
9021 6309
7204 9357
3696 2324
9972 9305
1503 1213
2379 6254
7966 848
3674 729
6364 1809
960 6317
5931 2632
1019 6593
818 8803
460 1241
7490 5279
671 1922
5311 5459
9428 6990
7024 2450
1501 591
3361 223
7582 7143
5244 2763
9156 4016
2217 9723
2958 5400
2959 937
612 790
5621 6932
2549 954
2369 9528
2688 8490
5610 1960
1972 1625
6818 820
7284 2992
8987 9533
4694 5033
8178 5067
6198 9971
6626 3921
3836 1249
295 4429
8387 8603
149 8900
1699 9691
8872 7599
7753 3993
7407 245
9131 3459
1809 7809
8919 8915
3328 6096
803 259
7433 1644
493 7659
925 2104
522 8343
6464 1952
3499 8551
7243 6171
6803 6868
5639 3521
1334 9480
3379 3024
5515 1466
8180 4128
7179 3724
6628 6396
7331 964
5450 2808
7963 421
4350 512
368 9624
4099 3636
1693 867
3251 3448
2666 1675
9329 4436
5189 4502
5009 8287
9336 3088
1417 1143
9117 3575
2759 5986
4689 4676
3384 9781
4993 2816
7840 1304
1382 3003
1822 6080
9252 6750
7833 2161
1551 1074
8301 2797
7797 8391
1974 5642
4052 1296
9309 1605
4604 1657
1186 1092
7816 9774
2760 1364
3456 4261
8555 8316
8250 104
688 4960
6635 9440
5292 5577
6975 7831
2628 4525
5750 6020
4360 8530
4022 5568
5974 1823
3768 8830
9743 9693
8716 9011
5670 4921
8039 8042
7348 6654
1943 5301
7156 8459
498 721
2203 1362
8149 3611
7253 2435
8346 6626
223 6226
4859 310
6310 7162
5380 5665
5284 5326
7204 2372
2878 2152
6364 5189
7058 6915
3237 7137
4483 3946
807 811
9692 409
8744 5582
496 5971
619 7853
5645 2666
4993 5516
7157 2286
9483 5832
8531 1785
7288 6518
4904 3128
7053 5320
3863 6798
9507 3197
7759 1695
4252 1975
2240 4582
4634 9814
6479 8681
2041 4615
2174 9980
641 304
7979 318
4673 4348
1499 7278
1932 2420
3822 848
3724 6812
9071 7231
1163 774
764 2234
2043 234
4799 2941
4927 2737
1883 5275
9535 2974
7136 1028
1717 1247
772 1018
2003 7370
5006 3569
7908 1335
7568 4887
120 3263
7116 8252
5442 9380
526 9168
3271 58
1763 4062
5406 4549
4137 5011
5112 7026
2200 4656
8369 396
7003 6270
2383 4076
9397 5390
1425 968
3610 828
6266 2136
8820 6981
6541 3796
2651 3348
5840 9465
8463 1071
7045 7318
2724 3826
8960 7535
9592 5719
5411 1175
3792 618
3387 6908
975 9929
7902 1431
466 5023
1880 9421
8978 1752
8256 1195
9524 4727
6006 6664
7041 6223
4153 9151
1275 6349
5816 4969
8635 9906
6164 9365
8792 2518
544 2823
8521 1117
4870 3977
6132 3918
8408 1987
6701 8527
2506 3787
8501 7903
6822 8563
6178 1581
7370 5761
8784 1566
1587 7013
1436 8671
5877 6168
1744 277
961 384
1714 4066
5416 8575
3444 6417
1516 2071
2398 4173
3593 5654
2685 6336
2472 2307
1359 8446
6286 2806
9238 3285
9147 8551
6587 2311
4121 8051
3860 4487
752 6671
4708 3475
1077 7502
4878 862
335 7870
9618 9853
6932 3640
8306 1773
1753 997
4534 1404
9485 1766
7048 155
200 1844
5740 5932
9750 6285
561 7607
4275 2500
1600 7458
5876 7804
2247 5339
1469 4435
8423 7996
5523 7655
3968 1010
3916 5905
3484 1638
2312 5119
8412 258
9365 8872
803 1269
3271 4552
7295 8235
9228 6080
3435 7237
7659 6172
4887 4515
6055 3976
527 4503
3045 3534
9629 3297
832 2459
3544 3121
4869 5046
802 9263
9903 5949
8007 9087
7979 4023
1789 9483
1199 9244
417 64
5639 905
7061 1304
6089 3954
9647 7825
9790 1325
8019 3969
4006 1600
8215 8089
4961 8460
8889 2139
1458 2728
6535 7498
5423 8355
6087 8958
2327 9814
5680 4272
9206 7859
1158 4510
1962 647
629 9794
9744 6228
6560 730
3562 4604
2162 3739
4398 6571
2362 2617
8726 9910
6038 3294
6560 174
3035 1585
1580 3992
1304 1596
4149 8431
7745 6724
3118 891
1166 7994
2846 6585
1075 4004
272 2408
9021 2965
7553 4295
6855 1189
9864 1623
1429 1355
6684 7132
4495 9247
4011 3008
6465 9783
8325 939
9379 1172
3955 9093
7621 5130
520 1888
7836 4546
7966 8432
7610 9614
4411 9559
4515 8374
3160 1030
6313 5832
1189 5040
750 2236
5994 1493
2059 8211
4351 9706
5994 8181
9272 4029
3738 7601
9231 8773
7306 735
3969 2056
8895 930
3896 7275
8502 138
4885 6306
9850 2520
7752 4204
3925 7745
7255 1687
5806 9245
8476 6979
9952 7516
6978 5007
9341 5127
1562 4788
8123 1778
3424 967
3605 879
8100 1540
4129 6576
7310 2222
4970 7118
8422 6910
8497 9352
8094 330
9185 3174
3088 1069
9116 8939
6343 898
2705 2804
8677 9581
3839 2148
2845 5669
9466 9562
4301 1964
832 4075
9915 3437
5298 4871
5574 1221
6234 6398
3241 6344
4579 2588
3509 37
6054 4847
9927 5107
7942 1824
9247 2936
4016 3856
8309 5682
5892 5632
1081 7742
769 910
8646 6595
3857 5831
2851 5461
8540 822
4563 6527
356 9680
2736 5052
5404 6401
9672 9108
4316 5747
6147 9604
8143 3034
4916 9946
6100 4079
8091 4156
8620 1075
6336 5364
8141 8204
8193 8539
9581 594
8214 7977
8890 7500
3954 9341
5011 4121
5788 7313
9208 8377
2900 6535
3392 6252
8725 7405
8130 9445
4714 9069
6374 8491
9723 5848
7845 6329
3752 8353
2880 6170
2375 7743
2086 8070
3485 5266
5096 4190
3579 1804
6944 7464
6808 3273
424 5524
4196 6601
3422 7642
2798 6958
6384 4986
305 1078
7661 7382
5981 6445
4583 6208
5413 9032
1493 973
1153 5917
8736 7918
9464 9416
3301 5078
1761 5485
9808 9603
9185 6359
2939 2246
3887 6541
349 8354
5500 5254
4910 5623
3283 4878
7359 9566
1629 9492
818 9165
6586 4708
5246 3172
728 4591
7938 8168
3209 9638
3739 9927
1549 5248
9345 1793
5932 8670
7053 3662
3940 6372
9926 6501
9327 9081
3137 885
6899 5096
7636 4260
9642 2350
9163 8501
6047 1632
1047 6676
2677 7073
8649 6596
1239 1433
8043 5727
6046 960
3271 3834
51 8867
3363 2473
4614 5239
8706 1629
4613 5939
9624 6352
9343 7316
4464 5671
9449 7696
6673 2664
8586 6737
2061 98
7389 874
439 7446
2304 4435
4455 84
512 7198
8543 543
7286 6713
9482 9089
5293 1118
6803 3547
2946 2040
3583 6289
7216 880
2794 8667
3277 1893
9983 7370
1477 7763
7146 8183
6006 3128
8299 1104
8729 92
943 9129
6510 3623
7467 1676
2144 6189
4375 9929
3724 2568
9046 2443
7455 9924
3645 4655
4010 6262
4296 9523
4143 6260
6713 9195
4081 8399
690 9988
3577 8690
1865 2594
833 6637
804 1581
6505 6923
6907 3007
4218 7904
1255 4542
4424 9637
8489 1173
5923 7918
5068 704
210 3733
8654 3826
5370 6514
5014 1962
8585 9612
9944 2557
8297 7462
4694 8142
6324 405
2728 1946
1186 2119
117 5853
8563 7107
2865 8604
8164 6576
1337 3394
735 5022
4331 7007
5816 6619
5760 4516
9015 9797
5852 2335
3139 3744
3274 8235
545 3819
6350 2458
4776 6611
1106 3888
1325 2711
957 6253
1459 6905
357 2704
1014 9100
6365 6215
4729 3625
6901 7410
6805 9056
2638 7864
1186 8252
4164 2191
8195 4794
7228 7021
3354 3547
7797 1155
5366 4875
8981 6529
6125 5733
6289 7228
1915 8577
1412 5898
5176 7672
106 2554
606 2490
8263 9695
6158 3683
7321 6942
8149 7858
1166 6108
3043 5170
8113 9551
3795 832
6056 4667
2979 2194
4961 8561
4612 9954
3859 6547
2677 7473
7174 2004
254 4004
3362 1150
9422 4236
3387 9491
1360 1131
6202 7944
2959 3931
372 732
4594 8959
9320 3681
3589 5299
4759 4639
6162 3920
107 2162
1179 4937
1227 8091
7420 5684
6781 1965
7436 2514
5969 6345
1542 1149
132 2873
4827 9761
6907 5713
2003 6383
2300 5834
5036 49
8856 7993
6078 6522
9993 3884
8896 2214
2363 8167
5731 2213
6777 6372
1229 7298
8019 4872
4733 7069
5337 8483
1084 3601
3781 192
2876 4341
5737 2349
3383 838
4807 1788
1314 4171
8804 1489
6210 9244
99 5052
4566 7931
8961 5518
5679 480
7521 1076
8172 6565
3137 9646
3354 5978
7028 6439
9567 4672
5969 4813
3603 2376
9993 5513
2119 7755
3675 2030
8265 867
2612 5803
9833 5142
7638 8381
347 4211
5541 1622
4665 8153
7983 5983
9487 894
7272 7868
5793 794
8215 246
3692 3835
5826 3192
5270 5166
3588 6260
9369 581
6938 9202
8468 3180
1608 6047
3442 574
5931 8408
1511 1890
6479 6982
7416 4117
7554 9053
1960 6831
3822 9490
5650 9158
690 2765
3967 4432
2801 4519
1953 3919
6041 2035
4378 355
5683 6601
9458 1803
8256 1218
9836 7443
6881 6353
7533 7114
7807 6343
452 8990
1391 1531
8551 5262
596 3692
8668 821
7721 2008
5099 2010
276 130
1478 9820
1357 8464
7276 4856
2124 1366
3388 18
1910 4096
3437 9935
8305 4810
9642 8974
3013 9908
2198 9351
8998 5754
2475 4496
5503 4379
3570 2207
5676 8670
6764 7131
6567 9920
5372 6927
820 1066
4545 5311
5977 7868
1996 6424
5625 1648
3391 9081
6410 7703
7567 8818
249 3760
968 8131
9518 9237
949 3288
2105 8199
6895 3920
19 2231
2328 7788
8441 4864
4793 5960
7495 5974
9381 6159
1043 4341
9510 4197
4128 3877
5036 6419
705 9432
3935 3790
7515 7550
7901 4026
2464 5454
3175 5661
9100 8937
1292 3457
1533 3832
6749 6185
5631 5497
894 6230
8957 1954
9104 2253
4602 9967
8816 5135
4273 3126
3215 2237
6487 9483
4246 2022
6925 9832
4593 8758
4926 7566
9779 6626
7593 6613
2149 7797
8148 8501
4687 7171
2221 703
5497 8699
2820 2859
6646 2621
1706 7776
6937 7420
3166 5004
2569 6225
3256 7499
7787 8536
4479 5593
8787 9492
180 2781
3847 390
3623 6450
9891 4223
370 5344
2338 9760
3340 9370
9079 4189
1671 9128
611 260
8083 3947
6876 8057
1576 3596
7352 2967
7159 8079
7766 2918
1495 8500
494 8392
8323 6030
1206 9250
1691 4644
2395 4389
6075 1611
4872 5063
8545 5813
7322 4276
4739 8721
584 990
7487 324
9238 2368
8309 3433
6633 6788
1195 1536
4060 5839
1434 7359
1904 9097
8383 9552
9650 5334
3456 4037
5923 1787
2546 6191
3700 9551
5156 8201
9656 2612
6048 7777
4683 6474
5227 6915
7970 3903
3578 9295
1003 470
7156 4109
8574 1453
3547 341
5339 2836
4429 9001
6004 4140
4772 2688
4351 6112
7424 2370
8105 6805
3107 2117
4432 319
9710 3813
1338 9773
8227 1594
2597 6870
2664 1634
3831 8212
5488 5837
9814 3110
5222 1960
8565 2253
6304 1694
3960 7612
3667 8228
3662 3516
5688 5648
3317 1513
1837 354
5555 7786
6467 2755
3130 7571
7788 6620
5647 3253
4818 849
339 5460
8174 3625
8189 8276
1758 5100
4249 534
9588 551
3154 4472
665 2756
453 808
1768 5659
8240 8413
6572 4570
6959 2405
2747 4099
4228 1986
6471 3838
8996 9548
8854 8443
4513 796
4991 8590
2798 8234
257 7456
4003 5005
689 9686
2547 1197
3057 7984
8608 2102
5173 1328
4658 8500
4593 2965
1777 923
5698 9365
3602 5407
8548 3409
7632 9859
5773 5752
543 8965
6924 6361
5683 5791
8224 759
5388 3064
1816 3586
6200 7537
3437 2211
7451 34
8523 1393
536 3692
9001 4551
5549 3388
8382 5830
1689 2847
1936 6039
1557 3302
8723 1085
8772 7517
3405 2834
2640 2126
7257 2617
2550 1964
9696 1106
8669 7308
764 2806
5225 1999
4213 5585
9009 5294
3562 9874
2488 9516
9702 9706
832 1710
7152 6737
7127 2474
4566 3192
1599 543
6619 963
6946 967
4646 6569
7177 5488
5674 4191
563 719
2009 4144
7002 9222
9499 234
819 7549
6024 3622
4071 2889
9384 3276
2478 6729
3933 7545
1250 7651
6239 1919
7808 4897
4454 6244
8578 45
5944 5030
1509 1822
7197 3057
2570 3815
7706 599
66 6047
5537 6077
6982 3270
7258 2390
1555 8691
636 8719
397 9277
6481 3763
2035 293
4258 1933
404 6380
5060 4978
1035 5430
4652 1961
4266 5149
3865 2634
8110 4862
9145 6045
7963 6048
6555 8368
2972 2335
9778 6541
3875 262
1786 6795
2800 5886
9472 7350
4725 3722
1221 719
645 834
435 8609
3666 9055
7261 5857
7309 2285
4997 3934
6897 2870
6207 9322
3371 2521
6374 125
7772 6450
6842 8313
8459 446
2986 4163
1618 6499
5390 3743
4165 9155
1426 4383
4191 3564
480 9582
9993 1518
8657 238
3954 2890
5196 3121
4288 543
8215 3053
3352 7720
5438 1806
8668 5616
6294 3269
1017 8561
2819 6043
6775 6803
3961 1548
4609 129
5544 16
5782 2217
6045 9101
464 5852
8301 2807
4911 1473
3656 170
9878 1355
9766 9456
224 6930
4866 4201
9314 321
4270 8949
8566 6099
677 9680
4284 9341
2915 9077
9512 5288
1424 6941
5118 7197
2929 4642
8688 1110
1998 4896
2721 1641
4554 2670
7592 7657
4003 1060
6273 7861
9115 2445
4037 4329
4041 3929
3183 6064
6456 4292
9373 7513
4583 4659
6274 7499
942 360
1623 3337
7818 6771
9830 2480
8492 9008
5993 6543
3902 9799
3355 5494
984 6636
8607 6303
6656 1482
1872 2769
1222 6626
7354 9577
9980 5757
4243 9482
2468 1094
6740 7688
2497 1480
8762 6745
3428 3960
4861 4975
4060 7329
2176 8082
4368 7489
595 2630
9994 7902
4217 2225
5084 1372
1282 8204
7962 4458
6999 6969
6715 2577
4284 3921
7334 2594
5126 5763
1263 2558
1361 2768
1700 1822
8984 2430
5833 4561
963 1427
2069 8281
8721 9824
166 9522
6592 5986
4520 6505
7057 5159
2681 7409
1278 7932
3847 8154
497 577
9888 8837
9946 9239
12 4344
3612 5070
507 5088
54 8265
5821 5218
1487 5632
8703 363
5078 8800
8385 5118
957 5339
7365 4742
4316 2696
1112 1599
3336 9518
7614 3923
4727 565
976 6189
7831 242
909 7260
3601 966
8722 9387
4457 1608
8299 9552
2861 587
4475 9779
8591 5927
313 4990
9462 7397
7870 8213
9541 9015
2398 7181
24 9241
2704 3691
6219 6647
5055 2600
2846 1592
9823 5359
9273 3248
545 5634
8590 6491
7168 3483
3977 8725
2942 7667
8583 6442
4011 4882
8585 1613
5957 1619
8229 8345
4708 4501
4793 6536
8579 1119
7857 1343
2946 3317
6110 4171
4560 1486
7967 9531
3886 8079
6427 2368
9703 4255
8340 8610
8046 654
1964 5758
9288 9450
7271 6349
2498 1370
170 4130
1868 6767
2524 1569
2738 7039
4457 6962
2530 8242
9273 4678
166 7968
1901 137
2977 4896
8957 2699
7789 97
7008 9916
5408 4166
8653 7855
452 2010
293 6291
1975 5149
1106 5658
2423 8198
9890 4853
1464 7548
4287 3052
231 489
5496 6592
1578 7045
8602 2891
2439 1771
4556 1923
2507 9325
5901 8122
123 2689
3622 2132
2309 7058
7766 5425
5922 3560
8785 1654
7820 3568
5086 471
4995 7909
2316 5859
167 3497
5172 3745
3754 6330
4369 4538
2851 2409
7713 3448
8284 6000
5712 337
751 1062
8536 5544
7906 2420
8245 9586
556 4236
9545 7758
9172 2556
8514 5911
5979 9950
6489 8330
9205 7045
3693 3316
8037 9160
8358 9161
9423 3105
8986 8284
3951 8380
8170 6300
466 5198
5071 9370
3430 4417
5614 6734
4354 5072
3212 3032
7804 8970
5537 2563
3232 5943
4653 6312
14 5180
4997 6459
3044 3574
629 9846
2529 3690
3253 7330
633 4871
85 8446
5612 1713
1356 2188
9506 9301
1622 423
16 9125
9731 7222
5124 8893
3513 4456
2393 6454
1049 8826
3484 5980
6359 868
1924 1453
4331 4570
914 752
8722 7361
120 4731
4677 703
2623 3074
7251 6162
5132 2273
9714 2328
4289 3216
1994 4960
5214 9482
6552 2344
3301 7053
7976 9901
215 7466
1320 2143
4223 2408
9211 4362
9738 8211
5462 7469
2111 4661
2587 5331
2660 839
5540 6305
7481 6728
5131 8363
9020 8944
1099 3313
112 5991
7052 2470
7946 4115
6623 9760
7200 5581
2699 2391
4253 7234
7994 5186
5096 7112
1651 2295
7398 4771
9383 7556
1521 3504
904 414
7693 7252
7834 2158
1992 8568
265 1784
8051 5743
9483 8205
7302 3293
1573 360
2503 1958
4674 7518
3818 8910
5102 5155
5824 5571
1822 8528
4484 6231
9046 554
7274 2673
9567 2349
884 1773
447 9663
2498 5779
2001 1198
7481 8461
1720 8839
4006 1869
9538 7197
4129 7989
5398 2786
8003 9833
7084 3171
917 1157
6331 752
3861 7769
4877 8628
4808 5467
602 5440
5707 9189
2565 2216
635 8892
894 8231
9089 2434
1655 4350
1498 4041
9194 4810
4545 9872
4366 2289
3227 459
1959 5556
6284 7434
6335 8545
5284 1654
8681 8509
9022 6186
1787 8613
8193 5130
7100 2438
7577 8874
8246 1208
2406 9331
3164 1803
990 6699
6160 8323
3677 8375
3472 9777
4148 3058
1664 2372
8137 1387
8066 5005
923 811
4279 5787
7023 4968
3016 7520
9619 3842
3229 6219
3503 1944
348 4324
7528 4878
2994 157
3953 7899
2642 3532
1796 313
8672 193
8135 760
8716 7676
4493 3564
636 8675
8937 176
1607 253
6965 1472
5787 8540
9986 8242
8882 3878
4306 5343
6441 4481
5020 5580
8557 7779
9626 6764
1732 747
2180 8315
3659 5979
2345 943
4340 7147
7360 1030
9955 6314
4214 3866
7116 2772
2464 1395
5994 7489
3938 2526
2392 9788
1226 5379
4023 1745
4284 3010
3315 9211
167 4139
2004 838
8396 7971
3678 4162
9498 7678
804 1768
2593 783
6792 3911
7544 4713
2559 8622
3580 8864
1425 6837
7947 2804
6285 675
2956 491
2906 2513
3866 1884
7230 9934
4854 8564
4912 4290
2926 4722
4016 4695
4154 3193
6786 5109
4867 4543
4937 1227
7466 7169
8211 8833
982 7334
125 3627
6138 2804
1919 618
6662 9020
3979 2545
2785 5263
6538 7559
3347 34
3806 6017
3150 5045
260 8434
3163 6290
1205 4116
246 164
2079 8667
625 7289
820 2040
6386 4492
5307 8639
8159 340
5605 5935
8783 7331
5571 5506
1129 7433
7926 3649
4924 5782
9345 8888
3040 1419
1069 3911
3353 9053
7026 4406
7619 3538
795 8236
595 1604
1007 732
4844 7713
8781 4227
3292 5400
104 667
539 8030
5842 1316
5820 4329
1674 2655
4700 9536
6376 7704
7465 5222
8999 4071
4615 5354
404 6986
2958 9870
3790 7534
8395 935
1577 8585
4126 2212
3947 1762
7487 2990
47 8179
5568 1006
9687 2163
2672 2841
7894 5747
8216 8365
6065 6203
9962 6451
1070 4328
160 3227
8583 7230
8990 6623
536 7516
5358 2456
1016 841
5061 7564
7215 2662
8029 2848
9539 2176
5936 6367
2011 9062
8278 2370
2796 8079
7619 5654
2207 1865
8419 1730
9541 4087
8066 1233
3397 7586
7488 9043
5190 2107
8954 4959
7604 3744
4042 3907
3130 7927
1847 1798
3530 7616
6255 925
4462 348
8312 4314
6748 6986
5264 8917
549 1937
7280 935
763 9339
8696 9055
4347 3419
8385 6148
2589 343
8632 7803
5233 6313
634 6501
9740 3344
1302 632
5462 5489
4021 3686
3934 3260
5009 7769
12 9487
8999 7740
8721 9733
3597 7139
7477 7694
3161 3535
326 6959
6441 5824
4166 7062
4280 2558
3982 4423
4548 4457
6769 5570
7182 2150
5354 6665
9382 9610
934 5467
4908 7380
8818 8446
42 3750
7514 4837
4514 5297
8864 5277
7220 1491
6102 9867
3890 377
5559 3297
9471 8436
5191 7321
430 7082
2910 7918
8353 271
4525 6216
9424 969
8215 9463
7418 3203
3007 3814
2631 6117
8666 19
9623 3292
128 8613
7007 743
2477 992
4222 4070
9823 8710
6438 1341
9835 8563
7147 131
1598 4089
3547 3463
4862 2949
9338 140
6611 7227
2215 9007
8188 3340
891 8676
7756 383
4056 6238
4545 8817
676 6750
5313 7502
5456 472
5580 9334
5389 4215
1958 9130
7834 5439
7065 3710
3646 3642
6602 8956
9044 1681
1679 3464
6924 2511
333 7650
9390 2569
6253 6932
7808 2429
4723 7458
4392 7527
4181 6806
5465 9095
9985 4760
5239 1818
2633 1323
5327 7452
2823 8384
5216 7601
3686 1411
3891 6782
6806 5446
523 4906
7559 954
2126 9891
480 7216
3130 8198
6427 7894
5857 2556
6360 639
4351 3693
9418 4571
4778 7088
3578 6341
1801 748
6170 1051
4939 2618
1997 9614
1920 6006
1652 1184
7265 4303
4806 4100
8724 4518
8062 1225
6678 4180
5723 3615
7415 9981
3427 8358
7258 7542
768 9242
7409 6626
9736 7088
7088 6314
8502 5198
8871 8795
691 7949
6861 2133
8963 4933
3904 1767
910 9224
7767 7448
927 9523
9804 5965
3593 8684
2258 7018
550 1166
344 9596
4063 5591
2605 1939
530 2622
5080 9557
3822 4073
2226 2524
8980 1745
6670 1181
9698 2110
4121 4399
4816 7477
8655 6519
5565 5240
8810 1397
777 7975
8954 5294
5145 3054
2213 7860
8113 2522
7784 6886
802 8611
303 5339
8613 5530
9729 8481
2622 1790
6619 2491
6735 2382
7806 6300
4560 6083
6072 1414
1000 6340
7826 4444
3688 6642
8653 8899
179 3488
3514 1929
654 4925
8512 2362
6244 484
7203 7966
119 5619
6661 986
4347 7499
8563 8269
4510 5442
9795 487
3318 4182
789 6790
4875 9307
919 2520
8872 2809
3982 4048
525 3610
7526 3206
4799 3810
2682 1295
6643 2003
8139 7977
2383 939
7183 8659
7532 9374
7540 5297
9406 5692
473 4020
8933 7328
987 1437
5971 443
574 5292
8854 6538
1308 4654
4469 9448
9347 7197
6427 3251
7063 5560
6611 2287
1612 8063
3216 1037
152 4381
2357 1995
7707 3353
5793 322
4818 7223
777 8594
7881 9658
5736 6514
5261 5472
5276 2509
866 8703
3685 2410
6804 5523
2557 7455
1185 13
1027 8470
6203 8198
4722 715
7058 1554
8013 3678
3141 5982
9132 332
2659 6628
6080 1266
3361 6015
4646 5213
92 9481
9122 633
9772 4298
3549 9511
8542 9376
1859 3929
