5056
100
12388992
47 47 59 56 60 57 52 51 60 48 50 52 56 58 56 60 53 52 56 41 50 42 55 46 48 43 60 44 43 50 42 49 47 59 47 60 50 55 46 46 41 52 55 50 59 59 57 44 42 40 42 50 40 52 60 41 55 52 56 44 54 47 49 47 44 54 59 40 40 52 52 47 55 40 53 50 57 58 50 46 47 44 45 59 56 56 47 60 54 49 60 45 46 42 52 52 57 50 44 53 
-93432 -102165 -121956 -128375 -139883 -118444 -110122 -127672 -141219 -114905 -99693 -114055 -138659 -132610 -117643 -129377 -108871 -124919 -124355 -97164 -124289 -106901 -130000 -99518 -119846 -108743 -134712 -92289 -97035 -119100 -96356 -110885 -112005 -140984 -109796 -120737 -113792 -118026 -97738 -96613 -84124 -131021 -129095 -96604 -153978 -129516 -132458 -92598 -98164 -87448 -97540 -109135 -90584 -127944 -146284 -96650 -117451 -117829 -124176 -113233 -112075 -107540 -121479 -92879 -98416 -126434 -120376 -99103 -98593 -114074 -99688 -91989 -118317 -96025 -127789 -93392 -143492 -114484 -117158 -110620 -120918 -105450 -92455 -137326 -112825 -136018 -107345 -131361 -122753 -110076 -121232 -102409 -120031 -88834 -116186 -121594 -121878 -123393 -106078 -109802 
93316 101491 141140 109753 119321 126787 100242 100992 117241 103163 108961 122156 117756 101427 108874 132398 94777 101763 119919 77421 112113 81877 111571 113096 101242 104956 122367 93642 82100 89472 76017 105675 115140 117526 100407 132419 111835 104543 93510 91840 85824 107927 117409 120335 138362 129093 111585 80467 82725 74584 99053 98412 72973 107030 131144 93146 105837 111543 104579 95638 122456 105555 102526 101256 95310 115730 118947 80610 79901 111657 100374 98658 111115 87542 116371 85807 111809 134193 114939 108961 81015 93655 103345 115928 113504 105031 102841 129013 119680 108128 123555 94954 83572 88690 100700 101852 104329 107627 91011 114520 
7953 4932
2947 5366
250 5611
8373 8093
7876 4823
109 634
275 3194
6052 5342
8862 2390
3677 2198
1632 5480
4723 9517
2169 7439
6276 8331
647 9141
3914 218
6984 4102
9009 1155
4106 5282
6199 8894
7996 9474
8132 1389
6230 1414
3447 1708
1275 9184
4538 3517
7404 4661
988 981
1162 5571
5750 6488
181 3232
8596 9540
8335 1388
1853 2367
802 966
3948 6344
4406 5774
9758 1951
1832 8158
2110 337
7745 5398
5655 6617
5741 2060
5620 8189
1448 6533
72 2715
3430 5650
652 8761
7314 9354
8297 3957
4706 3160
1353 4360
4968 2738
781 8244
6377 9296
1663 9385
1065 3243
4686 3591
4254 264
856 3028
2298 7798
9466 559
8982 8486
4991 1446
1901 7017
5706 3186
9513 1683
7840 1670
7380 3014
5042 9509
1127 7287
7118 9759
4106 9418
6777 5699
7825 4205
4050 6470
7139 2551
5806 5187
1273 3620
159 3040
6380 4559
5103 3275
5825 6826
9777 4309
2481 7723
8922 6825
8072 7562
2896 7451
2683 2499
3143 3677
6969 9648
3091 2216
4389 4590
4958 1204
1211 7658
8961 9511
1260 5120
3420 6669
6937 4786
2062 6959
7100 246
230 4443
5898 9876
4567 8303
3468 583
7464 675
6629 8416
2749 6560
6062 8510
3064 5711
5363 7231
1791 7626
890 9896
4176 2113
4881 322
6123 2490
516 2247
6128 9466
2306 267
8008 9766
4478 5879
2775 11
3988 9196
8307 9445
1785 6032
1726 7657
5210 853
9688 4562
8808 1260
4710 4174
782 8546
831 6990
3431 6375
4141 9812
3078 3838
8724 9807
5395 5113
7110 8280
8086 3652
9133 2379
3785 7679
8615 2704
7961 7847
3243 7769
2586 9908
4156 7653
2903 6137
2541 517
3191 1712
8860 9319
4794 7600
5141 2242
3521 8019
2309 3239
6185 114
2428 2118
6208 8973
5598 6149
9668 4746
8189 8705
4369 2717
2598 9635
8522 9832
9368 3430
4539 8370
5268 6872
3237 9785
518 3267
1848 3044
8320 3471
417 7139
7070 7963
1933 1494
6132 5353
4662 4650
4723 9367
1368 3829
2941 3403
9892 8081
3962 3044
1718 5266
2694 3986
5988 101
633 1785
9959 2783
8667 7537
9173 5501
4873 3203
9079 2028
119 3240
1871 8595
3159 6786
3000 6009
8224 1732
6387 3403
9789 9008
6138 3493
8014 7522
6846 1728
4974 1996
7115 7500
9623 548
2858 938
3533 264
295 2711
1788 819
7079 2163
3395 9847
9945 3878
9565 4708
4985 8973
3503 6056
6655 1689
4423 5919
3659 5803
6551 8063
763 7892
9713 6747
6027 1128
3512 813
6428 5842
5151 3944
5380 9983
5241 4837
2613 3298
6262 7376
4144 8175
3989 58
3350 691
5464 670
9726 830
5837 241
9540 8696
8445 2310
9885 490
2933 373
4985 7120
7259 8995
29 1752
3168 3979
3999 1896
2974 2409
5503 8525
6798 6992
6478 9991
825 430
2755 6913
6767 7427
6211 9205
8084 697
9865 5918
2281 3152
3422 5179
7788 4142
3061 1250
9207 2874
2673 2507
2393 7960
8464 9775
9295 9589
2994 4738
7046 8516
1301 6028
2472 7448
4181 5992
5475 84
3010 484
7837 7198
2790 1332
386 9145
5987 5932
6383 4034
1292 3253
79 5960
4946 4953
8630 3575
7908 1257
5557 3413
3149 6916
3182 6124
4639 7708
9975 3404
1266 5118
4381 8601
6376 2932
3890 3785
1840 1451
9202 456
8561 1583
4461 8335
1290 8696
5164 6613
7239 8784
9342 6902
5890 5243
6004 7253
3917 9593
857 9288
177 9492
2007 784
2993 8227
19 3115
2936 6432
1949 8330
9397 4186
7424 8158
4548 2799
852 2752
8859 8139
7205 4597
545 4547
1204 2108
263 6819
5206 7838
8542 1121
7608 4387
7976 872
3667 4176
3946 5126
5793 5526
3344 9210
8477 1320
4984 7855
7104 2117
770 5032
7247 8632
1988 9846
4589 4903
298 356
97 9553
9690 3205
1306 1886
1513 1646
1579 4480
4809 6104
5169 7851
1174 6119
2694 5499
1338 5311
7313 7415
482 597
9998 4985
9974 27
9162 5037
8102 5110
9411 8163
6018 2047
8815 5561
557 9311
5566 5965
8194 9411
8811 3745
2206 903
8143 4591
5827 7464
1391 1576
5008 2602
3985 1427
7182 9102
8661 1513
4514 411
6628 2629
7950 8121
4176 2432
4335 2746
2483 19
1965 9381
2664 7583
2596 2359
6657 7416
2997 2647
1017 2933
8136 6907
1592 2170
8250 2527
5366 315
287 7268
5424 9181
6978 153
8808 7706
5041 2313
8046 9113
1119 8741
8460 8864
2438 3219
6580 1576
2196 1659
9480 6340
7942 5835
5524 6789
3579 4881
4313 914
9941 3984
8892 5947
7451 6214
9128 2328
9991 1121
8188 7230
6733 9792
7458 592
7626 1276
4155 7215
1346 4011
1146 9169
3708 5988
663 6596
2521 7746
1155 7969
4284 8977
7658 5493
2717 9553
6963 5813
5689 4024
7534 1688
8040 9014
447 2841
8890 5096
4667 1826
4886 3046
5786 8862
9350 4400
6824 1378
3603 3194
4807 1958
928 2906
4359 155
9299 4359
6101 376
4185 1913
5587 1588
8543 9089
5523 66
860 3658
2107 4180
5784 2661
6052 9145
7354 2174
5511 1075
3308 3170
6878 7023
8913 4217
2629 563
9795 1778
9255 4174
7745 537
3075 6079
112 9537
4737 2751
7491 634
5976 9347
6888 1758
6502 3847
7874 3544
6993 5114
7146 7317
8016 8450
8341 4289
4057 7781
4409 1519
3184 950
2727 921
1024 7342
2048 4397
1754 2782
7706 7953
9318 7045
5516 5531
7645 4053
4076 88
7131 6948
5769 7828
4420 8199
8065 7288
4353 6090
9795 8090
9741 9908
875 4951
4471 3673
4002 6457
8803 8898
5187 4031
1268 7863
2294 4152
2474 3429
3066 1515
7330 3843
707 8983
2354 794
3578 48
2806 9098
6283 8196
1627 6300
8190 1971
3004 6832
4694 823
7908 7778
3687 6349
4709 7427
3367 210
9313 1496
7409 5383
417 1808
2244 6730
5785 1088
9104 3899
1729 3170
7886 6879
4941 2626
6040 5125
2287 6530
8119 5100
972 1189
2651 1620
8493 6883
9663 5999
8004 1057
6011 5461
9583 1201
449 8004
7048 8032
6337 5950
4521 8611
2944 3039
9251 8599
6472 1542
9899 5349
4041 9861
3928 4772
3753 6325
9839 6138
5996 5220
1336 9008
8514 4868
8058 7198
9153 5897
131 8356
267 2361
2461 1737
2994 1249
5943 8212
5620 8581
1258 5500
1091 4481
8979 8833
3077 6277
2911 1463
3977 12
5794 5004
5003 8396
8201 5836
3921 875
1027 4508
6650 9676
5992 6497
5707 9887
1731 8519
2833 279
5622 1568
5918 6083
4821 9624
6190 3915
4575 3341
6632 4968
3446 8887
5235 8333
8463 5204
7140 8554
4505 9504
9251 4508
6708 9274
769 1872
7820 4170
8762 6715
3635 7308
6226 985
479 3046
67 1563
516 7909
4124 8758
4655 4910
5208 7842
568 722
1771 4860
3057 2170
4622 3337
3178 1708
5460 3801
3564 7060
7009 6319
7252 2686
2708 6020
318 3607
9097 3335
462 9519
3669 5496
8155 8692
2010 6210
8725 7428
4870 8847
775 7163
7067 9096
5646 5468
2784 8765
5494 4001
4306 5060
4799 6881
8111 4310
1463 6145
8242 7297
4003 3609
4537 6979
2666 8418
6583 119
596 850
5230 9070
8168 662
9737 5402
587 8674
8281 9582
8965 1266
8761 269
3443 6712
4918 583
5086 7988
7065 9060
2870 8965
7282 9667
7317 4347
1754 334
5167 842
4213 4679
6845 8947
5779 616
5446 6810
3484 8545
621 3181
620 832
1472 8634
8924 7853
3864 6012
7969 7205
2445 5942
1639 7492
2804 3330
8882 5536
8977 2914
9243 1489
7884 5112
8354 5347
3100 7595
1561 3742
8931 1662
8678 7883
5265 1885
163 3579
6327 5559
8997 8560
31 7388
8861 680
8930 1666
3975 8030
5798 6139
8499 9501
3622 8602
8024 2578
6921 7818
2184 7095
3751 4760
3452 9398
8301 1819
8240 7975
6805 8892
4174 6105
1570 3321
268 6915
9302 658
4995 5389
9441 9200
2213 3267
5901 1718
970 2952
4388 716
9194 5724
302 746
4261 2080
6999 5722
4575 8289
3273 9290
5350 2916
9045 772
6244 6903
8860 7867
4120 6333
9154 1096
5299 1186
7658 8797
5521 9249
9711 5593
1271 6023
1719 966
8350 3212
2682 6147
7802 1170
5349 3334
4425 3065
2480 74
7252 2666
7933 2802
143 1519
143 2407
3936 2808
9089 4291
7110 681
803 6458
40 1629
7324 1475
4527 4423
2043 8134
8172 1006
8332 7124
4992 1050
2354 9143
5431 4977
6582 4947
1941 7249
1713 200
3225 297
9235 5035
3439 4438
7935 5424
7246 2936
6312 4755
1908 8504
7726 1960
8769 3741
5498 2928
4833 3182
5699 8225
4211 1583
5130 2640
3599 7810
2967 8834
1708 9940
1849 5197
6575 502
3644 7194
6120 324
6313 6300
2392 5959
8051 4473
8099 2108
9915 2701
9522 3587
9881 9767
3985 7867
6637 5052
9003 2200
27 6432
7980 8852
5110 7269
2712 9894
3453 2801
640 4797
4291 5164
3035 9438
6077 8824
5169 225
8218 6688
146 7858
2721 9482
9515 2725
6306 6258
6921 596
2568 4273
6176 6289
3293 1416
7230 3619
1346 2904
7208 435
8299 4235
7376 457
2895 6504
1415 5110
1622 3337
5312 1825
1219 326
6622 2209
8441 5516
2436 333
2540 8929
4319 1547
2969 5603
3290 4296
7531 696
8677 9284
3001 9761
3822 3573
7539 2661
3859 24
6165 2784
10 8665
3712 2742
6598 4538
6830 6171
7413 5693
1528 2168
1637 8482
4915 872
3390 1586
5676 8250
5993 8084
4157 5548
8578 7195
1592 4255
8099 3809
1728 3782
9841 4986
2638 9250
322 6733
6182 6669
9497 774
6958 3597
9300 8289
6038 3410
6298 3029
452 5927
8082 4636
3886 694
7100 6320
6092 3702
2130 5364
2305 6105
3998 8578
4017 7932
1975 8424
649 7352
2763 3563
1167 3023
1379 7409
5112 5073
4826 1380
5333 9445
6112 2350
280 8920
8085 1749
3782 6789
5664 8307
9548 6255
4159 9849
3030 5465
3443 6512
4987 3992
2951 6343
7480 1055
8639 816
7649 4975
6348 652
8815 5052
4194 7475
2720 1753
293 6781
7822 4262
3715 7164
3155 8896
459 4820
3841 1205
6762 371
5645 7486
7724 5576
5409 1300
737 2338
2647 1952
6022 1545
7939 1740
1036 4005
2073 463
5697 7441
1012 2881
8625 9687
2901 2028
2510 8572
5219 2322
7960 3279
1413 6320
2829 4102
4143 8366
1952 2289
3701 9127
3978 2334
6986 7618
7072 2788
815 5060
5442 6321
5789 4811
4462 5233
3692 1945
4253 516
4851 798
2870 1286
61 4080
324 2967
4481 3491
7636 5322
6830 1386
1191 5649
2281 3792
9313 2328
7480 9154
7393 6448
6753 1194
4015 1930
5296 9182
9608 8970
6499 6942
6169 9565
8230 10
8880 3557
8043 7408
1944 9889
4345 1948
788 89
3673 3484
7229 8203
4984 4314
6069 5254
5912 339
1326 38
9211 1411
7210 2046
9230 5688
6715 3320
2842 2032
8538 5519
2265 4305
2003 5638
6720 791
860 3375
5995 1573
2428 6174
8131 851
647 4978
5422 6732
6349 6608
7349 5936
4816 2061
5634 1296
7418 8634
2043 6871
8998 2594
5456 5881
4107 2274
1511 62
4770 5477
6548 9910
7825 7405
7801 6920
6153 1136
4622 299
5648 245
8500 6375
2020 6811
6019 9904
6467 7759
7311 5642
615 9330
4966 3822
3790 2324
4389 3671
3959 9137
4679 4504
5866 4638
7702 6870
8336 7584
6018 9441
6924 313
5364 5609
5401 8437
3773 1397
2157 8050
212 186
9440 2769
2042 8066
4549 8667
2826 740
2284 3189
6381 3866
3874 7187
5841 4352
608 9490
8662 6360
7845 7335
629 5026
55 3948
8034 701
6967 6450
2811 5608
2284 1349
5668 4583
3816 4704
1491 6146
295 6257
4636 562
3404 1744
5127 332
2474 5178
9458 9838
8028 7432
7215 6940
5229 9127
5560 7885
4633 4792
6137 8907
3929 4879
9774 2475
8768 630
7241 8003
8997 8324
6681 5569
2579 8467
4514 6091
6913 7612
4606 2124
4462 5085
3465 3060
5028 7440
4252 4978
5483 2510
8490 6358
6208 3340
6626 7069
8754 7867
7970 7478
9171 311
3954 921
3889 4114
208 1555
5756 8410
6077 6806
1976 654
4770 4217
106 4402
890 3475
6002 6659
3186 2675
6818 2576
4587 1783
3197 7385
7500 9207
9434 4983
7935 2849
4097 7597
4675 6881
7549 1933
3213 7443
4831 1549
6126 992
5235 9779
9244 6710
123 7195
4528 1188
7915 9842
4151 6771
7214 4011
8234 5527
7002 1747
6183 8063
4396 311
7339 3377
6627 2266
4816 2511
3216 1616
4410 8989
7023 157
4920 2089
4521 9120
3352 8753
5391 1603
425 317
1523 3575
6027 5055
3282 7781
8765 7238
6981 7812
1157 5161
4256 833
9534 9707
9065 8635
5381 6919
7868 163
642 5891
4522 2923
1106 2574
9211 7060
8096 7812
9684 8801
8981 9033
7622 3988
5440 847
9371 9386
7635 1993
7184 5415
8813 2522
2237 5236
1950 7627
7769 2644
348 3138
5695 5702
8165 2389
6998 9983
2649 7247
5468 3755
4686 1447
4590 8122
5027 5654
9537 8744
7613 8561
6572 3576
6463 2539
4792 8815
6853 2989
403 8500
9089 6868
7552 7620
3462 2487
9079 228
8493 4048
1787 6598
5893 3671
5857 8107
3048 1468
5687 590
3276 7433
9872 9273
9714 4871
2636 4444
6616 3820
9642 3750
5598 459
4074 6314
618 5306
6774 8505
8752 1067
7874 4644
6865 871
2246 3292
6626 6359
7686 1005
1981 959
5978 8482
228 1967
2369 3858
6013 3832
6987 5109
6560 1336
4494 8406
9259 7772
6440 6128
6843 5667
1066 9115
3209 3353
5770 6922
6250 4856
8567 5461
482 3010
9518 6976
1725 6614
3668 2873
617 4113
2718 1428
3652 5617
8669 4819
9791 253
6489 9078
6765 3360
4907 8013
9682 6341
3038 800
1203 2321
6706 3681
3622 3892
4618 3920
583 5563
7797 5375
6763 3868
2067 1638
7205 3816
7386 5682
4436 4992
2274 6778
6736 8449
2049 8135
8027 1694
9533 2448
8555 6158
3880 5884
7292 9418
1163 8008
7882 6530
6793 3717
6703 4513
53 1768
8416 9684
9451 8349
7354 2505
4868 4483
4422 4237
6054 7239
3919 2270
5170 8115
6703 9357
7179 871
6067 3517
657 3890
8827 1630
4210 9294
8792 8344
1240 1443
4493 749
392 9005
9252 9835
7419 5426
9259 8269
167 4097
3687 6925
1961 8462
3805 1743
1430 7924
9442 5118
4456 6700
8948 9183
1592 9691
1068 4285
547 13
1166 6377
8339 4148
7235 8625
7263 1388
7145 3590
3829 2130
4016 9165
8257 8827
7638 3705
2741 9998
3427 6583
3506 4338
1629 1544
2344 6520
9028 9662
5685 2741
1069 4655
7246 4308
5808 3442
2989 7033
6049 4953
9245 4557
6266 8606
3558 9360
6678 892
2835 5251
1826 2210
9342 5676
4579 7866
844 7379
9190 8972
7849 9619
3519 785
9924 5407
722 1223
8795 4844
8719 8272
840 9355
6790 2255
4993 6396
7506 7590
3704 52
1164 8362
2184 6904
6156 8065
8173 8660
8320 8201
5589 186
7984 5371
5184 198
7938 9362
7163 5569
9059 5862
801 1331
6043 5999
1694 5497
5349 6807
6249 3792
8118 113
4668 7660
3470 5488
573 4306
2024 2579
8012 6190
5648 5968
3778 973
9127 831
4693 5644
3272 1892
8087 8518
9554 2499
2064 6545
4349 1578
9080 9693
4995 7578
9246 6299
5206 4433
4957 747
6661 7254
5793 8629
8365 4873
9851 3029
7764 6212
9602 8044
5806 7015
4539 192
3022 9005
4014 3992
5338 4366
9932 7874
6383 6769
9866 2992
199 4539
5380 9529
4383 408
1516 2511
4326 5708
9969 9605
935 6757
4278 239
1761 9406
6688 4276
5548 9227
3695 9444
9889 3294
4525 6011
2670 4487
3750 4589
9807 6903
7963 8505
6411 9532
8004 8514
4545 1074
5924 5203
4098 8237
6374 7864
7968 135
7916 5723
3039 8498
8449 2570
3040 5999
1655 9880
988 5192
5089 5224
9435 8048
3199 5626
3577 3795
2620 3199
5224 1699
5290 2030
7614 3907
9853 901
7376 9142
7859 5557
5990 1344
7461 9542
143 5396
5805 637
9792 3702
1931 4527
5082 1588
7149 8145
7650 8904
127 6983
1943 3407
1763 7545
6751 3875
2405 3342
3685 9777
2237 7650
1143 5573
5962 2839
5232 7463
5802 5886
3764 2032
5431 1680
8233 6479
1121 665
4459 1099
8521 5321
4148 1272
5302 7548
9290 5858
6481 3423
6195 9612
4448 5567
2487 1969
2717 1029
7423 1657
6739 9451
8840 2607
9967 2605
6163 5656
731 7472
7355 5888
5008 9588
6394 262
520 9857
5374 6187
2983 3151
7081 9241
131 3784
8020 829
7856 2185
6059 5872
2447 5857
2439 2622
1899 4356
5473 2483
7207 645
9891 2395
2734 4574
2651 2794
5899 8276
3196 2077
4853 6219
1371 6566
1657 737
480 9922
3896 464
2289 7084
2696 6417
9724 5670
3249 2167
6457 1943
4442 1571
3348 9846
23 8344
8568 6411
2242 6937
7473 2140
6169 8902
9163 8429
5101 8834
6840 7008
284 8934
9381 8707
8229 5626
3429 7848
1865 9056
9739 568
5339 1076
5228 2728
3763 7134
1380 6154
3462 6123
1341 2050
9061 1079
3294 1073
1966 2409
1975 7176
6016 4236
1249 2995
9207 6689
8554 6594
8773 3565
9420 5804
569 773
2934 4888
254 938
3242 8796
1702 7837
6617 1468
3037 6754
3852 8146
7529 2081
2080 6380
3431 4245
7344 177
5318 664
5346 7332
4874 4172
4745 7775
9298 1449
878 6629
1149 4851
9774 5385
6647 9546
7258 7349
8308 1674
5184 4349
6739 3119
5804 5547
9017 3041
1912 6149
5796 670
922 6400
6548 8977
9639 5625
6688 5590
5218 3141
3850 638
8925 3813
7941 7846
7513 9475
2054 6567
1892 1755
6036 1102
2368 3577
2218 797
3032 2987
4766 7833
4080 2289
8909 5477
2219 6698
8898 6666
3214 6218
1954 2278
3389 5928
5131 1981
9516 5247
9345 4582
7146 5430
5609 4335
5789 2447
6769 4746
7146 1712
812 5675
5893 4810
1210 9428
6549 1882
7958 414
6217 3481
52 1765
4693 9831
9019 724
5367 5726
9744 1480
4953 625
4517 4334
9555 1852
9022 6605
3017 5499
4186 669
3178 787
7901 7368
5818 7169
2310 9011
4727 4241
7222 1123
6938 9580
4534 2063
2174 1596
3830 6545
8867 7270
5174 1029
233 593
7735 3764
377 8562
2950 9493
7665 5566
1679 4846
5120 3843
5716 8546
2500 2518
6631 5493
3986 601
4487 4161
6324 9724
4961 554
5238 3439
6122 2880
9540 4448
7004 5781
5941 3021
69 161
8863 2964
5359 5778
6358 4543
9394 9369
4944 5024
3697 2135
2301 871
6609 4576
3835 968
6719 3078
6386 3967
3753 2508
5002 8581
4409 5566
6428 5141
5080 9598
2315 8168
3305 4965
7708 6311
5517 710
4953 7722
3183 7169
2529 2391
1473 8772
7433 3842
6476 8420
2007 7853
8774 728
5012 5179
723 5143
7918 9065
7874 2495
8685 1231
6685 5280
6100 561
1792 4674
8634 8241
8239 1690
9631 7963
2248 6779
8882 493
7425 6945
2483 416
9853 5197
4077 4747
3184 9543
8691 3170
5776 8027
3283 9296
9170 7418
3427 2807
9293 9040
1467 3244
2298 2628
4492 6876
73 373
1614 9784
8958 3573
2453 4037
5913 8640
3558 999
3811 3670
3630 1557
1701 5952
9710 9802
5112 3111
9376 1142
5321 282
3665 8657
2279 1262
8212 3668
8588 3863
6189 3073
6188 7938
8500 7602
6184 8083
6972 9597
2631 7384
8991 3994
9169 7217
9534 2676
8932 2678
2034 7721
3487 3021
7712 5854
1067 7860
2148 5992
3864 2937
8998 4117
4172 4729
61 3283
5922 9521
3442 9747
729 9437
49 1102
48 8629
8791 7915
9481 3684
1547 1836
2460 6160
7626 9184
4750 4959
4981 7600
5633 8841
7876 7003
1439 8827
7242 9776
9661 8052
610 3961
2192 2496
8753 9803
4646 2451
8445 9588
3769 5360
9967 6465
113 7108
9856 6578
811 8585
9817 7291
7011 2642
4707 3845
7082 2843
2884 3325
3033 4853
7095 7524
7178 4902
9137 557
2586 2450
7109 4711
9415 9743
7308 3307
2618 2055
1267 9486
2996 4070
2938 2646
1870 2687
8879 5011
7187 1866
5381 5752
8081 7099
6508 6318
6829 1020
9376 1983
6511 2692
8303 4472
9352 735
3480 141
5326 2327
1107 5484
2370 2693
6549 9774
6861 9178
4691 1228
6776 4927
7907 3466
2263 8604
1667 5505
780 4536
5462 8914
4664 3626
6302 4017
106 3571
6972 8197
644 6473
9232 6348
4821 1668
9302 2004
6706 7670
3524 5903
37 3524
7308 38
6769 5621
6150 731
5171 4417
1346 9209
4835 9435
3741 5434
4159 1729
3953 1576
9432 7959
3244 3272
7626 909
5788 9909
7938 3560
4261 2169
7977 8962
4718 1753
3972 9720
270 5551
9584 9041
4194 8002
9197 4938
5412 5767
9540 765
699 4439
1621 8002
3133 6472
6080 1312
7207 5053
2735 7442
9768 5612
1698 3880
1773 6663
8495 3201
3105 5986
5108 1507
3325 5721
5066 7420
815 1872
2560 6467
7548 7583
4579 3730
5149 5215
7066 6250
8735 7911
6172 3429
8330 5116
2773 9841
5089 3268
8985 9076
1359 9780
8059 5665
5641 2654
9245 4244
5455 8396
2586 6770
6577 7674
4267 2877
3066 4474
442 879
4911 1772
8505 9496
1552 7321
3431 7067
5468 714
503 8840
8265 3468
1037 5180
4529 5197
770 4382
8433 1940
9220 4846
4710 909
5180 5248
3448 6757
5747 7172
6460 4186
2942 1245
6315 6413
7918 4715
3963 8056
4811 8851
2021 7349
2144 443
9107 6860
545 3312
9200 4113
1604 1653
1795 8045
845 71
9758 6071
5595 6984
1655 2831
7912 5217
8564 8185
7885 5649
49 3874
1540 4012
2234 7624
3438 7727
2531 4790
3869 7755
3748 5286
1805 9974
1119 7815
8266 1855
3109 639
1387 3478
1799 5975
1204 6061
2236 8440
2251 8886
9051 391
4106 4178
9522 6486
9151 7328
4546 3274
8064 971
2716 2015
7022 8391
9563 5012
942 2325
6565 5236
1413 191
9085 973
5642 584
9365 2866
3825 3045
5317 7613
6594 3853
6043 3516
385 3961
6083 6439
9866 6605
8287 7981
6361 4281
9993 9620
8136 153
7143 8245
7262 6482
6965 9375
8952 8212
2369 6222
2079 965
3047 6075
24 8275
8336 5264
3843 7478
7111 4926
3555 7479
3998 9759
199 6733
152 8708
4167 8530
6603 5931
3255 7570
775 1796
2876 5080
9081 2750
4643 504
1565 5675
3721 6942
9422 3509
4865 4164
3744 7987
3657 5178
3249 4794
8572 2242
9326 5179
2394 7284
8250 8665
5287 1412
7450 3907
2415 9538
2001 54
5790 1967
2834 5074
9073 4891
2738 9524
6244 1919
4518 2572
3600 3079
9050 1870
5981 1912
294 7434
7239 7604
8401 4784
5852 7745
3774 5847
258 904
2952 1345
9283 2858
534 907
8153 5158
5731 6214
9783 8779
6743 9797
7749 1433
4777 7140
5606 81
3596 5361
3573 9240
264 4872
3218 4573
698 5996
3633 223
348 1039
9799 1746
5593 8072
590 5490
3631 340
1475 8013
3370 3832
2294 1219
7218 1377
6960 7743
3532 753
7285 5433
5002 7059
6162 986
1672 2501
2091 3488
5978 2198
2536 2255
5521 7926
1570 9295
1365 4873
1968 7332
8783 9392
4743 7670
1516 4916
9029 4189
8432 2061
2924 9602
3861 309
1990 3970
5498 6256
9918 4109
4077 9664
4040 535
1607 3029
4504 8525
2814 7563
5242 2506
7321 5113
4641 2545
2200 5264
6457 3721
5807 6092
9639 2199
6613 6421
3947 452
141 9436
2706 9985
9089 1387
867 2927
7949 8362
9308 7744
2462 8528
1513 4365
5874 4240
438 61
1511 360
2216 920
9093 1094
4019 4497
2986 2429
4085 6375
4938 8411
9538 8167
1906 1755
8549 9148
9353 3327
7447 499
1791 1870
3047 3843
434 8600
2614 1052
5052 636
6757 8046
8096 126
3659 8051
6916 7309
1714 5771
2424 9281
8203 5640
8822 441
2152 1443
4140 8823
2144 3971
6579 7111
283 2511
7635 7412
1169 1028
9680 6416
2558 7801
9683 9293
209 3969
9739 9114
3597 8105
7884 2911
5313 6706
6627 5346
2804 3408
1214 8931
148 4174
6109 6787
7635 3023
9285 8131
4239 7008
9992 6979
1506 6592
8120 6420
2018 7319
5291 2568
1921 5448
9133 6121
5458 7955
2137 3053
1968 510
9581 9622
80 6612
6584 3945
4631 4256
7223 3717
4166 7108
9525 3433
3064 9025
5746 1312
1013 1537
2893 2976
1805 8141
8889 5115
2339 1917
1036 1647
2051 3813
803 2637
2350 4141
7963 2349
5297 5075
1553 6181
3420 6785
7255 457
4106 5189
9971 7775
9536 574
1521 8526
409 3481
9245 2786
4230 9560
4643 1896
4789 9294
7851 493
8298 3893
1231 7399
1919 6647
9122 1941
3853 714
9550 1286
8034 6222
7428 4304
4179 8374
9996 6221
3509 6989
2524 8369
9079 4854
9848 2349
3546 3715
6560 8485
9366 840
1450 2542
4736 5683
4125 5812
8640 8406
3537 7216
9909 458
5741 6278
2050 3673
5578 1503
327 4828
7825 2190
5351 7926
4246 8616
6899 1792
9174 4094
5002 6347
2012 2695
8564 26
4402 1290
8263 5397
324 9108
7082 6872
5132 6257
6550 8506
8961 4340
8820 8866
203 8849
8119 3137
1218 6317
5559 3787
186 9330
2778 8565
1552 912
7410 7134
8853 5897
6288 1905
4478 7490
5151 2096
6938 7480
7678 9043
4945 1798
8368 3132
5304 2103
4048 9274
3041 8298
707 7102
4834 2574
4390 1108
5391 9911
1416 4546
9827 5111
7926 7793
2479 3072
5713 4552
2465 7169
3341 9945
7744 3761
8788 4349
3502 5486
5578 910
2187 5415
7938 8263
2231 2560
4493 5463
3408 5000
8129 7647
7333 4646
9703 3685
9761 8883
5437 272
4231 3987
7294 9369
6334 936
174 6936
3323 4168
5656 8316
4326 2712
4866 7524
4359 2842
6608 2703
9576 3425
7448 1678
778 7556
5721 9938
3476 7155
1189 9358
5310 9519
8415 5001
208 5200
2452 339
1272 7085
2990 9001
4729 4402
6517 6153
443 8006
2800 6791
3616 8954
6826 9290
33 2389
475 3658
2730 5158
1601 8654
3802 4698
426 7218
2534 2988
2409 6070
4446 4339
908 2685
7992 7467
6628 9409
7403 4629
6431 3508
9790 5206
2956 2327
6132 1976
7201 9400
2135 4502
3785 9424
3361 9860
4340 1223
9483 504
7213 2704
7163 3603
5623 5379
3846 4033
1299 8045
4188 4239
8143 5709
9019 5142
3534 8992
5971 8064
7890 1582
7671 2757
9295 4183
2437 5593
6776 425
4359 8127
9436 5620
3582 441
9037 2315
9784 4530
5996 5820
9832 3598
2190 9444
5638 4648
6314 3311
7874 6107
9304 7754
7627 2933
1715 6500
4754 3342
8903 9402
8973 8059
9694 6464
2642 7090
9321 8625
4599 2736
8722 3409
5874 7592
6545 6687
4143 3505
6164 9366
5436 9616
1849 2917
6352 1913
7336 3639
1560 9631
8465 7490
4721 7339
8517 8386
6745 7397
4207 5831
3652 3410
3361 4636
1056 4484
611 7026
5470 2328
390 5844
5849 2965
9139 7867
4712 8596
9488 5114
4801 9748
5558 2302
6909 8254
8305 1740
3662 1462
1501 3665
8648 8127
7967 9926
1418 9722
5626 8549
9976 9092
6801 7286
3078 9521
8716 5030
5920 7220
888 4323
2654 9975
5663 4319
2674 6768
8554 4498
1654 7295
9746 3773
6261 9286
8542 6643
6037 5966
139 3234
7849 1657
7370 5360
3987 3380
3213 8017
6386 2359
5101 724
639 3141
9630 7411
854 8277
3150 7442
3719 9585
1861 4453
668 3497
1358 9547
8700 2702
2124 2625
637 3112
9859 8229
8623 1119
8524 9878
1345 222
3761 6751
7128 302
2711 8134
5692 5463
1129 1407
7432 1733
1362 1695
6648 9488
725 9432
3122 1082
8476 2459
7353 8229
6521 9920
7107 2097
496 1434
9612 5923
6846 6917
493 8340
9438 1812
7008 540
191 859
3603 6854
3658 6164
5822 1519
6860 6474
2295 4801
5916 4735
8233 1592
6147 8442
5970 1830
7757 3695
2442 5047
4286 7250
9870 931
1548 5946
875 4552
51 5486
5749 9144
7588 9710
7991 9377
9322 884
4176 9248
3783 9100
9015 365
8570 1139
4243 5749
4032 3822
3928 7178
9064 3666
7396 2788
841 3861
4141 1258
1757 4109
8260 8085
8421 1621
4837 377
130 1479
2509 5599
5779 9464
7547 2468
5123 4347
6181 1164
681 8355
3469 261
3534 819
3227 2166
2476 6989
7068 7760
8051 3921
6069 7361
7316 121
7908 4969
5442 1995
8269 8577
9123 8037
6793 498
708 9988
2556 4415
9696 409
5816 9720
5353 9486
8652 9949
3224 8296
6744 5677
104 1256
7010 2347
4296 450
2973 993
5777 2457
3094 8330
7194 1470
6542 6467
8412 4028
2800 5152
3042 4712
4762 1001
1526 5260
1760 2903
6851 272
3197 5764
9619 429
9750 8621
5899 843
3523 5116
282 2584
2285 4363
4610 6504
2252 5676
3613 1042
4988 5994
4732 6765
7151 1650
7448 5066
5386 1641
1794 5891
5426 1541
7030 9928
3037 5712
1730 6645
5066 6546
4053 1052
110 2932
5408 3848
3187 9221
9627 6441
9392 2316
1883 5599
5922 234
9059 3565
7110 7035
1087 1905
2817 7751
4909 6556
2117 1837
2390 859
1398 4749
132 8782
8643 240
4226 5173
8804 7800
7726 2943
8168 98
8920 7759
5691 5059
1080 3837
9920 2105
2587 8935
9096 4237
499 2436
1739 4115
7351 5616
4693 3652
7542 9494
4302 4521
5942 2422
2999 4749
4534 8097
6963 9560
4305 9245
9594 4752
5399 741
7606 3928
2847 3616
3533 2527
8049 5229
129 5165
8191 5866
4647 5173
1434 2320
6333 3161
4233 6365
5194 442
3817 274
2409 7070
6143 4099
1953 2940
1198 4512
6629 2968
5012 6573
9910 7464
6100 2542
2764 7429
4716 5928
3187 3719
5178 9478
1655 3886
9775 1935
8133 2233
9635 5291
4677 4073
1472 1380
1235 8194
390 6354
535 1661
1395 6353
9636 5324
3223 4557
9252 8634
6444 750
7069 7754
7441 3107
5478 3532
5086 2378
7249 2721
4910 6652
6997 5095
2687 7482
1398 2563
3680 7327
95 2623
4578 9532
3825 8793
1377 244
9947 4623
7260 9010
6618 8392
14 1407
472 1328
6598 4789
6431 2588
6667 6684
9300 7893
1281 3082
5873 7661
9180 8544
615 1396
4305 2442
8548 7322
8101 6970
7450 7583
6451 9106
4775 5219
1394 8913
4994 5318
5311 7687
2468 1656
5785 5642
9123 6725
8044 1889
3810 7025
5175 8192
7370 7548
8353 3106
1965 4977
6946 9997
9571 2480
2223 4969
740 2039
9580 7626
8705 959
2771 4253
3876 2246
2443 1163
7641 7405
171 6166
3335 2810
4135 3919
3092 4336
745 8622
2077 3407
6963 1260
2906 6676
226 3813
4427 8116
1306 3775
7685 1732
6177 7736
6053 8467
1564 662
1841 9868
9860 4503
1048 404
7061 6498
4255 7067
9215 1642
8830 5002
9260 6298
4583 1278
5444 5594
8076 3690
7002 3894
9337 981
6662 8602
6038 7949
3978 5597
5149 8517
7339 7497
4560 6938
1746 8211
3717 1930
7437 9181
6494 5179
5787 348
3273 3650
8885 1861
146 1631
4518 1047
315 4174
7062 1975
9032 2078
439 5959
1805 1618
8194 2477
7593 9568
9907 1817
1871 2607
9645 4705
9027 7166
2948 2669
9794 8710
7119 2648
1462 4609
1869 9460
5717 5019
6173 7342
9222 1008
1399 4411
5308 2134
684 4420
4026 6652
865 4014
8240 6124
8296 1097
5591 9994
1021 5003
5750 42
8875 4086
818 7741
603 9679
9967 3180
2100 1921
7872 1433
8753 85
3068 7902
3840 3502
3282 4896
8734 6538
8957 3446
5598 3315
9896 8119
6179 4675
9951 6441
5735 8647
6260 4019
1227 8010
6289 4612
9446 5149
5953 3151
3086 4819
5844 6703
7953 1269
5745 9915
4934 8364
5790 4500
5346 6491
6779 1595
5405 3459
8106 7560
1568 4957
5079 2840
3543 589
7779 2845
2127 4170
4289 310
4930 8535
5757 5413
2224 2597
2523 4159
6128 5971
5852 462
8541 323
6403 5785
4940 508
9083 9117
141 4778
1148 5177
908 7092
420 5308
8776 7266
8121 2542
1929 1147
6703 3755
7934 9960
9449 9402
118 1855
6262 6150
5021 8307
7327 4514
864 2840
1988 2982
7999 6856
4367 9605
3726 9245
7133 5828
9531 9979
7654 7169
214 6756
9543 926
6335 1582
8012 7842
8088 54
1049 8724
3378 1138
7507 6331
1271 5432
4351 9747
1663 257
6174 407
227 4050
6965 2608
8055 9073
8280 2285
7587 842
4488 7127
8870 1701
679 8833
5515 5219
473 3163
3937 5337
9101 7483
5738 6134
2758 6124
8834 3766
7715 1903
155 2852
3411 5492
8169 9788
6668 5570
9755 6889
7583 6644
8257 362
2747 5673
7624 9554
6014 6676
2359 4289
4227 3392
192 4512
9760 5961
9185 5195
3136 2632
6286 3312
9245 6735
5036 9880
3798 3455
9413 9217
3042 7990
5613 6800
7810 2233
4217 4527
5044 3714
9614 6782
6017 9572
7937 1874
2492 5207
7078 5510
3113 5839
5228 854
6098 6010
8588 6052
3640 667
4139 8640
7951 1288
9166 726
3238 7193
4144 9615
6166 149
4464 9971
8275 7217
4133 2477
3030 3090
7847 5981
272 7869
853 6552
5619 8332
4820 2276
2693 9689
6769 5665
91 9237
7619 16
6655 5689
2678 6931
8776 4880
120 6555
8936 5039
3548 6583
7526 6610
4771 7003
8599 6863
5773 4596
2425 7862
686 6017
8529 798
2796 7748
6736 3173
8772 1429
1945 183
3589 7241
4968 9234
6495 8331
9567 3933
6945 7963
2972 2652
394 6215
2395 316
8336 8552
4257 2108
1326 2574
4562 688
3594 9426
3435 484
8339 166
3240 9055
7399 6769
2433 3186
4402 4853
541 1289
694 9518
1022 3737
9621 4778
3890 6647
8346 2967
9617 2776
3089 2085
6060 2837
7757 4545
6273 1051
7189 7610
942 6641
5186 2693
3464 6075
5227 3135
1898 1913
6785 830
7804 7251
6637 4885
3975 9426
130 5432
1225 208
3659 9430
7858 3254
785 9687
7576 3941
8777 2234
8033 5940
8889 9800
3968 611
262 2577
6753 4984
8757 8046
6356 8248
3465 511
6324 3945
7227 5091
7111 5923
1757 1097
9389 7975
1541 7454
9839 3320
6406 8460
4532 5277
3502 4941
3501 111
2600 7247
649 5157
1603 482
5733 9140
3428 9785
3834 3718
9072 4395
2396 21
6973 3239
3904 3266
4268 7550
9852 3587
1833 3531
393 1717
4812 2309
1794 1861
4258 5936
6582 6805
7567 3684
8937 8125
5259 1197
4160 5155
1983 8219
5899 9679
7252 7350
6911 6676
9085 5115
4496 3933
5804 5191
5973 4581
9084 7987
3125 6631
1015 7914
5337 7898
2115 4650
8693 2455
8264 1325
5402 2532
4863 6838
1483 6614
6455 3849
4864 2424
4871 4330
663 4555
582 6458
3429 3393
4156 1331
9315 435
5289 173
3424 7702
8027 2570
8153 3896
3546 4906
8013 2615
9077 3452
4876 7690
7122 2701
2512 2361
1602 3759
4323 6011
5884 7071
3953 5896
7199 5192
2622 3588
842 2242
5038 6210
9955 2310
4187 1730
9551 2321
5933 8769
2164 9718
6162 1172
174 58
3248 153
5137 6579
8045 8997
9061 6302
7965 3428
511 5222
3423 5440
8872 9652
4735 4506
212 4385
7825 6901
1838 7924
9428 5727
2482 4654
6927 9536
52 5227
5203 819
8279 1466
1982 2247
5812 160
9899 1203
6121 4338
2432 3464
9966 3919
7154 6269
8409 7307
8541 587
6882 4214
4884 9036
7029 2328
9130 1987
8455 7942
993 8528
9534 3797
8163 6924
1778 5421
3102 3335
8922 6328
7704 5665
8925 4695
2495 9176
9066 3332
6420 6523
2942 7694
9082 3504
1166 1548
4109 635
7912 8162
1714 6983
5290 4466
9499 9731
2400 8908
8874 4319
3652 7348
665 8648
25 8736
9875 6706
5983 4243
1010 1238
4259 7304
4561 8952
5872 1168
4140 6309
7387 154
8990 2154
7135 7192
8424 6458
9105 4520
688 4946
9549 1397
1399 8673
4421 5781
3857 9448
5288 246
2931 7565
3171 9251
2635 7321
6277 7977
5319 2437
2021 7149
1394 3431
3377 4920
784 9658
3201 9717
9694 1915
4763 5091
8426 6902
7983 4798
7585 2234
2063 9141
3930 5785
1513 6562
4494 6036
9019 396
1906 2880
7862 9046
1864 5419
9027 7070
3781 9380
1739 9724
2214 272
3530 1571
5412 7706
3200 3449
245 3894
4004 5515
4384 3415
4862 7510
3622 8497
4463 6407
4023 774
6161 3400
4095 6489
6084 8548
3174 5921
1239 8176
7383 6735
1772 7172
7387 2984
9297 2714
8801 7568
2667 5497
2490 2261
1880 8793
7212 1563
82 6230
2455 3362
4765 3395
2024 4894
4969 9620
4525 2766
1087 5360
8015 4767
8550 7772
5477 7264
879 5830
2642 4056
236 762
8001 723
5936 9064
8915 7484
5051 8881
5681 5385
3060 6713
8439 274
7658 4384
9039 5808
2609 3103
5585 5246
8852 7929
3170 505
1699 5498
8346 4575
4437 8976
7573 4636
1367 7734
6663 8361
8134 3025
6888 9566
3605 8733
9619 4246
6108 2705
3925 3850
7616 289
187 879
105 5319
5349 9605
8822 6688
2670 5026
4487 5860
5568 3007
8233 3483
5119 482
5439 4701
9856 2156
6117 9456
5473 3146
3111 5838
7766 7843
6482 8428
9141 368
2662 1950
5616 9207
4538 7629
362 9688
8428 8755
8447 5934
5940 1713
7048 5483
208 6658
5033 2542
6348 6274
4372 737
3762 4343
7961 2589
2039 9233
7387 9748
5856 9551
5370 4947
624 7968
2595 1248
4859 3816
1058 1182
6720 3065
7736 7316
9784 7551
9164 3715
9458 4616
8148 8623
8447 1543
8236 1783
141 7971
1223 4352
6317 5135
2846 369
6075 2474
5375 2869
1836 7800
5146 8662
1481 6216
5328 6940
153 7071
7460 8927
7689 2834
5699 5318
2238 9812
9899 3292
5560 5230
5190 7781
2404 5743
9683 8762
7229 551
989 4620
6907 1623
3081 3088
580 5138
5636 3657
402 446
7275 3236
8001 9092
4662 5501
6023 8885
6412 9358
5004 2602
5069 2058
7243 8082
3785 7514
7039 8669
1819 3445
1584 5835
6581 5315
3274 1435
9767 2620
396 4714
622 580
2103 7858
2091 1209
3925 8098
1604 3417
4985 3772
9968 7374
2749 5453
975 713
7533 9580
6078 4186
5478 6201
6254 2686
4762 7861
6890 5348
359 2972
7153 7167
9004 1047
4165 9782
180 3286
274 5033
7704 7110
4770 6579
8065 140
6114 4794
5819 5631
1620 9291
6723 4688
9494 2758
4766 5869
2997 8922
223 826
5944 1990
1646 6183
9394 9734
8468 6546
459 9205
6629 3556
4078 5485
4022 4563
4860 6218
9988 5811
6052 9763
6370 1392
3482 2370
2565 6366
2231 3559
8821 3303
6204 2506
3149 4755
6226 1308
4240 5766
6689 686
8845 6195
7099 4493
5407 6762
8241 516
9326 7842
8333 3939
5035 9794
8849 3030
5990 9855
58 1026
3627 1790
8274 6565
8645 5474
9776 6921
406 5675
2710 1077
4509 4102
2975 2864
8579 7016
1195 2887
1393 7374
9849 397
8352 6563
8612 8396
7180 8667
3205 7825
1066 8297
5268 9065
6065 9240
3409 3438
1359 667
347 6975
6907 9417
1790 2197
5798 4540
2914 1038
2614 8514
2140 9196
8225 1822
9617 2792
4909 5638
9193 6007
8620 1933
3883 5808
2242 5380
3870 5562
5434 7781
792 4833
5395 5286
9959 8263
4402 806
9788 5202
4700 6665
1407 5524
2928 6483
7126 2413
4058 3012
5089 9240
2527 6205
2785 3970
680 2233
516 2346
4429 7418
9222 4660
7746 2235
2727 247
5979 1857
3603 6274
1143 6192
9495 8154
2323 4429
4530 1484
3014 5914
2249 2266
5735 7801
2769 9152
6693 1484
7024 5927
3178 2797
7324 2887
7786 4184
8498 2358
3970 8019
3308 9523
129 8159
277 6538
7312 3578
1384 7103
4755 5984
4913 1240
9222 9505
1841 4641
839 736
3690 6308
1237 3733
4646 3047
3023 7137
6783 5262
7289 4529
3111 2829
1169 1938
6612 7245
7929 1774
7976 6024
6054 7946
559 1600
7013 3587
4715 7137
588 2010
6896 4157
1605 7573
4823 8705
9534 3109
9375 8798
3091 281
4115 2590
1903 9936
9451 7459
7897 8948
3552 7835
8666 9625
8710 469
6266 1046
9830 6430
1677 156
9905 3317
3109 1614
9753 5236
340 7722
2120 4569
8989 632
8856 3098
2999 2285
8071 8771
2733 3468
4310 631
2199 8526
3029 6392
2267 5737
5287 2858
1574 4902
9530 4366
9664 5400
5844 1513
8209 8784
1489 1580
7509 3142
7497 9613
7832 1727
5018 9338
7553 8438
7879 3119
5382 5216
8334 7004
8117 1643
3878 8906
4564 6352
6393 4177
4539 5280
9657 9810
584 681
7468 5807
8949 442
8602 38
1394 5079
759 2715
983 5496
8157 5155
6442 6425
2358 3135
525 6026
9751 6442
9809 4671
364 6342
9742 5724
8689 4741
3958 9300
890 7216
5354 4200
3481 209
4409 4238
7141 6408
9819 6119
1705 8920
690 3012
5058 1486
7613 224
8273 321
1815 5854
9432 9816
7627 6679
1187 9989
9131 8523
730 8403
1007 8216
8508 437
2656 3433
7430 5556
3714 8953
4585 9132
8646 1255
7656 1424
2428 8725
7610 5443
4784 3723
4934 3836
4338 2776
8382 4833
704 2601
5707 994
313 3951
7208 7342
9140 8567
5333 2687
8639 9169
1910 6388
930 4573
2853 8588
7323 6588
8868 3309
2406 9039
6397 4855
6620 1688
5444 7066
7016 6652
6024 4071
9982 9859
3387 1681
7386 4516
6925 2219
3694 123
3156 9271
1231 8793
100 620
1053 2236
344 397
3966 9062
7516 54
5001 2703
3814 1057
4988 44
738 4667
7787 1266
4749 5921
1851 6378
2170 2302
1459 4495
6242 366
1818 2931
1236 2360
2245 1520
4510 4467
9353 9922
4119 9366
1286 4411
6476 6594
1810 4955
5893 943
7567 3526
380 965
8567 5919
8593 771
6755 4968
6719 7994
616 8694
3751 229
4252 9254
1049 9836
4388 272
6438 6535
1936 8763
1650 4947
4226 5361
8064 4570
456 2262
2845 3801
608 5389
8019 5518
1529 6984
4357 1778
9932 3414
7991 2709
2266 5676
7618 8902
7817 2176
632 6078
2850 2745
1022 8787
4715 4084
5287 11
4374 6421
8581 8426
5769 9931
5429 6397
1376 4110
1023 9035
1024 345
6351 5068
2492 8641
8306 3514
318 7670
472 7802
7119 2155
4337 2619
4260 4842
7453 6961
8513 5411
2627 8137
1831 2683
4416 5474
9733 6069
8901 9974
3568 7956
2502 928
8033 8615
2426 5152
722 2425
3022 6978
5693 4540
5785 6347
1369 22
3612 8093
3748 1050
5697 896
678 9682
8260 9264
9763 2270
5364 5041
5059 6913
6771 3280
702 665
4822 694
5019 46
8136 7938
900 4772
3449 6169
408 1094
1991 5093
7987 3797
9049 1158
7820 4168
1813 5289
4669 4976
9437 3367
4158 687
2072 5695
9796 4101
7701 1608
3209 6618
5530 3498
471 9833
949 3483
2826 3185
8125 3162
4608 7328
4067 9708
3156 2479
5739 4096
3029 8908
2239 8428
7251 9873
9197 7186
3061 6894
7282 2968
716 2811
7451 7199
1733 66
2795 4404
6018 1781
7953 2581
5373 315
6334 5639
2940 7950
7037 8468
1636 8520
814 1828
4651 3611
9778 5646
3538 6449
5228 8776
4496 3040
104 7461
6888 9369
5206 726
706 204
5876 4201
2285 7133
1580 1548
9268 806
9304 5656
6453 8042
1494 7112
1937 2397
9703 3991
6889 2186
8064 9127
8407 7962
1524 2641
5481 9752
4690 6465
5955 6830
3555 8153
7260 3712
9134 4116
7400 6707
4192 1501
7452 7685
5316 3598
9463 7142
5543 9240
2603 8503
9300 4019
4732 4695
9618 9439
6308 2607
6827 1775
3523 7179
8111 558
7100 3571
1173 2999
4317 3244
1158 3385
5581 8700
4199 7372
2065 572
765 7393
2009 9718
921 2774
6333 6318
6607 190
5225 4970
4884 562
5560 8963
7085 3581
8095 8856
3316 6051
8549 1637
9867 9674
8783 6584
8944 9504
4579 9394
750 5442
8812 3147
661 3056
8877 4344
1000 7819
9117 5975
4246 9097
3686 4598
4108 611
8529 3059
5856 3606
8317 275
8516 9382
2859 2766
1505 9667
3566 1372
1941 6236
9572 2085
2172 4537
7667 1425
4066 5364
2609 8613
6392 7273
7239 6996
3294 4636
5130 6296
4340 3916
1073 1121
6297 3590
9717 1985
4698 8490
5120 7549
4933 4897
6711 3064
7589 6143
6394 4286
8807 9874
5539 9969
8830 1737
742 8232
3836 6685
5658 2414
4392 3076
553 5488
8961 4355
1077 2781
162 4241
2426 7656
3934 1733
1962 559
3054 1169
5967 7737
5925 7952
7683 3066
4849 3975
4249 2386
2491 181
85 4128
1108 1315
6701 9004
4869 7950
4188 5386
5513 8660
3473 3672
9057 7819
3752 3053
8834 3390
1612 9597
1088 2893
529 4843
1355 9236
2239 8028
4118 4215
6146 1849
6491 212
8084 8737
1823 392
6135 2558
2456 7731
8726 3249
6411 2178
2782 2370
5785 5657
1136 1713
2233 870
6030 1971
6772 5199
4396 2124
401 5354
6843 2454
663 5430
667 1901
6363 556
4341 4156
9110 1457
5379 3783
1581 8909
7656 9066
4582 110
1639 728
8082 4201
3072 2494
1145 5919
9865 1734
9520 4360
4503 3529
3687 8331
8379 9476
9886 3466
2774 9028
8401 7080
7791 2132
3648 7472
1480 3773
4107 5979
4441 3530
6191 2986
9069 3087
9981 6052
5898 1566
3600 9627
6859 4192
8963 1795
7680 4627
6575 914
379 8202
3483 3056
7092 5050
3367 3377
5398 5046
1063 9466
4118 4446
8903 9583
5763 2366
9440 2441
9341 3821
7794 3108
8513 1580
7059 6371
6750 4757
9626 1201
6873 4422
2981 6906
5211 4904
6757 5808
849 808
548 4240
1727 636
6874 9344
5942 5524
8891 5930
4981 4232
2485 5302
8651 5483
3959 4719
959 9505
804 6518
3888 8192
3972 8528
581 492
3762 4282
4794 2847
274 777
3042 4284
5025 6614
8674 8344
5304 6503
3669 735
2472 9065
7167 9418
2466 2481
846 3654
6275 3211
5484 4821
5171 3970
2237 1541
3635 3374
9759 8637
6588 3839
8084 8419
4386 5988
3470 526
929 4273
9896 7108
3608 6930
7891 8327
3830 9471
286 4677
808 5423
193 5841
9395 6220
2308 8771
1558 1016
403 5770
3175 5641
8175 6812
6392 6857
7939 7052
1929 7931
7313 9924
9164 7639
7889 8048
7264 8194
614 4431
3908 6230
6490 2702
5782 3745
382 622
9004 6860
2248 342
3742 8137
9288 9090
4539 24
7506 1671
9010 7036
7831 3216
5471 9768
1618 5234
1411 5415
4594 6218
7482 4664
320 9235
7595 9828
1117 6601
8569 7386
4028 9125
8889 930
1916 3467
9667 948
1774 7395
9888 2151
8632 9940
8174 4964
5009 4594
5460 9206
3526 9246
4678 921
1643 6959
7303 639
7146 8816
3106 3225
379 8673
1419 1013
8793 6857
1724 4138
3664 5379
3965 399
3197 8481
8105 5795
6617 1744
1632 4707
9874 7453
1726 9341
9179 7961
8375 8686
2491 4086
8699 7053
655 4259
4948 6371
3506 3143
7799 2144
8065 6434
9963 7719
944 5766
4484 6650
5978 9361
2121 3025
565 432
4411 6536
9710 1542
9808 8614
7911 1267
8450 3608
9202 5533
940 7391
6789 8322
5684 2097
2199 3506
3147 5961
5714 6761
6559 5400
9004 7150
6042 9020
3698 1843
1418 3263
5640 2043
6191 3207
4370 6717
4883 2128
1986 8115
7155 1064
481 9646
9855 8571
1662 5117
1144 6441
1726 7039
3538 4764
7515 6659
8810 9534
3414 5539
8777 5285
9614 4395
5596 7026
7241 7811
7853 7015
1733 6034
7218 9911
1452 4850
7158 3854
7477 4069
9590 2537
2918 3338
2663 343
1688 1708
6778 422
3815 3407
8976 3925
7985 4847
8063 1182
4743 9403
7160 7588
4192 477
9044 4439
9813 7053
7362 2713
4548 5371
9016 2530
7764 9041
3930 801
9095 5605
2230 1806
2203 8392
3164 7960
6108 4332
5352 4628
6088 3382
8425 7633
4196 6928
4716 8559
6071 2510
7262 1999
7608 2030
7145 128
7268 1966
9621 7076
8596 2896
4032 586
2295 6097
1353 6630
2459 9387
1963 343
5460 2610
9121 4952
4441 1920
8299 8918
1102 2034
4001 810
2467 1067
7229 4808
1418 2968
3716 2879
5772 8122
692 7572
3794 9351
3121 7061
3829 2765
1878 2718
9777 8051
2036 7020
864 4870
6781 358
8934 3079
5828 5702
8174 5855
7875 5116
9364 6787
7056 7758
4651 7363
8739 6811
4298 4896
257 2140
2717 404
7148 2465
1960 8603
7553 8984
9378 4633
774 1863
8969 8823
9955 5929
9915 7323
8415 7895
6576 4722
8419 9378
5573 3937
2352 5283
3500 5069
8153 1871
4252 500
4611 1347
140 9720
3076 3482
1995 2953
2819 2187
6167 7501
8015 5409
8770 8173
4614 9130
7968 9953
6470 7341
55 3715
8271 7196
3272 4673
3759 3885
5109 9791
838 4236
4980 870
8052 9208
4236 8126
2022 6119
3145 9379
2592 1338
5144 7834
2824 8257
4423 8446
3219 1161
41 599
6825 8537
9139 9396
6311 9628
362 9165
5238 3124
168 2422
8650 6058
5727 379
1925 2328
8890 9709
4787 5272
4477 2618
5223 2667
6923 2887
1342 6814
8645 205
7026 4557
109 7296
439 5627
123 3603
4037 5953
5476 2291
7682 6534
3368 1221
9797 6935
5153 5379
6334 4786
33 5600
3040 5091
6976 5870
9009 329
5800 3182
7728 2606
3558 246
8650 4317
5660 341
9807 1979
2529 4838
8887 1208
3855 2319
4727 5775
4803 8146
6177 2806
101 6301
8877 9439
1412 8502
6327 4437
2464 6363
7830 3825
2422 9539
2823 5901
5939 9628
3416 5191
4267 4245
5382 1737
9961 2561
5169 9866
7880 551
9969 7121
6482 9853
6329 2054
7460 1920
3340 3582
6922 1742
2253 2822
6445 34
9020 9165
3788 8098
4764 2505
9674 5916
3561 7832
2918 5973
2290 7035
6174 848
9760 6470
196 2633
5927 1201
1194 1822
2534 6735
5971 7382
4375 4882
5059 306
7691 44
3698 8124
770 7383
6019 9135
4006 3668
2891 5781
7264 8943
513 5924
4955 7878
8859 3874
7237 7901
7525 9506
7389 1588
3321 3292
2666 6221
9547 9293
890 9044
1154 4623
6562 1377
4866 7074
249 805
1844 4641
41 1364
363 3089
2759 3363
7476 2865
5669 37
8508 6674
5898 7044
3926 1789
479 4216
2688 7737
9872 5618
9273 589
5279 322
8181 7104
5147 5271
2480 3940
9953 1892
2172 4684
2318 7288
9280 5341
1058 4142
2107 1510
6557 2426
923 9901
7816 2462
3458 8817
1088 5766
4431 8455
2312 4511
3181 8606
8670 495
9214 5157
1894 1180
1352 8202
8721 4217
8146 9138
5754 953
2510 3688
9305 294
7904 2685
4715 8870
8951 4451
8551 9332
4331 5621
603 53
9334 2332
4988 5614
8949 2453
5947 1451
6905 721
9708 2290
8969 9667
6901 2982
3743 9537
6054 9367
6050 4132
4050 115
8489 8816
3150 741
4298 5843
9273 3591
6233 441
2894 6144
5945 1232
1197 2735
3571 1862
7046 1579
8465 3313
46 6137
1849 8068
8376 7667
6635 5990
3854 2975
5933 218
2946 9201
2675 5036
1860 4593
5909 3363
6088 8587
5157 3861
2705 7261
8143 7248
3531 1807
2445 5415
9734 1371
2471 9260
2288 6209
3834 8369
3625 4102
2362 2003
5658 3582
1194 790
947 9950
9184 3832
5712 7748
5292 7267
2875 5020
5685 4690
6620 1941
6333 4329
5542 6948
5514 3883
5956 2905
9781 6689
9868 5920
4088 3731
2410 8667
4120 1153
1602 5713
162 5781
4794 726
6541 8851
9154 3171
2378 8901
8117 9618
4973 3995
5204 5790
4409 7290
1782 875
1914 2488
618 2135
9622 6188
6064 9418
9435 3611
6635 8075
6864 4340
4082 6387
5497 8837
7190 5429
3928 1282
9772 7328
3164 3376
8098 139
8658 9689
3695 9428
6976 4543
7261 5469
99 4283
8140 6978
6422 5274
1828 2264
1362 2613
4657 6431
6234 6158
6784 298
4294 5392
8184 2301
1380 4070
8150 9172
547 1078
3787 9101
3162 8846
2702 1735
1599 3438
2497 4860
3237 5973
9391 5718
1951 924
6698 8915
6257 129
4931 7303
2589 8388
8315 7906
4381 6220
8403 1896
6971 7813
5402 8684
2277 9446
2686 8398
9912 6104
513 526
459 6333
4442 5335
9440 615
6375 6414
8415 8480
4970 210
4873 1714
7530 4173
6382 6092
3104 1962
556 6920
720 8985
8491 193
2987 7091
9441 1239
1728 6775
7797 4349
6939 5361
625 6423
7066 9398
2316 2438
7234 3442
1518 7354
4825 2395
530 9403
7271 7783
9321 2230
6334 4253
9232 8597
1149 4907
5867 9610
728 8225
1513 9542
2144 110
3557 8385
7067 6741
7320 3200
7040 4948
2892 9878
1712 4149
3480 9941
3098 8637
9860 3020
6761 5415
2430 2761
7659 2707
5658 1300
1331 5250
5894 6023
2457 5295
7366 7596
5682 5748
8850 1639
2397 6417
211 8433
2558 2851
2413 9226
9099 3410
9498 3610
5196 365
7106 6483
4562 5581
5640 4709
5429 9322
8894 3622
2636 1826
1162 3989
4394 4160
9773 7567
8509 221
2389 632
6707 5479
8257 9499
9617 6638
8747 1843
1991 3110
1223 3011
5709 4698
8976 6022
7924 5505
5245 9515
386 9358
610 9813
4418 1804
906 4766
2394 8961
9400 5748
3897 6254
7443 8452
9941 9354
9484 8833
2436 8383
5204 7949
9679 6279
6056 1886
9585 1492
4907 4400
9352 310
1290 8121
8230 1435
1859 7391
5188 3202
659 6203
4763 197
4185 2426
2122 1744
2258 3312
4872 9166
5151 385
883 5029
2317 4452
3543 4267
6481 5590
9654 6650
3860 5161
1356 8538
2671 6488
8069 2944
5711 1950
7878 5894
8164 4222
7001 9313
3904 7438
8350 9509
8626 3387
8895 8316
3296 1678
5402 1659
8999 8514
1065 806
6759 9062
996 3796
546 8764
7073 2700
6668 6121
8725 5826
1662 1091
7839 9974
6957 3357
4259 6647
5481 3046
357 3764
3738 4455
801 6001
4779 881
6058 6862
7101 9059
20 2590
7188 2243
3001 4651
3816 3120
4632 8297
926 9377
6708 202
5373 7220
7936 1788
5188 3896
310 650
2380 6432
1247 5828
1038 7521
7457 4845
912 6163
7277 4755
1157 7882
342 1654
41 9500
8039 1091
7281 4894
5240 3042
6017 3485
7743 5168
3316 5823
851 399
8690 9653
509 41
2599 2691
1144 5129
4465 2916
494 7001
9979 8838
8039 3026
7329 9169
7213 730
3334 1702
7570 6012
1106 4291
5687 1814
2766 6544
2366 1004
6528 6970
3299 8246
3069 7443
3853 3849
6513 6902
1917 6728
7578 7040
4387 5454
1700 5300
6890 5563
1800 6965
3322 5880
3129 2104
5657 5063
8187 4714
9257 5463
368 6037
2328 3046
9889 7582
2007 7988
4581 7796
9963 6724
4673 4016
3343 4292
8479 1656
8836 8056
7913 4223
4077 4028
9626 5183
3500 9870
4054 7049
9184 3759
9064 9537
592 1501
2961 667
4757 6395
8128 2466
5260 23
2543 2930
8137 4648
8778 7178
6050 1706
5603 3747
8173 4029
4318 1541
7157 1359
1592 2198
5522 7026
4647 4253
7555 9921
4208 9609
3591 685
3830 3315
4239 992
6502 8813
2151 7688
7863 2264
805 3393
8972 2538
6049 858
3688 1544
8502 1601
4940 6814
8697 2082
4746 6939
6063 8795
9842 1410
8499 2583
1214 240
8538 4653
3915 7017
8230 6012
5313 6870
9169 813
8777 5656
507 3835
7397 4285
8818 836
8468 6354
3482 8595
3364 6972
5254 2133
9116 4578
5586 9076
363 2755
4475 8270
6461 3642
648 1160
1054 7064
8532 8428
3570 3612
8735 2584
9724 116
1808 9526
6146 3265
3691 6986
5918 9969
6395 7563
2371 1241
6200 5860
7639 3598
770 9191
7416 5752
519 3239
7311 4088
4326 5776
616 3531
8598 9064
5520 4753
1296 9584
5812 7719
138 7016
5873 5273
8320 9950
1764 1200
6925 3303
8380 8448
720 3677
8954 4184
1300 3414
2205 2499
7177 1004
7828 1685
3833 4680
9045 2169
1752 5818
2165 418
5507 6554
1615 9475
4182 5595
7018 1153
3571 297
2988 8932
3625 6410
5256 4280
6217 4776
6897 5679
3570 771
7892 879
8256 449
1918 3733
4939 8049
2963 1784
9827 3035
5627 2053
9687 7224
8390 7682
5321 267
1030 8561
5166 6104
5050 5411
5844 1182
1735 8544
4734 4023
6621 3675
6142 7161
1338 3807
3130 2623
6441 2681
4709 9537
9892 2944
9045 6891
6944 2762
3743 6313
9921 4767
104 5425
1448 6947
3442 4426
740 2531
6449 1392
6341 3439
4813 6559
5885 7961
205 4933
2690 3938
3377 3346
7509 6631
9829 7445
9874 2535
8165 2443
6254 7762
8935 1988
6750 6896
9476 515
8316 4715
9412 8612
7761 8237
7279 7441
8385 7569
7808 1957
1483 7452
3390 1920
1768 1202
8192 3424
7832 9632
7684 5384
5976 188
3953 2753
911 9983
33 3991
2301 838
751 4342
8577 37
8662 5754
1033 2120
42 7394
4371 7243
8191 3241
1125 4881
4800 7017
8528 2917
7549 3280
337 2922
2915 711
8973 9650
1615 475
9683 4979
7772 180
1798 5896
1481 3747
2753 8359
7755 824
9029 7256
669 7386
7223 5473
1533 8137
1165 7405
8407 7476
3652 5964
1603 1713
9670 5464
431 5900
6567 5971
7380 1180
2922 7947
5347 2561
1592 5106
5636 4578
1979 5989
5611 8012
3106 4190
930 7883
4968 1150
9594 6130
8106 8855
622 6248
7533 828
8688 523
7190 7129
1121 2680
2807 2847
1136 2878
7599 2230
3390 710
2334 2368
8984 3536
1680 2495
3697 4019
6246 1138
495 301
5166 715
1810 4828
3338 8309
4893 8935
7711 566
8980 5070
6126 149
5029 5306
677 4547
6759 1660
6564 8298
5224 3805
7282 3605
1837 1284
4494 7534
1352 2558
4229 9946
256 3607
9381 6699
7418 4961
941 9516
8978 2808
9357 5249
4149 6485
4159 7907
2612 2546
8488 2417
1248 3560
9202 7034
2401 4575
8371 2092
9338 7767
6039 485
9204 6178
6455 3900
8269 1897
4304 5922
1892 4676
1762 7717
1782 1409
9010 6837
2943 9008
5018 3870
4182 7126
7979 8402
4634 708
4165 7281
9658 3997
6575 4099
1319 8359
562 7957
6992 4066
9941 9854
4491 4094
3181 2270
745 9645
5750 1956
6269 3403
9798 2359
8956 9715
9929 6046
6566 5205
3435 3662
3396 6138
4400 6711
2373 4769
3989 2753
8317 1940
7584 7187
9178 8482
6882 7239
5528 2055
5497 1537
2726 4154
5529 5815
1686 9109
8534 3042
8523 8252
4350 3015
2210 5882
29 2461
447 5106
1566 1785
4282 2333
9747 2760
4031 7885
5542 1142
4990 5738
8508 1273
7017 5687
5048 2368
4175 3252
8006 1452
8296 4345
8464 3353
7978 728
3402 67
8796 4519
5152 5660
5824 7726
6244 3053
7921 9174
2142 4652
6307 2389
1601 9688
7361 4726
3097 4592
2789 10000
2040 7274
9776 1428
4552 7619
4113 4712
9393 7519
3128 6789
5619 9844
3376 6898
9158 6083
8311 9042
1197 5117
6517 6628
7952 4207
873 6738
2019 3512
744 8967
8307 8622
3378 4377
4016 7147
8158 3261
6732 5471
5244 5151
1861 4838
3162 7311
1516 7267
5841 9840
9234 92
4983 9196
595 3682
4382 652
8303 4320
5371 4452
9213 9746
4053 9526
2841 9756
6426 2666
2258 4193
6631 5110
1644 393
4141 287
3739 1301
7207 9826
84 9881
1501 5004
2298 2293
3694 5460
9452 7122
9506 5386
649 7955
6051 461
3970 630
8104 5308
2341 2057
1432 6488
7792 304
3368 3645
7955 7723
2639 9602
7416 995
4172 3437
8514 2135
8227 991
2397 8245
7630 4720
3691 7165
1610 9883
