5017
100
14698151
46 54 49 48 52 51 60 49 44 40 55 50 55 59 41 58 43 46 42 46 54 58 58 50 46 53 56 54 40 58 51 58 41 58 56 53 48 60 48 60 42 49 55 52 42 42 41 56 56 48 53 50 54 55 56 49 42 54 60 52 48 42 46 60 41 57 57 50 44 57 40 40 53 46 49 41 52 53 44 41 59 60 43 56 50 53 46 45 54 41 54 43 51 42 58 46 59 42 44 54 
-51882 -72058 -56837 -50830 -55824 -53725 -70433 -59799 -49515 -43419 -77350 -60238 -59300 -73558 -47925 -62892 -50985 -57239 -52039 -55512 -57260 -74702 -82483 -64607 -54652 -59535 -62402 -64509 -39884 -73790 -60721 -74194 -45693 -58306 -66234 -69321 -56416 -70992 -57984 -68351 -50172 -56053 -62226 -56768 -46339 -45006 -46580 -66890 -57487 -49548 -61913 -57793 -59068 -58541 -53196 -51190 -44743 -60417 -66990 -49754 -49062 -55432 -52338 -65194 -52212 -68696 -66737 -61752 -57884 -59834 -49406 -43023 -54259 -52414 -56151 -49699 -67489 -66641 -50444 -43359 -55788 -69511 -54336 -56322 -54394 -63373 -55832 -45742 -69430 -53147 -63690 -50013 -62427 -44609 -68150 -43714 -70844 -50714 -51829 -70226 
54903 58614 50217 56631 54223 54399 61904 47502 40551 47469 51023 48494 63137 63769 47927 59617 43441 48215 41549 54078 61399 66456 62819 50774 51199 55975 59330 56977 44452 68133 57176 57129 40287 66176 58661 54810 51038 65892 44711 64100 49347 48805 54104 46862 50682 38998 41204 61052 61160 53845 56562 54598 54979 51776 58672 55709 34043 56312 49473 61242 51433 44815 49057 64735 42873 58790 62725 55017 49103 61691 42347 43155 55076 51690 56638 47513 57562 64162 37160 39350 61238 65334 49777 65249 50774 47999 49056 42636 58965 43981 57767 44329 50213 43735 66593 41070 61889 45771 52844 56450 
9488 8312
7716 9158
2100 2014
1610 8979
2699 9266
1389 1389
8432 3664
5724 7763
2299 7011
8368 1347
1548 8067
6315 4832
9750 8854
9103 1086
2350 9956
7190 7099
81 9599
4080 2487
7152 3959
5686 7362
302 337
2064 5591
4471 8972
1478 5541
7059 9342
5802 5796
8205 6052
5136 4496
6082 8234
6313 7272
1581 7466
386 80
8892 1215
1550 7155
9698 1064
9156 1743
1055 9350
1224 9299
5908 4760
6959 5704
6329 1839
401 4980
2690 3338
3417 6530
6809 2524
7324 8623
6137 1453
7968 2901
9787 1382
2660 8771
8208 6723
9875 2770
6353 5573
9941 7752
5719 3496
8096 2455
599 8188
5068 3522
5378 6800
9863 6918
7164 7622
9600 951
1333 4424
6067 4877
214 6978
7519 7908
6670 6724
1355 522
6989 9372
9164 1238
807 8374
6304 7702
8112 3125
5089 3588
6237 5326
9843 5539
286 7754
3674 9930
1363 3889
9802 8895
6155 2479
909 3924
9877 3174
9220 5354
6765 2393
2079 9454
1002 1137
5634 1878
3505 6518
8768 463
209 9414
1734 687
7997 1437
4715 8584
8889 8032
3500 2594
9370 6787
8840 8860
308 3597
7516 6839
8909 9705
8168 8423
9821 457
8742 2574
786 1033
8335 39
4284 2231
3186 1149
1984 8111
4899 425
9438 6187
14 7759
6866 2656
5442 3936
1235 6170
7343 8843
2094 9764
1994 5830
4682 2963
9578 7819
3126 4941
5093 7525
4710 8779
8394 2955
3477 2810
857 6083
75 4851
989 653
1760 8058
8734 3511
2633 9297
6781 7888
9064 4623
5067 2892
6719 4546
1959 9929
8164 1005
5223 5525
91 4094
5839 847
1292 1512
5921 3728
7133 2561
5258 9299
7720 318
7128 5858
1914 4869
5340 3890
6445 8436
4934 7372
5767 2030
559 3425
8236 4907
8871 9492
2262 6827
2582 7819
894 9541
4023 6196
1439 8275
3256 9284
8111 5254
8216 6646
9872 3059
2189 992
4719 1416
790 6612
9512 8330
7288 8327
9848 2976
8144 5752
2621 3810
4754 7654
965 9507
650 1829
4162 8161
998 2122
5724 9763
2076 3596
3746 4853
1560 3822
154 3101
5933 7506
4754 6363
1384 8358
7117 960
7348 2241
6693 2378
8184 6173
4871 3798
4832 5773
6643 6191
1256 7465
3649 5010
8490 9316
2487 8134
5574 3536
706 1722
6283 2487
5165 6462
2599 9298
1832 9842
5464 8902
2774 5419
6882 9209
719 6133
6527 6918
4163 1712
8035 2992
2699 3078
5416 9838
9540 2705
7876 1824
4023 1362
5444 8217
8087 8877
4396 6020
676 4165
4553 2454
3073 5488
4001 6353
7507 4713
6863 2896
96 5222
9691 4083
5923 6598
728 3150
6388 1555
9814 3833
3204 871
1985 9951
1703 4272
2412 4302
1202 5865
9383 8754
3220 6299
8437 855
480 1167
4305 5946
4950 3426
2255 5240
4374 1472
602 9075
7493 3541
3960 3723
1008 5521
8424 2642
5519 4507
3235 1993
4957 5067
8899 8039
1004 107
2855 8412
17 4546
3651 427
2897 7848
3189 7999
3099 5147
6425 2589
4136 5971
1356 8274
3380 4807
1530 1439
3729 4337
7646 8985
2072 3308
1134 12
9708 3867
4745 8791
8584 5207
1432 7465
6434 1951
5165 3792
1705 1613
3381 5932
8232 5350
3304 9910
4824 2422
3916 3451
7421 2948
1903 6794
1271 1567
6170 4585
7768 8286
6752 8859
5360 7680
6589 1413
1426 7439
4384 1668
358 5163
3811 5457
8271 2857
2704 2327
7969 1675
5528 3182
5376 2964
7365 8613
2128 9797
8108 6121
7043 9624
5153 6109
3947 2706
3188 5204
9706 4203
6750 7971
4800 4597
5606 6919
1507 3350
9844 5788
8807 6082
1691 9940
939 448
9877 4349
1962 6760
6123 737
8984 7074
7462 7155
5255 847
3843 2864
5299 8371
3497 5109
6220 7701
5024 4627
8646 8830
91 5956
3651 2855
9117 8871
8421 6720
3543 11
4944 8795
442 1065
2274 7356
3232 3446
5469 5666
3956 2872
9709 9480
7990 3278
390 4160
1418 8919
9094 2308
161 8613
8597 6969
8047 2388
8792 8187
9204 1480
2661 1150
589 1367
441 4709
381 4303
6073 9359
8970 2038
1838 8558
4417 4281
4195 3941
5774 5614
6918 8154
4300 538
6459 1712
1645 4157
6158 683
4902 1006
5443 9654
5135 9413
8607 4514
6424 9656
5101 2093
8003 4396
5835 5755
3489 3573
5585 8130
8214 269
1026 1034
9736 7909
8373 4775
1813 9268
7712 4829
447 5266
8676 2875
9514 3409
4261 7993
8495 1635
146 7084
8848 5292
6591 8612
5980 1205
1499 489
4641 8464
1583 9623
1310 2516
2866 2003
6888 3205
4218 2039
7673 2377
3607 3018
3635 2109
1100 1817
1192 8174
1488 1836
591 115
9461 5732
5407 5449
5123 4777
7419 2370
9906 902
2867 1991
8210 2999
9728 7009
3390 834
4446 9562
5756 6478
1432 207
9164 5114
9984 1743
3936 620
9995 3358
8596 9455
1312 7315
8568 5185
363 2711
6301 1311
9128 1624
1088 3384
1806 8339
8083 1369
8022 8306
7717 9270
6691 3217
3470 4757
4146 4327
2631 3648
1145 624
5621 1738
1181 6940
6402 5170
1483 6739
4621 6683
915 2885
5043 2816
128 864
91 6994
1659 8184
7336 9908
6394 3199
3392 612
9961 7532
5949 2293
3462 4269
5143 8612
6086 4158
5303 2817
9398 1175
2907 292
2680 6473
4450 5435
4468 212
1437 7148
1218 6785
8618 2492
4010 9875
8224 9784
8773 1041
8091 3637
3894 5065
4574 7739
7695 3013
1808 9334
2698 9774
5647 2157
1520 4790
4085 6699
4900 6236
8125 7564
7501 8711
8134 4549
4268 3692
6184 8687
5720 3314
7484 3435
9203 8285
11 8190
796 5121
6749 455
5715 6252
551 1201
2747 3816
449 9731
3481 8434
6411 9474
1658 4425
907 1000
6049 4105
4283 8796
4202 537
4646 8813
8385 2488
4819 3447
8121 4779
7722 1485
5725 1934
9936 5739
2738 5567
3934 2433
9082 1574
3827 5706
4942 19
8499 6329
850 1790
5459 6352
6809 4965
8724 9224
6159 7462
279 5746
9083 241
8798 9323
7055 7482
8703 6905
6960 8704
9666 6402
6670 7187
8484 2631
9806 7241
3987 35
5497 4724
3743 1877
1768 6585
5131 2114
5632 180
5229 6134
1771 1649
198 4047
4229 5749
6859 582
8491 2525
3537 627
681 8508
6386 1484
9788 9494
8959 111
5056 5401
9867 6515
5031 3991
8824 8672
4852 5823
1480 4710
9538 923
4660 2847
6796 1052
9850 2523
3946 9130
2862 37
8609 4357
142 5727
5124 8031
9365 4524
6528 5464
5520 949
266 745
6440 7743
5554 2360
7182 4102
1743 1836
7411 4509
2096 3078
6012 6616
3998 696
7581 3735
9861 3803
4600 9395
6581 1710
3343 2295
6187 2501
8569 4308
2622 8942
3828 4569
2352 9371
3583 9009
548 3104
4873 4627
2502 4187
6751 9766
5368 2321
4467 3491
5121 841
8511 7891
8250 6480
8468 4256
736 8413
8008 3147
9677 2300
203 1435
4256 9153
5712 4398
2799 8100
4476 943
8495 213
6033 5331
2814 7755
5976 6047
7345 4605
9044 3287
8721 8987
9766 9993
2110 1110
9305 3098
3002 5735
1296 1436
7334 8277
1069 8133
5485 544
9961 3419
7332 7655
3846 9922
8041 5151
9910 1911
6653 6137
755 7197
6599 7473
555 5181
1770 348
562 4611
2154 5870
3119 9885
2265 9031
119 3383
4204 2021
6895 6407
2314 7150
491 3656
8978 9593
8319 3725
9864 9711
5545 5158
2610 668
3562 7939
1806 8517
8081 9377
7850 8799
1353 4145
2312 4791
2911 4306
4901 8021
259 7261
3922 7262
3873 5682
8975 9906
6555 2422
3311 5992
2345 3016
71 996
8002 454
533 4912
1161 2214
4814 2820
8718 3729
4942 8186
8558 5609
2998 8758
5869 6977
6924 5586
8711 536
8055 6352
3351 2341
9211 730
7964 7975
152 2369
547 8441
8435 4390
4299 8278
1096 461
8551 7363
2813 476
254 9359
1731 5119
3307 6724
7634 1425
3823 6911
8793 5699
7335 9881
4433 7525
7066 3867
3223 1196
5019 1572
6970 7226
3620 414
7735 982
5008 8596
9629 6437
8359 2933
8853 4537
4261 9010
4065 5211
4542 9569
4060 1555
7365 7834
3707 952
3235 1805
9466 7846
208 54
8657 6861
5880 8112
520 7894
2615 4800
7897 345
3893 3398
4130 9122
3143 2752
4875 6012
9756 1826
8576 7759
5495 2282
9038 9715
5615 8381
429 3087
9230 1956
9227 692
1704 7551
3407 8253
1272 5604
19 9454
6725 6586
6357 9750
8803 3689
3071 1874
2526 1519
1354 8763
5393 546
1316 9137
8082 8156
2502 8201
1819 3417
1692 7918
8223 4458
6599 1754
752 9663
5539 4728
2984 9069
8693 241
8652 2476
8582 9424
9212 7427
5289 1917
680 8685
2112 797
4469 8056
5569 4874
5447 8982
4360 9849
9041 4976
3139 7551
4795 2630
3911 2929
9005 7042
7026 319
7757 5622
5833 3741
1726 3407
5565 4141
9117 6267
4819 8361
3565 789
5813 5363
6668 2176
4003 8200
1270 2508
3350 8704
9850 3856
2445 9512
708 953
9719 3548
5162 2720
4242 4183
1064 9792
3312 3280
2013 3507
5757 4862
539 173
7617 5274
3746 1949
4979 8937
5751 8498
4114 737
1561 3335
5828 2973
2571 3676
8085 3935
8520 2436
7834 8881
9060 7126
2849 8974
2548 2001
1845 5546
1117 5517
1329 5029
8548 3925
4399 1808
3084 4620
3660 3882
4558 6490
8904 7722
8636 1637
2590 4712
7811 7926
9793 2406
1167 3088
5787 3334
8277 1528
625 7319
8806 8526
2966 6971
1151 7957
3579 8053
540 5017
7850 6326
2427 2667
7781 6355
3716 55
9182 4083
255 5515
1852 4217
8346 2938
1720 6513
8582 3645
7780 2846
9955 2345
6056 9622
6445 7957
1422 589
4916 2760
4408 2192
9350 9708
34 1147
7535 9646
5283 6421
1515 6149
4520 9299
2929 3917
2199 5338
5341 7780
7761 3020
3770 2238
8823 3496
7905 549
6612 9503
2336 1420
818 4375
9165 5266
7180 4029
1081 7377
2887 4607
8878 4651
1417 5828
7340 5100
4320 5566
6362 337
1458 7939
9851 8931
2896 434
6339 2754
6866 2445
1445 5096
6663 452
4340 1846
7688 3089
7267 7540
5988 5020
6650 7749
8140 6445
3640 6912
5334 5831
422 2664
9876 8326
1385 8621
4327 6028
4807 7274
7990 7880
5828 6532
9940 6389
3567 6562
1228 5337
3300 3483
7709 7917
9520 7989
2417 317
2794 6337
1578 4145
8089 2504
2581 2808
7497 4486
5714 2930
8143 490
9345 4925
2725 9142
9358 1916
1582 3045
5943 6431
139 2703
3982 2611
9527 5306
6649 6741
3868 2420
1499 9092
7520 2763
5473 861
1498 8414
9145 212
7159 8757
6749 1037
8706 2005
9933 7828
6409 3808
4886 7951
7299 7773
3760 4453
8360 7465
3953 5072
8121 6026
718 4754
6231 5463
9595 1483
4079 9010
6396 2875
1259 891
2237 4964
5341 1025
8857 6371
3712 1776
3301 7423
9767 1464
5321 2062
9429 1467
2372 770
148 6424
790 3003
216 8127
1967 8668
4332 6592
9969 4201
8321 960
74 3862
2353 765
7497 8275
5748 9611
5048 9675
4783 9090
3204 5992
4345 2539
6564 73
6607 861
5766 4641
7070 5092
5074 5241
2894 7843
78 9183
2869 6548
5343 8081
2227 3382
5311 3025
8397 315
9594 7055
9954 437
5192 8123
4863 5695
8674 7558
6723 9560
6703 9210
7331 2917
1063 4614
1340 9749
6013 5030
4478 1582
7066 8977
6009 8732
1353 7552
934 600
5421 280
1573 6488
3864 5006
6814 6053
9615 2027
7721 8306
8543 7381
235 6093
8680 5387
7393 474
5258 7698
1244 7444
4491 7576
3762 9315
6566 6784
6600 7276
2878 6790
8728 9852
6823 3780
3481 8774
7020 6191
7409 3841
4624 3914
3471 518
5239 7167
9958 7444
1688 5744
638 9018
2265 4956
1493 8447
9283 3259
2346 6367
953 9673
2834 1108
4337 1571
6977 5925
1010 9669
1299 2615
8261 6236
6029 3337
3503 2907
587 6027
3819 3466
1997 5035
7028 4041
1358 1573
1375 4428
4440 8304
817 7425
2013 3982
1700 1058
4896 6534
5322 4469
9770 7365
167 115
7065 5903
893 5567
3005 8212
9724 9894
2489 3779
5679 3324
5700 4623
9364 4447
5939 3794
2835 6811
8681 3109
7502 4817
9142 8258
4072 7470
1186 4234
3917 8251
4324 2100
3128 5306
9341 7913
9305 664
4490 4776
3798 2788
6667 2391
8320 1756
633 2935
316 4510
6373 2887
5451 6400
252 4051
9896 1208
3146 6706
6300 7244
8541 8732
9085 4796
9549 9962
7742 1250
6651 6057
8140 7303
3022 3944
4892 8702
7699 8200
4865 9642
1617 4534
9504 1139
8984 5120
2961 3698
5490 9325
6412 333
1828 3931
5940 8245
9776 6527
255 9160
4603 7154
5106 6061
8587 9017
4225 822
1701 5437
8350 8190
9874 8485
7287 3836
132 2920
580 8940
8717 1108
1474 535
8219 4078
8724 3416
4219 6542
7992 8893
6890 9400
5997 7900
2101 5670
7044 8989
5527 155
5943 2917
7083 2226
6801 7184
2052 8430
8421 5785
9531 8569
9653 8248
4489 5082
4129 9615
9838 5216
9785 8394
5786 1531
9853 7400
5756 5511
9532 3029
6929 944
4827 4043
4888 1479
6936 1751
8494 5825
8725 9976
3219 8015
6413 2385
5132 8090
5151 2253
2369 5535
9199 3221
7750 7937
6520 8735
8514 1397
1241 1063
7483 6496
1282 4605
7105 2787
3029 7275
5263 1472
69 7656
6328 8847
8261 1351
5284 1893
6884 5358
9812 867
432 4215
6907 3774
5139 8891
5128 6749
8439 7267
8196 6165
1313 8162
3901 9189
5255 430
5203 3650
7640 2800
9836 8043
3206 5541
5320 4614
7917 6884
8273 1026
9215 1389
6555 4821
3686 3455
9328 1916
2089 6576
1354 4535
6500 9176
3233 5504
9801 1516
2267 1675
7765 2636
6917 3900
9259 2484
9018 7916
7508 5101
1679 8222
7749 6382
246 185
5576 7765
9117 3246
7753 1211
2614 1566
9740 4695
9247 3665
4926 5619
5882 9731
8120 7329
3796 3542
2244 6338
3468 1794
8485 7457
2066 7371
8496 4705
5924 6074
2251 9177
2320 1811
8737 3006
452 6570
8335 9491
813 1564
6337 5844
9492 4718
245 9208
3677 490
7989 8452
4059 9227
6513 3205
455 6228
6585 475
9809 2538
3061 5092
9969 5509
4041 4371
8909 8272
9879 5053
1075 7561
6733 7076
9238 4015
5257 9215
1358 9647
8219 8765
8236 6112
753 2988
9785 981
9987 1858
7172 4871
6000 9180
241 6632
4037 3848
41 4788
7455 7859
2552 9068
4804 4078
3254 8560
4565 5151
1312 1288
1508 3147
9599 159
5910 1557
4991 464
7731 2790
3814 9777
4338 7215
4299 4841
5018 2966
4324 7287
2789 8545
2394 5291
5633 3123
9533 3188
1972 8048
6033 6680
2594 103
4647 8315
430 4126
7899 19
5828 7611
6309 9604
6588 4024
993 6246
7543 8156
2391 6322
1701 414
2301 4379
5509 3858
9042 3307
5740 1217
1604 1688
1233 1138
1103 3331
9377 2118
3907 7221
9720 3394
1466 5028
704 4904
876 9182
8798 5044
6197 3866
817 3578
4806 9501
5244 6302
9822 1119
7415 3258
9524 8236
1349 5856
900 9457
9821 9287
502 6266
3272 5914
6576 9135
3860 8304
6616 4259
8684 9657
4349 242
3685 4081
7823 286
7564 215
4302 2527
640 8463
8460 4574
6987 382
7496 7062
6918 3242
5254 6727
552 4714
5815 7757
48 8908
392 3195
8103 1457
9232 1775
8860 4780
5290 1692
324 8695
4652 4315
2412 4838
3557 8171
4349 6771
2026 5937
2481 1874
2836 5139
7393 2233
3993 5503
4659 3947
7797 5984
7287 4464
8805 2989
6750 7918
1399 2954
2322 1813
3988 4922
8123 1414
1445 4454
5470 1052
8600 2880
5850 9923
4403 5863
8853 6316
6551 8174
856 4702
1122 5864
7025 4638
7201 8184
7166 6503
4521 7641
2338 3446
3640 7135
2860 9960
1285 2198
8868 5483
767 6525
9999 1872
2679 7944
5646 6145
30 6932
54 7812
940 4292
5785 5470
7890 8748
4155 84
3377 142
3852 3705
8953 942
4471 6148
5374 9670
7206 9460
3726 9315
1833 9220
3311 2359
7408 5949
8277 235
1705 7219
9497 1643
8409 4791
5048 3046
7453 8409
4473 7769
6829 7483
5777 8014
6760 8362
3123 2471
9677 6083
3182 2170
7410 3130
5848 6695
1486 7097
7703 95
8590 3981
4938 7598
68 8575
1838 6536
6990 4912
915 6038
4714 5219
3163 4591
6264 1864
1724 3540
5844 631
2075 5573
2465 6055
2365 1402
9970 483
6047 6533
9724 4975
4405 5825
8724 2320
6823 1578
5622 3181
7662 4716
9358 8315
6333 3111
4778 1477
676 10000
5537 2580
4951 801
2468 6656
1181 6192
3548 3608
1835 9427
3649 8826
3250 5948
4010 1981
2026 2781
1793 6626
7583 6151
138 1701
9209 5764
9452 6660
8442 229
1181 1734
4372 8797
896 7671
2155 9293
5250 5496
2703 4887
7697 8167
4132 5173
694 7959
1035 8159
9448 3403
8385 1224
2348 8229
1282 7939
4409 8153
424 7985
4924 4530
1152 4038
6037 3077
853 1037
3168 7094
7559 4508
5805 3980
2816 9992
5668 4433
9392 6170
5525 2810
6925 513
1267 1352
4663 5640
894 3165
9656 9290
6805 4800
5535 7252
2373 8774
226 619
9171 4878
4015 4607
4653 6677
1493 3820
3995 4666
5232 5528
2394 5205
6136 3843
3209 7955
6994 1588
9205 6057
6161 9397
4761 2868
5060 6710
1958 8818
3183 2710
5725 1427
7553 6152
4746 7580
2374 4988
9459 5844
9286 4528
4939 6671
1269 7361
8138 7130
3187 9295
5428 9549
9191 7459
6482 7560
6186 1273
7581 7377
7451 7265
5592 4432
5967 9031
8144 6672
6840 7557
8061 1564
4945 6882
2799 3516
2708 3164
9092 2457
5363 8927
3302 3561
7718 4349
8222 6800
6228 6157
1919 414
8308 2414
2586 7297
4878 5175
4246 5749
8673 5236
7916 5356
624 4021
1376 5403
8831 9081
3261 6277
4582 358
3490 9540
2196 3530
4689 6641
9418 5157
9147 4452
4258 1528
6612 6023
3853 9699
9461 1972
1512 1219
5496 5587
3886 6889
386 7230
6419 217
4184 5834
9565 4278
503 533
5447 2298
9934 8514
1166 4918
6069 2070
1232 4521
7300 9767
9083 8884
3196 1995
1252 360
150 4092
2332 1399
3517 6521
6689 6589
9958 9540
2315 4567
8447 7338
5606 6737
507 2108
6036 5611
5870 8643
8751 8819
2722 5490
2088 6846
10000 8619
5879 7220
7951 9388
8378 2688
7887 3881
8422 1239
9059 7039
3853 4487
9301 2810
2496 2116
5959 1223
7014 818
647 5903
3056 8482
5741 3751
3201 6446
5730 3446
8616 4249
5704 6082
7339 4337
2114 3339
2981 8510
2810 8214
6871 1365
3432 3269
4813 7989
4363 2648
343 2492
5638 51
2663 3630
231 3408
1411 9735
5715 918
6871 5505
2009 3516
6976 9299
7692 3968
4450 1856
8847 8060
6506 1509
7181 4892
2445 4032
1591 8695
8733 8462
7821 1185
7156 758
1553 4531
7706 2798
4506 5484
6864 3284
9476 7633
6030 2230
7830 9362
9875 2569
7946 1565
7799 9643
4415 2974
2121 7214
7053 7627
6531 3396
9687 9506
4736 2527
7504 7951
2251 8309
1758 6813
2140 7009
9103 3380
226 2115
8756 9681
3429 2841
4626 9682
6772 1781
6302 3936
5534 1759
3853 9235
9668 2843
4361 2799
2756 4150
4834 419
8343 4077
877 8284
6808 2027
4424 5182
7363 6569
6900 2421
3948 4793
3420 3436
8819 251
4232 2208
3658 6638
6967 4354
8597 5169
5587 2085
2402 9805
3728 7075
2869 8864
2033 4787
6157 715
9581 7823
3529 5392
3769 3314
4975 3571
469 785
901 4046
2884 2234
3568 3969
6126 3248
5480 2644
3789 6433
756 8769
364 9358
1244 2397
3067 9258
1861 8068
2527 2236
8773 285
5639 4510
2830 7267
2504 5997
795 4498
1796 3931
5894 6218
7893 1042
1062 8989
5843 4190
4457 2711
6247 2574
2225 8101
9948 8280
5437 1657
3098 6486
1644 9952
6249 5744
290 4918
3805 9216
9038 5568
8965 3587
1604 506
4401 9072
6778 3796
3510 6063
6527 5473
1065 3984
7641 5021
4244 5015
232 9543
4184 8580
8546 9212
596 4675
8375 6537
9235 2578
6144 3193
6995 7548
7548 2157
6855 2689
2513 983
2829 2774
1812 8103
3986 9209
5928 3159
1100 9958
2282 8627
6370 6858
62 7996
655 5361
7693 9590
7388 8375
6277 3335
2949 170
192 8027
2091 3943
6754 3530
8000 9571
5302 1104
6991 7704
2220 7008
5806 7449
205 6339
6022 8007
556 3631
3649 7691
5687 321
249 3665
5152 8277
6370 2968
5471 6338
8688 1610
7832 2149
4150 1603
3987 2782
4635 8676
3450 3821
6186 3173
8918 7954
8865 9893
5990 8422
8254 7759
6250 273
1136 1760
7029 2177
1252 558
8518 9738
9323 4900
8217 7413
234 3807
8550 7537
3588 3936
3089 635
8243 2182
6513 6843
2917 8060
3892 3949
9518 7254
7789 6137
1330 177
9080 1765
4180 722
1447 2346
9083 1610
5487 2676
8602 1215
5576 6694
4181 4324
1934 7684
180 4324
5032 8442
8341 8500
4122 2395
7571 301
9518 7329
5609 8575
3947 1923
8246 9111
3093 3888
9111 8336
9458 9166
2944 6841
2422 1676
9776 9465
3781 1012
8132 6534
5278 3166
4445 982
2579 1194
7574 2785
2899 199
8544 8008
3355 6577
9872 5042
8464 8218
2561 9647
5233 5567
664 3457
1252 4104
434 9078
4073 1384
3645 3261
8748 8597
6684 3057
3424 2333
8250 8640
2248 7203
1025 3415
8983 2115
6227 6324
8368 1164
9581 1910
9100 2736
8953 8480
9267 7998
579 403
3989 5753
5661 4463
2017 8029
9883 9266
9683 8334
3639 6432
7430 3197
9258 5747
739 1099
4073 2148
3043 896
1671 7305
8997 6027
7222 8294
2073 5566
8775 8557
2149 5903
7139 286
67 2189
1604 2629
9665 249
6450 8030
528 9126
9844 787
7530 8770
3423 6825
244 5612
3115 2433
5615 129
7786 8652
8925 6756
7201 1413
9860 8489
123 7756
6872 5936
1002 5704
7769 405
2192 5329
1939 14
325 9634
3463 2952
2195 3456
5664 2442
6683 7805
6228 6121
9200 1619
4558 3093
5381 9580
1419 9872
5248 6851
5089 327
4505 8582
740 6374
6055 4813
5650 7328
7094 8061
4490 9491
9860 1990
4016 5075
9105 8998
3763 1971
425 607
5189 6186
4260 3852
7263 6282
3008 2396
9143 4590
1341 8586
9502 584
7729 6703
153 3228
7814 8784
3754 6132
9762 4331
1343 2578
2302 7152
6257 484
6825 9004
6660 3865
7564 2724
4037 5667
5863 8664
9175 3813
3035 5922
1082 1811
1840 1623
6542 3030
4851 6646
7760 2909
3739 9064
5951 6430
9992 1990
6296 8712
5731 1495
1534 5632
537 7822
7178 994
6443 516
2724 4471
5422 7037
3923 3846
3117 6067
2870 4077
4977 7883
1690 5795
2911 8064
9277 4621
9824 9044
8338 1571
5917 6995
2727 5602
7027 9949
4687 1875
3444 843
3654 6301
8401 3548
127 2197
2490 4756
9566 2329
8234 668
5361 799
7702 6020
3672 5442
9916 1753
2553 721
39 854
7059 4655
5314 9062
4197 4742
7321 249
5626 8041
5834 6192
6888 12
2197 7846
2819 3464
961 4036
5414 2634
8951 3136
4541 7591
9212 6932
3087 2305
5733 8185
460 6967
9778 198
3446 3006
1300 7466
9286 7246
7618 3839
2994 8769
3930 9054
7038 5118
6692 1078
4913 4369
5640 5569
1737 2409
5802 4942
5835 1083
1018 7444
3311 4667
1968 5020
6257 5889
3194 2270
8231 7489
1199 2025
1543 3028
6010 9541
6108 6828
7858 4036
5091 4625
8485 9207
4684 2266
4628 1690
5808 2621
8223 9433
9139 3384
4762 6041
1439 2637
4135 2630
1642 4151
6946 532
758 625
6210 2313
1327 7010
4008 2799
6764 7428
9960 8451
92 4725
1421 4035
846 3483
1995 5416
8160 6151
6926 9478
5743 4117
1715 1347
4445 1267
6999 1647
1290 3496
9343 9343
520 3432
7771 4581
6996 5220
3531 9695
155 7420
6085 6347
343 9665
6732 9579
9223 6732
7713 9958
7433 6099
1605 5866
6678 6336
8028 2213
5756 4640
6903 8402
9307 1595
3983 3529
4891 7005
735 5694
9804 6198
1463 9216
8779 8721
7264 4402
6488 4086
7148 7656
6241 6487
5276 5472
7837 4654
7681 1076
7140 7878
7465 7208
1083 4537
6677 7157
8305 1028
3432 2994
5871 8258
8252 8912
4180 1754
6373 9871
5433 3956
3240 994
4277 4606
3254 7085
2969 2229
4618 952
831 6019
4130 2165
3424 8290
6474 4061
1041 2466
79 4269
8013 4535
8268 8246
9559 6566
1596 9629
276 8136
5143 3992
9316 9217
1683 5571
364 4016
8906 4170
2367 8970
3143 5907
7107 2634
6421 9931
5958 1611
629 8103
205 9356
463 547
7232 1030
8377 1013
534 8784
8553 1810
7632 5575
5882 3405
1868 4175
6443 6980
9873 988
9667 6784
3068 674
4047 589
4801 3127
105 3856
956 673
1681 4380
9767 8836
8153 8907
6042 6157
5450 1425
9984 3859
8360 3604
4682 9129
4143 1587
3344 6330
7433 6351
4061 1525
6477 8411
2728 5823
4777 7283
7720 7381
2063 8543
3682 2908
2201 3494
3789 5176
6110 888
7935 8636
1410 42
4737 5302
5273 5018
8264 8825
1088 3630
393 2717
7664 3606
2563 3779
3308 5515
8724 2667
768 9181
1895 3586
856 2976
2777 3143
2778 8257
7143 1064
3364 2828
3948 5943
767 5427
8616 1637
6265 5152
7349 9767
577 492
3114 7694
9325 3478
6255 2283
4707 971
4940 4496
3101 9029
971 226
9470 2323
6474 2161
6348 6936
5227 1616
5724 3221
6155 518
2132 4337
4058 836
3326 6719
5605 9445
6941 8653
6856 252
4573 9332
1773 5792
7971 4785
9748 5829
6337 4819
8745 4383
1082 6986
9622 7188
9388 6075
497 1588
2738 8717
2073 799
8530 5817
1656 5734
8064 7481
7743 3519
3935 7977
8198 2734
6498 2661
4697 1593
3499 740
145 7920
3197 9348
736 7142
4817 431
5140 1223
6725 4851
5565 4135
316 1259
6124 4493
9788 3868
7776 436
7040 3491
4759 9659
9248 1657
6396 3242
9699 733
911 1874
2157 523
5483 7986
1444 4117
759 5037
2495 2849
8532 3608
7282 8349
5679 3712
2925 831
601 4873
3701 9683
3918 9401
6369 3033
4700 5735
2178 7218
2345 2269
2888 3003
529 1643
1886 7059
6830 2557
8221 2801
905 6350
6100 6855
990 7634
9020 5428
4464 3788
6358 781
8190 3776
4507 5614
8308 2205
3872 3341
9661 9686
6147 5838
4411 8537
9196 2241
8501 9680
9865 3753
6166 974
3979 3000
8337 9741
2922 9159
2603 4203
3419 4473
185 2081
975 9674
9407 6021
3179 6756
4135 4651
7020 1024
4546 9368
2856 6683
740 3859
396 7596
3989 8722
4836 3049
3313 521
4332 2590
4369 7231
3264 8839
1505 9458
4451 8105
2290 6667
6742 3372
1125 2658
9865 5744
9090 9779
3816 6962
274 8785
9968 4728
678 1867
4776 5937
7356 7342
6974 3164
308 6316
6186 1580
5186 2408
3103 1639
9223 6706
9594 6010
3399 351
4470 2590
5339 6136
3566 6273
594 3641
9874 331
2802 8296
4132 9570
6196 9291
8136 7148
3657 1257
1486 2979
147 7761
1009 3143
3009 1955
8539 6142
6129 1829
2574 8182
2220 6487
3460 6039
2972 676
4300 1646
1778 9817
9303 1975
5405 2502
1955 432
6270 2428
9107 6902
3871 4076
3845 1754
2814 104
7196 9864
5928 150
355 7439
9054 5631
4456 1102
6756 1168
2338 1007
4590 5579
9010 6593
4204 9580
5863 3867
5306 3323
7522 6786
3994 594
1909 2758
1065 2540
2541 9350
7052 9166
8420 7681
1134 1392
4377 6241
8600 4726
46 3696
1049 145
8642 5015
5623 3022
98 8024
1509 5698
7859 8647
1880 5174
3570 5798
3091 6416
9440 7584
9416 8330
1985 2350
7723 1965
2496 491
93 7101
9633 5083
5328 8041
5824 1721
3068 1049
7995 3434
5984 6887
2681 9571
799 4089
6726 1128
2052 4502
9765 5750
1204 2785
4913 6448
4670 3359
3231 1601
2095 3419
5557 2011
2383 5266
9695 5260
4541 1972
2299 2328
7988 4319
6881 2181
8202 9396
9134 7389
9573 5046
9055 5106
2727 5532
8284 8393
1680 658
4312 2154
7176 6919
7449 428
3699 5878
6705 3847
8957 1566
4522 7526
4817 9669
5590 1821
373 9544
7002 6128
5027 8144
2864 7914
9723 7876
8995 8624
5720 9747
7489 1865
4183 1729
4069 3416
1889 9582
1512 2843
2192 5574
2714 1323
1899 5648
2740 5386
4956 8591
253 2465
9476 3866
9811 9536
4944 9485
9418 9948
1377 2020
8766 7980
752 4562
3210 4913
6811 8313
2629 4265
6006 5048
3407 6036
8579 7725
2450 9264
6135 3459
7757 9707
7803 1173
386 6364
196 185
2218 7707
1908 5536
5495 8862
7116 1722
1945 7700
531 3480
1805 3107
7509 4951
1987 5854
1870 7466
7666 1766
106 6056
4515 9950
7758 7247
3729 5773
5024 9341
1295 4515
8324 1086
655 9546
8660 6044
7283 6542
5204 1269
5820 5185
4157 780
5111 3265
4755 1675
4463 3779
4618 2908
6963 3746
9816 7078
7650 7385
7565 3727
2583 8003
1430 5546
800 3083
3113 3140
633 1558
3861 1684
2318 8435
2702 8411
2699 3758
8955 1420
112 5074
3858 3428
9362 5178
135 8418
8370 1251
9917 2013
1605 8367
9045 2873
1296 4010
6544 1551
2828 4123
2995 5426
2688 4112
6839 6581
9485 8550
1063 5331
1294 3488
2688 8807
7952 8829
357 7724
8610 4883
339 5429
4932 6576
1858 9663
7443 9351
7715 6389
1907 8390
6276 7121
1418 722
3026 8542
1394 1087
8519 627
1968 3239
6142 4001
4363 4401
9905 506
101 6453
4993 3516
2970 5916
7670 5466
3024 9867
5547 1319
4853 6128
5587 7502
5277 8589
5687 3946
530 436
2838 9309
3611 3032
5087 7426
2359 9497
2059 2014
4677 1689
5130 6027
9477 6225
1995 6325
2885 7777
2332 8514
3107 5017
4516 3123
2933 3658
7641 474
1199 6608
9707 4818
7707 5572
7624 6828
1623 5731
2058 2429
288 8592
840 2655
736 8623
8890 5919
8799 2102
7713 8116
3985 8877
3590 823
9707 5333
8245 4780
8948 6624
6080 2477
7178 1366
654 260
6676 8669
3594 8158
118 8364
8120 3495
5983 3877
2843 9278
8513 6080
7570 2968
3476 6739
4708 5141
841 2184
8861 8043
4793 2555
603 219
2945 1382
9161 1409
9887 7610
8828 5135
5658 6713
3593 6930
122 9691
1782 2627
3372 4915
1411 3056
5277 5737
7976 4473
133 6318
7852 2805
5472 7290
1133 9219
2941 1800
9674 1042
9093 2947
5994 9091
7001 8609
4103 718
1339 3026
2563 2602
4548 9574
5284 8628
1989 2038
3208 1773
8614 9931
8555 6194
8090 8409
2503 1035
7836 1414
8054 2815
6973 2257
4119 5290
9458 346
7845 3168
5738 4005
1949 7810
27 1235
3304 8915
9128 7400
2355 3972
3979 5342
4740 7782
7608 7704
2793 5554
7449 9502
3739 8631
2969 461
8462 4083
2160 9713
7524 1315
6990 8873
8232 8656
462 7761
8922 4109
2559 865
269 1596
1437 8749
6113 4422
9744 2795
6565 9612
125 737
3519 94
3966 4169
4058 3813
4115 6449
5765 5315
5503 4534
9505 6992
713 3883
4198 1282
99 9914
8178 134
8548 369
5342 7238
86 2879
2268 1322
3098 6289
1111 609
4482 9790
2505 7012
7996 2852
9796 9606
4032 5686
1752 4184
8969 4162
70 7554
1510 2909
8866 1724
2201 6441
7796 1696
5516 2580
3875 8642
6489 4477
8065 701
4774 3935
4785 8445
9587 5006
6014 8337
3220 2170
2732 6518
368 3968
7328 8375
7264 5429
2150 5243
7669 7839
9293 6082
970 4290
8209 258
6334 6673
5549 1802
1223 5772
7695 1071
2563 862
2630 1295
9204 6723
1199 5356
8563 6308
4762 183
7558 4988
3524 9807
9905 9192
2018 7488
9680 2197
6083 872
2237 279
2667 9576
9510 6997
6267 6916
9108 4785
4715 6297
438 3613
7161 102
3485 3530
4616 7549
2450 6808
1390 1443
1596 1997
6819 7537
445 9157
4903 2820
6754 9004
321 433
1539 9187
3457 7218
635 4557
1404 1273
1182 7937
9173 810
3733 1625
8927 8964
5691 847
8152 1489
7294 7255
2203 3733
3388 1023
1552 5501
834 9056
7270 39
2721 3539
1043 613
7624 8856
4678 3790
3266 8845
6171 1807
1670 2548
893 1478
8422 5953
2663 3887
5055 8575
132 1762
9191 3027
9056 3128
2852 3997
6914 4902
2022 644
698 4877
7646 7916
3029 2930
5266 4518
855 1608
1433 8806
9122 7100
5179 9671
4396 2902
4413 2642
3110 5243
1932 8544
2399 4452
5916 1049
8016 3801
3276 5798
872 9066
2419 7403
4309 8722
1841 9880
4016 941
152 5047
6401 4159
1010 6498
920 5163
9592 9562
1196 5902
7314 3560
6197 8492
4227 677
5009 8008
4995 3810
4839 6092
4123 6854
5199 240
6459 948
683 1433
1822 2202
2771 6766
2428 1206
2940 9633
1992 2961
8869 6787
5371 598
7059 8706
728 2524
6757 4022
2712 3551
3631 4359
9855 4031
1593 5691
1095 7139
2126 8685
9785 6498
2321 8550
4415 2767
6340 8815
3507 6968
4938 1889
3116 9896
2769 8012
1389 1844
6776 8203
1124 9121
6451 4030
9091 3677
9671 9966
8650 1147
9495 8338
5973 581
7469 3626
2955 6959
3765 6199
3679 1492
1724 9018
508 9119
554 1828
6221 4366
7669 3494
4709 2330
3166 5906
1250 9881
8615 7977
6539 8841
3748 4063
3025 3896
2190 1437
332 8393
4201 2148
474 2987
9173 2508
4319 9909
6782 634
3632 559
4471 4737
219 3426
7288 1017
3779 8170
5450 6518
2511 1597
7212 9391
6096 2335
6243 702
6404 7282
566 7012
3008 2577
4665 6371
1509 1733
7780 171
8653 1099
2593 693
4440 355
4671 2098
4496 1670
6390 2209
2829 7760
7094 1290
3132 1504
4397 3227
5433 9045
209 5730
4717 4375
97 4976
4636 2525
7574 2600
4142 793
3655 4398
7306 5775
7484 7669
1961 4394
5552 5942
70 4133
405 4572
1021 2908
3735 8893
4478 7201
1910 5464
2371 2678
4626 281
3627 4828
9870 5202
2289 1578
9806 7094
1287 8790
4086 1898
9688 8031
4405 8214
8399 2260
2949 5230
4670 9316
8081 5099
2368 926
8110 1688
1361 666
9232 9561
4901 6240
1841 5702
6869 4439
926 6295
4832 1139
9044 9625
2997 1181
1422 8175
7510 9111
3476 1229
2370 474
1870 8078
7600 4455
5306 3767
781 2703
3609 9228
2849 951
7489 2615
1876 3456
7230 4977
8891 6967
6209 6879
116 7437
8031 6453
4647 4417
7065 2074
8456 2079
1143 3722
9732 6311
7071 9091
5186 4519
4163 5122
98 4051
8623 5219
7674 3190
69 5024
6314 1901
4011 8232
4860 284
7796 5295
9596 2739
3629 552
267 1765
281 3514
3910 1670
9484 3107
4774 1801
555 669
9667 4203
5355 7251
7069 2658
5957 7517
880 7027
3596 3287
3611 4075
3746 8328
307 8683
7008 4827
1570 61
7287 7165
3763 2604
9539 3535
3037 5672
334 283
5657 6792
7763 821
6332 1947
8103 4606
8427 239
8880 7330
1883 6928
3578 1903
8390 7907
5697 4308
2473 6127
3003 6408
9442 730
7096 1407
7337 3021
1901 5132
7435 3454
9773 1932
1277 1172
270 5282
1552 3126
4680 7625
2887 3130
6907 6218
2906 511
2111 335
3826 4138
8155 1724
5854 782
6897 1527
6232 8976
4421 4264
226 6256
7085 996
4531 8308
303 3354
7021 4160
4602 8462
6711 5967
2664 9363
507 8272
4403 9535
3527 6169
4077 6795
2166 3586
6594 2616
2683 5440
1669 8419
8112 8008
316 7613
2718 7982
1569 5190
683 9475
548 5550
3393 589
6691 828
2466 531
5682 9844
1337 6375
8436 898
1888 2105
1393 4900
4964 6719
7013 4350
741 3482
2855 4807
5193 4574
962 5214
6050 8960
8135 8472
1808 9764
3573 9726
6870 650
7670 2812
1519 5730
3890 9016
6751 9341
7934 6816
2724 4177
340 9501
187 6431
595 1995
2846 1665
6258 6603
1499 9191
1291 3886
7850 3818
262 7949
2660 3617
7749 7445
4263 1265
8503 6497
7565 5890
5061 8311
6204 9289
229 5386
1135 4930
8596 777
7695 5500
2450 8516
8035 3485
4377 2553
4695 9778
4884 7403
211 3995
2974 3316
3869 6389
2565 4141
7296 9947
8647 18
6736 7137
5202 7604
1158 6082
172 5957
7630 7153
8685 2826
2886 1626
3245 1577
9244 4239
1961 2840
6514 3570
8235 4832
2879 2186
1105 9016
7800 522
2992 1499
3998 4953
6899 1548
7012 4093
9121 2815
5085 6855
1961 7076
993 4836
4873 8102
9732 8834
3379 8696
1743 50
1827 6924
535 1269
3021 2572
1045 3015
9197 4842
5771 8164
1477 3621
8315 3446
8831 3522
5157 6837
9362 6207
3587 6670
8253 3856
9292 4592
4799 8431
3045 1506
2849 9931
5689 4563
5704 9766
6305 5884
8320 4022
8583 3497
8927 4601
3041 2240
7098 9888
9277 6928
6379 2844
5455 8258
6735 1405
8706 5655
1368 2025
9908 1938
5335 7544
3618 4958
8009 1071
5090 1585
3705 4954
223 7523
8748 8826
4784 3607
1568 9930
8835 3249
4800 8125
3302 582
1353 7674
2925 4860
9492 999
6209 3039
8562 6965
3268 2377
2085 2426
4654 4820
7213 4123
9750 9590
8684 4907
8515 621
2865 3086
3733 2963
207 1249
2525 7857
6888 1019
8860 5847
4672 3758
1682 2882
4126 7231
151 6276
2905 7962
851 3977
8000 5839
6898 4385
361 5358
7296 2090
1373 8153
9413 8133
1357 3190
8042 8126
4457 8322
7947 9819
3176 488
6369 9989
4074 9283
3593 3815
498 7121
7673 3905
6727 2062
3174 6343
5652 5214
3202 5146
6260 9426
4921 5601
8147 3453
2360 2435
3437 8772
5798 4406
2388 8823
1337 6368
4377 8812
6185 5709
3579 4406
708 1142
6585 2006
6327 9735
5276 3727
1193 4947
6282 2338
4580 3663
5255 5446
9442 7997
2713 5814
1984 4038
2534 7208
9886 2106
9923 1201
7808 6254
859 2504
3414 7416
2792 1307
10 6477
361 3666
384 2209
6938 4660
8019 8554
4801 6724
7256 3754
7276 4404
1146 222
1151 5779
2933 6745
6401 6802
8928 8648
8384 6221
2071 2048
1560 2755
9468 2095
9603 2848
368 3148
4818 7970
8319 9824
9004 9889
3538 6776
5514 6856
8763 1603
6836 1112
9246 6585
6404 9450
1720 7069
3076 1830
8332 318
3612 5493
5546 1017
3733 201
731 2986
8600 1170
9042 6009
5581 879
9070 4791
2464 2637
8961 5353
673 2114
7186 9078
9548 9968
1169 8843
9306 8771
3942 3359
7579 8378
3278 1420
156 6674
8174 2404
5731 6353
9545 4459
3917 4198
9310 1391
3057 7579
3401 7662
1012 1158
5596 6109
2858 7504
5990 7463
3591 5738
5670 8799
9981 5742
8624 5005
2176 5498
3957 7823
5021 2775
3495 6598
8905 3504
3687 8553
4323 616
3949 5229
1146 7672
6647 5217
3388 1497
3035 8489
6598 8642
9702 7035
8984 2374
3678 4890
9648 1427
4508 8829
9279 3474
5846 8456
5034 5591
7361 7666
4864 2811
4644 3934
6536 5115
2412 1070
5706 7518
415 6840
9059 1387
613 2404
1748 3552
3807 2080
5114 3480
7810 974
5499 7787
7551 8823
9385 77
1543 1670
2019 3991
7131 5705
4709 1476
2675 4166
4291 1522
5241 6610
8787 4553
823 4350
3685 4020
5738 4358
6375 3025
8905 9619
3960 7686
8030 4839
963 4331
1084 6705
3967 2407
367 990
7926 8920
8275 183
9481 9007
6928 5757
8813 1578
2776 2759
9375 9137
8774 4532
9328 2074
8965 7754
6686 6767
6888 766
1069 1375
9498 2873
3310 1392
7410 4408
8751 2099
4582 7007
1236 3022
1375 1334
9074 8399
36 2651
3326 8980
2979 3659
1464 221
8059 5125
5291 4769
854 1009
8681 5820
8525 7857
6295 6097
1881 9437
4853 5032
507 6138
4647 8298
9232 9867
5394 9756
2534 8821
1989 8915
2825 6704
1228 8982
2168 4829
2902 7232
3903 2395
9181 9962
255 1871
2123 9845
8359 5723
6525 1055
2178 2884
4386 7194
9176 9305
2402 566
8244 5904
74 5034
9190 4772
2271 6769
2177 6627
7988 2704
4357 7858
4951 6968
5480 7635
3852 7741
5776 2997
826 4406
7035 7246
5727 5814
8844 9296
2453 9565
6637 2153
6858 3694
4798 8191
1626 3903
7822 1153
9997 8979
8725 3280
1325 9679
3505 2379
153 8098
6540 2949
1025 368
4444 2349
3428 4663
9935 6132
7805 2208
5340 5134
7859 1368
9976 4536
8380 9309
9546 1906
1422 5417
6357 204
2321 887
5259 9439
5115 466
4033 883
1157 2661
3662 8980
6042 6525
3469 5602
9519 8814
2209 8620
5185 9353
8489 6965
4976 2400
2570 6127
5349 6353
6758 8139
8515 6999
6279 9445
6736 3152
7790 9685
4436 8578
9844 1644
9180 9143
8219 2621
9740 3372
7373 8222
8343 4992
6176 8549
8523 7375
793 5193
2764 6535
4300 7566
5972 1740
2372 4631
6991 447
771 5578
626 6764
4899 1194
6943 8076
7505 5837
9560 6990
6061 3858
2002 8819
5755 7548
8437 1717
460 981
7543 6487
4349 1287
2416 5862
2329 1830
5763 8520
6950 1532
6033 2697
8900 3947
5847 1671
3745 9952
3296 438
5633 6213
8979 3356
3321 453
1150 8656
9764 1294
7345 8224
1465 8399
9307 8818
2192 8840
3664 8152
1767 4484
8829 2173
4389 9151
8109 1054
5171 1906
5496 2919
9440 3925
5573 3021
1276 272
4909 8609
8197 8209
4378 6638
5069 3425
8602 5850
5446 5976
3081 4261
9018 2331
2995 3149
2169 2465
3771 4691
1547 60
6993 3656
73 7392
5360 8400
2540 6697
408 7331
4407 3440
3104 4195
1687 6101
3359 8044
9183 9602
5932 2279
54 4257
239 9133
3637 6463
2610 9004
6369 290
1662 3843
3007 4234
3114 1745
8830 2092
7921 3644
2551 1401
7470 9769
2097 9613
1636 4404
1315 7590
9578 991
9140 6820
7298 2267
5246 9038
6882 6753
6718 6561
368 7417
2926 7085
3160 3257
8865 9111
9821 4192
8617 2952
8503 4854
3937 1008
306 6958
3693 5946
1502 9958
9198 5539
5198 8573
5449 8161
8309 862
4460 1993
5590 5878
5843 8800
5820 7604
7784 7975
9540 1489
4577 6340
419 2629
9364 1465
193 541
7295 2280
1537 2988
663 2274
2341 1345
3601 3303
7274 3502
7010 5711
4146 9358
540 6383
2158 3462
3834 1288
239 5620
4351 9610
5513 6405
4054 5162
3741 6819
334 9562
4888 5275
5681 7213
1706 8579
2161 3474
4665 8469
7046 1733
6653 7738
5961 5129
3413 1189
7022 2965
7895 8851
5493 1813
9461 9955
1336 1143
7686 766
5921 8632
3636 743
847 7582
3966 4297
6995 197
9094 7227
5184 2696
8967 634
9933 9323
2015 936
2526 4652
9050 9621
960 2083
4330 1488
841 5553
1375 7669
4302 8424
2277 7754
9537 1982
2474 7586
1949 739
846 8160
4845 6578
6699 7320
4032 4168
9846 7001
4233 703
3706 7590
4873 6684
4167 4764
7616 8683
8843 494
3287 900
4750 5249
3015 8345
7601 9893
4323 5099
7156 2667
6423 2902
8751 1297
502 2897
2943 5597
2685 9525
7690 3544
6402 7640
2536 9427
6479 3829
4424 4220
2854 896
2483 8708
9118 4813
1185 5207
4076 6842
3029 7214
284 7113
2774 1874
1712 602
7241 6214
3442 6959
2155 7545
643 4953
1853 2809
5205 4794
7602 6693
956 888
4265 708
9826 6288
1698 1318
4111 711
2183 3939
635 9326
312 1034
5928 208
1147 3087
4116 1493
6911 4073
1701 306
1138 9536
2591 4131
7342 8482
6727 8686
7750 1398
4912 4168
9730 4335
1395 9423
7977 3418
6209 2181
3119 5226
4321 8102
955 4613
9323 7801
8237 2431
5125 8724
2047 8871
2087 2758
893 7658
1646 3502
1816 7500
2830 2057
8460 4833
9490 8674
9866 4745
7900 2837
2414 3426
8241 5912
7320 8742
7163 3026
2270 8608
2363 5307
6360 6042
2671 7845
8311 2547
2367 3308
6840 7827
5831 6604
8875 9509
2792 1529
6787 9504
5658 6502
3339 8282
3153 5433
1213 8977
4542 9254
3560 1199
1108 5879
3729 3464
7432 7286
4317 5733
9882 3200
6574 605
9654 8025
4966 7553
1000 3473
9288 7050
6256 3664
3014 4824
7026 8228
8795 3180
2220 6982
459 489
4799 3742
3996 5218
1975 4186
1866 5670
7014 9112
6883 3164
8954 170
4894 9109
1388 1736
6369 9248
6341 294
625 6501
4426 3506
5571 9754
5893 6380
5338 6076
5347 4937
3455 9389
9477 2578
5728 4055
4933 9390
8106 5382
691 1958
3130 9532
7789 6306
8835 5858
3472 7211
9156 8841
2305 8429
3533 6011
1129 2145
4709 4834
1417 827
6407 2720
3068 9032
2011 5234
5424 3469
3590 6390
4978 6773
4034 8559
5865 4244
8364 6135
1666 578
5564 3514
7950 6081
5811 9377
8479 372
3278 2217
9294 5354
4813 491
2812 5329
9317 8160
1586 9529
7092 3869
5687 9679
3850 8201
5485 1903
3983 5383
3323 957
8415 5300
8453 9674
1027 9030
6944 7606
9687 2315
1256 9852
9903 3092
3301 105
5177 9628
975 1257
9161 4796
2483 9401
8343 9025
6253 2082
4811 1775
4317 5965
9097 9133
9745 3251
4964 9155
912 4527
8892 9948
257 4497
8374 5259
1347 4867
2012 871
2907 4724
8686 7640
4808 5362
8254 2576
1573 2514
7295 9638
7305 8738
7695 1303
8633 297
9029 6173
7787 9386
8543 5566
1046 9113
9038 9743
4425 1888
7894 8598
4147 736
1109 1441
536 9620
9048 708
769 318
9873 3291
5885 7756
7893 8545
9634 8311
62 1958
7621 8505
4549 839
3138 871
8991 9855
9662 5050
2773 225
7963 5372
1572 9871
1545 2777
7347 4138
3870 7242
7144 4854
5847 5186
2626 7190
9205 8628
3679 6750
1368 5400
3526 7916
4460 7404
8050 8129
4511 3012
5331 3743
2296 3632
2201 3718
3968 8737
9644 3486
4524 8058
6661 1023
9293 6688
3311 8117
9575 40
9197 6859
1125 4220
8709 605
2750 3549
6498 4530
3939 3608
1017 1774
4714 6418
4154 2013
8801 986
5117 8325
2329 6649
3102 5573
7087 7868
170 585
7224 8449
8426 3172
8092 9647
5383 8094
8692 7189
1958 8657
4607 9912
4378 9313
6611 1569
7816 776
8863 9922
7556 8512
3717 9562
6983 9387
7916 9680
5383 225
9867 831
4854 4896
8809 661
4773 1628
8598 7870
323 6769
6955 6588
8266 2352
2367 3605
4219 619
9311 1038
2399 3480
8982 8967
6154 3258
4123 8122
870 3726
1371 8524
6413 7598
1409 4491
3064 3235
9724 9028
32 9458
331 1649
8363 2233
5351 3525
6202 4169
4814 1136
638 3752
1735 5677
3852 1211
4692 873
4978 5677
2005 2769
8786 2494
1316 1108
2354 2071
9221 2848
5365 4448
8293 4727
8661 6259
3444 4966
4450 3901
4066 3180
7539 1882
6819 8552
2777 9728
3713 5838
2930 2998
4016 1311
7540 5431
7706 1345
1867 6320
8526 9929
1401 3728
5327 204
1185 7575
7402 9614
9109 8464
3532 8625
23 895
9147 2182
6620 2875
9242 718
5767 817
1170 3859
1580 7708
8989 4294
1579 5068
3522 2786
2329 520
2601 7548
814 8834
1848 4239
670 520
8453 3455
2991 2324
3349 9296
2389 216
2465 1426
8810 3684
2840 5847
6835 384
8942 8257
2312 6696
4167 4514
7180 1828
5961 3546
6592 8072
1085 4437
6848 5499
3874 3332
6850 2864
3773 6353
636 985
6516 8424
455 3128
537 5271
3154 9842
5777 2857
4040 734
8174 3523
2094 9384
683 3057
9950 6331
8682 5957
1088 8166
751 788
7353 7276
3568 1453
2830 3203
9252 6758
6716 1298
5468 2511
2889 8387
6066 1893
5595 4862
6433 1448
342 422
4355 7209
6437 4063
3309 9138
1585 9309
11 1429
3885 3535
3601 4943
2836 4490
824 2719
2488 8210
2475 3523
6307 8390
4026 466
6884 7358
2953 1833
2500 3220
1917 7745
3661 1675
1844 5473
1977 9749
2353 8904
9851 3177
2958 4643
1352 9912
4419 9936
3787 8925
1621 9171
8185 5043
7779 9827
3600 5797
1551 679
1744 4010
9193 3556
5708 1640
6546 771
5675 8811
4977 8247
5090 5391
356 4360
4561 4937
7954 9879
4962 4562
5961 3506
94 3507
6365 4276
4684 3593
5244 510
7219 1597
5671 4259
176 6190
4207 6388
9017 9303
9190 207
2252 1157
2502 9147
5009 8104
8028 6379
7335 4538
7920 6312
7827 2252
3017 1564
6985 631
925 4908
6910 7522
5335 5315
1813 5486
2972 9181
5962 2688
8820 8845
2626 3738
6233 5863
314 7610
4604 5026
6402 287
9445 7545
777 6882
4836 1372
6391 6618
3433 9759
3734 7433
9518 404
2650 5585
4354 6844
315 4569
8912 6304
3039 7186
8272 7452
4175 2591
7662 9842
8609 8435
5928 6604
5655 9002
8192 9601
2445 4556
1192 9192
9668 2791
7127 8889
1622 7357
8114 3836
3802 937
3295 6329
8428 2217
8984 2779
9530 5308
898 3692
3090 8416
8215 8228
9919 7256
6849 4467
8850 2905
6964 6611
2029 5798
7217 3034
1232 2752
1886 2783
8288 4860
9328 9288
4844 3079
177 2432
2676 8684
5664 3417
5625 9269
1000 534
2889 3886
6710 5482
7168 4551
569 2212
6113 6738
9182 7079
7651 6510
6672 4431
7683 9527
2968 9877
5326 1051
9914 4132
1477 4184
536 199
9799 656
4861 7779
2063 9951
197 4320
9590 1522
1320 9526
185 3222
2405 8243
8843 4956
867 6148
334 7669
6805 2437
2840 4094
5699 9123
7340 1774
2317 8147
6917 6660
7064 8481
4068 5487
325 3973
1101 9870
7153 6902
4688 7858
1967 314
3219 7879
6527 6979
3371 5790
9417 4313
1554 6130
5463 5415
4776 4737
5254 5260
4368 5287
994 8282
4196 2888
7188 27
1132 3334
3851 5906
4516 7080
3447 3657
8476 5577
3873 6260
1650 7164
3063 3480
1524 5390
4092 3464
379 8005
4426 3469
1331 9675
6977 2050
2809 1911
7487 3956
8441 8722
2231 7131
6779 9504
826 5625
1847 2361
5798 1143
865 395
1868 8567
5459 6424
1290 8528
8832 1257
7778 8988
8143 5841
2504 1523
110 5566
978 746
4012 7228
8258 1415
2491 7136
9080 7421
2254 4983
3299 2627
9035 7021
7846 926
667 2383
6172 3645
8766 9396
5603 6299
7724 5724
3738 3716
8833 1966
4108 8481
3336 4152
7582 3297
8080 4049
7557 1114
445 9838
5832 4030
4165 8207
1205 1692
2430 605
898 8023
5398 1432
8523 1590
72 8212
9021 8408
4754 8562
9146 5302
3446 9084
5883 1216
7703 2226
9671 6699
904 7315
8601 7820
5087 3526
9474 6950
6832 3725
9773 3570
9725 1348
3109 2104
3505 9104
3076 3522
6083 1718
301 1782
4885 5322
4284 3507
534 160
8596 2476
3791 2336
585 3285
6564 778
361 5527
3394 7248
7913 89
1330 7920
2377 9713
7426 5240
168 1165
5513 5389
1869 3464
4617 5927
8328 2790
642 3732
9033 963
2815 7085
6044 3721
3462 3667
6381 2370
7437 9772
4981 233
7491 3469
6793 5078
3979 2484
517 8456
9704 91
4542 8962
2573 47
7820 425
639 6374
4130 4022
5184 3170
7526 7730
9625 5614
7595 7916
67 6351
2444 4234
438 2718
7188 195
5261 6412
8526 626
4276 8011
8079 3150
4553 9272
874 5837
5507 7014
101 3990
3192 21
5185 6871
7140 8595
5773 5462
4932 502
5179 2825
3323 6164
9149 597
9900 704
5192 3876
4287 8549
4597 6563
2976 4003
8045 5932
8348 5746
6179 9454
7350 4613
2188 4862
6534 2003
6228 6412
8358 9274
3826 7003
5058 6996
4725 5469
4953 770
6422 3756
7969 3685
1357 8528
3374 7726
407 1855
8468 727
2438 609
1806 4137
5785 2856
788 759
6470 393
1173 3946
877 973
3396 5353
1535 7997
5875 6742
5776 5030
3874 718
2057 8796
5602 1392
2442 5714
9807 2787
3363 4948
8649 6254
7751 2960
7834 9809
8460 4534
214 4505
7409 2984
5122 9305
5363 6342
7572 981
6536 6306
2693 4354
2944 6645
1651 7217
1860 4550
612 7692
8013 6467
3208 9399
4301 3596
6428 5651
8791 5579
3262 173
3723 2231
2469 6662
6322 1845
437 2028
9085 8289
4774 4735
4991 5192
7565 3123
8478 9459
3450 3942
4369 315
3510 6408
7141 1096
6844 1201
8060 6142
9953 1853
5844 9122
9267 791
4062 4474
1028 2439
7124 5884
316 5660
948 6823
8625 2994
8203 752
9602 1574
5372 1930
5645 6457
3969 8148
6883 9776
917 3704
3991 9525
7232 4722
524 7380
9685 9255
1427 4347
2894 7100
3752 5029
4679 485
4743 9015
4203 3452
7440 3656
8342 4608
8185 4364
8052 162
9726 4099
349 7063
7036 8589
9159 9379
8664 3011
1176 5476
1357 8157
5443 4342
1912 6621
9706 7938
5115 8482
3819 4574
4286 5593
7554 105
2649 9350
6914 5870
6634 1959
4904 265
8814 1760
8790 9007
6872 3036
1714 3917
8643 3265
5620 7233
8624 3456
2784 6385
4853 3105
9766 8329
180 470
6775 3512
9313 5164
4934 7067
1710 6381
6136 4581
7744 7111
5886 6984
9838 1514
6067 5978
9166 519
2365 9355
554 8225
4313 7740
1511 1033
2704 4655
5513 420
3731 7144
8628 8109
3036 5703
5851 7119
7336 7033
5561 6980
1179 9656
5078 4234
8574 4155
1032 9483
1492 866
7632 5200
1379 5749
3435 8699
7268 1172
9299 3713
8178 346
6680 9546
7091 8513
4009 1642
6191 5308
2523 6653
5954 8700
2330 5019
8780 2254
7865 6208
5401 8869
5145 3664
1412 4064
290 8693
6727 4721
7578 4907
6130 7133
1088 6514
9965 2306
3234 3926
4925 2675
7693 2781
5322 1073
7174 4087
4814 4422
5508 9900
4905 2269
6568 9356
5597 7327
7472 9439
4524 4638
8289 7824
3746 828
2596 9165
4693 394
7447 1497
211 261
5187 3388
4740 4831
1851 4594
4573 2039
5599 242
1206 8171
7881 4732
1498 6340
9060 9354
3021 7549
524 3185
5987 7631
1684 6169
6005 5669
6482 8390
1896 9168
6872 6420
4838 7958
9483 1031
197 2357
6591 9804
8926 853
5436 5600
2266 4038
3586 741
9895 870
8759 5779
1893 6961
5562 1424
8265 2892
5039 3813
2010 9226
1388 7339
7518 3463
3983 3261
3446 2490
3489 5766
9658 3578
713 8957
8768 6776
5768 6167
9235 4330
1773 2052
419 6990
7131 7759
9940 3391
9351 5889
3773 5196
6147 7972
3082 2391
3448 2380
2613 417
1486 2983
8199 330
4213 4593
181 7664
4898 7041
3880 8964
3532 538
1502 891
3510 9164
841 1157
6715 8884
7876 4720
8613 1502
9097 7100
2291 7849
3856 1989
2398 9596
6191 3136
1893 2198
9388 4487
237 5583
444 4931
1443 278
8338 7965
7282 4217
1903 3033
1813 6595
4720 9807
7736 1293
8745 6890
9455 5666
1629 829
4301 394
5127 6621
9036 628
9747 5569
7296 4998
4544 7621
2124 3279
9392 5689
2718 6293
3545 884
5336 4185
4619 3366
5403 5664
6912 2261
1145 2163
8493 3613
8383 8214
9849 9992
8507 1119
9475 5897
6451 2719
1460 244
742 8673
4965 6857
6851 7459
14 5009
7221 6086
1166 8466
3403 5356
5727 8932
2232 2497
3599 2917
2416 8356
5646 5635
2134 5317
9414 8226
1684 3979
5735 3803
9359 2861
6033 7192
5220 4300
5349 1605
2323 2856
2722 3167
825 7038
9975 6659
8765 2558
2701 2411
9278 1499
5773 6445
7956 308
1762 1147
1450 2996
9246 1413
3654 8523
349 5839
3721 3706
5491 8658
8970 7990
4590 5849
577 9137
5111 2032
8376 6125
6458 4167
2217 3228
3852 6803
5911 7974
3513 2644
4700 2977
2415 5554
6798 5286
1770 6875
3358 1407
8074 5870
7899 4759
5306 7450
1378 5147
6529 5843
1814 7662
7779 6748
6217 1311
1517 7819
9968 3696
6358 2568
5331 7801
3830 6228
1658 5584
8795 4509
4462 6234
7624 1213
131 7455
9241 8731
7307 3736
5084 15
3400 1204
3331 4235
9229 9170
5235 276
6640 4960
5728 5784
2830 7767
4170 6730
3642 7602
5819 3528
8283 6388
8527 7296
580 2795
2700 5223
2154 8408
754 8124
7984 4505
1722 2963
1693 5875
3138 4174
9868 8964
9840 8594
5221 6076
6257 9187
876 7961
8121 3554
4113 2499
2147 31
4563 8170
5948 6691
3812 9284
8619 3088
4212 3338
6516 257
8871 3845
4306 519
1411 138
372 1019
2219 7684
3581 3482
301 992
1646 9961
3344 40
805 2706
7093 1091
484 3319
8358 6746
4832 4413
1562 6249
1369 5303
8446 4797
8324 1855
6128 8781
3769 4367
2200 4090
3283 5993
205 9885
1737 4933
1473 4947
17 1110
9846 3390
1454 6746
8985 2429
5984 4175
1066 1772
2189 5552
1625 4998
9371 7851
3762 2489
9767 498
5585 7790
2505 4812
2656 5013
2857 2735
2947 517
6340 7302
5686 2599
2820 8866
7630 4710
5622 9792
3261 2967
9058 924
2472 4807
2572 5147
4953 2336
5547 1575
3823 6078
1572 694
7835 8631
5613 4501
9157 8094
4507 9493
4498 8373
8484 7180
9427 7193
1268 1518
8781 2829
1177 6252
8840 605
5484 8059
730 5660
9392 2584
335 2336
9670 8428
2336 4339
5603 4117
5091 9606
7393 2063
2739 5181
3451 3579
1076 8129
5662 2595
6412 9388
6235 6503
4092 2409
9887 3712
8877 5130
9341 4152
6411 4278
8068 5824
2742 8490
3140 3079
3754 2611
234 5602
7768 3338
9676 8704
2905 2834
933 120
2502 8450
7808 2886
5859 7612
8683 7976
8427 2870
2643 6890
9459 2141
6261 5681
3793 7790
4139 675
3344 9489
8963 7676
4288 9958
6045 4317
8228 8566
4442 3342
9978 4808
4072 3655
8011 4701
831 8812
2308 463
2116 9682
8529 9187
1261 4912
207 1609
3476 3073
380 8973
1133 3888
8052 7584
9005 5664
1684 2723
6281 4128
6097 4689
7795 6248
3021 1328
7172 8836
8023 9491
9972 1642
2932 6950
2132 2529
3143 398
5849 4170
7679 4255
1015 68
7475 4507
7191 750
1689 6319
585 539
9250 2740
4899 6810
9530 3184
1663 4185
6100 8634
4340 6538
9862 7779
2465 1940
3526 1246
481 4205
5502 8379
3630 9106
9156 7206
7607 4476
6832 8581
9126 9209
1279 7887
8491 6406
536 8921
2176 5444
6523 5717
7119 4910
3559 5374
9062 2677
121 6866
156 3953
8377 8167
2862 5205
2923 9931
6074 4860
4328 3475
2651 8224
8434 8351
9458 1147
1217 8709
1978 8226
3768 3580
9793 1477
8861 3470
4197 5706
5768 9266
7183 9355
5357 9802
8959 424
9143 7048
5488 660
3963 7448
4426 8762
4749 2973
9379 4459
8136 5964
8922 6152
8755 1281
2933 1755
2844 2797
6982 2035
4944 6698
4639 3360
9302 9664
1655 8684
8432 1019
5645 7645
9165 5017
1687 2041
5252 3424
2068 3281
334 2888
7763 9953
501 83
4857 2652
340 8887
9031 8339
6642 9746
6992 4223
2191 7495
5304 2326
156 3872
2412 5294
1080 4143
7527 3353
4183 8424
6154 7224
3340 2933
8466 3984
5556 7282
7441 4752
8245 903
8970 1839
9093 4605
2279 7502
8294 1260
9445 9513
8504 8073
2731 2405
4510 1117
