4994
100
10392854
41 55 43 47 47 40 44 45 41 51 42 49 48 50 52 51 55 51 54 43 49 47 56 47 60 58 50 59 57 53 50 43 57 45 53 45 40 56 48 58 59 53 51 46 41 59 48 57 43 46 50 47 56 42 48 40 47 56 50 50 52 59 42 56 60 54 45 60 57 58 50 47 59 47 42 58 57 42 55 43 57 44 47 47 42 48 41 48 40 51 54 56 59 40 42 56 59 48 54 49 
-91195 -115578 -104821 -86429 -87474 -95000 -89074 -96486 -96795 -101831 -81531 -109320 -104813 -94907 -115948 -103026 -96886 -115338 -101073 -87648 -86987 -99895 -124277 -94633 -128394 -121838 -107232 -121406 -130930 -107795 -120918 -88712 -113533 -92965 -109207 -86848 -79263 -121101 -99720 -113759 -130875 -131503 -88350 -90671 -80963 -102676 -97327 -118457 -94680 -101270 -105277 -81280 -108440 -99880 -112323 -80785 -101254 -109056 -95185 -99331 -114819 -125332 -99715 -122257 -119367 -118761 -96316 -122203 -121228 -123195 -106438 -106792 -124448 -113098 -93807 -126784 -115234 -82952 -114947 -93317 -124661 -101712 -107714 -92683 -91209 -88027 -87171 -100270 -80410 -104731 -93131 -105954 -130302 -100462 -82356 -105710 -104313 -93934 -117422 -106598 
88119 114007 86446 91203 96944 72100 79388 67503 80961 84700 79876 99592 83781 85627 112636 93637 109170 118592 95526 79960 104457 105926 100161 87648 126070 131661 101078 110991 108788 111110 82017 75283 99353 77597 113599 91159 81435 117303 87623 105491 114871 113804 84324 87219 86960 110896 91400 118198 84819 89805 95602 97933 110554 83512 81096 81846 84015 113409 95829 107907 103890 118504 74103 112630 116543 93843 76945 116984 121239 99511 85662 90798 101782 83433 77952 107713 107577 74513 118426 89528 107694 92389 80539 91732 81853 102268 87568 99806 67916 101550 102565 106768 106103 77465 72571 99178 105908 102070 95307 89561 
6398 4794
9650 8471
7474 4170
7312 8718
9168 3031
5448 571
2364 2240
9311 7965
4675 9899
8433 3614
8667 9596
1201 9450
9934 7113
2246 1782
1441 1539
612 9496
3896 328
8703 5261
9168 5132
8779 6148
1507 5586
2269 893
6760 2238
6394 9935
3308 8483
6184 578
1693 9958
5722 9156
7270 2558
6973 4154
2912 7759
1972 8306
4082 9548
496 3730
1944 7491
9327 9834
3215 4956
3156 662
8969 7807
2991 759
8302 2739
6514 2296
3735 6022
567 328
673 9083
7864 8265
539 5524
414 7260
7814 203
7859 8343
3712 3090
6547 4726
8222 167
9929 9867
6673 1780
5835 8873
8622 1217
6447 9590
5981 6982
7307 6442
8953 729
1120 4347
9992 393
9734 8402
6757 6853
3558 4150
2310 7910
6436 9478
5196 8308
3298 3185
8038 3908
5550 4994
251 3047
1173 5367
1898 4037
1607 3838
3426 6309
8840 1889
1641 3644
7565 116
6690 8395
1980 3327
6335 7323
1941 8766
9121 9113
7274 811
1963 9585
7795 6068
6014 9580
585 6143
1346 8998
7031 1779
1321 2900
5633 3398
9742 9978
1868 5849
2043 1230
7465 6332
6747 3347
8292 3555
3969 3405
1792 5612
1676 3110
8251 1066
6316 7132
6613 7971
9457 6334
222 8936
8653 2985
6536 1250
9423 7525
3795 6450
306 1947
3175 8836
8744 2482
9985 7197
3263 6494
4743 8284
9949 3165
2921 9561
1931 6664
8675 5488
9081 873
7502 9984
9491 4756
6235 6995
9560 4808
6946 7859
8499 8004
9542 1664
6934 9608
2860 5322
4390 5093
601 6125
3110 2516
9642 1320
6687 4683
7112 3908
112 2273
5080 9654
8736 8213
7870 317
4639 6016
8971 5224
391 9955
2373 6923
7429 753
3015 5078
5289 9727
1216 2917
3075 1966
436 762
5197 5129
9818 7863
9867 7796
3170 7643
2392 6600
5440 5420
8045 6104
1717 3994
5510 3625
7792 752
4832 2204
3828 4551
1179 3711
2099 1768
9014 9629
4704 256
4512 259
9180 742
2541 2677
8005 5978
2175 7909
88 5410
3246 5343
144 6047
3919 7590
2235 5738
8607 1526
2219 5693
82 4328
2150 4166
4246 2669
3199 8720
8181 6879
958 8150
2922 7214
4185 7715
7399 1265
979 9029
7381 4949
7270 1109
5753 5566
9012 7573
7468 6401
2133 5451
3185 7863
3847 6980
4670 6422
2474 5807
7795 598
6193 8302
5904 9627
775 5585
571 8714
2798 5298
5335 9920
3685 3964
896 2481
4857 6446
3114 6580
3188 1921
2123 9406
8210 5871
5266 2208
777 3748
7940 1826
2655 2745
2917 1257
4669 8834
7151 4665
1877 412
7859 4001
3937 6419
3414 7573
8216 549
6225 4804
2359 986
1305 7395
2732 9830
9678 1997
4328 7833
3909 3988
4166 621
4607 9663
8964 9019
5692 2466
5850 1013
1671 8251
91 4674
5826 883
6618 1435
8744 4047
9306 8783
5669 4129
7321 1241
2635 6015
2451 3947
9907 8208
6831 2712
9030 5197
6284 7607
5065 4654
7621 7806
8904 4749
9114 7313
5840 9812
1389 6505
6426 475
9430 4207
2962 7537
9950 6600
6722 6502
1661 1286
5909 2123
5285 8335
6421 188
183 1045
4867 5587
1856 1213
5570 6339
9456 2839
3226 258
129 3314
7664 8759
8497 9139
2530 9019
3883 542
7586 4484
5794 1320
6032 1206
3691 6877
2389 9495
6060 2062
20 1396
3319 3838
2819 3970
4525 911
6811 4223
5918 9833
7533 7159
624 5584
914 7096
141 3424
9625 4900
1436 4806
4221 3529
6347 6517
2374 83
8882 6328
5346 2127
2198 990
1834 8145
889 3973
1922 7621
6260 4166
7169 3145
8956 1272
6522 5064
9746 412
8448 4244
5395 2625
7788 9072
6399 7918
7261 3725
6477 6031
2829 3669
3784 2201
5287 5960
2202 8769
402 5535
4393 5560
3896 1445
7342 9192
2342 3176
3147 2545
6658 3530
8254 9111
4985 1684
9573 565
7641 2348
2268 4640
6695 9646
2449 706
761 845
2594 3591
2940 4787
4087 291
552 979
7008 5478
5931 7087
4498 2445
6886 7529
5401 6006
9552 1242
5413 8231
6678 952
2709 5457
4298 6075
3552 5315
8301 4431
3816 1426
6963 2718
9341 344
4477 1409
8964 4998
5665 840
4882 1972
8740 2375
9860 700
4790 2334
3132 7000
3347 4186
5496 3764
2614 9838
2300 7312
4535 3028
1517 1437
8181 3398
5305 5778
4962 7455
9395 3432
7701 2745
8281 243
1935 4346
9594 5320
8200 8384
8276 6182
3540 8176
9091 4212
5086 4264
6209 9526
9160 6278
9399 6906
7384 316
8822 8193
9482 2818
5370 7731
2320 1971
2844 1150
8786 9912
3526 8094
7112 8392
9286 3783
967 2135
7835 7400
4804 276
6868 1987
3114 3667
1773 6032
8080 5663
666 7020
692 5304
960 2026
2798 3567
4786 5761
3022 2633
4188 32
873 3372
2163 2723
1087 760
8668 55
5479 5269
7941 5738
7131 5542
8520 1496
658 213
8205 9643
8222 8183
2213 848
3567 604
4482 7215
4094 3279
9383 2111
6917 3603
9877 9142
9814 7916
4168 6605
9810 4171
7325 9228
2836 7764
4188 3834
6001 6115
4010 3294
7683 217
7592 1152
7772 6239
6550 8980
2627 4800
2013 8067
3316 2246
5184 4563
6297 3655
1115 2850
1511 7785
3773 2691
263 8720
7603 8796
3961 8437
1651 1182
2742 222
810 556
8369 1372
1805 2391
2037 870
836 7717
3194 3146
5096 6330
4603 7966
3139 1367
8491 6076
5276 1721
6915 1564
1557 9752
8192 3379
8671 582
1516 2152
1394 8192
5724 6254
7510 234
5754 1698
8164 7239
5871 1106
4548 6017
9483 315
8114 6640
1458 1156
1540 6011
6443 300
9200 4237
6046 6327
134 8936
1582 4296
7897 7582
4393 7753
216 3378
2132 9537
7240 9660
4095 4686
2962 8547
1807 4461
7376 7865
4994 4810
2928 4459
822 6988
7628 3961
8145 143
9006 5760
4125 6843
1789 1423
2713 4264
7645 3036
5007 3322
2022 4481
5724 8088
9064 3053
6428 9645
5260 7669
3068 4313
679 9742
3822 2791
1015 2728
6994 8046
9757 192
2510 8534
8033 1103
2807 1846
5039 9048
9369 8308
3386 9582
8033 9873
9313 5657
8392 2008
7056 8619
9247 9444
6718 7032
3386 8157
6875 3296
3135 5713
3806 322
8895 9200
3147 3766
8205 2573
2365 7641
3480 6894
5301 3853
7634 2963
6857 9151
8683 93
3314 4356
5860 1650
3570 6725
6795 5237
621 1854
21 5895
7293 4427
6075 2604
1552 8170
9354 131
2715 1958
6279 3940
6195 4039
7778 7092
1296 5231
7365 2519
1906 731
5928 8028
2904 4940
8204 4498
7613 7105
8409 160
9728 3225
5487 3438
8419 1656
6956 7662
7512 1930
9475 6074
1735 9753
3126 4348
1697 1543
5727 356
2064 5354
2187 6075
3845 7847
7721 9818
1564 9172
8166 5254
7465 5455
1648 976
9631 480
5814 6491
6678 5728
818 3139
1573 9937
9513 222
2770 3212
2132 2473
4459 8930
9248 1020
1305 458
4798 6795
3617 7034
5483 3874
6448 324
4954 7256
2376 5672
3584 1930
1533 4744
7780 5378
5537 3314
2578 9751
2337 6249
8375 8365
1428 3941
2958 4218
1089 7369
530 9095
94 8566
3873 1447
7918 112
3510 6560
324 3398
1177 4198
5498 999
2689 3130
3998 1034
6649 6121
9169 490
7559 7498
8023 3464
6752 3033
7547 4375
9587 3013
7296 9629
8937 822
177 1448
9304 1577
235 6552
4107 21
3798 6643
1674 4218
1624 522
6033 4205
4058 3009
7154 9554
7447 8354
8798 6036
821 9421
9576 215
758 2321
3181 4417
1817 4799
6625 1239
5777 5132
8948 3817
3660 5155
3699 6947
9715 8952
3010 8429
3619 3564
362 4568
6895 3018
856 3275
5664 9072
6298 6270
5503 6536
2613 8495
6846 3603
4008 8207
2014 2348
2055 5658
6928 6839
1272 7791
1662 6977
8830 2564
6495 5324
7145 7240
7307 5920
3724 3517
7177 8554
924 3239
6661 8131
436 7647
7475 5115
5959 4256
7213 7339
9879 3309
2539 3249
4120 8500
3171 9829
8183 7913
6937 3342
4794 1324
6996 3454
7018 4474
1294 5103
6139 4470
5786 8008
2784 3695
9761 989
8286 7510
8366 2453
9104 6572
4753 7593
9468 4166
5710 5627
1656 5547
9759 4084
701 8851
4988 5168
7977 2676
8390 2034
1308 7268
5567 5601
3291 3940
6515 2932
4438 8344
6022 5963
95 5147
6961 4036
6994 1382
1891 4053
4122 1927
2098 2138
9441 4916
8001 8688
9831 4447
5432 9820
5892 6237
17 2030
1589 3572
2652 2568
8260 2304
4408 4085
4753 4499
6434 8844
5620 3087
7751 7880
680 3134
9167 563
418 5788
7439 9334
9147 9306
977 2220
6559 3931
2439 5068
2234 5036
9254 6514
33 1558
5537 4347
2288 8958
3683 2559
9058 2535
9219 4652
933 4204
1280 1226
7771 480
4177 5970
7922 7394
8163 9117
9431 7384
2484 9355
147 3127
3949 8134
497 760
1280 9887
1968 480
1503 3299
7307 238
2305 9127
6342 4589
6464 6169
5900 9599
468 1737
3202 796
5001 5101
4889 6164
6983 7710
5057 1242
5488 7215
5241 6031
5591 3584
7708 2177
1838 8022
8729 1446
2576 8346
4000 6237
1685 6179
7109 3021
702 3432
304 7402
3625 9090
3858 898
1728 2037
2092 6077
3985 9721
2613 6601
3231 4146
5014 2156
9629 9720
456 2562
2409 4157
7853 1399
2380 2320
2801 8893
3169 9358
8710 1606
1459 3387
2044 4651
3159 1154
9680 9661
5422 9673
6913 8395
1127 1408
3826 6567
7244 5528
3997 9550
9290 7414
8409 8514
6190 2085
4503 6025
5622 505
6612 2222
8125 9620
460 4358
9464 7877
8112 2636
7247 8534
3734 5156
2857 7338
4606 2921
8303 2400
8180 9189
573 1713
8340 7178
8483 6775
7479 593
3638 6283
1784 9397
7104 9931
6552 6709
699 7891
5472 9841
3155 7966
8728 9169
2935 502
7573 8045
4767 3441
5107 2753
1410 5315
7945 9626
3836 5637
4492 6860
9255 9810
5160 1607
377 1180
3442 8241
2278 6615
7772 6047
6420 9870
8096 4660
5541 3187
2307 1503
8918 4898
5214 3366
9086 2455
3411 2924
6179 1263
5917 2455
5073 4130
8317 2226
4860 6935
3654 3205
2821 8578
5535 1750
9240 4246
5998 8154
1562 2944
1213 907
3292 1052
1999 5070
5439 2152
4860 3526
1865 7573
3328 2146
5877 6460
237 3024
5453 5865
2989 4094
2690 156
4576 6396
1298 4526
7724 4491
3756 7796
8401 3378
8712 598
2185 1709
3101 5817
8269 5576
120 7763
1550 8555
2408 8139
3111 9889
1616 9665
9040 9812
7724 7072
6775 339
506 8331
9050 5068
4241 4417
6175 994
3920 7764
1942 3453
3438 6296
798 3562
6420 1020
2716 1965
1020 6179
9114 2253
5145 167
5515 6649
2734 5985
3409 9186
1823 669
2885 3919
1692 9234
5511 1983
9052 9289
8485 3298
800 520
4347 6244
343 1135
6987 4266
8226 422
5766 3606
5153 1983
2013 2219
9396 2170
6978 8221
2423 5351
8746 8559
2957 314
3757 8775
5532 4641
7458 5108
1674 5466
942 1321
6087 8292
9534 8333
428 8804
6458 298
6755 7501
9803 4189
971 8174
6523 9166
7731 1915
3606 8362
7176 5059
4086 4292
6927 8793
2574 1361
318 2085
9227 860
947 6714
666 9822
2765 767
2082 8304
3265 2508
4244 6532
6054 6715
3988 3723
813 5172
3639 3265
4679 7532
5357 9941
3165 333
1719 9841
724 4004
637 8972
6119 949
1282 3925
3301 2604
7119 8331
5927 2120
4856 7965
8661 4891
5712 5806
5634 1352
578 7818
6913 3420
3690 2531
1295 9293
6970 3847
9583 5701
2014 5845
2538 9768
4057 7534
9720 2909
2837 1949
6631 7515
2335 9733
7212 9241
7451 9981
3022 3807
4906 4399
6829 4278
6523 9557
2654 4122
9487 8038
9822 7851
8370 977
5345 2433
2258 9325
3914 9848
4557 7437
5354 3412
8754 6652
2383 4105
4222 7839
7991 7437
1678 5038
3210 4784
511 5121
1963 3023
9788 6526
8214 4952
5637 1962
7241 9230
1394 2096
4736 485
311 4177
5152 6756
7036 2913
8600 8152
7638 2149
6804 5519
5044 6316
8036 6462
2298 8063
7105 2944
4261 2242
8857 6068
5272 9908
3972 3734
8287 8304
1183 9265
6136 8352
6025 4661
7894 7427
3538 4264
2074 8138
3250 7166
58 7315
143 3473
5542 9869
6750 6282
1925 4562
3220 2510
1288 5738
6645 5524
1107 2105
1313 8987
3832 5114
3292 8857
6568 1830
9229 5298
6647 7206
4364 1708
1520 9506
4730 30
2144 1798
6957 1930
8236 8807
8869 8424
9176 2551
3709 9683
8113 6390
7781 8967
5842 1760
7051 2098
5015 4572
8166 7905
9214 3727
6307 5888
8653 9669
2994 93
372 8685
1284 948
2760 7765
2061 7401
4258 2248
7694 7349
8835 1505
5426 6657
3517 1995
6196 758
2454 9015
9348 560
8210 1864
2586 3657
8795 9072
9232 4173
3668 1202
210 3532
1677 805
9535 1548
2452 6042
6947 3075
5617 1439
6474 3060
9987 3519
1873 1639
3732 4608
26 2406
8487 5603
8151 4996
5356 3026
7151 964
3612 3050
9333 7471
395 7010
5765 181
838 4728
3514 4915
6102 5300
9727 608
1071 9388
6201 8550
6369 6108
7193 7377
3423 708
9165 8689
7087 2908
340 6224
1601 8326
333 1612
7787 6102
1225 5169
35 5141
3201 117
9337 4877
5413 1304
3350 3337
3348 381
3475 4129
7668 4689
4462 1243
9342 6859
6908 4697
2891 9099
7289 8708
9126 8419
1014 4029
2805 8688
8542 6655
4526 8479
1716 3219
8327 3503
7438 1849
187 6026
761 8442
2679 4009
3620 8164
8201 8905
6988 3395
8922 8879
6277 5290
9969 3996
3302 4620
8915 2511
4357 2688
3921 5436
4675 1017
7772 4364
8475 5524
9017 9170
7620 8014
764 9861
1179 6239
1496 9862
1768 2223
8933 6256
6949 6679
5790 3337
9200 7169
2067 4352
3640 69
1560 2620
417 7098
8600 596
9795 7789
1080 4942
2872 5713
2319 8582
4856 4347
845 9403
5752 7191
7697 2761
7115 3247
8424 9744
518 3349
5071 4678
7312 2516
547 8661
9389 9840
5326 3737
8279 2896
9060 7093
9766 5604
9999 4677
1487 3381
9118 8880
848 106
4649 5924
5980 3805
2438 5055
3503 7461
693 3932
3107 7348
7138 4920
1211 8677
5391 3528
7363 262
953 9407
9739 9186
1160 4481
1227 9538
5632 449
8020 5073
3252 6121
4291 985
6277 6928
1387 607
2807 8861
3981 9666
7360 2976
3154 6476
8960 2092
6179 9679
8171 5490
523 233
595 7790
8915 9816
9196 5646
6191 5097
8253 9368
4092 6157
9563 9968
1980 9143
3523 3899
9326 3543
2509 7704
4420 3474
9972 5968
6835 2194
4673 8570
7992 6628
971 8914
1644 1589
2659 4028
5825 7629
7458 8837
2855 3699
4573 801
7466 2285
7986 9792
4790 8318
6246 5342
2561 8629
6427 9896
7048 6317
7397 2953
3502 9288
2867 6862
886 2948
5880 2267
4165 9908
9772 2119
1489 6866
2313 5306
2246 3767
156 5542
7703 8763
8376 1754
9821 250
2909 87
3469 5293
6363 2328
3575 7594
1293 350
5656 4703
1944 102
6180 9723
2693 1982
8903 813
5846 8638
8097 5072
239 7270
7667 5469
6701 9155
778 6819
6442 6579
3445 627
5969 7336
6209 4800
6353 6971
1001 7798
975 7976
8769 2295
4853 7101
6188 6076
9935 8503
4116 8102
9977 4297
1298 4958
630 8617
8154 3590
8254 6417
8953 3118
7565 5911
5947 6504
3642 633
5481 6486
5317 8709
7756 4778
3488 1896
3780 5208
1002 540
3195 7681
3765 5770
6275 746
9162 8135
8580 3735
9135 6418
491 173
7301 2622
6818 7085
6600 3792
6408 6881
6233 6698
4006 1615
5267 4072
2430 216
6794 8453
3134 2265
9012 4672
7711 1857
3408 619
2478 3505
5660 5413
5511 9027
1854 4865
976 3355
6581 420
3492 875
825 8186
1753 2818
1549 7487
4643 9851
9112 6011
6296 5871
4019 4802
7376 6842
6961 7269
8096 5439
1371 4467
4207 3932
559 3746
9648 9774
1126 7756
5901 6388
3609 4624
9290 3718
2346 3501
76 3879
6412 2224
9189 8004
7488 7986
4055 1683
2032 7435
2619 2965
8389 9568
875 9478
6449 423
9986 2385
6992 7666
3704 1598
7796 6348
328 3587
1721 4628
9066 457
1851 8328
9196 119
5953 3793
4907 2795
8775 4295
9961 7391
6392 864
7406 7224
4335 2118
4798 7747
8418 7824
6734 4510
7878 4100
1655 8379
8147 6459
3557 8528
9820 5529
6237 1353
2218 4942
4577 2223
8661 9222
7160 1646
5731 5587
8012 9834
962 7363
5484 4321
2651 2097
7213 6889
6445 8208
7436 9640
5038 9497
5073 9444
8626 2380
5145 6947
5251 5259
3180 7833
4980 2776
1909 2186
3146 3930
7025 2830
6422 3354
9020 7088
7443 1237
6591 1808
5346 155
4454 69
4323 2110
541 9010
5621 3009
327 1970
4688 9061
374 7327
2112 7642
7021 7679
8810 286
4420 9111
9394 2309
5755 1038
9816 4477
5389 5449
3481 5466
7632 7048
6188 706
3310 4867
7743 2720
7236 7565
4526 7522
7542 4041
7529 5909
4660 5290
4205 456
5054 3384
8843 9617
5406 6289
4419 8558
3845 4218
904 9894
1109 8745
5093 4332
1023 323
4411 7288
4617 8962
4492 319
2907 2504
4111 5352
4395 8009
7847 825
212 8629
4586 6180
4477 7413
3630 6729
6810 4932
9511 9562
9808 7674
733 5053
4327 369
897 6542
1203 2657
5553 4095
7607 4523
2622 7073
4704 5367
1742 4455
6391 8751
4933 6640
3920 440
4105 2534
7770 8006
3443 1990
5778 3709
9391 3463
1886 4345
8105 9030
2799 7936
332 5782
729 1343
5804 1199
8951 6288
3477 1226
8068 3888
8651 5137
7351 2269
9267 1977
7152 871
3529 1622
6855 1754
9503 142
7793 4310
3242 9062
8856 6986
5304 2648
9366 7033
9631 8871
1825 1532
8823 1433
2380 3713
2458 8748
7695 759
9389 5116
9328 8874
560 3141
9280 7666
2722 2031
2713 1549
5358 4949
8605 7573
8832 160
9418 9294
2664 7780
2445 1924
8377 2103
1520 3554
2380 450
9373 7918
3977 7038
1056 7818
8771 3990
4800 9852
3775 6505
9868 1848
9563 9166
710 1896
329 7337
5481 5959
5168 1425
5414 5278
5947 1854
7319 3924
4510 5067
9532 4567
8976 933
3715 8763
6089 2510
9779 3262
1925 3128
893 4630
6469 587
9248 4034
4247 4270
8602 4866
1769 1502
1797 4666
1464 1427
9223 155
978 2671
395 1963
1566 6716
2677 8494
7570 5617
8842 496
7077 9985
2562 6035
4573 5326
2447 3548
2275 8104
7480 3758
5470 2493
3539 1504
8303 1922
3898 5679
7830 8504
1116 5142
2836 2858
6538 8488
6178 2659
8166 9886
2697 3019
2782 2372
5932 4529
104 3191
714 8258
5125 7263
6929 5983
9426 1437
9388 6566
9552 5153
6096 147
4009 7308
7345 2879
218 5659
2136 6632
1490 863
1339 1003
3575 7317
1911 9070
6725 2094
6509 9934
6446 5800
1980 1424
2013 2613
210 2855
6461 2025
3371 942
7266 2590
9230 6186
9442 5011
4083 7148
4929 5194
5840 521
193 8852
2021 6045
9770 9596
851 5960
4255 5998
2426 2292
6584 1459
7192 988
6700 1332
7787 8757
2979 2747
1996 5161
8037 5385
7964 685
1863 433
6182 2358
523 8490
4424 469
1341 7180
6660 1271
1814 161
4328 6297
6508 4098
5676 114
6305 517
3812 8408
2496 612
52 7858
9953 2083
3948 3082
1347 8144
6620 7255
6863 6410
1035 1491
5086 7586
9101 5334
5552 4806
2920 4716
2732 9457
6185 3564
5821 2913
4961 540
2455 4776
9726 5936
9762 9893
4717 107
4693 5596
4415 754
1253 3205
4934 1088
9224 5176
3652 5098
6698 6147
8323 4070
6400 6690
9984 7052
453 3614
4746 7479
9578 5477
1344 2038
281 5758
9178 4232
7249 4100
448 4591
7920 7325
264 3404
1087 9537
352 5338
7819 6617
2521 5324
6320 329
1030 5910
6099 238
4384 72
213 3213
6719 9766
9999 8474
8515 7054
2387 898
9497 5648
6667 6256
4962 1165
5837 5654
6681 9412
9437 4038
3875 405
3099 9023
3672 2589
5452 8240
6322 7002
7719 5618
4681 7183
3580 8784
4919 182
9418 8622
6443 8114
569 6410
9073 8955
9168 6753
4495 6475
3857 89
5311 5130
5769 8957
3995 6734
2835 4645
4501 4252
3237 3765
8735 8871
3260 4713
3892 9186
1745 3138
923 5572
7431 8168
3625 4418
6079 8801
4710 637
647 6194
5615 5036
5200 9756
6557 8528
1996 2533
6554 2513
7899 9986
2494 8215
9206 2789
6313 7401
5291 5499
3196 279
4010 9170
3795 4954
310 4996
273 9796
6181 7994
1745 454
6204 7162
6925 1971
7049 1642
866 546
3793 9419
1822 5484
7177 6623
6224 3254
865 8898
7481 8482
4198 220
7849 5731
1672 7404
3511 2734
6046 8168
6598 8330
6208 590
5566 5715
3952 1829
2558 9638
2509 4244
6388 5509
2976 316
9692 404
9013 8372
740 1858
148 3417
5685 3548
4333 9534
7944 6873
6170 2900
3542 3979
38 6258
8555 6946
5237 3829
2428 8201
2440 8359
4969 2656
7613 1523
7594 5192
2898 9303
9439 7854
5452 260
4696 9655
8717 1685
2809 4774
8576 621
1698 3565
6781 8384
1397 7238
686 7342
3237 8810
1486 9262
8299 4068
1259 5148
8634 1498
4340 9386
6437 4211
7158 3734
7254 4821
4924 3112
4517 884
1830 3099
2525 7113
955 3131
8010 9044
4941 3490
7937 5168
9814 9431
8401 1442
4627 7200
8064 4793
3362 2737
56 7403
9855 8328
4481 9160
1907 4906
4120 7527
7543 654
6336 9917
1387 7819
9505 788
6813 3195
5583 9702
6554 3746
1881 5358
8123 9685
9826 4431
5352 1515
8630 5858
9003 2739
1859 7311
2383 910
9861 1870
3185 6143
8611 5029
1050 1899
3964 2341
5093 4298
3288 8094
9210 3586
7455 2952
406 7713
3800 8999
4866 6060
941 3764
5789 4945
7995 411
5357 4823
1045 4710
8710 8686
1001 3819
1309 6373
4826 2149
4939 2937
8408 8084
230 7424
3810 9154
9937 9753
185 8042
373 5616
7122 8884
8853 5095
6230 1890
9905 6310
3419 1138
1094 9053
3425 8992
7883 1749
4383 27
2753 9104
2933 7653
4426 3373
3910 483
3429 7415
5553 6221
936 4830
3041 5446
9556 1549
9732 1445
5027 363
2607 5626
7891 1385
401 7110
5087 5380
5884 9625
1847 627
6332 5038
8959 2929
6250 1493
4541 8251
9501 8703
6780 2598
26 6709
4257 2496
8593 3130
6031 8885
3300 4032
6259 4255
9202 498
2573 3001
8612 3370
2262 6019
665 6367
6532 3495
5957 4792
3665 4579
2926 8145
4325 9779
1204 5831
8443 5960
7545 7757
9433 9421
2993 7035
4478 2633
7000 1108
7385 1781
7334 2833
1061 6889
7881 1654
78 5645
450 6913
8258 3498
7334 6970
3026 4991
138 2058
399 268
3665 8283
8773 4748
4872 2270
8900 3898
1950 2218
1591 9046
2031 4918
319 4811
8547 4190
8023 3144
2345 3106
994 54
7961 8229
3196 7255
7429 977
7357 3255
5426 2870
4599 234
1818 4081
5939 9463
8042 3686
6921 1669
5407 5526
2321 5748
7994 6613
465 5833
2532 1666
9415 2880
9740 1643
3198 2060
715 7012
7490 7885
5106 156
774 5729
184 381
6442 8709
4995 5789
1438 9179
7161 8852
8224 9983
9766 1932
6686 6439
2014 1702
3317 2156
2036 7087
4327 1502
7316 9827
236 203
8312 9181
1435 6541
7503 5645
7090 2636
7331 5865
4374 280
2156 8807
8649 8874
4131 1652
5298 8138
7294 6745
6480 6281
5754 2054
4248 7365
11 2835
8132 6362
5162 4757
431 5848
9234 191
9981 3304
6690 3422
984 2344
1335 9320
9237 2083
2274 6454
1292 9125
7393 5388
6211 8320
2966 6492
6557 1008
7425 9177
9695 2650
2777 7438
8575 3515
4514 9432
1838 298
8591 7606
5060 3807
6102 8345
8345 2798
1017 104
8997 6895
9044 5758
752 4066
4600 4767
4219 873
8269 6338
2341 4508
6819 756
5344 7918
9903 5568
6035 1125
102 7126
3259 5015
7243 1061
8828 9962
6895 3060
293 8631
7458 4983
4618 6251
294 1130
571 3742
5411 2204
7810 4184
9986 6533
6748 9406
2401 5513
4546 2377
3514 3825
4658 813
9725 3776
1116 453
23 5615
9754 5056
9528 9443
8770 7431
7272 9415
1787 7020
6903 4593
6526 3394
1689 3102
8287 4575
9643 9110
7138 7739
356 7827
9112 9907
7530 9498
9545 8582
8099 3692
8916 7815
7899 4276
2650 2800
8460 2542
6149 8525
5866 718
8138 9646
9807 6387
5665 3010
3533 3838
7147 8065
3622 7612
7484 4759
8998 9723
2477 941
790 7330
5660 4244
4690 4091
5678 8217
3477 3024
99 7663
1434 4111
4581 1771
2015 8538
14 2175
379 1570
4306 464
8466 1986
442 697
9676 7843
6567 6662
3009 7384
2715 7872
7078 7216
7838 2362
115 1813
1279 1408
6928 108
2209 4537
5851 1814
8953 4615
2677 2982
4084 3908
5276 2616
8295 4200
3950 2753
3536 9372
4243 506
2857 757
2957 1933
6331 4995
5245 4704
9049 8152
8910 3636
2354 8389
1693 7328
1388 2683
8150 7594
6031 3996
1182 7577
710 4389
3941 2427
7383 3597
5272 5322
1212 2425
2821 3785
8551 1868
4771 9417
6002 3738
2453 1107
7607 8056
1162 7934
2148 6225
4302 3390
1316 2027
9613 5518
3494 3974
2530 2563
2701 3925
6284 2151
2952 913
6926 5505
3183 8575
8748 950
4266 5357
9406 2024
7223 6308
872 4710
9158 6281
2009 8962
5923 7134
4517 3398
501 3333
6372 5797
6590 1528
1018 9832
8893 6183
1160 6461
7919 7955
5614 3190
3082 5991
1850 7850
160 1341
6468 4624
8168 3622
2426 597
5257 2098
8928 7315
767 6131
8634 4674
4315 9820
1639 4187
1567 8872
8684 9188
678 5575
3543 214
9299 9778
8317 9693
3722 975
6989 3970
4292 9530
9552 8669
4039 9974
6135 7010
7136 3401
4019 5104
9989 7607
4525 7501
1564 4985
1634 6622
738 1697
1303 4980
8931 5290
125 1589
5531 7674
2597 3563
5304 2976
4088 137
4107 7861
6766 5158
5676 4213
5923 1199
4245 5279
6894 3132
2913 3701
9340 4994
7385 5536
7053 7613
274 6249
691 3585
5237 7165
3161 7025
554 2382
8093 3689
57 8913
1862 3448
2443 5016
160 1144
683 3680
6421 8513
4393 8840
1084 7896
384 45
1399 7025
4563 3052
2005 1049
4500 1676
1197 467
2628 6279
1551 9649
7399 5037
3101 7992
6886 4342
8997 4927
9551 6406
2104 1202
8776 3407
4284 7206
4135 1581
820 3508
3537 4568
7167 4064
5609 2628
9984 7852
7989 4822
1636 8888
5238 431
4516 3528
2611 9928
915 1715
6210 3925
9142 7655
2755 9818
2423 8782
3216 3650
558 4509
1525 1560
8496 5223
6188 1645
6985 8300
1444 8346
6545 7376
5831 5098
3228 5283
3027 3810
3368 4389
7315 8360
565 4318
7047 5269
5785 387
7178 483
3556 1598
8953 8297
9244 1011
5048 9052
3782 6659
6155 2203
5379 1327
1920 246
9195 3786
2859 6765
371 9870
4228 4852
2021 8901
4126 8800
3754 855
8338 9323
5903 4925
647 495
5829 7844
7256 4666
1164 523
1456 5326
9237 4035
9000 3883
8218 9277
8708 454
9502 3038
5474 256
227 8389
4397 9723
7310 8818
7693 785
858 596
3546 9240
595 7671
418 773
915 3570
4082 7690
2290 9962
4796 3929
5686 5141
2126 1707
8229 2327
3811 8235
7738 4399
9604 3406
7074 6575
2423 3676
9980 239
6509 9904
9477 1723
9290 2636
7212 6274
9247 4573
5835 6549
7362 8435
8792 1781
4101 5427
7202 7987
1180 5613
1264 9864
9425 4278
8795 9082
5324 5787
5281 3134
1363 4577
2056 497
4760 8424
8523 3859
3809 8413
3582 8827
9470 7790
5363 4368
2883 2450
3761 9927
4406 6190
1061 6981
5758 5165
9194 2288
6690 6620
4259 926
1497 8092
4016 1045
9391 2197
4846 5445
7820 8039
1007 2644
1006 8737
4228 9633
3200 975
691 3663
1419 9310
3386 7446
1827 5483
6155 1842
9405 8358
7409 3428
2405 2787
1736 1331
94 7903
3708 4170
4466 283
7199 8979
1798 5362
4267 6005
5329 7804
716 4321
7075 5199
5820 1033
9858 9107
7401 5200
6000 1072
446 3176
6245 6722
6805 6778
2316 2660
7216 4180
8815 9032
9647 4556
3517 144
9083 8836
9325 2457
211 9022
4408 7824
3402 8558
9223 3659
1836 8325
2954 7336
2167 8180
8857 5687
4980 3841
6238 6460
3011 3887
4295 7115
3971 3211
711 9502
6410 6082
2768 3060
5625 4736
2888 2929
7330 4193
9520 3839
6505 265
4390 8641
5356 1949
7056 2023
6320 3609
2699 1758
493 7349
8860 1375
5778 6074
2475 1933
7017 2939
6469 1709
9510 3061
7276 6222
1975 3759
6482 9651
6792 8660
8865 9648
76 8057
5269 286
4805 873
5502 5498
3000 8936
3678 9027
7170 3408
6524 5551
2857 1783
6995 3255
3250 8871
5385 2955
6479 7474
5055 2868
3891 313
6534 1770
8249 8146
1008 9447
8338 4204
2950 494
1744 1573
9086 3265
367 9654
1178 2284
1107 153
3729 8558
8126 9184
8762 4600
3512 6149
2929 2613
8373 8875
8221 9587
9547 1170
8978 7521
3891 3474
3678 2996
6023 2465
2898 1576
6731 533
5166 6959
6342 7148
9348 111
6186 2160
4405 2631
6253 5149
4876 8135
7604 7946
5266 3481
2604 311
4687 8974
9658 2087
7856 171
2187 1250
7553 6500
4696 7723
288 2426
3087 9492
1113 3529
9789 8329
1526 9837
7461 5084
3355 542
9217 9638
8362 2605
9307 5262
9400 1343
5104 8994
6022 4879
4380 8046
9864 6387
2429 8976
2113 9073
6304 8813
125 6472
3181 4221
1868 9024
2753 7348
5309 4233
9053 5760
3706 1502
1817 1569
312 5184
3577 1155
5617 4176
1291 8743
5933 154
5932 3963
3988 3174
723 8867
8383 7203
4826 8582
7955 5202
5695 3246
487 470
8425 1283
1299 1516
11 8466
6580 2280
6714 7443
1835 2297
2683 7669
1541 2789
7079 6775
639 1413
3318 8897
5306 8298
4116 9023
612 2417
8778 5553
9940 9326
4187 5103
5860 330
4459 9542
7542 6854
418 5212
2092 3846
1362 6621
9226 4488
1023 5128
2557 2804
9847 6527
714 8596
419 4848
1442 7180
1899 9612
6460 6566
1978 85
2604 2282
8591 8749
5634 9269
3969 2979
3880 387
428 4084
4390 1786
5995 1935
6451 8584
1164 3900
4772 7168
8097 6505
7449 5161
526 7068
2014 1809
4737 8593
6289 1587
7568 478
3854 3657
8432 4995
4470 2609
3927 9407
4924 2989
7246 4376
1472 4976
7605 9406
1482 9847
9300 3443
720 3559
1488 7693
8381 7330
3583 9912
4754 9120
190 7414
7923 2370
2710 4061
1101 5807
8101 3404
673 856
4818 6854
7030 1153
8957 3662
7021 6540
1603 9984
6998 3825
5309 1637
5147 356
8723 5865
5895 8097
1133 3935
1529 1774
199 891
4981 7438
4689 7978
9854 7095
3354 8598
1084 2581
9475 7191
490 2548
7605 9823
8155 3687
9152 5440
1992 9256
5980 2149
7382 6667
1284 6545
9175 1569
3139 7667
6140 2045
284 6760
8616 8587
9404 511
1434 4146
8626 1424
5740 8361
8171 9350
7999 4900
7733 8598
7283 6502
3895 2020
9243 2100
5372 4394
9393 9105
7599 348
3485 7106
8087 1246
5624 4499
3291 9374
5675 6383
5563 4478
8214 7747
5744 1387
834 5398
8054 3878
6270 937
6979 9100
1876 7379
729 3408
2009 3690
3565 6961
5386 7658
6734 1850
7650 4677
6934 63
4593 6672
8923 9936
5501 1903
3501 2944
9547 8617
7860 1803
9732 2185
9770 289
4912 4034
4981 1186
8290 2665
3609 976
5549 3594
6415 6490
2500 2200
2884 3816
940 510
8995 5010
1788 5554
7853 5726
7402 5034
472 8120
4598 1968
4228 1807
5398 7560
8835 1433
9183 1401
1660 9722
9566 1822
8639 2274
7912 8348
2849 6132
6243 6208
1441 1278
9215 9245
3469 5294
292 7006
6320 7278
8585 8053
447 7829
9425 2958
4206 8663
1462 1133
4142 976
5093 5012
7562 997
2059 3448
4149 9395
1775 9424
563 5584
8483 906
9984 4214
4388 3141
1154 2533
5254 8520
8897 1711
1249 7428
2320 9469
8587 3777
5689 1731
1393 1957
4681 3423
8978 2941
210 7534
7535 9965
7337 7527
3012 290
8284 5302
9915 890
7169 9978
5383 4707
7237 3248
6594 5067
1397 7058
2227 5852
1628 3348
4466 5726
119 7848
6660 8932
8525 9119
8888 7836
1797 1630
2473 4276
7624 5656
4951 6166
2143 2772
4524 420
9620 835
7654 1428
8408 5358
7151 9416
3512 7199
6401 800
6257 5877
9181 1185
7166 5891
6355 5467
5064 7844
5844 3981
4999 7985
82 8802
2300 7444
3887 4727
6319 2437
7646 5600
9750 6452
3084 2570
6123 2429
4560 6966
3720 4698
4549 7809
6111 5848
2675 7569
2440 6977
5012 4266
655 9320
1630 6016
3203 657
7057 7835
5458 1094
2249 4256
1987 9903
4473 3729
4439 1780
8631 1044
7839 56
8394 2927
6131 1245
848 953
3198 3790
9303 9710
4776 2418
3964 889
74 8320
7322 9285
760 8573
9149 8380
9313 3513
5970 850
6535 3766
9923 5494
2377 5281
5437 5728
9547 5865
8563 3832
2703 5831
386 1924
4221 1596
3616 8079
404 3970
2777 7973
3846 1496
3972 4305
9241 3607
605 4508
1362 8768
486 4811
5045 3790
5473 9424
5266 6201
6604 8155
4510 9971
8344 2231
1239 8196
5225 2716
1409 9704
7384 6937
2958 727
8157 9638
1707 5326
6588 1161
5795 4532
6832 1621
8996 283
4487 9789
2198 2298
2385 1560
7366 1040
2226 4268
513 186
8402 8798
8033 9353
8265 7871
5761 5633
646 7066
1614 9361
6340 323
242 1492
4880 6034
1478 1123
2511 8449
2469 7970
6396 2698
5455 5995
976 6015
2196 7258
9256 6173
2572 8629
6011 682
7764 6774
5347 7362
3229 4890
3770 3283
5943 324
3984 3350
7221 7411
7778 4461
718 1249
996 157
6174 5690
7967 8390
6137 4423
7576 1690
6013 9796
4995 3064
2594 8975
1569 1912
9014 7582
6659 8942
1099 9693
3437 9485
1244 4566
6484 623
7532 677
113 3643
1675 1562
1434 1886
1003 9944
9812 2285
7737 7620
9987 1340
2914 6225
2792 7911
378 743
2409 8836
8433 4100
8810 4869
232 5259
7673 279
5257 9136
764 4465
3665 7076
8111 5750
7784 697
1491 7380
3634 7268
4842 4492
6541 4449
2777 2877
1018 3446
7380 5825
4665 5682
4453 3029
8082 7749
3126 131
2388 8372
3066 3383
3360 3395
198 6561
3945 2337
8432 3095
721 9956
8232 3905
3035 6312
399 8409
6442 6568
1478 9673
9752 3741
9882 3695
1136 4105
5387 6025
8254 8785
7225 7936
7619 9715
8780 4804
9074 3658
7253 8021
1074 1054
7634 6952
3331 9318
2786 2963
5760 4382
7265 7114
3778 3059
1446 9105
4322 8239
6561 2590
1151 2062
5227 8558
3214 8322
6336 2497
3494 5245
4695 8858
5020 2872
4350 6621
5311 394
2172 8499
9025 5332
2408 2071
8201 219
2791 7295
1717 4663
7542 1099
8176 4895
8338 3133
360 3487
8182 8679
3028 2700
3323 520
6990 306
4056 3607
8205 5305
9253 8172
8088 6429
4182 8549
2493 7160
4670 8359
185 7269
55 6969
5248 7704
389 8952
7995 7696
7828 7231
7695 2032
7524 5880
9920 4208
6874 1774
3888 7716
5480 2586
7681 9806
9317 2556
8682 3654
6902 9866
778 2380
9046 7209
5926 3135
6034 9374
388 8072
12 2775
4954 1425
8980 1420
3252 2329
8772 5785
1971 1329
6414 1443
3878 764
3114 5996
5186 7578
1855 3009
281 5056
7304 3734
2619 9346
8131 4488
3601 2440
6495 6135
647 740
3869 9444
3775 4290
4168 1099
7999 7144
5378 8708
6521 9681
8572 6391
3931 2291
2402 2898
7735 6531
5100 9333
7622 9084
1221 7699
7870 4594
1289 2800
1558 805
9456 9796
8303 4833
5133 4108
9226 2269
2084 6458
5005 4194
5127 9867
9967 7753
9205 694
7167 8266
8204 3179
7637 9988
1346 7233
4206 7742
8785 6386
1968 3981
9212 854
5624 4960
6925 4951
2213 4583
4296 4013
6942 5392
3223 5546
793 2629
5510 7660
3835 6023
8667 5618
211 2591
8132 114
2941 9605
8811 1953
9741 799
5800 5074
8569 3550
5465 7531
4988 771
3407 8007
5980 8983
9291 2708
9505 7513
8277 8022
6276 1238
5112 3299
8791 9569
5536 9897
7560 678
8647 3356
4096 3147
4436 232
4416 64
3215 688
1873 7661
9586 3572
5456 731
6804 4658
3840 9245
9911 8953
7649 2736
7998 9511
9244 6397
4501 2364
2002 1843
412 9938
2394 4830
1992 1856
529 3504
1559 6961
9840 2894
517 5379
5811 600
9164 9554
6196 2629
7746 1490
2317 8397
259 2436
2894 4891
174 1440
7628 3615
2561 8751
9512 9323
9864 6674
9380 2391
6356 8969
756 7263
6854 5430
2258 5133
7170 9940
6570 4027
3273 8893
8672 4513
4509 3859
5626 10
9577 6683
5192 7025
2854 2345
2603 4999
7029 744
7507 406
4828 2719
9383 5872
8175 4980
9451 383
9582 4141
6819 8593
2061 5663
960 8916
472 8861
1758 9634
3523 1872
9144 7733
3351 2500
6212 4785
5373 777
6191 7605
5298 7317
678 9479
5833 4326
4022 5350
2991 4071
8441 845
5813 7649
6818 8577
2936 848
1528 7999
8177 932
1053 5179
2947 5081
379 1779
9572 4499
3174 2458
8295 1737
1795 1559
5945 8061
3757 5591
9627 5130
9611 4330
2707 2090
2408 852
4622 6322
296 3854
4944 3079
2546 5179
1595 9284
7667 2805
191 1229
3809 8482
372 8584
7413 3198
8654 6616
2793 5799
156 247
4957 8694
5362 6008
7512 2163
8200 7538
5728 1568
5952 5771
4725 3687
4165 2594
3923 7344
1166 4184
2383 8216
8637 4437
8470 5438
7502 5764
9561 9288
1487 7675
7390 613
8087 5567
5547 4193
6365 3912
5060 7485
4015 7776
4819 8345
4281 6242
148 3662
4596 3944
3647 2955
3006 7963
2327 8989
2413 1305
4733 3910
8490 5670
8358 7850
4234 8011
5869 2887
4811 5412
3984 1529
5919 6487
674 513
9393 8874
5735 9621
2767 997
1565 7243
6226 4209
5410 4889
233 5753
3730 1198
7687 1159
9477 8687
9638 901
1461 912
4335 460
2425 7270
8688 6344
8579 4225
7444 4044
2759 9050
7824 4474
6772 3369
1108 1015
5396 3342
7906 7962
4995 3351
4344 7592
9480 8900
5502 1019
5734 787
2017 2829
4339 7750
6039 5288
3514 8448
6854 5271
8071 5776
2938 4314
2944 9520
5082 2743
734 2205
8246 735
4197 3171
7503 4813
3587 6405
3138 1026
9362 411
6213 1403
9419 5111
620 7346
7600 9873
2785 3834
9723 1297
3905 2012
8368 6213
3818 2706
4648 3782
5014 3365
803 6640
3000 6003
6523 265
3625 3032
3918 8023
92 8866
3844 7005
5436 640
2684 9442
1907 4570
1445 4131
4781 549
4963 3441
1349 1958
591 5994
7173 7747
5432 146
9949 5861
9939 3504
1256 8278
6077 7573
3075 6121
7020 7713
7471 182
946 6347
9383 5630
4551 3703
7278 5660
7652 2894
5787 4505
6901 5651
8286 3650
8026 4341
4192 3812
9090 170
5180 5459
8464 867
3766 3524
5479 4884
9611 876
2988 173
2325 7750
9593 8644
5187 5908
662 3164
1811 4350
7467 9316
1384 8764
8573 6066
6652 3072
8901 3320
6992 4809
489 5171
7142 2149
1565 6095
3697 2925
1628 7892
654 2090
4651 1638
8347 4382
9050 1122
6368 3151
2234 2344
1325 7915
5972 6404
3932 1077
4139 2763
5041 6696
4260 9672
2861 7545
7005 9209
9567 9535
5139 2541
6365 7509
3188 807
3188 8492
3136 1236
7296 5156
7125 1917
6815 9576
9224 4691
289 5181
2032 5066
3814 9894
8680 7305
5046 2657
5718 8326
211 4314
257 4421
6889 3120
8457 1784
9756 2093
3637 2348
4512 8416
6614 4794
7750 3258
4761 7580
479 6226
3450 4697
8950 2110
8569 7658
5363 8436
7111 906
2329 9887
6296 300
9155 7144
2028 781
2343 2400
8085 9629
8818 6058
7958 5809
2601 2287
3520 3134
8559 9636
9332 1353
1358 8149
6819 3681
260 9254
2537 3290
7657 8071
3026 9682
4983 8446
8526 7967
3801 8082
9072 9680
3509 2783
5813 1888
3632 8087
1150 5938
3742 9292
4134 8803
985 7521
8443 4021
8933 5148
5863 9814
5299 8898
5191 9013
3591 8791
8331 4239
6708 1851
5057 191
1406 1304
163 675
9187 6053
734 8929
9883 3880
9077 3521
9003 4990
9886 1783
3602 967
1685 7059
2768 8942
4266 4284
3098 3337
5446 3840
1704 1578
491 2420
201 323
4303 4493
3783 6399
5625 6789
4364 8162
3671 3608
6202 4784
6917 2874
7906 3048
5989 7881
7607 5954
1207 6964
4552 3935
9539 4345
4951 1705
8657 8711
96 5742
2676 7539
2539 3843
3987 182
9385 3862
6654 5401
9834 6750
6532 193
8848 340
4209 7049
127 2000
2625 6552
7624 7980
5166 104
9848 4687
1747 699
1336 4029
9707 5763
2289 3849
6059 5881
7973 8067
2580 533
4825 8037
4191 9669
1653 4437
1645 4740
1376 2240
4562 4928
1278 4705
9136 7334
7037 556
9164 466
4563 2073
7706 5567
5728 1743
8105 394
7877 2140
4415 8024
1193 4661
6004 4985
2065 2200
7800 5806
4755 1900
7580 705
9504 8685
7712 1696
1404 8182
7590 3615
8317 423
3921 5014
1494 556
9741 8296
7294 479
3100 5045
41 4489
6811 375
5424 691
6193 9599
3277 1059
7928 649
5080 5481
3579 8640
6171 7587
3786 6563
7280 3783
7483 5540
9024 8531
6205 6055
3793 9948
3175 9540
4254 1184
8480 872
1112 3379
5076 7003
8930 5296
6701 648
7983 9171
998 4854
3343 3718
7969 7490
3259 1920
5048 5578
187 2441
7602 1551
1641 8668
5448 2509
4693 7863
1743 1591
6601 5905
2183 800
6091 2997
149 1571
2729 4060
769 3039
4358 354
2119 7900
9064 521
354 8329
9096 5729
751 2110
1774 7117
9534 9020
7621 621
5235 4320
3012 2289
558 4201
2531 497
9269 2040
1319 6851
2245 3766
7730 5053
7109 8267
8913 4927
8133 3840
3129 8877
9863 8187
9970 2488
5040 8241
9940 8938
1164 6917
7023 8959
1984 3315
9621 6441
8607 488
5711 8044
2206 3287
5224 5582
3057 9938
6198 5506
6649 7257
2108 4709
9017 723
4416 2551
6917 5361
8793 2571
6088 5704
8486 1876
7365 7131
5210 5392
2180 1982
4091 4235
4436 7301
8571 1400
7359 2012
9411 8094
1361 9891
8453 2041
484 3735
5914 5765
5158 6730
8328 7760
5939 2227
3998 4169
6484 1921
5097 3038
3617 418
674 3584
3604 6136
9058 2170
219 7464
3251 6012
9895 6216
1391 5415
324 6257
5898 437
8040 71
1975 7230
4967 5139
3751 821
4377 3021
6611 8203
9523 9236
1682 8083
9370 3695
3770 4427
9350 3967
466 2174
1090 9410
8104 4563
3217 7874
910 8280
729 6332
8797 4747
5002 2532
804 421
2040 2710
8956 196
9773 3086
8841 2513
1810 6029
8573 1237
6501 8075
8539 3080
463 7103
9124 2402
4114 2075
9688 2014
4512 4404
9277 5919
2723 5525
9877 4979
3152 4999
8794 6842
3013 1424
8254 6927
7872 7154
7369 1416
7720 6674
9657 1719
8323 5384
5287 557
8514 3148
5350 4397
8546 4510
9702 1861
5761 7525
3040 389
167 4053
4002 6979
8877 8665
6104 1292
676 9929
2955 3096
7971 329
7180 4665
2723 1836
4923 1248
2016 8009
9612 3853
9662 9845
3498 5779
3260 9265
4610 4045
2486 7870
6459 5128
9472 3684
5591 371
974 2359
1298 295
753 3373
5892 3567
7966 9642
8157 4905
5174 7623
8555 1353
6135 7350
1914 4800
88 8080
8771 605
3619 2180
650 3644
3202 9134
7353 6130
9881 4465
5666 7799
6001 540
9249 1745
3783 7473
6264 972
2849 499
9113 8571
5360 4066
9216 7445
6593 6042
6983 3095
8778 8718
9363 7084
7696 868
8542 9173
8554 222
6322 5886
90 9208
1634 1446
2861 2651
5993 1565
8308 3399
6649 8459
3513 5299
6969 7793
3751 7354
1768 3201
2754 3502
583 5137
1027 1314
10000 2334
6311 6983
2480 4091
3232 2015
2628 4548
9978 5191
8261 4464
4993 8765
3623 1230
8532 2118
5632 8887
9287 4404
2550 2658
2793 1238
5917 4334
1946 564
3822 2052
4111 9202
2259 1651
3141 2268
9208 7295
8658 4737
3037 9292
7730 4408
6595 7304
1804 5149
2119 790
2264 5818
9185 2174
5185 3861
6379 1345
9446 6560
5857 2696
5092 6207
1543 8494
9699 1362
784 2477
7959 619
2086 8653
2978 1224
7391 7874
2464 563
4297 9234
6163 6355
7422 5545
4049 3737
329 9073
9707 6781
7974 2483
5830 361
7151 6146
4071 8234
5105 3836
3312 6246
8159 7901
3458 1793
9081 5683
4544 8742
9590 9922
5577 9643
321 594
4759 6992
3531 2801
108 4408
7088 588
5285 3245
4915 3197
9149 6180
3047 9578
6509 8321
224 1166
2735 6966
8187 634
6859 7247
8131 4916
2678 6297
2572 52
1948 7104
910 8320
4166 1285
3392 4555
832 2644
6860 963
5780 6975
6617 1095
3485 7234
5483 7976
393 8224
8036 3632
1892 4888
3368 849
8882 4832
7777 7239
7986 9970
2524 472
163 8702
9605 7735
6631 656
7115 2254
5943 9518
2993 3413
8759 2529
6832 3439
1586 4478
4718 5161
4313 7038
5566 50
2232 4350
9566 7718
1836 6217
9489 8360
7467 8441
2454 210
5424 6936
8586 3545
324 3706
6941 2098
3753 9054
807 5791
6271 1263
2985 2179
726 7395
8682 7463
5110 3222
3743 409
8342 4908
4810 7538
7874 8801
2477 8346
3587 3293
3069 1766
8862 5243
7681 5211
1472 196
240 1267
3204 9544
7938 6384
9409 3925
3206 6195
4283 3111
3697 6419
6077 7765
8127 4702
7404 3351
8769 2201
978 8382
45 2105
442 2366
5401 147
9269 1233
3844 1021
657 9278
1931 1522
7282 8602
3622 9635
2269 3099
8115 3777
4085 8118
9964 777
3656 3534
6177 8816
1944 3436
3470 6750
4008 9750
5896 3028
7979 9904
9183 1467
8776 6932
8396 7994
7822 2599
710 9978
468 6391
9231 9925
1929 5663
6660 9287
9482 2460
5120 2897
9920 5221
3347 6240
6738 9439
2571 7379
1069 1568
3149 6071
3319 1257
6386 322
5244 2221
5065 7028
4086 9947
4516 6678
3640 297
2734 5585
1602 4917
8786 9381
154 7385
9879 7118
5743 18
5861 6262
6512 2461
8341 5804
8548 3441
1253 9140
521 9870
3565 1210
2604 5180
1824 3641
7227 3960
3419 3097
6876 4951
8716 7647
9825 8379
3152 7669
4008 7369
1458 6791
378 1631
8423 480
8918 9857
2086 9460
7290 3251
6834 4021
8235 1808
4855 6274
1995 8709
5986 2184
4974 4373
8340 1557
6850 4121
2472 7909
4225 9770
406 413
9940 745
7123 9613
8751 6062
5094 337
3571 5379
1274 8983
2437 5929
1273 7466
544 1104
4197 9729
8951 1539
1933 5768
7351 3788
5677 1097
1356 3795
7488 7092
651 8116
5135 2786
6346 8486
7180 8151
1043 4561
2771 3786
9472 4222
9357 8175
7659 1491
6421 9657
6146 8161
6098 6105
6747 4240
3535 5221
346 9174
2576 7763
5973 4554
4493 6206
2685 6318
6599 9480
4363 1540
5536 3236
5508 5825
7288 4871
3942 2270
1562 2407
8743 3722
6615 7869
4758 9600
9303 4596
5136 3125
3567 8863
5032 7536
2970 3693
5037 2423
9727 3279
1843 4941
5301 3463
5950 7922
6294 8779
5381 3127
4529 2456
6722 2799
8464 5767
4426 7098
2777 95
7657 1554
8749 5233
156 2806
6838 2733
7139 8711
8539 1090
3758 8908
7134 9371
6756 3232
4360 3414
7528 7072
6267 1214
2753 3966
4378 1052
8899 2370
7042 1520
6323 7222
2500 8485
670 3367
1853 4724
2933 1016
8708 3068
6302 8139
6956 6468
517 5472
7312 4638
9142 9711
5874 8691
2619 8611
2946 3694
3250 8415
7319 3245
8810 7253
7966 72
5433 5646
5675 638
572 9903
8136 9596
6274 4945
8886 6787
2875 1245
6428 8946
1847 3981
5304 5112
6567 4094
7200 2338
7473 2189
3947 1109
7451 4236
6748 6619
2870 877
8490 7425
9573 3811
2262 6674
5420 6858
842 2698
7761 9568
7134 5297
5799 5471
2472 2884
6028 7460
7238 8559
7686 3518
3926 9920
8448 1574
3573 5455
3830 7608
5813 4578
9468 7682
9377 8720
8910 643
2029 5047
3869 7849
7593 4844
8036 8403
2556 2211
6179 428
5464 6624
7921 1091
5021 1527
950 112
7740 9064
6963 6047
4692 8409
4975 7794
4497 825
8954 3682
7766 3549
166 2542
5194 9527
5657 1947
1170 1107
5167 5645
8037 4123
9028 3629
8535 613
752 9422
7170 5448
3762 120
9543 2199
678 6383
3017 529
9645 8890
5390 766
8751 2845
7442 442
6694 3979
1118 1238
1875 1478
8202 9544
138 4668
7349 6316
969 9517
3583 156
8244 9347
1863 5137
8614 161
9202 5530
9480 9683
130 1192
1161 6227
1116 2282
9729 2800
4200 6368
8019 7587
1699 1430
774 9849
4525 4628
3011 2512
5468 7988
5988 4409
3305 8452
2589 2655
6162 8056
6129 7523
2432 7119
1044 659
922 4835
1784 8161
9937 7974
2751 1900
6099 2121
7051 8613
3435 7397
8564 7829
6568 8471
4459 553
6286 8471
1764 2540
4101 7712
2569 2105
1910 452
2697 6650
961 5789
2173 4445
6484 2247
9612 118
9040 3261
1876 7223
9540 2540
7947 8761
8750 3319
9304 4118
4564 5133
7376 2063
3022 2220
4640 3888
4185 1169
9618 5175
4533 8324
5629 9438
9163 5786
9092 5408
4433 6194
5549 2175
6023 6445
2091 2453
3482 8480
7680 8117
2315 1485
6474 3276
9149 9674
9112 8519
4179 8130
4335 698
6174 2866
8743 911
913 9147
7310 1100
1091 8152
8531 2293
4875 3813
4404 4171
2749 5552
5570 5011
7862 242
5371 1067
1551 8510
2894 6438
2307 9763
309 6299
401 7831
9066 1245
4290 7567
3522 5404
5599 9907
9402 3220
9495 2076
4224 9404
3851 1720
1632 9608
1011 7324
4174 8255
6890 5720
849 5540
3442 3141
248 3881
9092 8917
7533 632
647 6725
3797 6223
904 4501
6287 9576
3983 2611
6458 6306
7894 934
2895 7923
4462 2436
5565 2321
4467 432
6455 4411
7883 3922
4381 9296
6453 5564
5286 8582
8848 2452
8055 3816
128 5243
1111 5004
4933 5130
5860 7618
2274 9047
2558 4682
1508 4451
560 6675
830 7617
2444 9598
2976 6296
7290 5572
5106 5462
786 7335
8624 300
5613 3879
9768 6664
5272 6309
9086 1526
4627 8611
3027 6336
2167 3080
252 8068
9693 9202
4912 6152
8618 6759
874 8433
8515 3682
629 5099
147 1044
3525 1547
2811 683
5564 4407
1073 9614
7090 9347
4301 3707
3622 6314
160 7115
7298 1493
7562 3408
1866 5525
2009 6125
7266 4725
9362 9756
2659 9625
6691 3875
1981 5118
6485 191
9877 3216
6114 8845
4471 3230
9742 3465
4797 9745
8252 7150
8095 5272
4732 6691
5661 5043
5182 6659
1950 9136
9838 8927
4522 2513
5973 7621
9997 6836
8265 9284
7116 3038
4406 5516
3339 9570
6240 7096
1177 4925
1508 3562
9995 560
5397 1684
2498 2667
3782 3445
4771 5529
8184 586
8440 7620
7558 9186
7760 3329
6486 2457
9069 602
4889 6926
3192 4226
3285 6931
723 9548
6356 7958
2119 5957
562 1963
3465 7110
8801 7510
5523 761
236 7878
357 5579
3153 449
36 393
5127 2993
6373 4799
1860 6783
6881 1747
7845 9765
6400 9824
4838 6881
2979 5712
8136 7397
6352 550
3838 9301
8610 4996
9274 3221
3978 8723
5235 5476
1270 1961
8526 747
2397 3979
2776 8776
3472 6943
9387 7866
5364 536
7218 1680
9221 6483
6534 3993
1323 4794
6141 2157
7937 3934
3715 5542
682 443
5487 665
8382 734
6219 640
3839 7687
3444 2904
2109 4597
933 1707
5862 9502
6370 4370
4164 4867
6930 7537
6222 532
7344 1672
449 9129
586 4623
2136 4061
4500 7553
2498 1324
3547 8326
2314 9240
350 6191
8770 9144
3065 7881
9561 6792
9192 7894
6205 2537
1773 1306
4842 5497
340 9954
3008 9069
6647 9183
4066 3573
4498 9696
7744 9017
2328 2655
3762 4258
6724 1356
8705 5223
8131 9797
8271 1814
7121 7532
2243 9286
357 7457
4084 2645
8359 6127
6883 3858
6108 6168
9458 1720
6559 5681
2858 3229
5591 8702
3504 4560
2709 93
5819 163
2052 7470
556 6550
9900 4963
6669 5207
3364 2949
1377 9998
6117 445
6527 315
9709 796
4746 3485
2714 1499
1649 9533
2431 396
1820 537
8607 5197
2841 2326
9034 4755
204 9948
7922 5294
5851 3405
4815 8403
55 6622
5307 9488
1672 2284
3402 4925
544 7134
7845 7218
7525 4245
414 449
6940 1009
204 174
3522 3367
8896 3619
1548 6141
7699 2790
8223 39
5267 702
449 9113
3353 9260
108 5209
8136 4977
9107 5273
7296 3474
9288 9692
594 8496
2456 6250
7668 5811
1314 3763
2124 4757
382 1731
1005 5130
8838 6082
8418 1636
27 5008
1402 3534
1188 321
1587 4025
864 5744
6587 228
496 8516
7830 5124
8462 534
6690 4576
79 1723
3563 8718
1803 9901
1459 3179
5076 5699
7229 5320
3237 8758
2655 9848
9583 6809
6892 3410
6087 2544
3146 9208
7851 3464
2929 8123
2046 772
9125 2799
6839 2268
3547 9700
2021 1403
1931 4582
1486 5412
2522 6720
5476 7357
6403 7234
3847 7003
4740 3722
858 6980
6775 410
9895 9499
4650 1417
8362 3531
8814 4828
8651 5230
3060 6210
4924 5076
2143 9666
6125 4528
7172 2460
3154 8399
1933 2656
891 2991
3984 5961
486 3540
1501 340
3669 6837
5627 1772
7758 9452
3279 6764
1033 5899
6508 4683
2201 2985
7448 4855
5511 7250
5378 4093
608 4290
684 3190
8107 939
8028 2348
4960 8742
2838 5106
3628 3701
3534 1183
2681 4184
8747 5065
2500 9601
2432 8194
7372 6723
6039 3416
4846 7170
5576 7234
4206 948
9031 4829
176 2097
7197 1486
2041 6008
9809 3497
4655 7640
7817 9075
8107 2987
7841 6679
7533 4759
7649 3063
6318 6087
1261 4727
4632 1008
5779 9197
9330 1361
2764 1269
7606 5384
9131 6570
1610 861
4775 3248
7394 2267
5211 7197
3823 131
7703 2718
1345 7461
8215 1860
3248 8961
3200 203
6737 510
8338 7640
4641 3787
9069 5277
1193 7970
6151 1591
1682 7450
9385 1050
1004 9231
6990 887
3115 8534
6424 5878
4879 4727
5939 9552
5581 4350
776 6634
3994 4419
1720 590
7599 4805
9447 1853
2658 4798
567 151
7785 8955
4261 2300
9797 8410
8556 4741
7413 9167
8379 999
7204 1688
8613 753
250 8543
8029 8125
7267 5697
3296 6154
8865 4100
388 1492
4435 3605
9094 2200
6860 6490
5070 9358
6822 2459
5294 9888
502 4223
8977 8415
6314 3226
7792 5649
5543 3683
9530 8813
2063 6703
8488 1407
6372 1707
9614 5543
2780 8799
6363 1375
3767 7082
4415 3062
3866 7461
5341 152
6912 9316
6992 5270
3646 1282
5761 778
3374 1921
9273 1062
4090 1491
3895 4556
6904 162
3009 6171
2178 1201
8155 1220
349 3817
7127 2830
8522 4859
261 5021
7149 593
4906 5272
2637 6861
7451 6795
9794 4722
4196 2174
2800 8909
1725 593
3884 3265
3832 4708
4837 4146
2202 9801
3514 8423
9505 348
5906 907
1605 3625
4795 5133
8935 2441
5483 8103
5197 6878
1268 4759
8724 8163
1850 2591
3440 157
4148 9668
2519 3612
9674 1998
1495 9685
7927 8787
437 9066
3434 4170
4902 5395
7719 287
8833 516
6056 9594
3230 352
6478 4875
9115 4508
467 7420
6275 7523
569 6423
4666 1420
1544 3137
4815 9252
3795 5291
5563 5432
3414 5455
31 9658
3260 6404
742 6532
4490 3738
5640 215
1048 9812
7091 4247
3539 580
636 7523
2858 8683
1365 6353
4316 2896
1195 5198
2753 5671
4799 2691
7102 4076
8328 9536
7776 5262
9149 89
839 3908
1015 532
6921 6381
7313 4144
5510 8919
3666 397
3362 3339
5991 177
7769 2015
8225 2758
7475 7152
7881 4658
1234 8309
6762 1051
2285 1381
1853 2978
5663 1442
4376 5763
2095 5132
8167 4218
3661 7294
4864 3341
5293 4843
3639 7953
3316 249
9448 5895
2738 9372
1644 413
6439 7384
5403 7883
759 4076
4480 9907
4055 324
3490 2756
8966 4684
5831 5488
897 8589
3505 570
8513 6039
303 7070
4635 1600
3155 1993
4450 398
407 6968
4997 8681
3749 5417
614 2734
2242 449
1435 3091
3923 8971
8575 6029
7963 8748
5380 4025
3290 4350
11 2391
4495 9538
2853 1586
656 9378
6086 7427
4302 5858
617 4548
139 1035
7212 3591
749 1334
7621 1291
9906 6149
8048 2874
2850 994
4353 4477
6797 6400
3634 6749
9114 5338
6660 829
2720 944
5266 7743
7245 6365
544 4180
604 2651
7478 910
4221 1959
4140 5987
7962 8730
8090 4304
5048 7094
6745 8180
7682 6870
6836 4246
1934 8572
3839 4931
9566 1537
7391 6393
460 1457
2804 8862
807 5917
8437 8883
3456 5705
7757 805
9076 982
6368 7650
4974 5850
7646 9403
3842 6898
5005 9243
2491 5856
1878 167
326 784
1857 3010
1432 7883
2989 6850
7586 3358
3515 6800
3853 704
5587 3113
1506 3298
1780 9912
4119 5689
4579 4762
7152 5398
6539 7351
4189 1411
4962 6258
1362 5499
4831 9267
2236 3580
2598 8768
5620 3152
9870 8972
6001 4389
8974 1595
1877 6027
6771 6732
6556 9717
9645 7433
8984 4841
9597 7176
462 1912
2381 3010
3865 8335
2578 2200
4199 3500
3476 6523
3829 8421
1656 5602
2393 4714
4521 613
7848 9731
1163 5680
2486 4372
8391 3063
7898 1955
4685 201
3490 6684
7061 3588
5601 1066
7591 2893
6875 2373
5915 4532
3549 9191
8073 245
5430 2711
9281 6279
2970 8366
729 8260
305 982
1462 3401
5392 446
9060 5179
6776 8444
7098 9688
5275 5298
4627 2461
9310 6221
6387 935
5873 368
9045 2774
8122 85
7280 6379
3748 5922
4853 4004
271 7082
2006 1321
7737 5978
8249 6106
9705 8679
3012 1559
7048 749
5162 6948
7345 8273
6985 2639
9795 4237
2381 2091
7294 5008
3290 9075
9920 7588
2089 2348
9766 2370
480 4722
686 8588
2667 6696
8963 8626
5016 7466
41 6376
6325 1164
966 3270
8359 6882
1172 6135
109 1296
9953 1672
3135 5393
7950 9016
5612 650
9620 2360
5301 1371
532 6455
4013 1557
9391 6025
23 6166
1704 4796
5913 6272
7268 890
7535 1916
2039 6624
4561 7888
6055 3399
8862 2417
6007 3323
4216 6352
2425 3610
4438 4382
6424 2751
