5008
50
10313679
94 101 103 104 99 92 95 105 104 96 92 109 108 92 105 98 108 102 105 103 93 98 108 94 106 101 90 95 100 110 101 98 94 105 98 101 110 94 93 107 91 109 99 93 108 98 104 96 94 105 
-168496 -200844 -198164 -215690 -213773 -197973 -201781 -230770 -232698 -216040 -192407 -234249 -237617 -209611 -224894 -210553 -217942 -189415 -213370 -228002 -208119 -212741 -241008 -205324 -220288 -201313 -181981 -202498 -213629 -220761 -242758 -222954 -206208 -217901 -200027 -228439 -249088 -218992 -189895 -240539 -215795 -242431 -220987 -176615 -232607 -206079 -211103 -194555 -206103 -235107 
186821 167748 194969 188345 188618 183637 178922 182830 187680 191403 175403 203715 192749 166520 180834 196170 198070 195178 182117 179960 193610 202414 208682 168468 189414 177960 177857 199602 191056 216843 192067 188409 177971 168278 164314 184321 207336 165668 176469 194952 162707 219286 186398 184466 205188 188305 189896 188920 162708 200364 
398 6756
4047 3103
660 9667
664 8727
5889 5732
1694 3032
9564 7166
785 4378
3617 7489
9764 3130
1213 2285
3209 2364
4771 7182
7230 9701
1685 2339
1472 7871
5904 8604
738 3502
4833 1048
7821 334
783 7355
4206 7445
7820 478
4261 3794
789 1018
2429 6199
4323 7730
826 3924
8571 8168
8161 7416
3631 5189
5376 8572
9455 2442
5196 5044
2088 7919
7969 8817
5572 5507
76 8776
2520 2115
6019 7921
817 8389
8976 9091
9733 4673
5760 6093
7147 4565
6457 5175
6717 204
346 8766
2986 4599
209 6595
550 1741
6678 7559
4771 6142
5568 6868
5211 6424
6105 971
3101 2434
7597 9392
5884 6625
1215 5956
9936 2589
9426 1971
1566 8271
1378 9023
1895 537
2612 5543
5528 4067
4097 2266
3101 7970
1241 2239
8921 1607
2112 4527
2361 9163
2767 4366
2335 6107
4187 706
509 441
3053 5802
458 4145
4353 7961
3801 9827
7568 7015
1583 3573
5711 9505
3137 2309
641 9186
2583 5433
2201 4753
7671 9575
2712 5596
8846 3949
2490 4700
7783 3689
147 716
3737 7681
6378 6718
8677 1241
4421 1171
302 6647
2222 4013
4190 7518
3520 60
9142 6241
6303 370
7990 8128
885 5788
1376 723
6406 4392
4279 7014
4097 9965
6299 208
2010 8694
6083 1887
6062 6244
8477 8932
5277 2289
1193 9841
3097 4355
8640 2210
7055 3797
6890 327
5556 5980
9288 9950
3802 2325
9678 2245
2025 1616
8183 8470
8227 7133
1688 8627
6685 4360
4358 2182
744 8327
9571 8916
501 2362
2830 2217
2283 4252
9377 5819
1591 5314
6307 2167
1454 3611
5037 4938
698 5160
7642 207
4872 155
2412 9277
9374 4390
3112 3730
6364 9496
1733 252
5696 301
2866 9034
4890 4317
1607 9220
4542 2954
4760 8468
6921 768
835 5478
4324 2105
2969 1607
2781 2094
2378 3112
5568 1389
3970 3668
2277 2772
1798 1461
4545 3406
6205 7012
2984 2885
3478 9412
7705 1323
8385 1945
3903 3365
9597 4771
1650 8491
1063 3496
5286 2497
2189 7154
90 8149
9113 6264
3784 137
3162 4359
5529 2926
7358 1276
1496 1384
448 5035
1237 9912
348 6953
5038 2294
3118 4219
9197 6386
6101 9380
5928 1430
3660 4509
4466 552
9903 813
4065 3001
1234 3828
7445 5700
7093 652
7645 5686
3818 3493
2564 4450
1482 5039
44 9961
2409 4749
6728 1588
1183 3236
8830 2708
1711 126
4459 8567
7677 9126
552 5873
5119 2828
804 1789
3004 9912
6400 2829
8643 6537
6725 4269
5920 25
2274 2473
2959 5777
1141 8696
2371 4762
4788 7319
8558 9155
7952 663
2171 5436
3753 8970
1761 521
8288 2769
3709 5038
1444 2459
3051 7723
1461 5543
2928 349
3800 7054
4672 3436
4221 9255
9355 9507
698 1346
4072 2735
4085 9059
8711 1157
2458 9502
9606 1366
1549 7808
753 4007
6430 359
8279 9767
3561 4553
2444 3783
1315 8644
7353 7221
5024 393
1082 8205
1509 9912
1745 2674
2561 604
3717 4636
4209 2085
5520 6417
4960 942
3195 3456
7103 9329
3427 3703
367 6373
6738 6455
4321 3851
340 8765
4275 6399
3304 2277
6621 9302
8338 6976
5762 1194
6021 6106
7122 5151
7079 8104
5542 4637
5865 8733
331 3338
9205 7044
895 2241
9762 9665
5471 4196
1204 4157
5479 3559
9684 7584
4626 8444
1535 9815
7317 1754
7052 8888
1632 6599
4554 2247
1091 9092
8496 1705
5708 1530
3699 3041
8322 7744
6777 6675
264 5885
8049 938
8185 9535
8947 392
2518 8516
7897 5888
3268 5313
7317 2899
3927 5286
5987 591
2898 7892
4001 2211
7536 5883
9594 8358
6626 4071
1436 6235
4803 3868
4937 6419
4419 587
9138 3010
4264 872
8842 7126
3425 5779
8165 467
3571 7104
6399 7203
3700 8850
753 1401
711 8789
9467 6131
4456 8280
6037 8178
925 314
4261 6855
9514 3954
4844 4310
9729 1263
9434 1053
7234 449
872 712
2022 7189
7120 1226
7806 3774
299 3876
9359 5985
2045 3084
769 3177
8792 1575
348 6843
23 7275
2476 7812
3363 9955
2812 9626
8921 3761
2385 3206
7774 3678
3557 6278
5942 4364
4975 4757
6462 606
3498 1777
322 713
2069 8198
4427 7798
963 9149
2995 7503
5225 2382
8855 4449
882 5765
1685 7670
6113 35
2968 8355
5971 8615
4661 6688
5434 115
932 9455
6047 7447
4216 1268
2851 6633
1102 5712
3039 6826
5493 6288
2738 8002
6566 3694
807 2874
9547 8840
665 8548
8748 3187
3699 1583
4508 6160
8693 2535
1527 260
8102 4787
6461 2202
993 6648
4129 7480
7961 6082
2533 2719
4661 5477
8869 6483
8215 3649
4581 1171
3833 2910
8213 468
6897 1826
489 8410
1814 4460
1651 6249
9748 5368
35 8256
6862 6031
4871 4030
4965 6565
4491 8220
9345 477
7021 8477
5146 1035
3225 6208
2102 6850
3007 5147
2915 6234
6146 7397
8116 25
3300 8518
5731 4520
8261 8531
136 6689
6576 2557
8563 4700
7989 4206
1044 7689
8032 4696
8556 5702
4828 7716
1326 3493
3914 8267
9613 1259
8727 3152
9031 531
6378 7516
8026 8398
7160 8713
7846 9567
1512 5099
5916 86
1268 7797
548 6805
7560 6659
4512 5373
3366 9977
141 4935
2766 1610
6899 8562
6008 3681
8032 7462
9748 3297
4722 4184
6919 9424
6131 9327
3383 6492
2594 2339
93 1742
2330 6028
1927 149
4349 924
1508 4461
6650 1495
6406 7270
2314 9568
7151 2025
7360 563
2216 7830
9022 1307
2980 3748
3241 8248
2887 2259
8283 7144
8125 569
8142 3891
5073 2728
3818 787
7129 5612
2324 9994
6494 4232
8260 9130
6395 4532
3935 3399
7965 9959
1677 2917
1143 1175
7755 5121
5325 4774
1458 1435
6401 1872
4501 5730
8082 9709
4491 8174
6564 3055
2853 7625
3916 1320
251 9040
603 3650
9582 1778
3654 7421
9432 8578
89 1217
7693 7577
6724 9268
6140 4675
9755 6529
7298 1622
2245 7674
8668 4236
5898 802
5742 4075
1647 8619
8049 1501
2591 8852
4095 4744
279 2706
4564 8565
7512 9458
7487 5860
1975 3797
7608 4730
1361 9664
5330 9727
8112 4706
8236 4899
2467 488
4360 6226
2939 6641
8683 4800
4703 1233
1044 4773
7533 7396
2696 4895
8565 9802
8510 5931
2341 9344
1916 2799
1164 1917
3754 9656
9801 8394
6925 8548
7714 7217
4469 7307
8499 1819
5769 4442
1113 5346
5155 2085
5128 823
1834 3489
9933 9372
746 9995
655 315
4053 4963
1837 7097
8768 4830
3198 371
7546 1061
376 868
9768 6893
7739 6188
50 8594
8315 8989
8411 4503
4396 2875
2298 69
3121 5002
4997 2630
7394 9324
1163 1212
1521 6418
61 6937
2265 8260
8852 9478
1898 2857
164 1976
5283 9066
3590 3649
2079 3002
350 763
7564 8158
5041 7520
4371 2743
9365 7671
2141 3601
9686 9338
9852 7023
5458 5557
3216 2732
6408 4028
6116 8499
6596 3877
331 4037
2622 6118
9673 5617
2891 8944
5354 744
362 315
8792 2080
8737 2495
8471 1688
4966 7949
2095 2689
1833 4520
17 3533
1813 1581
8394 6518
6014 439
575 7946
8050 7836
5850 3474
9004 4928
9961 8232
9626 4463
2142 3568
8610 980
1750 1488
7640 9657
7144 4901
8754 1332
3164 2431
3901 8332
7906 820
8075 7701
6962 719
1145 2866
9727 9253
2557 9545
492 5610
1566 889
4671 7155
1080 6327
4697 5891
6324 3881
6707 2199
8457 5089
6379 3262
2657 287
3879 6346
3991 8327
6509 8454
7850 5402
4836 3273
1643 2523
8459 9563
2395 8392
85 3917
1454 6668
2953 1843
1237 8937
1237 720
1033 8957
989 4563
5300 2776
9396 8627
88 7128
2037 8402
3148 7925
8740 6124
2674 9002
3491 3768
7114 4833
3917 5326
3798 9774
9498 5513
2488 7497
4956 7179
5768 576
9112 4004
3691 2817
3869 6394
6693 49
392 5895
9200 2615
2945 5400
6195 9797
7874 4683
8183 4688
115 7663
9255 1097
9262 8677
7240 8090
4022 8208
6077 3630
2069 1515
6028 8655
908 4243
3987 228
8803 447
8097 614
7492 6782
8880 5769
6622 3038
9099 1850
5319 6134
2438 2036
3113 1216
9704 4813
7032 8860
285 4654
2797 2726
5789 6660
7668 995
4577 2882
8662 7134
8833 6444
1632 8995
8786 7273
9116 1906
4167 1907
5041 2123
7839 6898
1161 9884
1908 5304
9359 7668
5417 6324
3866 5293
3740 9815
7784 2883
3030 4862
9806 8811
8535 9321
5755 3710
940 5459
4372 1504
4960 3726
9327 4497
3578 1418
3540 9134
9416 7340
4558 2130
2964 4331
7257 89
8647 6510
2269 1380
2992 3469
632 4280
387 2255
9797 1240
7133 550
9809 5708
385 5508
639 1311
5278 5023
601 646
7126 5206
2918 6366
4732 7018
25 6410
29 8984
4847 4535
4206 9445
6450 8447
837 2061
2699 8734
3146 9742
5647 3568
1600 8157
7695 1339
761 9222
969 3075
9267 3727
2460 3528
1570 1209
9540 4629
1099 9106
6830 1537
5714 7039
871 6372
2762 1442
7241 8229
3471 9910
1312 721
5058 4178
8974 2497
6260 6532
5511 4987
6443 428
4218 2308
7937 1944
6211 4118
3386 2143
8693 3643
9499 4573
9342 7123
8672 2921
721 5014
3861 7774
9916 661
2233 8437
5628 3864
5671 3723
2960 7744
1257 1384
1218 2667
6817 6333
4605 981
8413 3450
3895 5971
7065 3218
6416 5747
8045 387
7095 9046
8148 3660
9202 5054
4482 5711
7419 1775
3358 3652
3342 3474
2220 2033
5096 8592
3291 8625
4832 9839
1068 2969
1880 6537
7233 9160
4447 2548
871 4188
4894 38
7313 4052
8992 9529
343 208
9567 3486
4151 6095
4214 4762
2711 6806
1882 6245
4950 7023
8103 8634
968 7212
980 1399
7790 88
7463 5265
7611 4023
7578 1597
7911 4451
738 3400
6348 7492
4713 6208
8958 2229
5604 4492
1361 5264
1551 1125
7400 2203
2991 9785
644 3094
1364 6722
4475 3598
2346 8229
5006 9903
9427 176
3253 3819
4851 3755
8411 2201
2472 9510
443 3088
2831 847
9945 6655
1113 5356
8477 1747
8974 4025
8829 8554
2210 4498
4077 4230
3211 7209
5400 1833
7579 2399
2159 6381
445 5029
8388 600
9232 7861
5426 4771
6230 5561
5073 7230
8291 5117
6813 9248
8645 8820
9441 1759
1582 7687
3247 2731
2176 6259
9706 3247
6072 1570
8230 9233
6876 7738
9931 5467
6798 3014
4626 5457
7555 4937
4503 3155
6386 1350
3615 6370
6810 7237
1870 7015
6489 6064
8674 8525
4028 3276
3174 1650
5487 373
1988 3553
3646 5313
5960 7805
8904 8657
8237 2733
6584 7478
7834 9812
5557 3794
6220 4588
6056 460
1018 4567
3549 8665
6823 9672
8752 418
8195 4309
1259 7781
7288 6933
6828 6766
5925 4552
496 8162
6233 7582
5003 4840
3834 9362
9515 6753
5839 3410
9850 4876
6737 3183
7809 7794
9690 8068
2886 1813
6836 8399
2157 6804
2899 3557
7289 8257
3987 6327
8142 3164
9315 6460
232 4904
6919 8573
4996 7284
7279 9635
4968 5989
1403 4303
2503 5919
326 9529
2080 1462
4175 1363
2557 8104
7748 6304
4581 6173
2240 3571
4647 1820
5070 9115
5236 3472
1768 8747
8672 3928
5962 3858
7061 2400
9445 7527
6530 3178
7018 6908
4556 5102
2891 4692
3515 4574
5674 5617
6671 3476
1864 7636
4518 7085
3715 9648
5460 3302
6637 426
5049 1632
1073 9566
5479 8368
7298 5752
1351 434
6768 2752
3132 7736
5845 1949
6305 3732
4393 5787
3994 3872
5746 3779
2027 8797
1473 8097
4511 4240
5012 9078
9113 3169
7329 2081
1223 5360
8904 543
5327 1092
7000 8577
4436 3661
6647 6063
640 1591
5049 2036
8342 6009
2150 2144
5813 1535
4107 8044
6158 8030
9199 7197
2514 8732
9645 6305
5384 5932
2878 9413
5405 4607
7833 8488
3376 4988
9911 9158
3989 7386
3791 1232
4281 6262
8380 1944
2511 1819
2154 8957
2249 4895
870 9465
6528 5580
7762 2860
4721 1204
2375 5746
3781 4515
9578 3182
2408 8630
160 6003
1719 2937
5859 5985
945 8510
5294 4000
6396 4344
8236 2564
2865 9368
749 6040
9913 5193
5738 2711
962 3059
6030 6190
594 3297
4726 3294
9618 3288
3735 5737
4512 6133
4700 6193
2140 3438
5212 4676
4820 8352
2624 3405
6205 409
6131 9788
7333 4062
7771 9827
155 9026
7643 7397
5381 2766
7821 5291
8479 2179
1681 509
1106 2146
7775 5985
7034 4916
2497 8395
5440 444
9236 9526
7076 4405
5243 2390
4761 5699
2592 4917
2337 9697
9901 4769
1467 1839
8159 5205
9433 2180
3628 6099
1459 847
5369 6148
589 745
5766 2825
1492 4287
1400 2677
5014 8213
4223 7849
4983 6609
3494 1866
9319 9732
4783 3693
6420 4963
175 476
5542 2619
768 1687
2087 7801
6252 4032
6945 533
7250 2022
4189 3115
8558 3356
8298 7844
7981 3766
272 1023
4143 197
9395 7857
8318 1055
73 8301
8558 8339
6520 6468
5573 6071
4722 3249
4082 4746
7405 4831
6607 4363
2645 1682
6352 4355
5574 844
2576 4263
8944 4358
851 6043
347 53
5163 8070
9218 969
6934 9283
4243 9195
8623 9094
8172 4345
2451 5054
4753 1171
5062 3370
1867 2191
1716 4092
3840 6002
9548 4600
8128 2305
8390 1061
4503 6126
7114 4432
1692 2245
126 9135
1187 4427
4828 2819
4342 9617
6917 5161
2666 9332
4920 8454
5424 8142
3008 9992
8663 8034
4317 4011
9274 7154
7239 6874
5217 6637
4814 4405
407 6070
8571 4956
181 9255
3285 4866
7758 8575
9133 2320
8163 6525
6781 7709
4014 2947
3227 3598
7607 4339
7232 554
6946 4845
3836 7525
6694 7588
5225 6763
1509 6188
8498 8320
6338 5698
2038 2130
6583 5539
3023 1809
5012 5447
1371 6196
5234 1523
6675 738
4851 7911
4769 8787
5021 4273
2596 7699
2229 576
3136 9185
1778 9605
6579 2174
6566 2154
446 4971
4610 6087
9268 9333
657 4903
2386 242
1978 6207
1392 7457
6196 2444
2730 9446
1700 9414
5373 837
5421 7660
5477 8915
8745 465
1423 1202
675 9618
9612 5075
6460 5392
6592 3115
6683 8804
1233 745
6058 7599
6583 4816
1944 7438
3593 6812
6831 1262
6214 6130
6151 339
2907 3186
5731 7695
9282 2183
4023 750
5213 3178
6557 7833
2532 8842
6163 2994
5087 4235
9546 7330
3526 108
9751 7106
9882 7822
1615 4441
9820 6450
9168 987
1687 8142
4081 9937
6911 8844
3899 9675
7349 4700
521 537
1648 3146
8427 9049
7168 9389
5320 5468
8863 5348
9286 2039
4681 3994
906 8270
836 9137
5505 2730
8389 52
9067 1481
2621 8723
2191 1488
9149 1574
3360 6552
7610 8444
5201 2959
8916 9718
1715 5601
9827 9730
5522 3340
5736 1459
2340 8578
8216 3650
8501 5710
3758 6227
1015 7499
8709 2396
218 3962
3550 268
3032 250
5048 4583
1345 5602
6418 2442
593 4529
749 2619
7411 3669
5788 1908
3043 1706
3479 9144
6637 987
3686 945
2894 3022
9919 5993
5110 4066
3757 5924
7986 6956
2290 8219
9736 765
8629 7459
5445 1825
4636 8100
2334 6586
556 3383
630 1103
7409 2859
1811 6747
2723 1029
8393 1029
1577 8421
6848 486
6871 454
3295 6970
1512 5281
5948 6946
5403 9142
3918 6880
4789 6269
2079 7025
7581 1903
4060 1490
7637 7812
6984 678
9567 9832
3761 1168
1822 2786
9448 914
9205 4416
7006 3591
9917 9343
8255 8666
624 4858
1132 2561
2338 7233
8975 7896
8479 6663
9964 5355
9856 106
1583 1311
930 9117
8198 1606
8617 3487
5328 294
3923 8823
9418 5068
2479 2449
2821 2118
3892 3287
2942 80
6744 4171
83 4791
8638 2331
588 6048
4686 4250
7309 6996
6856 351
9404 6866
3036 365
9265 7250
2259 9898
1704 6323
5294 3499
9955 7750
7221 8548
2955 8800
9117 3777
5921 2835
2428 9489
8968 1735
1147 9318
2930 1311
1280 1731
1696 4186
2694 2853
7441 1179
688 8493
8331 8628
1535 6468
4436 2878
3855 5081
6550 9757
6347 9181
4691 3477
941 7010
4151 6491
6713 361
6990 1441
2819 2096
2018 4606
4293 421
764 6588
7227 2163
1226 2491
5514 7589
2583 5518
5645 4818
4812 9432
5506 2333
1624 1712
9171 6564
9065 4221
7919 8563
9028 3309
6937 5348
6336 7269
9657 4989
5919 1916
8218 288
1777 6443
8589 6043
2625 6496
5915 3890
8336 6132
1485 6131
8688 9580
2868 9080
7445 186
6883 20
6647 9710
7352 6765
154 7742
3678 8995
8490 5707
4601 3597
1558 4682
453 7896
2565 1649
9033 126
67 4607
8861 5921
9409 9021
5639 4058
1107 6023
7391 2663
9923 533
2892 8916
4054 50
3210 4506
2928 1005
8818 2444
3086 431
1321 2227
6780 5812
3060 146
2733 7818
7747 3187
757 3441
2587 8499
9143 3851
6200 8672
6056 2449
5397 5003
2791 1306
5446 8392
7815 1848
5815 2329
4694 1808
3338 2145
9172 6978
1667 7970
1281 8540
2871 7003
3150 9661
6727 4083
1718 3447
3644 5421
4707 2918
5952 2085
9694 2896
156 5427
5393 4239
3835 115
6765 2857
6137 4100
5899 9997
1850 5701
2772 3714
8040 1798
5024 3414
263 9081
7146 9745
8599 5499
169 6330
2628 7325
2601 5533
7149 2240
112 4606
4611 9811
6131 453
85 3782
8348 1132
7618 603
5148 3360
7857 2308
7737 3838
9919 8887
5089 1227
8186 3794
5257 8488
8326 1976
8684 4367
6677 2916
246 6154
1999 4413
1959 6165
7882 9041
2292 943
7317 5823
659 2187
5633 7735
6171 1241
7288 8033
9119 6055
1156 1712
3623 254
6767 9400
2414 204
902 7389
7102 2507
308 1296
4958 4082
617 5114
7192 8861
7283 4340
3952 583
9748 269
7293 3379
2842 3044
273 6312
1856 9450
9271 1183
7140 2919
2737 2506
3873 5589
7349 6928
6893 9963
8185 9867
8864 8987
1613 4313
4142 1067
2451 9030
2915 5454
8412 6087
1889 2663
7677 7939
6249 8927
9127 3117
5818 7345
3352 9872
9810 1398
6519 9778
4517 528
3810 2225
8593 9919
4078 3346
6025 7796
2805 8098
2708 8061
5237 5354
5100 2563
4710 8724
3842 7991
3544 308
2990 5742
8895 6618
5704 4192
7421 8483
2958 5563
9514 6360
8067 8336
1557 7647
9155 4423
1055 5867
5805 1753
7648 5961
7952 7537
479 4614
3746 8993
2851 2588
5660 5841
1097 2575
1829 9381
5759 5193
351 1573
2780 1195
2900 1867
8921 6347
9822 9646
4305 3517
2887 7958
1983 4384
8899 4220
6352 9081
2787 9731
7512 602
7197 5384
4509 9682
4251 5883
4222 4518
3010 9580
1800 3508
6699 911
751 8350
6115 3569
6563 4538
1468 6711
1378 1438
9670 7333
6831 5410
7853 4252
6322 3494
3961 4246
259 9351
5988 5001
8714 423
6011 9632
4592 269
1730 7022
4495 3724
272 1591
1296 2341
2311 7786
26 9775
7245 3301
272 656
8547 1351
1299 930
2550 4829
1150 2897
2983 3928
5768 9345
1175 3081
852 1483
2591 8159
9396 6705
6255 8222
9229 4735
8995 6087
4289 8748
2926 9199
1702 3285
8256 377
1285 4265
6423 3566
8709 6209
1170 312
1158 2802
1198 3948
8468 2097
1640 4324
2401 5763
7370 5285
4400 4331
28 6716
9412 1378
1974 6821
3072 7847
8790 1762
7151 7836
6307 8039
3724 7348
1003 9690
6905 6385
3982 6000
3202 664
2720 9766
898 3557
2176 3134
8906 462
1190 425
4496 1220
6412 5098
9076 7411
6895 9541
3421 8969
6903 119
5814 7951
6731 6422
4013 9950
1745 1760
1971 2328
7214 2578
426 6819
5192 2260
4194 4303
696 2620
4553 8621
8083 6015
9996 3852
9968 1576
6471 2094
8674 2478
8085 3151
6442 3712
1060 2429
2854 8581
6508 3876
6863 9692
6478 9859
1901 3358
8651 3923
8205 999
5700 9482
2114 6893
2424 398
1531 9070
8631 3753
8335 7864
1257 4884
1501 4987
3803 2954
6439 4191
2333 6124
2258 8870
9649 6839
7571 9050
6672 5951
3584 5795
7013 9623
2592 6308
4110 9355
6668 9584
7485 5046
3477 977
4232 8461
6228 1810
1890 1642
2657 1825
7323 6298
1409 5087
2729 5808
244 6602
843 1950
4380 4000
5525 4407
3829 9824
5378 4869
1538 8173
3640 8767
1720 3773
6280 2344
410 7708
9652 4894
8023 9934
2991 5550
22 2504
9520 6792
77 7056
613 1341
2754 8588
4636 6339
4189 789
5535 2610
5805 1945
3458 5302
1051 5808
867 2577
2822 5169
2319 3921
2220 5811
8596 8535
4575 9646
2625 6048
749 9411
6251 9325
9761 2444
31 560
4711 2222
1194 2260
7847 3477
6510 5244
7532 228
2431 9752
5384 3428
7394 6856
2552 557
1488 4421
296 604
8423 5440
369 3613
8319 7517
4907 426
1559 2699
9891 4630
2823 3435
2044 5116
1983 6647
4470 1734
6310 2908
6429 5775
9509 2806
707 7065
7683 3441
7474 9318
4466 6248
2475 1464
53 386
1457 8689
9581 2253
7565 7806
6421 9761
4621 7516
8485 7119
558 7521
2181 8520
3781 5992
3948 6505
456 5510
6897 1351
6474 3756
525 4728
470 8292
7236 9703
8096 1283
3363 7354
8999 633
9828 4511
5151 4856
1405 7756
982 3901
9802 2202
9407 151
5656 5465
135 1818
8040 731
4212 3977
3712 2543
8559 5020
143 9677
6726 4839
4276 3660
7686 3614
5539 8330
5761 531
4503 2038
8586 3882
9487 1046
9037 2397
8104 2750
5319 4467
2329 4232
7506 1417
8584 3531
733 6463
6711 7296
5072 9550
2271 1462
1717 2503
7022 7594
3611 1536
5208 9928
4883 2055
2635 6373
435 7121
9350 2598
6940 7006
6541 1082
6053 7303
7842 2936
2661 1370
9272 5807
8508 7557
6867 5101
6197 705
7225 3684
2704 6840
1473 8692
9748 3605
824 3388
5317 1757
7624 8856
1633 6408
1158 1673
804 1785
4779 1929
3373 915
4562 1013
1459 8271
8194 8149
5576 5135
4653 4717
4508 6464
9772 2036
38 6922
2757 6359
6974 3713
1951 6220
973 2935
5876 6792
396 4849
3099 6325
2004 2507
7099 4186
713 5994
1925 3187
3887 7220
1689 5640
214 4869
3685 695
4929 6976
1075 5650
7370 6359
8503 7901
3560 9765
6173 5418
1416 9697
2442 4375
1371 6650
7250 4471
3157 4998
4124 8447
3525 2882
8602 7813
5065 4311
9874 5718
1072 802
2518 7113
3367 7837
2498 4258
3763 545
7630 2718
8377 4342
2522 5812
1114 4844
8533 3471
2327 821
7589 1395
5352 5354
9452 7783
812 7184
5926 3706
1976 7557
7756 2725
1934 3515
3645 6784
448 5806
7121 2127
7634 7314
3881 9176
111 962
9955 9258
3040 469
9168 3299
3290 3368
4913 9101
9408 5694
5578 8250
5547 745
6395 9352
5597 9505
8310 9864
4540 9015
10000 7573
9926 7526
1530 7052
716 1615
4843 1948
3834 1115
8908 1291
6992 2082
2699 7398
2142 2188
9578 3619
4661 1753
9668 1049
6307 3813
3957 2104
3289 1602
3675 9158
231 1274
7488 1851
3437 2483
4471 455
3039 2565
3505 8832
1257 3572
9693 7115
3370 5730
1903 4697
8093 9300
5072 2040
4684 2832
8035 2652
4245 8396
8864 1754
9838 5232
8997 1521
2467 6591
2168 2790
4855 2070
8383 5227
5394 2775
885 4521
9968 3423
6320 3267
6667 2005
2931 6855
6334 8115
388 5301
6733 8113
62 1965
3901 3246
5569 7589
2516 4468
608 8094
7399 4152
5920 2373
4140 5379
4190 2281
8999 5407
9303 3611
9884 1457
3568 4548
1382 9874
8706 9289
2899 7926
1799 1129
4400 443
8096 8271
1968 5841
1181 5840
9975 6531
3040 620
6272 67
2164 5549
2070 8556
5811 8860
6938 6534
446 8678
4947 8872
6664 4163
6261 3498
9707 6773
8000 7140
6388 5841
305 850
1201 7799
5635 6835
3407 7411
1449 7789
7982 2681
9782 1650
9735 5117
7028 6649
5293 6053
8100 7775
9549 965
4352 6849
487 3053
5928 8811
7704 2973
77 6290
9207 3147
3128 8227
379 8694
2601 6459
9077 4181
7949 5418
315 9042
4487 5811
2936 1108
482 6487
3550 9451
8376 9190
2093 1820
8702 2697
5677 8316
7715 775
8141 9067
5389 6215
4805 4046
9199 5209
7820 9244
5638 7520
9037 6595
6296 6250
6669 5776
8485 4843
6833 5284
1604 5868
5582 3772
9419 9441
6443 884
7871 4863
8529 6988
8623 852
6676 6486
347 32
6350 4280
9980 8742
1029 2638
2018 8093
3605 6369
9999 5218
3127 4709
1460 2252
1894 827
8624 6826
2882 9979
1659 5177
9339 9584
3365 8397
862 6950
2354 4858
8733 6835
1552 1990
4207 915
9495 5516
735 1260
8713 9897
779 5375
329 8840
2655 827
149 9496
8672 8812
3878 3036
3350 276
8734 1979
3043 9402
1395 9394
2657 9615
9723 8113
3539 1771
3938 6082
4468 6934
4444 7773
7677 8628
1365 1639
1387 4525
8894 7424
4076 2078
3284 9699
4570 4964
8782 9323
4262 557
7688 2654
5248 9159
5411 9871
4275 9715
8548 6942
3785 2753
7178 9076
8474 1995
4079 7669
1148 4450
4025 5159
8836 6655
515 4070
8010 5483
821 8269
1821 9911
3515 8146
5105 9464
2079 1902
1274 5154
9935 7237
6097 4728
1289 3446
2548 6687
4232 3534
817 1902
9642 4420
1690 9138
5037 9133
8812 7957
9769 9815
2406 9222
1895 390
6404 5035
7729 978
6563 4887
2363 7597
9306 4714
409 4177
8230 4655
6330 6008
3324 8852
3909 3918
5036 9839
2586 3877
9437 6732
8177 4582
2238 1531
3460 581
4675 5802
3240 5626
911 4544
8237 8204
5846 1596
8232 8457
5873 4006
1517 1514
3072 98
9977 1792
7094 1009
118 9917
1049 928
5194 3931
9092 3753
9509 8327
4185 5053
5061 5663
5813 8772
8084 7552
7019 8186
6312 3922
5341 7520
5543 9542
8035 5563
563 6835
8240 2780
5852 2906
4560 2107
3162 8500
8424 2559
5592 7774
976 4526
2156 1038
9731 8893
3680 2653
3444 2940
1170 1741
5241 15
3541 2729
8233 9823
653 5352
1642 6414
6652 9785
8196 4802
517 6312
1839 5853
6621 6291
8244 8917
7700 766
722 5814
3276 9581
9555 1514
7385 9452
2410 5196
7836 9695
8853 9245
4072 7585
6260 4190
2502 5214
6582 3474
6864 7663
7661 722
9984 2980
1076 824
7763 6057
2748 8006
5631 7576
9135 2664
3496 8880
8772 4448
1327 1721
4763 2988
8788 40
2508 8921
6966 3956
7772 7376
2519 5588
135 4136
8056 5499
4322 9506
6246 9781
5307 6648
3426 6189
2782 3861
4041 3350
1263 9401
515 8095
6225 3668
8109 6973
5412 7360
9371 5813
3379 3476
2446 2303
5350 7803
1763 734
8995 8787
7964 2000
9289 8177
4704 1053
2342 7130
8587 355
263 5810
671 9130
7917 3341
1744 9223
1357 1274
9347 4221
3513 8837
2561 2096
6061 9321
5072 3639
404 4244
2419 1026
9350 718
9291 2298
7173 5001
5626 6137
9600 488
2664 992
181 3374
4434 1572
2052 5290
4778 1734
4219 9217
5251 2309
5011 7962
9259 1489
85 662
5760 7921
7778 122
4026 1415
31 5050
9965 8420
2398 4273
9420 9270
8763 5667
5879 8435
9853 7813
8745 8909
3411 8442
7955 6431
1963 4859
9773 1883
4988 37
784 3952
9177 7184
9416 5309
6004 3136
3626 8519
413 3207
3801 1476
3306 6159
9174 8413
7082 3341
8319 2731
9867 5081
8599 389
5122 4804
5926 472
6254 2931
4141 702
1482 7237
3453 7888
7943 304
8108 2833
2186 8226
7900 1647
5280 5710
9420 9861
7656 7543
613 7005
6092 5570
9387 5440
8224 4684
4501 9635
852 3304
8081 3041
1747 1030
1324 6834
6731 3581
8879 2611
1091 8204
1151 4792
6520 320
256 1524
3264 5372
5808 7322
687 9917
1608 2063
3698 4609
6933 1389
6480 5114
8732 8474
5782 5605
3962 1995
3535 8349
2755 3452
7836 1108
4872 5149
9040 1205
6988 8711
9392 7168
9887 4747
6446 3087
5963 1177
5306 1297
8340 72
4526 7161
2885 712
1714 9614
9284 9823
6064 2038
6043 9494
9483 7991
46 1243
486 9704
2183 1949
2144 4418
130 2346
4948 6217
2777 9552
3616 2377
1117 6654
626 2109
6295 4625
4134 7322
9440 4094
6193 9382
9125 6938
4326 495
3403 4570
768 8374
7851 6532
878 9788
1521 6035
5463 7711
4864 1802
8236 9685
8375 6957
1229 4900
4304 1033
8551 3190
2169 3617
1442 2742
5971 3762
9254 9650
2546 6563
7350 703
9311 8656
5239 3136
9364 7243
879 5872
535 3737
5786 3827
700 7334
224 2790
2980 3085
1216 4331
2670 3995
3813 5630
6720 5235
4729 4805
2945 8338
8432 9795
8676 2310
2115 6035
744 1610
8983 413
2450 8072
176 5551
2217 8005
6362 80
3896 7524
384 5658
7484 6801
1197 6722
1906 3106
3955 6232
5903 455
1039 7424
3385 3296
8721 9311
9019 3545
5401 6895
2624 1182
8325 8651
5777 5773
884 468
9583 2429
1540 7606
4293 4350
1395 126
8611 3783
2267 5060
2965 3232
8661 1548
2636 7560
5846 2459
1545 3268
1311 7907
6073 1125
6022 2080
1296 8169
3317 8850
7801 6618
7220 4985
8601 8274
7908 3259
3704 1420
4062 8105
3536 885
2768 1245
895 4061
8791 2931
3615 7221
5282 5847
2128 4768
9538 1456
5579 2613
3115 1289
6419 5016
6659 9957
6855 2582
6453 5855
1442 3437
9229 4056
5805 2324
3910 5994
783 4303
9822 8159
7098 6908
9893 6842
5468 4172
6221 7913
2502 5072
5257 5234
3228 6715
1375 672
4863 6537
8600 4583
9912 2488
1531 683
2125 4582
3660 7925
8525 6057
563 6946
5323 2925
5847 7829
5031 1234
453 444
1084 3267
1861 3348
9954 4027
7146 2534
6389 3795
299 2404
8793 6772
5164 7209
3625 9532
4137 1702
4256 6113
8560 737
6560 3968
1721 2478
5995 2467
1528 9338
174 9472
9502 5926
4275 3139
3349 1886
3776 3962
4135 6325
1477 6996
9163 899
3310 9751
4264 3116
7218 3006
7262 2691
8972 2755
4493 141
2943 9075
2943 4072
4830 9202
5887 5918
8671 3226
4503 7845
5294 9801
7804 5655
4479 4040
477 9916
9603 6943
5285 9217
6760 199
2953 3120
5566 3209
628 8585
7555 5296
3650 2225
3060 4427
2270 2588
2383 4882
8921 6656
4359 7200
3933 4545
4426 2774
5340 5953
8004 1389
2818 4369
2582 7183
1968 1446
2191 4017
346 652
4458 5776
5857 6261
976 7510
9348 8581
9289 7794
24 9460
2843 3510
109 1749
1955 7593
3685 9809
4621 2332
8262 2478
1320 534
5919 3264
4633 5693
7199 7601
1124 7502
7447 782
1746 200
7856 669
9971 8201
5032 4325
7055 7208
6456 4164
2268 1433
4644 6033
4113 1304
5224 6344
5186 4402
4083 1317
2773 3545
6409 846
3088 9138
1149 8183
3822 2054
8552 9708
9316 1814
5082 4955
2933 5366
1066 9631
8708 3642
3978 7205
8682 1477
5012 836
3828 1943
1250 2597
2743 6945
383 5637
7735 7240
7115 7456
5013 8050
8454 5541
6158 9828
2336 1324
7921 6052
8191 6727
816 595
7924 9519
2772 1544
4433 8262
6051 267
6861 6926
1590 2816
1847 6605
5456 2794
574 9491
724 1621
2617 3490
6373 9856
1095 4623
8537 2392
3326 2928
2655 7417
6195 4975
3978 9086
1298 5320
2059 6631
5421 4515
6182 7474
229 9944
3353 5339
5770 7508
5350 6748
7702 6380
2104 2607
7526 3418
3739 1839
5514 6306
9917 4012
3683 1156
7336 972
2601 4497
3955 9057
9343 8162
5144 8054
8975 9548
7827 4486
1774 5308
878 8046
6071 9613
752 2684
1452 919
9727 1974
3472 1980
2147 5867
9207 8843
4592 1610
8815 1766
1610 9594
4836 2113
5946 6615
2134 7403
3833 8050
7837 5274
8209 6737
2400 1665
3001 6156
4973 8207
5041 6118
2569 4098
423 9295
2530 1437
1776 7393
1211 4841
3518 650
8574 1672
3362 2797
8810 1857
7782 3111
4239 219
8335 8013
809 2029
8847 8217
5277 7186
2857 8328
3676 6648
3343 8499
5210 3885
3564 7081
7924 4785
4289 8097
7751 5200
936 6236
5800 7070
3453 8136
9131 8961
627 8941
9055 7945
9948 8668
5657 7314
6102 4666
6992 8648
1798 6096
8273 9239
7597 8658
4590 9621
4771 5987
9608 1908
2809 8854
8050 7619
9394 1300
3331 1703
8664 9021
1728 9636
6789 5304
4264 8500
4817 437
7875 9927
3653 173
4900 3082
7578 5763
1610 5725
1622 6235
180 9588
9255 5087
2540 6237
4573 2270
3546 2901
4618 3310
5833 6970
9517 2340
5026 8293
3651 8457
4240 8082
7059 2967
2201 2549
3334 5150
3898 6431
8587 3348
780 6397
4570 6325
688 5046
8700 3094
2195 2733
4318 9549
1889 1521
4060 3791
7041 9229
8891 5829
4313 2784
7438 7022
3702 242
7350 9039
7781 8308
1056 5110
5736 2597
2484 6977
6464 6446
2803 1943
3799 5454
734 5759
2171 7088
4868 4377
3370 9197
8594 3496
5349 2007
5387 58
1548 6076
9257 2037
9854 7295
4023 9471
221 5081
1638 4859
2209 6374
8596 8994
8676 5826
6389 8293
1881 3010
5228 6280
1995 7248
3301 4490
3380 5515
8052 9303
8382 6938
5151 7803
1017 7804
2255 6649
7590 1770
7609 2144
9735 466
7731 303
1064 3488
9795 849
9971 1082
2440 1796
9782 2647
1357 6901
664 7330
5485 6528
3227 9332
5008 3259
414 5215
5401 6933
8763 9872
475 5203
3281 7138
7189 107
7023 3722
1602 9755
7238 465
7384 4314
668 3855
1489 3252
3863 3290
4737 1626
2927 7806
2736 9463
9381 8595
7452 5331
5858 9807
6994 7312
531 6452
4416 3374
5845 2745
9310 1194
4471 4579
8605 2931
2867 2270
7087 3776
1159 1021
2846 6353
8908 121
8725 5339
5732 4440
9117 7279
5598 8719
1062 2935
9842 9277
9242 348
6197 6248
2857 9453
2733 3507
5960 9646
5989 391
6122 9203
7056 2441
555 9125
4067 3962
1374 5317
5487 7379
4846 7206
254 6645
3544 2464
8050 1828
9385 5367
3761 8442
1078 3224
8623 8714
413 7668
2829 7211
1846 966
6152 6951
2439 4800
1715 507
6366 8814
767 8031
1439 8389
5156 8277
1167 3132
3618 4380
9768 6660
7284 9929
2335 4218
8771 6607
1789 4606
4468 4930
5826 2848
8608 6339
2312 8119
1940 466
2529 4756
1172 7510
9385 6197
6462 3942
3021 8233
3508 1724
589 9831
6301 1792
8122 7370
3961 3397
7755 1624
3104 8652
5820 2829
1221 3253
6875 108
4481 1413
7995 7484
7627 6753
6722 4199
2531 4176
4439 6141
4885 8381
4319 1115
2961 1374
8248 4059
7307 9922
673 952
5602 4832
3743 4020
3460 2487
8844 1228
3964 5964
3496 1084
946 9180
1404 2971
4698 6976
2131 5878
611 5893
847 7451
6599 3674
3966 7178
7070 7456
8553 6358
9666 4252
8740 4970
4683 3812
5613 9494
2601 8014
3505 8907
7137 3170
8464 5901
9268 4988
3351 3845
3769 8351
5188 6404
2391 5135
7831 8314
5896 2606
4808 3605
5128 1564
4092 6145
3981 9598
1719 1842
6204 3250
2912 6576
3115 5695
4196 3502
4581 9048
2462 3724
7537 9642
1542 3040
8794 8843
1364 7573
29 1923
2239 9895
5522 3270
4146 7059
7710 9913
3565 2783
3360 2215
4160 9152
4314 8051
1589 1796
7509 2984
336 4678
9361 7602
3643 9782
4099 9972
6813 194
5658 1870
8415 8912
4472 1604
1117 3469
8226 5307
1698 1251
9547 5459
6635 2461
7705 1704
8876 1410
7500 1862
8744 9859
5957 5713
2686 5562
7743 6472
4289 198
3811 4033
5526 4490
1751 7188
4912 5519
7747 8330
2716 5028
9662 9879
4658 4471
2902 6690
6388 6884
8300 5239
8080 847
8785 5841
4317 2468
7984 9172
3936 5603
590 2197
7612 4057
5320 9062
7651 1525
8605 558
5663 276
1146 1393
9844 5587
6634 7476
7824 1391
6806 6853
5262 8950
6535 2259
7691 9075
1741 2761
3838 2598
2112 8745
7368 3645
9720 4270
5659 2219
341 8860
310 5351
5788 7998
9428 3079
301 4995
2252 7935
9267 7250
1521 2147
5144 1904
450 112
3980 8973
2461 7979
1566 3074
8660 1887
9082 4537
5584 4210
8094 4411
3709 2819
875 841
4582 5941
9483 7950
6646 5232
9144 9934
3427 9061
7957 9360
1679 6266
6044 7870
8867 2269
2126 8809
3871 3333
6886 2471
2347 9838
7385 1300
1193 9142
4631 216
8766 7076
5457 2741
8971 4318
9280 7806
4995 2734
3851 5689
486 7550
609 5090
7165 3740
6878 7275
361 7719
8357 9876
6844 8018
4082 1589
5907 8870
7348 6749
2626 975
9116 3618
9484 687
8261 8960
8597 637
9529 4397
5467 5453
2880 8455
5366 8939
9577 1039
8287 766
6960 4935
9493 3190
9766 46
9456 8475
5936 3361
3711 9483
459 8662
6532 7036
9243 1376
3662 2233
2034 8495
6927 4804
8587 8951
7948 539
2226 6692
4817 7524
4982 8057
9055 9838
3502 9557
1604 7941
314 4776
8529 4423
1750 7136
1562 7232
301 2310
2651 4100
5994 7825
4548 3170
5756 5394
6491 689
4798 5290
1223 5602
3908 2241
9552 2710
1776 9743
1295 3652
8713 6002
3494 2663
6081 7026
1537 578
317 9870
9005 2337
8114 8033
237 2653
6898 6617
7284 1195
9587 21
9119 5584
7885 6426
6428 2482
1294 4519
9125 4922
9101 6509
3548 5209
6238 5441
9675 1052
3321 8693
4282 2701
515 9862
5923 760
1756 9733
6569 1828
2120 9668
4885 2966
4751 3335
4593 5201
9534 4920
6825 5168
22 5512
6932 9770
4518 860
3366 5178
7184 7352
2894 9160
4664 2295
1317 6341
490 2628
5899 2064
841 5590
9966 5491
1919 1210
2773 1247
1382 6373
9039 9118
6205 7091
8537 8170
7040 3382
3999 4705
4911 7921
9312 7300
7784 5987
9353 2897
4920 5197
5897 124
9901 6036
9487 5049
5730 8621
7499 4673
7593 6349
8895 5456
5298 2142
2605 7447
882 2913
9888 7512
7767 4755
5373 3756
8165 6527
505 3249
2994 8297
8966 2611
7519 6543
1667 3401
9659 2402
9165 4168
8159 959
2090 2561
8643 995
2619 6155
205 4858
4037 3888
9261 7426
3171 9414
9363 2707
7004 625
2933 7398
9270 418
432 9369
4969 9811
4044 9836
7098 7672
7232 4766
5354 8993
976 8663
2057 3136
5790 5327
3331 2060
9056 6189
6988 1860
298 4299
3907 6763
1572 4918
535 9457
4159 5438
8724 1692
6198 8268
5463 7708
4534 2151
1450 525
7895 1609
9042 8887
5628 3716
5643 6667
8999 8103
201 3198
8856 2711
6265 4424
396 224
2104 412
7326 7079
9096 8764
9102 7267
4488 7644
360 9080
8189 1888
2959 5998
2541 1524
8719 6154
674 6976
3734 5806
802 9800
5241 7918
770 5411
4112 4073
7057 4641
378 1244
1071 7610
7203 4722
4176 1298
3188 9209
1224 1239
6211 4254
999 5086
764 4509
6232 6970
5687 5321
6114 2160
1036 710
5767 1983
6168 6671
570 1195
6877 8889
1534 5636
3493 499
1332 1529
1988 9295
9706 599
9343 4388
4606 1272
2348 7736
3660 8479
6904 4159
1757 1489
5496 795
3761 3691
5723 4532
3921 2526
8899 9579
7894 5619
2228 3128
3595 653
5237 807
4771 6579
1688 879
7272 2195
6479 7259
2288 1040
3519 3293
239 8373
4644 8375
1105 4170
9862 3529
3767 3308
9236 4122
7033 1680
8380 9993
1404 9568
1244 2519
3338 7504
1888 5106
3226 6347
5861 1313
3580 8017
3685 146
8488 3247
7739 4144
3692 8014
9637 4380
696 6820
3772 4126
9598 7656
7740 553
8186 5746
1399 746
1516 1255
2391 9189
3935 4801
2712 1235
8112 677
9364 8317
8486 2034
569 3429
8035 1852
6536 9330
5935 669
6823 8645
2317 8531
684 5787
4629 2949
2134 6639
1048 9970
2019 4089
4262 7482
7168 5706
7705 8734
9879 8012
3591 4726
2359 492
3054 7933
5184 4021
2961 661
8037 2627
5195 126
8429 2584
2824 1168
1975 589
6343 6775
2400 2671
5119 6102
5762 6806
2658 9256
6323 1842
1269 5243
7758 652
9354 2944
5840 1938
8452 156
1950 3630
7162 1476
5654 3874
3761 5448
7194 6509
4582 2214
5187 4655
6770 5563
7237 6762
5614 4812
5485 5276
108 6961
3200 3641
3957 8690
1131 1103
5452 2875
2816 7402
2090 2268
3089 8173
6929 2101
1541 1170
9684 3833
1099 95
5024 8285
7426 7766
1129 6036
4144 9775
5184 8542
2817 855
2460 4482
5407 2393
1291 9736
5403 4759
5549 7421
23 4033
1132 5355
4545 6356
1394 2273
800 4779
6545 8231
1270 864
9789 4354
1299 7259
7553 4128
4294 1215
8240 2144
7585 1968
6099 4467
3926 2392
4595 4948
5602 778
9264 8216
6568 809
7020 3060
9889 5308
7007 630
5610 3414
8196 7940
4208 2017
8670 3701
9348 1360
1939 8119
585 845
4444 557
2844 8133
1742 1497
4813 4351
1105 6199
8006 7668
7039 5083
3321 6997
9703 1883
269 5538
4729 2474
3450 1989
3653 518
7517 9178
7030 5238
6266 9343
4468 5095
4615 144
4051 425
3142 1662
4577 4764
7546 8177
668 2958
2988 9551
8119 3320
9615 6367
1158 4654
6933 495
97 1453
6829 9615
8290 9777
1540 2547
6529 5607
2160 2836
5843 1390
4384 4424
1456 4007
3228 6304
7493 3861
1297 6122
9743 162
4773 698
429 1126
9307 8987
7679 6891
8145 8608
7448 2734
4145 2363
167 9639
9546 7885
6165 6425
6483 2155
1220 2134
6162 7109
9764 2585
8482 9900
4022 564
4714 9822
6366 4923
6498 9943
4546 3933
3559 7691
6023 1168
277 2251
2959 6443
2083 8966
2245 7994
1028 6239
1064 2291
7820 8460
5886 6502
8060 402
4258 4947
7670 7768
3221 2623
1825 2122
2907 8974
4641 6047
5850 4793
3440 333
3129 5316
5401 5143
9753 7023
2089 9843
8886 6689
8839 4901
7210 6646
3568 9810
5527 2021
7976 8419
4634 400
8589 2646
3915 5205
6397 9169
6791 3699
9114 4441
5703 3116
2894 7080
7056 5730
9361 4097
3210 7010
6734 5804
2199 3488
5270 5471
9346 5836
4218 3337
202 4129
5421 5491
3058 5378
9447 6383
7897 742
6981 5389
3921 3507
8204 6278
2674 1014
4591 3766
1572 2757
3077 8224
6946 3586
5972 6299
4626 200
6767 2065
4059 7368
8628 738
1398 727
9910 7998
2413 7070
4315 9570
834 3781
3758 5680
3508 1771
6119 5307
6225 552
9542 9378
4458 1330
3906 69
1478 2576
9727 1602
2885 4716
5267 6412
6163 1490
178 3312
3133 1333
4401 5379
2327 4370
5277 939
7791 8516
3020 414
2618 7937
923 5044
9691 3935
8548 973
6893 8832
8759 1320
993 9609
2329 3029
3995 6378
9602 916
8804 356
5711 2334
9190 9722
394 8618
5562 6154
2901 4187
3634 6697
9938 6559
370 9435
3141 5782
3308 2514
7242 4911
5088 8631
2944 5241
6104 411
1554 672
5644 4919
6933 4647
9948 6288
4180 7902
5158 3641
6701 2801
2335 6839
822 4595
2006 4837
709 7518
3054 7598
3579 1154
3419 8486
4833 4779
1624 3176
9008 4669
9955 3264
6872 3779
9685 804
5786 9814
2983 3414
7538 3906
6051 2042
5839 7922
4491 8107
9905 9905
9097 1774
9393 5227
6595 5511
4897 4505
712 8649
9036 1394
8825 6316
5959 7741
7317 4565
8777 5991
4176 9143
4911 2612
4511 4084
5829 4568
9126 3598
2394 8228
5060 4308
8332 1583
8510 9416
2158 2571
3403 2955
6343 2960
2688 3168
9071 8841
9077 7723
5642 7893
2148 7591
9773 8016
3756 1587
1159 2612
1277 1362
569 7430
9219 1399
1833 6101
6942 7775
7185 8384
7628 967
5475 7534
2042 8940
3538 2052
7615 9866
5267 2897
7288 5951
7839 9787
1325 2320
3333 2338
132 9259
6642 6946
8547 6234
3421 1284
8903 603
7149 3329
3569 2001
4078 7542
2243 8359
7248 2745
8222 5252
8664 9060
9346 6261
5650 4403
7330 3578
5759 2774
7842 8670
5178 8112
2016 5956
852 6842
620 5633
5806 2584
7331 2139
8809 1422
5813 2104
583 7354
5997 737
4666 6394
9965 3859
327 9497
4745 8871
9010 7191
804 6074
4342 1497
4717 3696
8358 9204
8391 9089
85 455
7767 1484
7293 9272
9058 9541
972 3216
3638 8130
9705 644
1479 3908
8830 8797
8146 1307
2078 484
8445 596
9864 5300
7335 7532
4982 3139
6528 5501
8922 2140
3037 8048
6007 6396
4078 7983
4573 6296
6132 265
4540 9544
462 1536
9868 4624
4527 2812
3937 707
2947 7307
2063 746
9205 6837
8047 5632
1452 7234
424 550
2230 7116
9984 1517
9035 9088
6433 3066
9578 7908
3587 4982
5749 499
433 2548
8823 4634
543 9384
9002 4922
5481 3389
284 1555
2563 8178
1168 229
9017 283
5729 5218
2566 3560
8500 8936
9815 2350
8730 27
7534 2874
2291 688
417 2335
4959 8465
9199 1586
3033 9784
172 8916
7338 8231
2441 8017
2437 1590
4570 4988
4845 2097
5058 258
1163 5046
7437 863
8391 8822
8028 4954
2598 4884
4555 9090
3009 9044
9545 9359
3900 1375
2480 5718
8165 1649
8703 4860
1761 5363
4211 3962
6577 4632
5891 8305
655 5791
871 5953
6841 453
9359 2506
233 7365
8285 6724
2103 5861
6666 198
2448 6741
1489 6111
8627 6216
1496 6035
9147 5871
974 4170
1122 7028
678 1167
662 1008
4707 4029
2310 5053
6615 1349
2498 2871
290 9440
7523 2669
8539 8492
860 8083
6408 5364
9475 2541
2997 2160
7618 6702
4757 3024
2712 7870
3366 1352
4285 6151
1075 2000
1531 7036
1117 4315
2945 1910
8922 4364
9170 4279
6090 3745
1159 9111
5250 8444
8884 2995
790 9655
2322 2620
2991 5998
6923 6318
733 9438
5601 2866
2018 247
4387 8667
6359 5248
3707 5013
6119 5905
2912 8538
2367 9009
2056 4152
5057 8027
5124 4647
3681 7267
9016 8943
8269 429
9720 2140
6688 8085
5263 6930
6513 427
6546 18
6488 5550
8063 4625
7966 8114
6628 7302
2658 4151
15 3910
9244 996
3843 9766
297 2176
6938 4138
7717 6859
4650 676
658 7778
4445 5395
899 5564
6118 6395
534 4258
4791 5529
3010 1382
8615 8798
3280 8600
6370 4343
5175 5607
9936 2939
5116 1941
9746 5571
792 5239
3060 1983
526 5571
5921 4234
3295 3531
8549 9208
5613 7126
9585 2690
2769 6406
8080 5449
9211 6928
3319 3927
5927 5629
4060 36
2493 2180
4956 7798
6779 4810
3793 8074
3197 465
5213 2282
8113 3615
5805 7525
2279 4877
8169 7662
5462 8464
7123 4631
417 9672
9954 7046
8878 1568
291 3586
1778 5297
9655 8046
6504 2977
3714 7169
1566 5511
7900 192
6438 5891
3550 1412
7528 7870
777 4564
144 6855
988 8469
2005 5482
1942 7374
8055 6933
1564 6122
5029 6410
3026 8560
6272 2799
7660 1321
7196 6067
6672 1615
1417 450
6154 4880
8488 7027
9206 6183
9811 866
6671 2779
4152 2965
4179 8666
5008 4209
5650 6769
8110 9844
5513 2367
1441 9977
4251 2199
6703 5050
7458 2238
7884 9728
7744 135
7341 5260
3804 2046
1247 3341
1824 4046
9579 2415
5850 8306
6107 2007
2625 2614
7065 238
6927 2780
9250 6844
9889 7138
9271 1059
4547 6819
4746 6295
8382 6155
9770 1166
1980 6811
5159 6809
5161 784
5979 8832
4401 5622
4509 9220
6914 6197
5822 7088
9743 1602
8326 2449
453 1586
1137 8319
8854 1849
1659 8288
8667 6432
6373 2333
7357 5081
4263 4695
9667 6237
4770 5646
8781 7485
5775 5357
5733 4946
3198 5228
979 8447
3296 840
6851 4833
6691 2423
9312 5440
3457 5563
2672 7793
9837 5866
1186 3017
6727 7483
3507 7922
9619 4569
7376 8690
4162 5881
9853 7198
8999 2285
9920 6319
7988 4566
571 1937
2121 9267
4805 2341
7725 77
22 1841
8417 2793
5381 9415
8724 1504
9283 730
6058 5125
5313 550
2076 2637
7977 8420
214 9008
7459 9730
7996 5372
9931 4612
5292 4745
7184 1514
7619 295
6011 5646
8458 4706
2532 3242
83 7276
8799 2370
1236 6631
4721 1842
3304 6179
7521 4908
2024 4829
6410 717
285 1798
920 7049
7534 3623
9559 2220
9498 7161
3852 9445
2701 2391
7901 3326
1308 7536
4005 3854
2615 139
3315 4426
3995 2167
1292 3243
3810 8695
7082 4197
9342 6508
3607 5439
5172 8623
5981 3843
321 1654
8961 4701
6188 3727
6148 3242
4642 7863
20 8916
6201 2342
9466 1196
9297 9173
9223 5512
6879 1989
262 1926
4117 9742
698 1717
4212 9924
1405 7206
800 1625
4478 4512
3681 7253
4233 6160
6181 8600
7340 816
3034 7828
1611 6546
6570 3710
9383 9898
7690 6030
5612 1590
1840 1855
896 1828
648 7554
2892 6767
7886 8572
9888 1151
9640 105
3125 7523
6290 6409
8301 5203
9499 2807
7556 4337
9148 3717
1210 8705
4855 6540
2443 1404
9011 565
3678 9973
1906 6382
3365 4331
4748 8964
1237 554
7183 3013
822 9939
3039 2503
7393 9162
3125 5861
2712 2326
9900 8815
4456 5860
264 6008
8627 8106
9106 7666
5055 6057
6762 1754
9910 5010
1041 137
7809 2973
1998 7444
2423 9214
2962 1398
4044 5028
6472 4215
5130 1004
7715 9110
6806 2351
9225 7248
7092 9337
4080 4579
5161 6763
4755 2657
3865 941
8396 1792
847 7658
4454 8152
2290 9905
4555 7984
5629 9886
5904 7773
5971 2990
5264 9823
1849 7055
8111 1097
9063 3606
5712 7540
1625 5564
3457 9049
9420 7386
8760 1569
664 4519
2008 3594
506 1591
7237 9590
7383 5380
7136 9746
5309 4987
8646 9026
7369 1599
2882 376
8209 8130
464 4617
7702 8005
1291 4503
6944 2316
861 3386
6409 5527
3127 5123
866 1032
7002 4245
2126 1508
5761 1713
2344 5601
5047 7523
87 8724
4057 3750
6860 3668
9340 9978
8644 9025
2068 9777
6870 7747
3535 5188
36 3970
3142 1469
5079 5083
8919 4169
7927 6339
6517 8465
4037 2458
5178 7146
4857 9117
177 8749
5537 6943
8800 3286
8038 973
6330 575
9013 8364
2973 9552
9693 8703
3376 9398
929 8451
8997 2242
8870 4856
9918 1711
2809 9818
2123 998
7227 4357
9251 4408
5926 6464
8255 7235
313 7896
9785 812
8904 2442
6528 7568
7213 2548
8359 831
6608 7082
494 1084
3591 7824
9730 2110
9461 5513
8595 518
5075 6987
2048 3557
9364 3688
1972 7819
1232 674
5816 5721
2056 5712
8799 5108
5211 6003
8588 4639
7386 3449
7490 1436
4407 5393
3876 6519
7497 6244
4059 852
3454 6791
4137 5802
1579 5771
594 4340
1692 1668
2117 5913
679 6532
674 3809
5640 5122
8390 2973
4470 634
7905 7293
2480 3133
14 6515
5997 7800
2533 5932
4750 5418
8197 7569
8680 9089
1561 8529
3052 6652
3715 5543
6302 2427
1371 3508
5652 4648
7016 990
4925 2325
7133 6679
6050 326
3504 9685
743 3666
5046 9051
209 2383
8387 6311
9970 8521
514 4119
6886 4157
845 3512
4920 9077
3392 3290
1854 1082
536 8040
4564 4502
701 283
7054 1712
5321 2456
7039 8184
8523 3051
1207 8781
3207 7156
3406 8935
5840 479
8335 9308
3374 8751
625 4599
2682 2115
481 1692
9296 6639
7434 4643
116 9592
5456 5487
2101 3704
2536 282
4767 6347
5239 1779
2289 4783
3467 9804
3777 5570
7660 5021
8526 9395
266 6851
8561 3685
3206 2967
9647 877
7967 1267
5636 8245
5735 1519
1740 854
2061 5508
4587 7428
2629 6504
1474 7900
7856 8331
8960 1258
1284 9660
2334 6740
4563 1396
4248 9745
4029 5163
5612 7552
4307 4832
1494 951
8515 7640
3447 8974
7594 5290
2244 9692
2094 7396
5258 7769
2760 8866
656 9223
4414 2132
9438 6343
4215 7723
8244 1782
6696 2800
3384 5226
3772 9949
4079 9754
2059 2463
3602 2339
5804 3841
4309 7298
132 2499
6032 4480
9048 5523
8569 3839
6525 3307
1977 7939
9727 7731
129 2870
1722 7590
3555 195
9145 1543
4540 4342
7084 489
137 7306
8525 2007
2737 9090
6849 8656
5596 9551
4240 4152
5630 3828
7491 94
9489 1050
8015 2794
8948 4769
6279 2595
1529 7308
3829 4593
7853 5652
7851 8135
9538 8395
1565 650
5656 7476
7715 556
5776 9223
3395 6244
8427 8869
5101 4548
3341 8348
2341 9531
8239 6523
4902 5916
796 5261
4373 9519
7922 9630
8563 621
3927 5447
2784 1370
9349 7496
1402 8967
6778 5626
759 6632
7745 8298
3219 1142
9389 9412
9735 2135
2804 6974
5087 653
1088 9398
6309 8679
4718 78
4068 55
9029 2865
5181 1212
4683 8788
2007 7096
4114 1268
17 7644
5492 7771
639 7742
3451 3607
2255 9054
104 109
3854 1201
1563 6440
1025 1096
2764 2487
1508 9925
6413 9167
4814 1299
7117 6082
1533 1676
3844 9637
8109 2182
9020 4165
6201 5973
9718 8991
1404 446
3947 2315
866 2271
6261 3099
3590 8894
5542 3144
9901 6194
9146 7305
9805 4032
5604 8592
8766 1679
2715 6011
28 3010
4718 9843
2508 330
7232 1972
8483 8671
3502 997
229 6956
3092 9198
422 3890
6963 7019
1837 7349
5533 4587
9592 9150
7326 9462
5976 6632
4863 7844
1721 5741
4314 7141
1215 8180
2934 7008
4684 2943
5192 285
8937 6925
2466 1927
7821 3901
100 4797
8204 3557
5254 7809
4512 8475
2585 9249
5874 2654
7210 8106
3876 2284
7954 5857
6962 5979
1481 7483
575 6474
837 6107
4949 9335
6318 6989
2752 6103
8556 8640
8423 5586
3724 2628
4643 3482
657 4939
5515 2268
8797 6526
2807 5954
2782 7914
7924 808
5503 2361
7048 3546
1413 9470
5599 3611
919 3377
2895 8168
8437 315
7602 4222
8998 6145
1446 5606
5465 5567
5987 9390
7573 6912
528 4945
8046 785
3872 7952
6967 612
4968 5201
8591 4031
3170 6283
851 4375
963 4030
9718 3445
3576 1017
9026 6757
112 7675
770 6990
6317 410
8381 9146
6542 6610
2697 6740
4612 3647
9978 4178
3054 8686
3551 3977
3754 3140
788 9645
4092 1802
8759 775
1928 7251
9680 5968
5309 5566
1823 7955
107 8716
8571 5087
5357 3188
250 5930
4551 6311
6117 2548
6321 136
4741 3544
527 2005
8530 3658
2079 276
8443 1465
5359 1149
7739 4237
6044 1369
1106 583
4437 1369
1919 5596
4578 246
2995 7106
9142 5014
815 7393
5875 2427
6561 6556
2733 3924
2625 191
2658 6121
4093 3417
7227 6519
6373 1849
4549 7022
4547 6591
3559 250
6499 6801
5135 3068
3039 4016
9663 8525
9780 9156
8642 6889
3772 6687
2546 7046
5223 5003
8660 2150
4516 1398
451 4144
4893 9957
3808 6656
3106 387
8290 1118
3720 2927
3617 9072
5424 9868
5960 325
4877 3611
5047 1653
6542 4336
496 9665
4609 7157
3250 36
1569 8171
6373 3121
3084 7108
9434 8276
317 1906
5471 6077
7942 2894
1272 3509
4816 9402
996 8161
9109 2349
645 6987
5820 1205
6505 463
2473 5348
1126 7126
8202 5351
4521 493
3350 8964
2058 1190
9417 4999
8902 9146
136 3648
5917 9200
6067 2449
3984 9814
463 8094
1223 734
3429 6083
9054 9122
9302 9848
466 2467
3660 6736
3249 7889
8181 9476
1859 3002
8340 6426
3843 783
5298 6268
1852 9749
8894 2299
7270 7589
8467 4369
188 7009
6258 705
1973 7400
2442 2526
4461 6677
9931 4983
3249 6898
1590 8250
1128 71
5662 1487
176 4545
9405 3523
7917 4098
7158 2963
1739 4036
8293 1228
443 4648
2210 3312
6004 692
4418 2848
8511 1503
4631 8920
6144 6848
1837 7904
4222 5387
6799 5849
8395 7059
7088 9485
5532 4567
7532 9124
3160 2996
1866 8797
711 7264
3313 5808
1079 6111
7945 4424
774 1306
5177 9541
255 3030
2905 8533
6533 3662
2320 4552
8302 2576
8510 5753
4552 464
9569 8428
2762 9193
9342 4138
4645 7130
9630 5487
1605 6176
1960 3522
6650 8192
939 7270
9433 8097
8430 3253
4024 6623
1362 5819
5066 9983
9450 8307
8424 6409
4489 9758
7510 3688
1970 3920
1081 9988
2712 7903
7166 9296
4391 555
7337 9013
349 5718
9979 2360
1997 4925
7218 1055
1200 5127
4329 1625
9952 2927
1523 2638
8079 7733
5003 1884
6688 9476
1059 5483
7241 1465
5116 2209
6074 8449
6156 2800
103 5213
4398 8829
3391 3611
517 8864
2950 5132
5480 4403
202 1906
1753 645
1301 7903
9483 8137
97 1587
8883 9228
8255 8292
3534 1351
5731 9031
4445 2359
5274 3664
7508 549
2125 1386
6149 6812
7238 4585
3006 4235
3500 1834
234 5031
1765 579
3314 9433
7257 1680
8694 2438
4289 4953
3409 2688
7826 4448
4031 295
8990 1267
8246 8239
6199 4934
9511 5368
8404 3032
833 4971
844 9102
3798 1111
9511 7278
3149 1935
3896 5949
2078 2587
9765 3909
342 5552
4741 1729
611 5501
6506 4203
7197 8196
2583 1766
5699 753
5505 2504
6482 1856
5211 730
6961 7718
3460 9201
98 9274
3726 3297
8241 8280
6122 1659
3940 808
948 2060
8282 2600
683 4609
1538 2297
5962 8300
6611 6127
4180 33
8555 3861
4628 4781
5864 2977
3966 615
1694 9944
5737 4028
4211 3889
1465 5191
8877 5218
2875 5480
5523 8998
4707 8564
8947 5815
4044 8346
7307 8594
7712 3334
264 9536
8659 5952
661 9184
1176 1144
1190 74
1319 5066
7046 2365
8296 9384
8583 3753
535 8510
2646 1133
1946 6044
5798 6378
8488 4646
5512 4160
5997 9132
6012 68
2588 8637
7464 3156
9129 768
7020 4491
4099 4506
3536 8387
1035 6605
9540 7626
5658 291
7528 4043
1370 6361
8125 1774
6945 2370
3850 7304
8235 3256
3579 5895
8485 4804
1503 13
8707 6874
825 4584
8966 9673
5071 304
8611 4459
5949 916
3198 7810
9846 3319
7235 8696
6630 4148
9842 5225
7461 7989
8202 7069
5479 1999
6198 8155
8474 8261
5575 3244
4358 423
5645 7312
3374 4077
2714 9869
1544 7921
301 66
6217 8921
9823 4396
7015 4633
8428 9407
2139 3363
2920 6432
5961 175
8300 3042
6997 6079
5619 6888
2223 7911
286 4973
7532 9878
4452 318
7491 1696
9030 5158
2938 4336
1974 7213
588 67
7811 4884
4091 115
8744 306
4762 5304
2880 6567
9691 7088
4558 5232
475 5649
8226 5521
6414 5419
1722 7750
8133 9991
6365 3418
4109 1555
6052 7412
9519 7242
1570 7854
855 4358
4002 7149
3618 5289
8175 6709
462 9605
9159 5895
9148 9671
7521 1109
3243 3949
9702 5731
7237 5752
4191 2456
4562 164
5150 3258
7713 1910
4257 5792
5494 401
1852 9237
4492 8311
8006 484
743 5964
1209 4571
3041 4149
5237 5943
6460 7424
3616 7556
5708 359
3286 6332
828 6993
1280 9573
3092 4533
8595 2826
8312 5255
4213 220
16 5241
6381 5291
3195 6770
5530 9970
8772 209
2735 9011
636 8620
7644 4821
3934 6756
425 6629
7474 2413
4859 1263
8355 358
