5053
100
13290954
47 50 54 53 51 49 46 49 60 53 56 56 52 60 48 50 51 56 40 60 55 42 46 46 44 52 48 53 51 52 46 56 49 54 43 42 40 40 47 47 59 52 51 56 56 58 57 58 52 41 41 44 52 59 51 41 43 58 60 50 43 55 49 48 43 60 52 52 56 50 54 51 57 43 50 54 48 60 47 44 43 53 46 51 48 56 60 41 42 45 47 48 51 51 50 49 55 54 57 57 
-78179 -64319 -79702 -85577 -75282 -76565 -76448 -79049 -79663 -74552 -78885 -86529 -75744 -99125 -71279 -81314 -79653 -86486 -57551 -95670 -80638 -65532 -63406 -69340 -67033 -88123 -64408 -91762 -73973 -92969 -59332 -76885 -82769 -81146 -57329 -64916 -54065 -58806 -71358 -77047 -85060 -77626 -68385 -80709 -88159 -88899 -84904 -82728 -71505 -64429 -64262 -68306 -86502 -80020 -79269 -67727 -67494 -89239 -93185 -67671 -67604 -87339 -73373 -66987 -67009 -89763 -82317 -85018 -84409 -77754 -84742 -72012 -83211 -55506 -77545 -93186 -67961 -102102 -68250 -74113 -82333 -77010 -68774 -73242 -75004 -88223 -97509 -56484 -61242 -73017 -71747 -75324 -80202 -91444 -70012 -83970 -85597 -87008 -85068 -83995 
71496 90419 82890 90959 93714 83408 80095 84367 92621 97411 87592 88761 81559 106499 85653 82642 90650 97269 74435 89164 96111 74416 77183 72436 74291 97119 74388 96942 82623 97385 76361 87454 78301 105954 69674 67872 56544 64703 76171 82711 100566 94028 86362 91633 82784 97943 93933 90456 80264 75853 61319 67699 99375 117508 80508 69462 72420 100239 99351 95459 79282 87793 89298 76262 75492 94548 89414 94657 107033 79767 91869 74922 101538 68863 89508 81390 79872 102230 74531 77383 76228 99963 73782 85963 74114 91601 97415 71298 77545 77656 87765 90448 95050 84635 77738 90037 90277 86386 95716 113763 
6481 9559
8151 1118
1958 3737
3851 7877
8098 1028
1634 972
6569 3797
3190 3097
8968 1190
9304 386
8641 386
7839 1764
2479 694
5839 7320
8909 9072
5262 4529
5477 230
5556 8336
9301 4136
2030 7144
1837 5561
240 6603
2231 4446
5260 8624
7730 6248
890 5368
6264 7554
1528 448
9868 9762
9097 7103
4458 4843
3753 4807
9458 1664
9424 465
643 6115
2623 9000
8530 7029
9271 7986
4242 1151
4936 2618
1293 7161
7707 2291
3095 7486
4673 3820
7913 2915
7990 2809
2233 1671
2291 2787
2899 9717
5724 4072
3115 5217
8284 380
5655 1083
4870 5277
7311 5659
7235 8298
5891 9149
3202 5529
1722 4533
742 4088
2298 7704
4593 7342
1546 5681
3498 9510
8960 3577
2978 5390
2824 3269
8402 1216
3717 7893
4442 8987
715 9097
6227 7325
5874 3167
4016 8869
8793 6957
9650 7234
1712 6039
4049 2019
6955 136
8207 6673
1081 7451
9327 6305
74 2563
138 874
1210 8699
3177 8938
706 5643
5898 2388
2087 634
305 6611
3711 4057
6097 3840
3895 4350
2078 1261
5933 9915
4278 9654
2818 951
9268 7408
4923 8688
9721 986
7800 5030
2018 2961
1233 1567
5714 987
7014 1196
4872 9752
79 7174
788 8112
7647 876
825 6127
1333 2070
1125 2552
2038 3981
7119 3856
2525 736
5215 2418
3504 5999
5529 7509
4452 1616
2767 3409
4842 3918
872 5563
4386 6053
5245 9890
4434 1191
6026 1665
6293 7073
2682 6886
1968 7127
4394 6570
8008 8890
6939 1816
798 7925
8328 594
5710 8805
2595 1575
7834 3761
9378 4430
9062 3991
24 2938
332 6627
1423 2749
7235 1425
9020 3843
7419 9019
5372 1409
808 9002
7353 1846
8365 2549
7861 6190
9208 5362
7045 4743
2928 1578
6594 4860
8248 8967
4972 1070
911 4355
1520 8776
7610 304
1812 731
5533 5446
2395 4159
9489 7549
9835 4767
5098 6525
3683 7822
7620 9958
2402 764
9287 2742
2269 4348
9919 2382
2775 3021
5554 3363
8298 2353
6507 8698
6463 8076
3832 1285
316 8547
594 1428
6622 4744
7605 3363
912 4788
2279 2306
3029 9133
8030 1899
4637 1090
8335 9113
9259 499
1779 8535
4952 5652
7839 6098
1781 7844
3898 8493
468 2287
9099 8438
5961 3367
8311 5035
8534 5533
1661 8257
2561 2687
9590 4352
5198 9812
6962 8917
8204 8748
1454 7042
6536 9993
8425 4563
8311 2290
1755 4972
7001 8765
5716 597
6265 4490
6039 4362
2831 3588
7042 4606
3470 9324
2829 1943
8539 1456
833 3712
3399 8559
7714 1656
7081 74
1020 4929
625 6083
9526 1349
4567 5659
1031 1097
2098 6541
5623 6493
6431 7851
79 5552
4057 5911
1097 7485
1231 5239
5331 6622
7602 3332
7937 9617
7851 8556
2171 2447
5262 222
4564 6016
5167 6731
2192 3669
7259 8679
6744 5124
2039 6539
9043 9681
1355 5551
9345 4257
6269 9432
3464 6330
5972 9012
5372 9713
9365 2101
282 7961
5116 3169
4936 719
2046 4229
8663 5866
2911 5827
9375 456
8117 8190
7974 3829
7699 9952
9603 4225
3865 5188
7497 4488
2796 7799
5659 2476
5343 9595
5368 5613
750 8955
2177 3369
2461 7868
4316 5533
5235 7093
17 5423
5355 3456
1553 6211
7956 5308
6398 8013
8150 5824
4918 9967
9420 2816
2721 9330
5308 8662
616 407
4294 1445
5967 9047
3586 5196
4305 933
5520 7839
7367 5223
2266 2072
9777 5796
9850 9242
3631 6809
2727 4466
676 4775
149 661
6726 1630
6642 969
5946 52
7673 1214
4079 8968
2354 9158
3965 6571
8336 4171
5360 6284
7316 459
4956 9773
8392 6316
5046 2954
1519 3857
4476 6790
1864 6732
6726 3280
6735 5599
1087 9058
9710 2725
1452 3850
7716 2030
5157 982
8692 2335
7950 2503
9285 784
4858 4234
9455 6958
7201 5773
532 5810
7281 9589
8261 9246
7045 8278
6796 8452
7956 927
4571 9995
2249 6906
955 1055
4852 8849
7177 3136
9475 2130
4415 1528
8422 5638
4855 952
1306 3353
6785 2419
3501 6916
5238 8513
979 7652
4701 3919
1145 5375
9261 38
9363 7543
2019 7382
4797 6390
3428 652
4119 7159
4704 2134
947 8711
3343 8855
5116 1009
951 4349
9306 4842
662 3628
5355 3429
9517 836
3890 8834
8771 7059
990 1615
4612 9566
7899 7686
936 2980
4992 803
7110 9411
9881 2688
748 9840
2660 1890
1660 3644
8930 5025
7101 2242
4347 8040
3505 6257
8809 9615
5749 9265
9739 4789
6386 6524
9890 9321
8636 7210
8843 5250
5657 1870
8180 445
8489 3748
7661 9997
3667 2882
183 3512
5161 303
1175 5007
7535 7112
1754 3308
1288 1659
705 4415
6109 9519
9297 9351
4893 5638
4658 8118
9454 4664
7107 1031
7350 9589
530 4768
413 5312
6213 3458
8063 442
8259 2772
5958 2978
6994 9546
7649 1939
7738 2880
384 8190
4023 7776
866 2049
269 8151
7926 3428
1053 8101
3027 1304
2720 7285
3520 6464
7551 7422
929 1486
4117 6962
5254 6012
7354 3711
9017 4060
6900 2086
415 2572
8265 4682
3553 4025
985 8446
3102 6864
1112 5840
3905 9789
949 1447
3951 6829
4864 7101
7038 3119
9120 2807
914 3652
7041 3873
4110 2132
2084 2129
2220 1286
5120 4067
2644 2140
803 4104
2832 447
6027 6404
5696 1904
2743 708
2495 5457
2019 145
9657 5960
6657 1720
4806 7190
7135 7682
1805 2533
8334 4708
7798 3486
8457 9493
1608 3939
8097 5767
1021 8204
4452 8241
4055 5062
330 1739
6551 1101
937 8488
7281 1879
406 2590
5033 6377
9398 9146
9849 9988
6646 9388
4859 5005
7121 9386
6166 8996
252 4098
6421 1733
3176 8828
694 9690
1970 534
5738 5919
2388 6851
6884 5458
1599 2203
8212 6033
524 5146
2756 2654
4100 3876
5606 6265
3415 4510
9522 443
1157 3210
5274 6060
8824 9214
9078 9869
203 4600
3557 3507
5809 3271
866 7155
2118 7622
1440 5835
1427 2701
3343 3380
3791 6821
1848 335
2293 1362
4406 7356
4642 2756
9998 447
2396 697
1286 3741
8376 392
5677 1050
291 1985
1224 8468
5443 42
7015 292
4870 8401
1179 1971
1726 3392
2327 3518
404 6122
5907 1413
8930 5606
5243 3038
2704 5418
3295 1793
1058 340
3308 8046
4204 5598
7163 3513
8106 8445
8005 6868
3097 6532
9555 7702
3087 746
5086 7467
1771 5826
9278 7093
4054 9704
4125 9146
6325 3981
8172 9583
1796 5555
1144 1154
846 7389
6083 6942
4780 6100
7329 2976
5556 3643
5315 4861
8445 2284
6684 8386
9156 3317
1582 4534
7544 4333
485 9489
6898 5305
3733 6355
46 8243
9659 6839
6196 8354
978 2489
8600 8612
4426 960
2045 4861
5493 2426
6615 9120
2493 283
679 6641
7314 3627
8665 3482
4497 7741
5218 4905
9438 9447
6075 9458
7516 9569
8054 418
5812 5455
8068 8959
6491 1810
6317 6774
438 175
4135 5887
8609 6983
6394 881
1328 2883
7505 7813
8466 6034
9624 2245
2963 4788
3449 672
262 5392
659 6005
9176 1399
3915 3005
4321 1127
9808 2411
3838 796
4023 1744
1079 2348
6773 7879
3211 1273
2171 5428
8161 8025
6129 829
5349 3437
1381 7006
3410 4977
2182 8683
3206 1137
495 8657
9784 8063
4173 3354
7029 1284
1678 3778
4682 342
9372 8282
6507 5363
791 1437
4981 7689
8628 2853
1684 3452
7534 5764
6316 1929
4666 4471
375 8976
3083 9131
2798 5401
5275 336
5363 4491
3025 1764
7668 3081
4284 6404
8637 4332
384 6144
8799 63
8395 4259
5330 4417
8492 7431
1950 433
8354 4535
8281 6741
7545 7717
407 7301
6103 5148
4800 6292
5919 6574
8055 6066
3492 9291
221 1657
5712 7153
2063 1664
2370 9948
6516 2100
8445 3196
107 3731
223 2760
1955 1587
1838 1847
3957 4641
9302 8021
2587 1930
6085 1086
6493 8287
2570 4441
4631 6010
5997 142
9835 199
995 479
1174 4255
2881 8294
2266 1604
3466 8895
2739 4679
827 919
9619 9977
8905 3817
9101 7333
5236 648
207 4723
8147 3861
4766 5435
6826 1269
9715 7976
4382 5900
5045 1275
7996 6154
6860 8059
6531 1193
3425 9897
7650 3922
7343 3886
571 2383
5971 9505
3610 6191
9075 4357
7588 9722
7097 1962
2884 9306
7264 5763
4398 8255
6950 5319
7026 8917
184 9944
9511 3007
6814 3863
8405 9993
7144 6735
1534 1433
7405 9767
4406 3803
6359 8914
1142 702
4571 8952
9201 9612
8151 7595
396 4440
7622 8183
5186 8678
8659 1643
2262 4986
1590 575
4382 5198
7117 6319
2453 492
6643 4363
6032 5876
276 155
1942 8170
1101 5588
2371 8502
8947 2777
1079 9934
1964 6242
1343 7646
7911 4328
9722 6253
7956 8926
219 6354
8652 6340
2833 7691
4335 1866
8798 1478
9728 1254
8185 9455
1756 7502
5872 2515
1836 9095
6017 6696
9956 18
2840 1185
6591 3497
6412 544
4645 3545
4440 6479
1585 8755
5384 1342
3643 8809
5407 2760
1346 9896
4839 4144
5010 3398
9001 2861
1760 9615
474 3424
4646 8933
4510 7536
8438 7334
4253 6168
5641 1281
2775 4241
9589 6925
4803 1997
7202 4552
412 2221
6215 5284
6403 5441
7810 4406
8822 773
3881 4132
8211 5581
2891 9994
2913 4436
7190 8956
7739 9490
8277 183
3878 1373
3948 3571
4858 7187
8131 3633
164 7921
2135 333
9630 3460
6971 5003
9637 6823
7456 1119
6174 5848
5726 9513
1400 474
4500 2997
829 9065
6052 3988
3085 5465
9076 7443
5059 7658
8253 8277
6287 5777
1931 1074
9949 1355
9794 5008
7417 2675
5719 3031
1917 3549
7420 8000
6092 7629
1322 6917
2856 5698
2738 4346
8411 753
5215 3449
507 5701
2561 5635
606 5635
8549 6677
4831 2441
4421 6269
4561 5760
7058 5675
6483 5738
4968 8893
9859 114
4818 3474
3368 1942
4052 4126
7894 7049
2767 7317
3450 3568
6116 9447
4112 2619
3259 9739
2237 8407
3880 4410
7431 3686
1600 6123
135 2022
2967 5811
6521 3339
9492 2745
2959 2572
5359 919
781 8509
1050 4628
5518 6363
2676 9903
9237 6351
6328 249
4314 7096
4503 2578
7017 4926
7411 9197
8289 5582
6084 9875
8877 1866
6300 2725
4812 9856
5866 5921
8235 4223
2538 6311
1709 9858
7404 3817
8328 2854
1339 7507
1877 7666
9027 3739
7444 2887
2395 6433
7410 1028
355 5017
1736 3801
5942 7968
9914 4086
7941 6790
6059 8228
5323 794
8916 6143
7357 4984
2361 5701
281 5870
1219 5699
3300 5746
1171 544
3654 5674
54 5028
7310 755
225 1364
8205 9034
5482 6045
3498 532
604 7922
7593 3927
5476 7544
6220 6027
7468 9195
48 9512
8823 7019
8330 1542
6540 2673
663 3633
9606 8007
8962 939
2636 5907
6473 7355
8540 1644
5016 2917
700 3621
6935 4209
9557 8487
8146 6743
365 5889
3655 1333
9982 7424
3544 8239
7296 7823
6231 5498
7006 5179
9604 9607
3808 5648
7258 1664
1208 2330
3764 9944
1835 1647
1918 2729
2555 4019
4699 7688
5662 6900
4162 1497
18 9842
3953 6999
7871 8652
5339 4709
9921 5457
6758 7067
4789 6643
2603 980
2951 4209
8230 7008
1040 4746
5743 1862
300 9497
3927 6617
8580 1567
4282 9081
1655 7603
2064 2465
4301 774
8405 8609
9553 983
3581 8735
1758 1636
493 3289
2125 5068
7085 5654
7039 5727
9847 6997
1379 4268
3571 7728
3263 5036
8779 5864
9373 6992
6149 9654
3263 5780
9085 7847
6731 3741
594 4377
817 634
2345 5373
4753 7875
1935 4521
3837 2444
4234 7726
1382 9750
8627 333
4127 2667
8865 4623
7352 6393
7471 2678
6577 3250
4488 1091
8413 246
9692 6741
383 9047
6510 9677
4309 6466
895 4316
7887 463
8835 5671
8788 9039
6255 347
9467 9104
4431 6482
2269 1569
6958 3942
2179 2163
2642 4871
5467 53
717 2459
6887 7121
42 1533
591 6247
6545 7110
4233 2199
4327 48
5020 2838
9133 4491
9800 4073
1190 6583
1546 7023
9118 3500
9853 1538
9209 3524
3729 6031
5068 9009
5432 5235
8954 1148
8866 1303
572 5806
5216 880
1795 968
3652 6218
6966 4036
7098 7846
381 8192
4877 3357
2626 2723
6639 4066
9184 1515
2466 6849
4885 8381
3354 6596
2719 2092
5971 7734
1863 9040
1889 1931
1145 6112
4305 3769
7664 1513
5458 8370
5968 1807
6276 7770
8366 2983
5767 1687
1491 9938
1871 4950
4060 2919
688 1700
6623 9254
6891 8803
4501 8347
2329 3361
4135 3306
4663 1884
3552 2592
847 6520
1816 269
5612 4923
4404 7227
9126 6673
8347 6284
3293 5403
8334 3422
9585 1386
9961 7758
7043 3038
9923 2700
6250 8965
5551 9458
7814 6767
1440 3898
5517 6708
1649 1842
2024 3569
3899 2333
3581 9272
1425 8903
6572 6733
8177 7287
6096 4125
5218 7079
2283 5822
7722 5627
8195 3713
6686 7473
8221 6085
2197 8050
8887 3280
8720 2177
7889 7747
6780 1169
4687 9173
6771 9006
6257 2330
6327 8066
440 2901
223 9201
1677 9176
7736 2029
7564 6980
3727 1260
9100 3775
1966 1581
2000 4025
5126 6397
4109 2447
1212 3530
2108 7928
6587 6697
9184 6927
854 3543
3486 401
9293 8653
9162 606
1051 9937
3395 9644
370 5899
3685 2513
1768 251
9098 9372
7335 3979
6443 8480
6773 622
948 4599
5587 2416
2755 467
2395 7488
6128 3033
3209 9751
8705 2552
4170 7815
465 6879
3788 9467
1469 6415
7931 6751
1813 8531
8577 3587
3795 3055
3629 3058
9279 9958
3034 6903
9351 3852
3123 1683
4909 2663
1337 6949
9156 975
1043 762
3845 1943
8766 9557
5946 8675
217 270
7113 4504
3270 6874
5126 6275
2085 7557
1604 4291
9187 738
118 2412
6286 1884
9455 9858
7255 904
3385 1587
3861 7198
5223 4120
2076 7539
28 8583
3553 5295
8373 7721
2656 6106
5880 417
1988 7109
885 679
2873 1350
2600 5755
9254 3983
7918 134
7023 4736
8831 5752
7832 9985
5824 1341
5934 2778
4093 817
2133 1150
1431 8570
5589 4826
1023 6872
4946 766
2290 8426
4463 970
9962 5374
7051 8800
1616 853
7606 2913
1623 3200
6174 8757
4855 6737
9743 135
5686 5918
2466 4792
3176 3524
9987 8048
7864 7676
1142 9587
8646 5818
8681 8324
2142 2239
4872 8950
5771 2983
8054 9293
3435 6267
945 415
693 376
1670 3482
2044 8860
6499 3964
4700 1778
4617 6975
2972 185
7422 2709
2359 2966
9980 2516
9576 5441
3955 6909
653 7991
4504 7683
2697 9141
2069 9041
1817 8266
1126 1619
4370 3256
4766 3993
7098 7079
1198 8750
8299 4688
4554 1665
3026 3428
8360 1514
1937 6914
7178 8766
5055 9274
7300 7884
6405 2198
3361 3225
9591 7025
6598 6098
6706 9605
591 716
4818 212
795 279
9077 824
4869 6026
8804 4941
7549 6699
6855 7105
1620 861
4944 2424
7407 8710
1697 7889
1535 9562
9242 8273
4320 6074
5793 7443
2546 3539
7625 1756
6927 7941
7079 905
7289 6729
7454 2555
1503 8822
7719 5077
9580 72
6192 8148
5019 3524
5933 8950
6257 7626
3143 8312
865 827
4559 3852
3801 21
4926 9774
9652 3163
9344 3906
1417 4637
7862 2825
3576 1443
9699 6401
7393 1142
838 3985
7837 7387
7979 9717
2133 1396
5108 7637
9608 8724
6731 9170
4080 9187
2852 3304
4616 8473
6052 1591
3259 5471
9676 8651
5897 8731
6365 9767
3975 9841
7080 2772
7442 119
8607 1889
6584 9651
2451 648
258 8566
2658 439
6182 3313
9328 5053
1703 653
8077 8256
8115 1165
1549 8102
6259 5128
1413 2898
6019 4715
9524 4350
4708 5225
7381 5323
3480 1120
1486 2608
1355 1873
8846 3210
985 3082
4451 1566
387 3157
4423 3752
963 23
2583 7360
8287 3876
7597 5217
3141 6466
3450 8233
2999 5461
4561 6801
3596 3678
7779 7719
6157 8738
376 1793
4934 5850
360 8480
9113 7447
2606 6319
1909 4179
1990 9120
2140 6544
1824 9339
3650 3771
6524 4748
8907 4506
1561 976
8544 6644
3843 1898
3778 316
8964 6982
878 9893
1072 1540
3546 19
2160 6627
9054 5822
6003 9398
7288 530
988 7485
9849 7236
8193 9053
5335 1142
4292 9496
2404 1045
4677 9495
5739 6447
7508 9610
9087 8532
4592 4019
6175 3716
3495 7873
1356 5963
4006 2841
1808 8957
4787 6154
6469 9990
8027 119
4080 7556
6234 5248
1018 7366
6165 8211
3476 814
8435 7719
8923 8945
7813 9572
5164 7084
9801 1137
8673 7576
6226 7055
4894 9477
8898 4641
4211 5022
5088 601
964 228
8251 1805
9792 1409
6616 4277
336 9248
9409 1848
9752 2528
4466 834
5790 2644
9099 4512
792 7126
1412 2410
9576 6457
1473 1699
3221 4403
3208 9152
3557 681
8240 4129
8854 2459
3091 5284
9418 1975
3775 5442
1681 6857
7010 4987
2849 3754
3055 5779
8633 1607
3124 6421
3871 4996
5904 7945
5913 2085
6759 2053
5069 9119
9490 2217
7560 1326
9816 8337
1841 3364
8941 1634
2016 2360
4801 9336
1852 5964
612 642
7075 4425
1877 7397
2055 8860
625 9237
7137 453
4967 2004
1904 6878
5174 5700
6009 5380
2994 8522
3401 5503
6309 5786
31 45
5711 7307
8899 8808
3269 3819
9725 3892
4022 4741
4312 4142
8757 4444
5544 4821
3361 6853
1177 5162
3667 2820
5924 3199
9498 4141
563 3045
7220 2393
8316 7122
5793 3536
8525 4382
4861 2123
5982 5656
1592 7319
6668 3096
3506 6047
6444 1602
4800 1591
6450 9934
4596 8768
9560 9259
8348 9131
9468 5433
7858 4648
8485 9269
3122 3956
1504 2085
3644 7111
790 8933
5693 2989
5379 7814
948 491
8899 4677
3177 6885
6720 220
7390 5942
5607 8705
8994 6357
8619 5359
9046 684
6546 8676
6740 8434
3586 8548
3188 9847
8373 9148
5187 1633
8165 3825
7896 9438
963 9514
8317 3388
9834 8203
2586 921
949 1426
2815 4005
4362 2507
8470 6636
2088 7457
4907 9513
6606 9967
3735 5164
13 7248
507 5926
500 886
8762 3349
7145 7319
8340 3485
3323 7750
142 8538
9207 4371
4889 8596
2069 8295
7431 6216
1866 1349
5326 7080
3504 6636
6147 5880
7077 4228
3292 1329
4192 1122
1790 989
1465 1935
3453 7118
5263 3839
614 7667
7393 3720
1742 2948
275 8394
3840 9315
4590 3527
4086 6175
2342 2437
6708 1812
4229 756
1283 2310
6865 389
8923 7999
9724 7811
355 6325
1287 8956
5615 2844
5713 419
3091 8476
4368 7558
2081 5588
8929 4759
2693 1716
3436 1305
1545 5265
6738 1098
426 1166
6230 5204
3250 8341
6544 3191
6122 7797
647 4016
953 4986
574 5623
9004 2902
2572 2079
4254 2079
8103 4409
4544 5047
559 435
2617 8253
774 8627
1780 8288
8933 396
5212 1948
5353 2249
245 8753
6157 7877
9047 1675
8998 727
5657 2801
9248 6926
4713 2192
3906 7724
8516 2827
9096 4391
6758 1613
8812 939
9300 6674
322 946
831 9487
5058 9987
8747 8318
990 7628
3422 3188
3258 5053
4816 1156
1902 5735
6331 9181
2041 2077
1948 1406
2776 3591
9602 2348
3659 8989
9991 6270
3873 7214
9357 9234
2128 888
5025 3801
7808 3917
7907 5771
8350 9745
3121 4279
1939 2058
8907 4022
2977 6897
3165 9939
9745 1493
7248 8170
7418 2738
5322 8783
8747 2018
1962 1670
6909 1408
6509 9995
8148 1513
5963 4834
343 4145
1004 7707
7539 7439
9875 759
1910 1287
6283 27
7980 6015
4927 9315
6922 2446
502 3407
3696 3943
8241 7443
3858 2784
1680 2893
310 272
7956 7639
8354 4120
4352 5939
6148 1895
62 9999
9368 7287
9981 2336
8355 8416
9765 8123
2841 8823
1058 4131
6216 8721
3300 8219
6578 7891
8924 8062
147 9564
5223 7699
1598 7077
5784 4006
6584 4924
7138 3768
6458 8211
2221 2431
6923 7415
8453 9010
8566 8334
2553 3870
3595 7263
9080 7665
8642 1754
1075 3334
1328 7565
7833 9848
7955 3759
1429 192
2894 1354
8285 2191
9065 5431
553 6787
8885 2154
5086 8186
4618 1841
3075 3742
9356 6941
1794 3432
6209 8147
2428 7279
461 2907
7769 3294
4237 5899
9534 1158
200 8510
2638 6609
7272 9000
897 6871
3460 3380
6969 3500
4487 2629
2308 8827
2511 7850
1854 6060
147 3211
4337 2497
9257 7864
1276 3002
6638 835
8382 6567
1629 2604
3869 833
2530 9460
1195 4484
7522 5565
2349 4118
8391 4623
118 3637
5905 6288
4436 2411
5207 3706
1596 6320
6138 9581
3306 7450
1872 5411
9740 2979
7916 7922
3580 5521
1472 3135
6471 3166
1335 9235
2293 6492
8183 6571
6173 5138
3190 5317
1058 2970
8057 5046
4999 3467
8537 3761
605 9008
3672 3260
7232 2725
1399 684
2349 4107
1248 1503
4786 9391
7862 4653
2208 2526
4448 9383
6979 7121
8520 2571
9812 4067
2503 547
1031 3963
6845 6352
4018 4591
7021 3379
7236 6832
4085 8427
1283 5414
7388 2091
3159 4682
6595 8045
3943 30
4896 8398
7944 9196
5781 3257
9894 6868
4791 7680
1331 6189
8957 329
6260 6779
5913 3077
7181 2516
3952 5960
1859 3102
9439 7357
6285 5765
2999 992
1055 3833
9291 3387
181 1101
3649 7865
1642 4782
4258 3282
8657 1938
4597 2332
2973 5246
2310 9926
8531 2461
3340 4533
4349 4339
1898 3582
360 3766
4382 1286
9352 1298
1161 4947
9169 7566
5962 4842
623 2939
6788 4145
7779 2161
744 5913
8139 2611
2158 7766
3412 8517
6893 9328
6054 3931
5530 3672
3774 3026
2164 9439
2250 3473
5628 2190
877 2470
2133 3419
9519 2585
7573 5458
4569 3850
3108 984
5983 4854
5087 5109
2471 7509
2574 9036
3697 23
7454 225
5346 4327
330 543
1254 5162
5123 4314
8825 8942
4115 2149
3667 8542
3428 4614
289 5789
7974 7867
8656 7954
3792 7993
9489 8625
5069 149
3036 8982
3218 2546
971 5731
8426 5823
3350 6572
3375 7812
9333 4829
7346 4868
2520 2228
2734 1552
4131 7108
9061 679
1358 3668
7943 5663
9004 935
1184 5157
1757 1224
5097 9865
5091 922
477 16
7674 4214
1024 4211
8765 3770
7920 3779
7272 6243
268 386
6457 1086
4233 6961
648 8998
4129 3332
7002 933
6167 382
1170 5525
5487 2804
1013 934
3345 3421
7387 1136
1049 2993
6469 8893
7343 8303
9929 7237
8721 7290
4480 5243
3738 4294
1036 9447
3271 1625
5143 5221
1449 4604
2078 2992
4643 5010
5514 6942
3824 9652
309 3773
8941 5272
3681 4720
9006 356
3129 4814
7198 7495
5113 674
1347 5956
8357 5103
5917 8333
3705 1349
1967 2857
2203 3110
638 6128
7946 2340
5406 6049
9507 4019
2823 6295
6844 7907
8834 6541
2532 8091
6041 6919
9214 1019
6739 5092
6670 6682
4535 8418
8339 5083
1842 9602
1101 7927
705 617
4685 4874
1405 3360
4499 4993
8634 8149
881 3784
5375 9843
9899 3946
1638 6074
8929 7750
9638 8171
1382 5219
4889 3866
8766 3214
3383 3856
1767 1664
3393 3813
7944 8136
6077 1577
8047 3959
5895 4656
3909 6202
6573 8847
8237 6268
8666 6790
2673 118
2725 4457
8737 9990
4474 1611
4056 8379
4478 3399
9991 4761
7960 5551
1585 1911
6090 8720
7672 7713
5561 4189
9197 7558
6375 3289
1820 1180
3219 26
9924 5126
5436 6525
7036 1904
7541 556
7079 3358
6746 8444
4701 9862
3378 862
4984 5860
4960 882
8970 6152
3832 6369
4598 7651
1926 9603
578 633
6795 4207
458 9376
6873 5408
9209 4559
8334 9183
8233 5376
3811 6406
8782 393
2417 2713
9900 8628
6797 5138
6298 4752
175 8683
728 9487
4649 3117
8039 7453
911 9032
4547 2287
5762 5683
3324 7180
4429 9005
1229 82
6274 4186
3453 8851
2096 1941
3458 8994
3850 402
6250 2693
3008 794
7240 9878
4302 6094
5600 6946
305 5442
1491 9846
261 8847
2256 7511
7316 4033
1675 1222
1515 379
9639 6398
8482 234
1595 4478
8765 1727
4160 1863
1917 4455
6381 584
1818 2046
4637 8966
8886 8365
898 7753
2489 1438
7753 4770
4037 1943
4065 360
3154 6895
996 9537
1608 6857
5580 9165
4515 7375
4601 1479
4783 4948
4670 7105
2534 4607
7906 2704
3090 9725
6346 335
8236 1412
6722 2725
1434 3818
4926 9708
8622 6005
8134 4036
1212 1232
9165 9699
1552 7907
7238 7278
4272 6772
565 4719
9924 2301
7004 7497
7401 8252
6764 4041
8231 2782
1476 2017
3606 7166
3481 7852
295 27
8985 3447
5789 8325
9971 2748
7523 9167
3727 3159
2863 9338
493 7551
6356 3119
5173 7259
7150 7650
2252 3321
7237 8768
1420 7548
3951 7969
4495 3763
5757 8226
5895 780
1285 4805
9566 5470
1183 2055
1414 1314
8321 9289
1925 952
5773 2843
4238 6355
4492 8552
7325 6816
558 7378
5406 7469
8678 4358
2322 6271
7296 1656
1020 6206
2582 6306
9629 8740
8739 6569
157 6493
1876 1825
1328 4466
8012 801
596 6865
6138 2390
5042 4749
342 7852
1247 5880
9545 2558
1125 305
7936 7072
9618 9020
6402 821
2037 7244
5463 3674
7265 729
2002 3242
9863 2055
1618 7194
2459 5492
555 2379
7065 608
3637 6228
344 8072
2381 7511
445 3279
957 5491
758 4030
8852 1134
8592 1900
2801 41
486 8270
3660 6925
6349 3449
7567 460
2825 8336
5271 6451
1752 4856
58 4593
6202 5716
9628 2297
8054 2235
3251 7270
3265 9133
3791 1754
9679 3779
2125 9713
4067 8170
3725 3372
8987 5374
7707 9941
2218 5546
7351 7244
1813 2520
3010 3760
6884 7504
2796 940
6836 8382
6669 9382
4855 2435
8819 1646
328 6874
7183 2048
7578 3660
2170 3676
4143 3558
6614 2450
5513 4845
8845 3472
6023 3820
3942 9234
3216 8503
4137 2823
6608 574
6513 8296
1592 4116
1248 6186
3861 5513
5539 9375
1820 4427
6052 828
4304 4842
1777 2917
9654 8149
2058 5377
1828 548
3344 1554
8117 6538
7494 4794
3984 5338
2704 2911
1951 8914
6827 1082
6746 6687
1469 7489
7501 4201
1381 797
166 6700
4470 4074
6827 2242
8883 6212
7928 6788
7601 76
8421 5147
6088 2101
104 2519
4212 4914
9661 2132
9745 6311
3441 6915
6816 1306
7878 3171
6687 9784
9635 4122
5855 6480
8573 4203
3661 797
2820 4290
3662 552
6860 3989
7875 8076
9066 4898
6373 1013
4091 1699
2298 2639
8238 6861
6641 436
6520 8937
4360 73
2071 5645
992 6852
3252 1978
7156 6668
677 9515
1459 4569
4404 1109
2887 7447
1434 2623
7871 927
6200 5567
151 8097
8310 310
663 5172
7637 1468
3111 1807
1370 6101
3283 167
7237 6741
8185 8254
2232 6916
1107 2478
1272 7440
7660 7666
5326 5946
7137 410
3028 8842
5315 8420
6217 8918
4122 7322
2403 7658
8423 5699
5295 3063
2139 8482
2068 2610
3417 7273
8164 6164
5657 2722
1504 490
7022 5528
6922 4208
3763 4090
8805 1666
9827 8190
1658 700
9575 5525
9016 5750
9249 52
3326 9508
9016 2463
1337 4868
1287 7650
751 1855
4713 1583
9554 5331
3242 1675
8380 5359
3728 227
698 1052
8808 9238
7657 2019
6296 9268
3562 8839
9485 8436
6045 9838
266 9638
7361 9142
2023 1103
1012 7604
5225 613
4864 3437
4863 9778
5750 4668
7608 9187
3841 4064
8995 562
5745 3771
3903 7078
5229 8732
1946 7265
4292 5446
717 9096
2661 8748
747 3428
1551 1367
8918 2206
8036 2879
8366 6160
4881 6208
2991 7953
2400 5768
278 3016
7126 9170
8210 4745
1457 6178
9239 526
2788 4502
7107 2879
4066 1406
9997 7672
9382 9537
5120 666
1613 7704
4885 1361
8879 5612
125 3009
6825 3749
6561 3593
2787 4845
6272 6616
6902 3656
5126 4596
4488 2597
5422 2232
2986 7717
855 2524
9434 4141
2678 7557
5090 342
2198 4246
3645 384
4503 9609
8837 5774
4412 1864
3902 119
7994 477
3094 7448
3363 2495
7100 4882
6455 1169
9520 3166
378 6519
6680 3205
4454 691
5450 9749
7710 3736
5324 4666
2264 1241
5323 9655
2888 218
1420 3725
469 5446
290 8579
9112 1035
9551 1819
7793 271
3272 4197
8808 9886
1631 8661
270 477
8595 2931
1084 9187
9496 2676
3726 6404
857 5295
5117 964
8401 8071
2998 8986
5940 8996
3456 580
1473 3589
9607 4867
7200 1514
198 2874
8003 855
2516 7783
7916 8647
5549 6531
3131 2032
6690 8323
5419 3047
4178 9054
9840 5143
1020 9573
3743 3543
4533 5487
97 2601
6241 9371
3529 2720
430 2190
1749 8886
7134 4942
2401 3593
8896 5427
6542 4760
4552 8110
3671 2907
6439 1362
6691 8005
4484 2863
4373 8058
1235 9732
2164 8432
1900 1750
3853 103
5279 3099
704 2086
3174 1009
7316 4623
865 6350
5192 8323
8287 883
7660 404
2073 7139
414 6901
9935 575
676 4924
2413 6888
6301 1173
6161 1221
5814 8707
6802 2284
1563 2970
6679 9263
3599 479
8650 8366
7423 9949
2999 1928
4342 966
300 6265
1445 185
5281 6172
1247 8964
4235 4971
2997 3192
3898 4651
9883 3069
8194 9792
1729 591
52 9382
3510 3017
8187 6378
5194 724
9196 3282
7088 9592
3015 4269
8741 8506
2386 9955
386 6839
6433 7387
8895 6340
8966 6969
2747 7138
9325 243
4525 924
9786 373
9429 7865
8166 5932
3623 7007
3403 3742
7759 889
759 8597
7831 9045
7528 7690
3674 4293
2643 5523
8077 3509
5001 8210
1310 1040
425 4847
2250 9671
8390 8143
8355 1652
1220 1760
1751 8950
4298 2845
1083 5793
7071 9632
2817 6664
3710 6199
499 6723
8746 104
3741 6107
6523 584
2802 1226
8492 2822
7758 8737
3597 1817
9031 1350
3433 4844
2016 6481
6504 2761
2086 4816
691 879
1174 5225
4007 1995
3782 3613
336 9146
7080 6660
9901 3955
8848 8254
3831 9145
6860 5709
6806 4412
4574 8437
9970 5639
7206 1435
4664 3935
3148 595
2846 7561
5351 224
528 787
6263 6483
9911 7776
4872 7399
7557 3567
7566 945
3700 1632
6911 1171
5618 4190
3102 3651
3721 6852
786 6240
5268 2934
8424 6453
6686 5479
4471 9695
7491 4371
8396 1142
287 7491
5178 6453
1067 3338
7752 3968
1614 6480
1714 6484
5351 8554
656 3139
2925 8842
3411 2608
6830 9636
6411 5479
5687 2085
4957 8256
8524 3143
6575 1884
2341 6203
8188 6518
6166 4324
3887 1818
4969 7425
7200 9000
7881 3784
2478 603
9500 6575
4781 4884
832 1125
979 4552
5847 5411
5689 2441
909 2326
5003 9059
6958 779
3488 2235
5279 1475
7729 2758
8074 976
8862 6401
3446 1052
7833 412
1539 6433
1947 2876
695 8479
4772 8580
3140 6186
6917 3796
8264 6229
6757 4519
2804 7967
4645 1764
9094 3515
1285 3771
489 5969
5530 5939
5306 9883
7470 1831
9742 513
4432 6621
6683 8425
1325 1617
7650 1656
9190 7966
7682 9604
7768 4016
1589 9649
4208 3094
7422 9610
4555 7176
3816 9781
6436 1186
8989 7673
1639 8519
9680 9982
6685 920
7333 4423
4199 9704
9327 1797
7908 6099
2161 7781
5666 2511
9521 7974
7139 5400
527 3620
1834 9182
4681 380
4423 4256
8258 4852
6175 6073
4265 635
9115 4732
7422 9447
3954 9943
6481 6937
2530 1196
8714 4315
7873 4808
6230 5281
6452 3434
2459 8456
3032 4478
8657 8788
8435 7277
3263 3379
8890 3043
8322 9897
5084 3115
2548 2300
7786 7327
2839 8050
2577 6288
269 8673
4151 8219
6314 6557
2886 8619
1058 5545
6473 4853
7759 2954
3061 5721
6117 8450
1167 5604
3359 5827
1154 9806
1343 2220
7935 8058
8636 2184
5144 9013
2234 5820
1297 9942
9709 4417
5521 6314
3101 9168
167 6838
516 3137
5582 3515
1185 9334
3232 4115
2444 7554
4960 4581
7428 9097
6821 4271
4869 8628
3843 7243
1177 1179
6123 3761
1808 4605
2944 7529
3949 2736
525 7733
1001 3861
5317 4590
8018 7661
8024 6267
4204 1352
9236 3514
2570 9219
8954 2967
9812 4572
3481 4146
9941 4374
9507 4820
3242 8966
6862 5513
4600 2023
1460 9256
2555 8183
9110 6988
7844 2725
8943 1964
2055 9751
4783 3650
6501 8175
6049 901
5241 1371
8875 1651
380 7497
1756 2336
4271 8675
3445 6929
9610 4093
4430 1588
840 7478
7226 3734
4820 48
919 947
6904 3879
5808 8264
1053 7194
5942 2376
1663 2784
1522 222
2401 1749
1483 2770
4476 5321
4349 4693
8558 6191
7865 8322
3028 3949
9973 5857
3468 561
444 8685
5792 5060
4026 5081
7286 6052
5935 9655
5033 7436
4943 2005
6761 5909
1473 8984
5042 1934
6481 1632
1837 7110
2235 6872
8072 6638
3341 3642
5458 1053
5101 3400
6255 3106
3097 4699
351 369
6936 799
2766 9898
7381 8395
6939 819
5365 1244
5147 1206
4103 9519
6588 6828
5170 1398
8147 6389
9595 5484
4089 6227
7161 8495
7855 6951
3050 6477
264 7131
3446 1393
5476 1519
7667 6817
7635 7710
8050 1488
8458 5759
2800 3778
9612 9671
6013 6247
6444 7974
5067 9297
9256 8083
4946 7188
6614 4011
5332 6382
6458 7078
5746 1030
4822 4241
4842 2062
7982 2106
1026 1736
4740 1680
8413 8500
5636 3049
6916 1243
8357 502
5592 1694
9283 9555
7072 724
6991 135
1777 6573
2966 8906
2625 3818
2082 948
3373 9053
819 8663
202 8630
428 8337
715 9285
6642 7510
8816 1226
9982 1492
5303 7366
2217 1094
4241 1538
2673 6644
5491 5221
437 8097
9932 7517
9201 348
4166 7874
9455 8100
212 4155
1323 3161
3449 9261
9574 4293
3619 6348
1876 1614
4899 2858
3264 1812
8304 4630
7197 7186
9017 7279
6604 3192
1497 4191
3475 1230
332 9782
6900 6078
5485 8566
4654 9714
1807 6364
9141 1176
6724 7470
7919 8738
1860 4840
826 9652
1659 7830
939 1993
9862 4813
5683 299
1392 57
4353 8550
5802 9074
8427 7462
476 451
9465 8405
2490 6838
5545 1394
3383 3628
9725 3901
5911 4550
7561 3936
3834 9489
4209 1109
9213 668
5912 3482
4044 5610
1290 5599
9024 2320
8036 147
7413 6125
4841 7459
8503 8399
8683 8545
2474 1290
5098 5733
5412 2855
19 4190
2950 9222
2599 8008
3489 1157
5350 1091
8714 1729
1059 5955
8175 3557
1636 1905
4766 2568
1488 8854
3326 4880
2719 5704
1920 7216
6307 5492
5928 2549
9330 5825
6855 7216
8829 209
2078 6402
221 5657
8327 955
9610 1375
7326 4177
2157 9970
328 5163
2418 8284
6151 6629
9695 1613
2099 1788
10000 5506
8514 6732
5150 854
6718 4719
5112 3241
9107 7441
2420 9967
3031 5498
1927 5218
991 8926
5910 8045
9204 6247
6961 2182
5005 211
4713 2415
7547 3882
669 9765
7097 1601
3458 9532
7924 8150
3213 9882
7461 6923
5152 2149
9342 9381
1955 4111
3756 1857
7867 914
4551 186
5906 6035
1779 4811
7310 3623
3350 8549
8326 9322
1406 4972
8079 5457
5477 7638
3174 6895
5783 4898
4744 3213
2734 3662
4932 3704
1602 3448
1500 3208
259 1529
7986 2339
1257 6977
4481 9814
9367 3499
1643 9944
6180 3921
7595 427
7561 7982
389 7594
6457 6975
2288 4669
9529 5026
806 9895
1745 2641
8542 7679
4274 4213
7148 5328
6552 7081
2441 2513
872 7730
3461 6625
3814 8815
293 574
4342 7538
9614 8461
4712 5458
2273 3199
3923 7807
1957 5769
5495 7505
2042 9531
425 3420
7047 9357
5143 9465
1476 4118
6768 283
9181 4641
5122 6188
6270 8110
3064 609
141 1790
7619 1680
6306 8282
2134 789
9827 8704
5836 7035
5111 9063
1609 211
7475 9288
1865 574
26 5945
2046 5580
781 8924
9458 6438
5946 9970
3211 1499
5605 5307
3608 9606
8140 8034
7460 6984
9716 6690
4573 8828
2102 2399
3105 9085
5770 5206
4972 9900
9371 3292
8741 5605
528 5587
8329 3931
2590 7487
8479 1415
4262 2497
2917 7697
9311 8985
1497 4623
8134 5568
3945 7051
7541 1818
4585 889
7991 2021
8515 7123
8544 4563
9680 2890
5403 5623
8936 6019
6558 7865
1431 5482
5171 5987
6111 9806
2426 2650
1144 1882
7753 9585
1928 7381
5092 3766
8403 369
7568 1478
3712 3091
7210 3016
1438 1531
6865 1143
984 3524
8000 4540
5431 5600
1019 4382
8150 784
977 6418
802 3522
7014 1678
8272 8854
3181 560
1160 5990
7257 1410
2074 4497
5655 5763
6670 1422
9710 4726
7833 7460
5354 8019
4507 9439
5534 3693
937 2703
295 5225
9918 4787
3041 8555
5540 9697
3504 2375
7671 8706
3727 4508
5893 8000
4413 4291
9788 5040
9514 5456
3699 1917
2440 1286
2951 4147
7924 7495
4732 2844
1604 3392
4077 1948
1437 6729
6266 8815
9861 7761
1887 631
836 5318
6359 4803
5064 9020
4733 8468
2803 681
7134 4012
3803 9892
8095 4107
522 9679
1639 5221
2934 3879
348 8308
7248 3188
7017 2756
5915 3501
3808 2767
8331 602
8066 2711
6626 5090
4975 3000
5098 9135
38 7832
8553 7168
4106 7749
7495 9666
3317 889
744 6071
9983 9619
8355 4183
6679 867
5864 6953
5093 4024
7166 3327
6021 8729
3772 4024
2175 6247
2675 2404
549 9867
9164 6207
7732 3409
2319 9695
5790 574
2014 4383
3861 5226
2429 4661
1483 334
2795 3856
1402 9075
597 1212
6184 2657
8389 4924
7231 225
4986 1827
1366 1317
1076 6940
6909 1044
4634 6145
5815 8322
3419 6290
9480 2392
6231 9713
4308 7645
462 9573
5305 6513
9408 7552
8662 8459
3301 5024
1261 5891
386 1824
7930 5365
9497 2472
5414 9213
1283 3292
5441 1197
288 8278
862 9473
6166 2114
6062 4616
4130 4127
6954 9345
8080 1473
2303 2607
1114 5380
9162 4275
7299 8242
468 2193
5634 3954
6076 121
6624 4710
9701 4198
4558 2640
6677 2123
3307 3960
71 2037
4407 7545
7215 9216
880 1259
7457 7793
4733 6545
7650 2086
9061 3287
3112 7847
2579 1156
9040 5202
3070 7257
4563 7159
1904 3278
4712 2906
529 6022
8943 6573
7269 4830
7198 587
8049 9137
5175 1049
9849 6540
8719 5242
3399 3209
2623 1217
2354 4769
8171 4416
4179 8844
7178 3208
3596 7648
8741 8278
6770 2542
1413 8347
273 7827
563 3701
6754 9988
4545 8061
3133 5615
5922 8618
3800 9199
8070 9246
5625 867
3493 4356
3640 3651
1566 2516
2826 1074
2155 2012
6450 5574
6629 7439
4252 1922
1878 4787
4524 5318
1428 2837
4875 3675
975 3158
5672 3895
331 2069
9502 8983
5330 7624
6312 7446
2935 522
5536 6442
4518 3005
6576 1116
1567 876
2554 9974
9165 6564
5369 627
3601 2222
4499 9618
6467 5493
4216 9850
9656 2506
189 9301
2266 4162
7324 5037
5773 9426
9750 3810
4750 599
1203 4912
255 8617
6206 7652
9728 2499
5613 4871
8627 740
1641 2346
5251 5790
9706 3595
8956 9228
3074 1218
1928 3387
7190 4905
5595 4692
4381 6824
724 3926
7526 496
8460 3485
8698 5436
3957 6828
1388 198
955 6919
8712 8229
1298 3019
7173 8540
8870 6564
5520 3815
7958 6015
9620 2653
7264 4753
9699 532
1543 7284
8096 7051
1261 3581
5439 6003
6072 2858
8143 6876
3869 9096
8929 4341
1675 1383
3122 639
4172 8498
5552 3095
4135 6239
8488 8194
9033 7946
2745 1415
5201 5539
5174 1444
3061 7805
1563 9749
7362 9015
7417 4902
4336 4317
9681 3205
3101 5754
1679 1571
3157 847
5517 2437
8420 5380
227 9004
581 2768
6100 8878
7356 6945
4301 355
2187 3363
850 3675
7232 4258
1837 5255
8022 8778
8823 9269
6394 4780
7093 9839
7519 6217
8749 8687
4093 7624
2576 4308
7566 6327
5104 4966
2898 7592
2287 6275
6918 1388
6105 1569
9021 9894
3493 634
7639 4838
9232 5350
2554 2007
6581 4702
3364 7974
6345 5134
2328 3865
9565 7630
8978 2373
3949 950
1874 2271
3001 6769
9904 2968
9847 8456
6728 5658
1773 6168
6031 9281
7491 7167
8357 9146
757 2326
1942 2698
9398 9837
2144 4638
4410 2659
5590 3948
5194 9250
6966 5885
7947 6599
7458 1458
6556 177
83 561
5398 6889
4597 3814
3381 9256
3296 7995
5403 4686
3101 5280
1485 7032
5111 7555
8020 828
1503 5179
4649 2110
6189 3260
434 4908
2615 5063
3644 5162
3376 8936
7054 6987
7423 1596
840 9493
2211 5354
7942 520
2036 968
5583 9735
5766 4552
1421 7995
4329 8240
9563 5485
5547 3249
6902 6084
6107 5104
8304 1791
8139 5937
8888 6033
8263 8152
483 9982
9279 1029
4331 8583
2411 8700
5460 7105
5209 5522
4898 2806
6553 9159
2934 4182
8757 7351
2134 4083
3530 9133
7505 5815
477 1423
9564 9215
3104 9531
4663 1036
8181 9529
9385 6625
4997 3585
915 5944
55 9751
2639 8116
5527 2914
2811 2819
3685 5164
4290 8433
296 1431
8162 7977
8197 7587
721 2334
4598 8338
910 6114
7817 3060
4521 2102
2239 528
213 2044
9263 7111
6109 2949
3040 4637
5765 4740
6481 8448
5893 8308
8734 8321
6504 6492
3699 3289
2649 8539
3134 8241
8839 1784
4956 1479
8711 5307
326 2673
8534 368
3797 5015
3077 2124
1623 9775
5715 2255
2842 9047
6875 5954
1820 8228
6122 8140
7854 8070
2571 746
3541 919
8013 563
7438 7271
4595 77
3132 8271
6404 7911
5959 937
5344 9223
3727 1238
6096 1242
8242 939
9309 4040
2353 1322
5800 8381
3400 376
8058 9345
7964 7820
627 9608
3663 9438
9501 9137
1185 6111
4807 5807
4982 2604
405 161
6126 2679
1799 907
1064 2294
9836 2583
2703 1054
1477 3681
8601 4592
3914 3919
5876 7304
2620 5061
2022 2331
2091 2574
6089 9322
5670 7764
8241 9366
7239 526
8394 6207
6808 2740
3845 8210
2008 9806
8631 6662
7360 6334
8894 5805
86 3660
7592 9135
9288 2679
9471 6135
4361 9484
7885 1086
7152 9192
3059 7560
9959 5833
6385 2575
7754 5892
3863 4743
3412 4640
7786 3748
746 3302
7818 3775
3202 4801
4529 7365
9348 3193
8209 2045
2582 3303
3454 2255
2322 7526
1532 3792
9712 5706
623 4868
6729 333
8765 9698
6361 6549
3324 8987
653 1077
333 3794
336 9779
1222 1140
1905 7206
858 7048
145 2276
9311 8605
9783 5103
5747 9759
33 1914
3340 642
7555 662
9554 5419
3066 3349
8882 2523
5576 251
2999 2064
3504 2759
873 2120
6896 4355
1126 4508
8759 2733
3845 606
4209 8979
8661 8547
1869 2035
307 1102
3541 5277
9651 7031
2453 4996
4049 9427
2018 5211
6013 131
1726 4345
2345 2486
5202 946
8098 206
3794 6055
9239 3883
7901 2194
6237 7007
1828 8695
7653 6394
7864 1294
4058 4101
7204 6153
2993 2150
2094 9204
7749 6798
480 35
9504 4754
3106 6338
9016 6790
4514 5325
5910 6721
891 8413
813 7210
3808 7462
6860 2110
1296 6681
6208 6500
2245 7293
6343 8079
1677 6206
6475 1699
7781 1430
5631 6726
7366 9660
3781 2612
644 6718
9598 8837
7688 8855
3195 420
8737 1092
1905 3339
5325 5477
3110 1908
7376 8584
4418 4997
9119 7324
949 2325
255 5523
2233 2693
3476 9651
6063 2162
8012 8246
4616 8146
4970 2767
8749 5243
5939 1030
7022 1302
4029 2104
1916 7915
2473 605
3519 1470
2197 9526
5905 6245
1039 8714
8215 6653
7231 8923
5521 1720
8205 8558
4680 4277
975 7768
1664 3180
1850 2057
726 999
1696 7405
6930 1565
7809 4115
4404 1235
769 8343
3341 2803
8838 5156
5147 7211
9885 8257
5270 1558
9230 7374
2231 2645
1959 2647
2591 9972
1785 462
4127 5550
325 4113
7050 2676
5927 257
4509 3529
7700 2104
9464 4981
4886 3327
5153 7451
5100 42
1428 1165
1894 8441
4298 4067
3101 8077
9114 3726
1199 7525
1016 5588
1629 4573
1551 9331
6402 4781
5661 8885
751 6338
7522 9121
7184 2233
7243 4496
810 200
9389 7988
4495 7727
5420 6452
4223 3463
9414 3738
2806 7072
3985 7092
8597 7013
2615 6635
514 8820
7528 2295
1569 175
8120 6096
4114 633
6349 8042
7567 9013
7180 9243
6670 3494
1452 7258
7778 8600
998 7915
6732 5414
7654 8911
3955 9905
6793 3380
4628 4391
8914 4353
1536 1292
1594 5657
4922 7291
599 7870
4874 4493
1024 2565
2724 1918
3935 5149
8834 9164
9245 2736
4107 6763
1512 4962
8207 539
3826 8626
7860 1139
3996 980
8726 7823
3813 4268
1087 904
5212 106
6734 4457
9882 1221
6331 4923
2141 2098
4521 4097
8494 8964
5184 3234
3329 1310
4516 8833
7236 6882
7166 6226
9240 3949
4429 2239
5923 439
2673 9665
903 4457
1128 4373
8223 556
3319 2559
3302 3327
8146 185
5080 8112
8900 5949
7757 501
7065 6438
5372 8319
6514 6365
5470 609
8131 4051
4835 5715
4746 3901
8443 5341
9808 5339
9709 6235
8569 8728
1696 8318
5355 6586
1277 346
7718 8939
3052 1696
5073 5189
3630 3609
7982 6215
689 1085
4531 2034
1668 862
6155 1379
8225 5479
8636 9600
9758 4306
7724 9002
3989 111
412 6787
590 5992
4606 7153
6768 6386
4534 5841
5312 621
2095 3698
8072 4079
5055 9237
565 2639
1419 9333
7151 4199
9783 7321
2851 7873
3450 7246
3190 774
4369 378
6023 8427
1884 3111
532 4832
6894 2537
4212 278
8326 333
8302 1004
4444 9269
2711 6713
9965 6611
6393 5528
4142 3029
3913 6554
1762 7495
1384 9550
5998 6261
6113 5325
8881 833
7268 1945
2737 3188
8070 2834
3876 1415
2724 8125
1379 2035
8655 8931
218 4774
8223 8198
3282 1543
5256 9802
2279 8144
2864 861
4649 4490
4153 3553
5464 9301
5744 5757
5111 421
408 3490
4906 5095
4162 2172
9058 8157
2323 9834
8590 9555
8667 4229
6653 1030
6305 145
6228 3314
8010 8207
9113 5221
5084 8002
2237 3431
8796 3108
4235 5960
7343 513
67 9305
6669 404
9977 6219
5002 501
7913 916
2950 6568
9366 7366
6247 5670
5006 421
4147 1807
6256 2642
6336 8544
3926 8443
9942 7756
715 4768
1443 4637
5164 3516
8539 7041
649 749
8590 9802
4489 9777
9853 5405
9308 1880
1831 8702
7208 5735
4848 9887
3098 2162
2929 9998
2630 7606
5797 1021
3815 3027
8466 5293
2910 7897
6637 5099
9988 6011
296 5883
7037 4977
6071 4637
6576 448
4389 2603
6397 4455
8499 3075
8066 6085
7172 1093
487 9545
6822 982
9052 4346
2633 1764
3989 4690
4139 1110
1263 3855
83 9417
6228 1041
2233 8455
967 6477
2318 6112
1456 6178
5565 9188
6172 3028
9114 6190
1973 3649
7664 2917
290 8681
6800 7631
4611 2072
2936 3562
9787 542
1854 1233
606 5367
7195 4401
7927 2717
1562 3729
619 5549
6602 6580
4618 5347
7759 8938
524 1283
3997 8577
7798 5524
8884 1315
76 3567
7075 4607
8992 1556
8939 9279
1202 6520
6784 6082
6700 6500
9835 5383
3677 520
9329 4572
5956 7992
3670 2131
2354 4365
292 7821
5004 4934
8672 6876
8839 8914
1148 3135
9168 397
9834 171
1227 8592
8864 8309
2819 7182
5330 6510
7758 3713
4621 8684
653 5702
3995 5103
3189 2724
2393 4105
6571 6742
288 6159
5877 1544
3250 9544
415 7980
6973 8802
3658 1303
268 8004
9940 2913
8334 2971
7783 1258
8231 7061
6317 4963
6533 5920
1354 2378
8746 6024
8575 9752
6909 1993
8739 4772
9282 4950
1519 261
9280 6821
8590 3745
2535 5693
9349 3476
5936 836
3968 7777
2734 2280
5143 8370
2920 9831
9482 3880
5252 4209
5896 5625
9852 3036
8339 5630
5689 912
8925 9538
6142 8357
9209 9199
7427 6067
7551 5576
2082 8272
9412 750
2825 5288
3341 3646
9886 9854
6588 867
4359 2161
4202 5002
7082 2214
8652 5659
1383 4804
8128 7101
3102 3259
7590 8045
6246 3457
7099 2429
7932 2376
7359 9787
8528 5342
2092 8717
9978 9241
6759 6553
1068 5653
3034 7740
9186 1635
747 329
5408 6638
5713 7814
4923 6618
1207 5580
4576 9990
1549 4214
1730 8421
2450 1421
9810 4937
1810 8554
6715 481
1604 4145
1056 1918
4191 5206
5989 9955
6884 7015
7140 5156
874 9505
6595 9684
3168 7112
255 9242
6929 5581
3703 3455
8987 8191
3037 9975
1260 5563
8430 297
3422 3652
4251 4742
210 1281
24 8084
2074 1939
7865 8734
2755 8951
6425 6527
4708 5604
7141 8399
7734 1764
2664 1295
5677 545
2289 9249
8991 3126
2225 6979
9233 2244
9453 8668
8096 4931
9125 9131
9151 6104
9343 2323
3463 5324
3175 4697
7240 3470
1714 805
2736 5807
8756 508
6521 6585
954 6928
3191 6340
5945 4940
8557 1532
9348 7404
594 976
2305 3108
2090 6604
9383 2656
161 8329
2996 8353
182 1589
5781 8285
424 531
1985 7740
1191 3390
7784 2437
6454 848
2070 2879
6017 8671
4779 1661
5080 2655
7426 9096
5932 6494
5189 8868
1187 3424
121 5110
8977 9057
5798 965
7901 3920
9819 4241
3439 4676
5958 8487
8189 3707
8809 8030
6873 606
4574 6068
5266 7778
9504 3116
90 120
4754 7523
9449 505
7814 3802
3197 1756
1089 6472
2845 8356
1872 8306
4736 1927
3851 8863
6786 1309
4966 3182
548 7422
2071 2878
4285 7172
2550 4410
5793 1298
4426 2097
686 9741
5101 3407
2181 3463
4291 3802
7638 729
6433 145
9699 8648
9249 6647
7014 9285
1712 8049
3731 2356
3683 4967
8420 7950
6978 3969
2895 2109
7014 5476
1269 8367
2333 6067
8624 7825
6437 1222
6197 9556
9840 4217
7564 8268
805 2943
3022 4477
2960 3101
8874 6818
1481 411
401 9660
5773 8607
9684 6968
1422 1966
5977 6184
4403 9218
9962 2696
7697 5804
5850 2796
1667 664
9339 3092
9064 9804
2472 9942
4149 5453
7858 2985
812 1138
8424 4421
570 3043
3469 6200
78 1347
2767 8176
8487 9092
1542 1954
5558 1122
1974 7168
7886 1137
7264 5470
6742 1158
7508 6781
3326 7368
2782 2804
1966 9113
9134 9389
3268 9209
5413 1372
4281 806
7705 2004
7857 1816
4991 8133
8121 2767
9629 7473
3273 5142
6264 3736
5857 1377
168 5477
6998 2819
3392 8259
7344 3853
2096 1555
2010 3558
7514 4474
3966 1638
3398 4874
3301 4292
610 8414
703 1337
4133 9584
198 7014
4334 1009
8629 7264
7597 1678
603 9681
7499 3689
8697 5022
9438 1546
9077 1258
7246 3579
1639 3555
4355 1534
9011 3818
1384 9697
5481 5247
576 3184
1666 7812
134 6002
7995 4555
9238 2476
6288 6788
2138 7821
1660 9614
9063 1051
8102 458
1440 9638
3263 6202
8889 5067
1182 1051
6736 1255
9574 3227
7750 8610
1347 4262
6722 5768
6639 4693
182 6134
9467 6382
4568 4071
919 8411
8466 9902
5241 137
9380 7580
4918 9252
4058 2491
7232 4996
2511 295
4055 1506
7438 8138
4057 7901
6645 343
8985 3384
7246 1835
3287 8360
6771 4619
7295 1846
4988 1380
2012 309
3860 3286
8577 2421
985 3010
5523 4525
9648 43
6207 7921
553 953
6393 803
9555 7552
9655 7564
6537 7996
2748 900
5527 3330
3338 3821
6842 4203
3373 9545
5592 9337
9403 8671
8188 7042
274 2283
6440 3547
4397 8327
7868 4368
2279 6896
7686 7230
8632 4733
6263 6170
1811 1030
4059 4839
2057 2883
6002 3481
1716 4382
3370 9099
6275 401
1448 9091
9862 1036
1186 1346
9640 8440
9637 8235
40 106
7965 4518
1391 7515
384 560
8330 1058
8371 9151
7255 8373
8350 8549
1230 8324
6282 4379
6755 8655
2802 5303
8540 6511
2266 4203
7424 388
5055 3897
8074 3642
1503 5919
6156 825
3825 8952
6703 6993
597 9091
2693 5598
3762 4332
1858 2227
840 1160
239 3157
3587 922
7983 8759
4271 9117
7065 3357
134 742
4582 8085
2335 688
4271 4097
576 5070
8071 9202
7661 3314
8717 6382
8471 9869
682 979
6526 47
9312 5873
5211 5442
4874 5169
3600 7407
7745 5854
1433 8142
4944 6039
4284 3481
3317 8513
5830 5726
6087 9534
3640 8118
6752 6813
6702 1618
569 1077
7333 2753
2657 769
8973 2330
9426 9565
4889 5677
4715 7934
2329 8983
8511 839
4953 4323
1279 4422
1493 7792
3730 7665
6059 8856
271 9564
9960 7803
4113 9404
254 5850
3741 5012
8260 7619
75 9418
156 2445
6625 9105
6367 3295
7274 7350
2584 5705
7002 4406
1433 394
8210 2875
7563 7748
5363 4844
757 8532
2906 7858
8932 248
3812 3944
3808 4358
1709 3398
7268 2756
7286 5124
7738 8298
3521 2694
6312 4856
1458 3038
1978 461
5135 5907
4039 2456
966 5606
797 8657
3320 9022
2056 5162
2115 382
9113 2202
2763 8893
4393 1894
9461 4294
5973 1281
9342 5900
5373 4533
6394 8071
8389 4029
6677 622
3031 1918
5407 8391
7701 6678
4708 9304
3923 4938
9425 7957
850 7049
7355 1943
9162 7682
1658 9974
6820 4385
8308 8867
7721 3671
6201 9483
4459 9815
3767 2572
1698 3775
9607 4006
2524 5317
2070 133
4962 2673
4939 3819
9556 4156
7707 6937
5950 5367
6061 8473
5918 1522
533 9870
6679 7626
8353 8816
6914 8053
4676 2763
2620 274
8277 4704
7338 1886
3987 9657
3480 7096
4454 4286
8676 6382
3768 222
410 6181
454 1262
3856 8554
6556 170
4697 9293
5040 7813
6841 4366
6233 5959
7744 1330
4428 6504
9705 9683
4735 7779
5532 5159
897 2760
8874 4502
4226 7871
9760 2397
8894 8192
8818 7081
6490 7713
5859 7758
636 294
262 8416
5737 2787
3405 3438
1157 8427
6558 5781
344 3057
4975 765
3332 5715
1884 9583
9638 6283
1219 7804
6651 3828
4556 5356
7792 9005
3359 9239
5231 9706
8973 8231
820 6658
9357 7238
7391 7329
706 4260
2568 3495
8668 645
4923 3109
2645 7082
374 5395
9009 3271
2386 4598
6107 7299
4261 5013
9166 4093
9942 1790
7464 3671
2487 9907
6449 291
5583 4883
9123 4834
1795 1435
5633 4360
1785 5921
2829 824
2538 9652
1825 8587
9502 6869
5853 9584
6363 3975
7729 7097
7920 5035
5289 847
9006 9828
2190 7879
3754 6862
1377 9555
8014 123
2788 7097
8413 2714
6687 1941
908 9263
2938 9178
2872 3069
262 2096
6221 2667
789 4033
8054 7078
6323 1456
1472 9482
8265 9499
8442 862
9641 3814
8530 2996
7352 5469
6750 3659
8787 8499
3326 131
7439 3983
1280 8862
7842 384
9157 4110
6997 7918
5796 9468
7072 4350
4291 3151
7267 7585
6522 4788
3181 9246
6506 5691
1134 2481
928 7508
2748 2551
3451 7452
6958 9536
4385 6807
4493 7545
149 5591
1426 9358
9908 4025
2831 4834
4539 1737
9063 8982
878 3994
5829 1826
9633 9773
4495 9762
1149 2918
3186 8041
7289 9190
4596 9438
4384 1010
1032 3553
8190 7070
3127 5474
1301 8903
9170 2188
1290 9027
7128 5344
6820 767
9135 5927
2861 5912
3798 4089
3614 493
7760 2706
9219 9364
9808 1041
3853 658
4359 4262
4407 4149
9373 976
2564 407
9691 8882
9356 5377
6505 9901
3017 8807
7560 4217
6827 6552
5117 3456
6200 8435
6820 1499
425 6095
9673 2234
101 6279
7493 5322
8503 5080
8617 1493
8096 7079
8988 4112
5988 1416
1998 5634
3418 7458
9902 8638
9560 2306
3730 2359
4230 699
9700 6362
3735 7949
3468 5886
2795 9020
4738 5338
2540 1697
6389 2826
8215 9301
793 8087
9635 4854
4545 8619
4686 1334
9182 6015
568 6172
9233 359
7787 3965
3338 5123
1815 6874
7947 925
1673 8789
1157 2230
1225 5631
4362 3273
2432 2076
1291 4418
8349 7290
1122 9317
8958 809
5953 758
4440 9475
8824 3800
6057 1609
9467 9201
4980 1010
6033 614
2022 343
7681 53
737 5851
5802 7514
1020 896
652 6763
4311 1161
7465 128
5805 3359
822 7604
775 9230
704 4558
7244 831
3488 6510
238 3208
9880 1316
9405 6886
237 8690
2476 6871
1530 7310
9637 8969
4853 5526
6415 2091
5568 5150
5714 9915
9977 3601
5568 5645
318 696
6671 1658
7219 7401
5535 3647
2765 2614
7539 1385
3510 5376
7751 9454
6308 8010
1369 9483
7746 8527
9995 3586
8864 1334
9222 644
3377 232
5868 6506
2905 1536
6054 3081
3841 1987
321 9547
4519 1934
954 9738
5759 9008
9095 9445
4819 5208
7943 9630
6372 9874
3748 1910
7772 4856
4258 3630
8576 2531
7819 5351
9132 2912
5853 4480
9031 7339
2729 1945
4250 9092
8625 789
4539 9896
7312 7122
6108 9912
2999 5328
930 9344
5991 8878
8153 6040
1454 6130
4276 8603
1336 1132
8902 1623
2779 5321
4219 5847
2183 8885
1445 8639
9670 2825
8742 7536
5094 2283
8628 2098
8433 3423
954 268
9691 7907
7951 2190
4279 7282
2194 6690
9116 5936
5380 583
1752 4781
305 3281
1395 1279
7571 8507
8971 847
9744 5788
3606 1456
1026 7791
3447 261
102 3099
4632 5674
7549 6511
1170 6697
1451 7148
2731 9225
4509 163
7835 8226
611 3003
6889 624
2973 3643
2910 7763
3665 2881
8646 1890
9332 2650
5597 8389
1497 9390
5937 5458
3040 738
5642 2044
9977 7407
2860 9763
6712 1953
5071 9379
9603 996
7227 8891
5449 9676
8651 9847
4386 1559
6127 6939
5609 5082
6501 6524
2619 7112
6974 2773
7884 4732
4091 9358
235 4493
6150 1423
1555 7249
360 8852
4358 7603
4257 2333
7385 1959
9444 6606
4135 1189
6621 4480
4320 9475
7143 9925
7409 4059
1160 438
5046 8179
9809 2516
1798 5030
1345 5631
1874 918
2657 53
8379 8729
8616 3689
2410 7539
9775 3503
5791 3946
2102 3504
4557 4425
8231 1690
4320 6994
6658 9066
7747 3825
4249 8278
5259 7866
3813 1787
5970 8563
5247 734
6509 7208
2370 1665
9612 66
2071 9609
6058 4352
7549 7981
5330 1836
3354 322
9876 1150
8611 1235
1215 1882
712 3177
1866 1488
2357 1070
3945 7230
5523 2536
8253 7751
8175 5046
4419 9512
1529 1860
4640 9378
1671 4721
9265 4145
2317 2113
3220 5603
8352 3727
8874 1773
9689 5686
9778 1373
9036 9141
4540 9264
8415 6977
9608 2219
8059 5953
207 8481
3616 6274
5557 7802
5430 607
7663 2295
8633 4644
1251 1820
1496 3630
6554 7163
8085 8665
4992 3121
2795 135
5651 9949
5707 7653
2834 3203
3736 9266
4929 3339
7388 1949
6319 3365
490 7690
642 6694
7694 1823
3571 5873
873 1622
2376 3632
873 6082
6618 7237
4746 5943
4214 6162
1550 5508
3311 8026
7488 2782
6598 7648
5024 6262
2473 9404
3429 4220
3161 7134
7091 4980
1472 4738
3130 4717
8935 804
5233 8323
1804 1659
8570 2664
7945 825
8290 7574
813 5794
7966 3196
773 9849
5687 1391
7142 7825
6270 4730
2815 5977
3286 1068
7991 9482
8652 4888
8722 3991
1674 9523
3380 8548
2888 6680
821 7687
3184 9985
951 7059
5930 1672
5983 8995
8919 1179
4174 6334
9114 9160
5676 9991
2675 7998
4584 8207
4185 7340
731 9377
7766 6658
3395 6372
2115 1943
3168 9476
3930 3164
7720 5423
7958 7779
5722 3072
1507 6441
7956 5711
8152 7069
9225 5094
3870 4296
3204 9226
5383 4576
461 8472
2745 1199
