2497
50
5195304
47 47 60 59 57 51 42 40 54 47 52 53 46 50 51 50 57 58 42 47 49 58 47 55 47 54 41 60 46 54 48 60 47 48 55 54 50 59 47 44 56 41 42 43 44 45 47 40 50 56 
-92435 -106863 -136543 -132216 -138409 -120301 -110503 -84638 -111680 -97835 -116146 -121511 -116317 -111747 -113669 -94676 -124012 -121426 -94547 -105414 -109032 -121678 -111427 -121874 -103314 -112687 -81175 -136073 -93097 -123330 -102184 -126103 -101036 -105915 -111918 -122859 -114961 -130337 -98839 -95160 -106672 -85170 -84660 -99410 -87523 -106937 -106565 -82231 -94245 -128484 
92123 81875 98436 118920 113418 81974 87722 78379 116702 76563 100277 90558 86786 100770 78834 109794 98128 117734 79702 89093 93753 105516 88085 103813 93111 97518 82154 107362 92927 116365 103684 112272 101116 92526 97813 111871 100101 112016 93453 70849 99951 70837 85752 79970 82778 89615 77014 80732 96627 112722 
3520 1756
4792 3784
3934 1623
1317 3311
5050 3748
455 2928
4922 803
5906 9087
579 1271
285 8591
8111 385
9021 4715
6294 7348
2412 6538
9741 9149
1151 3081
8287 9521
5245 9756
1255 7804
4975 8195
4911 742
8254 6281
3261 202
5595 499
7918 9661
1680 9611
2625 4628
8011 3284
3014 5732
7841 6119
2448 5983
7132 1090
512 6637
755 2050
606 7658
6275 7306
1883 4951
8714 8072
4675 5598
9694 9876
7525 2418
2215 9839
3931 156
717 4720
6747 8318
577 6714
7596 107
8387 7055
1542 5312
7184 7937
8037 4857
4651 8307
8790 4081
9441 892
7859 9147
69 4443
4871 9524
9139 5827
5457 2677
5069 5963
6218 4601
2781 460
600 3725
1994 284
1233 4414
1784 8324
9503 5786
8108 3186
1608 9422
6925 6530
9825 4120
3500 3737
6954 1341
7954 3016
6777 346
870 5416
3868 787
1383 9800
5760 7932
7106 256
8831 3765
4899 779
2986 1571
4707 1409
6134 8947
6568 4479
719 4366
5930 358
4900 8477
7262 5929
2946 1760
4829 4453
4236 6426
5317 2542
4128 8672
8629 9293
806 1912
7894 2417
7932 8191
1130 8159
9648 4417
6198 8114
5630 1693
2974 1053
8148 6341
9660 991
7924 9678
6543 1247
566 1085
5998 3869
8696 975
2548 7416
2980 845
5471 7209
3308 7809
4063 3277
4925 1375
3059 279
8516 9556
1246 1021
4098 220
8497 5546
8938 1790
5457 1389
6382 1736
5573 5950
3302 4213
6842 1373
8947 7370
6208 9743
6275 7796
3747 208
1514 7613
2067 1213
52 2222
7217 3599
7110 2224
2028 5592
894 9950
2051 2664
3161 5791
6911 3249
7956 217
6686 1913
7642 2600
3036 9837
4306 2393
6741 1354
921 1353
8497 8043
4632 7853
6838 9727
585 3495
9967 1076
3017 9818
7489 7696
3708 7098
589 4057
3518 146
8326 6685
5045 2556
1844 8161
9470 5169
9761 5820
8988 3356
4195 7318
7593 4134
4493 8728
1472 6423
3732 5374
8975 5792
9819 2083
1460 6001
8515 9832
7241 729
7145 9718
997 8113
7523 3666
983 9706
8200 8148
3003 231
3747 1479
323 6111
5469 3206
4060 7537
5632 5618
890 4992
5884 5582
4539 2418
8793 4560
2874 5463
7291 6812
2144 209
9573 216
2933 1270
7351 967
2439 8798
3261 6228
8431 4995
3909 4213
9902 6887
4272 5612
3531 9155
2816 9790
1674 1366
5896 4152
230 9560
3279 322
7974 7121
8797 9252
2198 2780
6705 2288
9839 6419
6802 2147
6496 2304
1261 9433
5785 8101
7728 5048
4539 9164
8968 5715
4743 2303
4454 475
5821 9860
8470 3841
7030 9092
9066 6140
7072 1231
8298 1715
6253 1633
5205 4642
6907 9766
6968 1188
9512 9238
5197 2505
4979 4321
8844 41
7904 4455
2311 7151
944 8905
9371 2117
6298 2623
9629 1746
4273 9649
1156 6683
3014 3065
8650 559
252 3422
9265 5156
9849 6185
6841 7116
7718 7134
661 4738
4590 2628
4516 8696
8436 4346
731 5633
6739 5433
1134 1606
5320 1973
6229 8125
3092 6663
230 7957
293 9454
4522 5741
1434 3076
8210 5736
8767 4377
6434 9952
4413 7460
4363 8041
5121 1197
6235 8522
6156 1517
9900 722
4599 1658
1953 4115
2973 6134
7237 594
9111 6910
567 1613
4962 5678
1778 2662
1456 2543
4647 1969
5809 1787
8382 4020
3337 6588
4641 6861
4876 6533
5362 7997
5875 3069
7373 4182
8460 7923
997 1679
9479 5049
7051 2667
147 201
2161 9096
6215 566
9328 4010
323 4756
4201 9506
675 8995
3381 736
8754 326
5121 7739
8123 1491
8937 2370
9746 5713
4972 1229
9520 3541
9108 6457
1233 9689
1798 8966
4546 888
5682 9667
4690 1074
8968 6530
6226 2440
5419 2461
8774 2389
9342 2857
9209 3462
4393 8903
4377 5860
9950 4555
7875 710
2321 3635
9672 9815
7611 2551
4925 7631
2574 7315
2576 7774
7039 4439
6803 4051
5441 2572
5961 5094
3571 4547
9917 8663
9363 9756
5910 2089
8880 9788
9527 1959
9876 7383
7819 7513
7507 5442
9124 3389
9178 7533
2259 7746
1720 2055
1199 3804
8355 7276
2110 6660
3779 1227
2389 7884
1137 6893
9868 227
9555 2046
2165 7187
9742 8849
2879 8846
1024 6521
4953 3595
5829 9029
1310 3372
5842 4232
8096 6230
2809 5452
8837 7654
9384 9666
9537 4639
4148 4247
5584 7776
4541 3340
430 773
6614 2283
5589 2948
4185 9721
9236 1331
3481 1768
8271 5875
1662 7891
8735 7676
1598 1775
2399 1838
1786 8451
4109 8726
4482 4129
465 2896
5714 4331
2283 2874
5644 2371
1389 8585
3839 7928
5228 9463
7006 6069
8381 1194
7682 188
3329 6871
5649 2331
6516 3343
1657 8063
1175 8265
4588 1397
6964 680
4681 1585
127 6721
4929 9522
2272 9336
7395 5313
6002 2101
4469 9936
1466 5785
2513 4646
4968 3845
30 8630
8877 5693
6874 8620
5854 6950
5805 8761
6290 8827
2137 8978
8070 2643
619 5080
7774 6048
1425 6652
8992 7246
9260 6825
5149 207
2717 8488
3350 5406
9195 3608
2218 9504
8379 5691
9062 6237
548 8190
4610 6550
4655 5361
1643 1222
1530 5649
4900 8002
6834 2429
5612 6051
3242 4878
6965 408
6037 5742
207 8617
3325 5167
3360 956
6459 9420
3900 3006
77 3195
7091 5437
6825 6493
6087 8290
9544 2708
676 7388
5245 2372
6240 2622
3445 3820
4235 84
2460 3190
8768 8589
2721 652
6527 5069
6539 7068
5090 4221
4484 4514
7383 3731
3222 5184
9866 4573
7522 9871
1310 6600
2138 4289
3011 1926
1659 4226
639 5652
818 4703
5116 4131
8607 5142
6408 840
8450 682
700 5845
2003 2267
5276 7492
7285 8533
9268 3304
5604 1138
2768 7793
3102 8471
3516 7283
7133 1419
9426 2042
27 5573
7265 4930
6572 5380
9630 6851
4927 558
3808 6017
3471 2817
1029 1047
1064 6181
4099 690
4895 1449
4261 9200
6562 786
5749 1746
433 2555
4955 5342
9771 7169
8460 8475
9833 3308
4753 3410
2795 9670
4463 7546
6829 3361
7702 6786
187 8308
8935 8444
4688 8361
1862 4091
8248 5860
3428 1535
7044 9794
4047 5358
7637 1876
362 2878
5349 5150
4270 6334
7288 2790
9678 1217
4955 1167
7839 9856
6991 9550
2747 372
772 4513
974 3275
8744 7019
140 4072
463 3828
3346 5914
6033 7962
5328 3423
2989 7141
3230 3655
7327 4289
51 3991
9647 2802
5169 2308
2725 4037
4184 5946
8663 4550
7897 8272
9998 4937
4106 6400
2931 2406
2380 9318
7223 5036
7579 8026
2140 1579
6845 848
227 7647
9258 1536
64 5531
4968 1571
3195 3982
7871 3699
8085 4810
2517 2521
1997 6324
7045 3585
6371 4834
6613 5371
2880 780
5142 6019
9915 2964
5078 4250
7041 6225
5334 4213
5605 7597
3673 6430
8819 7466
4166 1570
1773 4793
2098 181
9240 5773
9154 141
2487 5478
7475 8283
1411 1040
6277 8436
3323 1423
2532 1306
8573 1968
8128 4159
6796 7901
2811 3990
7526 1631
4379 1816
5315 7049
7659 4184
8228 8176
9413 6818
6328 137
1088 7566
6383 438
1255 1992
3506 9594
3976 9537
4900 4319
1419 6052
8592 5189
8448 4141
6256 4600
9681 465
2464 9223
4515 578
7706 470
2486 3208
550 7000
5757 8816
5735 1109
3818 6690
4977 8614
4091 3958
4442 8220
3560 2582
3365 6906
2821 3731
4020 5148
8684 9485
2703 6934
5293 3558
7140 4081
6213 421
9400 642
7507 8361
7743 7348
7102 8526
373 830
9964 1834
1848 7793
9836 981
3978 5740
7881 6592
4463 2727
3203 5352
8573 3167
4360 7156
7241 2122
7684 6986
9793 1901
9554 6550
7553 8637
9540 8903
6337 1837
8398 8773
6896 1301
4865 6402
5273 6351
7042 7515
217 8681
6989 2872
3793 9816
6479 9239
4070 2934
9790 5196
5503 4278
365 7824
2747 1091
9757 5254
7684 1041
3715 6194
266 8396
2784 9233
7997 7969
275 1375
7396 5565
9667 6106
1558 2754
6347 8968
1047 6411
3629 9745
3708 1731
2062 8539
7319 4232
6960 37
9457 4517
3120 3739
8580 5584
9500 9297
9742 8606
820 2393
4268 817
922 4960
5561 9167
8421 213
3861 409
6290 999
9528 1806
597 8762
1350 9875
3493 1235
8240 5408
2046 8880
5381 3108
7359 4127
9442 1475
4814 1274
7071 9404
4268 1923
3021 5793
6142 9081
6804 3605
8598 4540
2130 7807
8441 4848
4674 6007
3057 1937
3250 7559
3894 5538
1828 8588
3540 2938
9366 586
5072 2938
3963 2198
6852 1526
3734 79
1881 7919
4171 2724
3287 2400
6101 1684
5861 325
3506 5185
7475 974
4210 1855
3239 178
2559 1916
4190 570
853 4058
5115 3013
5507 5050
5533 1361
7785 6511
2616 7124
5089 6217
9166 4764
9215 9379
7463 986
2034 1654
246 9841
6867 8870
7948 4705
8536 2245
7648 8329
346 72
995 2316
5061 6320
4350 573
1655 9902
244 6700
9872 8977
9038 2932
1132 9396
2997 8583
1123 1765
6060 9739
9404 6260
6123 7499
6580 6365
4225 533
4615 9870
795 2120
4770 7483
268 9973
9235 9671
5626 8657
873 3191
1088 9360
7208 1461
7072 6051
1693 3510
3931 4024
6972 2433
4523 4768
65 5108
9307 6403
1413 7265
6251 3477
140 6823
7938 3397
5570 3517
3225 7648
4204 6284
8216 586
8830 7227
2383 9981
6782 3277
3251 2583
1082 7306
1929 8641
2107 8220
408 8581
1623 4080
5319 2220
9942 4943
3914 5453
1747 2204
1250 3335
4721 3477
1588 1292
2229 3803
8140 6809
2137 771
4690 4302
3210 4398
7669 7040
3021 5667
6696 9796
8780 542
5333 1356
4989 1707
7441 1086
1970 5304
8171 7588
1038 5538
7228 3337
7986 6979
301 7722
5505 4985
3521 1414
6759 9482
6051 3168
7862 9023
8029 5902
7020 3616
7599 2058
6048 7096
1812 5569
9020 4324
9460 1701
1153 7959
2621 1836
214 1613
7946 3660
7472 4504
2208 3438
4830 2218
3162 8974
3634 1815
9191 3899
8605 123
4624 4911
643 9700
3175 4757
6064 6390
9615 442
2735 3884
2335 7696
6083 1457
4871 9549
8124 4980
2669 5748
1112 8415
898 4260
618 2038
935 2809
1151 3070
8804 5827
9979 2667
9779 1919
2226 2144
2305 8909
3094 7065
403 1752
6280 6437
4294 9113
895 1372
3695 1030
331 7176
5629 4304
6156 7812
7450 9844
9665 5765
5862 8482
3574 9930
4958 1234
9132 8625
4777 2822
9711 5943
5951 7204
8375 7922
7548 2582
4201 606
54 9440
6610 2019
6654 4398
4403 4113
9553 7285
5429 9379
6797 5533
500 8327
4828 5535
6168 6568
4429 74
327 2243
6214 5796
3389 5835
2455 4020
9117 4722
5437 9935
1759 3451
1992 9441
1144 3874
7416 8367
6695 7272
8679 9267
8365 4308
1516 1990
1776 4350
7475 2206
5268 4549
4948 3022
1089 8722
1288 4786
4256 5664
7835 6681
5133 148
7552 2714
5602 7229
7832 2042
481 5964
7164 3684
828 2486
4522 5983
7028 4749
9481 3750
9181 4091
4952 7741
300 8248
2249 7274
547 6708
9955 2538
6047 4580
427 7049
7764 822
8716 3730
6880 8398
2684 3450
4780 2122
8492 4667
8864 8885
323 2760
2910 6957
7959 8409
7693 8983
4910 1647
8871 3299
8262 9652
1308 1999
6932 2107
5562 1776
342 8999
746 3655
4077 8908
9992 568
8220 4421
5696 3250
2421 8735
8640 6328
739 612
3429 7542
6618 1651
6280 9346
966 4907
8980 6267
5014 8009
7993 3777
1108 1136
2658 7861
2737 2342
5719 4387
809 7168
8109 5119
8213 8578
9931 5730
4079 5433
5947 3045
3325 7147
6572 2183
638 5345
7459 9848
5403 725
1502 3952
9393 3458
8793 7878
5008 2528
3888 6932
2306 4008
5534 7847
3288 9142
5785 3771
9360 2126
4379 6322
2668 6406
9644 5729
7740 966
5621 4667
1977 1606
2779 2337
6261 7519
250 9542
6401 5445
281 2950
2004 3966
7002 7513
9300 9973
9814 6261
7226 6798
9011 9082
68 8255
3211 9215
2854 9043
8894 3076
574 1320
1228 4472
8497 5312
1645 2562
6762 6935
6968 9189
4004 4929
7459 7052
8735 2627
8574 6505
3841 9730
2219 3141
5439 8038
6279 3536
7150 2783
5951 13
6387 3047
7949 8257
2542 3908
2229 1762
3488 3217
4102 2658
2153 3334
919 2946
9574 3026
9283 4718
8186 4345
5233 3362
8836 4681
7709 5244
4063 2357
14 8440
410 1260
7325 1550
2191 1029
3224 565
4448 8007
7753 6230
3543 3495
7704 8288
7305 9195
5392 960
8454 3302
6564 1102
8956 496
5711 7305
7361 8885
4776 3829
7879 4818
1248 9421
4643 87
6974 8533
5930 6858
3573 79
8604 6187
9100 498
5118 7683
6216 4275
2972 4587
9306 5157
6570 5271
8457 4355
8271 1386
1924 2197
662 6685
5583 7062
2984 6751
94 5746
9483 9675
2519 8217
2841 9744
1924 2764
7678 2517
7091 6701
7496 1581
776 1872
473 9940
1816 216
2299 1474
2722 147
70 1131
194 6632
4464 3948
2922 9882
2147 1309
4467 2506
8356 5313
4464 3150
3091 5337
5233 1963
5342 9462
1084 2455
3296 9545
4306 7834
3025 3454
8872 1947
2402 6295
916 8591
1552 8143
9631 9427
3529 6504
7413 7421
3904 6258
2316 6351
7999 927
5257 3794
5461 859
8222 2265
4565 7748
7959 9303
8994 1439
1785 6002
9200 5485
4985 1481
9858 7427
9145 6120
9181 5761
5095 478
2323 6498
758 5528
4546 5055
1607 2456
9345 9614
3239 5616
6519 5279
7232 167
1023 1964
6226 5140
6736 2426
8389 220
5833 6534
7841 4910
1028 662
7473 3904
7854 4183
3299 6307
3807 7910
5455 3093
6288 3865
3604 8410
3165 9416
3005 7181
7734 8122
478 5053
8904 2768
6963 2121
998 8810
2978 6871
9028 3707
9870 622
4285 4421
7300 5098
8061 1927
4685 8182
5762 7647
9758 6963
2665 7836
917 19
3302 848
6896 6910
6966 8997
99 8384
2902 1005
8488 2532
8834 4434
725 6023
7911 6766
5628 8583
327 4915
6328 8643
3980 6087
7090 7245
2275 2472
8464 7111
3187 2308
9029 2171
1753 3866
7073 7480
396 399
6826 3935
5029 773
6105 3062
2932 7560
5967 5385
5111 2114
4468 3389
5813 3472
702 6482
4879 4219
9785 7386
4793 6177
6421 190
733 2460
9680 8154
2545 3610
5776 4177
9343 4977
341 38
6316 3394
4961 9533
905 8247
7055 8732
8504 9194
8315 2177
4076 3340
3870 2820
6738 4069
110 1940
7062 7973
1741 8880
5652 8277
771 4761
7609 5823
306 93
1610 4969
3408 1379
3067 2635
2689 6439
8327 8750
6780 4311
9430 7209
5034 788
7528 5646
154 6031
8164 9036
6057 8457
8780 624
8800 2716
487 1064
9435 6602
8939 6735
4719 8357
7093 7629
165 1421
1478 9722
5595 2187
2602 9003
3385 8077
4763 3972
8649 150
9912 8130
856 3753
3187 4330
5564 9063
7717 1857
4833 1432
7830 9319
4669 6199
3270 5845
6945 7540
3480 6534
191 2341
8688 7514
1829 2867
859 473
7778 2204
9042 6366
9862 7011
8284 1814
4667 5004
7435 9658
2374 394
4156 7160
8577 7078
8985 1902
1190 3613
3624 160
2806 9574
7522 9386
1465 3279
847 5265
4219 1532
6146 3763
8813 1883
6114 6544
4817 975
1754 3864
3732 9759
4472 2010
5346 5382
4235 5335
3568 4276
7583 154
2720 5155
38 5519
2302 6602
5537 106
4165 4837
5146 5126
543 8381
8522 1000
9012 6698
3118 6875
2617 809
6099 9499
598 4531
2413 9080
3931 3605
1463 4982
1393 3525
7103 4606
98 9171
3180 8179
486 1178
1149 1455
6975 5754
1301 9962
974 7354
1101 5021
1243 8217
5832 9198
8155 6523
4993 7329
3729 7282
6703 662
7098 3423
3632 927
8918 6515
6148 5454
8344 4646
6441 8649
371 950
2193 9856
5754 4738
3019 7161
7283 936
5575 627
5005 8108
6784 6204
4329 4982
4866 7710
5303 7485
3594 211
5126 6179
5376 102
9315 3305
9799 4247
8625 5025
6140 6414
206 2990
5869 5921
5614 9574
6742 1431
4329 9509
3618 876
537 3295
5763 3593
4300 3046
1689 8619
2262 5793
4563 84
4443 1173
7060 3631
823 4228
3724 8195
4177 313
8666 7073
1758 8468
144 185
3834 7438
9959 345
3700 1868
5309 7115
8343 7350
7326 2089
8304 8029
7621 4509
1510 7827
8173 5309
3709 4107
1742 8436
1462 4695
2589 441
9462 9437
3005 293
7438 7849
2144 5672
7804 4930
7262 8560
5074 75
9961 605
1924 4163
5882 6250
4564 883
6499 6191
8119 2549
9840 3082
7516 2415
1261 1622
7536 7191
9595 5129
8847 9531
2153 1807
9616 5004
4624 2188
3940 8575
3921 8625
5618 8499
9349 6878
3035 7897
707 2353
3758 8161
5551 6615
1200 934
9639 2224
4476 6246
4654 9417
306 4679
6152 2933
7759 4376
7837 2964
402 8544
1045 6598
3288 6989
309 2485
4841 7702
5334 2136
8860 6163
2508 3412
1312 6586
5203 861
167 6317
7988 5630
8997 3821
5093 4042
4697 1161
3132 6776
5305 3151
7046 7698
9488 9818
3129 9390
4750 6443
6754 1280
7905 9487
3243 5145
3850 1555
4843 8232
1842 5773
4813 1335
7978 4502
342 2289
666 7419
8713 6839
3473 9411
524 9448
8726 7667
9116 3800
3360 2462
3043 5631
6086 1141
8088 9433
5629 6617
1542 5569
7816 8686
5387 5640
8757 5551
7730 5842
7503 8493
5921 6299
3271 8108
8714 2463
5973 7601
9385 4440
672 7118
907 5306
9149 9234
4334 3241
9966 4441
8760 238
3339 441
651 1195
3797 8436
8166 7358
5667 6063
6437 8555
9024 6841
2827 7521
143 7210
4032 5601
777 5719
4936 4854
3769 8777
4082 6603
2355 2505
4658 5777
6731 248
8682 355
4661 5223
8084 7706
6327 5171
2878 7124
537 1400
2201 9497
8442 6647
1666 720
5088 6609
9554 7199
3565 1572
4377 5088
8725 3619
3479 9595
9792 2751
2069 9203
9104 8191
7114 1432
9730 2292
3232 7313
9979 5647
8953 6894
8333 9844
1994 85
2561 9821
337 6328
3340 9613
1397 6442
4669 7578
9048 6859
334 6384
7062 735
888 8830
191 6561
4618 2796
5112 6332
8896 5538
3370 6377
2603 7063
3196 4823
3094 9888
8669 3905
2947 7948
6462 650
4546 4116
4044 7881
8290 1606
5060 5600
3421 4768
3213 7678
2726 3494
2934 3417
74 7875
7804 3480
7945 1333
4095 4473
2481 9205
8889 9049
16 5674
761 958
3302 1935
7794 2048
8401 7688
8127 4139
2860 4666
3612 673
5665 3354
2193 7509
4080 7003
4100 3044
1867 2225
9092 2935
9166 1881
6336 1619
3402 1658
2352 8937
7178 8830
2418 4150
5810 3270
6537 9286
6873 7013
1305 4363
2937 3928
4834 1355
3592 9847
7368 8413
3062 4351
8148 7898
6130 6537
5081 1201
757 1004
228 74
8889 5804
7996 7148
8172 2695
205 5846
3146 9008
3905 6028
1262 2812
3872 9880
6460 2834
7438 8150
5501 5620
7688 8434
428 4213
9811 5372
7511 7147
7047 7587
1528 9073
9970 9184
325 3905
2354 112
524 3745
4304 1920
8977 9864
9894 3781
1982 3932
5140 938
4101 8341
7172 4466
7830 9878
6762 1864
3222 6488
99 8151
4902 3677
9336 7256
6606 6360
1198 8922
1690 784
1811 6923
4474 6391
2947 90
9639 5158
6082 38
5085 5665
5622 8334
9338 8687
4677 4936
1540 1343
4125 5312
909 331
8536 8173
8875 8042
3962 6511
3909 8123
4967 8907
3976 6581
2542 8783
9102 1723
4622 1500
9024 7610
778 5742
3845 4290
2554 1418
1375 830
7607 1457
8989 6615
9730 8700
7389 5520
3467 8114
1659 9785
1307 3152
3862 8212
9353 8685
1528 7367
8441 3881
1496 4528
996 3826
869 565
5211 6844
9784 2379
7103 2064
8927 4613
4208 4688
4775 890
5844 4187
7445 9129
3808 6331
6868 2383
1288 9448
9084 4165
1680 4335
2540 9463
1066 5530
6870 9742
9098 7244
269 6594
1137 6019
9759 3875
7961 8053
1547 1133
3243 4620
5429 4172
9232 882
3631 8487
9663 4443
8518 2697
3203 3515
8798 7205
9797 8371
8196 6925
792 5838
4351 8228
173 4938
2520 9795
762 139
4775 5676
8852 6388
9872 9361
378 3622
867 851
2909 937
9298 3705
3443 8222
5025 6628
5612 1701
2976 8834
1148 3467
378 2621
1180 8742
4947 6803
543 5790
3274 1247
9155 3322
4086 9261
2699 7978
5520 194
1858 4021
4041 5535
7255 5659
9426 143
6402 9077
3253 1022
2105 272
5752 417
901 8265
8256 4945
9041 2282
7643 9354
5441 8553
2327 278
2839 2235
6139 2500
2746 6392
1203 1313
8141 3303
7536 9207
9486 5134
5481 4889
8933 5204
4251 277
2096 6358
1598 4639
6313 9859
2845 1603
8786 6155
8685 5282
461 4508
1685 9136
7612 9579
4302 4431
5954 5599
7513 6601
2197 442
3357 977
4182 3263
3431 1603
5665 1451
2682 2736
1810 224
7558 3242
2660 9355
6990 1517
465 6538
6595 3486
4450 3957
9717 4006
4148 6733
7289 8140
8238 7171
2143 1010
6569 1585
7716 7954
1243 7686
6495 8812
4156 7357
8551 9497
6199 5375
1223 8331
3821 2485
3644 5927
8898 9711
9639 5397
2168 7626
5178 9577
4447 3642
2653 5286
3889 3274
6022 4939
2474 7009
9914 8538
5907 9469
8926 1552
6774 1624
3935 7367
3030 4319
4884 1073
2603 3905
6789 4437
4279 9950
9513 5535
5447 8634
9675 301
5788 3744
5239 9231
6129 4512
1921 2322
1236 416
7703 6645
4107 4314
570 6532
8162 9443
7419 2926
176 4255
374 7761
8270 2780
9007 7062
6608 4032
174 3093
4731 9867
5315 6771
9491 6650
6983 2730
656 3442
6231 2151
2463 7987
7667 6534
8121 1507
869 6079
8340 836
249 2408
2287 4762
5718 5319
7715 414
6637 1195
9212 94
4730 7964
3367 6904
5528 2753
4794 6744
3376 5291
6832 6620
4727 2242
768 9198
7595 7946
1753 5931
3961 6659
3550 1700
8717 5986
9768 7728
8389 6479
204 7363
3921 5508
1065 8133
7058 9566
5451 9846
4835 8341
7394 5190
3988 5294
8603 4552
9532 7915
9496 65
6272 7631
1559 767
2411 6149
8574 5995
453 7508
1426 6745
6082 3892
4652 1220
6850 9644
7462 6240
4394 4865
9204 6973
4357 4935
5603 9148
7757 2636
2056 2356
1789 5002
8442 4298
2918 1083
4360 3176
7735 6048
5126 312
131 1890
8419 6015
2201 1759
3345 2032
8215 355
4381 6081
1562 2170
2413 7859
4702 4346
8827 6789
4561 3550
9462 4367
2155 7585
9944 9709
7383 1871
8529 4885
8457 6091
5009 8237
8180 6350
1031 6367
2326 7683
6714 4890
6121 7737
3938 8619
5076 4450
5661 6284
3860 3141
83 7921
8100 2530
6747 5148
6895 365
6033 9861
3599 7809
819 6540
6468 148
6262 4304
2351 1466
392 8641
66 2268
7222 6547
1235 6105
8761 5660
8183 5632
8331 6959
370 7564
9532 7173
7361 5187
5563 3234
873 9998
9817 1371
563 7696
6297 4051
3707 4804
1527 2654
3051 5413
11 4766
8784 4600
8737 9384
6041 5160
4117 5495
73 2520
4528 6375
5697 4182
2385 354
2330 301
3739 4300
9783 3185
341 9606
9630 9489
9118 4960
8901 8513
3949 2221
9965 5508
8760 5296
261 9729
8586 3063
6141 5224
4214 8743
8024 9201
1323 2221
1407 3612
1023 5530
1445 463
4912 178
1627 1842
5465 4638
2765 1864
1365 5197
5088 7384
1764 3707
8735 3676
4717 4345
620 6684
7587 735
1772 5391
6207 2042
5342 1492
8026 5901
6278 2030
3979 6383
5660 67
7335 6351
5650 2956
9523 7708
7961 8095
1190 6181
4995 1288
8973 4155
3113 4509
2470 56
3241 4243
959 2471
3906 1798
2986 2124
8400 3693
8514 2343
9354 9643
4649 5101
5408 5235
2708 200
5254 5211
137 3494
9144 9693
4657 8915
5777 3642
8164 2995
1121 3518
6038 6846
5011 2927
7402 109
7015 2607
99 4107
2310 7729
2425 2557
2667 8271
5273 2622
9590 3806
3428 7348
124 3142
6136 6907
660 2892
7954 1885
6618 2388
2500 8327
458 1476
6356 4485
9304 9018
9865 892
5873 4745
4423 2784
1783 1648
501 5214
3213 6991
1905 528
2221 9107
4108 9251
7015 7843
3008 4879
8641 7916
1899 3840
3429 203
2664 4999
8090 3435
4646 666
3295 4041
1561 5252
4724 1732
211 9335
4519 4865
2752 363
5530 9094
8525 6677
9412 3005
6239 3394
2883 8394
243 9205
2807 2782
5049 4718
3726 2177
2459 6072
8924 7722
6343 531
2980 6704
4276 8574
9907 7393
4121 1326
854 4940
3065 6096
8107 1696
485 8942
3259 1162
7272 1944
6408 2399
760 2505
2806 4191
6744 6326
4904 4143
4974 8998
2629 2269
420 9107
4351 5366
760 4651
4371 1825
4563 4928
904 4329
9884 3269
5600 5692
6504 5970
1663 5638
2975 5551
9765 4935
9575 3708
6232 4175
3212 8835
7721 5038
8535 5580
5453 1825
4138 5895
3368 2952
8477 3715
175 5151
3477 185
4342 5922
6228 943
6686 6296
2018 3660
1297 2536
7114 2139
3398 4121
5727 5250
9638 2838
3729 6099
7765 4337
8889 4923
7270 6227
2433 6637
8284 3202
8106 8758
1932 7765
4289 6193
8641 7348
8398 1499
3419 9339
2963 2605
5823 9298
3528 9189
1085 9173
5868 8997
2644 4725
1345 9240
7485 5443
2919 2941
7392 9938
9349 127
2086 1457
5405 7676
2075 1274
901 2982
2749 1467
3033 2403
2918 5050
2022 5763
663 9732
7382 8002
1540 5437
7455 2182
3524 6963
8819 6566
9906 6165
8488 4908
6374 6501
6572 155
7767 3088
1004 73
3000 4560
2501 3617
7627 8052
1465 2344
3846 4564
6191 243
2479 6623
8628 8235
6271 8690
4947 6051
6062 2870
5783 2112
3854 4324
4268 6794
8542 6314
2668 6130
6119 7775
3942 8800
4862 8277
6056 1278
2419 9508
7062 6256
3439 2521
5173 3912
4378 5942
5160 7487
603 4005
447 3929
6157 2280
323 460
9491 6629
9868 3583
7950 824
6893 3769
8458 6718
2526 6835
645 2173
9354 9486
4026 1728
3568 8599
1444 6108
5486 2407
1356 4164
1835 761
924 9348
74 3946
7242 7281
9664 6027
2817 8619
1841 8123
2548 8084
1311 2599
8820 3909
7555 4358
4376 5803
818 6691
42 3139
1725 3681
1091 1479
1896 9640
2648 6539
1093 6919
3660 3976
6670 6234
5970 2182
4921 2295
9455 2956
1908 667
1471 1140
5563 6547
9314 896
10000 534
6788 3360
9415 8407
8493 1338
4855 9880
5117 2808
8083 7493
7595 4969
7603 9842
5193 2732
8354 6979
1760 6070
1271 3388
7450 9374
8927 5737
9437 608
9491 6726
8086 7284
5664 5607
6552 1244
5982 2477
5174 7950
6856 2269
7575 921
7910 7903
7946 3694
7192 6944
3514 8255
2045 5708
4802 4204
8202 7157
8831 8063
4202 1782
8283 6895
999 338
1092 3153
4177 7092
5593 7739
2773 4656
5935 9802
5255 4610
3503 8912
4624 8956
2721 9709
405 1348
2699 488
6333 2931
3928 1060
7806 6730
2140 3957
5653 4015
2687 5869
8281 7596
8379 6136
9229 9160
6186 7581
2803 3679
8037 5982
3985 1066
2419 4080
3241 9623
4612 2782
8383 3172
3274 4843
8644 6221
9702 89
5951 1106
9907 1831
1042 4724
2990 4361
4055 610
182 6610
5946 2566
4640 6390
1241 7758
8735 6259
1491 5396
3748 384
6888 6777
3996 3445
1051 361
5470 767
5468 3323
1126 301
3122 5027
9434 7167
8418 7991
3433 8366
8745 6661
3645 3962
3161 3007
6031 7328
9774 2537
2929 2718
8532 5860
1839 7620
8467 4534
9760 2910
6085 931
5383 2828
1627 1321
4602 6564
2210 144
9174 9078
189 8078
2738 3148
7154 2974
3105 3525
9108 9055
5695 2217
2948 4226
4269 7775
1286 7466
1962 4775
3516 3230
9018 5783
5257 7080
6368 3507
8190 9234
5552 1315
52 8158
9416 9108
1938 6436
3471 6158
7840 2731
5831 7957
4363 7630
2412 3372
3303 9524
1218 7058
7359 6022
8479 5787
3528 708
3370 3060
8661 1350
6666 1202
1673 7573
3989 5725
1774 4089
6378 4145
4859 4801
2048 943
7306 4656
2712 1417
530 760
3525 9207
2062 1691
271 772
9635 3244
4132 7761
5917 5450
8270 7976
7613 7173
2685 7712
6615 2037
9363 2793
2242 8095
4122 4595
3619 429
7608 3461
8612 4377
3229 5934
2605 5540
782 1258
2043 3149
4051 3827
7657 841
6250 7514
4613 1820
4227 3718
1646 8772
1489 9978
8100 5583
2825 1940
7349 9070
961 9191
1963 6362
4735 7322
1262 8246
2031 9233
2103 4445
5314 8543
1605 7164
8636 6708
6033 4196
568 5991
2989 936
3836 3552
9239 9077
2859 8293
6635 708
1859 4797
6789 8998
3926 6856
3538 6976
9500 8284
3946 3581
8305 696
7153 2607
6148 8361
8227 9538
745 9497
7282 6327
2145 4510
6569 2832
8313 1144
9414 7816
9249 2189
693 8882
4560 2514
6700 6582
5784 8837
2631 4712
8131 7111
708 6406
9681 5943
7827 301
3700 2305
5395 9536
7864 2705
6677 2482
729 8343
6177 4728
327 8047
4475 3281
7272 8847
310 752
8049 3244
6108 5080
2391 9328
724 4952
9274 517
1655 1303
3976 5980
9153 8324
2286 6239
9446 4344
9282 614
6841 2172
1394 6762
8214 4565
4324 2729
6625 7423
8218 8366
1512 2026
435 9292
2528 5096
