4936
50
12244337
95 91 109 107 105 97 95 107 98 106 107 95 91 92 94 95 95 94 106 100 96 96 94 98 90 95 103 107 91 99 102 105 96 94 94 97 101 109 105 105 91 97 107 104 103 96 101 90 99 92 
-90926 -80776 -92601 -104090 -101688 -95050 -90095 -91738 -93435 -97959 -89654 -80791 -86008 -84192 -84234 -92013 -90338 -94221 -99313 -92321 -85801 -98465 -87473 -89514 -83325 -84978 -95298 -98360 -79181 -93954 -84575 -95741 -85593 -82425 -87688 -81908 -88438 -91926 -90764 -98895 -79430 -97596 -99686 -97126 -101414 -92380 -99753 -87129 -81409 -87798 
125427 108576 141261 127301 131568 120906 101881 138253 112437 136852 130182 127001 119213 121836 125358 121808 115013 121596 138388 130660 116831 113420 109750 117823 111606 99357 129593 134753 110102 112395 123217 134376 129053 112986 103812 118012 129632 124489 134531 140033 113372 115249 142133 120434 118657 121634 129665 113302 119044 111011 
7984 5960
5244 1965
2630 5382
8406 2920
5139 3101
8759 9130
3620 6517
5100 4575
1945 4228
1576 4956
7241 2398
2568 7513
6246 4786
7477 7703
5450 2126
2858 5176
1883 8881
6035 4202
3776 8004
9121 9852
3182 5941
8901 4796
5159 5489
9094 8580
5511 4878
6170 9442
2621 9233
6112 3492
4802 8419
76 8868
7956 8472
5761 2011
5696 5741
6462 5637
2695 9797
5276 9535
8408 402
4001 7427
3320 6825
1094 2670
9770 5029
6244 668
4158 7022
3323 1661
4351 4807
2590 1094
5863 7523
4059 2602
4619 5828
8249 5889
6648 9617
4306 4454
9000 801
8804 3160
7959 9855
9758 3410
8705 7511
6306 6331
3424 5399
4923 2037
4224 8591
5152 2707
8566 2437
1114 1497
9407 9078
528 8711
1987 1373
8918 9499
629 5427
5354 7801
6766 8170
111 211
5274 2732
730 4935
7900 590
2281 5110
7313 3766
9188 3651
826 7797
4678 2932
4921 4144
3141 6099
9210 4639
1202 6235
586 9152
2069 7314
6867 3326
4047 1577
48 906
8897 8313
9488 3008
5550 2292
8486 6791
7124 6035
7670 9428
8414 557
8446 8945
7323 8476
6886 5180
4755 3147
7438 1761
2446 5970
2282 2544
1437 5152
9967 2739
3595 1817
1850 2579
7223 9885
3137 8146
4242 8264
5340 4012
2331 9058
6493 6901
9624 6831
687 7732
5573 2631
1903 4973
6014 9077
2149 9894
4227 2415
9904 5543
4605 3228
8676 6819
4713 4967
5376 990
4565 2763
9324 3723
6890 141
3986 7521
6155 2147
8157 6333
1093 2141
2019 1673
6724 1241
2713 8439
4251 4165
1923 586
8610 3570
5630 4134
8683 3022
2730 8816
1338 7308
2350 5690
8546 3408
9435 2308
5295 7361
2284 1077
2311 5105
3910 2264
6218 6230
3251 4974
1164 9789
736 5733
4002 9442
5355 5203
2940 5279
9881 6406
494 5434
9639 6563
7580 8434
1169 5329
1734 4598
79 7424
8367 6850
1849 3177
7436 2481
4594 8850
6455 2708
6010 1796
3971 2560
2617 1309
4171 1188
1094 6324
5493 8897
2634 3457
2583 6071
8235 4089
7090 5769
6302 1692
789 1528
2049 1325
5681 5804
2905 4937
5060 6709
9760 3688
7636 2534
954 8449
3099 9264
1383 8339
831 853
5204 2759
4961 9948
6630 144
961 8803
6204 3253
5258 5678
6929 5222
4376 6607
5507 2669
8420 2282
8899 3900
6001 8338
844 6075
73 762
7833 3465
6609 4638
2783 6452
3381 4429
5768 3678
5296 9870
5460 2984
2989 5800
6158 1584
731 3714
3026 615
2255 5423
1145 563
88 2699
7017 7511
2144 4089
9630 8202
2790 854
714 9779
8513 5659
833 6388
6272 5551
5992 7248
9630 3813
8388 538
4320 6574
1880 591
7622 6102
7810 173
7853 2771
2889 9601
2772 5911
2711 1977
4034 7303
6880 4346
1379 3994
7166 3242
8296 6313
8228 1112
9029 3948
5396 3354
6465 2070
9817 3993
2816 6365
2727 7644
7571 9966
7191 2875
35 1382
8239 1045
2146 1654
2094 4674
2006 9466
7918 6487
5195 7635
2682 1340
6227 9050
3759 3319
1252 6101
8290 2529
8573 9790
1756 7906
3902 9396
1732 1456
1706 9713
6793 607
6793 9167
4259 5013
2189 1774
2549 9619
692 7068
6844 2123
2457 4371
8460 9139
595 8733
3891 5693
7759 8732
3267 7654
5308 14
5950 7261
7566 3961
9271 8903
7170 5727
1111 1982
2947 4289
7233 6751
8021 9370
3676 8917
2888 9817
522 9947
5179 3643
121 9798
8407 375
1051 3302
9063 9906
1007 4639
6810 1002
5622 8780
3824 5070
1412 9165
2771 9538
7335 308
8660 2673
2908 1616
6707 3963
9749 9004
9954 7696
5998 4384
1975 7935
4091 9743
5989 4735
3272 4310
5498 8181
7643 1138
5463 4328
3015 1999
8500 6695
7915 345
9528 9440
7002 7129
3106 8835
9795 7478
5646 2340
3480 1717
1362 8495
798 7112
5365 4197
7580 5731
9849 6508
4839 5761
9456 6035
1280 3512
468 9492
7073 8092
8452 1027
4749 6843
2802 9560
9012 1161
6737 8063
21 466
7144 3264
8293 2906
5684 5551
2080 2712
6977 726
4055 2201
7943 4538
9040 1584
1053 3702
3963 6303
4736 1712
3041 179
9647 4202
3250 3885
7563 7477
7696 5914
7426 7660
8910 5233
4036 3554
4235 3651
5489 9140
4593 3625
4420 6828
1193 8873
7941 1147
8473 7543
6429 7451
3988 1546
3527 795
6413 7672
1994 6167
8288 5375
1495 8921
4855 9256
4519 1135
4683 1102
9547 3316
7091 2034
4962 3269
2774 1851
2920 9673
1399 7953
6341 7955
4074 1636
6499 1286
612 4552
3678 9322
9119 4507
3818 3051
5876 6751
7034 2135
6031 1645
6170 3312
6234 1261
4070 8652
4532 1212
4997 3807
516 2514
4459 542
1282 9861
3262 10
535 3328
2914 6341
9902 141
6841 9658
9969 5435
8934 9087
8980 7026
5624 4974
9916 6850
1398 1067
1114 7559
4959 3232
9344 4253
5238 1455
7480 9330
415 3908
6608 8198
1600 5314
4836 3007
9053 8715
6815 8827
5678 8636
1422 6852
3214 7914
1391 4157
6077 2556
1919 5633
25 1993
5398 3733
4263 8587
4803 7687
6573 1769
5123 7564
7071 8937
5404 3714
3844 2559
9701 492
5351 6100
7386 5522
1869 8868
8626 3220
6282 2362
683 5428
7173 2215
6618 3333
6551 1658
7283 3214
6658 265
5970 6067
6485 6632
6546 4125
6817 3132
4179 3892
9746 3186
783 2287
2255 9077
3157 2974
7890 4095
8801 7019
1801 7559
8052 8265
6235 5557
7627 2617
9837 4504
9365 6306
8770 2772
1210 7031
3464 4121
8339 8505
621 6994
6464 7055
2330 6567
9193 5976
5859 7465
5612 5618
9896 4492
9077 8123
6853 2287
4573 5035
5033 6300
847 5560
2445 2064
7881 5047
6576 49
6736 5416
2381 9804
9504 8201
4426 5752
9832 25
4790 2972
56 5985
3446 6817
2276 5987
9086 3373
8545 6376
2112 257
1056 9125
444 8609
9608 2822
238 1122
1227 963
1121 6410
6811 1956
6465 3282
4294 476
4969 6177
8998 7818
9783 134
8419 4618
1020 4472
7423 6158
1596 8234
9922 9169
7190 1920
7340 3498
988 9710
1803 335
5831 374
5893 7942
3284 4301
8041 1609
7797 2991
7877 1430
5728 8008
5238 7895
9548 1345
6393 3478
2158 6263
1014 7277
9690 4386
1068 6054
4970 9624
9766 8578
2606 2756
2856 2528
974 9178
3114 9374
7328 5182
9708 3488
8672 3943
9167 6462
5665 3085
9949 7051
5827 7690
7970 7503
9353 1016
5515 5477
7326 3431
967 6440
3171 4763
9278 6781
7728 6680
3801 9968
5763 4627
1636 3303
2111 2139
2285 1084
6047 402
4046 3663
5137 4197
7770 9766
7082 5274
7661 1139
4336 3136
8731 8818
5917 1113
619 9525
6803 1281
4839 8778
3430 5687
9065 9788
2344 1668
5740 6040
2535 5112
4252 1119
3884 7545
3176 3828
8193 4785
4208 9946
3907 3892
6134 316
5020 8776
4084 4528
3673 4148
8446 6343
7052 3628
1913 9651
7095 4460
6774 5172
1221 1346
1472 3156
1795 6558
9400 9668
1830 1530
5872 9025
4058 1973
3381 9661
9059 561
940 9577
5066 1605
4409 3781
5828 6627
3756 1442
815 6312
1894 1432
5407 6556
9954 215
9700 2543
7423 1178
7510 1070
5717 7448
9918 6578
4384 2798
3924 4521
3676 4384
9617 553
8823 2155
8382 4443
7145 9755
7109 7837
6134 6758
8433 1558
5574 2067
5833 324
5253 4533
9426 2674
2108 7258
7089 2642
1333 7195
5362 1634
8100 6090
3705 7008
2743 2131
1040 8781
7362 4215
1400 6281
3952 1671
9605 7970
5358 1583
5016 1519
3291 5594
6106 113
5697 7346
5111 3430
1639 5018
3510 8070
2143 5820
6680 2679
8918 25
5761 7542
6549 4295
8815 1011
257 2463
6091 5628
2608 1328
2677 6673
8583 9946
4660 3385
2702 2528
8466 5130
7576 6202
7893 9897
52 1083
2901 8286
108 804
2826 7042
3866 7588
1060 4895
6150 1008
3262 3193
9734 9234
4132 3996
8158 8379
8145 9275
9369 209
5289 209
1239 2999
4760 7508
5468 3175
7699 8357
4022 4273
4480 201
530 6048
9487 5632
2400 2593
8014 4149
2324 944
2289 1115
1754 1279
8170 5887
1527 9149
3791 3124
2434 5894
9578 2040
3141 3426
7102 2283
8200 3255
7307 5822
9448 2401
829 5538
89 8040
3674 670
4985 5309
111 9382
327 6958
8971 2631
1637 8016
1184 1013
7170 9896
5105 6132
833 4591
5005 113
6121 4595
5165 3829
8619 3170
9750 2173
2366 9869
8487 9538
3766 8826
7906 6522
886 654
2742 2162
4705 5847
8111 9299
2234 6022
2055 2171
3279 8434
8114 1395
2455 7212
1936 6055
7314 4261
7488 4210
8397 7830
2471 4009
2923 9988
6134 3073
7733 9196
4286 5785
1511 5747
3436 8201
2057 2798
3695 7402
7658 8725
2876 254
5275 1956
9299 9474
3281 8086
5949 4596
347 2459
7133 5269
8747 5310
1295 3041
3586 3696
1473 3842
308 2826
4433 1772
5896 8305
190 5955
3541 2910
9001 3543
3712 5939
9479 2443
6100 6645
8746 4888
9478 8579
4760 6163
7396 2435
2432 1184
488 1753
1311 1227
462 6783
8653 9335
7976 9131
6177 7764
8127 2516
8198 6286
523 7785
4915 337
6200 4150
2220 910
2945 2897
9609 7389
5430 2504
633 7189
7622 9684
1142 2165
5429 9582
9527 4477
5466 3461
2213 6457
5773 3645
4159 5364
7067 661
2223 9942
2413 8190
6595 2602
3562 1581
444 8491
248 8592
1740 9478
6485 5821
6633 9181
2920 3458
1701 7359
8054 1092
9599 9417
2507 9254
2935 9634
1042 3443
8392 1174
9559 75
9943 9011
9010 8276
5187 1804
4548 9089
2504 6720
188 91
3189 498
96 7501
6659 990
2191 6882
4078 4017
3789 8741
4891 6036
2226 8717
8783 1614
365 2874
6649 8072
9925 2863
9069 701
7243 7834
838 9119
6198 8075
9424 1426
8743 1868
6459 757
5545 5362
6370 2798
7194 3742
6983 2080
8648 3758
7147 4638
6214 6135
864 3621
668 4688
4886 617
2131 3884
8685 1610
295 268
6271 4791
8530 7997
9666 3592
9926 3946
4883 5610
8477 6216
1513 2673
8272 6851
6269 1965
3152 9510
847 6115
6207 7995
749 5699
2949 62
4777 3426
8319 1021
8388 8669
2496 9889
7964 9867
8284 4948
5004 5210
8708 2279
1608 4387
5858 2158
493 461
902 9662
3327 4771
5564 1583
9334 526
5071 7830
7964 5132
2442 1825
2627 9444
7348 949
8695 6596
3194 6057
6358 318
7344 3239
9231 6012
4532 1557
2438 696
3827 7465
5347 903
2533 216
1138 2550
7223 7792
1112 6149
2640 7215
8875 9530
5807 9164
3412 1190
9088 2313
4743 1069
6923 3520
3237 6323
6122 9413
6757 8246
6132 4737
3745 4704
8289 4497
5173 7652
505 1504
7621 9479
5418 811
7673 2988
2802 596
7228 8367
4165 1913
8374 5185
6840 6019
3602 4949
2469 9427
1155 8584
9470 1961
6670 6203
4159 3391
9219 2092
2420 9044
2173 9128
3617 443
4850 7754
3503 2855
4746 6515
5810 2335
1996 8484
691 7639
7752 1458
3182 8632
3172 8394
9942 6333
9331 265
3653 6966
5735 7854
7586 8485
9243 6762
5925 2974
7214 2486
3560 4686
1877 6509
7743 5828
2996 2899
4354 3726
3795 4442
1388 1020
2336 20
8638 4804
9561 3864
7549 8971
7517 8252
1213 9196
6609 9467
4275 3040
2885 5190
7228 9350
9659 9837
1503 2609
9868 9470
2952 3452
107 16
6546 522
3076 6100
3485 6143
639 8676
4199 9572
5735 2761
3816 16
1908 7074
5869 6228
1178 3872
3936 5061
2265 1776
9845 6439
9139 3303
1276 353
6340 9938
8708 7149
3285 153
8550 3913
4128 9543
7702 2200
434 337
1990 9976
4034 7154
1453 6713
3728 6797
4822 1934
4651 7012
3898 1896
4730 4780
6500 8785
8353 4563
3951 5910
2347 9487
5539 698
8462 2434
4180 9642
8806 7968
369 2491
4725 7671
6513 9271
4943 6728
6650 7870
1556 4359
9916 1386
434 242
7629 4943
3444 718
8628 4151
530 122
1971 6134
9281 8199
5052 4264
8387 9114
8301 3287
7311 8530
5387 9205
7929 5694
5050 66
353 5987
1242 2292
3731 9893
4438 746
653 6891
6283 1326
2859 3826
993 8796
5491 8939
7074 1068
7593 4514
4524 3454
2539 9813
5508 392
3908 3874
7514 2225
1382 480
1114 436
9309 9153
4845 4444
3188 3237
8567 1393
3653 4647
3868 3722
2884 1847
5420 3424
6048 2559
7227 3693
4768 7047
5563 9318
3972 996
547 2117
5786 7979
1213 925
6762 8785
5554 4562
3876 6097
3152 8668
2446 8898
3090 2670
2724 4762
4018 3249
7854 7378
4070 3629
5637 7583
9616 5785
5849 5864
7980 6055
5695 2416
669 3305
3824 2308
614 3943
9651 29
4063 6999
7663 1899
2146 9842
9635 6394
4270 1172
3068 5282
2518 9444
2962 4762
6608 9758
7771 6827
6462 5082
2561 7325
4739 4756
3896 8726
6950 523
9400 6568
2543 5581
1191 6268
8289 6837
5812 9028
6668 1902
9073 8410
618 7345
5682 9782
1227 8781
4614 5441
455 88
1323 1024
1222 3435
961 1215
1020 8005
4980 255
156 6619
1074 7939
3789 8477
9751 672
4563 8634
9704 7778
1083 469
1920 3606
3270 5850
550 7180
2871 3317
5115 2072
6262 3802
6437 5386
9187 7466
8037 9511
2760 4906
1078 3138
6203 5850
4130 3995
5538 563
3077 7660
6779 3820
6499 5738
4701 8025
605 7006
4410 7433
4826 7670
4486 5066
3222 1857
5487 6970
1582 2280
7218 9862
1258 9931
1584 3523
3411 170
2535 8669
5931 4008
4044 6903
2605 985
3526 7025
4622 8259
478 8305
5667 7516
31 9539
1519 5473
8395 8300
3626 2112
791 8338
4415 4294
9544 6850
9990 4591
3150 1989
2116 9827
5667 8572
1622 4447
8480 5802
3388 8972
8817 3343
332 6770
9577 7541
5159 8095
5193 6528
4321 4110
560 7081
3464 461
9698 6940
4997 4260
1586 2244
3061 8573
6254 5982
8740 8414
6963 2061
7113 7154
2872 7096
3429 9959
6758 440
6572 1166
1868 1976
6645 5117
8755 5432
9207 3593
3447 2891
7581 3753
8461 7437
847 8660
4396 7406
7985 5414
3395 9175
7539 1795
4340 1610
2052 4038
7647 2270
6857 1308
1324 3622
664 2262
3674 6648
5779 728
2592 2218
8912 3025
5744 7763
6664 1772
8399 745
3902 5896
8744 2396
9827 3363
9143 7648
5230 5547
7910 9710
247 5943
5481 9959
3575 1780
1270 1040
1937 6956
5841 9167
2562 7585
5543 9589
4459 5840
4307 9706
9592 9370
3585 8275
6454 6222
2761 9833
4823 7276
6002 5139
4483 4854
1354 9455
7172 9748
2940 906
9403 4555
3720 3762
8319 1261
3591 3489
4107 3648
8464 4151
2511 7138
3776 9655
226 8984
5501 1932
4451 3738
2438 7399
7935 8728
9378 8413
1056 608
8403 8399
614 1270
659 6719
6632 4777
3926 5838
3552 5232
633 1301
8321 3027
315 461
6988 5565
4890 5911
9151 9049
9916 8235
6772 3120
4799 8456
5643 3120
8124 4979
9556 6999
1808 5833
2439 3004
495 465
202 4717
4376 5467
110 9305
7819 2980
3600 7188
6300 6842
7657 8056
7681 4162
9039 4056
2359 1479
8779 2712
3036 9134
5586 3008
6320 2490
8616 5916
7516 8467
8267 2598
9158 569
6191 9090
5646 281
1467 7190
2548 1803
3070 3413
1277 8442
8924 6440
7244 2397
4183 6216
3673 1857
9665 3506
8311 8128
1395 9131
4178 7124
1644 3261
1984 7359
7689 7825
3592 1528
1027 5731
9261 5418
7156 9069
5938 5042
5432 5747
1626 6481
301 5456
4046 227
6106 1671
3460 1351
5830 8576
1145 31
734 7488
6942 895
4891 5523
7778 3959
4568 7199
3662 3653
4995 280
7906 823
8857 1009
7581 3638
6333 3679
5228 9493
7750 9841
5203 5223
9314 7220
8332 2386
2670 9916
1592 6427
320 8089
1758 8591
2773 6962
3203 8295
6144 3845
8844 6682
3362 2742
9445 8175
2004 6629
2281 3672
5576 8801
1240 9744
156 5090
6285 423
4610 9815
7151 2954
9420 1351
8619 8983
833 1298
4221 5164
1403 4264
5752 3674
1088 7850
6450 8722
7902 3841
5742 6675
9334 5669
6622 3883
9667 9676
3045 6413
5151 8918
8482 3087
500 6731
3711 5774
4936 174
8572 7591
2147 9550
7368 2025
7072 7304
9294 3562
2815 7168
458 7790
224 7953
7511 194
6750 9287
7674 3302
7038 2489
4288 2506
3666 9766
3974 8640
7365 4565
8773 3330
7195 5588
3626 7776
1018 9415
195 8980
2680 2322
208 3677
5413 4454
8991 5319
7424 4331
6613 1336
9910 4488
1392 5311
27 8789
4629 6418
4086 7559
5885 3221
452 4009
8996 8330
3661 5863
3135 580
2967 2797
679 9171
6173 2581
4774 2856
6964 4582
5787 9976
5663 2201
8260 8555
9524 7815
352 8387
7987 8468
6468 3178
7003 105
3106 3846
2129 7972
901 7359
4269 9225
4457 7273
5574 3710
7719 7810
2981 1845
6453 3179
1849 9545
1024 6708
5545 4574
5884 898
4367 5711
559 270
8653 2236
5381 2790
4992 3908
9997 7800
9102 1280
6753 5350
3933 5779
1126 5323
4110 2140
5162 6781
7709 7744
8099 6264
3505 7831
6232 8707
1895 6412
899 2285
6863 4000
8475 3477
3118 1463
686 7812
8380 6956
5001 2886
7840 2487
468 7647
2486 5489
2859 6781
7176 3287
7554 6881
7944 5639
6064 6472
2124 3278
2407 8955
9781 9615
8474 1127
9337 5885
1128 4433
1484 1409
9053 8861
52 6485
6071 1489
7646 8338
3217 9275
8817 7317
6285 4542
8593 7909
6369 5126
1790 8803
8290 8168
7695 1684
4983 9594
3823 1418
2401 5539
7564 1393
7648 2713
1413 6909
6288 6664
7619 5027
9395 4680
1569 9474
8787 8094
7781 4579
3974 7302
9816 9215
777 7290
3743 284
3999 3130
3053 6583
3466 1621
7440 4335
6672 7696
410 4555
7438 1242
2740 7006
5127 6588
1440 2235
6033 6821
8138 4301
4971 3961
7854 6332
5649 5561
3832 2479
2908 6354
3412 9435
5083 3687
6879 244
3458 8996
5284 7640
4884 932
179 7763
3691 1861
1304 654
8709 7542
5942 2199
6056 604
2152 6786
2820 2337
5762 4030
6666 6269
4150 9197
2905 4557
8212 3479
9161 8083
4080 726
329 5247
2068 9436
8413 8879
9595 5231
7756 1613
7659 5353
9854 6546
9005 126
7470 1258
758 1070
6416 7614
2521 7381
7729 2453
8445 5375
9033 9849
239 2816
5446 8388
1226 7645
8388 139
4650 6660
2441 8886
7947 5252
1206 1109
8350 6040
8264 5175
8311 9442
118 2794
4228 8706
4539 3643
155 9294
4072 5394
2270 5734
8556 2276
9790 4976
1765 3626
237 9171
9999 5004
9577 5856
4940 4902
6020 2010
2155 6170
9927 5783
7207 7374
7072 8148
6100 5246
1884 1005
2802 4324
188 7351
3191 1070
3583 9080
908 7653
5559 276
5235 9700
9326 3999
9474 5381
1375 2022
2128 334
9321 3193
9589 1099
1661 6876
8021 5274
1239 5906
7068 43
6000 4805
2408 3716
558 4394
5525 3088
8475 2832
3955 8580
7545 7712
6140 4734
7541 4709
2418 7177
9451 7388
4041 4408
4103 5062
898 1119
7035 148
6411 8907
8771 6593
7576 3094
6223 963
1997 3451
6429 2102
6585 6399
6546 4589
6090 6234
2534 2904
8770 1091
3189 918
4902 8372
7798 6345
3893 4483
3184 8880
9506 3036
1647 1875
305 7416
5166 7765
9216 3413
405 6832
7947 9947
8847 1611
3990 2743
2439 7985
153 5220
1454 2408
248 8391
6716 1276
2985 9637
4034 973
7210 7771
1169 1641
7064 8978
9322 939
8450 4417
9421 5867
6261 2878
4720 3082
8868 9834
3407 7284
6290 3251
2550 7774
6759 2138
3654 6596
5288 5374
5420 9180
9578 6429
6697 7738
3716 1049
9101 7024
8911 3059
6728 2008
955 5587
1314 3758
634 2174
3709 8076
3333 373
8046 6003
1171 3801
3233 6311
7414 3540
6394 1813
7699 2881
4600 4902
9849 7842
8415 7693
1706 9267
8700 5146
763 8105
7271 7704
8174 3370
2540 4252
8832 2802
9639 8531
3281 4153
6672 1118
5890 2171
2151 4354
3915 5785
1783 6040
7605 9893
6585 4249
6915 5971
6382 9870
8390 138
6345 3477
9310 7508
9289 7257
6999 9545
3975 5740
7206 9725
9828 8241
1745 2205
713 4119
6670 4357
2047 5871
1611 7147
4267 9978
7832 2745
7861 9974
9415 1884
6537 2321
3605 9070
5763 9204
7737 1520
9958 4019
3686 5109
3176 4861
6715 7335
973 5384
9602 4582
5268 4160
9872 9851
2690 9460
5517 7480
1304 4021
4274 6789
9236 9912
4684 3660
9037 9333
6723 679
5760 429
7559 2627
1229 2421
4579 2067
324 7913
940 4480
9529 9599
7170 4098
7462 5342
4166 3450
3303 3282
8739 1122
4377 3847
5385 6415
7286 9703
4180 7315
7561 2949
344 4098
6279 3865
625 7971
1014 696
8755 509
2821 1119
418 5838
6428 2875
8588 5438
7384 7960
6958 6618
1526 5227
6656 8502
6394 2348
7859 9640
5969 2491
963 7407
5666 8491
889 2045
1420 9200
2516 5274
3338 9449
5937 3249
9551 5016
4254 7929
1721 7521
7780 1316
9332 9452
8981 248
9407 7854
2151 398
9936 7498
6528 5585
9748 8918
8047 2857
1942 9019
4401 4779
7925 8625
3559 7756
5104 2191
7057 2195
5922 2420
222 9861
4678 2117
9080 1595
9235 515
8521 5766
731 8609
9638 5102
4949 7833
5057 9699
5666 3730
1802 2258
293 6342
4273 5654
1964 4023
3833 5341
5518 717
7832 7583
1821 3592
5752 9472
7591 4279
8166 5611
1128 6546
8297 3346
243 6168
40 9790
2082 6989
294 7338
1776 7796
1042 9830
8200 5393
9432 5371
1546 6501
9644 3308
6268 7330
3519 2597
7875 6980
3875 5965
1198 7325
4132 3670
5713 2385
6372 4224
6957 2035
9063 8726
2039 5161
7181 3786
2123 6029
9134 6132
5248 2659
9961 5988
2544 3396
7640 7964
1546 5809
4187 1302
2158 6782
2089 2678
4892 5741
7133 1455
9548 4860
5878 3059
4461 7972
9461 7383
2343 5932
7392 3276
2085 3653
9286 3500
3505 1662
9498 8060
2739 1063
198 1134
8079 9936
8943 4247
693 6803
6966 7638
9579 4890
2650 5828
1342 50
616 159
5137 2102
7126 1732
8229 1741
2144 6784
6305 4237
5314 9674
8450 1380
8039 5700
2328 5121
6655 8984
566 5941
595 4232
6152 7986
6725 867
4438 5248
921 7804
9187 3506
2673 3062
9140 9318
6631 9353
9271 5652
225 9614
7463 1089
9126 1280
2060 9778
677 9892
4923 6501
2241 4263
8310 4161
1137 5362
5269 9820
3582 7577
9048 5007
437 2701
6412 9374
1733 9137
1800 2042
8774 856
8163 6964
9565 4361
8760 5338
2833 1839
8123 3227
1091 6144
9583 1059
4767 5740
507 6979
6852 7134
6253 2465
5788 3708
1305 9552
3256 1678
9372 1003
4257 5809
1026 1928
585 450
3553 6128
2413 9988
6826 9282
5532 1418
6951 7043
8989 8124
7833 3868
9749 3809
4183 5391
9964 8674
9389 8411
3296 5533
1794 4122
7114 2402
7329 315
1842 1167
590 5627
3996 3580
8409 9734
6547 8085
1369 7990
5481 6758
7998 4274
5403 8055
2181 1889
4448 5517
2986 9408
713 2826
8434 8250
9065 8657
8872 4556
318 4734
1119 8308
3440 3471
6204 3369
1792 4624
9164 9831
7898 1241
3231 4317
7136 6859
4841 9119
1417 2328
4030 7549
796 6312
5813 2068
3942 6542
5144 9868
5722 6114
6096 2493
8012 8948
3380 9691
700 4501
3829 190
3910 5591
9721 8142
1580 5532
8419 7914
6425 959
5725 247
4592 4882
568 3244
3798 1307
294 1119
877 6027
8123 7612
4491 8373
2521 8646
3584 1801
3447 2192
3315 5921
7630 2852
3576 3778
1987 4605
6351 8017
2734 9626
1751 1736
587 768
4412 9348
9118 4981
7498 5802
640 9033
6448 9347
9230 8967
72 6690
6289 7338
7340 8168
354 277
10000 2559
3268 1177
4148 8646
6307 7188
855 7798
9032 6596
566 5047
2337 7394
24 3828
1696 1535
7065 9035
8795 9301
6887 2900
1927 2195
8885 1903
5194 3556
7856 5921
9419 8284
6936 1308
8549 3614
1420 7938
2964 6611
3715 2559
6769 1701
594 2531
6591 2080
8887 1509
9664 918
6039 1572
7934 287
241 1786
9237 8072
1622 621
4102 9890
1902 9516
1248 5055
9344 896
9605 6630
5623 5602
5535 662
5091 6799
5651 1503
4616 5618
6259 3990
7605 242
5403 7510
65 2263
7820 3261
3601 5657
2699 5244
2691 5527
9335 8098
6450 5307
1019 5806
1056 923
8640 6129
4509 420
7167 1172
489 1452
5250 9680
8454 5936
5273 7350
6225 6977
46 5812
8511 2878
4353 3713
9915 7082
455 2121
9430 3026
519 6208
7293 6891
9235 3990
6647 3962
4087 7975
6939 6206
9336 6836
7881 489
4059 7856
4193 2750
1584 2282
5700 8731
8613 9943
7671 2150
7161 4601
192 2987
2790 6139
5527 4815
4612 2389
8598 9772
6771 8905
8098 7749
8944 2410
5672 1714
5310 8660
6953 4635
5363 5955
8772 2682
4765 1649
7999 3486
8524 1131
6000 2756
9077 948
8390 5000
6969 1795
5038 6859
7868 6079
9372 1592
4188 5095
2682 6701
9456 8911
5647 6095
2516 3657
2396 5104
5823 4958
7559 5771
1370 2892
7478 4069
68 3046
5988 837
5116 7562
1961 3529
8903 3779
8194 3268
1391 2149
568 6698
4234 5539
5875 1286
2884 6891
4728 9707
6469 1355
7802 4895
9834 6841
5446 7934
8310 4274
7214 5444
5952 4875
7649 5066
855 115
3677 4151
7112 4757
9291 7800
2285 4459
2534 3638
1848 5048
4746 2232
4810 4231
7889 3694
7202 1377
1890 6061
6711 7349
9266 9800
6095 6715
6685 2863
3918 2622
8577 3430
7509 1742
9277 430
933 8949
2115 4689
8706 2546
1280 542
2558 9487
5493 3273
6901 6080
3426 1454
8830 9614
4021 1971
7525 2949
2321 7988
3120 8628
4720 7724
797 4723
4495 4458
8188 115
5378 1074
7888 3494
6643 9416
8787 2773
5188 2351
2554 7752
1731 5061
2176 1215
5640 1417
8094 2566
4941 8178
8486 7341
5328 8437
7053 4254
2439 8927
1705 2890
3077 2034
3301 5748
7666 4031
4322 6270
1937 8292
98 8807
5725 1186
1322 1410
705 7191
5298 5792
7687 6807
116 7925
8674 5482
7659 674
8798 5858
8160 2310
9875 948
5876 4389
4353 9190
6604 3677
9062 5067
426 2725
2727 4883
1203 2324
8353 5592
4935 7880
336 7423
7180 9412
8308 7588
8410 2369
9626 5514
4584 5597
8125 4655
2344 7054
2269 2431
9645 583
1256 4488
6556 2249
1235 8445
1586 646
8862 6634
2799 4825
5719 780
5387 8694
6843 602
636 5757
1639 217
1176 1648
6836 3910
4650 4166
2958 6590
4766 2265
784 6477
7264 4366
655 3059
5964 3126
3134 2788
5057 8818
268 9033
9574 262
9981 1523
4919 4927
8465 2233
6412 5522
1288 3967
1790 2578
8730 8108
4013 2119
5745 9356
5474 2733
3663 3699
8669 587
6949 6587
1966 8624
8401 5691
2233 9571
522 968
1975 7467
1419 7741
7628 8757
9638 7833
8890 3254
141 6993
5070 588
4478 7025
2283 2914
5818 465
8495 5062
6657 4913
574 4532
3223 1922
9445 9110
4710 2034
9920 5134
3100 5866
9425 903
5673 7270
6987 2607
9753 6087
3429 3958
2484 6013
9970 8705
4558 5987
2460 701
8236 7359
3872 368
347 2735
8884 9423
4508 5366
6625 7666
885 3663
4243 4178
5453 6074
2709 1733
3539 5304
6299 5670
1815 7046
8145 8735
1250 1987
9041 7276
4960 1239
3971 7862
5004 9577
6686 521
5670 3441
2269 2702
8488 2233
9255 6249
7738 7524
9393 3662
2476 8197
3171 6375
361 3519
4014 9611
9477 2214
7883 1578
6249 6212
1809 8801
4211 8993
7621 8093
4265 6108
5984 1879
1332 913
256 4560
6302 5528
3753 411
9731 2171
3004 7644
3286 8875
816 4894
4327 1340
2334 7082
7952 5830
1187 8160
8888 6043
4802 8939
7040 2211
695 5154
58 7887
8584 9044
9393 2862
4459 1080
9651 7525
8356 1370
841 6797
9377 6781
9426 2125
5653 6736
7073 6477
1806 8770
4934 9890
5819 5885
7311 5820
2848 2402
6836 2900
3400 4285
3036 5272
7455 3418
5305 3703
9634 5189
4509 2384
1201 7043
5958 4592
5647 3203
8098 5996
4109 6655
6072 2224
6344 1756
9967 8311
1406 4007
7287 7096
5629 8241
749 1406
2906 2105
6872 327
8191 5655
3000 7300
5724 7402
9244 3959
9606 9391
6105 1467
8929 7159
1086 3957
5102 198
8157 6952
4493 877
2194 1612
1880 6261
256 9441
2690 266
5901 5898
5998 2642
6352 4522
3803 9448
1254 4621
3302 4471
1069 5884
1034 4421
8830 2422
4226 7409
3785 1219
1401 1761
9639 4950
3027 2321
2947 4168
4305 2146
4595 8459
4839 9610
5954 6958
995 8634
7430 132
9563 9047
7692 8576
385 8502
9849 5093
3206 3736
8268 6657
7853 2088
8617 2688
3462 126
9667 2987
7975 960
7083 7125
5374 3515
6406 1751
3714 7257
6587 4808
5218 9750
2522 9822
3372 2779
605 2680
9995 3373
9689 6935
711 8965
4233 2183
5969 6029
2021 401
4136 915
5730 1244
6672 5698
9752 7949
768 109
3776 6253
3862 2004
6693 9316
1066 304
1939 3965
598 6423
990 471
4151 6563
7378 775
6295 8927
7872 6378
641 3101
3791 9297
4998 8176
9866 2986
4335 3121
7480 2909
1413 3409
1255 1431
99 7439
453 426
1649 2848
3861 972
1154 95
3865 9537
5144 3954
6180 964
9911 5957
1958 5664
1618 8900
9327 1933
8559 4525
3390 4962
9665 8846
658 5500
5992 3131
8665 1505
7077 8034
1087 1356
2991 2436
5157 4901
9719 6682
4392 955
8105 1676
8914 4862
4386 2763
8982 3760
4784 5333
2641 609
261 1009
3439 1488
1652 6070
7121 9795
4545 3593
8170 6160
8175 49
4000 735
324 9629
4831 5497
6141 2605
5150 2105
8317 4011
6983 6791
6334 4240
941 2639
1043 3538
1756 995
5362 2953
1396 4589
9970 1987
1450 7955
1986 7897
4802 6857
6480 2914
3097 4335
9998 8359
564 3705
1277 5131
8569 1962
8128 6640
4073 8535
6799 6426
2321 8202
4372 8758
7965 9462
6787 7355
2997 8560
4552 7003
8497 6444
8019 8006
1010 1832
5247 7178
9849 9705
9526 5772
6863 5920
5180 4728
4292 5475
5584 2622
1734 2255
7391 8321
1480 8584
5854 4626
6432 1558
2885 3169
3873 9141
8019 9851
353 7598
8161 2630
2129 8657
3264 832
8627 8587
2732 4033
9539 9247
1917 809
3558 8736
8764 8605
4562 668
3438 4494
7595 7521
2559 561
5439 1104
1865 361
4549 2375
3720 7663
3667 1925
7393 4627
5007 8517
4068 2565
216 137
7018 3830
9775 3295
2932 1145
6407 1099
142 4806
4450 538
4493 9022
9093 352
5864 6409
1848 6211
5682 7242
9106 1738
6177 3458
3021 8003
3824 9483
697 5332
6959 9546
8937 4542
9036 2709
5442 2466
9203 852
1184 8896
9190 6786
6988 186
232 908
6021 6917
6006 4386
1186 913
1173 8512
8461 4818
9383 6645
212 2389
4409 2287
8695 9230
5029 2978
5252 2955
4357 9436
6295 6326
5624 5860
3285 4350
1433 4015
1001 1187
9266 8147
6796 9835
8857 6305
4365 8070
2296 4005
6014 3735
9025 1341
3972 5933
2147 192
8226 3237
351 9611
1725 6737
5409 1336
1303 1974
9643 2651
4074 7813
3651 946
2511 8196
3434 3777
1615 2670
833 6205
8314 8435
9488 1387
3935 5295
4628 7272
1125 5350
2564 7951
3007 4815
7758 1249
225 8028
9495 859
2151 9173
7933 6979
9505 8948
3949 4066
7755 3526
7624 6352
6278 7368
7572 8145
6965 2724
6310 9934
9855 4956
8908 9779
3283 5120
8434 5387
2707 6821
9830 7570
7548 7596
2448 1245
502 8341
4741 2418
75 6476
4270 5648
4781 4302
2657 856
8330 8914
445 853
704 8257
8079 6510
8951 6708
3625 2710
6613 5974
4743 6973
1642 3795
5039 2185
2615 4414
3783 2688
6797 5186
3858 4655
9764 2655
282 8958
8366 5844
4956 3526
648 8571
3064 2930
5628 854
9590 2013
1186 6490
6491 2910
391 6633
2614 8306
7055 1800
3143 750
8787 4694
7423 1043
5928 8875
6847 750
4567 3055
5890 7925
9509 9792
3259 4052
4432 5848
2369 7384
9117 4139
7978 7958
3508 4994
1372 4229
3700 1505
8452 3423
29 5626
7884 175
3402 6883
9919 8083
6486 9588
5609 1400
7932 9093
5376 1352
6732 3909
1126 3590
4442 4805
7148 819
7797 8547
7138 422
5447 5050
7278 7947
133 9610
4832 479
4149 5747
9045 446
1546 3353
6907 8800
780 7702
9435 5453
5222 9786
6290 621
1145 3569
2451 7121
3201 9624
34 9285
2172 8428
3298 9321
510 2513
9282 6421
5610 3065
4781 8264
222 3669
9425 3998
4169 9895
6362 7705
5592 6622
5190 5691
4153 6379
1553 2920
4238 7302
2804 7446
1798 6216
6222 1255
6293 5019
105 3894
6956 8591
1415 5026
792 6185
1324 1419
2041 9497
5199 6670
9570 8384
49 5267
7802 490
157 9980
6487 1451
8133 328
5190 347
1290 3472
1178 9247
9215 4590
9119 7275
5634 371
7398 346
4097 1894
9673 650
3746 4831
3343 9236
9655 5261
5075 580
9388 488
2338 2061
4606 1211
4817 3562
4473 9221
8899 4133
8287 3568
1415 1565
5574 1306
6631 7721
7497 7890
7253 8493
8650 2037
7730 2894
1207 928
4424 9685
9123 2287
1791 666
541 6719
1853 8163
3722 5528
129 1267
7228 8358
9454 1698
4503 1203
6217 3974
2340 169
9043 5576
5816 6642
6778 3588
9555 1380
4212 3592
744 790
863 8245
1402 445
3775 5706
4484 9158
7343 6409
6130 230
9952 5283
6730 7482
9231 5284
4420 193
2939 6726
9265 5803
1352 5633
809 5839
3900 814
2430 2281
7327 9427
9226 7151
5572 6333
2338 7548
7786 4538
4262 5495
4782 1411
5550 9216
5767 9833
9876 4098
6191 1255
7865 4214
6576 1732
8790 773
7266 9440
7713 6685
5821 2500
2028 152
2615 973
8623 7136
7579 1826
3602 3373
8697 980
6870 7876
302 2821
1902 1254
9805 4646
5201 4288
7294 9704
4698 4793
3037 6702
6314 4923
4739 5202
7507 6818
5243 2216
3668 7735
6349 4507
9787 5116
3328 8403
893 7266
3740 2379
7588 6589
9700 5608
4127 4682
8872 5985
1644 1949
5115 8584
2169 3532
3872 4307
6729 5013
955 1256
6948 3352
959 2530
5677 1340
9679 2528
6269 3789
4377 4670
3072 5738
137 8689
2879 9276
1036 1609
7138 4195
7219 4684
1805 3655
4611 6980
2788 4739
3874 4037
801 2566
4257 3228
2760 1806
3105 5355
7665 7711
7451 6717
2614 8938
4274 3142
6482 7768
8095 7920
3725 9445
6009 6190
4393 8378
5685 8378
9921 5702
4641 4206
809 6755
4344 5654
419 5495
4676 4710
6379 5974
5337 2903
3208 1077
2598 2680
4131 9821
2055 1217
2994 3557
8657 3289
7143 2173
8010 9465
1203 682
1996 8308
896 815
2937 2280
6274 8040
9872 4230
9368 8518
1034 6920
8779 6871
3740 9914
355 2079
3345 4638
3759 1456
7275 3543
6913 9539
6779 731
4183 3036
4473 9241
3942 2450
507 8663
7060 4096
7066 5743
9328 5152
6799 7216
3829 1883
1092 6616
419 8096
5398 4884
289 2569
2910 8006
9720 283
3925 2985
3543 186
4022 8736
2916 7036
3050 7487
4434 4827
8163 9085
40 1269
2770 4972
3378 5193
3410 4758
4457 1951
2500 8954
3978 2443
4492 6286
4003 1793
69 9085
7350 9239
5568 3406
6166 1345
3973 3023
1423 3719
1667 608
3279 5261
6396 1657
5480 9516
4041 5614
4781 783
4824 604
1326 806
5856 3005
9788 3739
11 5354
4683 884
5154 9701
9376 7049
1791 4642
3649 8133
7114 7037
5744 904
3037 1222
592 4451
6011 51
8292 3550
7839 568
3884 8082
8590 9993
9147 2443
4350 4856
5367 9768
4922 339
3122 5524
3583 5448
5700 1366
6252 3370
8069 2928
6478 8374
4905 2321
150 75
1774 9389
5796 8084
1946 2907
5366 6481
6312 8994
5834 2101
5503 8967
1100 417
8601 4983
599 3514
1132 4220
942 4610
3050 1187
3740 528
7928 9987
6631 7826
4295 7648
4572 3534
4706 8584
7168 8659
8282 7118
1952 3083
9479 2579
8596 5769
8035 634
8683 6063
1548 2691
7465 5635
8979 7570
752 3943
2996 1796
4036 5826
7602 7031
5397 3892
7728 4579
8161 9739
2068 5258
8964 7226
3192 8879
2211 2155
4102 3800
2366 9161
1083 3978
1564 3784
3492 6651
1308 8827
4210 204
7683 4497
3334 7975
7048 6815
5888 9863
4380 5364
9653 2418
8385 4908
6417 2777
1592 7660
295 9114
6699 459
7747 9521
481 867
3825 8375
1644 2891
8912 6850
8207 1128
8315 324
6729 3391
8851 5976
8524 3396
1749 5191
8667 2781
2377 3984
2286 6415
3976 7481
3984 1520
1285 9139
1792 6430
1175 487
1829 554
181 7879
5909 4377
3002 7685
8813 7389
7336 9638
5394 776
4491 7230
9143 2861
7169 8805
4870 7846
9642 9617
6558 3976
551 1742
6403 8576
4486 9043
2903 8397
4898 7232
9020 8326
6451 5482
8693 7294
2189 1352
5615 5375
4574 5704
9230 8901
6793 9320
4686 1124
472 4775
5813 9261
384 6778
2347 7277
4002 9581
9177 9848
7137 9232
5972 6331
3104 2237
1805 3463
4755 4045
5746 6845
3011 9923
8186 4857
9610 3330
7917 7819
2534 3766
5237 9153
7389 5433
1686 5875
9826 4480
6269 4893
9184 9008
5337 8488
3390 8617
187 9963
4627 4932
203 9158
6093 214
7309 2222
5332 1640
6107 4875
9997 4465
3130 7077
2404 4726
7327 3016
8883 7844
1450 5836
8137 337
3732 736
7500 7900
3346 3307
1141 7333
6685 7859
7366 5991
4513 7079
5000 1163
2248 9102
3649 7073
8185 6021
8535 38
2888 9488
842 463
1303 3748
806 3050
4862 1931
2213 3103
731 1984
6339 8585
4310 8658
926 6446
4175 7617
1036 1320
232 7261
7754 5208
1504 3688
1134 9351
4133 1313
8134 8349
5133 358
2732 4677
7567 838
4730 3175
8571 1470
1407 9708
3758 1723
8661 310
3939 7866
9583 1777
9484 185
6847 8675
1972 7582
5619 4630
3180 5377
4966 6050
4892 5307
1720 8434
3198 7417
8862 3451
2072 1685
4272 3166
2352 8363
3482 3878
250 9660
3124 8649
6361 7972
2045 2481
2150 8680
9369 7871
9210 4377
3195 6280
7819 2672
4719 9517
9774 9479
7382 5481
7285 5989
476 4400
5444 2685
5325 3137
6067 1265
5291 155
7004 6251
6399 3949
5569 3153
1910 225
3573 3244
8262 3003
62 6624
9877 9839
8843 3077
2059 350
5411 524
2269 5723
5050 4674
5094 4942
4600 8338
1343 2973
7817 6552
6668 8431
1663 2192
4226 503
1413 5110
5898 8116
2640 6725
3863 5870
6720 3076
2332 3762
6238 1463
9989 4036
8755 3111
5534 2411
8076 2862
5195 3998
7350 2701
242 572
1315 9531
6430 7132
5454 285
7064 320
3007 9878
7237 6200
2290 8586
1476 9100
1107 8356
2620 2088
1296 9600
3552 4505
4675 8618
3445 1380
3740 741
7679 3491
7821 768
7280 8191
7120 3381
9181 5858
2418 914
9166 8821
4350 8449
443 2730
2570 1868
1672 8500
1928 4962
4892 3370
1041 9429
5860 4508
6502 6697
7804 2155
6565 319
7039 7092
9033 7170
8416 1615
6459 7604
7507 966
7824 1099
5713 2209
7056 1272
6219 8132
8382 4859
8156 2543
4994 6213
3761 766
2764 9857
3087 4063
2006 4858
5914 936
2515 5744
1972 7300
1236 1529
4824 2512
1683 2832
5937 2537
7856 9174
9587 1526
7455 6007
4543 6353
4856 2747
2597 50
8941 2379
5785 5010
4221 4493
6856 529
9054 2632
5815 8763
335 6149
8511 3221
2849 3023
5661 3698
3396 9453
8572 7886
6439 1405
7592 418
6502 2622
459 7286
6360 9082
2475 2514
5303 9159
1448 7564
1966 1639
815 9100
5254 6074
8456 8661
4071 9201
294 4838
8298 8124
1891 1439
4673 178
1747 417
665 3296
1735 7508
4559 5572
4971 2977
5515 7084
798 1320
2755 733
215 7138
9471 687
8815 6663
9581 7282
9437 369
7824 8226
9145 1693
4710 4639
8163 5084
5360 1556
227 6925
6047 1081
312 6489
382 6749
1070 3508
5809 3354
4262 5010
5688 6656
2290 1562
9993 7589
2533 3441
4594 1663
3862 8826
6507 9156
7766 1132
8114 1744
6436 5783
7866 1438
1346 7554
3483 1963
1167 3503
7373 660
8931 4348
4829 1586
6983 7648
9894 1248
191 8475
6312 6388
7526 988
6653 6424
2176 7317
4622 4016
4276 5079
7592 2866
4382 227
9215 90
8444 6303
5456 4457
622 8443
8682 698
4164 6708
6109 2124
5506 8819
6356 9828
2400 4111
1030 3802
6326 5392
1818 2772
597 2372
7609 2109
9756 9550
8228 3159
4568 6520
6406 1456
4690 4262
1064 4483
1113 9787
1886 2163
4207 7421
6626 4281
8905 744
1865 241
6854 2786
7329 76
5511 5066
5214 1454
7840 4731
9061 9941
4627 9497
3496 7427
4721 5579
3376 6403
2227 4102
2817 7988
1805 5953
435 4771
7584 3158
4941 1563
2336 8456
4744 7936
4243 9164
54 6191
7130 3896
2444 5209
5836 8642
1669 1672
4178 8255
7748 954
6419 8519
5482 6130
6878 2350
5436 1384
4269 6524
3108 6794
317 7245
329 658
2183 1339
2787 3500
2010 4274
7522 4920
8656 2444
3985 8867
5262 82
824 2605
7041 7985
2126 9509
1247 6873
1842 6491
235 6525
5161 6284
8091 4187
4667 6564
360 8215
6574 7297
6795 7148
8806 3788
5795 6918
1983 8193
6680 1075
5688 6467
210 9241
6354 4374
503 829
6756 3860
8262 7204
6210 2322
7457 4314
4420 7474
699 4842
4980 811
3422 532
683 8621
4912 6045
9119 7926
370 258
8384 7727
1457 9545
7393 7333
7685 2654
454 4942
5416 4839
6377 6268
5533 1429
6594 3243
794 8642
8983 1757
6845 9176
9657 1464
9411 893
5407 1096
96 9558
175 787
6608 6736
7491 1414
5012 9201
695 425
6555 4354
1907 2172
7284 8664
226 8189
197 1319
7733 8369
3726 730
3828 957
528 1068
2283 7282
836 4270
9625 7739
1473 6558
9448 6298
820 6120
6359 3891
2312 8958
2975 1726
6611 1016
2860 3089
1550 1790
6771 441
9938 6929
9053 7856
2446 9666
7711 5288
4756 7146
1165 5810
7911 5994
7349 9470
4542 5236
3688 6129
5935 5231
3527 3471
5300 2259
2092 5448
6339 3889
978 9606
5208 2637
9336 4973
3883 4919
1229 9983
8338 7979
5269 5701
2478 1901
4228 8436
9078 390
2164 5196
7724 9018
4450 9606
5023 8344
5530 6546
1272 8586
4942 5479
8155 9207
2273 5565
4506 4125
7437 8748
9165 7777
921 1266
5012 3701
599 3252
9867 4881
7347 3339
3852 4034
7283 1070
2642 1763
5291 278
1734 1187
3689 1017
2302 3205
8659 2103
4456 5410
2407 6352
4621 3142
8576 7399
1661 4593
4182 154
4453 1572
4703 3849
3683 1509
2083 8021
8967 7931
7768 7579
4763 9209
474 1072
6740 5618
5734 9950
2775 3197
3358 3394
2250 7286
6774 115
1585 6535
2488 1233
2707 9237
8826 4849
4478 1120
1952 4479
6130 7816
1557 4068
2388 3742
8334 8899
7046 7475
252 5706
3124 1271
613 961
7831 9209
7286 2329
2355 1373
6565 6088
2518 1138
6707 1281
385 3646
9112 6264
5549 7228
1917 7135
5549 9003
1633 1448
6407 1382
311 7337
7167 2606
9724 4434
9175 9284
4153 7145
9193 6616
6150 5681
1614 2711
8218 946
6748 7122
435 9062
1678 2560
4761 3560
6521 4689
7395 7241
7737 2815
3997 886
7415 7509
2080 32
2690 6819
7293 4449
5051 6638
6721 2978
5419 1915
9385 2566
887 6446
6607 4522
7404 8611
970 1647
8735 1304
6247 3560
4203 7715
5269 9863
7627 400
2771 6316
7333 2465
2204 8972
8990 1032
2566 4852
922 8060
727 9173
556 9014
873 5131
7055 3341
7577 4786
734 9577
3555 323
423 619
2929 9645
1959 7131
9230 5817
5918 7292
6044 776
7677 4071
1250 1937
9855 4991
1924 8595
9905 3198
8407 559
3762 103
3136 7355
6261 8481
7520 5800
7738 6142
2140 6927
3125 1832
2291 7627
8872 8263
3583 4244
7315 7028
9576 5871
1105 8555
8165 8046
2288 8013
3017 5964
1115 2328
7047 8879
6881 5210
3512 1224
519 8128
223 827
9486 5766
6102 2560
1363 8031
3232 633
3651 2665
2012 9422
204 4478
6679 3318
3665 1842
5165 5822
2143 2095
1701 5031
1866 7842
1285 7925
2870 1926
9311 4978
6867 6840
4961 1084
88 4725
1209 2840
2671 999
6367 7286
8355 3359
7384 9975
8650 9532
6050 994
5016 6453
768 6626
8154 2320
3261 6876
41 5240
2511 3858
3851 1374
5973 9578
2697 7569
5648 804
547 4465
5006 5330
8451 9592
9259 8593
7114 9634
7391 7323
8162 9987
3266 3546
2061 471
8315 7294
1111 5230
5797 6666
5748 9301
3312 9749
3046 5722
1614 6176
7760 8943
9461 4565
8947 985
206 6117
7703 3930
9921 3283
9045 3880
9848 6968
94 7295
6686 1748
1820 5208
3716 3568
1585 5192
739 6449
8149 2968
55 748
6483 5476
3489 2638
2029 2765
3492 2042
4138 4817
1553 9459
6738 3445
9897 6171
8920 2254
8344 5338
2103 3229
2493 9349
5025 9754
871 824
2839 2870
55 3443
9575 8217
7701 2089
7772 2810
8522 7254
6579 8464
2107 6261
5532 6345
6975 3359
6604 5584
2404 6716
9997 6121
2130 6128
1560 7382
6046 2898
2587 2153
7253 2179
1798 6146
3321 1099
4985 8551
9742 5102
8178 7664
4161 8280
2360 2878
5600 1182
6504 6300
6811 3580
5974 7265
1625 1192
1980 4727
6892 2607
3652 8036
1054 8847
3699 5843
955 8602
7077 1163
992 6541
6595 1871
5831 7948
2976 3562
4076 1850
7337 4503
4466 3135
8091 9343
4012 4694
6645 7106
1646 9470
5107 6769
9883 1686
7547 4640
9940 3932
677 712
1062 3157
1260 4696
3349 4557
1701 6080
5906 4675
4949 6661
9823 5884
3060 2204
6108 5351
1022 951
9986 7508
2764 3177
5528 8052
4956 9059
6836 189
4867 5943
5846 2267
902 6357
4077 7549
9773 6644
825 6207
7395 6539
8316 9736
9888 9296
2306 9744
7599 8973
3334 8161
9584 1877
7656 5001
462 9158
4445 7066
7625 5996
670 6802
2293 8747
1258 3743
8736 9455
9062 3232
6854 5254
9216 6285
9980 2548
9502 8830
137 1385
3182 9923
5453 4774
5394 8441
8689 6914
2598 3883
4325 8162
1460 3946
9562 6374
5013 2434
3969 870
405 9698
9314 6299
5505 2948
623 3094
3192 3721
3013 5932
6074 5911
9702 9839
1431 1575
9067 2701
3759 5494
9086 7724
9221 4568
2021 763
2093 8661
5230 5551
9459 9608
5938 260
5339 2601
4186 9769
2284 2250
6202 5587
486 7018
2523 9635
7648 465
7528 7662
4004 4079
6304 4313
3289 8312
1020 7821
7097 3014
8877 5894
100 4073
8404 3362
5595 624
3414 9746
2773 8322
7899 7169
2028 9622
5919 6635
1711 9178
3170 2665
1139 60
9387 6912
1381 6550
5322 1753
8509 3845
3376 4613
5875 2018
1049 4185
1093 6799
9417 6375
4551 773
2685 1287
7821 6281
2199 4549
375 8041
3697 2007
8873 4191
4812 1339
5858 2209
3786 3748
3128 4056
8697 6394
773 6886
9106 3115
717 3674
8812 6768
667 7046
4126 8967
9351 936
5048 6845
2991 3536
1109 499
8146 5389
6178 9095
3416 8760
9138 9400
1519 3524
6678 1590
324 3902
578 4859
9970 1215
55 2013
3205 2237
7498 2013
7500 9632
1425 4406
8928 4924
8385 7491
7331 3108
6882 7079
8520 8952
7873 4420
1530 2574
2796 6278
6453 3357
7008 899
6463 8019
2266 3144
3150 6182
8340 5287
8232 8913
1128 1674
7166 6047
4373 2748
3152 2207
935 8470
3642 2809
3985 8846
9414 9876
8988 8959
3873 1062
2464 2630
2336 6006
9902 2632
4438 3084
9639 8533
9618 2430
3363 4574
8270 7206
9772 8173
7497 1804
557 8899
9407 903
7799 647
9474 2662
404 9415
101 5503
8083 4057
2910 6267
1594 2400
1773 5878
7783 8882
8292 2821
6689 4423
9833 7069
9447 3387
9838 2123
9927 6763
3958 8009
7458 3241
8222 3298
3213 5451
6244 3896
2801 5915
8144 3773
4541 540
2623 5117
6191 4728
7110 2643
590 3642
7861 3921
9099 4302
1984 1883
3427 7093
5977 5882
1872 2062
8552 157
5805 9710
9019 6915
7341 4363
9229 8331
3809 226
71 2739
5032 1876
5365 7749
9845 8598
893 5742
5797 4469
598 370
5980 6758
4071 8863
3562 7541
1085 1294
3354 5585
9120 2535
2208 7993
7172 1827
4317 4944
7517 6416
1343 7037
7217 7825
4426 5403
7859 8889
6737 6855
5878 9892
7760 558
3954 4975
2671 3736
2389 6859
505 9697
8487 1303
9032 154
5576 4859
3056 9095
376 6854
913 6028
8236 8169
6295 9584
401 7884
243 7221
7063 8444
9473 9065
1804 9274
1601 8357
3881 5889
9553 5900
6858 3290
3823 8027
2982 1853
5962 1427
7940 4491
7712 8697
6217 6016
2331 1695
8044 9647
1937 5092
7001 5662
6098 1858
2718 7508
5340 151
6703 1658
3007 8001
7081 2599
7887 1946
9241 1854
3757 2278
2615 8297
679 5201
6660 7931
746 1070
5509 6245
3994 8910
271 840
323 4117
4030 7983
7516 6062
2785 7670
2036 507
8778 5426
6827 9984
837 9563
3052 5784
9560 7905
4378 9756
4579 331
7601 3155
3752 1945
1263 5227
840 1453
5090 4170
2021 8043
7970 2447
7089 8205
5298 5224
103 9750
4200 4208
4996 5502
7768 8369
8641 8557
9845 9274
6211 3193
4027 6893
9730 4265
4729 7799
8525 4022
6575 821
8829 2918
6317 3895
6580 1634
3275 600
5183 1322
7946 7928
1520 2800
9685 3315
4229 2451
3165 7103
3858 3743
362 4453
7502 7639
8238 6882
6189 128
8837 8854
3817 499
5610 4700
7231 8724
58 2912
8135 7730
3188 7882
1705 6292
536 1982
4414 3827
6614 4568
6682 9223
2327 2442
3671 209
9682 2687
2002 4562
6138 3802
4834 2721
4572 2181
2854 3729
8427 529
3971 2079
3882 1423
7630 9031
566 6434
3673 3150
6115 1324
6552 6488
8645 3936
4141 7810
7401 8220
2294 9676
6796 8058
8498 1171
3953 4164
4282 1223
8750 4282
1489 3730
1979 8492
8984 2391
5585 2421
4904 6897
8796 2094
1298 4364
3382 9377
2683 2904
3208 9442
6890 1551
6313 9912
3374 7454
957 2671
6462 401
1079 4882
3990 9260
5873 2515
3453 9705
6497 4814
4416 1912
8076 2899
8021 2375
2675 8555
6219 9822
1161 4146
7953 7924
9787 2518
4295 3032
7032 2563
5981 2398
2943 2445
6035 1493
3908 8149
3783 5472
8949 7468
4488 8127
3568 8395
4733 1590
334 3247
2775 4131
226 7828
9858 6350
9317 6940
3116 4172
4980 1901
5276 6197
5600 5226
9125 2924
7330 5837
8449 8617
7919 1877
7171 385
6167 3136
3295 9931
7989 9571
9693 8251
1884 8039
7672 230
4341 179
4578 4304
9058 9708
9961 1260
1380 6077
5071 1784
593 7118
3531 505
5522 5489
4447 59
9812 2573
1994 1624
9847 7733
3751 1067
7390 7420
8175 2241
793 8713
1414 3308
7340 3853
9912 4884
9866 4051
5808 2161
2785 3763
7919 3124
7099 818
7339 8910
561 8930
9857 2446
9449 8404
2085 31
9079 2723
5713 6842
4768 8454
3455 3933
8173 6672
8118 4508
2765 3133
501 6247
8640 8707
6335 5583
5369 8690
6171 1966
9934 6431
5077 5415
2959 6450
1650 2555
9980 9500
9700 4336
6460 3041
6593 7560
2117 6461
4491 4559
6940 6822
3064 9576
3826 1028
9517 6943
1207 7905
5362 6593
9963 7545
1310 115
6850 9710
5336 7832
2956 5251
1873 3104
6287 840
1933 5532
6685 6813
4167 903
8544 8423
3211 456
5683 1703
9412 503
757 6918
6038 1116
1574 1539
9624 1161
3608 97
7984 2108
3492 6396
6607 2872
4069 5024
2129 2615
3430 3926
1429 116
6350 9388
1805 7505
3487 5271
9866 392
5882 1762
3501 4859
6200 4078
4195 9818
2246 4438
1054 2694
9320 4859
4571 2354
9247 6575
3526 4984
4485 4684
6033 9111
5138 127
4594 8595
4058 4238
5894 98
2330 4154
6987 7591
3949 3319
6512 8176
6344 3275
3888 4116
8187 4365
5271 3064
5751 4664
1804 2036
9405 2884
7245 5810
8510 9858
728 3354
2083 8245
8740 7702
6796 3414
7808 2150
3988 2813
2855 7455
7130 1798
9692 5278
194 3413
9038 5874
5931 7545
5182 1844
7025 1453
518 3888
7739 6457
4457 9469
9904 478
7476 3511
7220 8549
7049 3763
4547 9949
1950 3025
3751 897
4998 9972
4544 9103
9830 4089
7771 5410
3975 6253
3444 3105
5535 8880
9101 1308
938 4040
7858 1404
5441 3422
7647 8706
2519 3083
4615 5267
6090 642
2997 7279
3777 3205
7053 621
9630 2454
7437 2466
829 6734
21 8886
9976 565
4918 7198
3562 9831
8212 3549
3116 4883
7696 3932
5700 4950
9326 6056
9004 2185
205 7240
2675 5042
7464 9418
9769 5647
3041 5512
4596 4251
5756 1297
8099 2333
6129 1691
5249 4572
8015 8294
2829 7726
351 1336
450 8580
2302 1403
3813 3765
8102 2250
6733 6236
6970 8150
8327 7151
2766 7342
9570 7568
5350 3786
1433 9634
2862 2949
1067 5024
942 8382
5489 1050
7514 745
1217 7569
1102 7809
6578 8959
4569 4309
6829 6250
1476 3825
5249 9207
9667 9341
2719 2808
4251 6716
4330 2733
6172 1781
4294 7700
1938 751
4067 2129
4299 8743
2467 8908
2980 8145
3815 6613
4183 6711
9992 1791
8313 2298
7545 8626
7111 7843
7346 9311
285 6418
1463 256
6748 7982
2495 1731
139 8981
6263 5621
4118 9403
7960 3202
5458 8996
2704 6355
9840 4234
4240 2522
2017 569
3534 8117
1565 9538
643 3518
8137 8362
2448 4536
6818 6230
3630 8897
3888 6043
3264 5794
3077 2538
86 8714
7441 2495
988 87
8972 7079
8134 5109
7478 1410
3695 9334
9814 5816
8627 2068
6120 674
8925 1349
7382 4973
6697 3399
809 7218
9210 3248
9556 5636
1735 302
7247 9240
8004 891
5208 9254
6012 9553
4999 5533
7391 5467
4929 6846
6874 2808
8919 2733
8948 1049
7170 282
8096 5076
6166 1272
3069 5099
6682 4345
6570 7417
6570 8635
4320 7423
2347 1496
4003 2586
5461 9959
8417 5603
7479 8900
8667 8850
9564 6653
7490 3162
1425 9951
2730 3367
341 6077
9450 7396
9992 4279
5742 1155
3848 2742
2736 3069
3496 7909
8245 5984
1589 5024
8227 2604
6250 2499
1833 3240
8329 9113
9049 7303
3115 4950
4858 6348
3158 6223
6804 2965
8302 7720
1030 3870
4985 5376
2211 8219
7481 4094
2915 2019
1668 8508
6545 4429
5036 2760
9722 7101
138 1565
9044 2533
2598 9963
4598 7235
3875 7565
6604 7775
5764 4354
4041 672
4393 6282
5629 8931
9070 4693
3598 9267
3196 3202
8458 4330
40 4679
4539 6146
3108 7244
1385 9466
9721 5917
3675 8694
5489 3622
6897 1232
1206 7248
7722 635
2808 3209
9511 7242
7967 5549
6161 7980
6558 4447
3383 4178
8040 1589
3115 5674
4897 4959
9100 3286
2897 484
2400 8472
6515 154
7274 6951
3940 8012
3185 6078
9995 1908
7759 5035
8368 9627
559 8274
5995 7575
9622 119
1471 7658
8501 3349
7002 3236
1902 4162
5657 5147
7543 6597
530 783
7035 1109
9334 1785
4336 7416
1669 2173
6786 8277
1621 2561
334 4008
2030 894
6669 8458
3398 5242
6915 7335
1475 8301
9395 6502
5920 4214
5319 2168
4337 2873
7961 6533
9983 3360
3245 7934
7881 2141
4886 3069
718 7483
6187 3369
9783 8132
6699 3319
9789 4557
6797 6598
2603 5384
1763 687
3058 4979
1774 7145
9487 813
273 1759
1451 5666
3265 9126
8101 2046
6362 8089
5932 8705
7714 1075
5234 3905
5390 9501
1760 8840
3713 7924
7887 6162
7781 9076
9171 3852
290 8335
5927 8486
9689 1835
7008 8946
322 9948
9303 1969
5547 5973
2814 915
930 6748
5822 765
8860 4123
4871 6304
8154 2102
704 6746
5060 5266
2837 3101
1620 50
1999 2763
1487 1789
7021 3579
2828 4788
5866 212
8056 7501
7709 4666
3257 3167
1945 565
1757 1815
1550 8496
626 9474
8389 535
4743 5056
628 4348
2620 8471
6842 900
2692 9491
4095 2236
475 913
7740 3181
7357 5965
4285 9683
4880 5110
3087 916
5706 2789
8132 3404
1809 9453
7322 3039
6297 1861
3106 4405
4391 5523
5035 8704
9680 180
3383 9442
5758 6530
5832 5868
5307 570
659 8332
1361 6866
840 8157
6773 6829
1658 1958
5977 7884
7937 2731
7661 6327
311 804
3130 598
3281 7994
2940 650
1760 9066
309 7870
81 3978
4599 3481
4060 9763
8678 74
3086 2751
6229 8158
3749 2677
2068 6652
6124 6175
7096 5371
9937 3268
6808 192
9075 5123
6083 1708
9084 5900
1689 4790
1265 3340
6026 8746
8421 2383
9102 3228
522 9138
4408 8006
9865 1183
1205 9947
8229 5021
3339 1066
1638 6737
4278 7488
209 4392
3223 4126
2748 4457
8224 2052
6224 9870
6659 7366
8655 3806
1216 824
4949 8052
6026 863
1454 9219
1324 5543
453 1334
7940 1812
8210 2403
825 4256
8601 4951
9868 4456
6263 7335
3901 6016
5603 6887
6621 5506
6828 2769
5991 5127
2646 4547
8395 5716
7930 1533
8147 4281
9647 6056
991 458
1290 7161
1456 7520
3471 1376
9892 5682
2431 4381
961 7377
4366 6706
5721 8747
2582 3330
8645 2204
406 9856
3010 4738
4001 2632
476 9600
2615 8885
1774 2322
5209 2254
8365 5229
5177 9883
5428 199
1231 1930
1090 3725
8733 5396
5134 1844
4771 4337
3509 6379
8906 2472
6842 5261
8118 3641
6212 6605
6861 2138
5736 8801
9252 1443
9629 1287
9288 3372
6833 8493
1068 2331
8154 5788
9552 7405
9382 5707
2853 168
8268 3918
1812 9794
2174 8748
8018 8538
