2515
50
6340754
59 49 49 60 58 41 58 43 50 42 55 50 52 48 46 49 45 47 51 55 44 41 46 51 54 41 43 52 49 52 56 58 52 49 56 50 57 42 56 54 47 57 41 41 51 57 54 57 45 55 
-77257 -69833 -64685 -75675 -66297 -52156 -85736 -60267 -56476 -57159 -75240 -67128 -64323 -61227 -56452 -59886 -58915 -69221 -59827 -73461 -49837 -54906 -59103 -68810 -61154 -55436 -58606 -70462 -60706 -68174 -67508 -69713 -68991 -60551 -75765 -60826 -84615 -54273 -70177 -70716 -59363 -72035 -50744 -51539 -65506 -75602 -70865 -72772 -56067 -75105 
76516 71992 68075 73985 78011 48392 67967 53032 64062 51577 74755 59388 60046 66093 61453 73488 57409 64170 63277 67648 58029 55792 50340 64349 66511 61275 57738 63803 68208 60762 77147 72181 70063 68099 77295 62938 72314 52202 77136 67787 64206 75617 56160 55110 65732 63695 77996 76704 56592 69272 
2441 8804
6525 3702
2589 7643
1827 4565
8712 8245
5057 6851
6244 7471
4466 2975
2669 1388
7376 2797
124 9907
8077 1090
4421 3089
4166 6244
40 4772
8667 4264
4175 9995
9188 3677
2279 2506
2447 2996
6951 5935
3490 7504
7025 4246
2908 923
3128 3359
387 2856
1831 5826
7483 3019
2087 2520
201 3441
1948 7342
9637 7334
5460 126
5268 6495
8020 2823
2508 568
1833 9684
2832 7355
4938 7707
6628 4396
3529 3862
388 9123
7907 889
9226 4535
7076 7915
8847 1729
6175 8407
9708 6822
6113 896
6440 4313
8306 8981
7385 2724
7171 7940
5027 4539
7838 1300
7653 9021
6312 5011
2399 8675
4593 8057
7985 483
8683 2349
7615 771
1698 7860
3591 9153
5550 6149
8467 2848
4513 6400
7919 3993
1509 4243
5574 8861
1285 9224
1539 3932
7006 6684
932 4798
3753 4032
1745 4610
1703 4418
7695 7054
4485 9310
6563 5266
4606 4068
9505 3751
7161 8655
9174 1676
6348 4264
6271 9023
9837 4732
8769 1998
4092 5550
7240 6944
957 9510
3279 3972
8184 5623
953 9850
7443 7993
4579 9576
7660 7842
7097 7226
6999 9093
3370 9281
9394 1415
8074 433
8600 4503
5324 7085
2408 1778
2537 9668
654 6676
9172 8752
3686 4065
7038 3340
9811 9577
837 8112
1588 2552
9734 9426
4151 6820
5812 979
5815 8920
2485 5259
606 2394
1731 3582
7809 7421
8248 8068
9565 1826
9515 2329
8302 9951
4190 2001
1382 5225
3644 9042
4934 5382
2356 4771
9894 6929
9367 2052
4405 8142
4906 1384
2920 2865
5954 2865
2516 3328
4586 6196
3178 8645
1073 9900
3693 8724
1605 5139
5040 3263
7377 3805
9708 1685
7252 6266
5177 1658
8871 4767
6134 4784
2225 9782
6225 8689
4007 7263
3800 9313
6256 8162
228 9851
3054 689
6939 766
429 5298
7647 1809
3339 1423
778 4876
7564 8930
8664 5634
2766 3290
5495 6655
6908 8383
3590 5354
4242 4522
3660 5087
6283 3364
6684 3564
8106 9916
6285 9242
810 2368
4275 2852
645 5924
2193 1987
5892 1783
4368 2222
9269 6617
9433 4816
3227 5086
4738 1719
2927 6312
4681 1534
7915 1397
86 3683
8048 7621
2409 6942
4335 1718
9936 7969
9123 2292
9953 1692
9270 6958
5554 7352
2502 937
6631 7328
177 5078
8590 9585
254 6419
5122 1064
827 7499
4328 7309
6381 134
4471 8405
3966 9926
5650 762
7728 3150
1078 9167
636 8500
3419 7786
3485 2247
3228 3508
4594 1740
3533 538
7871 7431
6045 4513
8804 7298
1681 7809
9567 2902
3503 392
5643 6199
3472 4767
7369 5392
44 4014
5294 4476
8950 6099
2932 7543
7106 7513
4567 1188
1273 7402
476 3409
2083 6949
5050 1121
700 3120
1777 6666
2467 8025
520 1027
8607 3437
642 2593
3238 6565
3900 2912
9132 9285
6373 7790
6186 1710
5601 5213
1034 8501
3972 8242
1496 3895
9117 6325
3857 8616
5103 1714
9340 9705
296 9722
817 5537
2304 7863
1316 619
3007 269
504 7726
4582 4564
8755 630
1886 1293
7338 1539
174 5600
2071 9745
6728 5397
3152 9162
9158 8476
8068 8067
8758 6734
7281 9813
1581 8654
5204 19
7727 4222
4267 1602
2336 907
9033 5647
848 202
6783 975
4401 5817
3156 6698
8240 432
8922 3938
6395 2466
947 4543
8953 8899
810 4889
5044 4469
6070 4113
777 3652
5479 3998
6991 3383
1831 4081
9756 2653
9958 2772
7451 8066
6992 2832
8806 2433
8937 1278
1023 8223
863 8667
53 7000
1323 2357
1460 4192
215 3372
6763 8779
5793 6999
1019 9946
6918 7427
4919 4946
5718 5258
3399 6426
5126 4449
9733 8216
7158 4959
881 123
8951 6381
5641 6347
4577 8118
8303 3106
6413 1058
1985 749
1385 7102
6837 4200
7348 4418
2885 5420
8626 3952
4274 5581
9871 7408
3020 9457
7199 9104
8894 6508
7375 2558
4596 6723
5321 933
8836 3581
1789 2821
3468 9946
5396 8426
2031 5389
5135 3150
485 1543
4889 5918
7929 2725
9526 9330
9253 298
35 9566
3561 767
933 1360
9836 953
9314 7283
9231 6699
7279 1759
3210 504
911 2354
5632 1564
8811 1457
692 4875
2211 8429
8752 4812
9927 5351
5893 9232
8849 6783
3116 1375
9661 3362
8500 4714
318 6256
8779 3288
863 5312
5154 8978
6760 410
7391 1157
3962 774
9048 5907
8664 4664
4930 6435
5860 3177
7287 2105
4305 1084
7356 5747
231 9996
9685 7206
2100 157
4132 1390
3705 8390
3609 2690
2174 3891
4892 6540
5341 6470
7381 1602
5297 5320
2613 48
4630 4949
5908 2718
9337 8268
2525 5061
5908 8785
2667 708
2182 8183
8712 6264
4471 7223
9765 7260
1924 7375
9625 4722
2691 7216
9959 6953
5570 5489
5301 5666
5652 2291
2804 1858
2299 3228
8458 5320
8718 6271
3879 1526
7538 2351
7676 6924
4818 5222
5353 2156
6558 3808
6468 4457
2370 6475
9226 840
3826 7104
7300 7694
1458 8343
2183 554
2583 1360
546 2276
5718 3333
1927 9167
4495 4279
1377 225
3987 2402
860 4683
9546 8302
9165 5111
6326 4397
5762 6442
1760 2791
1375 2505
8641 3388
818 5993
8891 7081
4400 4043
1502 7449
9481 2869
4058 836
5101 7186
6409 3465
1466 5003
6216 6064
4817 8003
3601 1538
3291 6325
578 9735
2962 6083
1403 9107
8779 8448
557 9701
681 6057
8752 167
2322 7368
738 3323
4833 8448
7617 1256
6480 7222
3389 7297
3845 7369
1234 6649
7033 4622
3613 4111
1177 1640
1469 5884
3107 4465
6989 4291
6209 9396
8701 2610
6606 2018
9526 6125
8185 2582
334 320
956 5843
5793 5495
1538 1925
4422 4972
9246 6336
4021 7551
7907 9469
2596 5605
8064 8363
7981 5586
9298 5992
5104 8677
8785 6523
2463 8461
4391 6978
3021 1060
7718 4474
3400 5220
7226 1670
1884 2864
1083 153
8757 5755
9560 4705
4065 2753
8372 2172
7068 2839
4561 5994
3278 3500
1852 4732
7286 8844
433 1524
4865 8878
1983 5787
6424 5927
9081 7025
7398 8750
8881 2568
8431 9011
5469 1732
766 1139
4691 6202
76 49
9475 6329
6915 6009
1166 9634
7430 871
9477 1674
3665 9162
8963 5374
5238 87
5951 3668
1993 4480
582 5330
2569 2926
8987 521
5850 9507
2832 8212
6306 9060
3939 5514
9522 7759
5328 1426
5461 4629
3772 3685
1620 7561
8451 9300
4480 9268
5355 9168
3624 8442
7643 8908
108 1214
3705 1580
6808 8412
579 4933
6458 213
3443 5138
5951 8046
9727 7949
8888 757
5917 1899
4913 2663
9777 2637
5301 9557
4558 8578
2478 9010
7487 9471
4505 3573
6356 8788
1047 2733
238 3225
4582 5169
9027 2053
9571 6809
28 4921
8358 9466
8728 7725
2902 2757
512 1411
7804 1682
3010 9867
653 1452
5217 9352
6882 8593
8764 604
6761 4820
7608 1029
7729 5968
7936 5057
4904 5861
2888 2202
9804 4369
3249 2848
4810 7741
852 8469
1319 3152
7246 1985
4675 861
7226 3019
3405 3712
3919 2628
9686 7356
6640 2017
4318 1732
8866 289
4245 4081
5822 2561
1988 7550
7443 5520
1708 8460
3405 7026
8902 7625
1738 2179
2735 3186
9082 1797
3252 1931
3410 446
4561 2403
3277 1328
4657 983
1905 7384
4010 8101
5117 403
631 367
6100 196
1970 4245
1063 6535
7302 6128
2021 4373
9621 2091
7159 7488
3970 3216
7891 3840
3123 2178
5398 8519
5737 4140
2833 4945
4358 6357
6802 1781
3009 8240
2395 5189
2478 4449
6291 9201
9765 6650
7788 7115
3204 5375
2861 8287
9944 6192
8846 657
83 6233
1378 8603
2794 8360
736 2080
4725 5075
7313 4958
521 1155
9011 5141
9134 498
5874 3117
4104 2310
7004 1371
6778 3983
1329 5131
8308 5495
1494 9920
6934 4463
7966 7727
2605 6930
5083 1308
3264 2407
6367 5184
3382 6124
2758 1318
6111 9061
2594 8475
330 5738
7638 4466
7858 6119
6555 2228
306 2477
7907 8089
6461 2036
3616 2281
7981 5156
6635 9962
7996 54
2875 2335
9645 6609
7968 1761
2151 5030
122 3821
714 6904
7053 9121
3494 2886
6446 8341
2482 4113
5891 1572
1385 8759
9750 7700
6828 5142
5912 8715
1325 6680
7379 9239
1000 2627
9494 8976
704 5578
9431 4489
2294 8303
1874 3101
7031 2564
3350 9064
6219 9996
4016 6244
5943 4782
8064 6289
7064 9478
5626 5622
624 7056
8521 6065
2917 8585
1031 9259
719 5628
9034 989
8028 1772
910 6875
1515 5418
1542 3749
4536 4721
6078 1942
3798 4038
9668 8632
5175 540
4534 1462
4751 4337
3274 33
3204 1171
3167 6890
5140 3549
7176 2470
5735 445
3482 9595
1110 5920
8813 9862
6349 9126
206 1612
6589 5388
9387 7914
1654 4905
592 5585
3598 4383
8629 395
9392 3596
4959 9598
8371 810
4714 8067
6823 9512
4857 6450
3569 5303
1465 8954
8003 4668
1530 9522
2351 1079
4453 7522
4151 6667
4397 4067
5893 7240
7558 1080
2583 3785
6411 132
3603 3117
586 1302
7772 2038
6248 9445
4026 4016
8428 4861
3854 5383
8011 8747
5670 2379
7357 4468
3739 4601
3711 9914
1109 8804
646 5209
386 3962
6717 8979
5420 4445
4282 8512
1359 6475
4076 5085
874 3238
8191 9876
2378 9495
4563 8174
6318 550
1362 4403
3658 8332
5111 7392
8998 5146
7097 1656
9438 7824
4302 9589
9808 9751
4976 7928
4542 4024
1870 9152
2798 6485
8270 8859
1968 8873
254 7139
9537 8063
2820 715
222 7347
2054 7032
7886 4826
5936 1038
9348 5480
9672 1187
1963 8815
7979 7686
5333 1396
1906 1301
5605 871
5843 9804
8004 2948
4510 8611
5750 6767
7581 9876
4942 6401
4745 7392
9955 571
4268 5528
9543 7440
9504 1951
1433 9399
153 526
9147 2768
6523 1148
6064 1287
394 6708
6533 2791
2166 7534
3607 7510
4834 437
3901 8171
8145 3093
2923 4301
4920 9670
125 6399
1414 8639
3307 2117
3824 7756
6083 6240
5247 5946
2722 4121
8530 4429
9755 9958
2784 6637
8216 5235
1227 8442
9209 1191
8344 9696
1107 1042
9471 8544
7139 8416
4517 3342
8134 4751
9661 1135
9817 8414
5681 8743
4476 5316
8203 5384
5630 8463
3872 5746
3136 6411
9314 1034
9943 8245
8812 2400
8251 5512
1905 7730
8637 2944
1660 2530
3175 7972
7157 9839
203 12
3212 2462
3102 8440
8720 3831
2755 5816
1923 4796
7436 4914
3882 145
1530 5581
253 882
1505 5159
3693 3079
5234 6544
7926 5924
9555 9822
2206 8024
7257 7125
7737 1252
9773 3704
7596 864
9185 49
24 1978
1062 8167
2905 4343
8286 8205
59 4154
509 9368
6230 8285
1804 9889
9183 7741
5069 9060
4146 1584
6381 8988
1058 5293
7629 2308
305 4284
4390 6125
7308 9596
99 5152
2314 6431
4218 1903
8669 6338
5075 3763
6492 4658
6845 3191
7893 9846
4631 6360
2157 75
8746 22
7682 2207
1411 419
470 3079
461 2977
30 3347
7811 240
9005 6942
5922 5626
5151 6139
8893 8934
2985 331
7719 9886
5944 7663
2471 6690
1460 3938
103 3213
5879 716
9822 3121
6848 6341
227 5700
322 3541
8227 4174
91 9107
7804 1316
6904 838
8074 8155
1082 5248
9384 1855
7834 6445
5445 6869
3562 7322
3296 1810
2204 2743
7251 6919
6849 9991
6643 4654
7938 4304
3690 5271
92 4759
3162 3781
3455 5477
9717 3109
8458 6370
935 2907
5918 46
3496 1696
2920 2097
6446 9580
7906 558
1680 8313
5766 7305
5867 1858
6603 4748
7586 2914
3074 163
8929 3042
9379 5866
1817 2833
2655 9840
7201 7707
4388 9422
6099 5453
2837 4855
2607 8138
6544 2370
4284 4624
2146 94
7932 6374
2179 9295
3378 2956
3936 3508
9472 5880
1470 5204
9229 9459
5237 1551
2421 5102
2232 2960
4834 5725
937 6060
8747 610
4379 3212
9667 8432
8846 507
1821 8720
3434 6141
4302 125
6144 4040
7039 8058
6786 4173
4237 2386
5861 8036
3148 9723
605 3694
8941 9334
522 1350
3157 5471
2636 9967
9138 6219
1687 1126
3774 5328
1590 7787
4386 731
729 882
1484 9048
1043 471
248 8622
638 5153
959 8269
8294 7116
5219 318
6303 6618
9450 6167
9424 7792
7358 36
87 8047
7081 3377
1471 5359
2865 3134
6529 9471
4296 8618
9095 5355
6417 7461
931 464
1663 9456
9978 1849
1608 1518
7132 4728
7330 3003
3545 1135
9637 5262
3988 7584
5538 8055
4633 9395
5274 1947
2329 1927
5890 5415
7502 5591
1152 59
502 9890
9015 2129
4905 819
9929 4905
2283 6492
8377 7230
3771 5225
3098 1386
7302 5233
5446 9924
3099 6928
6671 6304
4563 4186
3298 3623
957 8193
2195 9357
8822 3411
8492 8816
6771 5633
9352 5427
894 9820
5474 6528
3032 7945
4993 2329
4674 5990
3725 3285
3010 7247
9118 9266
4284 1203
4260 1228
5752 3354
2450 324
928 1096
7381 1093
4569 4901
3278 9704
4707 4816
973 5496
2482 4571
5950 508
5198 6215
4340 4473
7744 2922
6669 2277
5997 4422
9246 3368
4373 3825
8552 8883
1720 961
7886 8304
6416 4592
4744 8596
2189 2946
7240 3333
8961 4987
3398 456
6195 8524
6243 5524
764 2732
2160 3785
3687 1183
910 1641
8260 8142
9459 7770
528 2135
5419 3916
1353 9112
8550 2652
7355 4060
8237 2555
9534 4718
2392 4451
8874 1281
6479 9390
1588 5400
8970 9926
6956 5086
5551 9961
2102 1558
7322 5509
5586 9148
2635 6753
1002 7367
1323 9382
1550 7057
476 9656
3416 3920
5626 3539
419 2959
4809 4571
7425 2104
3903 1989
2845 85
3240 4084
6210 6578
9602 6524
2331 3127
3626 7029
9422 7574
2454 7215
8004 2794
8330 3436
6918 6297
8240 5522
5827 3590
7033 3201
9578 928
5949 54
2909 29
5810 7708
3988 3538
9338 4727
3036 3560
5951 460
9426 8962
2379 4504
4019 672
6438 8593
1913 6718
4558 7500
696 6430
4250 701
822 7940
3511 2850
9952 9352
4819 4590
3622 2237
3990 6979
8687 4758
2107 6449
2101 1459
9226 3704
1377 3202
7588 3826
5961 3278
9015 5966
5305 2831
7642 5436
6662 227
4404 1708
1560 3301
7936 8962
1529 6214
7005 5379
6945 2415
858 1587
1797 8787
9228 3471
2389 9846
6778 7866
541 804
326 8796
8358 1928
630 4481
7030 5465
5282 5551
405 1000
3622 8595
6777 5233
7908 258
7464 3520
4013 6595
1909 9869
1440 2090
1490 7748
159 5568
5940 4151
9046 8849
4671 1138
67 3481
4710 4331
1606 5589
2657 5613
2191 9397
7403 9387
5702 7592
1558 9886
8754 9694
6749 6428
8560 5775
6862 5512
924 7368
362 218
2293 3827
2795 2578
4508 5362
4848 6007
3758 7893
7805 5175
902 2698
1083 884
2506 1130
2714 8799
353 7122
2548 5037
3029 6929
9113 4007
9608 741
6031 8411
7921 9627
7353 4566
9624 7311
3162 154
9984 6312
5811 3050
8737 7528
6444 7234
1886 9350
7217 9302
5524 8844
5343 3495
8416 9800
3132 6597
6582 4011
6033 5550
7255 1577
3896 7263
3804 5816
1598 8205
8535 3585
3666 3725
8787 5930
4894 8659
6854 4751
6264 8214
566 3227
9744 2430
9642 8821
6799 363
3619 5162
9681 1530
1645 5629
5053 8432
7504 6410
6555 4981
5458 9093
1931 5453
8712 2546
4578 4428
3479 4609
9585 7727
1160 1168
5748 9785
4056 4597
1522 7584
8819 5853
1920 5733
3823 6501
5995 312
2809 2067
8696 779
5232 7737
8131 4651
7719 2675
3575 8315
1532 6134
1938 9090
3392 5722
4592 70
2359 7123
9625 5127
9532 2081
1372 6967
5778 3659
4106 9007
7537 1151
4844 9715
2189 1746
6251 2647
5816 1090
7063 6044
1361 9877
663 1257
7712 6791
5109 8725
7537 3087
8022 7734
5186 3076
72 5803
2320 6677
7838 5790
56 7444
2121 5858
2089 5728
895 2130
9385 792
5593 6363
126 5739
9627 678
2412 4493
6379 2666
8365 2453
6829 4957
9158 5094
5914 3772
8885 5055
7973 981
6087 8665
2564 6508
9699 8765
9288 2260
9643 8879
3846 3334
4349 1685
3748 2421
1980 9621
3472 1034
5278 6724
7773 8984
1507 2815
511 5622
2804 9257
614 3433
4234 7779
248 1837
3478 5810
6040 5570
8299 2170
1194 2889
3073 6127
4368 8340
9432 4952
4102 6802
4208 4144
4538 5823
4359 6222
1359 6748
3205 918
3507 1014
2138 3158
7736 8172
8751 2542
3555 8557
7453 5134
1877 9900
3190 7814
7628 8074
547 387
5200 4348
7855 3959
3057 9850
5544 5870
7530 6061
6926 7618
3842 976
7809 6566
7286 8009
7346 4437
1897 6246
7964 7357
6252 5088
4353 1681
5009 3917
6702 9707
7821 8739
7305 7294
1484 1190
7564 8062
3081 2308
1499 2136
9960 2933
8263 1060
2635 3231
6073 5183
5070 5829
4478 1272
3693 2148
3329 1213
8166 3177
2678 9974
2931 5201
9131 8596
4950 9891
2217 6211
6518 5761
7535 2268
388 1941
5863 6658
6442 541
3752 873
8940 1513
9407 3154
7122 6171
3536 3079
2207 237
6118 8808
5966 1540
6162 5481
6204 9354
9786 567
3068 2844
8095 9042
217 8030
9671 4402
449 1775
1203 5756
6718 8300
4507 5674
8212 3034
1989 2737
4915 1012
7229 2700
7102 8341
5020 5138
8603 7196
1778 9667
989 4163
256 9369
2303 5281
8427 1415
1324 7295
9808 5336
4457 6066
7263 3820
923 9111
9977 1182
8923 2393
8952 3416
4647 1340
1635 7812
3941 9437
4423 2050
154 7253
3314 7877
7244 8243
1938 8030
6934 5049
3752 6713
5150 9733
4286 5435
4493 8100
232 9998
5750 5259
6968 9413
2777 260
4429 2906
1014 4996
8055 3203
7654 898
2052 4023
558 2569
3940 9069
907 6231
1058 9973
5736 9136
4250 9105
6710 6829
4843 5555
9553 257
5093 2007
5892 8529
6865 9849
1079 7541
4281 9012
9794 6906
3236 2579
2669 9623
6975 1193
3747 77
8001 56
457 2913
15 2441
8104 4965
5366 2528
761 218
3364 7171
6126 7982
3604 5892
4021 1206
4495 4479
3000 2772
470 3434
1724 5867
130 5104
1123 6312
5022 9554
5932 7478
2302 4194
6716 7206
7740 5142
136 2111
4329 4108
4673 8374
3315 4593
9150 4194
11 550
1389 3438
1875 9589
8615 175
1043 318
2212 7750
4649 8069
356 5610
9978 7563
9752 9146
2422 4788
1552 3019
7386 6362
6862 1041
1101 7702
6981 4212
3476 4906
9344 7962
2519 4063
6773 2334
5353 4635
8878 7383
5236 863
695 8073
8520 1763
8889 7122
5226 7082
5640 1637
4223 957
7811 9681
9791 4519
1398 598
8707 3809
7014 5221
2977 8770
6962 5492
8180 1658
4216 7486
1159 811
1981 5942
6876 8449
9373 1166
4772 3734
7191 779
1543 7278
9719 1719
6121 1026
7903 4629
452 1618
7870 3800
170 8398
4534 6175
3150 7164
9728 8598
9323 5367
7476 982
1861 7856
7143 4919
9844 9962
1998 5090
1537 8562
5667 9904
7565 2091
9213 7023
1005 5708
2048 6509
8103 9155
6389 9921
1605 8914
666 2403
7272 9737
1631 7707
7152 3609
7287 7102
8358 6880
367 5455
59 69
2008 9564
7858 1104
3913 9093
8999 2407
6644 7983
1212 537
414 6342
4183 3271
8483 3332
3958 1743
3435 475
8121 5193
9084 8692
2118 1201
2847 5387
9991 6978
6382 138
9400 3763
3539 9903
2381 9955
906 8386
9231 9912
1703 8447
4496 3830
3802 4018
6000 8087
7902 7175
2479 3991
2507 4015
5281 918
2941 2960
6614 2634
5249 5623
4109 3553
3691 8282
2815 9246
4213 4773
8453 487
5108 659
4187 4956
9080 9153
5319 9068
1159 5699
4955 2399
3556 8249
451 4184
3795 882
6716 2780
8674 5102
6327 8134
7961 6183
3604 8338
4351 8519
1081 4640
6970 3796
8705 6529
3403 7626
845 9144
3120 4042
1496 1949
2719 406
2507 9686
3580 6812
9922 2041
2553 3858
2630 1173
8818 636
9163 503
8178 1176
8291 9146
8538 3189
6393 6996
3311 7873
5614 959
9986 3665
2952 1879
5831 9588
7597 6139
6326 7682
3820 1342
9325 9955
6479 8150
9322 2003
5605 4178
67 7892
6693 4412
5560 5869
5583 4132
5610 8755
124 8206
590 7067
3653 3551
8772 8816
8432 8357
7172 209
3978 8087
9377 9792
3984 2758
448 5602
54 5019
8020 3065
9848 2244
5925 8564
3492 5251
6829 4221
1980 1547
2875 9848
6911 9530
5369 5470
984 6063
4114 4532
4824 5127
7381 2648
698 8940
3673 8587
956 496
6459 7770
2379 5807
8342 9625
502 6298
4071 3483
8224 3022
9642 9825
7629 9661
4595 9077
1511 2454
7230 5177
7682 4915
7381 2663
2682 6560
4373 7345
5103 6644
6255 6516
8226 5647
6524 1710
4467 4020
5534 5509
95 9507
472 5484
3501 204
8392 4804
636 9507
6703 2252
1428 242
4326 8121
9716 8793
1863 4163
423 1934
1033 1423
3048 219
1565 7976
1629 2479
4010 1339
2602 8077
8085 4651
3868 9535
9165 3094
7838 7182
6372 7638
6136 680
1027 4542
2764 363
292 3864
792 6569
7805 3862
9004 4527
9955 2914
1733 5225
6055 3639
1276 8697
151 2890
2039 6894
7576 6559
6477 5985
4708 7239
8465 3462
5980 9541
6698 3505
791 3889
2335 7219
9571 9605
4307 6357
8575 8709
3547 9664
9450 2009
9857 9596
7440 5503
6463 7908
1910 585
9449 1298
2904 1735
9226 7362
9550 3202
3316 596
7819 8220
6692 8868
9546 1362
8647 3422
6791 9389
3792 8038
1164 4334
6395 9190
5283 5885
2497 1460
6023 308
9889 3411
6941 187
6481 7202
4395 9204
276 4555
9986 3052
8079 2178
712 7256
4663 7861
4315 7202
5319 5009
8625 5266
7264 4866
3507 4889
6477 973
2467 35
3748 792
4578 2660
5696 5345
5443 3827
2938 583
9310 6499
8218 4448
4421 9873
5761 3101
6012 8429
698 4132
1978 7079
3806 9332
6677 6199
7534 7944
4201 6522
5412 116
7587 9601
3027 7370
6681 1539
4515 7358
8123 1191
8594 5323
1019 6599
1354 60
5607 865
9924 3668
5561 363
9085 2942
8747 8654
7381 3967
1902 3405
6035 8233
490 3062
9415 8871
8079 6962
6175 4736
3718 7727
1175 3735
705 5350
6434 491
1625 6054
942 1049
6191 5768
4292 1497
8462 1518
1768 9436
116 907
1946 5969
2019 7553
4090 7996
7589 4942
9034 8767
5484 74
2870 443
2960 1703
4168 1821
432 4780
9003 6820
1832 424
1256 965
1110 3834
946 8057
6450 7535
399 7354
7146 8474
359 1818
498 187
2333 1804
8797 5691
7189 9690
9521 7226
1692 1581
6631 7666
8572 6191
7490 5079
2164 9674
7581 9097
8724 8062
1109 9854
3141 8059
4387 2007
6587 1348
2750 6777
613 8769
3141 9076
9743 6926
6955 6862
5047 4433
5977 3629
5604 4715
1740 4681
7153 1037
4147 8688
6650 4453
8796 1622
7340 8193
995 1918
7864 499
4809 7514
9910 6404
2568 8892
9037 9931
4477 6057
2829 4715
4452 5560
1883 4128
5541 5312
9849 9664
6953 7729
1911 4282
4588 7043
1336 1988
5886 4368
5699 1021
331 9417
930 502
4096 672
9020 5974
1152 3576
3469 5968
5617 4370
8716 2617
6533 4638
7767 5225
2183 4951
5968 7752
5442 2426
7987 2016
208 3634
5706 7340
9522 6858
7975 605
8748 3541
6341 4670
9984 148
9654 8129
1794 5458
5276 8493
2948 2590
8465 9119
4792 1552
7442 4971
3951 7784
3043 6862
6977 3324
4717 1531
2309 3745
4299 5712
34 1278
2826 8396
6144 2320
8576 422
1380 8468
4720 8689
1481 8580
8873 8542
4582 8148
9610 7244
6675 5788
5995 2841
6715 4948
5497 5312
4239 5130
1761 8774
6693 4540
5216 4765
9984 8006
1311 8711
5327 3305
5754 7472
1274 7288
2497 7470
3334 8410
8516 2848
2609 9321
2691 475
3430 4233
60 6585
4123 608
3529 3923
2346 2094
9150 9501
2833 8170
410 4744
3921 1242
9460 5937
8068 1930
1223 5039
7544 2880
5439 8316
9948 6749
5369 6528
4936 213
7512 9953
7657 1059
6876 8634
5864 2994
8395 7586
2299 3521
1998 6711
582 6884
371 3534
3005 9171
7046 1339
7749 8578
4246 8052
6266 5844
2041 1125
5108 9931
502 3275
7547 1525
9666 5196
6022 9504
4116 5844
2156 7569
6653 5605
6034 8325
4418 9786
7651 5899
9793 3359
329 3198
8032 1283
8993 7110
2088 8165
9306 9564
8659 8059
1463 6670
1636 9652
9153 6722
3648 1295
7130 4036
765 6563
148 2275
7688 8233
5318 9711
1319 3607
9737 1231
5186 7748
6902 8892
3117 3082
4154 4884
9666 8667
2536 953
6440 4637
3582 7419
2742 7758
4130 6135
64 327
7985 6560
4914 3416
3546 2939
9350 3721
1085 2585
465 4485
3909 694
7035 2429
1724 3104
1203 5053
9633 4473
1653 49
1593 841
1858 7911
4371 7094
8347 9259
1076 2336
7920 9510
4805 1795
6606 2839
2785 8633
7858 917
5756 1543
8684 7484
1932 8142
7313 2448
3620 4196
8550 7047
6286 2728
624 5773
3232 9859
2993 5517
1022 9122
9086 7821
6705 6090
1006 7547
6751 1930
7415 5259
935 6103
5326 5976
2378 1643
5853 644
2007 2073
3058 1460
8741 8652
9080 2951
3014 9088
1626 5738
1517 8348
4374 7939
4629 7420
3234 3732
9582 4524
3873 1964
7971 7117
3913 5164
7708 3726
6632 9062
7327 5069
2500 7249
156 6847
4822 7892
5097 1658
1443 6745
9173 1132
8227 557
8189 4159
1743 9736
4556 819
2725 1815
3129 2194
4376 8839
464 7244
5455 8012
9475 4666
2385 1705
6589 7005
7628 2571
2827 6927
1537 6278
70 1322
7515 2553
2795 7898
9591 8205
4162 7357
2250 2103
8606 4777
6396 3804
2694 9930
1982 9038
3289 4191
1835 5916
8072 503
9188 8453
4406 6684
8076 284
2942 2235
5089 7782
1328 3667
2445 8451
7614 7161
6746 2946
2926 5070
9841 6544
9056 1870
6713 7260
4383 7291
691 8066
637 3381
1047 2843
468 77
9096 529
5502 9178
6625 7377
8960 7810
7103 8977
3666 4817
8761 8199
9726 5737
4866 4639
8326 174
8365 5064
4012 2461
4971 4775
5326 4509
3978 7406
8439 1795
1095 8048
6671 8743
375 197
3153 5435
1673 2856
532 9343
4938 1157
2783 3931
3468 425
2394 8371
3796 5950
2071 386
2663 6458
4515 826
7638 8952
6211 8897
9975 9943
9183 7235
1939 3205
7903 2359
5000 4587
3932 1549
6121 4441
4626 2719
4696 5797
3037 8060
747 1294
9920 5810
163 5604
4679 495
7132 364
5114 6608
5388 5531
1739 8635
54 1084
4326 1576
5013 4483
5173 5148
3437 1719
3191 9198
5372 3026
2413 4129
6831 4279
4899 1538
9271 9398
2809 7550
4584 7119
9214 2378
8354 9186
4291 9219
4039 1999
5728 1821
8131 2824
5606 3406
1474 8488
940 6166
4059 3077
7093 7370
9003 1607
9053 5571
490 6363
5799 249
1853 3183
9394 8125
9981 5498
1889 2108
2140 1142
6500 4230
2693 1801
5504 1874
6668 9606
8232 4244
8522 913
5245 8798
3496 1315
8800 4056
6715 7054
9361 240
3934 2812
3612 6706
3664 4882
2125 9536
2574 4324
5393 8838
2865 626
7962 9479
876 9675
3393 7733
6582 8818
6178 8373
1266 7132
4529 367
4654 3740
6088 7827
6301 4214
6560 7393
4880 5720
346 9933
8730 5826
3303 6498
9189 2914
545 69
1847 6551
7631 8551
1001 7884
6830 2308
8053 8100
4170 4840
4358 7550
7493 5922
7839 2970
899 2128
5382 3520
785 5681
3778 7590
902 7663
9254 1529
6729 9746
5700 9868
9512 8604
911 7260
1622 6645
7587 2747
9747 784
7297 5240
505 3312
9206 6881
6278 4421
9575 4631
6965 3353
7095 8523
4978 3281
8407 4558
4012 3565
8578 8178
996 6165
6893 5790
2531 9928
3951 4716
296 240
2965 6682
441 8420
1173 6141
9923 9516
8259 7640
1960 4149
4509 9362
8554 6259
2446 1759
2731 7505
9177 6723
6188 8816
440 8120
5525 853
639 5947
5786 5420
5770 8111
6160 7164
9283 2693
9743 696
8579 8100
5527 546
2865 1693
2955 1354
9319 1823
1097 7058
3987 4324
1011 3070
4296 5188
5549 4228
4057 4782
9830 4957
784 9779
2405 6525
4469 7264
6148 5303
8139 1578
9105 1713
4055 4513
4760 4090
8793 7222
9123 7052
1302 2155
2597 4229
5103 3392
4923 10000
653 3061
3487 7037
1467 3545
6169 9459
3684 7982
6162 2492
5706 972
4468 5473
7574 215
1666 6606
5086 8107
2384 697
1889 5191
4342 5841
8623 1251
6099 2374
1530 5800
595 7509
2756 2806
2469 7797
2817 8558
9246 5056
2719 1721
746 3888
3879 9237
3122 3400
6208 2834
7849 8906
4138 8587
5598 6753
8530 2239
9479 70
2418 1157
1953 3153
5642 2263
1530 6045
7512 9392
8758 761
7640 4507
6720 8869
1992 3493
4769 6455
9662 5440
7262 8914
2456 9785
7573 121
9208 7259
4061 7202
1720 2160
6095 788
8811 304
9315 846
8221 8583
3686 9970
8773 1784
518 5862
440 4447
5967 2239
9717 8212
9933 9852
7658 1725
1690 59
1024 6452
5633 4996
4042 1556
4579 938
2177 8998
7068 5296
7572 5147
1466 1270
3526 2544
5487 5023
1430 3078
8227 1014
857 6072
7894 9774
1054 2523
9291 9997
8130 9584
7405 4161
6722 7251
6903 9290
9045 2689
6998 4482
2363 4768
1928 8844
2400 1708
5978 7333
1191 9151
182 585
9029 5832
7107 4665
9351 8982
3418 351
1998 8122
4882 7628
9906 5773
3369 3411
9393 2806
385 1716
4620 7565
