10044
100
28886167
106 103 99 106 102 107 103 92 109 97 103 109 105 101 96 109 91 101 106 102 106 96 104 101 101 95 99 105 93 94 99 98 94 105 98 109 109 102 108 91 104 110 101 104 107 96 94 109 96 90 102 108 95 106 106 102 99 95 106 96 92 93 94 96 103 107 96 106 110 94 101 90 108 90 91 102 105 108 100 91 95 90 95 93 90 93 107 108 105 97 105 97 101 103 104 98 94 110 98 104 
-85974 -96269 -82094 -86650 -91344 -94300 -85707 -89769 -85759 -87193 -99272 -96379 -92881 -83003 -77430 -104757 -73641 -88202 -88413 -86278 -96686 -91647 -90779 -89163 -86470 -91119 -84914 -82814 -87355 -85234 -87095 -82420 -76920 -98051 -85734 -101879 -106708 -94214 -94293 -84801 -83073 -96186 -87231 -97900 -104147 -95765 -74302 -92247 -94132 -81620 -89116 -94432 -79427 -92169 -100594 -90598 -95350 -74901 -98263 -79505 -71104 -84461 -89273 -90950 -99187 -89051 -81132 -88834 -98510 -83029 -94745 -75190 -98590 -78659 -79545 -90946 -89936 -103241 -93362 -80291 -90683 -79329 -84909 -81110 -78807 -81708 -95853 -92374 -84537 -80729 -97285 -83490 -94140 -94609 -92379 -82124 -87102 -95206 -84928 -96391 
98587 105510 93407 107108 96212 99207 111213 90573 107715 98425 106438 116538 112033 101252 101684 107712 84748 94884 103841 97527 104045 97469 104766 105074 92436 91151 106145 110780 103154 97068 103739 89314 104238 112817 94472 110194 104237 93994 117465 89766 105102 112583 93670 117253 110926 97120 88956 114669 100205 81627 110259 114281 95911 99886 108277 95313 106217 99197 116946 106669 92890 98733 97126 92399 100835 104931 97892 110442 117485 101231 101190 89867 119734 100599 101536 93652 107474 96358 108270 100543 95925 94327 81486 95619 94381 86775 96613 111471 98655 96991 108349 89828 111162 105807 97703 103941 96727 113786 108190 115185 
824 6117
7748 9978
9944 4973
9178 8371
5652 7432
1352 2291
3739 2668
4118 982
3938 4453
4383 1665
6727 1229
4100 4094
4114 7973
5990 2963
3089 1425
2720 2925
8541 1008
9643 117
33 8944
7525 2736
1598 1658
9272 2313
3984 4318
7767 766
6578 4484
1295 7031
1409 7850
1827 9576
5931 1057
2626 5422
1195 9729
8460 5086
3646 1085
3250 3654
4800 7573
3400 3033
3276 5694
1603 3778
3008 4098
5710 7541
9817 2497
4394 356
5279 4044
4123 1836
1114 641
258 7270
7023 6132
6641 104
9788 6409
3978 7163
2537 6974
8360 3141
9271 6481
6655 8627
7310 3953
2688 9224
4140 1984
772 7347
6986 7148
2722 3284
6006 2455
9796 8397
5705 6244
5296 1403
2371 8128
2883 5366
5699 4882
6187 5748
3786 9689
6847 4650
7635 131
4783 4028
3722 146
1203 6436
392 7149
3209 8803
7568 6058
6439 6466
4078 3127
6955 328
8914 4035
9100 4182
773 7618
8136 182
8573 4830
2315 146
1147 7850
5428 8652
5628 2609
4527 1671
7120 1407
1645 1186
232 9999
4839 2805
6777 2176
3426 7009
938 6336
595 2742
67 9184
231 8116
6975 2509
2211 6038
1070 838
462 110
7665 5229
1350 6598
1780 4081
3689 9056
507 4666
8572 4241
3363 904
3774 9095
8627 8168
9291 1667
3433 2550
9324 9341
8918 8534
351 7989
5682 8206
8875 6753
9710 7552
6828 7441
9794 7461
2187 5478
5288 5433
9445 3868
5788 3470
2087 3054
1340 800
6185 4753
1403 2401
8413 29
8285 5831
8365 4866
389 3478
8540 2497
9656 6226
2276 1644
690 8791
6177 6124
1506 8019
4534 2533
3139 560
8529 4336
6709 205
144 8353
1119 3926
8587 1674
6587 3987
4615 529
7512 9225
3354 3372
6287 6349
7063 4314
986 5991
7924 3118
8279 5461
6405 4487
6655 3993
5439 6289
2237 6994
7783 6036
4794 2994
3671 9636
6281 6729
4946 800
6469 5492
29 396
2075 1361
6597 7221
4422 6638
504 8310
5734 5765
3847 9685
5691 4355
8992 3356
6299 6358
6079 5634
9330 972
2275 6600
6475 8332
1505 9056
8089 3727
4896 1574
7214 9261
8496 5132
8441 1650
7413 3928
6810 7105
1689 757
4322 3713
1738 5900
6142 1660
1476 8819
4339 1413
1564 2506
7187 1587
5186 2652
5670 9772
2131 3287
7819 2586
733 7114
1954 8229
8340 8937
3970 1697
8162 3927
3114 8569
9746 9183
9977 9976
6789 208
6089 8541
3458 4151
2254 4624
3515 5610
4183 5816
2205 7184
8788 8437
835 9353
1431 7637
8533 6942
2777 7167
7675 11
32 6973
9451 4509
910 5040
8832 3188
2835 8896
8722 4465
2357 4301
3042 1561
7836 1496
2108 1591
3298 2931
2412 960
9757 317
8664 28
1491 663
6383 6855
5127 8464
7962 4403
8983 4596
5053 8918
8015 2726
5827 9414
6656 1947
9456 7484
9174 4255
3587 2588
2655 4511
4324 3986
812 8336
220 4416
4875 5357
3483 9852
6300 7937
4888 863
1469 3634
8852 1554
9262 3003
5780 1862
2868 3592
342 7213
6638 4602
4013 8553
5517 1630
9520 4234
533 228
5275 7696
7721 7889
7567 199
4467 7446
425 2658
6338 9031
682 673
5629 2773
4055 3313
2244 2390
1031 5867
7189 9498
6838 2053
3943 2937
3813 3771
8641 1442
2918 1089
3348 2258
702 8420
2503 5861
6568 1473
7071 8361
2259 7380
2039 8890
9188 4173
1455 1877
78 4550
67 682
892 1025
8750 4153
2568 3430
6691 7224
7653 2368
1666 3923
2788 3452
2138 8918
6910 4230
6309 4524
2573 8201
8644 5507
6014 9622
1172 7791
9948 981
6547 6479
6848 8810
3965 631
4389 1743
9272 374
8844 4584
8379 2348
8222 179
2745 3687
1634 2517
4581 6181
4428 7255
325 6459
747 5630
5137 9726
7360 8391
820 2382
5415 5952
3449 208
5413 1802
8106 6148
2888 5864
5496 6385
6368 7410
316 2860
6489 1150
6601 5229
3760 4613
6926 7804
7675 4094
8564 7039
9150 5541
561 7227
6920 4892
1168 7493
3628 1701
707 1861
4265 5818
8610 8244
8764 2618
4383 2586
3410 2451
6006 1840
8944 1082
1358 8671
9060 5321
1729 5474
5007 2762
9308 5165
3634 3791
3662 9537
8785 2919
3149 678
9159 211
5810 549
1353 8099
2104 6323
8917 4598
5248 3753
1256 343
610 5862
9024 7776
512 4351
7686 2760
1873 519
858 8943
2052 1356
2609 5589
3737 7872
709 7145
838 4247
5711 9407
834 3383
6294 4772
3358 7455
1689 1992
8154 2925
6385 7459
7260 1304
3628 8628
4572 2563
8918 9986
255 6528
8674 9508
1455 3303
4040 7313
6655 7701
2365 8576
9592 4456
5254 6196
3645 5784
6570 709
1146 473
194 6348
8657 8718
6458 3328
5505 5338
2845 8653
703 7170
1069 8246
1607 7092
5114 5505
2506 7718
1893 9224
3023 3529
4428 4040
8762 5768
1716 2791
9964 628
1372 9275
7411 6274
968 1484
3766 8270
7950 1777
807 440
452 332
9786 5833
2438 5893
4918 592
3961 7768
6908 301
2090 9732
8161 1672
802 1290
4203 3404
3531 7510
4290 116
3862 5587
8296 1441
8344 3167
4988 2735
5516 3898
5510 3795
8505 2949
4452 4346
8029 3833
5146 9621
2966 8846
8537 2724
3885 4347
3004 8968
6807 4177
715 919
5475 6959
4933 9329
4514 1264
6542 4738
5348 9834
7779 6564
9137 5425
3539 1944
7451 6493
6869 9269
5427 6175
4904 8033
1117 3224
3928 6463
8971 9872
7442 104
6487 7272
3514 1408
8672 7769
5184 9533
9770 2656
9003 988
797 4666
3155 648
1826 4457
4690 1755
2290 9303
1369 2416
2940 8967
1669 3133
5058 362
86 9855
5940 9858
8526 4740
129 6991
3573 4883
8060 3538
9498 472
2631 4872
1676 8137
9202 1035
1743 4727
9584 3444
2523 70
82 4038
6343 6963
3963 5078
3161 7511
4056 4953
5788 3074
8704 2481
5292 5107
9702 7519
1392 2699
9715 7652
9103 1883
3101 826
8647 7915
3348 4346
3803 5463
9165 6664
7733 2950
2732 3841
3751 4636
9787 1267
8994 7609
3245 7675
496 5068
1859 4728
3767 3313
1544 4870
8982 9526
1450 6996
5116 448
989 5657
424 9811
3157 6741
1480 5965
1407 8005
6103 228
1713 2148
7458 1076
6700 2857
8676 6388
2146 6243
3524 9048
1993 8274
1330 8882
1558 4138
7057 8634
1489 9216
2296 339
4751 8077
4872 1641
5734 2504
2959 7211
3745 3871
1005 6863
9090 4687
2155 977
6093 6267
8797 131
2995 4472
85 1922
2519 1086
6725 6664
4001 4539
7059 9012
7092 4642
9143 948
2463 415
6580 1575
6224 2362
5562 1268
7248 5368
8063 9292
439 3856
6618 6382
6432 4827
9663 3791
2482 4213
2754 3883
412 1762
6172 2505
9758 1247
6840 1398
8613 3650
5599 4061
7458 451
6951 7727
7788 5638
8210 9592
4472 9036
3643 1025
3232 2625
6510 9383
23 2050
9607 3518
2190 4100
917 4741
6191 1252
363 907
6147 6454
9895 6311
7359 8478
1822 1533
6726 1654
2796 3780
7549 2885
1701 6393
7709 9790
6539 4749
8444 3007
9532 2631
1686 7501
3093 6489
8644 3335
9100 5144
4929 270
7253 6511
7722 3353
2281 6391
4800 5953
1317 3410
8506 2059
6251 7473
7189 3823
8310 252
8581 4359
3195 6269
202 9736
2524 6869
5793 3847
6176 7624
4830 439
4080 5680
716 2518
254 7807
3103 9558
1909 9156
1121 9982
513 4311
2398 3700
3153 3632
9772 4844
3866 377
5919 5254
4047 8449
7592 6331
5606 1697
5095 6045
8514 750
9265 5748
8204 1720
8960 1899
1045 9860
1708 3486
1327 5670
4175 4014
9045 9886
6562 6565
7561 8309
8531 9281
3285 9976
4837 6034
2031 6769
1528 9522
3505 5712
3495 656
1100 3727
1129 4225
8019 7405
8788 2291
7431 7873
1245 2378
9004 275
7484 2890
1323 6766
1101 6404
4780 960
3915 4425
3939 3145
3197 5130
4707 5749
6043 3132
7743 2097
7706 336
7008 4701
4864 5838
6136 5969
3766 506
188 9862
8204 8079
612 8349
8903 1680
4033 6389
8075 3952
3016 9354
1922 193
8562 4851
6016 9279
6710 7523
5121 2168
9967 2267
7422 8986
6064 7381
5987 2881
3495 7253
3817 1372
8802 6244
1888 86
5940 4872
8813 9216
7621 7552
2864 4819
1202 4969
6019 5314
7155 6276
3374 9744
439 9938
431 4291
2872 3463
6881 8433
5455 9002
3495 541
316 8321
3209 9178
5361 4610
5240 3411
4491 5300
9083 926
1502 8292
3797 2137
5589 4906
8516 9459
9827 5960
5457 7974
340 8593
5738 9203
191 7477
5913 1146
2843 3179
5291 5944
6215 5895
5211 6775
9725 2022
5385 1601
4050 7966
5836 7417
4518 7959
2958 3913
9133 6292
7138 918
9259 1534
738 843
7528 5027
2849 5912
8462 1549
4248 5744
5404 1795
6908 5750
7050 9848
5945 4901
8245 3479
2880 3879
9909 1262
8936 4551
5423 5991
1864 7221
8171 1743
2035 4017
1973 4217
8889 5886
4998 7565
1272 9529
7475 3598
9525 2796
6381 3232
9130 5018
6960 7389
6030 2190
9146 6295
5932 8300
2294 8216
2156 87
1559 5851
6408 9649
4586 2255
5833 1171
8358 3772
7837 396
2638 1307
302 9652
4884 1980
2522 1671
6155 3813
5764 772
7639 1184
5460 2690
6508 5705
816 8448
2324 155
7977 9242
1819 5006
1426 9696
6769 715
2390 5849
2278 8156
8817 2001
2011 8219
9565 9437
628 1947
9866 3135
9681 7335
7847 7109
3927 9145
5039 220
3132 4410
3035 1647
9607 4261
8584 9701
6691 279
8792 7551
4751 5221
8006 2142
8625 6056
1436 8421
1553 247
1532 448
2762 8312
2786 6997
879 4920
517 8794
3510 4501
3734 512
2788 7376
5520 8710
9448 7535
8376 591
8771 7015
1596 7143
9753 3164
130 7064
9791 3667
2677 6322
4203 576
4491 8142
9570 7663
480 4616
3011 9602
4304 5705
2077 7576
7175 3771
5129 7393
2715 281
4497 2479
5639 4547
1321 843
5881 3790
6253 5662
334 436
891 4723
9352 5982
7293 6851
1184 3704
5692 7727
2450 98
496 8961
1145 6848
7353 8612
5278 2474
2766 179
9614 4254
8958 5889
5869 5405
5555 5125
9023 3755
5109 5302
5917 7831
1371 3213
5912 1617
4583 706
4864 1294
8703 1582
359 6355
4556 7538
6836 6786
2925 2129
9742 2888
4105 1891
2515 2214
3512 863
7541 4821
5661 1516
7594 4684
7941 4844
9872 3757
3693 5608
2201 7165
3177 7758
8294 2260
2070 4364
3292 3894
205 7109
6831 4033
6024 4315
2483 594
1078 1902
7216 8967
4858 6508
3276 4230
2604 7028
6774 8529
2099 4632
5998 1118
4369 9893
7625 9175
4748 7614
1395 1098
5415 3013
150 2700
4543 8856
4098 1180
1307 5936
837 9778
4924 8447
410 171
5835 6360
5107 3969
6404 4580
875 3678
5396 5770
1005 9086
4913 6820
754 9934
176 7661
4316 4592
7898 4593
4626 6936
7442 1534
9273 911
16 420
9040 8503
7509 8946
7276 3039
753 73
2198 5414
6025 4105
641 8132
8062 1581
8443 6709
5844 2506
958 7778
5979 3134
8917 3827
9512 5207
3093 9383
1517 1493
1583 183
8879 5107
2106 3857
6827 7725
3883 9479
1313 9971
568 2080
8747 4112
4965 9483
1178 6375
5867 3643
4954 191
6804 6058
3029 3544
6600 9984
7348 6724
7991 9779
360 7592
3498 4983
7464 2523
7935 1556
7487 5501
6368 9924
3635 3701
1328 9657
6883 909
9833 7223
5984 1353
6776 7932
7421 457
7457 2727
9940 5712
2341 645
6062 9845
8505 7137
2369 9729
4275 2110
4459 7763
5693 3661
5046 5940
973 4863
3918 3032
2001 75
5310 790
7978 8944
2825 6663
2045 9782
8534 138
3305 4411
4691 2348
7757 605
2389 7514
8545 4425
3075 722
7682 7868
165 9612
9063 3553
6725 578
7046 2045
6972 8555
6333 1363
9552 9686
1333 24
8297 4131
5671 2577
2316 1953
4868 7577
8524 9631
1735 9829
3342 1791
2030 8114
1612 8329
4842 783
4716 7933
7525 6349
9442 6752
4697 464
2095 4866
1852 5012
3611 8308
8127 4082
1494 2862
3062 6376
1746 2879
7296 4502
9405 3495
9220 1788
4936 1349
6367 7285
578 1373
5852 6741
9847 5049
9772 1987
2730 7129
7234 5026
5600 2486
3017 9079
7502 7222
9021 1636
9357 1614
475 8704
6074 1464
47 1464
578 4317
7998 2875
6254 7102
172 4879
4453 4873
9111 3498
5775 7320
8598 5084
6739 7264
7274 7475
9907 7085
9050 6186
190 771
119 363
8671 8907
9472 9843
8802 7479
6583 2786
117 6664
3961 588
9326 9026
8360 2648
7944 7564
3758 3448
3699 1330
7058 3709
5194 9316
6286 4186
7449 9929
4008 1205
867 2268
4524 1430
956 3678
7864 8248
7746 2755
510 9325
2085 1419
3545 3808
3513 9173
5588 8387
2033 829
8447 4204
109 8128
7995 5649
4442 804
1653 1678
7785 4730
7923 6138
7100 7608
8518 8638
6207 3941
4574 6848
7371 6423
6514 7128
6173 4675
1453 3320
4344 8783
9929 3519
1791 9304
756 4738
9621 4062
9974 4453
2064 4037
7445 8991
5163 8852
4713 5118
9139 3465
5896 8102
8177 2186
3998 7359
1851 5593
9179 4499
4981 7840
2138 8044
5399 4618
5774 5088
992 8012
3827 4587
1147 7445
5934 394
8949 1431
8946 8544
2092 2034
2491 6342
8737 112
8726 8447
9858 3310
4163 2102
7262 4214
9876 5254
2397 7826
5604 3958
1279 8185
9120 2370
4380 3631
3268 9961
7016 8759
5129 8826
5876 1578
5065 9705
1959 8326
4175 5134
24 5461
6067 1528
1772 9888
6230 8523
9090 7519
8445 3804
3065 3435
9174 2441
9889 8498
8533 1071
6587 8543
8233 4117
9140 7578
2714 5061
6717 7508
7842 9570
6810 7463
7992 4910
1593 3746
158 159
6992 3117
1542 9416
3685 4932
8640 4934
3657 8547
8894 4698
6322 6856
4903 7689
9887 2675
4860 4602
9428 8695
2463 493
2977 9515
5690 2730
2558 4322
2276 670
6288 1013
2598 5463
6132 3966
1306 7595
9873 3901
7914 8810
2918 3278
7548 5211
7241 5541
1377 7889
6633 9336
103 4908
9067 5887
8175 7897
1828 533
2648 5989
548 750
2646 64
5660 6015
7618 8062
363 1776
1803 5425
2795 4223
2923 593
5090 3645
267 6395
4173 833
9482 1912
7001 179
2700 7168
1040 2060
2224 7202
7128 6332
2477 8848
6386 7962
465 6695
7485 6552
5507 8723
1671 9505
2408 4386
1009 5182
3278 2915
9928 9935
5527 1458
5477 9604
7236 4269
3249 7712
2169 1270
5720 3639
6816 3008
7997 6493
3117 2293
3336 8365
8325 6444
6052 1158
7472 4309
7624 9341
4975 8537
5124 8685
1339 5019
9307 7411
1070 6442
6045 8532
4595 4748
5992 944
655 7019
5848 8117
6241 5548
7820 9930
397 3440
5680 4379
4286 1715
4523 1301
1576 1898
2589 3507
9442 1797
6322 9924
6867 1744
2830 1664
5322 4080
9277 1720
6568 5272
5050 3583
481 7316
2144 6260
8692 7659
3604 9727
1304 4363
8021 3747
9232 619
9724 8739
756 5787
9826 5295
702 320
5435 1219
7715 1386
332 7143
1567 9562
485 7210
412 4642
9806 9339
2837 3619
4165 8792
7722 1026
6051 8930
7180 8463
1195 9435
7288 3293
6173 4980
6138 4679
9151 3273
1697 7671
8822 3451
329 5643
9060 5732
2234 692
9063 2692
1162 3294
5893 4743
5517 8805
7028 1835
3693 9087
9846 689
6956 6002
3460 1527
4479 7708
9185 6502
1767 9763
4515 8237
496 9178
4740 5342
9563 1845
9299 8859
113 9390
842 4254
8235 7703
1289 7869
1166 4882
1618 1968
4231 4709
5490 795
5475 9947
3241 3885
7124 9559
3936 5900
9207 6837
6039 330
3658 2531
4868 1194
9859 242
9838 8578
7897 1682
466 5037
9188 5199
7062 1348
5368 6956
2961 6576
6675 7042
3133 5526
2079 3244
126 4490
2609 8320
7146 2395
5256 4230
4306 733
4892 251
3500 5527
5794 4644
1275 8981
3299 3102
8278 1667
5385 8143
7735 1550
4593 8517
2864 4188
6889 9780
2130 7790
6366 8992
1956 9922
118 5782
1041 7806
1852 7955
3988 7677
2870 6077
588 3221
4322 6229
4545 7725
1526 1728
5266 680
726 8934
8022 4974
9094 8423
8642 3924
3472 6690
7412 3409
8404 6263
2583 4530
9736 9761
5906 6758
8657 6250
4259 3000
849 2995
4793 2550
351 9701
9892 2878
5055 4241
1396 6349
6796 4525
4819 2317
2938 1239
9133 6397
4725 1878
9452 1679
8201 9646
4593 7394
4259 1664
399 3513
2848 1143
6705 1118
321 9308
2844 428
2817 2715
111 4795
9637 5627
2711 4575
5006 553
1716 7272
1074 6582
6046 2021
9140 5181
2962 9231
3233 7510
253 4087
6664 3809
2804 2722
6061 8018
5587 9115
7176 1976
3518 13
3134 4823
235 5672
7267 4269
2123 5505
1615 4252
8312 6094
4556 1402
7808 4248
4756 33
8142 5699
4883 8334
605 5542
1347 7652
1652 7640
6084 758
5566 3764
7376 6941
2138 5931
6147 6453
8022 179
6284 6899
7265 89
1995 498
5546 5197
6911 6501
1779 5299
4421 6212
6528 735
4177 5801
8163 6595
9223 8255
6554 5934
3422 4942
945 9760
6392 3793
65 2688
6793 4593
6646 9380
2236 3704
2001 8938
7629 6823
557 3374
1382 6892
5832 9717
1454 7782
1937 3390
97 3780
299 3360
9007 9527
3622 9793
476 7564
5265 3346
8209 4385
1812 2205
8778 5649
6659 3853
5031 6612
5859 5446
339 1967
5908 2207
6361 6364
1060 9151
6170 5430
9358 2805
669 9473
3661 9570
3630 7205
1174 3777
7168 538
2687 6552
4314 8795
6171 1893
2150 9974
1716 903
7198 369
9399 6505
6576 8591
3387 8354
36 3896
3827 7176
6854 1961
4574 1561
3942 9246
2613 4568
558 7268
1135 1466
7576 3891
3898 3842
1396 3326
8524 5517
1021 6222
5230 334
7469 8139
9841 2766
1913 5735
2940 5984
9084 9614
5245 4333
4885 2667
5499 8129
9971 3795
8759 987
2384 6615
2480 2486
7505 5124
3914 1426
7645 9007
1633 8867
8937 7943
3074 2704
8743 5833
7865 4586
7946 8799
1853 8868
7297 6204
9716 589
7380 2581
9068 4355
2804 1349
7687 2677
6707 1259
657 203
1735 5036
5001 9494
5835 6325
4366 5077
8608 5552
3308 5131
2758 514
8018 6210
444 7441
6980 2410
1359 5647
9113 6523
5109 6845
3495 9157
2299 7596
4547 3422
9351 7489
6460 8898
9117 7895
5783 5525
1626 4888
7770 6709
4614 8699
5889 3564
9375 1585
7096 7143
5100 2150
106 135
5643 743
3969 2789
6745 1615
1730 7794
6831 8428
6796 7453
56 8672
6271 8002
1273 297
6607 5321
8237 3100
8506 4578
788 3397
1165 6297
8948 1468
4879 9906
8361 2721
1708 8932
3414 153
1197 1782
7467 890
4905 406
6296 1303
4927 3482
3845 6191
6008 6051
6041 657
8292 823
5263 7163
2725 7549
4278 360
8776 270
6426 8333
9512 3928
9153 1940
524 6608
9257 9180
9889 7463
7934 7834
4882 4462
7486 8071
8966 6279
7543 3090
5831 2020
3066 1396
2820 9744
5602 290
6756 9312
848 220
3923 9338
6821 8450
347 6810
8274 422
2459 5525
9215 1384
6426 971
8004 3670
674 936
7068 7745
8203 7310
4821 7601
4716 744
3694 5178
1331 8793
4859 5922
9383 7979
3992 2737
2376 7056
8465 8372
461 3223
3102 6068
3253 5299
6407 9849
5209 6103
7315 5828
4004 493
9002 1031
5523 42
1799 6371
6155 2455
1431 9949
4479 2731
2606 8962
3083 3245
6977 946
3261 6363
176 5570
2585 3619
9998 396
1451 1665
47 9041
2895 4118
879 5692
2682 2024
1267 5418
9087 1116
5797 2675
5114 3572
8478 6963
273 3834
9080 1927
865 5153
5337 484
9981 5730
6377 3197
1722 1842
5406 1855
6567 585
9571 9836
7171 7873
2332 3269
10000 6623
5662 5292
2860 6736
599 2120
7392 2475
5735 4325
666 3305
4605 8491
51 6451
8035 8206
3029 2319
8241 7473
9800 299
5964 8210
8491 7945
6844 210
757 1385
2473 7740
1237 1340
4680 4781
79 1650
2985 8550
5774 7107
5559 8174
476 2125
1400 8918
2476 656
1957 2630
4194 7781
3813 709
6798 8499
5932 6146
4282 9784
7908 835
1719 2019
7013 8363
9337 8321
1692 7862
8642 3533
5433 1310
4106 3693
9680 6692
697 2204
2983 5197
8546 4068
3832 992
8895 7365
2626 2125
9218 887
2194 3796
5307 583
2863 7059
9122 907
2385 2668
7702 6776
51 7064
9403 1130
574 3667
9163 3853
9258 1992
1719 2305
9266 578
854 4354
6534 3661
6643 5580
2943 7080
2275 1807
8128 8087
2443 3991
1737 4039
6438 9912
2320 1791
5691 1830
2887 4677
6193 7913
4893 987
6329 1337
884 6164
5035 2543
9453 6601
1513 2225
1114 3771
3382 9045
2615 2843
9920 1393
1694 9260
4653 9319
7942 7219
8884 4176
2550 2023
1903 4436
7331 3997
7777 1601
3730 721
9325 6802
8633 3235
1310 9180
1152 9522
5674 9067
8899 9607
6135 7304
2286 7834
6559 8743
2239 5255
6852 5929
9352 6212
4627 4384
5524 4469
4886 5309
3480 4392
826 2412
1200 3323
5951 3184
4550 8922
7757 1746
1435 2975
6809 1990
374 6277
4815 3698
3854 500
7998 3239
3766 6122
2605 6531
2253 4545
6839 2144
6787 818
3763 3391
6114 6002
4163 5883
7035 8434
6410 2400
1406 103
7462 3417
7305 119
6587 3734
1915 7548
8324 906
4000 9195
3190 9996
53 9707
2226 5437
1722 4110
7761 6245
7711 7299
8186 2907
5929 8117
8766 367
6563 4972
3171 764
686 478
8064 3496
9473 7493
679 1063
46 4396
3169 198
211 7314
2087 3991
2997 7165
5917 8587
4974 5981
3012 9507
7529 7620
7447 1207
1864 518
8793 7267
1887 4221
8745 4664
5631 3467
4587 4187
1195 1428
1685 9954
7286 3869
9069 8018
241 8124
7095 4819
4556 6898
591 9419
2129 8711
6276 6899
8851 301
200 6977
3014 3853
4175 6962
6489 7553
2185 2334
8017 2758
2208 2952
1797 2364
8974 3332
284 5865
9231 2248
1334 3519
1707 1968
2166 3171
2727 9551
9286 8687
1923 7321
6881 3598
6491 3819
5737 2016
2207 2377
6468 3196
2804 2809
6235 2285
1280 7250
1312 1585
8083 2305
5590 4352
1589 9439
4834 6091
4853 5330
9537 6555
9574 2182
1860 9729
8322 9819
1913 986
5432 9288
8558 4523
1929 5253
8747 7086
5823 8815
4008 8798
2790 3029
4458 226
2998 4767
6903 3048
5704 5811
4476 6458
1640 2959
3706 8154
7086 6240
7832 1211
9716 8132
2575 2788
5381 1505
1457 5194
8867 5713
9091 2477
8731 1701
799 8631
3468 986
6365 717
9796 3235
5336 2762
3072 3274
9283 4633
7835 9173
158 2724
5615 8776
2523 540
3385 9740
1936 81
7142 9736
9123 4624
9334 9207
2115 7723
1918 7833
3045 2170
3958 385
7801 3039
705 2506
6228 6779
8684 8617
7141 8414
1159 3175
120 2115
3063 2943
1365 4913
638 949
2690 7761
7143 3018
1924 327
5618 7848
3708 8223
3798 2495
585 9909
2877 4071
9603 143
9942 5450
4566 2907
3306 2576
5171 2832
4601 1942
6225 3304
6619 5289
1911 401
8374 4968
3334 159
3186 7781
9551 2952
3883 3399
1085 7508
9789 8769
239 208
4352 4932
359 1205
5451 9327
834 2246
6408 1936
9134 6175
3722 6092
683 7033
9344 4141
292 9851
3999 2812
6276 5430
4746 727
8839 2118
7574 1183
197 5916
284 4046
631 3077
5985 6254
4294 8075
1215 2726
3920 9399
9827 2436
8601 3816
6303 5196
9996 6597
4037 9599
7705 1465
6064 1870
4390 4172
9190 3910
7587 4367
6042 2686
6248 1280
7870 5153
3818 9498
5358 1100
9840 5877
3596 9141
4687 5789
6572 663
5459 7443
1796 4397
4363 8737
3647 6020
1193 8005
1720 9255
8311 8978
4047 6619
4888 8726
485 5529
7772 2386
9974 92
4358 910
7011 4012
7884 4908
2934 9115
6393 9068
1429 999
607 4074
3617 2944
1593 5363
9589 9354
9222 6901
3714 2420
4380 4821
3983 6876
8743 9836
4901 6120
8352 8431
5803 9868
3113 8883
5856 7780
1933 3797
6728 4178
6558 4973
5269 1926
2623 3025
253 2426
7714 1691
2918 2626
66 9450
2672 1868
5954 9402
7976 8734
346 2183
9933 1980
4186 2060
1174 556
3001 8591
1307 2527
950 1133
910 9958
7126 3810
5932 2799
587 306
392 49
8949 1587
5140 8935
9809 9816
5496 534
6977 6719
415 6854
7269 4454
6605 9409
9304 5444
3549 1170
430 8713
4168 1317
2564 2583
9865 9039
4551 4041
1325 905
8432 3943
8235 7101
1162 6712
7306 6601
3413 1563
1184 489
8710 1774
5720 3941
2979 4531
8139 2235
5636 5851
5499 8184
9845 8323
5351 8553
8062 9542
9160 6583
5858 5377
1195 1956
4552 3186
4160 2055
3053 1725
1437 8458
9295 2266
6127 8199
8804 4178
5652 4211
9766 4162
8013 8138
726 6995
6899 1789
601 2456
7698 6434
4854 3371
5443 476
5249 5926
494 1958
5250 4489
3914 1058
2955 771
6548 5160
5837 3365
3126 3664
7536 8820
651 8052
9767 2568
7401 4658
9869 3646
6774 9483
9112 6553
5680 8788
2497 2886
4196 6239
7844 3535
9586 2128
8779 8448
7518 7469
7879 7751
2072 5977
7725 9465
3646 584
5254 8646
6763 185
8824 8357
5238 5271
4531 8860
2175 1501
4514 9473
7326 6771
2162 4279
1715 463
1232 3017
8466 3335
8658 3344
793 6103
2679 934
4843 7424
773 9353
7279 9916
4640 9173
6376 6346
3487 6710
9280 4681
3005 3914
2091 6255
7377 9455
4282 3798
9811 4687
9696 1678
4121 7144
9191 6792
6500 228
658 6876
3049 3893
4085 88
9526 4789
1388 3882
8878 4147
7103 8405
630 7396
7884 5586
3499 2966
317 2168
6532 909
8480 465
2349 4413
6162 3618
5333 513
3844 5736
2899 4818
7339 6071
924 8688
6956 1470
3132 2215
4412 9413
3530 1766
6628 3081
3118 1492
9798 6033
4155 8522
6647 9457
5081 7143
5898 1354
1287 10
7958 9445
8756 6540
9340 8960
878 1502
4255 5273
9956 9196
4256 7509
6763 9508
2391 1082
2889 249
9798 6799
6149 7165
9763 1385
3320 2662
6731 909
7020 5648
7101 9403
9462 5401
6480 3461
9351 7495
7996 8224
9499 8535
2805 2572
4164 706
749 2473
7725 2607
3014 1001
165 4212
3807 5211
1930 3837
8748 225
1395 9785
5150 6599
3880 8554
7693 1854
4025 425
6652 636
8381 7466
4622 6535
2934 4036
4836 7953
3252 6806
2464 6707
6530 1401
9762 1472
1235 6986
1565 6680
532 5361
2090 1402
6555 9101
7275 8620
5507 4084
6242 3531
9385 9207
9993 709
2756 9798
4079 1342
4964 9333
4296 430
5556 7798
4642 3380
5032 9270
3493 3429
9567 7564
1995 1976
710 1563
1277 402
7002 9946
2871 8036
9976 2084
3462 893
1224 108
2802 6398
6401 5732
4745 4477
1684 2085
8492 8656
9207 6535
484 3772
1258 3273
4032 7500
228 1269
9365 3482
2207 2034
2840 724
1024 1145
6354 9130
8029 7306
6278 2667
8073 5121
225 6824
8874 319
7492 7504
1089 4726
4426 2025
402 6445
6330 4432
5798 9763
3070 7845
6529 5756
2658 5228
9957 3458
4942 6836
3812 4667
5060 7730
4787 8281
4212 662
7484 544
3605 6183
6270 2765
5975 1240
8872 3231
8765 9865
9665 5096
5152 1414
3115 7069
6859 5599
1032 7252
5212 6272
4344 6723
6594 8934
3369 7763
4451 6340
8179 6394
6224 1180
7682 1102
6879 8016
1123 6288
4769 2548
7666 6679
9902 7833
692 5679
4852 3034
5897 6421
1786 5277
3809 944
2611 5887
4423 8081
6858 8093
1546 785
8003 1761
5285 8577
6579 1700
3914 7647
2217 8974
1045 6866
2991 6468
7927 9028
2780 8267
4333 6069
484 6460
2491 5876
8640 7769
4631 4512
7767 1559
6799 4646
9717 8320
8911 2354
5759 7076
5969 3135
1416 5730
8013 6144
699 9496
2760 9589
5252 8409
3176 4647
5178 3586
7078 506
8243 6141
1997 6929
8757 9807
3930 626
5194 332
4341 8405
5585 5902
2357 8431
7699 7827
4481 6097
4863 6311
6290 7393
4660 2626
5548 4426
3779 4796
8506 4744
4545 3963
4813 6017
6587 4318
5979 3402
6734 8144
1046 842
9527 824
7810 119
8159 6179
9985 5992
5612 341
1466 3143
6897 1797
5494 999
4217 8389
4460 9993
863 2198
4278 7479
6452 2050
718 7160
3965 4461
5170 5981
2367 9076
7403 7650
9880 90
7360 6430
6135 3228
4005 2279
2595 8631
9718 5691
7670 2553
5065 3261
1951 5953
7681 7337
857 6255
3940 296
5989 2835
6885 5645
2932 5882
2943 1818
4631 4659
813 6283
5394 977
9252 7282
1085 7515
8813 2519
464 6141
7550 4160
5425 7008
8206 2260
1115 5624
9681 7317
8319 7756
9370 5800
5533 2090
2201 3989
1675 5174
8347 4692
1378 2205
3458 6175
9022 48
1646 4274
6423 9562
4595 9956
185 3162
5217 3481
1212 5968
8900 456
3333 2521
6975 9736
554 9610
8121 5326
402 6288
9491 1428
2311 299
367 8498
5155 2546
640 5550
5670 5533
8610 4188
9194 2087
8678 3856
3743 5001
9033 6565
2421 3552
4819 7525
8568 8210
7110 369
4741 4525
3501 3325
3154 1195
1643 3387
3969 5475
164 369
3625 203
6908 6411
1971 9536
4743 5540
5954 5301
4527 6291
1726 3511
507 7849
3604 3427
4709 7112
3028 4688
8091 8947
4088 4566
5647 2476
2496 2252
6258 3338
3800 8396
2841 3836
5041 835
1836 5212
4811 5346
9662 2254
4519 4143
1836 8613
4924 5011
4792 1145
7442 203
3678 3623
3175 3661
2696 4992
3460 1961
3100 543
4929 7536
5930 7601
2669 1678
8758 6848
7455 4094
8622 1232
6804 422
2316 1183
1271 185
7079 1147
2136 1647
5782 5626
8694 2892
1794 1381
9446 6050
6798 7443
8571 7693
4912 5278
2911 1327
7450 4759
8134 8237
4013 7138
5126 9468
2815 9726
6953 9495
4729 6699
8115 7031
7856 2189
549 5023
7190 9879
4382 7881
8404 264
8313 6460
7715 4550
6709 5190
7756 9539
2155 4163
6909 7664
563 8063
3077 2845
4430 7280
7941 1632
6273 9912
8171 2509
9903 5215
108 368
3479 2424
8624 9116
2403 4394
3815 4721
1185 7296
7340 8547
3725 36
7075 2885
958 98
7521 597
9985 980
4117 5963
3481 4430
266 4827
2333 2331
3353 7331
9867 3387
9916 9148
6113 8431
3880 1691
7155 2586
8226 1986
9362 1573
8914 3199
6210 9032
7805 3889
9178 3761
1553 7820
73 2106
2488 883
8009 4411
4309 328
7464 708
8024 6261
3153 5735
322 2782
5487 2826
7065 8161
6716 8322
4385 1082
5842 5121
7795 9030
8124 9361
4760 3070
9508 3637
4240 1666
7895 4323
9216 6237
4322 4653
2176 6401
7847 3385
3100 5268
7957 2195
1847 2587
9179 5557
4522 4168
9335 8781
8761 8155
7510 6576
7898 1489
3852 2855
3209 6346
1915 394
1862 5174
7515 3698
799 4964
4192 4629
4902 2501
2037 8021
2469 8143
2993 975
3864 688
9246 3909
8872 1478
7497 2466
5923 6930
2848 7169
7704 2852
3632 8238
979 8603
2850 6523
8950 2657
5101 4105
456 9447
6993 3735
7627 9145
7339 3459
7219 8357
4803 6388
8698 3945
8736 6870
1737 5948
7616 2755
7899 5527
5632 2661
8292 9656
1477 3196
9451 9327
542 4469
179 978
5525 7028
8404 5865
2616 6986
9486 5137
4496 5742
31 115
9574 4535
3452 4529
3909 9459
1162 8036
9894 1204
1190 5568
9276 5671
5945 6167
3085 5767
89 5181
2663 7683
9605 6475
3144 9535
1728 2741
8548 6056
1215 8984
6535 5007
972 4456
2667 5935
9088 685
6000 8827
9435 8853
7029 4723
9836 8213
1683 6964
8148 619
977 2172
2662 4568
9130 6844
9115 9274
7352 7405
3064 418
628 9583
1404 5234
992 336
433 8680
6921 9273
8196 457
8802 4197
4256 8890
4693 1251
524 307
1805 9979
6176 991
1637 1519
1999 4365
2568 9109
3213 6210
2717 6398
4248 879
7872 8194
3381 8473
4932 924
3632 1888
3223 8980
3387 47
4519 6072
6244 4996
4671 1087
8851 2595
2523 6193
2345 3225
1847 8209
4594 2028
2272 8897
9904 9991
2750 5827
8120 9572
9830 119
5148 1505
1236 3017
6662 3431
8513 3729
7704 6095
1545 2961
5576 6173
1635 2184
2433 2819
356 4996
579 3272
7277 4341
1717 1663
7620 5966
1139 7897
2811 9525
4370 6169
1950 8107
1317 9955
159 6306
6224 4170
9988 7998
6525 6962
897 6245
4151 9536
304 5480
9474 3622
7131 2310
4733 8710
1421 9528
5061 5248
1539 9023
1802 3056
8686 2639
3912 3457
8090 7297
3666 2993
2803 825
5247 3000
3345 2325
5480 384
1549 6585
4242 7578
7617 4669
2258 3079
3890 1471
1106 9870
7300 6955
3669 2793
5253 6694
9063 9112
7793 6315
1532 3896
6973 2737
4521 6268
5745 5591
6829 1594
2305 9195
5112 4706
4731 5399
6387 9950
1490 4850
4514 5286
4287 5806
8906 6874
1872 6314
1117 4962
4548 3657
6323 5789
4545 4230
9420 2553
7394 7640
5790 7767
2421 200
2733 597
330 963
2716 6390
2293 851
9962 7084
1225 9318
2644 9111
6042 3995
4284 9982
5794 9605
7089 7364
3992 789
2759 2246
4458 6179
5445 2233
9157 302
8060 9597
782 3881
635 3802
365 7297
1337 1321
7409 1394
931 7045
1045 6526
2710 990
6313 9555
8754 7325
8308 8022
6778 1181
2292 4145
950 7950
5512 2662
3380 7153
7390 1437
3394 3527
3114 2083
2421 1472
6135 1691
8917 5256
3763 8721
4518 3250
5549 8788
5949 4933
4692 686
2007 6481
3600 9527
2444 2312
2493 7457
3121 9349
7882 9425
2091 5588
8414 4472
9486 7996
5698 8987
9681 6770
2462 8684
2388 6058
5244 2433
5267 7278
6047 5798
6799 2667
4019 5281
7446 9619
106 5146
8330 7228
6553 6675
353 6586
7838 7654
5533 1733
5860 1310
5624 2016
1024 4801
7439 882
5099 5650
8992 5141
9178 6492
2832 1431
5176 7044
4602 5192
4245 9348
512 1846
1789 3456
2103 5283
8778 8987
9228 6077
8565 3802
6342 6864
8557 7163
742 8405
7956 1548
9677 6843
7851 9938
8527 3173
8865 4558
7598 6641
2828 8133
4880 7529
5449 2507
1771 8165
9018 5080
2445 4072
2283 1366
9792 3361
6132 2207
1171 7168
6717 6506
1714 3134
7425 9819
4359 3037
3255 9768
9618 5688
8423 1107
3818 9816
7522 7960
9627 5219
7950 7181
7579 3171
3563 1224
307 9523
3232 8138
1228 5346
6578 8081
932 6871
255 706
8981 1899
4022 6456
9027 9287
8325 7380
5148 1702
8080 2438
5540 7908
3680 8727
3740 1447
9204 1869
1901 6656
9243 6279
6295 2458
1271 1133
2284 8841
484 4038
1259 9852
6567 2496
3093 5437
2526 8074
5430 7498
5784 9362
3477 9809
3782 2539
2561 2024
8899 8399
8562 3649
1914 1933
4509 1094
8015 8759
9985 9784
1186 2032
8678 3252
7791 3489
112 3807
6727 3341
1719 6906
5734 5632
2837 7948
5661 1605
4446 7277
1470 8232
5560 6725
8333 5653
1882 9079
7311 9202
513 4582
9441 5607
7944 2346
5758 6416
9750 9469
8461 8531
6993 118
4545 4116
209 2979
5402 3486
5123 3204
9132 1853
3934 179
7863 2736
9768 6755
4400 6997
1406 8649
4968 8464
136 7924
8073 4498
7016 692
2047 2338
9417 7857
6946 9126
6219 6304
3293 2199
5383 47
7593 5224
4519 2876
509 2015
6579 5827
5176 616
1997 3449
3742 341
2242 5242
9365 6106
8353 4809
8635 3210
8958 4168
915 6896
4972 9328
3347 7549
6810 3007
4470 6358
1532 631
6690 9441
9909 8597
3959 222
6561 2377
8235 1366
9002 4864
5575 1002
1455 8823
6936 5713
8475 5175
6346 3198
3011 9852
8522 8912
8058 1066
5329 8858
6223 9898
6315 8172
2841 86
6447 8730
5758 7445
1836 3581
2829 7449
290 2300
8725 8377
1655 2178
4867 2668
833 634
5982 2909
8456 3377
5478 3633
3575 5416
5399 765
8229 6322
4329 7432
3846 8234
8046 4774
8937 1695
1651 2804
4540 939
6280 8586
6822 4372
1748 5935
441 2874
6910 6342
119 286
8352 7190
7861 2301
9252 8948
7009 4255
4909 8025
7151 6898
7388 8576
2533 3180
5822 8407
2723 4802
873 9185
1661 9392
8250 5685
8923 5159
9803 6933
3954 7339
6429 3876
7044 3985
1380 190
3819 5307
6734 8068
5532 3038
3389 9682
4172 2184
3010 9984
1778 9948
7772 6539
3079 8808
2106 6000
3904 8065
6359 5589
3749 8129
4470 9085
5203 6012
7147 5583
2808 1533
8737 3822
4284 5697
147 331
6487 6379
6841 3255
1637 6578
5287 2129
4154 1951
2577 722
453 1662
8869 314
2465 1671
6848 5167
5036 6670
55 6195
4683 5341
1015 7743
3961 9253
4069 7940
5354 4409
2376 6504
5991 7831
4701 6107
8492 9895
610 4808
9116 931
871 7121
6805 7783
7838 2427
2151 1283
1314 3578
7889 5557
2710 4296
781 9792
1944 7154
5203 3083
1616 5714
2363 3729
7476 7085
1608 337
6080 2572
5449 6096
8426 7202
6976 84
3350 3767
4568 6908
3340 4015
9023 309
8059 1071
8823 5586
2875 6054
7539 2723
4362 6296
7671 9959
2052 3278
4196 1773
7594 5125
2462 4112
4600 6448
7483 985
1876 9473
3730 8047
9065 9459
4944 4475
5610 3688
9976 8711
3296 767
122 7908
2582 1510
8188 6112
3912 4249
8582 8865
1374 3672
3318 2552
7744 7352
4046 3065
7109 1443
8652 4972
9834 5029
7448 1404
5543 641
1349 1636
1011 3698
1271 1567
7448 620
5215 1822
7003 5521
3641 2999
2502 858
8121 6731
5816 3641
498 4297
473 8804
2704 1034
922 2431
7171 3903
7770 3774
2245 2097
2218 481
9879 1082
3438 6574
2540 5553
9558 8996
6241 543
7329 6465
761 6189
2982 980
7374 1963
2232 5548
6778 4921
1986 1293
630 9541
6797 4671
857 2831
4480 3208
8505 8523
5539 954
6182 1599
6420 8400
6254 5265
5649 8515
5767 4925
6576 3823
2594 7076
4143 6144
6660 9672
340 9111
3308 9271
1118 1644
5938 9089
8631 5747
9282 2320
5164 9277
5806 7022
4808 6732
6404 6905
1175 3072
4769 9551
718 8539
3676 9101
1657 421
4755 3319
2859 8503
9756 9861
5818 1423
4889 9275
3676 3078
9347 1752
7829 3335
1954 8506
8756 6731
3272 9659
5352 3708
6892 3074
9113 5661
5543 7431
4264 1017
2035 5499
4971 2672
148 6549
6772 2125
176 2831
3431 2157
6848 8658
5203 2498
2345 5315
1638 614
2709 5672
9577 3496
7157 2046
7375 6535
6131 7893
510 1886
4919 8390
4402 2579
6525 2156
7079 6759
8789 4750
1705 5720
3929 4179
4830 194
7259 8225
9202 1906
740 7993
3201 5930
8512 8407
506 4241
703 7269
5448 8863
231 7440
9232 647
20 5211
5942 8522
3322 1156
2058 4396
1297 5727
8502 8115
9001 4312
3462 7752
107 9947
1605 3694
5573 3812
1506 6190
1412 7350
1946 7423
5906 2615
48 2980
1238 8280
8763 5671
2028 8642
4122 7995
9710 8291
9435 6896
1817 7776
3165 2694
3193 7698
2997 8134
4342 7078
3696 3833
6180 9151
6146 6214
6407 4303
6093 9100
6185 3575
291 5655
9349 3013
2405 9655
4209 7221
3971 2883
5537 5428
6199 9755
6648 1891
5923 7091
8327 252
4201 3578
2867 4738
2786 2304
5806 3117
6967 1312
9573 919
9295 6141
1438 5829
2528 4343
9256 4239
4900 5914
6171 7539
692 2133
8367 8006
5715 9763
6388 6724
6628 494
2745 9279
5040 8057
6185 7813
9170 3715
1984 75
6315 1768
7368 5616
8984 2068
809 8415
1979 7041
9760 7500
9724 4725
9025 6510
9753 2184
6806 4470
4339 7224
7343 1407
471 423
1361 5911
4975 5883
2905 2504
3968 1590
8384 6683
5866 3710
1744 4696
2944 9697
3122 4014
5269 659
9368 8932
7563 5318
8717 8539
2181 6224
9412 3305
8345 4843
9657 9117
5682 2628
2311 4933
7707 1567
9936 3737
5947 8313
4991 7771
1389 9260
9916 7163
5181 3289
2826 5549
5488 5370
4866 4029
2907 5695
393 6690
545 9653
3458 6570
4333 2082
8333 1126
2620 4293
9560 2289
3349 9351
3150 5688
2079 4528
4718 4453
3688 9911
7403 5181
824 1424
8045 2829
791 9480
2986 1153
3032 1695
4949 49
9997 8762
765 8996
9771 5309
8222 6851
3367 7064
1209 2064
9507 1533
4823 5377
2932 3057
3727 8761
6998 1150
5219 1452
7332 6251
5415 1672
3240 2457
6588 6756
2281 7378
3415 1506
5479 2303
7582 5060
9956 5496
7978 2223
431 4398
1739 8201
2427 5727
692 2013
4442 7551
2047 1864
2252 3004
2841 8675
6715 790
3968 6812
8717 6168
5830 3579
4500 7479
2014 5264
6128 5287
878 2543
7198 1555
5191 8180
7074 4678
5340 7190
671 3429
8347 8491
9124 3460
1640 8540
7551 8543
1526 698
945 2681
7401 2976
5094 7412
3236 3032
8617 8007
3231 3673
7194 4930
5939 4350
5501 344
6849 4555
270 161
9854 8469
4009 5223
5758 3396
7227 749
2050 2791
7815 4010
5980 8471
3243 8414
1845 4198
3167 6414
4744 3588
6325 2879
6253 2402
2465 7646
3502 7264
8157 4575
7646 7930
9290 5149
9866 5870
4867 1984
4629 6654
4444 7416
4891 8968
3718 5021
2596 5901
8315 1370
1263 6037
8560 8747
244 1754
602 3140
9215 6695
6239 1908
2068 1038
9474 497
5748 9434
4717 6904
5980 5058
5044 1290
6485 3514
6611 2840
6971 5840
3577 1561
5914 8322
3621 73
8784 4903
9190 9303
9069 9754
3075 5000
8514 8435
6313 6212
9570 7799
3689 9677
1905 4050
1996 319
7851 7951
8796 7318
6857 872
6463 2402
4879 8726
2641 928
8057 8228
6411 386
8977 7794
8523 4140
4371 5246
3692 7086
4936 7865
832 9026
6472 4811
5289 9108
7174 4175
7792 7894
7032 6548
3760 6940
4469 4142
5532 561
2077 6594
2796 6429
4691 1645
252 3929
5486 6800
7636 2985
3956 2218
8908 8517
8364 5563
9674 715
9346 287
8249 3998
304 2525
3976 4493
7761 2911
9834 178
1361 6215
4246 5022
6409 5463
616 4058
5804 3080
9782 3219
6407 4942
773 109
2793 1565
342 4869
2893 6912
3658 1394
9837 3462
8901 8247
9412 8993
1046 5317
7495 3502
4507 9485
6098 4219
1132 8614
5520 1724
8518 667
9132 9940
5704 9303
215 861
5354 8662
7432 203
5602 9875
3223 148
5690 7522
4616 9880
4887 4668
7205 2457
1853 7220
2662 6422
1560 995
6757 3264
2686 8242
7129 9624
9453 9507
2731 4084
126 137
9078 4500
7401 3262
239 6710
4085 8678
6206 473
6658 5971
5167 956
951 4688
840 4379
1600 7167
8082 3276
7579 817
8804 3920
2006 6470
8034 3732
4245 6631
3175 5101
8147 2954
3459 5290
1761 7279
2425 9833
4375 8630
6954 4673
6207 6262
646 963
4578 2624
2566 5162
3722 8755
6280 2176
8333 1441
3234 5829
8869 9265
1655 2192
8563 917
5252 8185
9136 501
2756 6910
3669 7095
9367 886
4520 1743
9277 3467
8824 1833
289 8049
3353 7348
5552 9855
4590 8495
3271 9888
9640 4364
6529 5355
3612 1656
7259 8856
25 3205
6187 2278
5224 9465
7814 149
7467 498
4947 9598
4257 9554
3141 3652
2421 8960
5858 9888
5836 3177
6033 7767
7123 6420
9882 6018
6760 772
2633 697
8451 4153
6708 987
3438 1649
7926 1926
659 4293
6454 5399
9308 1840
7014 3549
9928 2913
7595 3496
1265 8311
9920 2545
7846 9914
6588 6086
6268 2575
8860 6358
2355 8999
4421 4331
5535 2687
3353 2036
729 2509
8141 2853
9632 8818
4293 546
5327 875
2438 7138
4067 2360
1689 4698
6916 1733
4466 7759
4830 4385
8116 4990
1049 3865
5549 4669
9281 6285
2092 7937
6135 4329
9361 6191
3306 6819
6542 658
3150 2688
8088 5270
8026 2538
7308 2083
3181 908
9342 6292
2441 2714
4389 7635
6011 7383
7899 3544
8742 2064
3745 6913
5270 8239
8025 3599
2827 8347
7714 8336
6791 1661
7801 5220
2454 2743
3131 7816
7255 6709
8475 555
9839 919
2528 6744
9738 6423
8985 6104
7137 7478
9353 6055
8777 1737
7158 3559
9180 3768
2871 7166
2282 3386
8634 3406
6416 6874
8492 4066
7399 7235
8319 2345
1891 1843
7556 4128
3652 115
849 5262
2450 2339
5941 5093
6734 1446
3860 6501
2901 5859
8735 1274
1000 5181
7579 2620
978 6782
3943 3676
3593 1044
5237 4405
5024 1389
2398 5490
1892 7058
7812 1403
5142 6514
3386 1267
6861 7135
8570 4667
1304 514
1232 3996
1376 3768
1414 9499
3856 6888
1235 7711
7888 4948
9690 3285
3523 8534
1118 2657
8929 4588
9362 5567
381 5780
5506 5270
1339 2258
8996 3269
8919 878
610 8770
4149 3962
9316 4183
7595 1160
4730 6107
8132 6629
294 1788
47 3875
7216 8314
6974 9374
7665 4932
8282 5600
4691 6073
1545 4058
3226 1305
4523 7708
2765 8280
1055 7368
621 6520
2608 246
3930 3460
6918 6103
9034 7398
3904 62
9460 2104
7612 2289
5548 4581
9806 4514
1087 400
3209 7878
8406 1177
7864 5007
5951 7290
3037 2364
2663 466
1601 1382
4828 9327
4847 7921
3505 7388
6373 7635
858 997
5801 6576
2815 3605
2066 4934
4027 9743
5722 2377
4567 4135
2191 5622
8349 1321
5698 6130
6184 1059
6632 7660
8396 8559
4350 1546
5493 3047
670 5360
9912 9382
144 5318
4549 6269
3023 8937
7019 4487
6292 9105
8828 1439
6738 2295
8482 2374
2709 6277
3569 8669
1671 9189
6160 160
2067 9250
4252 3760
7701 6273
9515 1655
5732 7749
1139 5530
776 5994
1726 1969
5857 2642
3114 6633
2198 2201
4735 6355
8428 7676
1459 102
3190 4965
7772 5732
4519 1537
2460 5390
1447 7866
7001 1705
4150 1315
8789 5359
207 9613
9949 5733
7334 8522
6982 8911
9991 4689
1094 5385
6510 4993
1595 6594
9589 3313
1784 5509
609 9691
7216 6417
2166 9200
5042 1269
9224 8841
8158 2490
3245 8346
5882 698
8606 8088
5939 4389
1272 9321
7713 6567
4529 9295
6095 5173
1227 9747
111 5533
3118 4624
7055 2995
8287 8882
7412 2688
8536 9956
9569 4062
8042 8867
2196 184
2832 3874
7334 5575
9246 2945
4837 5461
1689 2045
2012 5156
8640 7598
3158 5637
1655 1115
3936 8802
4032 6128
4897 5063
9673 6929
3210 3208
6780 2145
5663 5637
5814 392
2039 9355
323 8591
2189 2568
9080 8361
4623 1022
8085 9077
9105 1096
5048 5718
8650 35
1181 1366
350 5948
9102 2612
9921 299
9975 3781
6096 9202
323 3837
646 1077
5580 8543
5136 2744
9082 5686
1287 4805
8390 4925
3202 3078
6313 841
4026 6495
4470 7358
6001 6129
5050 4661
5192 1364
1295 728
6926 3900
7060 869
1582 473
5758 7568
4297 2323
4201 4349
7247 3161
9464 9811
3753 5370
3672 6864
7929 8039
9042 637
8860 7042
8994 9363
5598 5658
8993 2007
241 5601
4232 7816
7087 4320
8846 4586
9256 4247
797 7769
8254 9966
1709 6427
9053 8297
2208 1374
3690 3331
4375 9684
2009 9447
5630 6729
3317 1231
6940 7189
9556 8383
5019 3606
5394 1632
6557 4961
421 2689
8002 3685
767 5287
7546 6820
66 9367
6871 622
2867 7678
1028 3313
1580 3441
422 3407
8990 4571
9989 5959
2774 5374
9229 4933
3672 555
4123 4780
2734 4148
3396 943
9841 1114
6123 8276
6723 1555
1899 6500
5533 9391
6537 9072
5262 7895
8224 5527
5232 5267
8595 2519
8027 8604
2893 3457
3737 1982
7359 8960
1679 8117
6209 7800
2409 7162
2113 1713
5221 1787
2746 2367
1669 4160
3332 4506
7975 8161
8017 9992
9571 2799
2223 4365
2959 7261
1400 2939
3738 4597
594 7104
6350 1195
7765 4537
3666 3969
7360 7758
3363 7431
1760 9966
7328 4372
8542 5656
9850 2812
6777 309
502 837
8470 6593
7023 6818
4462 839
2496 4005
178 9943
2629 6760
934 9553
1801 9677
7740 9065
4601 1143
614 3191
958 4096
9489 1232
3031 1095
814 3821
1477 4673
6453 2671
5328 8970
8968 6659
9388 6093
149 37
6560 4550
1525 8415
392 3225
44 3129
518 725
1868 3844
4549 2312
3039 3517
320 656
1277 3664
6618 4684
3622 3216
6383 9260
6516 2106
7795 6382
8703 9198
7480 8398
3410 2134
9362 8530
7978 3139
7730 8576
7306 1258
5895 4792
1604 8574
2092 6134
8105 1207
1693 7716
7992 4216
1252 8977
3394 6389
1543 7136
2823 3296
2493 4733
4564 4993
808 3619
4793 5350
3437 433
2259 2020
5494 8362
2733 2504
2837 1447
6761 2343
9092 8499
7889 9538
5716 5327
6599 2122
8338 4462
2403 5633
1218 6671
7282 9733
1881 1337
4772 8642
9701 3625
6033 6261
1468 6792
6420 2800
4114 3321
3131 315
6064 9785
4835 388
7603 5167
3138 4648
4572 7601
7599 5798
2619 5172
5287 313
6297 9070
3639 5413
1321 2391
7825 192
5798 7923
3914 9243
9363 4018
8541 3644
3489 4697
432 2097
3212 775
8432 8762
2238 3516
7807 3646
2137 4561
6205 932
779 1128
2287 5965
6003 8989
9864 6580
4445 4104
4761 8565
3874 912
8142 8529
8210 6255
7875 1683
756 2567
5281 6250
4368 6336
4603 3868
3728 1762
5992 5455
2175 227
2136 7447
922 6560
664 1277
376 3002
2379 6671
2837 5130
7157 6258
8922 3195
8349 8165
7212 790
3265 5499
6160 8329
6874 7883
7742 2947
6440 3858
7602 3419
6942 1892
150 7028
2933 6295
8191 423
6902 4275
334 6273
6027 3827
7215 3933
7012 5739
7178 4388
8796 871
3665 953
501 9512
7443 5541
8778 4939
2041 7213
4603 4285
443 799
3593 3529
4150 7846
190 5715
7481 8812
4431 4281
334 7449
1602 7172
3788 131
1233 6059
9473 8761
4368 1088
5094 8883
3846 8047
9695 8364
2354 9349
7035 6263
2948 9931
3654 8317
4788 9907
4828 9296
8528 9362
7530 7316
7541 3292
9331 7106
6299 1907
8328 2030
2921 4599
1737 589
1394 6767
3628 2207
9534 3168
3057 577
5018 8134
579 3705
9518 6234
965 8860
3082 2176
5188 3268
5197 3679
2763 7094
4514 2624
2435 548
5211 2731
1852 9172
9906 2252
5303 9718
1008 6129
3920 3967
3335 4992
4665 1939
8717 7596
6827 2804
4780 2118
1698 3607
5170 1128
3973 3939
9646 6611
2835 1942
8373 492
7997 4841
4929 4385
2747 4947
2981 3119
1815 7642
9194 5623
3798 7639
1741 9362
4940 771
1438 43
3318 6778
7311 722
3370 8383
1020 3008
6962 676
4044 7193
9046 535
7253 5930
4751 715
8700 6094
2858 8131
4856 1776
3485 9366
1533 8878
9022 8530
9577 1895
1905 3120
8627 5171
8698 4202
2515 3702
3937 9543
6304 9622
1826 2543
1357 808
5190 4253
6862 8879
4086 3537
4051 7103
439 9963
2788 7437
8840 376
565 6668
3511 5507
5316 3735
1679 3406
6724 9206
227 8842
6497 4926
8412 957
2125 7909
5615 9186
8763 4004
9640 6391
8940 1998
350 6320
1693 3631
8020 988
2489 3384
9191 652
1106 2720
6734 5293
6776 3767
9847 3402
7197 1039
9462 3389
8894 6527
626 4839
9190 1527
4170 3918
4536 7023
6371 7429
9275 2455
9819 9501
2586 4190
8656 9640
7419 8469
9650 5028
1126 4350
4404 3533
3499 9921
5715 8587
140 3759
8534 6261
3017 4201
3512 8669
1035 7198
3127 8048
2343 7260
6565 6284
7475 1705
8224 7740
6585 5200
3333 8765
9284 8707
3973 9657
1323 7683
4833 1582
7645 3796
6571 1047
5392 5954
9667 1692
9758 7632
447 6855
8972 4865
1657 272
942 174
6971 6283
3658 7707
2176 8435
8312 7280
313 5208
7436 7285
2204 8562
9717 88
8817 9045
1020 9637
5486 4451
2569 7878
2857 1828
9987 9352
4545 6844
4741 807
9113 5372
8590 6062
6410 9663
7427 5905
4148 9828
4490 2297
2739 384
2987 4268
979 4384
6573 6453
4309 5534
9661 9181
7030 3885
7700 1841
5672 3874
8942 8784
5285 4016
4658 9718
5778 1951
6178 7030
9603 4118
623 3751
5746 8641
3539 3266
8243 8473
8494 1604
8270 7383
7113 8400
6921 8057
2865 636
2531 8162
3759 1605
5092 2405
7517 2349
2112 3874
7047 9943
4901 3924
1549 5639
6014 9976
3636 6089
2342 5076
4151 1395
7482 8819
1828 9738
4360 3408
5465 298
4825 1480
9079 211
4537 6531
1035 4829
8754 2155
3862 5386
7339 8061
6318 3234
7365 423
4746 6409
8279 4642
6204 3120
8308 3696
2812 4785
4229 3815
8501 9380
5924 4899
9605 8833
5401 5379
9798 5650
782 7526
806 7588
3342 2739
2364 5357
9748 731
697 3975
9514 3456
6647 9313
3324 9230
5896 4835
36 3497
5759 6101
7714 6843
5583 3404
8071 8013
8670 7707
6058 2977
5006 2732
608 4320
9590 8916
7766 4710
3915 4946
7338 6254
8259 6805
6701 3794
8020 2209
3115 8450
6126 8398
2968 2820
7286 1207
548 2995
9283 8840
9918 9256
346 7800
9908 9898
8746 9772
8734 1769
1492 4095
1453 4378
143 9183
4864 3941
3518 5601
8475 463
6090 3017
3080 7687
7522 5639
8908 3291
8252 8383
9694 4100
8596 80
220 4179
4395 7430
5733 8440
9889 4276
8221 7754
1982 167
3105 6145
3467 318
3532 5300
5016 3706
6756 6205
9862 7855
2279 4515
9191 4378
7295 7188
8751 3918
2764 7903
2511 5892
716 3270
2834 1344
8071 1385
4019 6258
7291 5996
9791 5888
6625 277
7877 5848
9360 5055
5631 1851
4702 5766
1461 957
3110 9393
3599 2822
5382 1080
776 4118
381 183
1681 5352
7020 7525
4575 9982
5863 1662
6634 3725
669 8724
8813 6488
3234 8904
9048 582
5767 5574
4726 9901
2031 2701
8327 7863
6466 1962
6769 6440
9627 2379
1133 3523
8749 1951
18 2713
278 2136
7690 2455
9878 8301
3599 1932
496 5877
3814 9784
6521 4670
4378 7393
2407 8863
7935 5980
4769 4196
2358 5305
7497 6087
219 4997
3034 2600
8388 2549
5213 6656
8331 9039
6502 119
7301 534
8113 1137
5162 5649
1794 7126
6903 3207
4157 4871
5516 576
9335 3116
8709 7230
8354 1940
5266 2380
9221 4740
2693 9085
179 2896
3376 3387
8334 3846
9137 6074
451 9816
5346 3863
6681 2472
162 8311
8893 7281
9511 3882
6697 4184
3935 8354
7891 3134
8254 5239
5192 3954
9167 7980
6834 6292
5411 3489
1547 1819
8009 2219
1455 235
9451 5363
7567 158
2976 4524
9920 2306
7288 9995
1745 7593
4580 625
5194 2679
5944 9311
9657 3671
7131 5478
9127 619
8159 7661
9401 6940
2663 9424
7640 9773
1082 6806
2963 7935
9475 2646
3838 6703
9258 2309
7816 6681
2562 6128
7614 5605
5539 6053
5009 3393
9903 5660
103 7833
1816 3907
2715 8807
7868 8825
792 3568
2057 6805
9272 3391
8859 6491
3272 7224
722 1588
6309 7190
674 2626
9548 7533
6504 7981
7807 5613
3678 8736
8175 9102
3341 6152
1165 3625
723 3406
6783 391
8013 4689
3499 323
838 3877
7003 5985
9412 7182
6652 5388
7196 5054
6342 3949
8970 4530
9862 6899
8074 761
6601 1200
6795 8281
3057 3184
5047 6255
4278 5859
3944 3101
8601 9009
5839 6837
5715 6243
627 1338
4284 2185
8629 8237
2531 7812
4775 7982
342 1303
419 4299
6533 7442
1964 1017
589 5137
509 4830
560 7824
2230 1006
4483 724
1928 7932
9150 3758
1842 2414
5961 8879
1815 5510
265 4659
4524 4443
5765 2985
510 1385
6780 5591
2252 1199
6741 1959
3057 1238
856 2273
1375 1720
1975 920
52 4177
8780 9124
5772 3807
6914 8956
8790 6880
1041 9860
9287 1443
9973 3647
6072 2466
2095 734
3400 9913
1294 8620
1210 5416
3867 2644
728 456
180 786
9394 3767
1761 7012
5953 6923
6652 7792
4921 71
7071 1239
5591 203
5197 5702
1707 9723
2681 7802
3152 1687
3066 2103
1541 9455
7791 3651
9637 4618
7670 6671
3568 6481
2066 5772
2167 8934
6633 628
6612 6893
1306 9590
5100 2453
2449 4895
2450 6601
682 6313
9019 8683
5946 6023
389 1175
43 1853
7340 6391
3528 9442
2156 1548
1913 2268
6394 5836
2261 4245
4196 2506
1211 1252
5252 6307
6412 3931
8034 3673
5751 6772
4912 1123
3522 6142
5264 9868
6716 3493
7498 7697
1810 9150
4773 8498
7944 8723
8659 5773
6756 5903
7661 7502
6687 7866
5969 7036
4479 2607
2558 9739
7162 626
3979 9835
3352 903
2884 7678
423 8433
4025 8261
8186 1039
3446 554
1985 155
9603 3913
5202 9200
3840 8781
4993 9884
3790 9323
3841 6002
1350 70
8643 4879
8715 3189
5632 547
8517 2896
2745 8837
6895 4163
6789 4207
8167 5555
4189 9345
5144 6585
881 7862
1233 476
8452 6983
8289 82
4209 4731
2865 2051
680 9315
5778 1827
9343 7208
829 3835
6331 5396
8547 1283
300 8812
4711 1474
4582 270
1692 4898
1228 5600
9867 5383
1376 1660
4374 7317
9786 8178
1841 8927
7362 5367
3538 2282
9647 8969
7383 4051
9261 5479
9474 3803
5542 2750
11 4858
2878 5720
4210 1704
345 704
289 3974
4828 9407
7445 6158
3505 4002
1166 2782
6165 8189
7586 5969
1790 695
4461 8774
9445 2512
441 9522
6162 760
7300 7675
7664 9500
8310 9131
4327 5350
2604 1675
5200 3974
9707 9175
5182 179
8133 2297
3129 2207
3284 5311
4376 2028
9623 6978
6963 6660
7959 9049
9418 8505
1224 9787
1428 5143
574 728
8393 6329
4109 443
7163 8496
7944 7854
568 7385
9026 7090
8175 179
2967 1261
1667 3458
6159 4810
8379 3987
5007 415
7033 5794
5484 4335
941 4876
1493 1940
5780 950
2196 6083
9673 6072
8329 4493
4736 6377
2044 8318
4674 7693
5579 471
6100 5732
7017 2639
5729 7046
5712 9792
5773 4731
3986 2508
714 6892
2392 4961
3898 6573
8220 9921
6084 6825
4283 4151
8259 5406
6388 7992
5406 542
7790 5317
7266 2580
9274 3584
238 3823
4326 3852
7168 9680
7648 4049
8652 5346
5612 2588
9079 408
2646 6666
648 5885
7559 8626
9003 852
8575 2475
4176 8426
4311 9005
938 651
2910 8786
8126 5625
6260 4059
8732 7698
6478 3027
8303 5208
8775 9337
8701 4526
8436 6752
6436 849
3460 8500
2286 6823
4825 546
2247 790
4978 2911
9681 7500
1732 8818
4555 225
1128 4819
3720 4079
7711 7321
7061 611
5190 6179
4512 642
1832 1153
8482 5577
8607 2252
3188 8574
8562 998
7875 8146
9855 1845
6871 3061
1099 4018
7375 5719
5476 9353
4063 8557
8706 1579
3406 9064
1656 5399
9437 1672
169 1324
6350 2121
6004 232
9315 1995
8090 7207
2300 1176
7228 7264
6897 2188
1156 4453
5583 8667
2257 7920
1177 9807
7204 1562
2051 6980
7092 3027
74 3644
1639 2996
9012 270
9604 6465
6458 150
6001 77
6389 5742
1409 999
602 215
7148 5926
4479 8017
8305 1637
9997 3821
763 3374
4373 6470
6272 1932
2993 6544
1550 3607
6271 4081
408 4788
9988 8748
4543 2583
8865 8892
9622 2831
856 3859
4534 3371
3577 8658
5473 8582
632 1498
6113 402
7434 3254
71 6716
4832 8454
8211 9434
7806 1272
7026 6214
2050 2830
5270 4057
337 2628
6654 9367
609 8579
7229 9986
6224 1040
3282 8507
5371 4447
9985 5698
6766 2729
3404 9051
9314 239
8189 6084
2047 9675
3757 9421
645 5431
9141 8923
3996 6651
7344 1512
4426 3036
6111 7396
1807 9410
9903 1510
6127 6488
9491 2795
512 7255
705 6167
5637 6059
1889 5217
7999 9290
6839 7250
4466 4396
1895 7086
131 3611
5777 4187
5906 1642
119 8196
1088 1002
8627 8538
3072 4298
7904 5042
8096 5797
8178 2113
103 7460
3908 5670
5240 7302
9184 7464
8478 6935
7148 4746
1140 3698
3299 3872
208 9529
2869 4826
6250 7667
3318 2349
1950 2790
5343 5784
9352 7577
7645 6694
2753 5826
1095 1586
4834 8206
5008 1447
6564 8466
3988 5655
6921 299
6478 9954
2689 496
2066 9498
5584 4247
9015 6762
3683 3876
8967 722
1803 9958
8499 7421
4369 6571
7692 3514
9155 1687
5059 5594
1373 5370
9853 328
4889 1117
1077 6291
3809 6907
123 5292
9547 3869
725 3353
8697 4108
7629 5707
6786 2243
1561 7520
5567 8997
6643 8318
4572 9094
822 182
5772 6557
5013 5653
4574 8601
2847 2026
9182 6158
9740 3356
4623 4552
5533 4074
9591 4481
841 265
3959 4287
3938 3184
6572 5357
6206 7686
1107 2980
3267 6987
3773 8167
5284 6971
9796 7994
1879 1722
837 4378
9689 2867
6404 5968
6381 9782
1986 9854
3944 6576
1323 2861
8158 9073
5376 5363
4601 1130
9612 6374
6136 5005
2123 3672
457 6075
9723 2781
9585 3378
8843 7578
974 8357
8181 4668
364 4234
5189 8268
1843 7938
1104 3365
502 51
9211 7475
5346 6502
3385 2184
882 4127
8786 9938
9443 7352
7096 3148
3401 9524
5259 7044
7098 988
6615 678
5596 1549
1576 8299
6407 8448
6772 1916
9252 4691
1667 1290
7569 7957
3197 4180
7319 4643
3082 1008
9372 942
929 9631
355 5064
5421 4781
613 1118
1153 1516
5672 6571
5799 2977
1024 5178
1662 9131
9607 6112
5052 1093
4159 1491
7652 7470
4394 6407
8162 8274
4462 427
6679 7136
4351 7081
7781 5067
732 1040
3533 6522
6589 1249
6294 1900
7969 6667
2520 2497
1314 1314
3756 3070
813 8238
3647 8981
4533 213
4316 6509
1656 7344
1637 9845
9350 2432
4606 9304
6048 9736
6047 4153
6142 7971
7121 3994
5454 8784
6373 816
9575 7814
9242 3089
922 6836
1913 657
119 7016
3009 4537
268 775
4665 2432
9680 5185
9403 8879
4798 7236
6003 9331
8305 7317
2794 8273
3451 9658
9078 9904
2138 5065
7252 551
4305 3032
8371 2515
8267 5882
9977 4990
9281 1739
4263 6542
1136 104
9920 2210
1297 1772
8637 4631
3037 6489
569 6468
21 1063
7580 3030
8504 6447
7180 5914
9857 9119
3112 2067
1633 9074
1364 9576
7636 3722
8749 8907
1385 3193
2984 295
9016 4414
6880 1288
9452 2136
6097 9010
185 2399
619 6465
4615 4618
1608 9202
9598 1264
2480 8371
4048 9958
419 6506
5354 9459
8925 5804
1951 7557
3642 9977
821 7944
1011 9345
7194 8732
2215 8008
7591 7625
1780 5022
383 7702
6903 4289
2277 3347
1069 1436
3834 4853
6736 2277
8390 5022
9581 2245
974 1292
9988 831
289 2958
570 9858
7063 2140
2516 7161
3114 9440
5260 4056
148 108
6048 756
7343 8443
9640 2346
8353 3694
9964 2364
2750 2349
257 676
4863 3171
3680 7721
3854 8374
4715 5793
302 8521
9300 3624
7947 8895
2073 7342
4992 4136
824 298
1738 9877
1825 4511
3270 6051
4361 1843
4652 8166
1121 2042
5567 1233
4779 3763
5810 577
8672 9492
4828 6017
8443 5403
2292 5869
4046 1723
9382 5225
3740 6533
7247 9273
1608 3292
2024 3171
5238 4531
5682 2596
7706 2112
2139 9933
3875 3566
9857 6309
3508 2375
319 6137
1484 2882
7423 2535
7105 2212
2762 5717
9801 7073
6675 1406
3569 8762
8837 8603
524 4883
2500 4349
6432 5174
4310 6246
1758 7689
4824 981
2215 1093
2546 7054
9168 1988
8886 6028
7254 1160
4150 855
5282 4861
3442 6117
3193 2627
9499 3051
840 3086
2042 9611
5467 9448
8785 2067
4465 5831
5027 5808
4573 7578
9134 6487
9723 5198
9691 5388
571 8194
5059 4018
4513 9178
9692 2359
9516 5842
124 414
8440 4375
3296 1188
5559 5668
8242 1260
377 8340
1398 5446
419 5293
6056 2127
1872 519
5347 2256
3088 920
306 896
8196 1597
4805 3376
7523 2895
4921 3038
5356 5432
8874 5366
8123 7272
2082 3413
5785 9458
3513 4224
742 3375
1497 2378
9817 9958
3075 1167
7669 1922
4966 6842
4680 6104
8968 9433
9971 2207
7033 8809
1538 2272
3463 3562
3840 7552
578 3278
8626 7476
329 4370
3347 2467
4393 6389
5631 5204
5310 6839
576 6341
5588 1296
5055 4086
8403 538
3113 5254
6398 4008
1053 1275
6152 3266
4426 524
841 9101
8482 8140
8817 9333
8952 5880
2509 6345
3091 3508
5012 5719
7967 6939
6033 5776
4816 9473
6831 7131
1372 5199
1115 9494
8525 7772
1810 4815
5479 9845
4338 2337
6369 808
4347 9692
3489 9956
8915 3876
2195 3563
8555 726
8412 3714
5878 9281
4128 1859
8182 2840
5238 1327
5517 4957
5323 5296
7944 1138
1151 9257
1417 524
2197 3073
4900 1611
6570 5069
3521 5725
9347 331
8366 937
5502 6601
182 9309
6502 6287
7464 6964
6969 9587
9884 3667
5290 1977
7983 9208
2966 5414
3116 184
9089 8995
1697 6468
8861 1241
8727 2054
4872 9863
8561 8638
9079 3155
9383 4399
9112 1522
8245 3574
3319 502
7826 8016
5932 732
2161 1609
9656 2910
9702 5792
5174 4691
3094 3923
156 6668
1366 7480
664 8436
7166 9297
8854 7117
6666 2852
7640 7732
1029 4130
9867 8517
4298 1127
9590 1666
7241 9006
605 5887
5508 3427
1123 4356
6978 7845
9322 5304
4613 167
8992 2672
9049 4776
2476 9567
2132 4543
2408 5170
802 7399
50 7727
183 6064
6000 2054
3641 7852
9383 972
6946 2316
8584 2325
3131 8701
9446 9405
595 231
7707 7860
1222 3960
7192 6379
3815 4884
7357 6454
2969 131
4293 1726
415 6949
7860 7589
8091 6155
834 838
8530 6756
5302 8324
5021 1836
2544 395
7438 6307
1750 6229
4142 3495
9522 2936
6128 1992
5215 3839
9666 2035
7607 3265
7254 2427
2082 3873
7272 4522
7669 6839
4427 7862
5517 3099
7906 5069
8946 5700
4890 3798
3598 7450
2338 5402
9494 494
5643 7025
1160 4964
2458 1908
6539 6620
3093 887
6077 6400
8897 811
6308 2747
9582 6465
8926 6366
2829 7013
1619 3475
72 3252
824 6504
7057 7637
5119 3322
2559 1306
5931 5952
5021 4654
1784 2422
9476 8069
4890 6371
2746 2264
9754 9418
7230 7181
5896 5369
4323 3567
9935 235
813 6477
2032 508
2625 3046
8107 7605
7841 3063
5667 3682
650 6201
1750 7086
4446 159
9543 8401
8111 1057
5156 7606
5766 9346
4893 843
2812 170
5704 3264
4608 5274
7341 4190
8453 4388
9391 407
4674 1262
4949 8038
3594 4734
216 9958
114 1511
8166 7528
2927 8534
5114 235
3285 9083
8769 9010
3358 4167
371 339
2201 4907
7526 3863
237 7292
2153 4949
1756 1961
6546 7197
1128 5901
2250 7593
7412 9676
4534 1548
656 5518
7054 6677
6415 3312
6354 424
568 1522
3854 6336
9073 7386
6473 4223
694 5932
4164 8865
7302 1526
8985 8517
6299 3906
4813 9283
8619 4516
9879 3281
5896 249
4348 8118
1453 7624
6189 2922
4520 6274
8564 7770
1616 7027
4662 1766
1441 8717
6330 6008
1911 5578
9873 2753
7027 3492
7969 663
9475 39
5606 7667
8812 6195
5777 3876
645 5091
7696 2276
9693 3845
4618 6422
5345 9844
3090 5911
5257 1334
5341 2158
1960 9527
8696 6652
9945 7609
6196 7916
5910 38
2257 941
2026 9713
5189 8148
8580 4502
8228 4746
2330 8207
9487 8497
1646 4331
1817 3187
3522 7487
2864 1280
8357 7294
2577 8963
8207 6100
5683 677
892 1994
673 5608
5366 3966
9430 7017
9470 8442
566 6295
4634 600
4137 2750
4847 4304
7953 463
8001 5872
6159 8375
6980 8497
2068 8085
2816 608
592 3532
4494 6084
9047 1650
2537 870
544 1576
7196 9960
6051 4057
6417 7861
9503 3931
3956 1944
7548 7819
1464 5060
2849 8663
6308 7655
7634 4357
8567 5991
6938 7362
3598 5567
7279 6162
4214 8528
9751 8927
7230 5108
1931 5015
6831 3133
5513 9891
2668 1538
8397 5720
8401 9363
291 1520
194 728
4529 5630
1958 8531
5735 181
9272 4847
8138 7037
4861 1561
6908 4251
1143 4509
6631 6817
1960 9004
5640 4560
5259 6297
8919 9666
6683 4679
6350 5402
2356 8021
6124 9189
1055 4583
2130 4422
1721 4622
5213 807
732 2738
7685 3288
410 500
1004 5460
1808 2466
5298 9888
2802 7406
4567 7282
3484 2738
743 1745
3487 156
3476 2140
5823 6987
9586 9387
3940 2996
928 7453
3999 4925
6798 7622
6984 5658
4710 2399
2109 7307
4323 6418
8866 1443
6305 76
9499 9728
5972 8118
8282 8109
5646 218
30 2793
7496 8070
2946 5460
1603 2278
7724 8373
699 1399
2293 6911
939 5899
6475 8228
7269 2385
5034 8417
1753 3112
2583 9738
810 5931
7507 9085
1327 7658
1743 6850
6267 1530
4610 2695
4889 4663
241 6439
5375 8333
1293 5913
5296 5479
3481 5466
2269 8480
1107 7921
7794 89
2503 8419
2934 375
8368 7621
8783 5690
2702 8497
8992 522
331 2478
5547 5916
9421 2700
9858 3133
1564 7603
7973 4867
7066 209
3697 3384
4300 7520
8174 4254
6008 7485
597 7322
8196 8666
8971 6582
4404 9643
2936 3458
5763 2029
686 2119
3469 8518
5770 7094
6517 5818
5151 5019
1571 7888
1100 1412
1058 3987
1968 4776
3604 7316
8426 9884
8753 9945
3634 9222
4854 5341
5434 5092
8339 4067
3064 8097
4366 4932
514 943
7854 9481
1122 7263
2469 9809
6323 8676
9065 8748
3901 6389
6827 9597
214 6057
3330 6889
2936 4664
9643 3301
9068 691
9064 1772
454 7765
9513 699
7985 3616
2484 655
8165 9854
4601 486
5862 7528
4951 2113
1392 530
8866 8378
7333 751
9575 8823
2807 5570
794 6942
6843 8228
8168 7724
9532 4938
8382 8653
5209 490
9429 1202
3813 4532
5984 2456
2973 437
224 252
360 6781
9829 7681
8856 5312
6692 506
7985 3295
7423 845
2723 5321
2965 6355
6806 3306
4494 7763
986 4083
1466 4365
5880 4440
5480 2770
4270 9495
7100 2156
7143 2772
2840 7963
6248 9590
8923 8558
3202 8571
7416 4423
632 9511
3627 5426
1176 5918
8533 6961
7396 5100
8600 214
1316 9770
9625 516
5528 7230
9151 5630
3382 2633
1564 6510
9811 8333
8676 1302
7321 5162
2062 4820
8447 9745
124 5096
3378 5047
8470 8833
842 8075
4674 2689
8750 8043
6324 153
8683 797
1999 735
3253 7850
5659 3493
5022 6071
2932 9389
3825 6109
1879 7444
4899 355
597 6197
8348 6698
8082 1360
2850 1825
977 9406
8346 5299
1700 5371
4134 5836
4054 1365
7409 1066
2146 2587
4407 7572
2912 8307
2971 8177
7490 7993
4140 6728
1960 3681
4601 3425
4901 6050
5594 5923
7597 8734
9898 8190
7364 6784
2977 2652
8342 1039
115 8479
153 6282
3025 7515
8016 8558
3586 7683
7038 7662
1058 9799
668 7500
2280 7331
7125 4866
5996 245
5418 5677
995 2839
6183 8773
1505 7946
7028 2220
5838 6557
7153 9500
7123 9398
3586 8953
9251 3841
7960 7345
4715 6442
4937 4617
8398 534
9961 7700
4942 2330
1139 2160
8737 3550
4221 7743
2427 564
1458 949
1084 7111
4240 4011
2062 8888
9455 3389
8153 5443
1322 7326
444 6311
518 6624
5169 2168
1769 3144
3425 8633
5279 1465
5310 7389
6062 972
1848 9304
8001 9223
4733 2060
9390 2493
7396 1062
6234 9188
2522 9902
1252 6523
1493 5589
8516 6345
5758 7553
5784 5130
9919 7681
8515 4267
2103 7278
5979 7529
3549 6609
2443 1636
9672 9770
5337 4592
4275 5644
3659 4404
4847 3945
5790 121
1812 3230
1537 9411
9215 641
6162 1801
5075 2115
6895 9253
4517 4884
836 2218
9112 3537
6132 6985
5084 8736
4591 876
6621 3438
8138 3689
2510 9186
1430 4177
1437 6446
1329 8304
397 111
9854 6382
3346 5029
3171 269
2726 5391
1622 2980
2264 9125
3193 9136
7148 2242
6090 4089
7683 2687
3565 2055
8952 7289
6862 5271
7155 5851
944 3249
6514 2233
3118 1193
6929 7294
299 6943
1134 9083
8374 6674
9532 761
1283 1631
7684 5606
2492 3639
31 6422
5757 2124
4920 7167
1959 9030
6447 4364
1253 1709
2812 6855
2181 3114
4041 4044
3443 8725
4757 6866
9077 9711
4234 4451
1723 6980
6422 4433
4240 6545
629 286
8570 8791
8635 5353
573 1744
696 4181
1671 5685
4643 6353
890 9802
702 1228
6447 9187
6328 5998
751 7204
3308 212
4203 6477
709 6213
380 5356
4492 1603
5809 5280
4635 2738
5836 3444
4096 1288
7262 8980
7663 622
3046 981
6591 7022
5902 1231
3713 387
4385 9111
4563 1741
8765 4698
7440 6554
1506 4978
7462 2096
6732 3346
7353 6245
9249 8759
4543 8767
9433 7331
5323 8399
1446 9025
7308 6068
5078 5376
711 5336
9441 1682
7921 2022
1262 2836
3169 5003
5468 4162
8740 5532
6047 6462
9889 4825
2049 8204
4291 9449
5485 8403
6271 7861
8383 5141
4430 6345
3820 1559
2294 5485
2996 7166
5584 2864
5420 3177
9288 2918
9248 9348
2407 5389
1058 8530
4807 6551
7683 3424
52 5652
1902 8981
5782 83
1083 7074
8401 4273
3721 2371
9269 8136
6785 1648
6921 8467
1918 5270
6374 1429
4060 8771
8388 3628
4256 9426
2240 3091
8509 6830
216 8125
4445 8232
9846 4249
8033 2629
7658 5837
6873 9806
5444 4931
2950 6114
518 2315
7720 8882
6813 4723
2693 8647
1278 366
7991 7026
9038 3836
3467 5296
2662 4768
6629 4856
6692 1635
7386 7852
3579 261
7446 7100
1650 3799
4477 6871
2280 938
1546 4629
346 5455
1904 9986
1692 145
9653 2380
9734 5894
3429 9108
2165 683
6627 4674
1141 2124
3237 303
5629 4202
4702 776
5827 7168
3858 4783
3813 8917
1669 8688
3238 9718
5752 6667
8359 6816
1694 6683
7695 3138
5089 2607
9708 4885
3764 2115
8982 143
4097 8108
5613 7379
9033 944
7802 9886
2286 4108
4746 103
8811 2829
8699 920
7264 7684
3451 7031
5124 4021
6674 3532
9876 9307
2065 3462
2815 5380
6934 3833
4484 3361
1004 6515
6446 2471
5111 6925
254 4612
9034 6411
6227 3837
1423 8477
3741 4714
6310 9918
4498 7819
9858 3436
9333 8505
2515 5965
7268 2592
6957 3257
1201 2893
8676 4265
1821 7265
1762 6203
9870 8382
8225 5637
1737 8738
9601 2604
1354 2776
6443 6372
6806 6896
5999 8832
7229 2245
8517 6036
7861 5646
6426 5608
7950 2862
3255 8058
8622 2835
5074 7956
6563 1383
19 2102
5582 7164
4328 6349
4207 8005
1931 8072
3436 8444
5351 5648
3695 3465
3831 521
8547 8466
3324 3450
7839 3228
5341 3947
5886 8749
5734 5961
9675 6500
2678 2151
3850 3416
1537 244
1246 4324
2553 3889
3002 4928
4254 6549
3703 3343
2892 962
3662 1598
8585 5665
7369 5232
4088 9277
6822 8412
148 689
6265 2973
9404 8661
4403 9814
7206 7863
6251 5987
9808 2178
8087 2601
8692 7405
5812 5744
2139 8115
6410 324
6706 3619
2256 6619
5536 5577
6960 4304
2367 7341
3545 903
6137 1788
2410 6048
1288 2015
251 6912
4246 7473
5052 7904
9078 4093
6167 416
9131 2989
3642 983
1117 52
6726 8670
7800 1220
4327 373
154 6276
9727 9630
4683 738
2995 402
5182 9041
6703 6229
8441 629
630 3330
9560 7055
5766 6201
7904 9461
9410 7587
8449 6788
5591 3966
8590 5446
5350 7766
9723 887
4062 1381
9897 6723
1309 4549
2768 9608
5630 3945
7235 6686
7800 1018
5331 3438
4261 4435
8166 4078
2830 5998
2762 3584
5021 267
9547 4010
4249 8675
6054 553
182 1532
2310 9109
6900 9473
4855 5776
3939 419
2560 2870
2743 6954
6042 2275
8135 4868
8957 2361
4134 8835
5643 8777
249 8827
9559 7705
5149 2971
8609 2454
3011 839
2265 2293
8630 4491
9636 6825
7906 8863
9286 2221
9020 8080
5077 4668
2211 2572
8546 4041
6300 7951
1391 1349
3024 5591
7800 7146
2201 8522
9238 825
3445 9059
6490 2910
6398 1625
8680 7212
706 2721
8503 5165
1586 2686
4217 8710
9961 599
8335 1448
7003 1428
8973 6651
162 8177
4038 5927
7546 6322
9936 7364
3996 7543
1348 3195
629 5350
5082 2390
8723 1082
8459 8990
7824 7861
6030 3360
2887 9506
640 8460
3765 3355
7880 4761
3875 7269
7229 5878
4217 67
2851 3133
468 3688
5245 3003
9980 5809
5277 5055
4973 5678
3506 539
1583 3456
7657 1822
8403 2856
7997 4697
9295 9361
2905 2665
6167 4933
2154 6865
2453 9618
2933 3163
5219 1990
7986 390
4171 370
8045 5135
7736 398
3813 6705
4458 8558
5849 1050
6230 472
8840 3765
9785 8202
5246 3798
4940 2258
7571 6171
6477 4176
4432 4551
9760 4514
3638 8616
4753 3761
916 4555
1832 3498
4042 7243
115 2919
4748 7185
4516 6294
4974 1389
4134 9296
5820 760
4730 8769
1237 8520
7502 8487
6640 3518
8989 9958
4495 9496
7846 9046
9702 3622
2367 4412
8686 4798
4172 1026
7899 4269
7537 806
6954 4778
423 2723
6254 6006
5759 4700
730 2258
9387 1373
7599 8843
6590 1058
1139 6926
1318 4625
3126 5544
3306 718
3849 8053
5849 4907
4841 1821
758 297
4551 930
9332 8670
6771 5781
3456 9064
5524 9526
3554 7042
9442 5817
3580 1796
3917 174
538 8228
1314 8899
3185 2074
10000 4732
4597 4342
8053 3810
9464 4575
1220 7320
3081 6368
5424 5898
7255 7413
6919 8211
3800 4512
2513 4567
4248 6931
7561 8071
6405 3130
2396 5007
4059 5982
9958 908
1631 4067
7649 4060
2531 6084
4699 466
6062 6364
6071 2867
655 1741
3303 6563
9967 2166
7938 2886
1921 1692
7235 1377
8096 1427
1213 4403
2611 366
8285 1055
9372 6723
8423 7561
2535 5277
9489 6578
897 8981
2048 14
9198 7039
1631 4790
6532 6348
772 5009
5215 3292
3042 4901
9617 436
7433 3765
6359 8998
4297 9750
9612 707
1224 1202
9665 6443
7653 9130
3461 2357
3969 5373
2681 5891
3658 9109
6448 6555
5987 545
602 1892
7074 1488
3666 242
580 8671
7119 5450
4198 8951
3816 7481
6024 1796
293 726
2710 3152
3873 8062
4871 8170
6753 7020
68 9821
2748 8703
1268 953
7852 2846
603 8748
3242 7210
380 9035
3086 1238
1504 4774
5989 1006
1064 5562
9890 4537
1484 3810
9742 3635
9343 2566
9784 9929
2603 3951
3008 5361
3998 2845
7043 5620
5639 3435
1689 9090
7158 4966
3967 4484
774 2556
9448 2533
755 1076
7648 2506
9052 4173
119 3903
5535 57
7977 9892
3144 7334
6491 167
8934 5570
901 9598
2192 7000
4833 1591
3669 5247
4550 3431
5052 6957
2032 9350
5849 5977
214 5420
6630 2118
3623 9912
6251 4570
1718 8746
1582 2836
8564 5113
3867 7026
794 1376
777 8612
4132 537
7728 8324
582 3625
6515 3305
8868 8135
8203 5589
1121 8962
720 5883
835 2124
990 9537
6122 6413
7251 5112
7651 8088
428 2418
6644 6752
2298 1966
5378 5473
758 9664
6019 7389
2390 450
8667 2264
4959 164
3639 2111
3330 6350
5237 3039
7699 3717
9878 8912
839 5000
9644 7140
3842 9887
3757 2762
6462 1608
5698 3108
162 6314
6839 9940
9526 3163
2147 730
1401 8901
1184 2027
863 3513
8635 4243
2830 9859
9367 3270
8482 9166
8317 3170
3083 8692
6102 1730
6006 5073
3595 8081
4243 5555
7791 7659
6805 629
7624 3127
829 1569
617 4473
9909 5948
1411 3197
9102 6079
4868 5109
7067 1703
708 6799
6327 6707
3244 1462
1149 4567
3719 9964
4677 6148
7563 6736
8712 4003
8403 1882
1820 7486
4013 7915
3741 8286
4935 5702
2772 6009
3662 7822
9417 8139
1817 8899
6101 8642
860 5539
8837 4097
8834 6832
4452 3005
5762 9561
3044 5574
7307 639
1078 1334
9210 8380
5046 6326
7472 8484
368 3029
1927 3473
8742 5540
8191 6945
1128 1046
6248 4600
4217 7571
8136 3441
3094 6410
5994 6062
5101 5838
3618 7276
501 9935
6952 8624
3323 3812
7882 4303
8839 20
2192 9898
9643 4575
3753 3241
1108 4204
1517 7011
6761 7970
820 1136
4787 8520
1158 2750
7217 4187
874 6005
162 968
4949 8567
4613 6570
2319 9954
6609 1739
5624 3051
6067 217
3731 1689
7516 6058
3653 5442
686 8401
8559 4680
4686 8455
1020 8422
3971 5316
6025 3592
22 7424
7034 590
2479 9690
2953 6156
6133 2756
3373 2648
2366 3117
3103 4889
642 3692
5622 6124
1983 419
9632 8582
2955 2654
7805 4114
5480 3627
9687 2818
5872 348
8687 7099
8477 5464
949 7937
628 3216
8251 230
8299 3824
3336 8604
8647 177
8022 2655
7201 2843
1908 2646
1260 5548
8874 1106
3193 8979
3514 9337
2368 8637
3484 5866
8907 4818
7528 4655
6795 9571
2331 7498
8232 5842
2549 9223
6489 1419
8249 8233
6709 10000
8138 6758
4992 9515
976 1582
4321 8534
8300 3983
7779 2781
4309 9039
3299 6655
7675 9282
9014 1206
1248 2796
2185 7386
6370 7090
4941 6987
8244 7375
1120 3050
541 7934
911 4547
906 7071
8292 6200
8852 4880
6423 7602
8161 1882
4184 3687
5810 376
6579 9648
6567 1981
4139 158
6864 9333
9985 4401
883 8439
5913 5850
3766 2224
80 655
4814 7421
8433 7522
3374 2288
8223 6294
5367 2487
9518 4339
5170 2396
5264 6769
5622 4206
9174 5689
8773 1758
4994 5330
2103 8997
5127 3314
9680 7478
1002 9044
6948 34
6132 1437
1404 8381
6341 453
5966 2575
3919 4983
5677 585
4075 436
4917 9790
5107 4303
2101 9954
7442 9658
975 3894
8435 3965
1649 6432
277 1830
4773 6783
5709 4956
7959 2060
9537 442
3317 7988
2371 3056
2481 8340
2537 6625
4033 8424
3350 8828
3013 1783
147 7875
2658 3759
7173 7459
7662 8831
2516 254
9384 4810
4633 2721
388 2042
2561 3971
4597 3661
8274 7367
9803 3552
1278 6996
5993 4252
6260 8993
5768 4087
2588 1127
2067 83
7150 706
2148 1261
7602 7492
730 4381
5289 8497
1996 6746
2247 902
1762 9262
6074 3577
6771 2151
1563 4801
9093 2788
3262 1136
7017 3762
7870 195
845 7003
2395 2424
3255 3405
6524 4342
7446 9022
9765 3578
8455 6481
6656 6767
4344 4292
1835 8542
2391 4681
2212 5882
624 6943
9333 8667
8739 6160
8684 2752
8734 8388
3042 4172
5723 5485
8742 7083
1718 1601
861 5888
7365 8731
8272 345
8949 1745
8399 8433
1136 5458
6205 9493
5857 6863
6234 424
6108 8759
2836 3495
7250 8856
443 8560
4258 8861
8659 2758
4307 1439
4224 4085
3399 6516
1391 892
2050 4946
5274 7662
8729 1747
7948 6054
674 9040
3931 9068
3400 4445
1946 8596
604 9846
3109 7682
3884 7756
6478 7079
8922 9848
7674 5253
5880 1135
5674 5342
6007 317
1438 7103
9435 1181
3238 9994
5052 8189
5642 7558
3805 5260
222 2721
9377 9601
5052 4037
5988 762
2670 6743
6752 6465
4798 3868
587 7986
6441 8420
7490 1525
9593 4330
7727 7891
5717 7764
825 4095
1126 1223
432 9117
4024 8172
3284 5405
7959 3113
4718 9341
6049 4829
5780 1027
6392 4093
9431 5668
9059 4720
7949 1758
7105 583
2908 1825
8323 1753
7949 7076
1943 3123
2933 1855
2099 8877
3215 8908
5148 6172
3813 6027
7321 3732
3175 2523
6537 8750
8488 303
4817 1491
6481 770
2726 1423
2709 2360
6157 8341
2938 4195
9998 8089
4765 4358
3588 9262
1374 4169
9504 8252
7258 4464
3453 9913
4002 3661
8261 3631
6106 1010
3113 7634
2525 6386
3585 4820
9459 5498
638 8595
1811 7613
5783 4504
9055 6808
4744 2602
6897 691
6054 6098
7403 1529
5392 6557
2743 4394
9630 1829
8737 6028
9690 2020
8485 187
8083 2799
5275 5133
2805 7500
3343 2448
7527 9703
5314 6751
7978 6691
8636 3818
5097 4707
6860 4089
200 3967
2683 5417
1160 1615
5217 9950
3024 3387
4392 5012
6491 8002
1324 6365
8650 3313
7461 3054
5869 6115
762 7395
4995 3978
2111 3590
6687 6967
9452 9618
4206 9038
8333 7038
7430 877
9106 9252
4909 5820
8855 3746
3377 4824
1130 7009
387 1710
7428 6949
621 1559
6728 4732
6835 9397
9787 2652
5099 5228
6947 5120
4086 6169
8819 2890
1483 250
4890 3217
6818 3131
7275 8763
4777 5720
2567 8551
6143 9492
7837 4270
996 2518
1945 7228
4366 9546
8423 3571
5344 3282
4923 9424
5476 8256
6367 5799
7386 1562
4738 284
2018 5142
4440 2549
668 9407
2753 1473
6240 6482
2904 8736
3014 1894
7941 8714
1722 6317
3763 982
8767 6767
7037 7903
8261 2881
6628 2774
8438 4872
9769 2488
3113 937
7472 3942
5313 3875
486 7607
3300 9922
5686 6432
9793 7728
4206 5557
4399 3686
3366 7040
6543 597
6582 4368
4515 425
781 5292
7202 9913
2081 6411
3149 3170
12 4879
6157 2798
4011 2922
8444 2090
2152 389
7494 7209
1750 5785
5444 940
1215 1699
7762 7307
768 1191
7137 2589
4441 2270
5465 6918
2313 412
1980 1008
6226 7745
7323 335
156 4822
3792 4727
6910 9942
3452 3654
957 5568
2362 7265
7618 1889
8425 8128
6156 2026
2436 9504
138 2682
2314 9534
2590 6654
5196 9505
812 6593
7917 1970
6891 9874
8734 754
1469 6759
1312 521
4075 2681
1553 6708
5463 5092
3302 563
6939 3258
4629 2309
5727 8076
4244 8133
4308 9563
4383 7593
6804 4432
5583 3481
124 6534
7799 242
5143 4145
5583 8375
3184 9311
708 1115
7762 1175
7753 9846
2559 6523
218 8417
8271 3323
3448 7982
1111 5199
6289 9437
9448 291
6796 6675
4736 9876
6740 8739
7188 9046
3306 6943
6381 691
7998 3307
6765 4965
232 713
9662 8426
4881 6779
2128 9605
4368 965
7148 4669
9373 4216
4089 7414
2684 8327
5584 8829
6866 6523
4510 1928
6675 5432
8298 4715
465 9548
984 3738
6640 2479
9710 5442
8069 3079
6273 9473
6552 8307
1331 6532
7676 8967
6339 6463
5285 2765
2796 6382
6692 6812
1861 9141
9229 1591
6555 3066
6517 8149
1550 7038
7141 6579
2679 8715
8103 6296
6656 4122
2516 6052
6781 5247
2330 80
4734 7209
7824 9701
7072 8358
7354 8865
8198 5371
5410 3438
9010 298
2696 4744
3431 8297
6447 2279
9032 3658
4783 377
8205 8742
1234 43
576 1349
1216 1421
4363 9139
4122 1009
6219 2496
3036 5541
4044 7236
8016 6392
9322 3869
4521 553
5975 3822
6449 7505
745 7446
8048 8707
3853 6938
2870 9633
6378 9609
1576 6252
461 9455
3242 4531
7901 9320
1785 3526
1005 6795
4748 7435
2968 2544
8433 8072
1794 7959
4671 2984
1685 441
994 1251
9917 3299
8655 5944
9352 5441
4954 6757
7118 5848
1391 7562
6531 8083
6914 6353
7003 3664
3236 9634
5693 7959
1244 3280
6691 2249
761 5644
8740 8598
9260 1277
5286 9798
8942 7746
8512 642
4252 4847
6086 1385
1107 1622
8203 3381
5984 4537
5553 1210
5366 1509
8766 7862
6424 2714
4339 9484
6937 5692
8576 2841
870 4006
4316 5496
4527 5978
7328 4265
3612 5963
6446 7431
27 2480
5010 7709
5985 5364
4336 8838
3910 8278
6188 5286
8227 6003
7032 7050
496 7192
6599 4986
602 5087
7866 7576
3192 8419
5246 5144
943 3890
67 1600
9798 1857
8067 9522
5712 6927
3047 8105
5161 8883
1676 6915
3783 6329
1831 7462
7898 7462
578 6967
5672 6339
9393 9639
2452 3303
7672 7053
8973 4175
437 3242
1477 2110
2997 7822
8828 8710
8986 2994
1123 3336
7892 281
3161 3844
4492 7579
5185 4250
6568 5470
7601 1735
9667 9376
3023 160
9173 8287
5468 6724
735 9426
4836 5895
2850 9684
4090 9049
7400 9206
4484 6880
2617 7022
5951 1393
3902 3879
588 7660
7468 2961
8392 2085
7103 3185
4779 6058
8213 7426
9625 7090
1704 9666
4837 5532
5950 4383
2233 7215
1871 6774
1159 4665
2602 6619
10 1941
1900 5181
5874 1120
8110 1672
6023 4625
7908 9918
9322 9427
5608 8243
7865 4315
681 9764
6018 8218
5845 4165
9876 9491
4927 9708
2386 5504
144 5428
5724 9340
1089 2242
7521 6276
2128 5540
7098 7709
9148 5213
3436 1717
7022 3146
5645 9152
2638 3170
2262 9872
527 5885
883 1866
8648 2032
801 1048
5559 2747
3444 5078
598 171
8296 7641
2050 6789
8730 3442
6060 3005
4651 2233
9567 637
785 1942
3207 2991
8057 5152
1193 885
1209 9223
4167 9811
7498 6907
6075 1124
8889 5516
7920 8809
283 8892
6253 3181
831 5054
3784 3376
9871 9688
9186 7949
5803 2840
2865 6876
9300 4866
913 5742
7833 5697
4643 3646
5037 4817
9365 414
3863 31
2912 7166
6305 6865
1660 9981
1705 1942
5612 8414
92 3693
313 9684
2317 3547
6271 138
7566 2202
4130 4647
9984 1401
8537 5624
9785 3108
8826 4522
4083 2594
9030 8487
3430 3782
6412 7799
1260 7771
5315 6108
7920 2459
699 9067
9719 4958
2324 6329
2719 6052
5103 7808
2729 3861
2054 4445
4157 6883
8033 7216
9277 2214
3496 4502
8566 2670
4595 8928
3505 598
8463 8546
6969 9440
8238 5139
703 1724
3503 1845
2765 2310
5850 3311
2182 5003
6053 7630
6702 2698
2809 5948
9488 6971
8592 7619
2857 3236
7190 112
8988 6561
2718 807
5997 647
9613 127
3578 3142
9140 403
7720 405
2255 5671
7617 7882
1409 5270
5615 1418
2387 314
1196 5975
6088 7188
8334 4228
6844 6336
7398 8091
3214 747
3354 2696
8210 1879
5634 4085
1147 1768
2205 1519
113 5122
2724 1464
5449 4210
8031 7908
1153 802
508 6166
1525 8662
4020 4499
9720 3497
6809 1703
6346 1552
5501 5212
2018 9075
6295 1506
7151 4929
1538 6503
8592 1892
3979 6294
839 9745
9202 2721
9280 2251
1957 7931
1227 4454
6458 8885
8410 6397
573 7503
3298 5596
4047 4923
1862 7235
4751 8216
2827 5870
9361 5712
5661 6880
9888 9751
5484 8090
5791 1136
2400 4191
3858 1815
5381 7269
4008 9817
961 1702
4229 3100
582 4037
321 9518
9445 5953
7659 2477
3169 323
2163 6236
1356 7860
2546 9618
46 3662
6911 5271
8440 8402
8859 2322
6573 1402
3931 5257
7516 6603
3630 355
64 3468
6498 7471
2483 1149
4384 2275
2239 9243
497 6209
3182 7665
5817 4321
4624 4485
961 9723
6806 2963
7518 498
221 1272
744 3816
7249 8138
1151 3314
4582 6578
5464 515
1332 9659
2384 42
8221 3337
1987 3833
8408 6458
5966 4276
3967 3577
5219 924
3978 5736
8592 5028
3589 7217
5034 9510
8482 2261
1192 2778
3840 2096
7845 5430
5948 5795
7362 1655
9428 3648
6461 6571
4371 6396
5806 768
4338 5093
2342 4397
3905 2755
4385 9045
693 7374
6461 1668
5261 6299
8284 9020
5952 7729
9513 3319
9135 5872
6337 47
7326 6769
7905 5833
2323 1895
779 4763
7691 8685
3788 4762
3704 3438
9600 9536
7799 9514
3521 2708
9282 983
242 2518
2190 6674
4867 6329
6252 6556
6250 5610
6362 9079
6781 4528
7969 2847
7729 9605
2784 1927
1456 6874
3848 6322
960 5880
9487 8169
666 1889
6403 4905
2737 9095
9705 5114
6114 5017
6140 621
195 45
4485 7048
1477 6028
704 2892
5148 3185
9259 1449
2288 2860
1539 7225
4754 7073
2480 9875
9679 2204
74 7123
3597 2566
9362 6701
3792 6039
9873 7249
6048 8095
8344 1571
2160 7681
9720 3810
7240 427
8701 968
1640 6920
7486 6596
1939 5736
8906 6690
6654 2074
7921 1538
9431 776
4950 1083
8548 6247
4233 7189
1548 6107
8809 1760
1219 7127
6576 3970
4557 3807
8172 2070
3336 4875
211 833
9237 744
6959 1488
3890 7491
4205 4034
8981 5540
5007 4992
2495 8309
9606 5879
4489 9150
3161 5072
8961 2477
7363 1830
8253 5496
8806 4076
521 1395
7360 6413
9873 3070
3367 2200
5490 5706
686 8429
7747 5629
240 7493
6278 445
2922 652
4177 7904
4642 797
8457 5204
4478 4423
7754 2053
5142 4165
6402 1387
6840 6337
8266 1573
8201 1238
7269 6373
6934 160
2736 2255
9085 3083
2860 4028
1116 947
3867 5631
6018 7266
2314 2788
8090 5738
5888 9297
6988 1548
1243 7710
9744 5767
9338 5154
8769 4284
152 2663
9472 5174
5761 4149
2029 3723
8125 356
3534 1285
9733 2099
2444 3421
6375 1395
7116 946
9549 2204
6779 2533
4703 7711
1784 9666
1616 895
1876 2994
4982 4841
4952 5771
7438 2301
6314 3601
8854 6436
7090 4561
4518 8420
9813 7127
3682 1777
8471 1903
1352 5059
4240 4231
5555 6681
9930 1000
1739 8883
1037 6149
1273 3667
3902 7257
1611 3600
2215 5309
9705 8500
3743 7985
5924 4862
1912 3147
806 9881
272 2664
4921 9183
5582 6351
8669 6478
9297 9957
6611 8032
4104 5672
8002 7008
5786 363
4715 3241
7956 7933
6762 9532
8260 7863
5960 3648
8116 5193
1650 61
4805 9604
8226 7709
1166 905
4869 4463
9307 3909
5098 8157
9060 3910
895 7252
6307 6299
7360 7689
1961 8704
6425 8432
6606 3774
2697 8174
63 5939
4064 1861
6908 8710
1751 253
2463 6816
9048 8407
4068 1960
392 634
5634 6015
1269 6117
8156 6828
9800 9385
2498 7589
8088 7233
8499 698
7251 1206
5181 6337
9751 7112
6178 1749
2794 4321
8590 8239
8261 5316
9313 3084
1909 2521
2289 5375
5210 8694
9099 3499
1783 7284
6541 9784
3314 3540
8523 7295
175 7698
7863 3291
3683 1531
5652 8874
8282 5282
8163 968
689 4740
4818 988
7406 4159
2386 167
7799 7034
9317 9051
1886 2075
4858 5789
5835 8946
9421 3124
1070 3935
2673 8768
6164 6560
3122 7302
4246 8032
2894 6982
3486 5922
8011 9997
6966 1486
3963 4529
7147 9757
2931 5762
2310 8193
1838 9406
977 9104
3096 1839
354 6588
2142 2366
9712 439
6595 9873
7305 2428
9497 594
2270 6225
8365 9648
6413 8730
7907 8754
2618 2460
671 1531
583 4645
8981 1048
6693 3698
1909 7975
818 4142
1524 3950
762 2146
1893 6769
1091 7895
7249 7441
6709 8202
6747 402
7484 7001
9461 9897
7850 6432
9367 3194
6135 9901
6485 1743
499 8776
324 3777
989 6154
1910 8642
3776 5592
4476 475
513 2087
9083 7207
1272 741
9730 5404
9432 5746
9569 2349
760 3226
7503 5267
5925 8261
4556 7942
9375 4250
3842 3920
9981 9133
2738 1248
8476 7660
5671 6953
9923 3795
8795 801
9514 5830
434 6388
2655 176
3009 9502
6083 7117
6252 9674
482 8472
3301 6034
8065 7432
8325 5528
7905 1457
5339 9695
9895 1916
7092 1713
1783 2142
4550 1739
8459 8438
4018 8887
2690 5300
9099 9033
5239 6427
5077 5914
2708 7158
2585 1431
2609 413
5468 283
8690 4454
8424 9267
7963 5239
2525 1568
7280 8423
6671 240
5940 2721
8631 1020
6317 2767
1668 5966
4313 8239
2970 9972
7504 3562
7334 6361
9830 6805
609 8840
2690 5459
2280 2036
5559 2018
8748 2384
5146 2543
8259 4896
6912 8538
7755 2671
5383 8982
9951 2575
3208 8812
627 7851
3867 102
8005 9423
318 7365
5191 5702
9811 4766
874 1199
249 9022
7336 677
925 9504
2021 7456
2602 3527
9322 9293
3404 7856
8684 8923
104 6308
8182 7785
6209 6000
8210 4292
2001 2460
7671 3920
7724 7606
24 268
4831 4731
3721 5191
4860 2403
9582 3457
7711 5731
8925 2541
3665 2458
7945 6454
7634 9863
5221 1040
3554 3428
2240 2662
4373 2036
6519 6822
5725 9484
7240 1970
8096 8309
824 4257
7638 2304
8309 9787
89 3309
6317 642
3884 928
7002 6608
6339 8588
5316 4000
2155 1615
6833 7510
7590 2525
8178 8720
2566 9960
8658 2485
7001 2948
5784 6707
414 9442
3189 2595
1070 8919
5752 2583
5201 7417
5706 4640
4712 8036
7196 4780
9841 649
6653 604
2560 5594
4573 1607
2138 2381
8802 4041
8705 966
2172 207
5619 7103
9125 4185
4151 8926
9740 8244
6549 5950
8142 7764
1169 3490
1750 3394
3578 1340
1130 3185
3314 855
9021 3570
8063 9516
6344 6579
1359 6648
2606 9486
6667 296
7865 6682
9846 7488
7631 6607
656 8092
5965 5655
1119 5409
7893 1401
1928 7782
547 8841
7124 3934
605 590
7880 9905
5426 9732
1805 5616
2496 6110
2959 8305
6160 725
2995 7023
5408 4740
8856 9438
9150 2976
1715 9453
1952 3371
6305 4458
7465 5249
9195 2701
4750 5912
1119 7701
5651 5346
3630 5640
3985 9275
6957 7289
4059 2089
3496 8437
3253 4743
8005 4932
8376 2220
593 2233
1962 8194
6139 1266
500 415
7126 223
8554 8997
6354 9980
8664 2150
8462 1703
2822 1556
2723 9051
2952 1661
2607 3927
323 9818
9883 3569
1613 9391
840 995
3219 8083
5969 7110
7906 7020
3339 25
9567 6145
1411 4032
9008 2159
4890 2630
6165 1029
6764 7395
641 6196
9107 7743
6241 8102
2524 4852
8588 5219
1548 8485
2844 910
3888 7698
6540 1964
37 2578
1637 762
5057 1057
4782 900
2578 430
5807 5458
1949 3303
2823 7594
8172 4258
4202 2138
9099 7607
2143 1159
1522 2199
4343 7711
4949 6310
4706 588
9142 5902
2973 3868
8927 7697
3190 6677
4646 3957
1927 1051
6150 909
6423 7538
1913 217
1191 706
8028 1616
1997 4275
5883 6324
5291 4864
1637 6813
3729 5295
5752 6856
6933 7637
6112 8503
6316 2956
5358 2680
6193 3524
3409 3026
8180 2613
1094 5688
7510 8080
9720 788
6511 574
9712 5824
9843 4042
473 5402
9748 9401
1490 3291
3137 6295
7919 1101
958 7445
8223 1100
5309 758
8351 2199
5071 4307
7892 3905
7771 5869
7526 839
5900 9593
9336 2947
2340 2068
534 2729
1002 5799
4198 1573
4582 4816
8639 111
819 7579
1918 3902
9326 3166
7380 4378
7252 2286
3417 3863
1214 3000
4990 4323
5124 9136
9983 8962
4807 1634
4652 7413
4924 8220
6242 6243
8142 3693
3868 9759
5451 4534
653 7969
3722 4221
8802 6035
9930 5612
128 9551
3471 2544
3422 44
6447 7634
4975 3067
2659 8886
4486 985
2964 4477
2372 6849
2653 993
8965 3133
7111 5064
7493 624
5439 3680
9232 6662
1016 4414
657 2753
8764 7604
8002 2893
6961 747
4552 3975
3183 2204
6150 2384
4610 2137
4078 2236
6688 4299
565 1751
7545 3681
5999 533
994 7758
7306 7577
2866 2974
846 6785
8029 9964
973 541
751 8749
520 4396
8594 2549
9098 4807
3893 9670
3679 6879
907 3489
2799 5500
7178 1453
695 6699
9732 3683
3347 275
464 7849
7360 7902
5528 2300
7190 9017
6757 1504
4360 5395
4644 1687
5690 8617
8367 6426
592 1475
8633 634
8703 4871
992 11
6764 7195
6908 4172
8073 8976
7753 7766
1145 9171
3409 8705
2418 1970
8796 1837
8750 2765
3025 9091
6902 9376
6876 9830
4650 9570
4630 4914
3949 4870
5522 7655
2638 7663
4130 8232
7630 8980
6922 7080
8112 1881
360 6923
816 6846
7279 9153
7647 4638
2186 4944
8379 2237
7142 3219
1543 8593
8849 6815
7081 1899
4804 4559
4155 1619
9906 4979
581 3947
9088 1736
8085 9864
4347 6588
5278 7600
8069 8964
2441 4833
4208 6978
4400 4268
9979 2497
6616 4685
7740 5819
1124 6290
6704 9860
3927 6979
3431 3242
145 2313
2657 1237
836 9053
6270 2419
9729 2223
2101 604
7673 2924
7641 715
2527 4388
2438 8628
2878 1425
9697 3016
8945 7128
5865 4028
5695 8307
382 8665
5954 7196
6957 545
970 6839
1046 6313
830 3121
4039 8307
1397 6054
5699 6847
1438 6115
946 8172
3092 5887
3941 6764
3467 2989
550 2823
2712 5047
2815 9627
3859 7125
1109 4357
4595 5766
9620 973
6599 1229
4084 2081
8038 1002
3878 9179
1907 7804
7682 1870
9056 8872
5914 1097
5245 325
9454 3088
6416 8624
3329 731
5404 9693
9516 853
2880 6599
3596 1758
144 7511
7971 9757
8896 6612
9900 7921
5783 7217
2791 5369
3109 4883
6052 1290
9033 5644
5238 5338
501 6009
9742 1005
2927 3462
7892 2751
7760 7362
7093 4078
7327 5975
3513 8332
3046 648
3045 468
1525 3625
2780 1360
1180 7967
7067 8982
446 3592
368 5787
5441 5682
1027 3620
2934 4247
9206 2486
4718 4468
5369 6810
8122 1163
9465 9558
8274 5218
9025 7126
5883 7885
452 6853
2533 6385
8151 3783
9817 9449
8551 4180
9421 1539
710 8638
9928 6814
1077 2026
5514 4699
9670 1750
6940 7764
2526 1119
6588 1145
9531 6377
292 9989
1163 5678
8011 6253
4441 4004
569 5650
3673 1209
261 6426
684 2169
5307 1842
7423 9157
1591 5264
8890 3028
6102 3350
8377 5036
2446 4647
6322 2633
6756 7303
7224 3906
1647 7138
2378 3099
3166 2504
9856 5538
8518 516
7053 1369
7356 1633
6380 1550
8911 7662
9732 8654
6965 9743
2696 2610
1323 2977
5590 1491
4969 3143
6098 2822
6368 4673
1187 6683
2216 3390
2903 8411
3960 940
7628 241
4432 2518
2598 3974
1000 2389
4740 2599
1014 4532
281 9747
3299 8687
4193 1518
1491 7604
896 2511
1605 2206
8104 7451
3385 1638
9348 1758
5879 2639
114 9120
7142 2368
7990 8959
8683 581
2504 8667
5914 9860
4511 3593
9897 7338
3380 6117
1726 3095
587 2285
6071 7756
6399 793
9052 6404
1511 1719
9035 2336
5500 6468
8295 1010
9606 3899
4795 2818
4678 9323
56 761
7128 725
600 8866
9182 3891
4731 4340
7119 7304
2117 6364
6599 9313
2937 5357
5232 564
8894 2910
597 4302
2437 9252
3216 4799
1932 166
9365 2841
9336 4418
4926 557
889 6298
8651 1017
3763 5921
9600 126
815 1413
1025 5147
3416 5918
9219 5482
3795 5426
6992 9090
266 2351
3077 5427
2305 3001
8481 1094
4849 6607
8251 2223
3107 2299
6858 6115
5221 2664
5764 6171
3963 1845
5347 2941
3660 1595
4441 1169
5485 3768
4626 1230
6602 7786
6985 7711
8494 8247
9030 6628
7744 695
1923 6119
2680 3141
235 4102
5136 7121
847 8558
1315 2474
768 6093
7062 1908
5712 9432
6864 9278
9415 3584
9793 903
8496 7581
5119 6892
5971 6099
6526 1530
7799 8131
3013 421
1752 3324
4916 3608
2172 8967
849 5249
7804 2533
9124 32
8423 840
9520 9209
6623 4257
3339 4615
78 4687
2058 2112
8879 2035
4473 6191
5479 2949
2331 5519
1266 1502
611 9336
9846 7697
5255 6837
7500 2256
9781 8783
4904 2441
7556 2085
4991 263
9565 5166
3346 7061
876 7713
1273 3167
4261 3120
5142 6769
9239 1517
7820 9924
7437 9984
5549 3611
9031 6932
9611 59
7484 6563
8591 8648
9998 2808
427 721
620 2187
5793 4862
9121 1514
1103 7908
4737 4356
124 2158
9012 9404
7892 9885
925 4607
7483 4139
2814 5150
1669 5610
2868 603
4499 8969
1704 5074
5727 5204
3966 2474
8126 7660
4904 3401
3985 1906
2830 2771
2642 4473
8124 6056
9058 858
5867 9924
8171 8313
1820 1655
384 8900
1445 2271
1219 1204
2747 2322
8623 2325
6761 5311
812 7343
9053 8951
8267 1547
1013 4102
1095 4960
4439 2171
947 766
570 6460
4532 7530
7690 8249
1877 8873
3495 3140
7910 3031
4501 4258
9327 6817
3705 5328
5031 5218
4563 6045
5653 3279
4232 4429
4636 5177
82 7292
2374 9879
7873 8123
3899 5337
2198 1872
9874 9835
4190 4633
4099 4702
3053 2279
1107 4220
2959 6272
4405 9723
5385 3580
6484 6290
1289 5523
5040 7545
5559 1009
77 7623
6463 2521
116 5075
9490 7658
5510 6345
9956 8311
8748 9416
20 498
6989 1565
2981 3260
6363 5565
248 1385
5543 51
1769 8976
4693 1511
1764 9530
6472 2746
1503 2358
1372 7780
3672 5352
8243 3504
2148 5383
689 4259
8620 4292
1336 5870
4829 1293
2871 8414
3090 613
7797 1006
3731 4423
1432 619
5319 3499
2362 3051
9567 7552
4025 8684
3752 8767
549 885
5689 5042
5902 1634
6661 8538
9569 574
9992 8574
3529 4883
8453 5380
4230 7732
4528 444
9105 5718
7184 4712
3777 7863
2074 358
4762 7064
9376 3317
80 7715
5223 9490
4463 3630
6758 8008
3175 6183
7553 8625
9465 2903
4779 9817
4186 9350
5861 3816
798 5776
5942 1612
9999 5794
2689 5541
7415 2161
1640 6475
3322 2815
9301 8782
2811 9875
3018 4144
264 4036
6875 6132
9825 6525
8878 541
2486 4135
8710 1375
3260 3027
1316 1177
1590 8052
4990 1079
7738 9490
6672 8406
1776 3801
1533 2442
9809 1752
5841 902
5507 5700
6926 9359
2805 2902
5580 4043
2963 5806
3718 1882
6204 4632
1391 4512
1787 5232
2522 8811
691 969
3626 2814
4614 458
4020 4718
2851 4089
5699 7108
2853 5699
6406 3342
7084 2043
1884 6183
996 2244
4168 8144
5562 2448
1908 3684
9979 1584
6246 8440
1406 6233
9324 3256
1435 6224
6579 7270
1813 2868
6617 358
5985 577
7268 2513
41 6150
3584 2117
7218 934
295 9303
8755 7405
142 8229
7917 3142
2515 4365
302 689
7206 7302
1370 4400
9188 7635
4787 5939
6645 7975
8791 8747
502 377
4836 7945
6973 1871
3060 2024
9298 1999
4223 9442
472 262
6242 236
8205 4611
4104 8598
2989 6088
9560 7527
845 510
2582 4385
1187 5834
5794 7478
3038 5114
5706 2281
5365 6262
9767 3762
4698 4274
9874 1092
3322 7464
3575 6641
5409 2289
7390 1019
2912 8731
6903 9306
5078 5774
412 2033
2304 3997
9172 9778
3041 4959
5634 2210
1021 2563
6689 6483
3988 1413
5524 8504
2981 9122
3854 9057
9617 9842
8716 5443
8919 8084
3359 8070
6891 6580
6189 1394
4798 3875
7229 1428
681 6619
2615 734
3129 8642
3080 9553
1188 9673
3376 2870
2700 4864
155 335
9313 4462
1858 3221
4622 3675
3904 2118
8167 790
3394 5575
3936 6252
9573 2064
5850 7208
1466 4764
1545 6344
3979 3644
984 5493
3731 3512
1395 5990
8450 8435
8947 5124
6201 8922
8918 2185
9209 5687
712 4599
3768 402
2607 4792
2395 522
4471 1297
1485 1946
5325 2367
2833 6396
7214 6651
1045 5147
9290 7403
5840 4389
3650 188
8639 290
5628 5633
3071 4205
1061 4789
6592 7050
4545 7203
9584 7813
241 8658
9447 4200
2592 7295
9067 1585
9061 3972
4121 6961
5419 614
8766 9740
820 56
1326 976
6013 4842
8085 5827
2859 1079
2503 1536
2164 465
8172 260
4617 8265
1857 8260
8677 9577
9535 4674
6461 5036
1454 7987
9598 7909
9500 3103
6567 6168
5818 5182
1153 4314
9508 4305
7897 8302
4980 6821
6480 3692
6850 6725
5211 8654
2108 5168
6565 9273
9604 8154
2458 5023
6283 5381
6880 8293
9610 3536
4110 132
3286 1220
6368 3027
7287 1740
1134 5840
1375 8282
4154 7817
5538 8497
1629 8122
9294 6012
5137 5800
8660 8123
2916 9920
6181 9562
2911 2668
808 2602
8850 3967
4455 9012
561 3943
6010 7966
6380 8429
6730 228
8484 1848
5313 4944
2087 3025
5783 32
4202 9188
4973 7051
6425 2251
9714 5682
4891 9696
5867 2458
6228 5787
5432 9859
2098 8581
508 4831
9882 4498
1711 1650
1999 6190
9525 4927
578 2282
4823 148
3948 9509
6958 8157
7961 1882
8941 8294
658 4983
8649 7265
6756 8765
4629 5995
2257 2711
3045 768
6213 2346
2901 579
1248 3938
1577 7626
8312 6730
2890 1511
844 1058
1809 634
8170 198
6645 1839
4492 8280
1242 9471
267 4363
2243 8529
8917 6306
897 7484
3247 8095
6056 3050
830 2051
8305 6363
9265 3240
1338 9003
9850 8710
1309 3079
4955 8460
847 1797
3576 7492
9231 3979
2606 7536
1344 6143
6294 8612
320 8462
5323 9788
5182 1393
5011 1899
1309 5374
7111 5387
6949 9146
2610 6880
6926 1102
3123 1303
8006 3643
5109 5514
6722 7603
415 7725
4513 4287
2937 5685
8300 6026
1601 1981
2261 1478
8161 5642
2324 6152
6822 5569
877 3057
9765 1578
7758 5574
86 4148
6084 1433
3202 7231
4211 6695
9641 113
3002 760
1860 434
6295 6591
8125 4145
5294 1213
6820 7019
9941 5464
1645 5540
4489 4010
2567 4840
8567 691
7047 963
3436 1111
2662 7046
7972 964
1766 5062
9026 227
8616 1215
9084 2001
8582 1010
5706 5283
8908 5925
1566 2135
4463 4893
7994 5794
6124 6342
8404 5952
759 8091
9347 2217
6957 5976
2249 5331
5844 2051
6660 7866
8019 2280
6335 7421
436 4242
6086 9358
8405 7647
3416 8509
9447 9687
5910 9122
1000 1694
2830 1111
3828 9142
4739 5609
5007 1997
8790 2951
2062 8863
6915 2881
8731 3231
9773 9639
6748 6171
5154 5472
1258 7208
5151 6408
1665 3244
2410 4347
7198 4263
8408 6267
313 8801
7373 6007
7718 1435
6581 4261
1357 8514
980 7137
3628 1772
8056 2795
2353 5909
7834 9454
6969 3357
7868 3332
9338 3300
2681 945
6772 1254
1593 2164
9422 8410
2691 3084
7201 1012
9526 8908
4219 9529
6716 8491
6226 9606
6173 8665
1618 3637
8784 591
3839 3131
2207 7691
8743 5539
3272 6009
69 7425
3058 9374
7064 8273
8979 9173
1264 2611
3787 1650
3710 9129
4523 6443
7011 6286
2760 9355
9397 5879
1996 2862
1492 996
7207 422
2982 4990
5144 4991
583 6550
9377 1336
911 1134
1641 8226
9923 910
1331 4841
4317 8319
7968 7647
1517 8750
4024 1905
7803 8271
8058 4404
6688 8937
7477 7922
2497 5202
6588 9418
3755 5970
9892 5168
7649 5601
8695 432
5703 307
6417 2079
7652 4878
7939 2545
7732 5379
8019 4134
2116 7565
8730 6730
6071 1538
1752 734
5246 1553
2518 8546
8246 4342
2551 9545
6629 9258
8230 5389
8510 3674
1745 7616
1577 7826
3588 5831
7587 1774
7272 9846
6113 1066
8100 3739
5924 3057
134 9023
524 8237
8300 1113
6068 7694
3440 4386
4754 5801
3938 4669
1975 883
7539 7865
8110 9045
2058 8399
9866 259
1358 724
5368 7739
7096 7678
8394 4478
4228 4257
4451 1395
9798 9445
3667 2075
5252 2989
4336 3404
5413 4567
2007 1042
2275 2450
7098 3520
1956 6210
9115 7892
6052 22
485 4698
4292 9181
3249 5806
6266 8273
3114 9105
8209 3712
7619 3349
1816 4237
3546 8577
3261 9181
338 3843
7161 492
580 8024
4890 2667
9183 9358
6767 7658
5493 7934
5500 7281
4713 7246
5532 7443
2912 141
5967 8995
7184 7010
2058 4956
3973 7228
6176 5011
3765 5174
3894 4828
1878 2951
9301 701
3204 5613
2391 2264
1953 842
9807 5542
3460 3887
7400 8427
9052 120
9475 5208
736 1666
2439 3454
6855 13
7986 8763
8232 3489
1892 8541
934 6501
6479 9332
9547 7305
6160 1400
9276 1784
6386 6904
4885 9991
2974 8016
8714 5164
407 3136
6011 1241
4199 3774
8654 3014
1011 6224
5768 207
2696 3424
4345 328
3927 8427
2102 3683
4329 94
3405 5069
687 1871
670 2501
942 3357
3005 2335
6807 8805
6764 9304
4108 7808
852 6916
4793 1266
7630 1694
5273 7908
3110 9664
8319 5530
6169 8394
9361 2032
4900 1196
8847 8524
9303 7504
7856 387
9634 7569
4237 8238
8807 5169
2869 5381
9324 1880
5322 2973
2276 2170
910 2147
8890 61
1851 1667
3829 6455
8754 6177
66 6049
6723 4937
9073 7112
7294 8042
4828 680
7257 1243
7270 5362
2898 5116
3854 3624
2752 5175
779 556
9450 2972
4927 3207
759 458
3159 8686
1834 9453
2791 2748
505 706
9679 974
1852 4122
7407 4648
1106 3863
9582 7086
6655 1160
9578 4023
9132 803
6901 7349
9082 5945
559 4967
2618 8679
1508 8298
3080 5137
9327 1274
7800 5743
9815 4853
4357 3287
4247 4168
4001 8083
7080 6070
7326 3359
3696 3269
6481 6261
8342 712
8420 1337
320 4223
347 3064
7683 4522
6858 9567
8965 7437
6907 8528
3708 5653
1019 7610
1459 3054
9002 6997
3251 5452
9390 6898
217 1427
449 7333
7864 1250
5919 7936
3891 2908
176 9700
334 8414
1551 6802
4326 7398
6271 5946
7684 3240
5726 115
231 7979
9853 6683
4714 1146
270 76
6969 5671
9902 7063
9355 7450
2297 1395
8523 7760
405 1612
4911 5406
9370 4840
3658 9644
154 8520
4331 6993
7263 6128
7717 4004
9448 8917
8539 5425
9370 806
2344 3584
5562 1048
726 7531
7476 9149
4059 6452
545 647
2240 1666
9614 9216
6432 342
1012 3395
6369 1356
1186 2666
5331 7218
6902 2164
1321 3795
7797 3081
1420 7362
3837 6315
2535 8494
8061 3435
2073 1271
5900 8497
3813 9952
3272 4367
5534 8163
802 9520
7023 8799
2545 8091
3270 9608
4593 9186
3762 2630
9168 3578
6531 791
3620 6602
4586 9374
7687 4436
3104 286
590 3968
8947 2202
8721 6745
2492 9421
506 8771
7381 3738
9456 9878
416 5126
9078 1832
1560 9962
6935 2692
4800 223
3295 9954
7648 3935
9515 7452
2572 1278
5746 4203
3143 9509
701 6951
4343 3571
4294 2225
4772 7628
939 711
4184 8386
4997 2179
484 6169
8053 3104
5609 5116
4685 9078
7001 900
739 611
5536 2392
8520 2693
6593 94
8091 8863
7631 1517
2997 9729
1572 3508
3378 8158
9041 4134
7600 6344
4223 6250
9460 3842
275 347
2679 7787
462 7892
9304 6473
5714 872
1224 9001
1107 1652
4909 715
8263 7089
2727 1847
1590 1797
5209 3419
1886 6256
9549 8873
4705 87
7555 105
731 5936
9960 8226
181 7707
5832 7102
6051 5704
1976 2138
2492 6432
3131 2419
86 2247
5898 109
362 943
6946 6662
6989 6720
4138 1379
7160 9155
8782 8789
9455 2310
972 1377
9216 2214
2051 5352
645 2507
5056 390
4668 8738
3193 5842
6341 9098
5964 5621
6012 8498
3477 7278
7564 9376
9411 7598
6965 9268
8352 6459
9430 889
4471 8575
7312 8551
5168 4556
2223 7133
6031 2223
1690 9267
1640 121
6912 4362
7120 5612
2820 9042
8667 8236
5142 6988
4597 8117
6559 8348
8937 4681
8417 8384
5963 9949
6788 3326
9065 1910
8051 8302
3945 1240
751 4535
1515 1430
6598 2956
3970 7114
7563 8132
7957 9690
2394 2340
4761 294
9113 4494
4525 4734
6475 1976
6538 4383
539 9763
7693 5834
8055 9467
5696 4844
5069 126
8863 3877
8247 9736
2019 9246
2594 328
8521 4521
1827 4455
4659 8234
5228 1091
8052 429
9256 5384
3092 7578
1342 725
8316 6564
2236 6066
1666 7277
6101 3140
56 5601
2721 5969
5085 6400
2746 177
3842 8514
9945 591
9686 7202
3448 6450
4490 5863
5914 685
9515 723
2883 746
9380 4280
1386 3319
3457 6329
2369 2891
4329 9991
3400 2007
4416 3011
8530 6465
62 4909
2434 8620
1528 4488
9964 8533
6828 1674
9841 3576
1439 8687
7785 6924
7537 6151
849 7582
2479 6795
3516 4584
2319 8071
109 5019
1510 4720
2710 5617
6918 7187
7470 6437
9651 8948
7574 643
3046 3675
1798 5360
796 8291
8241 6756
7188 1034
8157 1933
7800 7849
2629 5720
9789 5343
5392 2158
9218 3453
1131 6077
831 4447
5108 2520
8428 8299
8871 7084
9318 8014
4187 471
4296 6161
5928 9536
905 4492
5685 2182
8917 986
339 9761
6115 3342
3891 4019
7462 688
4865 130
1144 9086
1313 5127
7899 9112
6961 984
2653 91
5283 8295
871 9741
3986 6081
1636 6506
1090 9319
6252 8073
2922 104
6930 7660
5298 75
9877 6524
9406 2235
2588 6828
5836 2428
508 3571
951 6898
8086 7800
4140 9998
3855 619
3487 9630
9714 9292
1894 9208
4119 4513
7696 8002
8620 4916
9421 4889
4502 1843
6591 9060
9788 8467
3559 7733
4106 7652
6103 1252
786 5846
7376 4525
4745 5018
2829 8480
795 4178
2871 4321
4100 6856
3657 2144
331 4845
3193 9705
3963 3438
1911 8050
956 4606
6651 717
6658 6505
4911 5506
8097 8576
1209 8551
9931 9411
2685 9695
2964 139
3128 5137
1364 5818
5084 5383
8881 551
3427 6553
2211 6429
7355 1911
9772 6551
1342 5846
2814 1067
7994 4470
7741 3772
2700 3417
7338 3106
1942 8092
9110 5443
8899 4012
3539 7538
1478 5084
8964 4887
9052 1073
3349 5050
3035 2010
8543 3358
5094 4150
5502 2492
1753 2288
4866 5224
8885 8263
3924 6498
3119 1407
7417 1867
534 6524
7938 7959
5621 8704
4902 4434
13 1040
136 7061
6676 8573
9544 1470
8749 7712
8178 5204
2350 6991
5805 9498
3942 6398
6227 3471
7342 9324
3948 2226
6860 2931
8484 1339
4458 7108
6098 7376
7389 4420
1536 4325
866 4841
3865 7805
3445 9466
9315 7824
253 4595
3143 6395
2929 6506
4226 5323
2621 6927
7200 767
7399 25
2545 625
3737 4464
4390 8624
9637 8493
6369 1117
2512 6639
4713 4896
5948 7077
2012 1616
9933 7115
7182 9748
6877 6663
5475 608
4983 1001
3432 7544
6238 4093
7977 8453
2835 125
4298 9368
727 3195
4497 8336
8605 5408
9020 7951
957 2720
8193 2439
6320 4253
1558 2385
9790 3673
9346 593
1198 68
8877 1081
8594 8840
9380 8014
6930 7570
4901 3994
7291 8406
6533 482
1775 7883
3704 9679
2265 7777
9090 4984
6327 6517
4864 1189
1914 9844
4364 6666
3971 9815
5651 5084
2856 6042
413 6900
2212 8996
2957 1379
6889 2612
5428 3497
2701 8671
6716 7876
9257 9525
5009 3459
8175 6148
4319 4874
3218 2805
2392 7045
9685 5542
1906 1432
3887 6514
7555 1564
1384 296
2322 7607
4246 5732
8905 6533
6116 9716
464 236
4893 9058
9168 9509
3343 5307
6177 9832
5261 7976
8843 7247
9493 1014
2502 9094
5699 1817
9169 8194
1069 4471
6572 5728
1807 4621
501 8688
3712 1306
811 6019
8613 9405
1752 3191
8926 2428
918 9837
8467 2979
8105 7098
2737 2278
5409 7201
8607 3341
9738 6869
6584 8774
2395 9095
4901 8096
7610 7977
