2519
50
6525315
57 58 46 53 51 50 54 47 49 56 55 57 49 49 49 46 60 51 45 53 49 60 49 60 44 59 53 48 50 48 47 48 59 55 43 52 45 48 46 43 51 43 54 47 57 41 40 46 43 56 
-79728 -80880 -68455 -82326 -91308 -80150 -89137 -82472 -78843 -86100 -97288 -97601 -80290 -86702 -80388 -92563 -98007 -81042 -75643 -79665 -78401 -105635 -89651 -97261 -63163 -94499 -75060 -72758 -74408 -73026 -71464 -75898 -92203 -86765 -63205 -92592 -84513 -71238 -74932 -73808 -75168 -76887 -86256 -79383 -85854 -77837 -65065 -72654 -76083 -90805 
83446 83066 70920 83239 94490 83051 90369 82798 79760 89163 99599 101541 82606 89080 81019 90118 98736 82203 77379 82189 79237 109126 90674 99947 65267 98587 78696 77027 77474 75089 71296 75532 93200 87386 62893 93849 86606 74858 75604 73318 77737 78469 88870 79450 86852 79941 67615 74237 75534 91777 
5813 6563
6031 6427
1028 1070
698 1090
1081 1927
3992 4741
80 973
6966 7431
63 722
1156 1099
8671 9521
3895 4817
3787 3415
9132 9484
8632 7635
32 751
4668 5175
6515 5525
5173 5278
7372 7645
41 666
421 1402
6104 6348
2011 2455
9232 8566
3756 3750
3724 2924
5945 5563
3898 4138
24 674
5052 5700
2036 1432
3098 3641
2578 3059
5851 5336
5743 5193
6674 7491
3136 3405
9971 9547
89 882
4857 5562
9333 8796
4326 4527
1172 1017
56 764
8172 8170
2619 2793
3509 3051
4007 4636
1517 2166
9863 9111
1768 1399
4336 3405
8133 7849
6012 6645
5550 4627
6739 6354
6985 7535
1204 1686
4889 4815
77 498
884 1018
5215 5451
5637 5133
5530 5691
4042 4313
1580 2221
1771 1953
5828 5702
4794 5406
9532 8833
6631 6640
5032 4784
5744 6214
6420 5656
6403 5807
3339 3775
3247 2391
4373 5129
5630 5428
5368 5370
2095 2483
7347 8024
5953 5314
8651 8741
440 1178
6491 6303
8707 8103
16 228
1827 2296
7818 7304
87 739
5343 4564
2329 1819
10380 9838
51 369
2625 2684
6733 6853
56 49
4884 5454
1772 2002
4186 4797
487 1224
1727 1602
3826 3556
97 788
6371 5784
8466 8064
7115 6409
8234 8025
11 244
6215 7171
1442 1572
67 678
7692 7468
2837 3599
1141 1016
3240 3233
2951 2479
9335 8797
3014 2951
3855 3471
6228 7094
8218 7890
19 520
24 192
7231 7047
25 663
55 279
7781 8375
7898 8050
3948 3416
77 327
5405 5757
633 1029
8922 9623
3856 3443
4804 4704
70 36
2019 1869
8161 7449
8395 8109
4622 5356
1274 1233
7963 8680
4599 5544
4515 3644
8474 8858
445 1149
8718 8901
7155 7668
3246 4015
6465 5606
42 699
8736 8547
2847 1863
4021 3650
6553 7115
6628 7048
5554 6126
9336 9036
2530 1587
7811 8494
3351 4096
1385 1420
5052 5277
8863 8695
4512 5231
3160 3783
6581 5980
5978 5041
67 63
1395 1317
8026 8398
82 632
5931 5638
4076 3700
4872 4327
7086 7506
2951 3595
4927 4163
76 270
2183 1378
2850 2544
998 1946
9212 8974
6842 7539
287 1095
3409 2769
3726 3729
8828 8342
6435 6194
5112 4817
20 942
8231 8602
2984 2117
10585 9782
2067 1686
6273 6645
4196 4508
7855 7223
9121 9059
7662 8445
56 295
7986 8453
8357 7435
7735 7204
7440 6748
983 1923
3969 4191
2858 2012
3239 3432
5586 6195
8362 8265
1116 1342
8021 8960
9810 9212
5760 5928
2320 3181
3845 3166
94 984
7544 8473
9765 9730
6813 6027
85 509
3576 3452
5900 5483
8044 8349
3870 3817
4606 3748
8036 8576
5958 6552
2119 2818
9580 8769
1988 1220
6291 5677
8594 7777
2089 1496
8424 8598
2640 3589
3419 2885
7669 8361
2630 3034
3824 4814
830 1228
5007 5237
2957 3523
6053 5278
3458 3453
6673 7552
9423 9397
7919 7578
5292 5446
7230 6813
8668 8448
7684 7443
7899 8481
9061 9895
7923 8458
8387 9240
52 636
7150 6609
5233 6090
10490 9848
70 815
7352 6688
1396 1794
6501 6393
28 169
6011 6689
7378 6925
8239 8653
6907 7211
9559 9978
6908 6344
3316 3714
2674 2405
3243 3492
9109 8393
4427 4570
8791 9243
1993 2170
4462 3533
3257 3262
2870 2829
65 407
5487 4884
6264 6810
1419 1243
7875 8065
2619 3217
1718 2046
4628 4665
8682 9146
1092 1411
8180 7370
3992 3599
7093 7996
8309 7982
7480 8287
1939 1386
2941 3225
6779 6116
4032 4555
1408 1318
8507 8844
5899 6816
3570 4465
3609 3173
8174 9053
7763 7914
6916 7232
1256 1595
1730 1685
3595 4170
8957 8109
3615 3169
9113 9329
10779 9954
7865 7550
3640 4199
5193 4766
7155 7498
8445 7929
4493 4008
7008 7957
1249 2149
10462 9512
2488 2789
6306 6695
5345 5856
4279 4783
59 248
3543 3464
6261 5323
3764 3027
7663 7619
2101 2881
7623 7477
4271 4305
8450 8160
7515 8247
8458 8293
2117 2036
3657 2874
4246 3809
3361 3728
4171 4124
7053 6524
1738 2138
1610 1278
659 1565
6969 6639
9203 9272
7350 6436
8985 9489
5370 4754
2505 1987
40 614
22 897
9455 8847
2357 2614
614 1065
5959 6652
7148 7025
3098 2875
566 1313
6657 7237
4175 4347
4039 3749
8122 7348
6900 7881
2157 2272
10277 9355
4321 4402
8168 8261
4088 3778
1507 1823
9377 9010
8821 8558
3647 4639
7693 7932
2217 1323
2687 2817
8395 8436
4248 3513
2586 1912
8911 8924
7086 6683
3300 3733
5820 5748
2350 2402
1071 1936
7457 6917
9282 9743
10431 9834
2029 1224
3622 3908
8265 9229
91 340
8526 7820
2284 1325
9547 8899
5631 5179
6602 6411
9355 9564
2792 3084
3770 3413
8694 9672
49 747
8594 8665
6931 6330
8868 9396
49 618
2265 2502
1687 1105
9215 8276
5278 4565
8973 8453
10524 9983
7877 8094
5690 6324
4267 3773
82 579
2480 2168
10364 9497
4496 4276
1258 1046
78 547
2382 2869
6067 6470
80 190
8980 9001
5127 4200
1697 1488
16 990
6367 7273
6610 5805
8043 8381
9156 8697
8772 9318
9738 9416
4184 4886
3434 2921
1966 1426
97 241
5432 6286
1749 1629
1770 2677
695 1456
3876 3152
4477 4563
7756 8523
4525 5394
4882 4700
59 110
7095 6331
3642 3894
3343 3739
7339 6893
6609 7103
3629 3398
9321 9060
4526 4046
9385 8994
2159 2848
3729 4038
3257 3194
5126 5592
8590 8677
8706 8772
7351 6536
20 442
1404 2077
2352 3261
6687 7181
28 326
9542 9174
3262 3184
9548 9786
3257 3481
8001 8621
2834 3345
36 951
8466 8544
100 616
7990 8315
7337 7194
4205 4475
4523 5133
3687 2745
3944 3247
3695 2907
6025 6194
8149 7515
4694 5554
651 1274
2808 2376
69 940
1148 1149
58 613
7805 7307
9354 8628
1996 2575
3278 2496
1947 2795
6860 7282
3475 2733
10362 9838
7759 7219
2403 2595
5065 5539
10330 9628
4957 5646
7434 6872
4348 3519
2107 2788
8502 8726
8952 9076
608 1233
4829 4988
5110 5172
7118 7927
4665 4013
7754 7594
6888 6258
8911 9273
8714 7900
7365 7469
7456 8125
3465 4236
6771 6470
3140 2142
9476 8732
7865 8239
5452 6384
10209 9291
1013 1057
2719 2606
4045 3497
5007 5721
3242 2474
9165 9846
606 1205
7742 8248
7910 8636
10182 9530
1014 1817
6425 5892
2794 2717
4486 4634
4990 5123
10399 9933
7271 6776
7199 7994
9868 9801
4701 5245
5702 6200
5527 5256
6642 7297
5563 6479
921 1696
7200 7275
5712 4793
6819 5971
5047 4616
1841 2098
3712 4181
3573 2590
7403 6560
2533 3427
1139 2091
2674 3611
90 47
1523 2136
5592 5266
5929 6654
3844 3443
38 662
64 464
8680 8678
8970 9113
9851 9231
9164 9221
8904 8318
1600 1185
6263 6622
6554 7361
9543 9968
49 743
441 1318
6855 7466
90 164
4966 5550
99 36
7204 8003
6832 7716
55 756
10072 9750
875 1113
3407 2943
5268 5094
4439 4016
2812 2681
2278 1395
9933 9030
4462 5164
7063 6259
322 1158
9227 8339
9248 9982
5817 5827
7702 7227
4289 3768
5795 6733
9571 8713
1686 2661
6414 6919
7949 7076
4284 4707
57 687
6984 6612
5333 5141
8185 7887
8220 8643
8193 9107
5182 4839
1098 2050
7082 7698
10019 9871
4192 5157
5547 6275
2316 2292
4046 4504
78 720
1354 2119
4525 5421
8343 8160
7775 8224
9558 9312
2852 3592
10648 9923
10260 9277
8787 8482
5078 5879
4165 3733
37 563
4112 4025
1843 1872
4247 3798
3132 2919
7871 8798
3196 3377
5372 5492
2053 2614
6065 5807
2250 2965
5599 6421
4458 4814
7352 6782
77 816
12 289
5415 5815
6873 7102
2000 1891
3044 2191
6211 5461
3273 3568
7222 6389
6056 5589
4513 3753
10695 9769
497 1203
5064 4150
7515 8082
3146 2794
10607 9716
9472 9476
4047 4615
6742 7670
8315 8968
2021 2874
9985 9326
8896 8846
9710 9609
8554 8866
8925 8592
2400 3111
8612 9412
10126 9435
4411 3550
53 331
1229 1761
3857 3752
1123 1351
4629 5105
902 1470
7732 7833
5895 6049
9002 9910
1049 2033
2907 2247
7285 7074
6711 5734
7388 7398
5078 5952
944 1331
5057 4288
8881 8751
1470 1925
7789 7174
3258 3555
1716 1453
5203 4856
6029 6221
837 1579
5155 4656
5942 6924
9024 8212
7474 8370
9135 8525
4637 5050
4251 4826
80 506
7659 8172
8195 7757
6643 6125
6257 6000
459 1359
7212 6576
7903 8569
4761 5119
3811 3772
2416 1793
66 951
3258 2961
3729 3610
8615 8811
9716 8808
3652 4073
4763 5480
84 497
2226 2733
4325 3968
9390 9202
3286 2691
9859 9167
2509 3173
6144 6828
1064 1363
3539 3997
5125 4409
3997 4042
7648 7903
6087 5319
3871 3149
5557 6029
2470 3064
4694 4011
2459 1612
5504 5077
9078 9981
7105 7676
6476 6859
5553 4812
6307 6636
5398 4569
9912 9141
4173 3963
4952 5057
7023 6456
4079 4770
6301 6607
3449 3028
1057 1515
9375 9237
38 833
8643 9121
5494 4605
9138 8459
1331 1768
4863 4023
8251 8838
3470 4000
8165 7568
3031 3173
6711 6095
10032 9105
6757 5915
4146 4730
3547 3457
6385 5487
859 1021
10700 9790
5664 5125
3508 2568
9612 8719
4120 3669
7171 6730
9988 9548
4257 4250
7041 6267
7783 7788
8256 8513
1754 2643
5634 5612
8507 9406
9748 9987
4285 3842
7398 7420
9045 8265
7304 7112
1449 1219
6748 6022
10234 9271
6838 6993
8419 8083
9230 8848
5007 5468
6035 6317
5555 5266
7208 6349
5119 4433
4247 4676
4413 3731
5937 5561
7163 7714
3300 2646
10201 9955
1980 1035
5053 5065
10246 9742
6018 5856
2263 1762
4155 3511
6205 5232
2031 1257
16 880
8107 7427
9096 8682
69 644
7105 6371
2923 2758
2874 3262
5628 5453
8439 9298
1353 1572
7723 8495
1163 1516
3002 3635
3298 3769
3786 4422
3457 3646
5521 4888
8858 8204
7402 7020
6057 6313
5685 4730
2986 3694
7649 7647
52 735
4843 5265
7587 7250
5503 4589
3807 3155
6216 5264
6305 6009
10188 9766
8198 7510
2733 3718
3112 3304
3919 4361
6140 5416
10190 9791
35 429
7725 7648
3428 3803
5025 5973
3971 4747
7603 6984
8444 9192
3939 4744
5292 5409
5816 5166
1638 2543
50 63
8679 7881
4172 4572
1464 2131
2593 2215
3709 4562
5596 5158
10471 9768
8249 7547
6135 6312
6774 6266
9475 9134
4915 4880
2854 2600
2958 2620
7950 8355
6320 6240
47 529
3503 3502
50 293
8624 7714
4070 4635
4571 3884
5496 6496
849 1836
3627 4023
5867 5519
1644 1971
8090 7785
8687 8734
5542 4548
75 434
1035 1780
98 732
9680 9664
2301 2701
2509 2487
6407 6793
9858 9187
2851 3737
38 91
8059 8714
8175 8959
8907 8547
6394 5580
7630 7302
4477 4498
2945 2278
4530 4473
4851 3982
1071 1628
5324 5268
56 203
9884 9835
5246 5011
2644 3438
2369 2592
3378 4288
7141 6960
8394 8804
3402 2990
4764 5086
3427 4045
9028 8325
8745 8398
83 528
3667 4323
8907 8350
3413 4400
5220 5053
10506 9592
10523 9640
5025 5264
5853 6195
1383 2093
2653 3345
3117 3607
1373 1555
8874 8731
9043 9347
9944 9067
1796 1667
7254 6277
2785 2901
4961 4464
91 373
12 1002
6374 6468
6958 6224
988 1698
8568 9452
3873 3426
6742 5750
4943 4252
5725 6362
10207 9994
4188 4467
3258 2702
9138 8756
1488 1975
2082 2865
7626 7980
5003 4928
81 796
8791 8172
5437 5448
8819 7981
51 929
8067 8613
5935 6071
9783 9348
8668 9050
35 518
3249 2287
374 1015
6101 6020
8735 8140
8556 9190
8927 9886
4970 5168
4933 5670
8857 7908
14 769
2901 2828
7960 7896
4578 4987
3184 3582
8185 8084
42 677
768 1158
1845 1450
6414 5549
1108 1294
9867 9651
5980 5441
4928 5491
5144 4568
3689 4297
4626 4764
2681 1987
75 176
55 358
3870 4252
3954 3907
5538 6456
3087 3067
6572 6279
2224 1533
7656 7920
34 667
1802 1348
4234 5201
3871 2909
6518 7064
3832 3266
1611 1332
4072 5040
3054 2674
5503 5860
3037 2501
5224 4270
9431 9053
3999 4674
32 898
5156 5860
2791 3233
2151 2394
6976 7540
7653 6833
1060 1744
2178 2658
9545 8904
8149 8063
2573 2046
8028 8411
9817 8903
7088 6773
61 781
6720 6596
2095 2799
6213 5646
6966 7421
8321 8116
1082 1862
8932 8249
4079 3350
6838 6376
4809 4404
8894 9804
9416 9737
954 1060
4490 5254
3965 3472
6870 6338
1348 1600
6927 5958
7346 7509
3071 3169
3261 2552
8175 8512
4097 4388
7722 6870
7167 6378
91 129
2528 3089
8574 8650
8852 8988
9011 9163
8433 9002
7983 8868
1928 1444
7020 6161
4122 4841
3200 4032
8343 8460
8394 7596
6967 6922
49 974
9620 9292
4923 4701
9681 9956
6861 7697
4564 4854
3157 3872
10009 9982
10194 9904
6559 6029
2299 3003
5875 6670
9579 8590
8222 7716
8824 8859
4333 3562
3034 3134
8698 8017
3815 3696
1413 1497
56 311
6537 7455
2089 2018
1868 2349
8436 7545
10255 9941
9773 9359
7573 8465
18 862
7274 8176
297 1263
1431 2155
7624 7963
3776 3069
87 789
858 1219
3034 2091
6977 6602
1032 1560
2159 1904
6422 7236
4227 4772
3606 3541
9648 8916
331 1304
8622 8969
4641 4000
6790 5969
5873 5001
8103 8024
9701 9315
8572 8315
2998 3102
7093 6223
1695 1441
3240 3292
8337 7977
3630 4306
6062 5126
3631 3953
10506 9568
11 373
1958 1400
5843 6504
2607 2714
8829 8066
8765 9744
5315 4624
9412 9879
10073 9789
7586 8409
2809 2100
5122 5201
8759 9046
8520 8605
4135 4620
3666 4236
5170 4697
1456 1765
4154 4813
2596 1878
4678 3716
8675 8471
32 581
2300 2407
6884 7363
8334 8462
1049 1542
8661 9097
8982 9624
7314 8297
4475 4399
8438 9336
9274 9841
975 1130
100 911
9233 9599
3701 2907
2614 2480
6365 5678
760 1466
2487 1913
7441 7889
94 179
8626 8336
7028 7297
8769 8722
2557 3189
3298 3655
9182 9241
5736 4739
4871 4295
3554 3066
9084 9300
9080 9166
7395 7501
3067 2856
1441 1854
5966 5157
8313 9054
3903 3442
3466 3047
7934 8438
6149 6473
3904 3822
3538 2648
8975 9101
95 456
80 419
6539 6749
1987 1555
5580 5483
4932 4752
4052 4946
9934 9334
9121 9941
7030 7111
5980 5442
2053 1335
4265 3764
4444 4907
6540 6706
8570 9305
7506 8148
3101 3430
7313 7899
57 769
6181 6125
80 811
1391 1247
1643 1866
41 425
6225 6251
1760 1306
3030 3747
2262 1717
1472 1163
5475 4980
9166 9945
6662 7344
8670 8370
12 514
4659 3806
1779 2323
4281 4077
4061 4645
6710 6145
9381 9654
7663 8497
66 451
1688 2204
2019 2749
4146 3893
8348 8387
5182 5722
2118 2281
8736 8314
77 560
3647 3976
9402 8978
6463 7131
6169 6621
945 1030
4399 4633
9567 9396
7524 7337
3126 2217
768 1181
2984 3430
1415 2232
6415 5523
4765 4277
556 1232
5696 4946
5468 5316
6717 6102
9013 9340
2367 2395
8572 7940
948 1736
4882 4720
5288 5602
3908 4887
5211 5815
1885 1494
2048 2223
4597 3649
82 463
5304 6082
10414 9856
68 26
9999 9302
5217 5415
10142 9191
4312 3521
7228 7078
7427 8048
2492 2556
3262 4061
1610 1356
3255 3687
6833 7488
4258 5235
3912 3280
5883 6026
6144 6634
8856 9643
6180 6083
2375 3061
9251 8419
8206 9126
2554 3485
8677 9569
7576 8252
8893 8429
1747 2257
577 1545
20 665
70 957
669 1366
6531 7274
5929 5330
4866 4140
1959 2728
5985 6406
6459 6144
6635 5678
12 304
9822 9410
8432 8307
4221 3680
8036 8546
29 718
3896 3753
21 578
3933 3408
1068 1192
2061 2262
5565 4686
5753 6115
5481 5576
39 695
9177 8977
6761 7398
4587 5442
2431 3066
4180 3406
2497 2432
7668 8035
8193 7733
19 301
4958 4569
632 1526
83 762
8023 8128
12 956
1012 1743
8474 9094
6936 7076
8923 9842
1027 1191
6552 5780
61 112
78 391
8485 9405
3680 4013
2324 2722
7805 7287
9048 9987
9813 9079
2879 2343
3495 4118
1570 1978
7778 7319
4048 3629
2251 2917
7495 7185
3255 4221
1842 1442
1275 1535
3792 3398
3849 4644
8888 9533
10953 9987
9484 9050
1458 1339
56 253
6081 5794
3983 4703
9699 9388
4263 4544
4827 3855
8041 8173
7527 8104
10677 9694
11 816
3987 4770
8680 8619
8482 8374
5734 5155
1642 2079
6761 7756
3412 2696
7209 8141
2765 2773
6720 6968
1915 2020
1771 2020
1217 1200
2388 3275
3471 4086
5683 5564
27 713
8599 9438
6571 6551
5321 6187
8410 8687
5560 6300
8536 8386
6086 6774
3981 3030
2484 2770
2441 2017
69 442
5958 6048
5461 5638
34 930
1145 1629
6355 5619
67 423
7283 7058
5282 5309
85 734
7059 7753
862 1768
6353 6705
7590 7399
35 781
2761 2103
4874 5138
8820 8611
5026 5980
5842 6244
19 499
6457 7164
8273 8089
6206 6927
6273 6204
7698 7456
7886 8004
3302 3167
3828 3213
3870 3084
6414 7028
3053 2728
11 911
6226 6924
3601 3093
3747 3989
7613 8600
9637 8998
100 904
7441 8406
7376 6426
10324 9519
85 50
2498 1926
5677 6110
1307 1042
5301 5817
4275 4233
2823 3810
18 486
1833 1095
2927 3262
3019 3303
2574 3246
5451 4804
2930 2027
7657 8375
7278 7312
7242 7479
73 483
2667 2618
3425 4361
6709 6191
53 703
8795 8373
4628 4379
3962 4527
2147 1660
2999 3359
649 1218
44 458
7123 7625
9905 9743
2593 3477
3986 3500
37 766
2947 2704
7213 6840
4565 3663
4211 4677
1001 1266
5295 5405
5108 4433
2217 2590
8737 8209
5615 5727
3932 4746
2521 1539
4758 5390
10058 9305
4793 5356
6842 6463
6997 7761
3705 4378
9297 8523
2139 2722
9726 9094
3958 3075
7329 6438
2489 3262
32 217
5173 5274
72 824
6465 6266
9029 9279
4546 5019
2636 3225
8533 7886
7259 8147
2619 3181
9802 9283
7960 8299
3798 3901
8786 8385
43 390
9310 9735
2693 2183
5322 4604
3747 3617
10 41
2003 1847
3570 3493
5261 4887
8200 7855
2023 2498
6536 6328
1201 1875
9996 9540
5575 4617
8123 8639
8516 8599
3132 2504
8109 8856
2271 2283
461 1368
56 896
2927 3304
3504 2750
3313 3209
4417 4181
414 1300
7541 7359
922 1021
3920 3150
6245 6067
8503 7710
3546 4133
2675 2230
5101 5934
2296 1573
8568 7750
5049 5959
9020 9049
63 23
5090 4244
6476 6050
4532 3782
8333 7788
5445 5672
2106 1806
5631 4765
6814 7141
6425 6261
968 1764
6300 6636
6472 5553
1847 1540
7478 6721
2039 1191
5749 6681
7048 6343
8850 9783
1874 1239
7807 7831
1717 1840
6565 7063
3233 3288
4872 5049
7515 7205
6514 5979
546 1402
7763 7056
4840 4631
5041 4963
5097 4795
585 1033
7064 6756
8933 8058
9784 9367
1163 1860
1497 1342
9035 8995
38 721
7335 8266
2622 1882
2607 1886
6228 6938
4546 3555
5370 5131
4486 5276
1763 1443
9593 9778
4270 3605
63 312
2443 2023
1698 1122
6931 6948
10445 9998
4527 4674
3617 4175
2987 2196
8399 7441
766 1747
6305 5688
6280 5649
4950 5588
63 424
5461 4500
77 463
7164 6565
5750 6490
1887 2441
6165 5608
7568 7062
3592 3069
9315 9729
3540 3459
2225 2328
9248 8329
2663 1735
2540 2691
5900 6367
8243 8614
6913 5928
4030 4199
1966 2287
1349 1576
7665 7815
8001 8834
1557 2199
2415 3186
77 983
5697 5535
37 738
3213 3899
1033 1087
1354 1876
9116 9920
1950 1339
4313 3793
1615 2507
8092 7336
9043 8505
2863 3514
588 1489
9445 8505
10070 9328
8078 7990
8770 7903
3913 3416
10602 9919
8186 7284
4012 4851
382 1223
5564 6450
4568 5418
6204 5451
7445 7896
44 861
7549 7582
7221 7598
1961 1299
5354 5373
7905 8512
3508 3177
7384 7335
41 982
8684 9011
2856 2917
14 802
8972 8332
2275 2234
7940 7489
2076 2851
6373 5399
2355 1874
1715 1091
4603 5147
5111 4728
8175 7266
5327 4730
2712 3649
6005 6006
5942 5573
9422 9757
5545 4567
2960 3324
4342 3922
76 340
6695 6204
8116 7418
65 625
2098 1634
5172 5911
6762 5801
2176 2030
2703 1715
4467 4158
5288 6045
7880 7426
7360 8336
8615 7989
3711 3083
4352 4357
2893 2318
6662 7225
1344 1924
5471 5189
7804 8013
3277 2405
2436 1694
2488 1941
64 359
2882 1939
5342 4835
7249 6619
6710 7193
6711 5712
6237 6449
7732 7260
2520 2688
8008 7037
8964 8490
9350 8937
4421 4881
6303 6492
5678 5141
6506 7355
3922 4880
2830 3794
2223 3095
7181 6633
2794 1992
1355 1523
4606 5318
7483 6724
3025 2247
6893 7238
8075 7535
35 977
9266 8294
8250 7979
97 45
3356 3675
1086 1297
81 26
97 836
4749 5334
5836 5641
1079 1336
5792 5521
2140 2325
9804 9089
3341 3660
990 1357
7857 8361
5241 6106
9431 8786
7727 8169
1990 2435
8552 7914
38 42
4610 4571
8281 8037
9268 9823
6132 5943
4618 5454
24 160
2898 2523
9829 9353
6213 5955
7296 7584
9457 9712
1577 2399
4750 4368
7539 6913
95 790
6375 5456
8679 8643
4114 4350
5373 4833
9341 9980
3353 3590
3866 3966
8227 8931
7738 7052
6209 6704
6625 6701
7799 7350
4629 3977
3653 3139
1301 1251
9273 8652
74 743
5558 5972
1640 2189
9511 9753
2701 2421
9551 8686
10211 9454
7910 7515
3000 3058
1507 1928
77 244
4738 5187
9291 9049
7465 8445
3155 3615
4459 3501
7613 7123
8792 8916
3245 3348
9755 8980
2844 2582
2371 3276
8004 8793
1734 2470
1181 1021
4359 4541
746 1341
9006 9215
6723 6014
815 1658
8651 9611
7211 7994
3286 3039
10505 9619
10479 9558
4363 3910
5572 6226
9425 8470
9997 9654
9573 9776
9083 9108
6211 6374
6265 7260
4995 5039
8356 8614
2311 1407
21 872
2535 1617
5801 6656
7564 7960
81 372
10261 9861
5241 5585
1855 2589
8347 7382
6626 6338
4595 3728
6882 6946
100 17
87 402
7623 8072
2402 2783
3939 4151
5763 5730
6790 7645
4598 5132
5864 5798
4544 4190
6184 5213
1645 1570
5122 4723
10027 9529
4403 5238
8939 8491
9812 9212
4536 5357
5196 5895
81 873
1230 1267
80 987
9100 9642
1488 2320
39 353
1058 1361
7624 7853
2734 3199
7788 8771
9520 8641
2715 2307
3178 4007
433 1273
2140 2443
6633 5948
2912 2566
73 256
8358 8922
7183 7704
7863 8246
1547 1516
4807 4738
4853 5319
7659 7478
9704 9927
77 419
8357 8442
59 606
1853 2091
6885 5974
4983 5127
7667 6753
9221 8261
7532 7118
5380 5407
6379 7239
2121 1409
774 1173
4108 3197
2224 2943
7403 6670
10155 9821
5235 4968
4723 4881
4737 5054
25 663
3777 3767
2539 2623
65 652
5669 5317
6605 5953
10053 9228
6346 6809
3216 2611
823 1391
6709 6331
2853 3025
7067 7656
7144 7663
6116 6752
7959 7785
100 40
4772 4983
2526 2874
9401 9263
3137 3685
85 49
3376 3955
5828 4983
8365 8459
7406 8096
9573 8686
10017 9381
75 370
4015 4425
2196 1503
9653 9357
3044 3513
5125 5772
3697 3159
7293 6537
6318 6676
4277 4061
2515 2726
5733 4860
4244 3396
3251 2370
4807 4684
83 227
9412 9768
5330 5989
1445 1060
5593 6520
8105 8922
9033 8106
8930 8558
6523 6192
10033 9627
4907 5302
7707 7053
10339 9583
3699 3493
4891 4486
1654 2165
931 1700
10258 9349
7920 7018
1978 1291
8475 8243
4797 4910
6024 6232
4911 5281
92 559
3849 3680
4682 5361
6519 5770
3614 4515
7255 8121
9047 9392
4734 5060
9523 8932
4584 4114
6145 6721
4623 4681
5103 5569
2407 2321
1916 2419
3053 3523
9016 8192
10101 9353
3902 4001
2574 2685
2443 2504
5019 4717
5221 4966
1461 1546
2882 2507
23 54
8275 8410
1494 2296
6627 5919
3494 3132
4162 4254
695 1544
5973 6171
3447 4391
45 638
2751 3070
1586 1233
3760 3528
39 633
43 976
2519 2404
4553 3684
2498 1583
7741 6937
3168 3832
2855 3768
3733 3461
8921 9636
9515 9798
5362 5850
8810 9358
5656 5374
6486 7171
6687 6220
6256 6206
9955 9553
10077 9955
9277 9828
5417 5415
6071 6184
3392 3558
3666 4189
49 702
7315 6850
4710 3997
1372 1706
7775 7710
73 835
5198 4594
8469 7877
4315 5023
4990 4824
6855 7570
8501 9256
6381 6087
70 270
4288 4364
5485 4794
7850 6922
8702 9118
6949 7184
9279 9177
2793 2018
5605 5724
34 331
9112 9657
29 147
7549 7518
7724 8408
449 1443
3864 3918
4079 4137
7509 7026
3566 4291
7972 7199
7263 6840
7084 6759
7792 8498
3424 4267
5357 6216
9119 8259
9440 9371
3192 3404
1984 2771
882 1292
8914 8689
564 1146
10090 9500
4648 5094
1327 2231
3877 4462
9029 8436
5489 6299
8852 9294
7566 7523
70 213
8839 8910
3177 3501
8817 7836
5225 4722
1763 2498
3485 3713
6736 7161
6250 6548
2495 2084
3222 2798
8914 8411
2859 3323
29 210
2639 3065
2172 1351
2739 2837
2145 2881
8786 8889
32 684
6348 6723
6764 7281
93 348
4300 4574
7303 7786
8842 9443
32 14
3789 4038
6352 5424
4930 4053
2690 3222
7598 6598
7964 7725
6416 5521
4061 3321
6871 6407
8897 9747
167 1092
2131 2327
70 390
7497 6716
384 1322
3475 3807
99 109
1357 1226
1180 1032
1819 2313
8831 9678
9022 9407
7722 7728
7842 8604
5058 4141
2323 2745
8120 7835
2309 2052
4991 4076
75 377
7859 6916
5577 6092
10314 9849
5276 5609
5423 4434
5049 5008
2217 1777
5845 6239
7680 7787
7537 6551
7960 7193
5625 5662
4647 5373
6935 7697
8458 7678
3874 4258
3751 2969
3083 2953
9332 8591
7332 6505
6428 6532
6207 6173
5606 4820
3117 2480
10072 9395
6502 6891
4142 3792
30 558
3355 2521
1070 1506
8836 8063
9301 9623
10050 9536
83 449
8143 8913
8783 9746
2855 1856
5135 5849
8948 8639
8169 8847
2792 1942
84 487
8274 9004
1334 1531
65 234
96 850
4919 5152
8264 7844
9932 9699
2813 2902
6180 6357
6272 5546
5648 5252
8793 8854
9882 8885
91 346
4700 3721
5161 4317
10662 9971
31 236
2321 2887
2249 2409
2843 2782
4851 4634
5718 5127
4652 5069
7558 7894
13 436
5554 5472
93 314
7334 7017
1852 1127
8065 8603
7533 6660
1186 1409
91 987
6537 6167
87 617
3432 4302
8192 7763
2346 2917
4665 4404
2987 2691
7552 7581
6142 5611
1473 1979
5229 4863
7384 6481
3055 3097
6812 7254
6857 7369
9894 9062
9534 9594
5588 6481
9528 9131
7419 7996
9098 9961
7095 6840
939 1380
3626 2998
2447 3206
9746 9116
5417 6174
3478 2587
44 717
6633 6772
41 249
52 347
7293 6979
4841 4149
8777 8278
8354 8695
10510 9975
5882 6011
4936 4369
3791 4759
8467 9448
8027 8949
6699 6527
3391 2685
6937 6908
8228 9099
2820 3385
6265 6588
5962 6024
4936 5794
7508 6991
7742 7614
7431 7519
8769 8870
4536 4541
9358 8397
2817 1961
9446 9645
9128 9209
8893 9325
1417 1903
45 915
98 321
6171 5989
9826 9499
3393 3799
8285 7619
9637 9182
8735 9551
6926 6213
3802 3517
79 955
1971 1891
2285 3110
1115 2095
2826 2644
3274 2720
4784 4894
5241 4683
17 465
1051 1997
7710 8484
2787 1940
80 358
2040 2805
7694 8391
6836 7298
6219 6955
7730 8154
1766 1291
2691 3175
6845 7071
3307 2865
10065 9152
7982 8591
9786 9339
32 373
6525 6701
15 449
5697 6561
3219 3543
5314 5546
67 253
5894 5798
6847 7205
7656 8125
3754 3441
8496 8090
89 40
5293 5836
6326 6191
1731 2402
8855 9561
8015 7056
6360 6932
743 1427
4452 3731
1737 1189
2321 1928
4331 3433
8017 7968
5637 5167
7687 7612
8464 9042
7130 6233
1344 1574
4526 4951
3008 2020
1699 2291
2102 2870
5443 5636
3940 3671
6395 6584
4968 5198
801 1089
3173 3477
2571 1840
1111 1864
5856 6688
2386 3381
6376 5722
1659 2497
4120 3725
8562 7860
5255 5568
4292 4198
5450 5292
9140 8849
5717 5041
7089 7003
5642 5266
9262 9963
4706 4551
10061 9136
5791 5011
92 199
8285 8651
7560 7924
19 1000
8478 8069
627 1341
7537 8252
9994 9120
8282 7441
3950 3343
5442 5006
53 564
5337 4393
8707 9007
8251 7843
44 122
8035 7084
7441 8361
8789 8105
7493 6668
3404 2497
8047 7207
6336 6353
6522 6074
9849 9342
50 15
7638 8568
7628 7678
5142 6030
2793 3172
7372 7429
4215 3598
5757 6604
3339 3981
4998 5785
4831 5272
3994 4817
3510 4237
5333 5282
7806 8646
5023 5454
6167 5575
3732 3130
1813 1426
6130 6614
5301 5786
51 825
6166 6923
1682 1222
4004 3137
6817 7313
2788 2113
7075 7111
8209 7510
3167 2835
5849 6486
4512 4151
4184 4057
8087 8664
6746 5748
7116 6238
7247 7302
1579 1164
6851 6188
8233 8090
10612 9682
5066 4095
5215 5220
4818 5242
3339 2934
3979 3194
1656 2191
1785 1535
1553 1029
5585 5191
4035 4282
629 1136
6422 6049
