9940
100
23784054
90 106 97 100 105 95 95 108 107 93 103 100 93 105 93 110 103 106 92 106 93 90 106 92 94 92 100 94 94 90 108 94 107 94 95 92 99 92 109 96 97 106 110 107 105 109 91 108 95 106 107 100 104 99 103 95 101 100 105 93 96 99 98 92 94 92 109 108 97 103 93 105 91 99 101 98 93 92 106 108 92 105 93 110 95 99 101 99 105 100 108 96 90 109 93 104 91 108 95 94 
-83094 -99919 -85846 -90012 -93904 -90178 -82584 -99295 -97673 -77117 -93264 -89332 -88306 -103870 -73321 -106874 -95740 -111480 -88704 -90979 -85619 -80022 -99563 -83511 -81979 -80944 -91845 -82493 -86078 -77095 -103723 -92073 -91961 -90324 -90646 -80388 -88553 -82820 -114138 -76930 -92621 -92172 -95449 -101883 -100257 -91535 -77920 -91373 -79412 -94572 -102559 -93487 -91481 -88032 -93256 -88987 -88277 -88975 -93790 -87789 -85231 -93355 -95984 -76362 -76568 -76784 -90333 -92407 -94796 -103284 -89161 -88464 -78177 -89712 -91430 -89274 -84916 -92252 -105137 -89259 -72666 -94900 -90296 -93656 -79631 -83799 -101532 -86423 -95283 -93184 -104712 -83818 -88229 -91693 -83231 -94654 -78512 -104106 -89828 -78458 
75176 88873 77412 82638 83888 80298 75021 91929 88633 71553 84155 80541 78706 93450 66948 95494 85191 98384 79261 84179 78104 72794 89934 75424 73045 74037 83658 74288 78643 70529 94156 82716 84392 81522 81673 72636 79963 75860 100873 71897 83025 84071 86954 93289 90654 82942 70653 83692 72139 84572 90900 85039 83410 79106 85001 79456 80324 82077 85563 80758 75999 83058 86571 68578 70112 68196 81367 85038 85575 92213 80398 81919 69067 78920 84379 79639 75549 83440 95089 80646 67486 84699 81042 85677 72993 76187 92046 77537 85955 84886 93484 77318 79123 83734 76366 86336 72228 91940 80977 71931 
31 563
7087 6400
2127 2356
8960 8734
3060 2890
8230 7319
2799 2234
7809 8399
9118 9814
82 596
1180 1803
6748 6909
4023 4052
8657 9585
9713 8924
6806 5941
6785 7023
4612 4862
7661 6683
781 1089
7282 8169
1622 1012
82 132
30 520
1974 2249
6632 6835
6837 6630
6140 5451
2303 2525
9970 9587
6810 7605
2111 2867
3765 4006
4933 5673
9993 9741
4013 3739
6692 6613
100 958
1901 1425
5016 5801
92 102
8086 8270
5599 5705
9253 9853
9536 9713
9194 8217
5834 5659
7232 7368
7812 8768
4108 4835
8445 8830
1935 1185
2853 2230
3248 2432
29 423
7649 8282
3947 3263
8451 7502
44 295
8785 8647
6440 7218
2058 1564
3405 2953
90 166
4809 3833
9539 8762
7334 7469
6537 6571
5575 6547
4899 5008
2352 2927
6233 5597
9491 9854
5380 5639
6536 7297
55 745
1738 2400
88 215
8993 8629
8490 9486
7449 6880
7413 7755
4751 3947
6852 6358
2368 2029
1854 1637
4665 4569
15 54
8452 9117
8741 9099
6071 6154
5141 4460
6348 6954
9831 9910
2992 3465
6729 6787
1581 1152
6827 6540
1292 1275
9311 9134
965 1352
1921 2916
2685 2719
3860 4462
8942 9287
6921 7128
2930 2011
3959 3215
8135 8967
3424 3828
8494 7570
8466 8068
3215 4083
1858 1637
3288 2290
6530 6925
2862 3655
7912 8165
8264 8991
5688 6318
4984 4833
48 875
6834 7117
4943 4147
5437 4915
3252 2369
2271 2684
7670 7101
2167 1510
10357 9708
4857 5494
1166 1300
7960 8079
9071 9496
8681 8451
6317 6152
3720 2907
8468 7493
2008 1241
9605 8894
6304 7233
9258 8445
20 712
5118 4224
4397 3455
78 731
8362 7376
7075 7721
1556 1374
9553 9568
9701 9844
6188 7028
3092 3249
9235 9963
3834 4243
9176 9950
6028 5179
3002 2673
3529 3113
3175 2800
8048 8267
67 255
3041 2826
8792 9482
8517 7718
26 618
6235 5730
6732 7031
7507 6678
4975 5466
3787 3129
3646 3391
10201 9472
382 1140
9331 8413
76 901
2741 2883
17 228
6308 7075
4767 3939
368 1109
2184 2155
5126 4851
3745 3338
2194 3136
7241 6686
7589 6891
1767 1348
7717 7149
68 1006
7926 7014
5596 6287
8623 9141
9660 9101
10553 9754
1693 1416
4435 4544
8534 8466
7739 8252
6885 5984
6046 5877
28 781
2648 3441
9665 9614
4153 4637
8368 7896
6944 6771
1564 2458
10440 9463
1607 1271
9288 9787
55 376
21 729
7680 7128
6063 6059
7646 6987
59 967
7048 7853
1710 2672
7629 6911
4679 4215
8166 8822
5623 5378
7312 6401
2149 1498
9530 8839
6706 7321
2746 3605
91 617
7285 6695
5953 6916
2303 2157
3077 3455
4707 4632
13 75
64 362
8316 8045
5487 6061
100 173
7839 7393
4819 4479
667 1137
8608 8606
42 172
10870 9922
1291 1423
1782 1771
4010 3377
4310 4008
865 1376
7500 7491
9677 9808
59 742
1281 1201
9186 9117
4475 4649
6838 7005
2733 2637
2632 2286
1104 1201
2358 1784
27 273
4042 4120
9004 8096
9087 8654
4758 4474
2903 2465
8411 8261
2272 2797
9132 9389
6701 5887
1621 2106
3317 3161
7253 6744
3257 3903
4359 4336
4353 4382
4795 3958
7115 7601
78 160
39 365
8863 8338
5605 6075
7662 8022
6373 5731
8795 9547
8323 8730
8808 8346
4097 4900
5989 6497
2077 2196
9004 9253
2788 2863
8198 8238
25 481
5266 5946
2107 2035
40 118
7689 6923
4847 3895
6256 6794
2778 3722
1450 2151
2244 2816
7396 7505
4482 5221
9946 8973
9077 9381
1422 1344
9191 8239
5329 6301
2467 1779
17 410
6124 6828
5503 5407
2344 2693
10573 9674
7329 6354
6845 6992
5128 4807
8989 8474
2217 2597
8273 7712
3554 4182
10557 9631
6533 6887
3139 2456
1367 2163
954 1168
2020 2385
4698 5335
5771 5401
4236 4876
4363 4127
8080 8488
4575 4473
1838 2142
8692 9429
5719 5433
3485 4179
5995 6004
6952 7854
6427 5879
1813 2706
7893 7176
5233 5820
5361 4361
7945 7211
6460 6408
1683 2435
7574 7022
5562 6244
9882 9790
9152 8908
8784 7951
6126 6331
4507 3626
8685 8135
9005 9517
54 111
1587 1916
1060 1876
8482 9371
7160 8040
1548 1418
41 255
3744 3256
4505 4599
7510 7536
9782 9846
77 199
7187 7165
5645 6638
1988 2372
9162 9725
4908 5899
5751 6706
8801 8314
3019 3148
4147 4121
3293 4122
28 688
20 617
6610 7039
7010 6628
6904 7790
7174 6843
7595 7203
89 31
37 872
2337 1683
44 960
1966 2707
9480 9997
9460 9671
8840 8365
1838 2502
7570 8181
6984 6272
19 783
6141 6068
7774 7006
2839 2375
9475 9827
9638 8901
2023 2751
5875 5541
3567 4312
5480 5037
6351 5781
8377 7698
28 346
7088 6777
77 200
3220 2256
7480 7896
2756 3237
2324 1795
4716 4332
34 310
1586 1300
3281 2660
9547 8626
10165 9732
2245 2045
5590 4939
6267 7218
4431 4315
5722 5414
10280 9617
945 1110
1879 1910
4413 3926
3608 3084
2915 1921
2425 1934
3159 3582
3823 4395
4362 4536
6803 6607
6209 5783
3142 3345
8230 7565
76 826
4586 5491
3085 3636
4796 4031
2684 2567
6576 6582
3551 2867
9635 9987
5480 4687
9147 9642
4709 4886
2447 2693
5654 5233
2290 1534
5502 6293
4954 4699
7623 6715
6296 6441
99 528
4388 4868
4907 5373
1663 1991
2125 2714
6996 7598
7450 7843
4501 4962
10522 9601
5706 4726
7271 7664
5441 5464
2832 3440
9275 9683
5582 5415
4366 4388
998 1482
9212 9546
8614 8598
10077 9487
1788 2346
69 286
5626 4660
4483 4350
6685 6072
7311 7351
4961 4947
1445 2202
1575 2392
810 1065
4043 4764
2973 3671
4435 3799
46 849
9297 8917
9076 8095
2725 3615
4627 4401
6348 6113
4793 5355
19 961
9369 9474
6742 6898
10386 9444
9762 9918
2452 2413
3692 3699
2087 1283
540 1023
9009 8548
4208 4064
8836 9797
1736 1158
4167 4269
63 249
2860 2945
2520 2840
5776 6010
8091 8310
2237 2304
5808 5937
8790 8923
22 781
9298 8714
3944 3715
5603 5842
3256 2599
4276 3741
3172 3549
15 948
9878 8972
5139 5391
1705 1742
9279 8819
3673 2844
2883 3752
1723 2037
10184 9430
6831 6891
6970 6162
5686 6424
6038 6763
6589 7160
6873 5932
5555 5244
10421 9566
7833 7926
4184 3434
7189 6812
1515 1987
4048 3311
87 580
8088 7840
6741 7390
8144 8952
8993 8589
9429 8501
1999 2223
36 696
6250 6854
8524 7790
6790 6828
8785 9541
10137 9821
867 1816
6165 5264
2259 1710
2125 2326
2556 2420
10029 9258
3466 3686
5654 6453
4153 4142
5656 4813
3450 2639
6261 5844
8682 7796
78 241
3790 4328
6274 6749
8626 7942
6513 6091
3615 3301
2352 2414
4272 3943
10226 9656
7761 8305
35 574
7185 6511
2098 2882
4951 4510
6553 7160
9001 9898
3489 2541
4825 5051
5269 6018
3937 3363
9658 9160
3955 4418
5155 4456
96 571
3264 3733
2170 1292
8934 7963
7103 6744
26 16
1832 1393
8640 7735
1941 1122
8931 9025
2329 1565
8860 8906
3110 2466
56 704
8635 7649
62 788
4839 4679
407 1237
8151 7740
53 888
8785 8352
3458 4168
3268 3352
4431 4754
2711 1771
3214 4100
7575 8556
785 1250
97 195
4830 3937
3223 3910
7442 8134
8284 9040
69 546
1577 1058
2571 3488
6177 7007
2621 2813
3951 3837
7298 7619
2775 3197
2061 2681
2209 2736
7558 8334
1416 2235
8955 8998
4354 3657
6970 7597
3985 4473
5711 5650
8947 9089
3780 3043
7190 8003
4093 4343
6669 7156
8467 8758
8405 7576
53 565
8370 8442
4122 3946
1935 2505
8129 7611
9956 9743
58 936
8879 9194
8329 8323
10621 9950
2242 1834
1466 1511
9152 8184
4895 5399
5593 6491
587 1052
5485 5638
6880 5930
44 107
7899 7868
19 694
7557 6918
42 514
7411 6715
3452 3805
4780 5606
6204 6482
9591 8822
3305 2408
8690 8937
6741 7176
8456 8122
20 149
8862 8245
1752 2018
9794 9755
4692 3711
8065 8366
4279 4238
7171 7546
7340 8258
5990 6641
6212 5298
7530 7405
5727 6241
915 1669
4776 4429
9909 9298
5203 5640
2283 3184
4063 4395
3022 2804
4709 4954
5571 5240
6452 5823
4091 4143
8903 9834
19 756
5547 5525
6837 6605
6715 7449
8277 8242
3716 3744
6087 6622
7635 7696
8752 9651
4462 5346
9478 8909
73 504
4557 5476
4271 4981
1737 2665
7710 8351
4070 4983
41 29
2939 3752
918 1145
7760 7702
6010 5032
5798 5590
6469 6731
6508 6967
3262 3452
8835 8869
3974 4041
5429 4462
82 152
6608 6232
2633 1725
1589 1583
2014 2463
9877 9159
2673 3581
1707 2247
45 437
70 736
9085 8929
41 686
8982 8994
25 40
61 946
1923 1386
52 873
8699 8104
4889 4685
8120 7658
15 902
6880 6618
6599 7557
6637 7093
396 1070
7636 7084
5730 5253
6172 5757
8779 9604
6237 7138
4737 3896
8062 8157
6201 7108
5096 6077
5283 4973
5580 5612
32 919
9610 8884
8459 9172
4202 4837
6320 5920
7057 7082
5975 6419
1624 1249
7157 7653
8879 9063
27 713
98 199
7638 8021
10663 9683
6151 7064
5217 5684
1130 1181
1798 1068
8096 8904
83 317
5701 4817
2784 3479
7648 8065
6435 5915
2543 1621
6201 6420
1652 2282
6415 6998
8417 8391
8058 7313
4601 4154
1329 1531
2525 1568
8274 8310
6629 6483
9713 9784
3097 2522
3524 4102
70 708
8465 8145
6572 6672
7771 7940
8944 9271
5439 4445
5717 6682
76 1000
8421 7778
2871 2681
8340 9065
5422 4995
8827 9269
8803 9439
8427 8174
4754 4063
5796 5680
6925 7704
3241 2699
71 124
8011 8349
3685 3139
7970 8228
98 903
78 451
1858 2750
8700 8208
4153 3209
6827 7262
7512 7998
5841 4882
2422 2383
30 278
4399 4834
8395 8139
5692 4950
4747 4907
5650 5247
6609 7182
6684 5801
9149 9804
15 933
6857 7570
8375 9200
2622 2416
6284 5896
7460 8042
3869 2971
5497 6491
23 980
8813 7856
4214 4802
9707 8722
4466 4926
2553 2537
3450 4263
6252 5271
9549 9614
7333 7406
1092 1740
7549 8268
1257 1630
4568 5074
8442 8162
100 193
5111 5462
6500 5691
1338 1088
5701 6526
7078 7290
7373 7520
1440 1581
32 603
91 26
6790 7452
7083 6900
1456 1059
7209 8125
5549 4549
33 316
4764 5164
8314 8120
7426 7097
5926 5909
100 505
7886 7473
4544 5019
5621 6409
3778 4162
2601 2335
7001 7295
3894 3552
5029 4529
1577 1031
2286 2797
33 812
87 831
6446 6173
1193 1092
8860 9546
8772 8012
4701 4889
1455 1474
13 381
8096 7989
3574 3954
4625 4885
874 1601
21 612
76 681
23 332
7454 8154
3312 3167
2723 3037
764 1497
7242 7178
82 345
5257 4670
2088 1985
42 415
6786 7616
5818 6650
3315 3295
3429 2814
3680 2707
2449 3060
2659 2903
42 371
9440 8534
92 796
7842 7946
1020 1300
8428 7729
1846 2046
6159 5897
7832 8543
4116 4634
5664 5343
7207 7704
7950 8154
3889 4316
1003 1740
4028 4771
4605 4683
94 114
8676 8050
7630 8171
2666 3444
3678 4606
8301 9004
8480 7749
8480 7787
4789 4865
7665 7791
3744 4118
79 593
1957 1868
4245 5242
10 152
4373 4092
7572 7749
842 1012
9623 9002
7776 8202
9542 8760
8710 7764
8715 8333
6517 7007
5265 5856
6410 6373
3489 3727
6681 6972
8358 9054
9190 9380
8113 8061
3600 3906
9529 9992
50 612
9076 9334
4431 5171
5589 5887
3360 4070
4930 5495
64 215
4794 5455
5508 5246
302 1036
9528 8823
1939 1794
10315 9851
8577 8112
5346 5221
688 1628
9087 9662
5234 5101
58 603
6887 7582
3452 2939
2655 3104
8908 8023
6699 5960
5698 5213
7152 6882
4285 5005
3795 4751
10629 9653
6991 6471
38 196
2100 2484
91 778
2842 3207
6631 6551
64 962
10404 9479
8008 8280
21 358
4642 3977
10520 9688
2492 3440
7441 6491
5280 5431
3268 3830
404 1296
5694 5363
9119 8260
7565 8068
5796 5923
7456 6530
44 632
4521 4525
4069 4867
3706 3003
864 1535
2442 2693
6494 6903
5540 6539
9440 8558
1885 2739
10614 9791
5107 4439
98 835
9592 9763
8720 9311
6960 6658
7782 7601
2825 2673
1960 1149
6711 6281
3331 3996
5326 5252
18 892
4079 4434
8292 8228
6695 6571
22 906
6051 5607
4357 5145
3115 3409
8383 8563
7900 7339
2076 1994
70 813
99 264
2592 2968
9650 8711
4770 4443
4336 3386
6888 7088
10480 9704
8930 9102
980 1077
1690 1565
76 278
48 414
1323 1608
9831 9489
7339 6878
8247 7744
10500 9666
2805 3026
9883 9056
6721 6204
4016 4267
1951 1372
7909 8654
2706 2703
6179 5592
3128 2405
8131 7218
9848 9790
53 249
9041 9357
2050 1755
9450 8713
4258 4900
7522 7367
7526 6599
4992 4014
3842 4152
3425 4218
6701 6325
1333 1393
4233 4576
7168 6615
3375 3736
1369 1386
8301 8275
4059 3135
3352 3678
2420 2896
4982 5797
5029 5401
3061 3433
8365 7532
3510 2878
8210 8469
9398 9762
2018 2347
95 900
5615 6606
5471 4673
68 807
1869 2045
40 268
8970 9187
3288 3478
1605 2280
8761 8231
94 582
9896 9956
2188 2891
70 165
1932 1718
4500 4294
9274 9155
5069 4519
95 317
6740 7445
7681 8092
3175 2437
3843 4155
6139 5269
6714 7595
7068 6879
3807 2893
6741 5947
4759 4266
8820 9041
5993 5007
2786 3410
3935 3008
7898 8403
2217 1461
4946 4487
5157 4555
2378 3304
1875 1171
1711 1756
1827 2654
8863 9836
8647 9412
9478 9338
8400 8588
667 1425
2188 2780
4129 4660
59 624
6372 6524
4550 4814
2077 1773
9997 9023
8090 7825
4971 5753
8149 8326
3973 4935
9631 9751
9716 9001
4097 3815
1519 1639
7193 7787
6171 6605
8683 9421
2816 2009
31 996
8109 7950
22 784
4156 4440
7172 7604
7928 7723
2728 1838
5477 4491
1845 2829
7268 6430
4764 3773
5810 5409
8020 8833
5238 5096
7338 8330
6332 6099
6109 6981
57 919
4604 4981
3387 3376
6802 5897
2442 2321
6036 6786
1330 1046
6440 6315
2781 3670
6480 6321
909 1294
8972 9972
4424 5235
7787 7019
8475 9289
6472 6499
6193 6315
3310 2448
1374 2030
8471 7964
7295 6821
5483 4897
3355 3447
7435 6500
3187 2696
3545 4266
10055 9151
5426 6135
8929 8582
8911 8574
2148 2526
1653 1116
10168 9900
6640 7077
4511 4501
4546 3845
70 107
7650 7537
3689 3624
9708 9029
51 471
2440 2125
3768 3040
8675 7836
5737 5943
1842 1119
4460 4265
7463 6493
7081 7797
3352 2560
7175 7024
8968 9320
1678 1181
2906 3843
7804 6855
2077 2155
1831 1332
6419 6245
7070 7199
5379 5758
8079 8268
3014 3922
3430 2997
1841 1346
3579 4055
3553 3462
7601 7332
7551 6616
9795 9369
8633 9113
7380 8304
2186 2726
6715 6547
7479 7703
3796 2829
3081 3469
6947 6047
7058 7532
4129 5037
17 755
1383 2283
4635 5541
7600 7061
94 303
15 894
9063 8122
9223 9375
10105 9956
8262 8625
4268 3607
8804 9470
6685 6128
1075 1521
44 301
7151 7349
96 101
6512 6779
9689 9947
8093 8877
5181 5224
5553 4905
3962 3327
6864 6687
1103 1166
8451 7781
3126 3307
3728 4283
5599 6247
5421 4708
8693 8255
26 172
8312 8792
6184 5999
10230 9938
342 1081
2142 3074
23 919
11 916
8667 7913
4966 4378
3815 2844
9433 9770
1623 2463
8220 9078
8644 8780
2944 2419
5582 6173
7343 6512
6423 5943
4369 4215
9861 9749
9788 9743
71 371
7557 6653
9109 8501
34 516
8109 8392
2480 2017
6504 7182
8744 8522
8755 8196
4853 5517
9395 9960
10021 9923
9338 8770
6044 5653
10374 9835
2844 2724
9745 9434
7216 7661
5352 5387
6301 5796
8794 9236
2492 2514
8432 8690
1733 1784
97 586
2767 1932
4201 4936
11 695
2538 2220
3661 3183
8778 8434
9291 8834
7277 6759
1667 2189
9641 9421
4062 4053
51 25
1489 1828
7513 8309
5760 5517
7213 7126
10544 9690
3232 3518
8019 8375
8143 7241
5353 6161
3960 3377
3966 4370
5327 4728
4356 3988
4439 3639
3664 4619
4310 3859
7478 7007
2204 2462
92 544
3362 2760
2167 2525
90 741
4043 4759
5984 6304
42 403
8590 9267
6008 6196
8897 9844
2865 3456
2531 2858
8254 7495
6646 6346
83 371
3578 3269
7498 8041
3968 4366
5474 5665
5637 6219
84 169
2977 2943
7027 7367
2041 2698
6340 5982
2283 2786
1996 2725
1544 1761
2653 2263
15 38
2195 1898
78 914
2093 2487
4054 4703
9816 9230
10089 9521
7681 6718
3663 3860
6481 5956
1409 1890
2958 2500
1698 2145
2533 3418
3881 3939
3152 3859
2477 1580
8995 8112
2793 3133
6793 6927
714 1115
3332 3558
2448 2912
6003 5485
4369 5097
7622 7539
9173 8981
1495 1609
8311 8293
47 545
5848 6470
7689 7035
3000 2363
1973 2583
8572 8604
2956 3877
3484 3022
9300 9885
5966 5706
4238 3366
5966 6457
5358 6064
7831 7826
5942 5970
2896 2770
5695 5072
9295 8543
51 841
4412 3521
1941 2281
8452 9237
4798 4222
36 256
7387 7406
1809 1986
5435 4757
48 376
4540 5303
1913 1542
8088 7437
23 585
3409 3487
4735 4496
5381 6177
7249 6563
7625 8075
2711 2629
5772 6169
572 1370
1689 2631
8711 8183
1292 1203
2365 1393
10289 9931
7664 7233
2701 2104
3848 3232
7616 6849
384 1176
6283 6688
90 994
2855 3276
3240 2364
2863 2639
6264 6370
15 860
7255 6306
7518 8310
10050 9759
7765 6771
7452 8394
4166 3175
2649 3169
7401 7151
6301 6665
6415 6306
7421 7112
3631 4547
9694 9433
7997 7013
3166 2889
8822 9654
55 823
392 1209
6301 7176
7292 7536
2596 1646
7481 7626
3367 2559
42 774
8968 8993
8612 7928
9064 8346
5950 6624
1251 2188
9712 9795
5144 4587
7493 7643
4358 5227
3634 2707
3377 2574
3540 4375
5393 6198
6454 5648
6139 5470
10163 9352
8428 7979
10483 9775
3941 4487
8244 8357
19 861
9267 8629
55 223
3742 4618
2050 2949
5962 5321
10121 9524
4365 3984
5999 5394
2712 1725
9798 9934
4186 4596
6413 7095
3133 2359
9532 9525
7290 7041
8148 8970
5154 5503
6414 6272
8102 8437
9785 9598
7388 7158
5639 5212
914 1070
4989 4836
6673 6642
5304 5189
7425 6788
5674 4930
6736 7085
2329 1383
4494 4850
7835 8274
7357 7574
7276 7264
2532 2515
99 391
7343 6507
7176 7797
4514 5508
1642 1490
4177 4171
8855 9729
10382 9866
3157 2904
9332 8980
4445 4226
7597 8501
2691 2743
1000 1974
9374 9787
9811 9119
5741 4757
6008 5918
67 473
9708 9705
6030 5663
2779 2570
10386 9884
5785 5978
7080 6850
7841 8556
77 520
6949 7635
9578 8989
6230 5496
4268 5248
3001 2298
7039 6709
8987 9872
6840 7072
7462 6633
8224 7636
8317 7818
53 816
2463 2750
1508 1291
5891 5643
7999 7162
9892 9584
8320 7536
3356 3680
6498 6367
62 562
36 170
1834 1045
4980 4845
6726 6310
2647 3129
6061 6714
1011 1458
3089 3016
6379 6884
4610 5494
5661 5770
29 896
9598 9429
7805 8043
3528 2844
8700 8985
6754 6415
100 500
1967 1345
1690 1916
4215 3234
5410 5649
8609 7974
8884 9124
92 478
2877 3294
2391 1735
6288 7079
3373 3143
4025 4840
9068 8472
859 1473
3270 2714
7664 6814
6462 6461
4545 4793
3389 2854
7997 8535
3994 3964
8515 7670
7200 7414
1885 1434
7405 7234
1517 1401
5860 5700
4508 4244
2479 1849
16 461
4490 4912
3722 3069
6888 6281
6425 5824
4479 3906
3244 3116
7806 7661
8029 7265
8142 8383
9321 8908
83 64
8098 8387
2251 1404
8745 9284
7189 6821
71 707
7771 7020
6592 6567
6331 6528
7564 7767
6328 5608
97 432
4129 3649
9340 9710
10071 9773
6589 6360
3045 2336
1452 1649
9417 8688
10271 9889
9833 8953
4632 4478
1408 2134
1695 2434
6336 5735
8130 7645
3335 3506
7469 6757
8850 8201
6529 7011
10224 9809
8955 8366
7358 6759
3068 2688
6750 7376
1916 2728
9039 9873
2834 3734
5373 6175
6065 5295
1974 2881
8420 8379
3631 4344
8724 8077
3660 4445
8783 9234
7554 7004
3185 3525
1003 1305
8774 8352
3503 3152
7593 6960
25 653
6729 5884
5858 5772
10026 9038
5347 5178
77 268
3285 3404
9153 9615
5659 4730
2220 2097
2587 1945
4389 4961
5182 6134
9979 9138
2225 3184
8267 7899
7145 6905
8683 9586
7649 7315
7709 8032
7493 6814
3453 3578
6810 5934
5994 5467
6380 6243
5124 5131
3379 2465
8368 7669
8473 7715
2690 2482
2853 2561
2121 1299
9907 9687
9854 8961
9900 8915
7762 6799
3918 3665
5330 5417
2649 2695
6413 6132
3189 3935
8419 9343
6822 7258
7953 8629
8037 8007
9628 8966
749 1228
2341 2882
2257 2189
4556 5340
3530 3084
3629 4016
6782 7648
3543 3149
603 1155
4076 4278
54 333
1146 1765
4734 3986
7632 6969
9701 8706
5597 5023
3726 2955
7730 7781
59 976
5208 5723
5859 6443
4998 5071
7587 7812
5458 4583
1880 1403
4592 4281
1780 1399
2050 1291
8052 8682
24 270
6469 7023
84 555
6846 7442
7330 7966
7923 7072
2208 2737
642 1018
10089 9126
9468 9002
7100 7683
954 1179
8883 8885
8113 8653
8092 8775
9382 9899
4182 3213
6796 6024
4163 5063
6415 6960
10 320
1015 1067
7508 7815
5201 4251
5959 5658
6399 5839
1197 1920
1740 1448
6234 5667
8832 8799
35 95
10322 9937
2182 1490
2293 2989
6920 6835
3794 3389
6627 6193
8629 8912
8192 7995
7903 8657
8610 8868
9209 9553
3673 3461
1934 1365
3264 3576
4994 5035
8919 8682
6235 5963
8583 8669
8496 8288
5509 4896
2192 3088
9475 8786
7336 6422
9133 8431
9062 9870
9014 8776
1699 1509
8142 8222
4531 4868
5541 6070
5966 6192
7318 6686
4354 4189
2956 2494
1989 1384
6043 6090
3403 4129
8830 8777
3909 4892
99 593
1101 2026
4604 4828
9541 9075
712 1069
5271 4297
6711 7492
6816 6086
9504 9970
26 833
3600 3753
2526 1699
9010 8307
2833 3256
15 737
9689 9590
7858 8018
6277 6853
2994 3954
3007 2056
2316 3073
6244 6872
4137 3956
4662 4098
51 419
22 354
4846 5770
5355 4649
6423 7250
9597 8776
3762 4436
7569 7520
8301 7650
1669 1720
7116 6227
2479 2964
84 923
5030 5249
7188 8115
3049 2831
2588 3335
8917 9443
802 1739
6490 5502
3788 2874
9560 8927
745 1181
5781 6313
2387 3125
4320 4656
70 562
1553 1934
6859 7635
8567 8417
4594 4379
2846 1893
3964 3655
51 29
8052 8319
1568 2413
9372 9033
5317 5964
7248 7760
5026 5715
3356 3131
7259 6785
3555 3559
8553 8619
5933 6084
4380 5258
4969 5729
1809 2409
8598 8918
8239 8884
2915 1935
9046 8529
9353 9467
1873 1792
4696 5547
3243 2914
8303 9085
4763 4401
7691 7555
5681 6437
17 70
3551 3756
6424 6934
6347 6974
3469 4175
7046 6926
7945 7424
2375 1914
6962 7334
4892 4719
3329 4125
4913 4974
7507 7608
6225 5628
97 369
40 167
35 530
3624 3817
3391 3734
5077 5110
5234 4924
9493 9140
7534 7635
8233 8076
7885 8191
84 141
6975 6824
6279 6894
5738 5953
595 1501
7283 8010
1690 2187
3111 3454
5142 5035
8539 8765
1324 1704
6051 6199
6968 5968
89 878
1424 1957
2865 3547
54 231
9360 9210
40 727
592 1224
9799 9111
75 994
7795 7938
10424 9759
4537 4904
7093 6893
72 819
5393 4648
5248 5567
10750 9817
2520 2942
2692 2333
6774 7384
8024 7947
8029 7382
7009 7300
1817 2222
85 392
9981 9579
6597 6208
4679 5144
3990 4716
7636 7861
4447 3855
341 1263
7342 6609
5654 5896
1309 1535
4017 4961
4336 3653
73 342
3402 4184
8025 7411
50 55
45 332
6210 6476
6048 5225
45 998
1892 1947
6025 6904
5084 5616
8189 9042
8056 7359
7959 7989
5382 6269
7853 7105
6836 6578
14 991
4763 4412
5674 4759
6206 6844
5397 5168
1754 1601
6593 5852
2298 3064
10738 9862
9618 9634
9743 9356
10048 9465
5352 5821
5084 4148
286 1152
4270 3771
8338 7655
34 820
8848 9543
8458 9038
7422 6878
5663 6301
3103 3480
5228 5535
54 71
9624 9041
7294 7320
6383 7269
1802 1585
94 796
9055 9708
1985 2335
31 163
9614 8768
4088 4564
4188 4048
3100 3685
5296 5591
3969 3457
6999 6340
45 400
3429 2826
2003 2129
2048 1710
30 334
1803 1755
10188 9582
6263 5495
5662 4858
7995 8801
1970 1184
8323 8840
3679 3287
2021 2765
4091 5091
5844 6412
7866 7093
7163 7317
16 776
6984 7611
8221 8455
7715 8233
4799 4209
21 203
2874 2064
2145 2428
8409 8177
4725 5578
6649 6440
5068 5942
4764 4866
4064 3531
3713 2792
3388 3019
7473 8402
8741 7886
7195 6486
10401 9525
9263 8748
1631 2539
10174 9461
3874 3963
8808 9803
5871 6778
2308 2472
2280 3090
4743 4725
7278 7427
6711 5736
8967 9445
81 130
2457 2556
8403 8654
4081 4861
9135 9183
46 881
3202 2283
4695 5598
5015 5626
5905 6089
8385 7471
3266 2650
3013 2484
6780 7696
94 520
1437 1473
5844 6621
5130 5379
4766 5077
9885 9169
3345 3782
3416 2607
4960 4377
4542 4701
2926 3115
6760 7082
6286 7139
2588 2133
6697 5704
1785 1613
7600 7925
3718 2839
6722 7657
5756 6410
7479 6948
2317 1698
5471 5106
1197 1057
4276 4825
1117 1631
5890 5659
1932 2462
7287 6531
6513 6667
9283 9095
65 978
9071 9394
5029 5513
8183 8306
8262 8142
9910 9394
10410 9846
4609 4033
3967 4890
3212 3109
7356 8325
7990 8277
1678 1097
7003 7870
5141 5587
93 73
8815 9229
23 261
7621 7152
3246 2579
4452 4020
6638 5839
9795 8842
4269 4480
2143 2972
6692 6586
56 145
77 593
8807 8355
89 458
44 823
5940 5995
8830 9113
6530 5910
6661 7500
2565 2347
10399 9793
3253 3921
6194 5294
3627 4112
4563 4547
10317 9983
6587 7021
2211 2345
5881 6726
3722 3771
1887 2415
7407 7636
3028 3747
45 578
5078 5155
2578 3059
999 1070
7017 6665
4443 3472
8879 8141
6737 6114
9903 9648
1510 1577
3847 3689
2398 3182
9803 9074
2778 3636
8005 7845
6527 7407
2648 1743
5547 6476
2064 3056
5403 5809
7000 7449
7149 8032
2573 3066
8747 8725
6515 6470
8355 7874
9779 9931
4516 4270
83 542
6313 5439
7913 7174
7398 7629
6805 6308
10150 9826
6363 5912
5133 5837
4413 4062
12 176
8744 7963
9791 9838
4226 4306
3467 3939
5667 4887
24 490
5256 4793
53 999
34 32
7913 7430
8849 9494
7171 7823
7652 6727
2666 3055
6476 6004
7437 6647
5300 5239
2610 2993
2350 1407
8880 8212
3925 4231
4179 3911
63 878
670 1293
2521 2060
2619 1745
1931 2275
13 708
7503 7630
6597 7358
7862 6988
3911 4880
7803 7461
3127 3054
683 1585
5623 4897
4497 5206
3656 2755
8130 8591
5767 6375
16 949
4450 4239
7472 8274
2255 2841
4010 4338
5375 5002
2504 2857
7133 7765
6300 5588
2501 2276
5501 5255
3351 3058
6490 6710
9087 8850
5703 5363
3265 3902
4052 4547
3792 4432
2846 3612
6850 7069
5459 6274
5128 5297
6327 6727
1282 1176
4620 4142
4833 4862
10021 9232
9628 9419
9617 9755
5033 5956
40 588
7108 7490
5349 4872
4800 4307
7841 8689
7672 6996
6109 5648
7746 6817
3684 3958
6837 6436
85 696
5256 4720
5719 4804
9016 9516
7417 7881
6139 5644
4076 4345
7606 7490
9520 9611
2643 3094
611 1247
8073 7625
2159 2004
72 47
4826 3873
5821 5176
9065 8706
6256 6924
6296 5792
6087 5123
58 483
4527 4092
1886 1927
4537 4236
6960 6727
7631 8352
2783 3357
7274 7472
4822 5404
6498 6743
6677 6955
5810 6754
5810 5770
726 1110
7009 7778
2273 1361
4849 4342
5877 4879
1032 2003
2619 2348
3408 2637
6779 6003
8250 7393
4630 3747
56 943
3643 3346
6420 5721
25 539
8853 9182
1914 1072
8047 7278
6617 6170
9671 9547
7593 8517
6383 5916
2417 2037
7760 7972
65 857
5733 5207
6940 7539
1990 1925
3778 4226
8540 8061
8744 8681
2686 2500
35 841
9068 8285
2287 2186
4302 3723
6523 6928
8446 9078
1460 1080
1450 1741
1461 2175
2411 2815
5145 5759
6190 5789
9112 9873
8046 8384
3737 4265
9446 9762
2341 2508
3484 3785
4448 3523
6391 5935
5416 6286
87 763
6052 6221
3491 3003
4380 4300
4457 3862
4076 3225
3470 3102
4372 4183
9060 8905
2027 1288
1406 1816
2198 1750
4470 4974
3524 3988
9138 8550
4411 5100
1426 1281
21 750
87 603
8510 8662
2328 1825
8337 8046
12 286
2389 2349
2771 3285
9907 8970
2067 2288
2518 3493
825 1094
6165 6194
8943 9754
3547 2736
3787 4581
8218 7590
34 529
7908 7586
5344 4779
6935 7571
4592 4531
8868 9102
6398 7143
5953 6521
26 603
5988 6508
5932 5233
3483 3620
6513 6625
8398 8765
2248 2785
8064 7569
8449 9403
7706 8018
7031 7393
74 147
9494 9265
8256 7638
23 60
8476 8786
8798 8675
9340 9541
7330 7558
10500 9566
7867 7049
3803 4467
9221 9125
4072 3235
8772 7812
2978 3903
3817 4263
2789 2045
57 50
10117 9900
8812 9791
1936 1646
7856 8357
2034 1341
3462 3211
4805 4771
58 129
11 969
8407 9299
4524 4931
5869 5371
7116 6277
4899 5001
4918 4754
18 938
2075 2448
404 1336
2633 3446
8331 7890
61 183
4230 4176
1126 1794
6656 5813
8356 9038
1790 2378
9511 9181
5925 5456
47 897
840 1093
4991 5780
92 720
3081 2708
8636 7700
2462 2380
9428 9133
1553 1186
7279 8026
2819 2680
6272 5811
3343 3028
47 747
4247 4447
2200 1475
25 461
4838 4507
959 1352
8949 9655
3720 4513
9636 8745
1570 1394
10579 9915
9256 9051
8420 8951
3149 2267
3488 3629
9104 8107
3925 4815
5354 4534
4789 5706
6312 7168
3740 3880
9115 9250
3941 3350
8576 7990
2715 2678
4238 4229
9664 9552
5780 6152
8884 8710
3592 4512
6946 6992
3033 3491
1872 1458
3683 3626
8072 7259
6124 6493
3610 3937
4414 4671
6850 7695
4772 5731
4835 4742
2851 2594
9017 9461
6385 6954
5956 6276
5422 5390
25 1005
8052 9034
10042 9208
4760 3910
788 1780
78 910
10443 9785
2049 1316
4617 4162
3371 3973
5807 5626
4437 4331
2365 3084
4042 4094
1566 1181
831 1663
3241 2888
7889 8850
5297 5732
5381 4778
81 12
9097 9391
4982 4067
2994 3776
7755 8309
4396 3577
9339 9966
6557 7282
7322 7926
4409 5150
6766 6885
7865 8003
2906 3781
99 535
73 169
2404 1437
5465 5622
2421 2421
63 474
4169 3232
8552 8007
5376 6252
9082 8723
7324 7004
8444 7673
6176 6607
7354 6970
5684 6154
9412 9966
7346 8036
3778 4250
3367 3679
7238 6312
6034 6122
4189 3740
7474 6808
4346 4436
68 61
62 967
7996 7450
8624 8279
88 637
10827 9902
3392 3695
4026 4413
89 515
9558 9095
3296 3981
3205 3016
6163 5820
78 790
6550 5640
871 1490
3690 4333
2130 1540
989 1865
6154 5660
6306 5503
36 631
5029 4456
39 499
7147 6874
1917 1869
4400 3568
5741 6180
5564 4565
22 532
2417 2215
93 478
4686 3999
3948 3350
8435 8035
9347 8666
6502 6625
8594 8532
5942 5965
9238 8965
7905 7370
8992 8181
8747 9004
5194 5607
1107 1026
7364 8341
2341 2389
9604 9906
3714 3646
2761 2522
3496 2769
4993 4685
6475 6957
8351 8681
6803 7485
4816 5466
728 1687
4309 5238
2168 2430
3556 3545
1324 2227
7017 7345
4781 5236
5016 6006
8843 7961
7597 7426
8687 8310
3230 2907
4809 5444
5536 5249
1071 1574
6100 6780
4796 5788
1998 2434
4962 5856
3965 4507
8616 7916
5190 4315
10402 9897
5238 4286
94 824
4332 4526
4333 3598
9609 8915
4216 4929
3670 2908
1751 1033
1482 2417
5548 5682
8893 9322
3235 4228
2107 2019
5626 5663
2366 1542
8539 8864
8355 8545
2070 2700
6891 6985
4732 4528
3670 4208
7413 8154
2191 2237
5489 5344
7483 7332
6868 6450
8726 8375
6004 5445
2441 3068
5069 6051
3333 3618
9044 8612
31 732
7678 7787
54 470
2061 2047
5821 5894
5707 4806
8913 9836
8591 9423
7686 7180
6950 6956
5623 6145
49 942
6842 6129
1239 2056
8073 8679
1316 2165
1277 1020
7348 6864
7937 8647
4090 3620
8282 7592
7646 6849
2451 3076
3808 4212
9844 9321
5769 5242
3097 3914
9389 8887
8578 8794
7276 6895
3682 4084
1736 2531
4888 5396
9254 8436
9200 9050
878 1301
6430 6592
6581 7013
6952 7074
7082 6924
8492 9171
7295 8150
7183 7950
1536 1178
6734 5774
8023 7090
3893 4101
4957 5945
8176 9172
2786 3115
70 640
2361 2742
9658 8815
78 1004
2318 1881
3117 2426
99 578
1547 1275
4473 5273
6577 6232
8273 8370
76 487
6473 6176
2067 1781
4648 4474
1654 1860
4060 3311
7589 6832
2047 2195
17 696
9106 9476
3091 3837
6060 5142
7486 7374
7650 6761
1175 1717
1697 2607
7383 7448
7491 7000
7167 6271
13 643
475 1024
1893 1674
8067 8900
10208 9775
7803 8727
5293 5139
6151 6372
6491 5845
6682 7331
6552 5912
40 279
9469 9912
6255 5349
8153 8871
6106 6418
7880 8431
8265 8961
8713 8582
2938 2886
7582 8492
7450 6983
4655 5588
3661 2847
3210 3482
2443 1483
3672 4460
2392 1670
2143 2167
2552 1968
1273 1729
8688 8585
81 119
5532 5146
53 797
53 759
2390 1878
5753 5618
6399 7087
71 422
4905 4944
71 891
2931 2957
4418 4871
5125 4887
5630 5319
4405 3776
12 914
979 1104
8787 8311
1782 2521
5193 5243
4942 5694
5039 5841
7961 7053
6013 6716
6078 6602
995 1277
8702 9222
3918 4192
2709 3112
3982 3599
8436 8842
2481 1628
5196 5885
7741 7499
8229 8364
5425 4673
8766 8955
3149 2209
36 961
2938 3901
7927 7122
2109 1692
4600 4028
9039 9274
4543 4739
3367 3944
1672 1554
7636 7339
2988 2816
5900 4946
8233 9181
35 914
7605 8401
9839 9961
6516 6161
5734 5652
7547 8285
4848 4264
7717 7262
6295 7007
8088 7596
10159 9676
5097 4185
2822 2163
10109 9325
7902 8459
3988 3421
4633 3752
904 1818
3692 4063
7414 8241
8364 7746
5030 4475
7933 8363
2591 3176
8344 7668
1476 1363
7253 6857
9817 8880
1845 1475
840 1394
9684 9768
5033 5177
7826 8784
4813 4411
8021 8033
10355 9480
8569 8113
7012 7235
5217 5816
8373 9160
3283 3024
4374 4265
7745 7811
5633 6023
2256 2913
9071 9580
66 269
9968 9733
1288 1780
61 233
4372 3980
7748 7962
29 409
10618 9812
453 1201
8929 8653
46 85
98 667
1327 1932
1647 2257
2183 2362
10334 9843
3717 4013
7981 8877
4805 5303
5004 5641
83 649
4123 4579
227 1152
97 21
48 585
4446 5009
6512 5693
5751 6060
4905 5765
7250 7796
6283 5671
5173 5711
7018 7625
8568 7676
7905 7702
5885 6710
9985 9057
9573 8669
3096 2533
7789 8362
7907 8011
6871 7487
6353 6414
3776 3091
7337 7493
3101 3019
5353 4702
1361 1863
7189 6959
6054 5901
3436 4415
4282 4444
90 895
1775 2369
3299 2970
3798 3738
5253 5704
4126 3276
93 514
2276 1739
2929 2704
9688 8853
16 623
3298 2722
4460 4983
4170 3696
7380 7158
2643 1834
6520 6704
6469 7154
5543 6054
5400 4470
7101 6730
5479 5976
4862 4902
1176 1488
9381 8561
5255 4981
4680 4055
8416 8900
2820 2707
5074 4593
8252 9185
4582 4897
8081 7525
7976 7321
2246 1654
3707 4103
6080 5138
7172 6222
6812 7456
5531 6252
6620 5684
2898 2546
2717 2242
3877 4584
8449 8313
9426 8696
78 629
7939 8040
8893 9599
8071 8681
5100 4400
7097 7874
73 38
7806 7596
4965 5641
8929 7931
83 872
5267 5761
25 635
5752 4893
48 995
10634 9652
6136 5783
9440 9419
8785 8621
92 187
7049 7013
8451 8544
9753 8889
4857 3868
4645 5401
12 896
9578 8909
1916 1632
9687 9359
4309 4277
8833 9580
7813 7695
2392 3261
3140 3501
7099 7673
5911 5668
1503 2458
3613 3040
7330 8294
7024 6977
1163 1569
7389 7745
2911 3381
82 216
8127 7963
6094 5156
9233 9619
4878 4964
6197 6886
8070 8883
7420 7091
1916 2879
6754 7616
8910 8050
48 762
1302 2271
6697 6768
7758 7543
1513 2258
17 936
6884 7366
1377 1973
4329 4228
9558 8725
9134 8177
7775 7542
632 1588
39 251
62 670
5157 5800
2614 2837
4634 4650
8498 9012
8228 7692
2326 1529
6631 7274
5710 5558
3493 4340
8321 9146
9066 8254
8858 8738
1286 1605
9463 8602
5035 4136
4057 4445
8404 8701
6392 5993
2331 1483
1623 2412
4693 5335
8490 8251
73 497
65 709
7703 7579
2231 2167
6363 7027
4447 4807
3876 3968
9518 9471
8627 9090
1596 1780
3942 3243
8946 8672
2206 1649
4564 4901
88 652
4684 5138
2374 3293
9380 9597
5579 5697
2234 2568
5388 5145
5719 6122
5933 6428
66 824
81 786
2365 2977
8545 7750
5566 4641
1959 1204
7388 7675
7566 7699
7526 7057
27 694
9042 8718
7581 7507
42 690
7406 7141
7635 8505
4062 4733
7867 7411
3098 3575
7489 7099
84 866
1636 1484
9456 9163
4338 3709
5170 5204
8239 8194
5477 6429
4567 4063
7459 7901
2169 1232
4077 3694
448 1022
2090 2881
2396 2205
2810 3574
1826 1036
4216 4358
3532 3702
7527 6943
3992 4619
5855 6647
3186 3347
6277 5978
9083 8272
3629 4262
8958 8732
3280 3107
3147 4094
6448 6398
9029 8226
8986 8704
3849 3605
1106 1120
2354 2899
1358 1271
8160 8321
8736 8825
5348 5167
3085 2670
8976 9012
7669 7748
6030 6366
6583 7364
6927 6488
5769 5292
1246 1259
7758 8528
5720 5279
8914 9864
5555 6304
6635 5841
5701 6011
1775 1748
4613 4479
6380 5543
5624 6298
8682 7745
6710 7013
1465 1521
3535 4394
1464 1311
6565 6683
3002 3080
7136 7563
38 132
6697 6402
6687 6442
4975 4504
6839 6206
5985 5322
8147 7379
7946 7532
6005 6420
6302 6431
6401 5735
5695 5331
7124 7724
9811 9161
7658 6893
5677 5896
15 256
8597 7992
2794 3439
2778 2399
9669 9604
4633 4651
2005 2779
1758 1697
42 234
4082 4731
34 857
2012 1181
5201 6145
2998 3343
6849 7177
8790 8076
8893 9632
4207 5184
5396 5718
5833 5103
7105 7723
88 610
9121 8808
8114 7775
9487 9773
9672 9634
9512 9901
6650 7439
2838 3002
1788 2559
2443 3389
94 354
7568 6599
21 401
2284 1918
7073 7194
48 620
7767 7220
5864 6515
2079 1744
8598 8935
3479 2992
1781 2008
89 349
5358 5302
6088 5479
4046 4383
5311 5187
4621 4315
98 445
4196 4566
5457 5794
6033 5583
5109 4739
5985 5597
9566 9627
1936 2115
27 936
4761 3823
4020 4028
4310 4325
2259 3171
4049 4275
1571 1553
2217 2937
9111 8602
5968 6519
5931 6591
6586 7325
2369 2241
8174 7317
7016 7106
5892 6138
3583 3966
7987 7034
3255 3604
8600 9460
4483 4104
5185 4519
21 116
9054 8821
6064 5542
9259 8609
8502 9267
5578 5868
10145 9260
10297 9451
1136 1043
70 482
4883 5761
5425 4639
7324 8240
3570 4552
2338 2718
2566 2313
5850 5610
6789 5928
7350 7828
8020 7260
4154 3882
4986 5299
9349 9708
5302 5894
59 469
5607 5270
4429 3842
7791 8155
3527 3840
4123 4463
7759 7680
9349 8678
9697 9769
9915 9603
3934 4792
6963 6065
1722 1572
2336 2902
8448 7617
52 981
8697 9320
2331 3293
4966 4775
8545 9017
5523 4769
4702 4249
5948 6689
6079 5867
3184 3575
1546 1635
7531 8009
2657 3560
6764 6549
4549 4036
6807 5886
7110 7174
10000 9502
7233 6925
1656 1854
4635 4124
3419 2998
34 524
5014 4891
511 1507
10319 9744
3351 2651
4205 3574
2662 1730
3263 3419
9900 9917
6567 6381
8424 8765
39 587
1651 2450
7526 7175
85 698
10448 9656
3265 3177
4154 3878
16 785
8138 8548
4956 4732
4986 4489
2753 3269
8898 8554
20 916
834 1784
3472 4204
8520 8252
2729 3723
7665 8172
61 172
5858 6468
3759 4329
1955 2717
8456 9310
7444 6568
4389 4634
8742 9418
6757 7749
1980 2457
10116 9177
4168 3281
5669 4686
947 1290
9584 9918
8496 8351
5312 5935
6339 6156
1195 1912
8137 7402
4837 3853
2970 2658
13 893
6148 6518
7721 7414
8992 8970
7919 7080
7426 7612
2266 2120
7502 6518
2550 2668
8400 9054
2218 2616
2240 1761
10020 9042
42 745
1992 2968
7394 6832
9101 8441
2927 3736
5006 4107
6787 7287
1127 1496
9625 9878
2263 1342
4172 3777
9195 8963
10097 9500
8546 9171
3349 2898
948 1396
71 21
755 1310
100 88
9296 9263
4689 3885
7760 7904
2278 2478
2029 2632
8098 8711
9533 9454
6707 6735
3881 3128
8174 9152
9600 9849
5601 6173
7204 7242
7167 6926
2578 3019
4658 5390
8171 7352
6761 6232
8409 9347
3377 4111
7834 8016
5650 6361
7607 7722
10123 9424
2322 1746
98 615
6957 6686
6063 5539
8487 8397
760 1174
4944 4807
4503 5320
2972 3722
2647 2756
26 478
7964 7632
1897 2860
8665 8513
2969 2303
6591 7550
6684 6132
4855 5507
2765 2144
2059 2080
5673 5290
7946 7095
5147 4179
8575 8175
62 177
4072 3943
678 1566
15 269
7107 7368
2875 2728
1599 1508
4626 3713
469 1445
2047 1448
8287 7701
5559 6263
7537 8521
9224 8441
3756 3143
9725 8952
9590 8806
8849 7999
5024 4946
7617 7247
47 106
7029 6488
2400 2390
3911 3322
7216 7742
89 562
3536 2835
10480 9732
3374 3977
2957 2490
6085 6068
3029 2510
6576 6198
6854 6651
8583 8618
7441 7954
3685 4482
9102 8292
99 362
1275 1863
2707 3335
3968 4541
7840 6865
4448 4497
4190 4499
3430 3786
2332 2911
2379 3342
35 711
2103 1996
30 104
8497 9123
1961 2354
88 279
375 1011
9801 9913
26 996
7254 8144
1930 2432
7683 8607
8348 8255
4699 4784
1928 2283
7478 7481
3019 2067
5792 6494
8289 8935
9993 9020
2476 2919
1447 2339
3681 4659
7846 8282
3522 3323
9128 9836
7695 7865
61 956
1339 2044
3546 4404
7854 8658
23 14
9097 8444
3441 2972
8657 8971
13 906
3725 3100
6745 6969
62 981
37 225
9199 9040
8372 9045
8101 9057
1994 1365
6439 5832
5472 4782
2390 2791
7887 7545
7624 8597
8115 7350
997 1670
5639 6572
5710 5861
8704 7961
7772 7990
5619 6326
85 243
11 494
10394 9829
3747 2884
7066 7489
1189 1770
7959 7188
7261 8254
8215 8693
5686 6110
2330 1975
2057 1745
7840 8459
10613 9912
44 202
3853 3150
5070 5133
7433 7834
9890 9362
27 167
6944 7085
3651 3719
6327 6063
4616 4778
5041 4121
6505 6646
3754 3248
6715 6181
20 854
7729 8024
6744 7171
65 275
4462 4588
7840 7076
21 552
79 392
7030 7520
7356 6641
63 627
2220 2179
10858 9938
3278 2287
6038 5677
2696 2151
8740 8786
1863 1769
10213 9517
7667 7570
9858 9839
2658 3550
7867 8197
33 609
4494 5261
6384 5493
720 1115
1802 1235
1636 1557
8278 8301
8152 7284
9450 8611
6884 5884
5430 6320
82 189
5560 5652
4648 4247
2866 3297
3586 3404
8706 9065
10198 9602
4697 5352
8077 8445
3282 3317
6023 5871
8865 9790
68 577
3117 2213
8642 9280
3159 3198
5086 5140
6436 5935
9767 8981
10519 9686
32 581
6143 5540
9750 9526
15 951
9762 9107
7579 8413
10250 9661
7681 6936
8721 7828
9007 9213
2602 2687
7797 8625
6900 6404
9017 8318
7353 6650
4647 3980
7748 6858
5714 5020
3215 2295
4528 5226
9508 9695
4265 4088
2781 3557
9118 8292
4753 4679
86 939
49 831
10152 9438
3294 2561
898 1214
79 159
2254 1884
5801 6061
5137 5922
94 903
4718 3845
4189 3238
2720 2040
8759 9446
2214 1569
9608 9289
4756 4083
8709 9256
4376 5035
9533 8952
3270 4042
1510 1080
9211 9964
7766 7497
6005 5436
9177 8543
3158 3608
7962 7485
3180 3548
8464 7531
8157 8403
5930 5097
8117 8743
6686 5753
9647 9300
9076 8570
4169 4049
5619 5526
7808 7466
7665 8471
9615 9330
3199 3386
8879 8305
6868 7304
3426 4181
4376 4539
4375 4033
2967 3908
5829 6077
5240 4671
76 365
1706 2172
8910 9261
9474 9790
97 746
7018 7243
7456 7526
6411 6538
4057 3094
5276 5947
9043 9800
95 105
5519 6327
2581 2246
3174 2967
8644 9037
76 69
5860 4988
3180 3570
8322 9184
57 991
96 155
8377 8809
3602 4034
5036 5037
52 422
6924 7012
8096 8013
3574 4151
9233 9475
1462 2233
1763 1142
4611 4829
5518 5856
3910 3555
1990 2441
9121 8764
97 849
8316 8902
76 749
9593 9556
77 614
8879 8935
5462 5255
3216 2821
4589 4957
6553 7399
8740 9626
2667 2231
2787 1841
1795 1661
6363 6864
3570 2607
63 128
8211 7683
929 1415
2845 3046
4719 5183
10252 9758
1379 1910
807 1582
5512 6176
9394 9953
7910 7499
1306 1215
32 354
2731 2080
2341 2597
741 1642
4729 5370
4195 4958
2830 3137
8769 8882
3400 4122
35 622
4896 4366
688 1534
8746 8005
884 1570
949 1662
18 270
6242 5835
5429 5521
7853 8177
3061 2876
2077 2903
8664 9341
6173 6797
6185 6296
3264 2728
8712 7881
6585 6869
3918 3462
8243 8027
10119 9903
8458 8824
55 706
7954 7600
7680 7243
9057 8858
5067 4535
7667 7181
3443 3450
10057 9497
6548 6383
7882 7269
2155 1646
9284 8309
7167 7951
7744 7991
3390 3254
5757 6561
90 625
5106 5020
8047 8480
8065 7423
15 872
2188 1416
8894 7924
8492 9183
7925 7244
1578 1941
6103 5525
1265 1366
58 473
3206 3768
9064 8124
5185 4263
2665 1773
3401 4400
89 569
2125 3081
8283 8018
7568 8322
2364 1742
1773 1958
52 257
6817 7311
9419 9178
10005 9383
7925 8020
2588 3357
2737 1940
6583 6527
7607 7838
4825 4554
3247 2321
4408 5275
9620 8704
1910 2405
58 752
7212 6954
4510 4454
1354 1421
9218 8822
4706 5581
8414 8380
2408 2673
8466 8601
1673 2580
58 214
7275 8024
5598 5231
2981 3958
1690 1327
2087 1697
4819 4765
9089 8681
9974 9023
2895 3103
7792 8218
4588 3790
8723 7868
9670 9957
8432 8647
2598 1943
9474 9599
970 1423
4986 4057
5744 5029
5508 4865
566 1469
5345 6158
1275 2162
2104 2991
9025 9988
9257 9290
2152 2122
6224 6973
8426 8499
1267 1371
2633 2115
3592 3247
3201 4144
4831 5098
8342 8536
3161 3650
4911 4201
3999 4544
2867 3539
1539 2078
1836 2511
9084 8958
6153 5484
7830 8689
10746 9834
6132 7088
8791 9388
78 911
8082 8977
92 905
4817 4088
587 1053
3107 3650
3394 2758
3939 4189
8468 9217
4031 4367
4911 4215
5279 4764
7607 6644
96 120
7817 7428
5212 4246
9172 8473
8799 9060
2042 1215
7462 8099
1895 1319
5117 4175
880 1873
92 506
9090 9568
7191 7345
1556 1999
23 991
3944 3509
3264 3580
5917 5100
5039 4708
3715 3133
7733 6932
4190 4886
8719 9045
3969 3370
3574 3607
8946 9254
1270 1333
4564 4554
8952 9939
2122 2545
38 186
4185 4142
5422 6333
3886 3595
1714 2102
3473 2670
5839 6259
8746 9090
8155 7329
64 618
8693 8556
4815 5381
4880 5054
4317 4969
3558 4146
4827 4386
8300 8240
54 887
4761 3866
3693 3859
10505 9777
4489 4020
7546 7154
6645 6940
7914 8782
3072 3067
2628 2152
6045 5552
3420 3374
98 160
14 795
6218 6158
3291 4285
4160 3551
3069 3549
8974 9368
9018 9890
8445 8049
7336 7004
8901 9773
21 677
3317 2961
65 633
8668 8508
1981 1736
7876 7958
4827 5672
1440 1095
7028 6527
3170 3328
6985 6432
1574 1796
8924 8428
2941 3145
4114 3515
6993 6445
24 358
5874 6319
4879 5479
8663 9072
2167 2640
1936 1015
6174 5332
2274 1996
8810 9013
5978 5091
4867 5367
3457 3203
8538 8050
3446 3239
4940 5254
7223 6622
9250 9448
4178 4412
4130 4145
36 138
4790 5626
80 533
2866 3119
58 968
6174 6742
7012 6420
8536 7571
3393 4138
4035 4825
2177 2582
35 262
2286 2342
9690 9859
8223 7313
30 106
2399 2525
2825 3315
64 688
7055 7978
3073 3480
2145 2981
9241 9133
2020 1126
1801 1528
82 631
4044 3740
9828 9479
6536 7282
8523 8904
6779 6989
4041 4386
7073 6268
878 1102
10076 9709
57 555
6921 6628
3396 3639
9458 9510
4605 4552
9619 9727
5487 5068
3763 4381
655 1604
3952 3740
6406 6118
3956 3811
9373 9149
3158 2631
2118 1768
5887 6312
8870 9660
4742 5363
9346 8440
33 275
7514 7955
9656 8906
5578 6555
9598 9220
7700 7821
3984 3168
1891 2287
2158 2572
9022 9809
46 994
8871 9474
4632 5414
5212 5035
1434 1965
18 541
6878 6790
35 65
7808 8187
4587 4525
6778 6002
6355 6574
8620 8959
4649 4000
94 582
2572 3249
5289 5777
9368 9635
9769 8934
5812 6130
8059 7634
1406 2201
2806 2222
6651 6520
7559 7720
2257 2911
5061 5087
10126 9363
251 1214
826 1261
2114 1747
7734 8114
9305 9666
4789 5431
8226 8437
4858 5170
7455 7177
2569 3178
2047 2259
10183 9444
677 1062
59 291
8159 7266
5249 4987
2641 3420
9033 9309
1903 2169
5247 5008
4947 5599
5508 4882
7219 7222
5615 5693
8605 7811
7789 8154
6236 6969
2176 2587
4731 4952
6037 5632
7549 8425
2581 3085
5477 5113
5922 5549
6020 5649
721 1575
915 1498
4688 5097
18 719
8724 8284
3640 4550
4778 4164
8060 7696
5394 5338
5035 5120
4856 4064
8086 7369
4384 3744
5700 6399
4838 4929
38 724
6273 6306
6373 7063
9455 9693
2526 2188
3009 3679
8654 7896
8592 8272
7783 8581
2915 2432
12 602
4777 5362
2976 3118
2511 1929
5026 4966
4886 5847
7606 6675
6150 5608
9560 9685
7697 8166
8968 9743
9400 8546
2361 2823
5276 4993
5782 6179
8537 8224
5586 5847
7122 6711
5877 6377
3707 4103
5817 6777
82 488
6675 6159
8196 8871
5629 5084
8555 9343
966 1955
7962 7859
9681 9979
98 224
862 1461
2263 1668
4092 4038
6421 7214
8758 8105
9016 8987
81 784
3490 3722
4675 4196
1788 1228
9647 9695
4420 3527
7803 8494
4371 3973
1630 1249
9511 9884
10458 9855
4255 4596
5398 4581
247 1098
7699 7166
8937 7994
2526 2666
7718 7794
7957 8553
7941 6947
7497 6706
10271 9858
6376 7136
2858 1884
4771 4096
6623 6020
5006 4807
3632 3155
9374 9996
5556 4951
8385 7390
2379 3030
1960 2932
5113 5669
7158 7720
7932 8411
4293 4717
52 854
4366 4834
4979 5832
7624 7608
3349 3434
9623 9853
6380 7237
6917 7403
4312 5164
6428 7191
7516 6713
4243 4255
6465 6578
1681 2519
8620 9415
65 732
8088 7307
3345 4182
9961 9352
8708 8839
1692 2520
1097 1928
7275 6617
2220 2817
6065 5540
6844 6445
2531 2938
7567 6668
3546 4165
3021 2353
78 549
2414 1579
2532 2617
10096 9977
16 398
1971 1696
5450 4795
8158 7645
7804 8566
4896 4638
9523 9422
6250 6758
6692 6842
8175 8895
44 391
5421 5400
7499 7250
6660 7461
1149 1186
2302 2348
7929 8900
10366 9808
3582 2832
5627 5342
6519 6757
6765 7206
6506 7153
67 965
68 53
5730 5032
3767 3607
5287 4584
3849 3811
8658 8523
99 308
16 914
1721 1627
2880 3581
8001 8773
5404 5786
3109 2606
95 221
2651 2390
8488 9280
7653 7973
861 1692
7795 7743
8687 9412
1811 2309
8743 8982
3610 4122
792 1061
2765 2077
7980 7665
49 327
4533 4293
3744 4320
8270 7376
8619 9032
37 855
6112 5493
8788 8068
4121 4254
7126 7501
1327 1956
8117 7399
1328 1986
5564 4651
9571 9325
3845 3878
4499 3787
4604 4711
9619 9857
3022 2380
3577 2836
3841 3656
5944 5197
4372 5194
3078 2329
5245 5898
1483 1467
6293 5784
461 1081
2487 2410
3867 3107
4914 4800
6867 7017
5067 4140
5861 6610
6225 6783
4388 4337
4674 4799
1080 1823
86 444
4894 5708
9518 9968
4145 5120
6259 6201
8018 8598
10672 9764
853 1391
6586 7347
757 1086
4834 5551
1618 1461
5070 5658
7615 7912
30 851
4566 4506
3609 3702
7461 7736
2404 1866
8640 8088
4008 4358
9792 9960
7942 7203
8070 7581
7700 7920
1256 1086
5680 6587
9313 8811
54 384
1469 1149
3093 2515
830 1501
95 201
3214 3157
4099 3487
6177 5217
6713 6763
3750 2908
1391 2244
8472 7555
5866 5345
2501 3436
9220 9100
2699 3537
1474 1571
7660 7898
8847 8224
4088 4293
2645 1692
2444 2093
28 318
1966 2440
2462 3014
1895 2184
70 372
5635 6462
3910 3018
9860 9150
5034 4434
9209 8917
5587 5107
24 972
4218 4709
8402 8471
50 364
9180 9110
8069 7801
2441 2244
1488 1735
5290 5721
10349 9739
7491 7911
89 871
4673 5573
10207 9509
67 364
4966 5375
1573 2157
6319 5820
8682 8284
4445 3908
7644 7455
7808 6965
3012 3558
2977 2770
25 242
5889 6446
3042 2837
3772 3481
8536 9082
2267 2602
7846 8352
6759 7181
96 755
2903 2736
4447 3983
97 749
4874 3953
9621 8746
3303 3177
68 677
3758 3980
8488 9262
7408 8123
88 577
63 905
1059 1205
7175 7572
91 461
10874 9998
5304 4440
2970 2641
7328 7186
2060 2204
3735 4709
9265 9422
2857 2480
5819 6314
9786 9173
1331 2243
4418 4933
74 935
9197 8806
5583 4593
3741 3946
75 524
4981 5318
4412 3548
3420 3150
3716 3734
8423 8569
9621 8972
3017 2390
442 1138
70 132
8585 8893
7603 7122
3116 2962
1180 1721
6973 7555
8478 8488
7618 6987
9740 9371
5856 6779
7463 6622
8420 8449
24 227
10278 9574
5563 6254
3853 4233
7409 7814
5076 4321
6500 6925
6874 5985
10391 9570
6534 7450
6604 5823
3911 3314
3401 4247
7173 7008
18 842
5437 6360
1578 1077
3261 2456
4916 5765
3766 4227
7860 6929
4644 4822
28 898
8759 9572
6648 5878
18 173
52 85
4475 5091
3427 4115
6328 5521
6180 5760
1711 1395
75 737
1075 1414
7210 7656
78 149
4169 3176
1429 2116
5877 6339
7205 7338
10631 9858
7184 6365
81 508
3116 2323
6373 6904
7243 7262
4036 3240
4749 5442
5511 5767
5589 5970
9766 9364
619 1611
1874 2214
5294 5233
3556 3777
29 319
5934 5025
40 844
6874 6873
31 195
7914 7714
2612 3231
3930 3136
7837 8743
7006 7700
6571 6878
9652 9890
7214 6362
5065 5222
3931 4271
5866 6522
3636 3150
56 468
1056 1167
86 526
3206 2619
2775 1836
2041 2654
8421 8425
8237 7921
67 184
9059 8653
2129 2210
8756 7768
303 1068
6191 5772
7278 8275
91 702
10332 9850
7198 7965
90 194
3725 4333
2952 3338
7149 7286
9686 9640
1824 1734
12 989
61 1006
8366 9293
6689 6330
6005 6943
6877 7024
4285 4940
3998 3402
4641 5220
7758 7476
45 567
9020 8837
2526 2540
2842 2925
2086 1276
405 1368
6033 6383
526 1135
7756 6860
5654 6435
9196 8956
2868 3105
6033 5938
2942 2049
10172 9682
7884 8625
9105 9720
1679 1098
64 957
2133 2000
4171 5001
8434 9397
9291 8543
8201 7978
3290 3988
40 710
7776 8480
2360 3034
8248 8576
3011 2366
4122 4692
3239 4225
81 950
7543 7285
2030 1108
9371 8601
7535 6759
9738 8912
10490 9977
4615 4920
3881 3495
6365 5765
2140 1921
6214 5837
8148 8799
2336 2089
9609 9599
9679 9396
5539 6502
502 1200
5040 5591
64 290
1346 1501
3128 3774
1305 1027
4540 3562
42 95
6883 7313
4415 5087
649 1074
1425 2346
4971 5174
2601 2248
2876 2146
6440 7241
4051 3286
4571 4670
3625 3975
4902 4335
2782 3473
74 649
6919 6009
10433 9785
5081 4807
10284 9401
2637 3104
4591 4822
3471 3351
2775 2879
5808 5950
2737 2662
5953 5389
2005 1761
1663 2458
5306 6053
7786 8437
651 1385
1683 1028
6890 6271
7002 7431
43 386
3407 2410
7386 7860
3890 4357
9297 9903
9347 8455
1776 2027
5656 4853
3461 4095
63 252
8758 7880
9297 8978
5525 5497
6267 6941
4552 4310
62 706
9155 8387
1645 2595
5079 5665
5737 5109
8018 8036
10685 9892
5108 6076
29 693
9372 9010
4788 4715
6213 6520
6832 6606
39 566
7824 7916
4917 5654
5831 5164
3496 2726
10622 9917
3915 4850
3576 3289
37 206
6455 6173
6063 6613
5753 5405
3733 4037
7883 7439
3659 3806
7914 7977
6526 6797
4031 4632
84 13
411 1221
3638 4371
2745 2483
8525 8220
9902 9620
5165 5873
6499 6367
2672 1805
7251 7591
9102 9566
2819 1896
7129 7610
9093 9478
72 794
8322 8305
9769 9508
8612 7826
7332 7186
4252 4072
32 778
5832 5254
2399 1771
2978 2367
4482 3890
4435 4318
1823 1206
8732 8631
10284 9526
7234 8086
2062 2275
1583 1055
82 32
9538 8611
8220 7873
4342 4269
2491 1527
492 1187
9818 9952
1868 1232
5564 5067
38 735
20 121
2957 3377
4373 4355
24 606
1895 1131
5773 5167
9030 8747
3862 3332
1695 2016
10144 9728
1250 1371
2998 3336
944 1113
2256 2811
8796 9313
895 1212
7292 7519
52 81
5734 5475
7014 7353
6221 7071
2696 2515
1361 1216
778 1376
7132 7183
5583 5489
1760 1038
4759 4225
8539 7819
4754 3925
8172 8405
7993 7048
7409 7179
9861 9604
7109 7477
2632 2962
10334 9879
7012 6475
9409 9843
8794 8795
5881 5280
378 1042
6982 6078
8638 9192
4285 4457
8218 8454
4725 5232
1255 1948
49 192
8987 8002
6495 5611
3879 3534
3374 3490
9248 9827
10087 9415
6350 5703
8919 8812
8709 8629
8620 9315
3934 4622
7998 8507
8092 7596
3127 2696
5718 5198
4701 5545
40 155
5367 5097
9968 9827
3188 3066
1893 1185
43 941
45 907
8925 8255
1959 1453
3050 3547
6307 7216
3246 2318
2912 2269
1787 2450
4363 4655
8314 8520
1878 2387
8359 7724
6741 6441
5604 6113
381 1194
1468 2225
1374 2062
2031 1787
5888 5222
8364 7518
1478 1956
2861 1914
3776 3433
2513 1523
9822 9078
7286 6374
6339 6597
1102 1286
4871 3923
9284 8710
7860 7812
8932 9156
2132 2563
7776 7333
3173 3706
8583 8067
9655 9901
7838 8328
3956 3082
3844 4730
2154 3025
6374 6916
3389 2491
2271 1282
1453 1512
8794 8923
7839 8179
7722 7446
66 202
10012 9527
2806 2602
2370 2756
8443 8614
2990 3469
2488 2794
10190 9358
4622 4413
4177 4755
5034 5160
8144 8782
2891 2602
9907 9371
4978 4461
2047 2846
7688 7397
3218 3781
6121 6990
4827 4721
6843 7571
8644 9410
2352 2544
4421 5286
1101 1501
8117 7152
2029 2369
7441 7487
4518 3642
6074 5973
6834 6530
1279 1417
6214 6045
8258 8285
939 1300
8173 7240
2328 3117
8475 8671
56 385
8432 9249
6805 6840
1976 1297
3045 3697
8321 8841
7555 7784
2057 2131
7156 6473
3921 4346
5878 5554
6502 7457
24 418
7520 8022
33 644
5634 5062
8051 7214
8049 8741
4711 4679
3318 2652
6675 6041
4510 3839
6352 6345
9283 8792
1317 1270
4591 5493
62 333
4820 4684
579 1080
9061 9921
4066 4642
5583 6009
5989 6878
2649 2599
3247 3216
97 28
9534 9260
8951 9908
1242 2189
10359 9557
1527 1014
5358 4485
1259 1663
2084 2153
75 756
8154 7455
5339 4550
3611 4148
5490 6290
9113 9960
3591 3872
7535 7198
7569 7347
6828 7308
7627 8066
8361 8663
9754 8766
3516 2599
10337 9584
1260 1987
1607 2376
10816 9899
6801 6899
4932 4376
1549 1154
1250 2031
5503 6468
2903 2505
4230 3985
9847 9524
5728 6448
6184 5690
3519 3339
9735 9609
6447 6349
99 276
908 1745
9156 8364
6149 6136
10090 9615
6267 6487
4623 4385
8322 8574
2066 1806
5550 6029
1736 1731
4135 3362
1372 1798
8938 8057
5259 5922
8626 7694
8828 8014
4329 4828
3474 3586
14 370
3974 4639
9725 9826
2945 3112
4574 4331
6025 6692
995 1852
2509 3331
4429 4854
986 1777
98 974
1417 2112
5348 4967
6335 6580
3115 2157
7624 7991
6863 6013
9259 9101
5894 5990
6441 7285
9644 9593
9058 8111
4436 4922
7295 7501
3828 4770
9253 9994
2935 3234
6429 5897
4040 4904
1932 1532
2460 2035
8062 8252
8647 8096
8747 7811
4891 5642
4648 3937
9630 9294
5957 5942
5047 4769
1451 2352
100 31
6157 5489
8406 8642
9190 8903
489 1453
5895 6628
5739 5437
1669 1934
7539 7068
3283 4004
5785 6036
1901 2456
5877 6324
3133 3943
4714 5590
6730 7472
9659 9670
81 720
7816 8335
2112 2523
8303 7919
3565 4080
33 975
7125 6245
3971 3164
7848 7507
2081 1294
6460 6328
6841 7411
3734 3319
3086 2389
6440 6563
77 247
93 140
7916 8458
2258 1895
1827 1358
1807 2737
46 641
2381 1381
2133 2445
4669 4993
5244 4795
6402 6331
1192 1219
8020 7782
2557 2100
76 639
3206 2428
3432 3130
9048 8867
4228 3878
8509 9100
5922 6773
8334 9319
3944 3049
1890 1132
3216 3505
31 84
5101 5304
7441 6774
5703 5592
8243 8782
3539 3650
8216 8063
6035 6090
7829 6911
3069 3186
5402 5116
70 576
75 985
8837 8052
7373 6579
7907 8661
7399 6590
512 1277
1642 2467
2752 2751
6035 5086
8308 8587
3901 4759
7910 7015
8997 9051
2438 1978
6219 6254
3508 2602
1716 2497
5442 4517
2300 2580
86 91
9610 8933
3965 4721
5821 5711
5782 5700
5942 6251
4463 4899
5592 6264
7394 7331
1461 1922
750 1465
20 568
5006 5417
8071 8433
869 1096
9983 9929
8353 8662
5803 6015
5937 5803
799 1385
10100 9935
8218 7240
8233 7965
4441 3794
6327 7164
6138 5903
95 339
8134 8804
10318 9933
9559 8902
332 1311
9465 9898
5218 4441
2558 2307
9828 9137
4789 5409
822 1125
3582 4064
6930 6094
1089 1526
5536 5751
71 943
3853 3621
2787 3398
6509 5716
2599 3478
3786 3006
33 248
4896 5179
2981 2010
9090 8463
3303 3689
3873 3740
66 980
7146 6390
10537 9928
10321 9765
7935 7148
1548 1860
7214 8059
6515 6453
9107 8976
7860 7988
83 394
31 999
9277 8680
35 830
3891 3424
6276 6282
6754 6017
6454 6475
5391 4873
8996 8506
2299 2682
7451 7922
57 191
7669 8395
3305 3270
3391 2592
6353 6033
5109 6056
751 1666
4474 4775
4629 3944
12 915
27 129
5135 5854
2405 3065
6512 6281
6146 7141
7678 8667
2602 3041
9114 9967
39 210
4262 3957
57 494
75 461
6996 6734
7979 8642
72 803
9482 9308
9879 9549
5715 4820
4387 4549
6328 5623
9732 9663
35 266
766 1442
3132 4110
7551 8035
4469 4710
5940 5675
4195 4099
7865 8035
9130 8216
3456 3524
9153 9324
8418 7960
8571 8959
7501 6602
1686 2152
2718 3575
3543 4362
980 1321
2244 1785
3237 2766
6735 6548
8110 7793
5890 6043
10455 9771
2990 3199
3212 3871
8555 8785
6187 6845
8075 8049
9275 9729
1560 1874
2974 3944
10170 9560
874 1327
6212 5745
3788 3925
9772 9274
2459 3408
42 585
3541 2984
72 145
4451 3994
5019 5451
64 781
6945 6887
1552 1095
6673 5790
10703 9725
4989 4999
7762 8660
8276 7436
8132 8295
4262 3988
2312 2581
1424 1074
7805 7443
47 927
18 782
84 749
9420 9395
70 448
5307 4511
6285 5878
25 208
8275 7863
4030 4255
2271 2407
8827 8380
2073 2391
3295 2401
8477 9359
8180 8879
1382 1835
25 1010
864 1824
3177 2470
7005 6424
3686 3605
1808 1782
1520 2426
7466 7840
8940 8996
8682 9432
8463 7586
6321 6649
4037 4771
10555 9787
7350 7206
2461 2157
2445 2028
5188 4247
10373 9413
6265 5815
9519 9034
2985 2539
6425 5797
10257 9864
4109 4108
4280 3569
6032 5904
4339 3644
4026 4581
3913 3985
8381 7569
1988 2926
2203 2166
3055 2242
5163 5529
5919 6669
2591 2143
8186 7694
8741 9154
7202 7084
9448 8541
10493 9855
62 473
7884 8415
2928 3217
4334 3404
4679 4711
4901 5376
1990 2488
9977 9449
2422 3091
8026 8241
1440 1424
6457 7352
7772 8686
4421 3800
2784 3623
9205 9176
703 1220
2179 1606
4113 3497
4581 3966
4006 3112
2855 2615
9591 9910
5289 5135
7379 6682
1195 1411
9450 9305
8531 9259
8693 9159
2370 2791
7762 7293
252 1228
71 452
80 403
1457 2256
7675 7189
2720 2316
7255 6902
56 526
4605 5130
7392 6530
3186 2743
10208 9266
4676 3935
7837 8286
2754 3028
8401 7731
4661 4493
3486 3562
2298 2295
3793 2928
1667 2550
5910 6510
3619 3716
7796 8600
7629 7628
3662 3636
2747 3540
2238 3153
9949 9850
3322 3533
88 419
7078 6154
7538 7115
65 560
3429 4148
6491 6522
6814 6879
2603 3556
10350 9373
8629 9086
7728 8572
2208 2395
8016 9003
10409 9826
4946 5328
2853 2040
10664 9700
1159 2137
29 77
6912 7560
60 903
5208 5038
9085 9572
4614 4710
6459 5933
9458 8575
7997 7647
4806 4863
933 1919
3476 2653
67 137
8117 8178
6857 6446
15 345
6336 6396
7709 8284
8014 8857
2170 2938
6142 7064
2812 2300
5574 5058
3207 3989
2315 1412
9888 9668
37 257
798 1729
5698 5294
6718 6477
5680 6241
471 1325
3082 3825
5761 6655
6281 6271
2816 2584
10414 9628
6915 6979
2949 2550
4177 4199
1107 1414
10407 9757
5337 4933
2484 1579
5546 5737
3474 3003
1695 2411
4501 4214
7344 6556
5285 5539
8012 8875
7774 7151
9406 8782
6653 7215
4447 4908
6121 5934
7155 7781
913 1135
6141 7110
9281 8836
10022 9209
9509 9493
3023 3889
8324 7489
3064 3923
6465 7355
8572 8534
5281 5799
6195 6124
4112 3688
2662 2524
4461 5403
3612 3723
2063 2855
3165 3707
1412 2000
17 518
4206 3366
9938 9420
4290 3974
9502 9021
1316 2236
9926 9604
3069 4033
2091 2848
2594 2688
5392 6352
4651 4415
2130 2263
20 705
6996 7752
9429 8872
3223 3906
6413 7341
4514 4136
7462 8075
9389 9611
5043 5678
2896 2651
3019 3099
1571 2384
1777 1930
9919 9882
8993 9200
7097 6219
5832 4847
2505 3074
9297 9483
8836 8589
6004 6293
2870 1926
32 345
8867 8346
603 1263
2294 2839
1085 1504
2737 3663
4964 5179
971 1250
4434 4546
3016 3569
8303 8473
1794 1920
3305 3359
4459 4897
668 1642
732 1729
7528 7631
5441 5680
9939 9119
50 492
3473 2532
8658 8433
3907 4130
7667 8453
3079 2628
2461 2743
7967 8522
8854 7917
5700 5923
6849 5947
1534 1397
8409 8329
59 812
6558 7463
1705 1213
96 640
85 605
3566 3470
9740 9417
8059 7195
8218 8859
9079 9529
8090 9032
80 942
15 49
5560 5922
2098 1431
2970 2423
4372 3839
8416 8809
8648 9002
76 605
8387 7876
92 782
8893 8816
5582 6426
36 680
2356 1465
5121 5027
2639 3234
2538 2218
5711 5279
8150 8445
6017 6462
1299 1339
10270 9364
5256 4642
3868 4183
4361 5293
4876 4810
9889 9659
4568 5125
8793 8910
6825 5974
9560 9196
13 965
7593 6666
2710 3138
904 1320
1310 2138
720 1496
4009 4821
5547 5733
658 1248
33 184
4446 4574
7758 8460
6876 7007
8314 7703
3321 2455
1592 1696
7203 6235
4440 3848
8882 9042
7900 8191
17 61
3467 2532
6371 7322
9399 8838
15 676
95 563
7317 7387
6212 6668
1361 2024
12 619
8234 8890
33 479
5990 5356
9150 9207
3353 3013
1187 1370
5372 6313
10054 9497
9617 9022
7336 7731
6097 6044
10503 9687
8087 8817
58 405
2148 1606
4439 4094
9466 9917
1649 2102
6424 6686
2199 1938
6996 6319
2748 2020
3040 3496
6098 5457
5164 5630
3862 4070
2338 1683
9940 9211
7674 8622
9194 9626
31 558
9462 8692
7063 7712
2227 2282
9859 9599
4486 5269
7304 6743
6429 6604
1010 1439
789 1212
47 737
5281 4348
9774 9958
5490 4814
3648 4616
12 339
5164 5526
7822 7658
6014 5049
2644 2277
8647 9527
6131 6479
5384 6079
6902 6486
3050 3651
6702 7648
7048 6748
8160 7313
7615 7392
9378 9701
6998 6722
2376 3163
2650 3503
1141 1324
3395 3361
7801 8363
9284 9712
3700 3870
4838 4901
9874 9562
4720 4719
7308 7606
4085 3132
6922 7808
7608 7796
63 1001
6875 7637
8365 7754
8380 7473
4955 5173
6979 7949
7714 7772
919 1348
85 179
57 612
1470 2243
3754 3318
5455 5288
6629 5886
5643 6070
2073 1187
10900 9976
10234 9461
2224 1709
1017 1986
8398 8822
4627 4645
956 1950
3059 3390
6479 6041
8737 9699
7124 6603
2873 3369
8000 8063
4116 3635
2322 3167
8231 7730
4187 3952
2112 2728
6907 6509
4518 4799
4184 4669
5104 5426
7853 7432
6866 6284
13 613
5575 5734
10029 9681
7708 8543
5776 6452
5831 6397
82 943
4333 3451
2788 3184
2868 3492
5022 5429
63 124
9031 9633
4689 5047
8544 8032
4517 4704
8850 9485
1375 2274
4617 5481
10336 9558
9231 8564
3303 3646
2033 1156
7760 7973
9579 8811
1456 1231
4723 5176
10291 9861
8448 7513
8294 7705
2455 1884
9790 8859
45 799
7644 6825
2186 2295
8543 9480
1309 1487
2090 2042
3413 3707
6262 6088
6173 6535
5702 6009
6200 5200
3824 4084
5501 6343
72 719
1882 1657
7976 7815
5448 5270
1738 2689
6634 6844
9897 9349
9906 9033
2484 2013
8650 7740
3424 3829
2192 1675
10543 9655
6691 6331
5814 6248
2467 2608
2364 2123
5082 4613
6477 6892
821 1391
2347 3311
503 1195
8560 7582
1982 1204
8072 9006
5213 4633
3643 3801
5411 4489
7500 8227
4559 4294
97 541
1945 1466
2007 1596
3156 3109
5386 4909
3908 4007
25 89
3146 4055
5633 5009
2215 3050
8786 8594
2402 3000
8625 9060
3972 4065
7878 8294
10401 9803
8857 9262
7045 7439
3081 2747
5645 6489
55 521
9296 9214
2337 1454
9162 9516
8640 8961
2011 1752
5437 6118
6069 5086
3776 4498
5986 5309
7006 6531
3598 3028
4922 4893
3625 3102
1025 1668
3709 3160
483 1328
12 480
99 940
4564 3801
48 616
5812 6264
8295 8367
6727 6772
9974 9293
6521 6887
4399 5380
6153 5182
9430 8574
54 540
62 518
1692 1516
8512 8786
5789 5018
1551 1974
3980 3161
54 447
6419 6464
2088 1587
3118 3670
8077 7405
6842 6194
5438 6323
6251 7039
5354 6286
6494 6483
7201 7809
8165 7595
5911 5797
4579 5304
8770 8163
8371 8291
3089 3461
5790 5432
8584 7726
4633 5106
1572 1630
4618 5243
5529 6432
10333 9655
2332 1916
8400 8455
1433 2113
10540 9959
9048 8739
9845 9476
9252 9160
8422 7969
6379 6138
7582 6989
7079 6564
6930 6603
80 112
63 572
3861 3442
10024 9194
3157 2243
1623 2418
7369 6675
1802 1455
1793 1228
55 583
6350 5425
4368 3995
1422 2171
4636 4173
3655 3783
6774 7069
67 187
2767 1805
6904 6964
6899 6262
8179 8130
5226 6144
64 234
10027 9793
7228 6470
4682 4221
6902 6430
2884 2208
3009 3982
4947 5015
5242 6136
6349 5866
9641 9603
2845 2836
4257 3649
66 539
12 131
5835 5874
4902 5568
14 466
5731 6552
9914 9548
3357 2859
5592 6570
8469 8404
8782 8972
3177 2747
9283 9875
9117 8564
10379 9566
9874 9803
5363 6248
6295 6244
3905 4796
3666 3272
7035 7067
50 39
5289 4453
9680 9111
9093 9112
9343 9371
4582 5421
23 339
7024 6675
8907 8562
2949 2014
6790 7382
5289 6160
3450 2653
5396 4584
5630 4737
6132 6131
7934 7876
4255 3655
6889 7425
5091 5736
6488 6375
77 57
1427 1478
8039 8490
8194 8048
7312 8087
10338 9841
66 274
3571 4397
6478 5480
12 928
5044 4329
7160 7782
2933 2596
9315 9220
7306 7828
3459 3276
7768 7458
8454 7699
5328 5972
3397 4029
3093 2706
4962 4336
8130 8228
9008 9637
6335 5392
6672 6383
5169 5266
3126 2282
3457 4260
7417 7092
3616 2791
2972 2346
4062 3999
1793 2586
4094 4688
5182 5041
2532 3092
3817 3516
5236 4243
8132 7686
1485 2148
7849 7535
798 1480
4302 4988
5956 6866
8323 7605
9491 9558
5134 5837
6540 6651
7715 7876
8261 9089
853 1682
3705 3400
6734 7165
8122 8759
6715 7714
6685 7146
6967 6661
3635 4612
1626 2264
5002 5661
3102 2799
5410 5768
2887 3230
4780 4227
3280 2286
2222 2051
66 324
6100 6652
6982 6812
6978 6214
4038 3935
7648 8001
6839 6959
6113 5919
5413 5900
5930 4995
7456 7454
4555 3856
2266 2641
6888 7805
2981 2623
2173 2828
5593 5250
4176 5110
7775 7690
6188 5814
746 1141
4392 4832
5722 4812
2931 2908
8238 8660
5869 6687
72 360
2587 1785
2699 2165
9423 8780
7555 6587
1396 1450
4621 5501
3135 2938
7037 6316
6094 6056
4697 3748
4070 3914
6329 5439
2183 1996
1236 1545
2295 2278
27 283
39 736
1087 1526
2315 1965
7968 8483
7418 7583
55 608
9938 9166
10668 9672
5129 4834
4118 3688
6159 5828
8308 8217
7292 7595
3712 4083
9375 9589
10136 9861
15 667
6441 5540
2533 3277
1099 1042
50 757
2892 3158
24 123
1517 1159
7041 6658
1838 2769
7128 6852
8554 8777
73 432
623 1208
5564 6393
9582 9379
10153 9177
93 468
4924 4727
742 1155
2511 2370
1171 2072
7688 6897
5292 5718
2694 2256
408 1342
7306 8131
10235 9602
4220 3869
3529 3522
5101 5480
7699 7090
34 465
7306 7902
5878 5650
5865 6248
2507 2529
7542 7596
9708 9178
1690 2415
2969 1984
4737 4120
2993 3993
3040 3253
7006 7788
1735 1518
5508 5548
71 300
6130 5429
1460 2031
7298 7399
3553 3803
9917 9213
7390 6791
44 567
62 763
8773 9325
2635 1901
6332 6445
12 373
3617 3220
3377 3446
4717 4687
6396 5901
7073 7381
1424 1046
1372 1315
8291 9056
5536 4573
8429 8957
3898 3070
9512 8958
4592 4461
9496 9966
66 671
7563 8290
2340 1755
8473 8167
2519 1861
10986 9999
5289 4793
3494 3698
69 786
4299 4191
3283 3722
4947 4084
2898 3396
6298 6774
7911 8279
3201 2784
6121 6636
8721 8300
1784 1523
26 241
4867 5222
49 617
6811 7350
4727 5412
2425 2841
98 793
7668 7390
9120 8865
6416 7324
4365 4255
2590 1613
2365 2061
1453 1998
4761 5709
6421 5724
6176 6465
4177 3489
4688 5043
87 482
2051 3023
7841 7304
9360 9266
4451 5253
4753 4242
3848 4706
2328 3220
32 796
478 1028
5553 6473
11 262
4814 4759
5797 6680
2379 2671
13 346
2303 1625
9686 9174
87 33
5321 5617
7524 7782
1960 1738
2654 2621
3077 2832
3499 4302
1158 1586
3508 3951
98 303
7580 6730
4111 4124
3641 4229
5607 5929
4937 4576
3662 3744
6207 5964
945 1796
9269 8294
1937 2751
7871 8584
5054 4278
6769 6286
3609 3884
8863 8436
4428 5214
4060 4066
6427 5441
7066 6156
2045 1403
5800 6034
23 99
70 547
1894 1190
85 814
1441 1471
8178 7487
9007 8963
3721 4065
2367 2750
4031 3324
3943 3489
7605 7706
2821 1848
1990 1966
4556 5124
8042 7319
8977 9815
1576 1712
4139 3382
7820 8459
2881 3313
9184 9532
8260 9064
5706 5708
6409 6665
4114 3991
8568 7924
5230 4798
8524 7707
2505 2659
10616 9813
3447 3398
7524 8372
64 23
1180 1907
10600 9878
3414 2710
4504 4671
9487 8512
6574 6574
41 550
2099 1126
9754 9326
5490 6208
1525 1627
6419 5543
39 81
9359 8951
6172 6548
6892 6672
8240 7709
2289 1871
1959 1610
6455 7314
100 25
2384 2539
1441 1630
1827 2664
6121 5836
5452 5704
4923 5675
4645 4762
6128 6335
8512 8440
7367 7368
2866 3596
896 1705
6921 6703
8106 7887
8935 8089
8720 7850
89 214
47 920
4422 5421
3142 3509
4537 3668
8436 7532
2631 2707
8501 8211
9574 9710
7333 6692
6790 7004
8137 8648
4043 3284
42 258
9121 8669
5760 5599
1932 1326
4455 5296
2810 2138
6587 6105
3526 3447
3010 3541
3107 3408
3676 2957
9397 9088
4499 3898
9119 8240
7517 7828
4858 5475
7809 7905
45 434
2062 2777
4710 4041
3628 3540
10 773
3986 3348
2017 2743
10177 9257
7598 7406
1937 2531
1810 2502
2227 1826
3374 2476
4941 5562
73 613
3608 2677
6161 6007
9116 8346
3996 3517
3533 2713
6825 7084
6793 6404
1327 1473
2398 1921
2041 1969
2669 3015
1953 2802
2756 2794
8115 7758
88 969
4980 5604
1523 2082
5556 6536
70 532
1418 2297
2514 2954
832 1817
5409 5563
4377 4549
5445 5705
7443 7024
8966 9211
4272 3446
8014 8777
7796 7064
38 799
2754 2692
1534 2379
2375 3019
10002 9882
8778 9237
8947 8022
31 939
4716 5689
4133 3157
9323 8455
1976 1588
2583 1994
4107 3842
8652 9035
2777 2848
6230 5768
1626 2362
2069 2681
1585 1293
1887 1028
5820 6485
6121 5787
6628 5691
1675 1415
9049 8569
6064 5551
6560 7461
4638 5331
3706 4617
6302 6646
4101 4502
720 1207
7065 7519
4020 4852
1266 1409
2047 1369
6236 5822
6691 6221
7232 7409
2428 2670
2180 2268
4239 3251
8149 8976
5349 5677
6860 7457
3989 4164
9079 8504
9358 9832
8628 7869
3087 2890
9012 9036
2173 1735
7921 7338
66 813
2438 3288
1531 1592
5433 5652
2979 3040
9754 8754
4608 5095
5860 5936
7161 6238
4928 5144
1380 1287
7026 7672
1921 2817
2299 2293
5101 6021
2966 2354
5554 5521
58 468
9110 8652
3827 4112
5532 4690
4129 4868
525 1467
5088 5458
4965 4324
8790 8822
6485 6470
8365 7412
9716 9303
2543 2293
9097 8928
3662 4004
1186 2133
5111 5264
3121 4006
8265 9082
6991 7860
2849 3842
4507 4061
923 1581
2673 3307
42 913
8508 8197
4797 4260
786 1241
5569 4911
9550 9174
1280 1519
2393 1965
2357 2013
8525 7650
7668 7591
2143 1914
3587 2976
3186 2936
48 485
8818 9358
4252 4733
2348 2988
4895 5804
6881 6999
1780 2662
4723 4803
2442 2818
31 855
11 671
8601 9275
3323 4240
12 714
3114 2514
7738 8489
4442 4777
85 983
10000 9141
9824 9412
7741 7845
5368 5853
6991 7901
8235 8362
667 1288
5911 5611
4488 3897
5762 6754
8828 9222
10360 9904
5420 5180
1793 1573
6524 6130
8104 8483
4833 5049
9666 9856
1569 1637
2186 2909
4881 5415
3417 3137
9688 8890
5548 4914
2986 2010
9353 9337
9380 8465
8385 7457
9211 8970
84 873
9194 9661
1401 1472
6959 6470
9216 9932
23 555
4678 5480
8713 8047
7659 8412
8680 8798
8509 8789
823 1082
5299 4356
6611 7233
6082 6886
2232 1322
4694 4305
1392 1261
92 677
10200 9852
2378 2908
4479 4569
6979 6500
6162 5348
6194 6396
7305 7115
8443 9396
10717 9850
19 337
2090 2955
8151 7345
5986 6862
3413 2708
4341 4174
19 1006
8012 8172
6682 7292
5915 6615
9954 9289
16 630
16 597
3161 3551
8747 8606
9822 9483
3511 2736
8457 9195
8289 7566
8397 9261
14 509
3501 3264
59 63
7371 7276
8385 8832
8847 9571
7884 7386
6842 5983
32 759
10359 9478
2722 1775
3691 3968
1695 1305
1075 1590
7128 7632
89 61
6833 6480
4874 5692
9332 8399
3511 3478
60 322
2083 1953
4507 4452
2291 2710
7665 7805
5648 5746
6006 6950
6421 5950
38 118
7681 6864
7985 7544
8855 7919
62 938
7329 6943
8224 7481
5072 5410
6499 6663
27 646
6336 5999
7000 7145
9721 9362
9426 8912
6790 7632
6928 6860
6998 6245
9547 8993
7924 7516
5942 5851
10200 9584
1869 1385
4064 4946
10593 9761
6133 7081
2035 1620
2307 2186
6500 5518
9125 9083
2472 2862
7034 7538
460 1180
4921 5388
4666 4594
5304 5078
8745 8312
9133 9940
3826 4465
5691 5590
3876 4399
2035 1076
4810 5512
7402 7425
10943 9980
6551 6610
5959 5280
6898 6218
4852 4783
8609 9214
3712 3946
5066 4117
4498 4610
7975 7239
1491 2107
8438 8227
2258 2156
4210 4359
7801 7650
4422 4589
5547 5678
1696 1543
8051 8420
4462 3985
5537 6252
1713 2448
7348 6949
7009 6542
7207 7163
2136 2809
5551 5588
7877 8544
6592 5697
9187 8554
9492 9555
9270 8779
8341 7500
3982 3865
6355 6360
2456 1866
9013 8035
6466 7254
8960 8626
9907 9393
2284 3187
1223 1721
8693 8859
2506 2781
100 555
4569 4958
4008 4929
1500 1222
6110 5396
77 299
2153 1969
1344 1869
33 797
4221 4475
6430 6568
2844 3115
3071 3098
5835 6495
5683 6668
2272 2911
597 1086
75 1022
2945 2446
7076 7845
6753 7186
2070 1098
4720 4071
4717 3857
8023 8620
9806 9141
7771 6969
8757 8333
7111 7775
5213 4758
7586 7055
7273 6852
10511 9930
743 1411
5627 5980
9070 9599
2505 1505
10438 9785
74 343
2471 2853
67 29
5212 5350
6539 7000
10309 9845
8055 8148
6875 6593
3402 3461
7944 8063
6872 6645
5589 6300
94 741
6826 7392
9133 8401
1478 1491
8767 9208
5601 6294
7543 6632
8801 7940
1054 1250
9048 8414
8491 8187
6379 6403
7476 7439
7218 6242
7425 8168
46 512
4011 4903
6399 6300
4720 4346
6041 6602
8386 9155
1410 2250
5359 5633
7481 6624
3155 3365
4340 4725
7681 6934
87 975
2710 2353
10175 9455
7589 7589
6973 6120
3285 2971
47 357
77 749
9218 8337
5747 6722
9301 9924
64 37
8386 9255
8380 7966
451 1227
70 599
4670 4149
1113 1397
4477 3793
6557 7018
3626 4245
5530 4727
2219 2857
6298 6875
4566 3930
7824 6836
5047 4593
985 1644
8923 9624
8526 8038
7221 7841
5669 6196
6768 6807
2223 2990
9602 9209
9381 9205
6997 6413
2919 3799
7814 8678
3877 3038
8986 9030
81 737
6425 7013
2733 3670
3445 4338
77 554
2230 2522
2670 2778
7114 6779
32 571
1474 1110
9179 9693
34 29
7068 6283
27 868
4132 3802
5233 4275
1778 2561
21 312
7139 7731
9182 9359
1646 2293
5379 5427
7529 7824
6116 5161
3151 3473
2423 2535
2331 1890
6480 7407
1202 2046
3441 2518
2407 2255
7404 6787
9313 9836
7627 7610
7665 7476
939 1893
6401 5715
5269 4328
3968 3223
98 830
9181 8873
2453 2611
7285 6980
7519 8065
4358 3426
9123 8147
1838 2428
8407 8625
28 62
4787 4094
1530 2053
6909 6932
93 685
683 1323
6196 5917
6631 7259
6680 7085
5204 5530
6087 5667
6352 7313
2215 2131
5354 5884
7779 7848
6462 7093
92 915
5942 5266
3176 2980
5382 5882
5785 6582
4363 5147
2700 2099
8881 8400
2375 2962
2529 2978
67 359
4978 5418
6214 6395
1064 1850
8905 9423
6788 6613
8287 9010
37 451
53 136
59 507
7705 7005
8681 8560
8933 8384
32 941
6888 7615
13 674
8009 8226
7171 6284
50 340
10388 9771
3452 4198
2729 1992
8726 9109
1377 1551
9155 9709
9959 8969
1418 1415
3777 3269
8653 9359
5091 4096
3132 2330
3682 2848
8869 8754
4529 5214
3613 3018
2408 1792
88 924
4974 4867
7650 6705
5559 4668
6977 6450
8453 8098
5963 5631
5305 5356
2161 1443
60 1001
62 358
5800 5525
1878 2379
2363 1794
6786 6953
77 452
6576 6402
1962 1037
2028 2806
2405 2208
8290 8329
6534 7011
9393 8424
2586 3192
7433 8289
3904 4449
8123 7573
9330 9838
1254 1522
18 80
3460 4073
10045 9638
59 642
4175 4262
7333 6961
8107 7113
60 395
3994 3381
5408 4589
4370 3494
3265 2786
2504 2950
8020 7697
4807 5580
7665 7914
5573 4642
1713 2156
5573 5044
1895 1149
1554 1641
6939 7750
3756 3281
4141 3789
7175 8088
5440 4628
4833 3946
1679 2042
1740 2017
7671 6802
8842 8871
435 1079
4946 5395
9320 9311
4004 3849
77 560
8879 8786
2424 1896
5816 6814
7177 7189
6937 7687
44 45
1932 2088
8170 8563
4537 3967
5719 6448
8910 8783
6024 6765
2932 2867
8805 9063
8548 7641
4255 3968
17 37
9901 9949
18 34
3955 4537
9286 8871
2569 1942
2827 2302
6764 6756
36 1033
4551 4534
6660 5933
1496 1960
9609 9158
78 396
6042 6205
7347 6517
965 1806
5411 5420
6416 6380
636 1397
3203 3093
7240 7491
5789 6605
6497 5715
10154 9686
2210 1569
1952 1044
8295 8211
2261 1508
5357 5379
5526 4776
4921 4541
3197 3667
10040 9639
5470 5520
56 192
7718 7923
4903 4913
6245 5615
4299 4542
4730 4861
6006 6676
6875 6238
7587 6931
6449 6967
2062 2289
2161 2130
2477 1560
9283 9092
9943 9190
5776 6092
5596 5424
6620 6178
6055 6536
6536 6351
1341 1342
4721 4447
3728 4693
7460 6605
3975 3400
867 1773
7813 8466
91 993
6458 6834
5505 5428
4975 4523
4050 3535
5514 4763
583 1393
8582 8969
2018 1537
5787 5155
8647 8165
6219 5472
3602 3751
5719 4790
4225 4696
7218 6393
3506 4432
3127 3682
9290 8328
7268 6870
1710 1835
3552 2632
9904 9092
3500 3325
2200 1270
19 795
4701 3861
5435 5594
8285 8874
8417 8714
50 72
6562 5891
5144 5427
9668 8944
8089 8100
59 880
5256 5489
9249 9475
5222 5800
51 449
5136 5796
6877 7272
3877 4291
951 1607
7795 8109
7564 8556
1970 1851
5695 5148
26 185
9011 9494
8503 7777
5996 6767
3985 3892
2326 1576
8737 7795
7576 8136
3942 4174
3524 4507
6200 6362
2067 1525
6474 7171
6558 6382
9275 9567
8874 8508
4326 5070
5255 4581
2090 2833
4882 3892
100 930
7934 7483
6084 6898
5609 6177
1727 1611
4964 4961
256 1158
2524 3178
8862 8459
7889 8554
7065 6601
8479 9365
94 196
3336 2454
4163 4268
3012 3327
6365 6944
7085 7393
8716 8263
3828 3260
5173 5549
8159 8988
48 445
1881 2144
2958 3749
6913 6101
4323 4690
62 99
45 503
6882 6854
6111 5206
6601 5647
8147 7426
7769 8385
8794 9114
2529 1738
7800 8157
2491 2022
3619 4040
5176 4934
4666 4789
72 783
9949 9469
3677 3904
3718 3919
1634 2273
87 226
6091 7002
7142 6771
3389 2537
884 1849
6490 6511
5508 6414
1536 2116
8424 8927
7859 8238
8150 8108
3131 3723
4243 4027
4074 4980
8990 8683
1217 2198
7024 6026
8450 7967
9536 9169
10098 9725
9523 9035
57 95
1578 2148
28 425
7726 7610
1692 1475
2346 1771
6560 6932
1877 1490
8131 8072
9048 9868
10481 9850
6203 5673
4204 4102
7566 7478
6599 5896
4615 3961
3857 4433
3203 2543
5210 5452
8457 8387
3207 2932
5907 6548
6042 7036
9248 9810
33 108
6021 6553
9121 8712
8954 9102
6540 5791
5935 6425
9331 9460
3685 4365
3182 3393
1890 2247
9133 9260
2281 1559
2822 2102
9249 8578
6991 6488
4517 4609
4682 3899
1236 1701
7069 6261
3700 4251
1221 1229
1364 2297
8443 8457
3769 2899
3381 4351
5262 4491
47 33
8263 8505
4881 5380
2322 1538
1535 1481
345 1272
4619 3638
4130 4998
2025 2236
5320 4618
158 1101
1905 1474
7560 7381
6615 7463
6788 7620
7085 6612
8940 8119
4113 3993
3692 3788
49 493
1841 2055
9382 9068
7484 6741
8204 8467
5023 4338
7676 8077
5372 5270
8047 7097
6666 6854
7255 7519
6686 6805
1347 1641
9238 9468
100 282
3438 3594
8490 7678
40 285
91 472
4691 4616
47 843
3357 2851
8453 8317
4060 4718
834 1658
4861 4397
1079 2053
3823 2959
6114 6364
90 508
2721 2534
8055 7889
2453 1539
5396 4502
7467 6527
6387 6382
2513 2391
6445 6233
62 995
4829 5151
5518 5024
4148 5113
7044 6730
5515 5808
5719 6303
3570 3099
7835 8441
9809 8809
8938 8635
8756 8779
3508 3126
8647 8469
7129 6771
2909 2682
8174 7823
7162 7400
5982 5650
6744 7332
68 336
7116 6831
9021 8424
10550 9859
9462 9069
71 140
6978 7150
7232 8157
8136 8012
3431 2913
4006 4807
4918 4435
1273 2251
7415 6657
7130 6388
37 989
2481 2780
41 262
7822 7048
2340 2854
2029 2173
8989 9603
72 178
6459 6657
3444 4268
2449 1459
6208 6137
1703 1039
2113 1132
3462 4275
3422 4339
2123 2557
8855 7893
5277 5084
4352 5283
10688 9866
2615 2092
7287 8032
4956 4729
4301 3699
8271 8582
3889 4649
10181 9814
2343 2023
5829 5062
7372 6581
4313 4240
6195 6170
2319 2903
3732 4501
8576 8027
2355 1853
6027 5165
6849 5931
1519 1169
5778 6694
648 1584
5033 5209
2398 3043
5839 6672
1811 1732
5801 6254
2284 3063
1422 2091
3835 4828
7368 7642
3106 2855
6613 6226
8299 8599
4561 3750
3759 3199
6977 6027
6256 6098
8944 9306
7773 7874
4093 3972
8339 9027
7862 7581
8518 9012
4280 4052
1652 1626
27 110
8746 9680
8051 7724
6838 5933
10427 9512
3800 3720
7160 7459
52 448
4917 4156
6705 7255
45 870
10389 9630
6304 7032
3679 3405
4397 4136
8144 8690
8501 9451
2216 3030
9727 9434
1667 2190
3638 2988
4224 4337
8226 7952
9851 9121
3660 3472
5907 6820
1203 1231
2227 2107
65 265
2609 2167
8785 9472
3158 2434
2584 2534
4299 3898
8144 8899
4456 4192
8485 9318
1948 1644
1645 2124
6828 7669
3325 2489
6707 6353
9954 9184
5778 5814
7545 7997
2384 2085
3791 3294
8254 7864
8563 9467
9540 9482
3510 4507
9230 8959
4746 4111
7335 6393
10025 9360
6706 6736
7837 7788
6844 7451
6587 6838
4510 3849
9409 8960
5871 4977
8174 9046
8788 9078
7196 8119
734 1567
61 657
5855 5912
8818 7819
934 1696
4996 5476
4715 4789
8661 8128
1415 2281
3377 4161
1774 2033
5442 5807
8272 7444
79 88
6462 5752
2037 2331
5137 4804
4438 4151
73 43
6764 6892
2700 2195
3099 2711
7325 7791
8770 7942
6986 6600
7731 7226
7073 7461
9940 9509
8287 8637
9250 9607
7260 7919
6361 6186
86 406
5837 5476
5217 5684
7355 7200
7194 7290
9619 9813
58 755
2612 1955
10128 9595
8058 7462
6895 6352
7039 6598
1582 2039
7933 7611
9331 9216
2214 3097
6734 6260
8679 9618
3564 3837
4615 4065
37 474
8316 8692
9569 9279
7610 6716
5609 5082
5829 5344
5669 6472
6012 6920
1461 1842
4327 3436
4023 3077
4059 4748
3722 2880
10075 9192
7159 6908
5784 6627
8249 8876
8908 8116
4214 4087
9265 9832
3028 3447
66 136
33 156
9169 9049
4449 5381
7976 8805
7588 7789
1801 2259
6716 7629
4385 4975
726 1677
33 768
3750 2958
308 1118
10088 9969
8132 9032
9751 9106
55 735
8976 9137
8860 8369
5641 6280
9786 9601
3687 3187
3157 2644
7721 8472
3153 3899
76 433
8509 8282
7340 8296
6523 6998
8654 8783
2337 1950
8045 7665
7202 7157
6621 5800
3795 3265
63 806
7259 7235
2283 2570
2077 2789
4025 4911
5415 5526
40 141
3146 2446
1001 1513
24 290
7981 7692
1209 1498
9180 9624
3048 3160
3575 4409
6325 6242
3479 3009
5754 6743
3783 3127
2126 2930
5823 6052
2479 1760
9701 8710
8464 8991
70 740
10101 9335
1854 1350
74 478
2354 3336
13 768
7594 7627
10 101
8964 8796
1291 2164
8113 7944
6367 5656
5805 4876
2096 2982
7240 6539
5210 5732
7305 7499
1952 1433
6194 5829
95 460
3918 2986
5297 6248
8448 8332
2506 1679
6362 6044
3064 2791
6932 6575
7347 7441
2791 2029
71 996
33 619
4950 4775
3253 4158
32 612
59 263
7561 7218
3971 4403
9184 8629
3022 3389
3896 3635
4351 5226
7109 7534
1766 2516
1505 1054
9908 8945
7956 8381
5076 5281
5103 4600
2764 3489
6784 5883
2998 3770
93 398
8409 8263
1942 2728
2082 1377
5951 6269
4048 4804
21 987
6860 6098
8265 7891
10470 9905
5535 5991
4087 4319
2942 3056
9757 9242
9838 9699
6061 5608
3453 3770
9417 9866
5020 5180
6046 5772
4029 4679
3960 4293
5748 5492
2056 1943
9410 8549
2330 1513
4795 4779
8399 7843
4923 5321
6572 5824
67 298
2742 2709
5736 5699
3294 2673
2650 3149
1597 2480
8048 8388
2487 3061
4880 4255
4411 4570
1804 1775
177 1037
5994 5211
4038 4066
83 204
8800 9160
76 673
4093 4350
5132 5423
18 109
6802 6369
10092 9653
8529 8465
3676 4000
9592 9788
3672 3356
1889 2752
6357 5385
1967 2844
9127 8468
65 146
7938 8571
1539 1228
3743 3378
502 1115
4930 5345
8293 8619
5356 5709
6042 6606
88 636
1216 1150
56 760
2359 3095
2075 1198
2382 2655
4567 4612
4862 5438
7276 7232
1816 2048
4253 5064
9962 9207
4062 4795
7668 7586
8618 8174
6384 6784
317 1215
3391 2885
2317 2343
2503 3082
83 332
8174 8913
85 242
5266 5190
7525 7080
7566 6858
6073 5116
4433 4811
4097 3309
5674 6451
842 1160
7208 8032
5423 6174
8864 8670
582 1542
9295 8477
5868 6459
6879 5947
6766 5995
5740 5526
7684 6712
8584 8973
3906 3289
4579 5368
8846 9352
85 344
4358 4021
21 854
39 880
8052 8926
92 957
27 994
1002 1445
7448 6700
6150 6379
1321 2171
2371 2875
7000 7991
8375 8498
53 314
8332 7849
3287 3457
2797 3313
5737 5757
98 339
1987 2497
6628 5937
2582 2800
4575 4612
6272 7029
9200 9879
54 749
6140 6826
6478 5729
5501 5074
7038 6040
1995 1471
4823 4017
2861 2588
47 427
2074 2453
7142 6884
5429 4676
3634 3707
9860 9305
5758 6561
5466 6130
5572 5908
2755 2131
7604 7485
6316 5333
9643 8922
10495 9521
7985 7796
10532 9709
9644 9651
8802 8054
4076 3980
4317 4349
8703 8937
10863 9968
5008 5615
26 266
1261 1820
8412 7644
8383 7458
6578 5852
79 575
6402 6050
3419 2509
6117 6666
1242 1258
5095 5106
1890 2268
4124 5031
707 1131
4695 4420
51 293
5774 5985
3911 3461
5815 5325
2177 2861
3218 2291
3485 3360
6309 6184
9197 9736
8286 9011
1841 1452
6933 7884
10269 9385
6076 6685
8038 7414
2264 1278
4855 4152
2733 2686
3513 3109
26 275
58 125
32 777
7713 8665
3314 3627
10687 9935
5328 6224
8859 9202
10640 9717
2154 2133
2443 2932
607 1038
8193 8168
9839 9033
4991 4247
5245 4996
54 664
58 587
19 845
922 1297
7114 6761
3312 3221
9885 9409
3748 3336
5261 6209
7237 8051
3120 2751
4526 4686
4233 4366
9331 8966
6522 6437
8319 7704
5735 4944
80 210
7803 7816
1769 2033
7630 6818
9779 8882
95 188
8796 8056
7714 8265
3770 3415
52 434
614 1118
2792 1795
8238 8304
94 632
20 373
8055 8280
5743 4963
8303 8188
4153 3547
1261 2206
4838 5561
6830 7635
2226 2505
9203 9108
5982 6476
4209 4387
7001 7245
6911 7637
8244 9080
6403 5642
32 646
10175 9401
2846 3176
7626 7914
8605 9336
5617 4917
1286 1384
5061 4787
94 825
40 760
6382 6629
8601 7836
966 1958
8649 9332
4014 3931
6144 5748
4680 5202
3718 4235
6219 5282
21 462
5090 6071
34 136
1963 1121
9274 9327
5489 4873
9563 8902
5723 4785
5585 5724
3434 3813
7318 6489
6696 6448
3042 2802
4535 4509
6445 6350
5760 6475
8741 9372
7790 7751
10019 9717
10023 9654
8520 7945
8890 9287
8620 8811
5637 5845
6887 7388
4889 5236
3241 4182
5259 4705
3064 3154
4282 3839
4264 3629
9230 8708
7600 8199
6719 5919
67 549
9433 8467
4709 5194
8363 8677
9108 9845
3962 4526
89 390
22 122
7319 6494
9278 8995
8713 8849
6081 5781
82 600
948 1864
2558 2025
3527 4162
5058 5047
61 540
9096 8197
1536 1231
10876 9926
7399 6523
2043 1603
41 283
900 1610
7719 7084
1900 2265
98 736
8441 9128
2499 2287
2184 1189
5776 4841
7483 8428
2256 3146
5909 5680
3650 3871
7295 7876
8157 9121
7915 8047
79 778
5808 5968
6787 5831
2357 1413
9184 9745
3758 3225
4987 4716
8215 7955
1681 1951
7349 6869
6358 6237
2795 3216
8001 8654
5847 5577
2986 3180
5714 5546
4160 4449
4441 5264
2342 1466
65 972
41 418
7352 7699
6881 6499
4571 5473
3628 3306
8781 8891
6147 6209
2631 1886
4416 4544
16 903
6315 6652
982 1616
7632 6864
7636 8115
7113 7064
3805 3095
3151 3898
1106 1278
2657 3590
4255 3755
891 1063
4620 4665
4788 5652
6236 6125
7077 7194
6479 6122
6689 7053
8766 9728
4629 4376
9466 9202
3133 3410
5350 4529
7402 7228
65 415
7133 7336
4729 5307
9116 9170
6824 7260
53 530
1211 1255
6542 6841
1534 1259
8457 8736
53 886
7012 6247
6130 6657
4142 3261
7999 7209
5665 6566
2385 3251
84 418
4670 4554
5700 6392
2176 2725
2229 2924
3433 4279
3273 2836
6569 6412
1951 2635
2618 3143
1245 1279
8274 7368
9882 9156
8096 7708
7438 7383
1289 1483
2395 2682
3461 2624
29 498
9024 9114
4325 4271
4085 4145
10162 9928
32 684
2919 2129
5912 6474
75 599
6822 7536
2178 3129
9530 9843
9001 9919
5040 5532
8801 7874
83 296
3061 3732
6867 5933
4339 5092
4988 5298
4402 3714
7562 6692
5600 5934
1490 2436
9010 9480
4452 4082
460 1258
3942 3248
2812 3363
7887 7703
2488 3426
11 769
48 417
9400 8485
7239 7396
1959 1944
4244 3608
9170 9790
7651 7595
65 973
1882 2107
1305 1446
5707 6627
5270 5393
9112 8887
5727 5903
6244 7193
43 605
4235 3848
5227 5134
3844 4150
5595 5096
3838 3543
1472 1582
9059 9149
9567 9791
4928 4091
3995 3088
10115 9247
15 344
3044 2788
5238 4711
4697 4989
3692 4456
7519 8254
1977 2119
5594 5275
493 1399
5215 5539
5819 6045
1566 2356
79 309
6573 7444
9198 9771
3024 2066
7980 7563
7995 7217
7221 7204
6544 6013
70 629
35 532
2980 2632
1693 2074
3181 3679
1269 2125
93 957
6582 7232
5008 4131
2846 3299
1707 1590
3768 4751
9328 9365
588 1314
4429 4717
9532 8700
1456 1132
4056 3574
67 580
8929 8309
6550 7344
5894 6574
1646 1866
10744 9839
1546 2404
4099 4852
2210 2476
3124 3971
7607 7852
6161 5431
8816 9802
6746 6152
7455 8359
7738 6850
464 1119
4262 3835
3319 2446
3319 3778
6768 7200
4036 3049
7613 6971
8318 8445
69 851
7159 6360
3059 2846
71 671
1171 2048
100 783
92 390
4876 4215
8362 8817
9865 9062
3504 3078
8454 8038
3851 3705
3607 2797
8934 9779
9316 8737
1862 1586
5737 5489
9387 9653
3201 2629
7692 7350
97 729
5636 5166
3957 4087
2599 3399
3896 3058
6760 7329
2089 1093
9693 9280
5709 5061
83 739
5419 5916
2101 1573
4682 5275
7286 7103
5748 6259
7710 8681
10704 9887
7489 8109
5899 6572
9032 9836
27 123
3152 2548
1264 2181
7994 7490
7395 6459
2861 2297
8850 8918
6493 6203
5338 5440
1242 2027
2366 2682
4811 4845
1576 2468
6916 6396
62 34
6176 5798
3654 4411
20 718
5479 4631
52 906
7525 8469
80 962
4873 4457
7728 8686
9873 9904
7234 7924
7505 8415
6326 7184
7982 8205
58 797
4815 4929
3865 3760
1971 1032
3285 2395
1292 1725
1370 1894
9023 9037
9057 8714
7545 7742
9474 9689
94 884
8016 7514
7069 6230
10045 9707
3839 2926
8134 8969
6926 7230
3771 3990
8835 8468
2139 2718
8809 7811
8866 9497
10399 9799
8011 8766
2321 2388
9439 9340
5756 5184
5403 6127
7093 7466
8737 7892
2805 2076
156 1068
4431 4739
1895 2606
4642 5315
1799 1050
2100 2396
2028 2322
4222 4114
4559 4687
9294 8937
2004 2873
9200 9207
4514 4744
8766 7971
9423 9917
3872 3814
5055 5189
8941 9607
4410 5060
3871 4790
2230 1855
6131 6670
10202 9493
9392 8975
6224 6415
5751 5433
5248 5603
6554 6208
7961 8811
4850 4483
4421 3870
2352 3317
4551 4332
6062 5986
1466 1304
8143 7296
7121 6645
4056 4597
4026 3721
7824 7455
6730 6027
5844 6516
6112 6820
6302 6831
3958 3777
8962 8320
50 823
9486 9658
10151 9434
98 554
7064 7357
2296 1821
3113 2631
3897 3954
6926 6834
4237 3898
6401 7216
6807 5871
4294 3461
60 210
4528 5411
1513 1057
4082 4380
3347 2865
43 30
2433 2252
8079 7531
7806 8068
5304 4926
8983 8575
7020 7355
7438 7124
904 1093
2243 1388
8921 9263
4022 3250
5593 5735
63 949
2195 1458
3619 4094
66 432
4989 4325
7872 8481
3682 3391
3402 4393
2782 3569
2822 3467
3326 2787
10241 9252
5821 5870
4697 5573
8849 8505
9748 8903
2777 3462
6064 6681
6200 6882
8762 8501
9544 9799
2049 1970
8773 9376
4963 5953
4350 4866
7039 6106
1381 1472
6046 5549
5016 4967
4524 3721
1571 1199
4104 4220
2091 1103
3093 2435
3190 3080
7783 7085
3232 2471
8409 7429
3988 3059
8280 7636
5298 6255
8301 7441
9302 8951
9303 9788
8040 8043
39 385
2138 2644
8503 8656
2440 2982
4517 4034
4227 4617
5129 4370
6573 7373
1650 2052
1405 1362
5307 4725
3923 4421
9177 9767
4015 3342
2730 3179
4983 5551
42 75
9849 8999
94 923
6073 6236
6128 7002
3738 3441
7320 8014
6135 6112
6045 5802
99 447
6693 6727
6022 6940
5181 5523
2571 3468
100 33
562 1225
8427 8039
8865 9047
2642 1741
9796 9199
78 377
9127 9201
2916 2676
2519 2675
1751 1890
5080 5289
5051 4956
6133 6260
4603 4253
2109 2078
1987 2041
2481 3019
4327 4459
1524 1112
8786 9743
3744 4052
5161 5167
78 582
10285 9899
9914 9952
1139 1378
5540 4769
9217 9034
4151 4312
8698 7962
4435 5196
8928 8947
51 366
4694 5480
4708 4259
3064 3132
5900 6295
5707 4852
8710 7789
1612 1059
6355 6376
2410 2752
6625 7486
6141 5689
7530 6772
1172 2048
8561 7683
1310 1416
8227 8940
7509 6995
8146 8799
979 1542
8727 8647
68 568
5809 6205
3198 3397
2913 2569
1825 1392
6513 7413
4468 3781
4155 3646
3953 3143
5183 4955
6436 7094
6599 6134
608 1040
3200 2909
10065 9678
7188 6651
1908 2279
7012 6950
5715 5525
5377 6255
8728 9391
2364 3146
9407 9739
10119 9689
80 635
7064 7613
7905 8299
2274 2705
886 1317
8879 8686
7685 8383
7110 6763
15 44
6069 6005
7534 6769
8104 7784
5918 6701
5623 5090
7863 7682
42 903
25 67
3735 3492
54 211
2752 2724
8760 8326
8460 8581
9418 9477
9982 9568
1478 1457
4630 4159
4744 4230
7524 8204
5253 5084
4055 3379
76 885
2061 2467
9486 9429
76 1025
8049 8467
9740 8748
5692 5251
9407 9103
9717 8827
5545 6253
4462 5110
2751 2847
7864 8264
9520 9207
3150 2170
7726 7002
4250 5155
1904 1751
7729 8040
8614 9381
3397 4335
2484 2922
1595 2366
3799 2934
6382 6696
6755 5887
8906 7975
3404 2668
4153 3175
3370 3394
81 655
6803 7450
8589 8301
1336 1851
17 696
7211 8191
3111 2400
5643 5692
10347 9623
6546 6906
8153 8759
8317 8409
11 741
5802 4918
8899 9771
5539 6199
3713 2918
6056 5399
4670 4253
5983 6176
5342 6050
673 1123
1681 1594
99 1004
7755 6989
25 780
5620 5730
4959 5198
6723 6319
8867 8113
9973 9680
4965 5234
4864 4826
7753 7844
82 933
1168 1852
7261 6457
8526 8196
704 1491
8027 7971
2615 3228
5535 4860
24 229
7493 7663
63 973
9909 9000
8762 8359
4400 5163
4365 4531
35 93
1943 1807
7198 7187
10623 9749
1841 2114
6390 6008
1907 2387
2720 1979
6211 6733
915 1743
8574 9262
6531 6920
46 749
6973 7103
5421 4483
5733 6602
7686 7711
7473 6982
3243 3938
7649 7829
3842 4782
5361 6250
1663 2006
4577 4580
66 190
5777 4965
4447 3680
7233 7482
5610 4705
2511 1833
6194 6637
8388 9347
11 921
1956 2632
5986 5438
6671 6015
3115 4070
9062 8162
67 140
6459 6081
2496 2156
8221 7637
6061 6172
9092 8776
73 351
7535 7520
4688 5272
6592 5932
9034 8255
5960 6944
72 122
11 898
8633 9027
8220 7424
6512 5521
77 482
8048 8029
5579 5294
9830 9254
1484 1860
5442 4744
4368 4512
4723 5614
93 44
87 122
2894 2442
6921 7223
3834 2873
4803 5445
6957 6992
10325 9409
4643 5418
7271 6631
9942 9712
8756 9614
9660 9663
1791 1329
8375 8704
9789 9214
9786 9650
8329 7864
2705 2825
2535 1599
3269 2589
6523 6172
4839 3956
73 550
5735 6150
8359 7938
83 930
4113 4653
9604 9667
9249 8319
6680 6173
1964 2682
6167 6587
2663 1754
7625 7159
2404 2393
6650 6216
6377 6150
8052 7906
2455 2459
5380 5703
6681 7259
4094 5088
5327 5010
3824 3738
3861 3317
6117 5147
8033 8902
4937 5297
4707 5604
3608 3994
8719 9663
2503 2449
9223 9775
6633 7504
8386 7813
6087 7051
5448 5375
3947 3594
9271 8621
2563 3506
6606 6501
6431 6471
5807 6761
2712 2342
100 703
5802 5841
8606 7646
8722 8970
9268 9241
84 592
48 653
8561 7848
6020 5785
83 268
6676 6937
8264 8864
47 926
9608 9158
1426 1967
11 945
5213 4674
4745 5552
4996 4071
9881 9234
9059 8892
10450 9863
9204 9764
8567 7662
6243 7200
5972 6937
61 841
7757 6882
4334 4737
76 248
29 597
6400 6023
4759 4903
72 602
7535 7257
1991 2988
7562 7754
6668 7006
6831 5981
9004 8024
7647 7659
2820 2140
6549 7000
3726 2992
5092 5642
8588 8324
10033 9780
8672 8143
2148 2148
67 235
8343 7950
92 656
5553 6489
8152 8317
1742 2126
6169 5598
8211 9044
9100 9470
6638 7236
3466 3594
4467 5077
8591 9035
3198 2422
6887 7388
91 603
3409 3661
61 574
8862 9017
2904 3629
7072 6950
5922 6121
3920 4123
7051 7753
80 768
79 551
1561 1637
56 419
89 858
3652 3818
5815 6366
4081 4737
705 1105
5731 4944
6125 6341
2596 3444
5275 5660
2888 2563
4553 4850
4908 4366
8072 8553
9296 9090
6162 5461
2994 2104
6641 6168
2027 2449
13 48
1974 2909
2471 2386
3896 4488
2397 2690
8103 8280
8987 9000
3411 2894
5749 6639
9452 9767
4684 3700
6386 6555
10004 9870
7503 7762
9849 9011
89 722
1895 2782
8360 8053
10171 9940
5414 4596
4011 4369
49 62
2329 3027
3738 4224
5225 4593
2851 2907
6537 6441
3581 2751
63 562
9793 9517
7565 8137
1858 1742
1482 1764
1618 2390
95 571
9740 8783
5792 5052
590 1537
752 1492
3408 2934
5555 5156
5108 4418
4420 3456
2413 2805
4607 3644
3767 3765
9222 9008
6285 6126
7818 7183
7240 7129
1890 2800
7229 8186
8795 7843
7628 8615
2262 2238
5552 4852
3350 3638
8263 8551
9243 9030
6905 6774
4730 5572
4112 4549
3018 2541
9692 9796
29 153
10305 9943
9644 9831
3546 4398
5794 5847
6563 6791
41 612
3958 3343
5429 5572
5950 5467
4850 5083
7442 7597
5273 6021
1491 1039
8480 8475
7758 8267
4298 4508
3360 4309
3606 3171
9466 8571
2799 2662
9693 9509
8755 8663
5739 5041
10084 9768
6896 7397
2984 3000
7863 7282
3165 3473
9686 9374
10731 9898
5599 5759
5962 5438
7262 6935
6472 5987
2375 1458
7027 7944
10326 9992
3037 2461
4251 3291
6233 6898
8122 7145
7520 7678
17 671
4190 3875
3537 4173
6641 7609
6533 5738
2182 2324
6329 5596
10526 9870
3143 3002
1590 1801
7687 6808
6171 5277
10176 9384
4441 3470
5152 4815
21 421
8434 9141
3125 3132
9047 9080
70 282
7073 6973
7886 7127
10113 9502
1253 1523
2649 3444
5440 5245
3246 2991
5635 5405
4124 4022
3496 4282
2373 2174
2251 2702
1622 1488
8865 9515
46 675
5828 6811
9199 9871
3869 4019
7184 7891
3149 3080
2026 1540
651 1403
9196 8283
55 847
8911 9287
4926 4730
6084 6595
3524 4484
5489 5519
1901 1971
2440 2865
78 184
7689 6895
3914 4571
62 103
5633 6142
5738 6065
4779 5532
8196 8469
1062 1063
4553 5292
1716 2545
8168 8005
76 594
6900 6837
4228 5016
90 629
6243 5272
79 740
4010 3548
8997 8725
9341 9542
1434 2019
2065 2202
1629 1627
58 591
4689 5362
2255 3199
4126 3537
7291 7184
4804 4820
5722 5597
9803 9618
9595 9531
4224 4516
3109 3511
3278 3764
2701 3326
2186 2620
63 216
3861 4529
87 354
5510 5700
40 104
5604 5735
6606 7347
8361 9247
50 497
5424 5378
2045 2769
9288 8667
5931 4945
26 958
3695 3619
3120 2162
6866 7830
6533 5781
8800 9101
8627 7639
8372 9131
2703 2262
3305 3104
7031 7959
1570 1403
7219 6764
6008 5632
8350 9322
8180 7560
10769 9936
4784 5642
4504 5260
9080 8278
5386 5522
9150 8627
6915 7250
6257 6238
1775 1586
3654 3945
2801 1847
4768 4101
2876 2398
3704 3598
98 129
8671 8942
2826 3785
4723 5381
58 480
7361 7534
7330 7650
1585 1750
3493 3230
4621 5048
61 363
4353 4968
7761 7416
7308 8103
80 585
8047 8159
78 255
6377 7200
9313 9034
7010 6813
19 582
1143 1504
6757 7747
5799 5990
15 581
5744 6395
9187 9858
9796 9430
1494 1514
224 1028
6347 5775
8483 7810
3417 2891
7118 6963
3485 3407
4041 3586
2857 3101
7268 8194
5383 4783
5783 5853
5001 4682
7299 8249
6879 6715
7985 7313
8721 8685
5302 6280
46 390
3103 3897
3585 4109
2237 3050
5129 4785
46 673
6676 6283
4595 5460
5029 5203
2815 3247
2074 2161
10404 9917
8061 8727
1691 2560
3974 3956
8443 9022
1801 2565
95 190
5472 5548
4933 5527
5391 5675
9346 9401
8969 9597
4527 5203
5937 6084
1747 2475
2822 3203
87 1074
2836 2525
912 1760
7555 7443
5123 5675
3338 2439
1865 1529
6572 7153
4577 4898
3967 4961
3927 4021
5019 4567
7217 7662
5250 4850
4531 5157
9667 9191
4500 4971
10113 9245
7815 7633
2344 2611
8526 7896
4459 4588
4877 4357
9108 8179
5540 5037
69 670
903 1463
4716 5695
5492 5541
4889 4667
1555 1908
3318 2619
5903 5889
10196 9978
8332 9085
5281 4348
8317 9188
5747 5187
2694 2079
2631 1647
205 1125
1400 1610
9818 9933
72 884
7187 7077
9983 9752
1093 1402
4321 4895
9842 8882
2158 2833
96 834
9100 8701
2692 3627
4387 5384
6268 5305
3702 3355
8841 9134
8379 8412
9439 9167
4885 3902
3592 3882
2887 2842
7300 6781
2911 2778
5426 6401
10174 9308
1910 1479
4631 5604
6924 6653
6292 5890
691 1361
6984 6707
10 88
14 870
7403 7456
5740 6598
2403 2648
8000 7751
2773 3676
8325 8914
10341 9762
3656 3687
7333 6418
3764 3455
6371 7252
3129 2347
2803 2622
4055 3963
8137 8392
6787 6437
37 566
157 1072
2566 2813
3266 3389
3501 3618
6024 5253
4415 3914
7302 6695
1329 1999
5114 4750
1511 1850
3267 2637
7548 8253
10126 9781
9737 9072
8643 8344
8532 8101
1575 2369
3776 4138
3179 3145
1413 1532
2586 1948
3672 2750
4370 3660
4704 4454
3793 3054
409 1182
7352 6907
7031 6549
7003 6557
8658 9183
8556 7739
3911 4265
3119 3087
4679 5611
9561 9424
74 507
4451 3940
5016 5539
8891 8554
6523 7230
6748 6591
2632 2875
599 1591
7828 8218
2960 3300
7565 8111
5649 6611
3820 4065
5524 5545
3550 4227
5511 5328
98 554
8978 9853
35 877
8102 8227
7225 7982
1386 1754
6394 6893
1782 2135
7529 7342
7535 8308
7273 7771
2710 3100
80 783
43 843
7991 8332
8078 8359
7626 8276
98 670
9248 9615
2479 3345
2971 3210
6574 5633
727 1430
9564 9470
7054 7324
89 58
86 487
2449 3123
5881 5108
952 1400
7599 7454
65 273
4654 4418
3525 3473
7639 7647
8559 8032
6119 5154
8829 8362
1669 2435
5043 5228
7782 7696
5198 4219
8260 7797
6735 5990
4790 4489
5850 6037
3747 3715
5962 6110
93 590
7699 7052
9402 9260
8290 9058
7977 8280
6691 7083
3192 2650
4789 5485
8909 8453
4547 3832
7184 6256
8827 8677
5206 4547
8101 7361
6438 6372
79 56
8655 8628
8761 9412
2268 2530
2610 2645
3473 2886
7350 7965
2108 2324
3380 2632
3196 2827
2855 3420
3392 2458
7261 6829
4449 4033
8621 8137
5495 5490
9886 9451
777 1069
8107 7117
2782 2272
9583 9476
6001 5154
1075 1450
3748 3270
4696 5127
8959 9507
1016 1986
2413 2621
2051 2846
7229 6759
65 910
4361 3694
8600 8669
9407 9923
7736 6908
6183 6590
4459 4266
1692 1922
8288 7392
5764 4959
31 468
7039 7425
801 1117
1609 2492
2695 2078
8374 9048
2357 3114
9095 8914
7924 7648
10401 9784
1542 1643
4785 4398
3630 2761
6877 7801
2869 2404
4605 4314
8208 9205
2907 3026
8043 8647
9264 8467
76 232
9687 9105
6990 7683
6691 5949
7445 6854
9256 9860
3315 2847
6830 7553
9290 9053
4195 3403
7196 6443
3195 2937
6198 6663
6365 6700
2375 2907
8865 8965
2508 2364
26 628
2602 2427
2167 1479
5273 4313
1682 1238
3744 3835
4869 5732
5876 6277
6660 6136
3075 3680
4302 4385
8893 9807
41 84
9972 9083
5144 4768
3389 4168
3214 3104
3623 4505
6161 5503
10279 9326
1893 1559
5904 6862
9378 9902
3898 3943
2284 1456
1016 1802
964 1579
6862 6553
8508 8915
2106 1804
43 942
9810 9303
2067 1335
8273 8832
87 792
9078 8924
83 63
691 1542
92 271
4656 5035
3730 2879
3396 2720
5093 5772
9554 8742
4578 5077
6152 6018
3264 3310
6048 6838
995 1955
3266 4093
4731 4409
991 1671
7553 7510
10356 9711
6021 6850
1372 1707
9715 8937
7457 7064
4252 3585
7572 7436
74 901
2221 1650
7978 7144
9548 9706
6331 6756
3235 4014
6142 5247
3417 2768
5615 5029
7610 8173
8115 7893
3946 3447
6988 7806
7392 8018
7419 7736
3500 3133
9838 8984
84 724
6931 6897
9012 9793
6787 5914
6323 5460
5744 4872
5132 6122
7385 8193
8285 8898
6186 6610
3449 4000
7817 8756
6184 6439
3718 2899
5224 4754
10056 9666
6478 6757
7797 7077
3324 2692
58 469
7808 7029
6355 5642
3882 3232
5514 4971
6196 5642
1833 2109
1759 1767
4250 3661
2936 2578
7139 6790
9979 9987
4758 4482
5874 6744
2320 1493
7946 7824
1455 2134
1407 1440
5048 4271
10553 9611
8902 8142
6295 5533
6495 6040
4793 3836
8900 8485
1606 1952
3793 4323
89 386
3000 3910
6222 6108
2784 3190
1303 1879
8996 9913
673 1234
1273 1482
1925 2803
4255 4108
4507 5302
5383 6145
10210 9670
4565 5174
2440 1911
6241 6937
4009 4924
5568 6244
29 874
8623 8135
5241 4954
5540 6007
3475 3143
5283 6027
2586 3361
2703 2755
7447 7872
8749 9079
1765 2013
8216 8411
4690 4763
8835 8828
2602 1907
6152 6722
5885 4999
1098 1605
2767 3305
18 347
8222 8574
416 1013
1563 1976
7851 7915
2812 3632
7107 6716
7281 7611
2661 3284
1177 1057
1011 1346
7583 8039
30 233
5742 6359
3954 4672
4663 3817
9500 8750
4453 3493
8757 8507
7729 8579
4889 5034
4775 4715
1564 2097
7383 6479
7694 8426
6624 5786
73 325
1958 1784
82 418
5406 5139
6303 5705
2497 3493
5047 6039
1884 2351
