2548
50
5332379
45 41 51 56 48 55 58 52 42 50 52 43 46 49 49 59 46 52 56 57 53 40 55 58 56 52 49 57 48 40 60 55 53 58 52 43 58 52 46 41 51 57 49 56 48 44 56 57 55 42 
-41228 -32093 -39123 -44388 -36272 -39506 -48277 -42649 -30076 -37383 -37654 -33843 -35145 -42011 -41233 -46776 -37460 -49707 -46198 -43015 -40849 -29716 -44133 -42699 -43863 -40072 -38672 -49595 -34780 -34921 -41708 -47667 -43147 -51457 -41544 -30173 -43048 -45090 -35105 -28426 -47337 -41271 -35327 -35292 -38281 -33696 -45485 -49155 -40166 -38894 
48161 37910 47266 53094 44666 48627 57556 51640 36353 44168 45161 41036 42834 51014 50648 57743 44872 58890 54815 51086 48531 35632 52481 51478 53468 48909 46471 58635 42186 41747 50170 57096 52355 61849 50053 35627 51790 53781 42366 35365 55970 51117 43350 44132 45283 40332 54061 59798 49265 46519 
5994 6453
3855 2898
2805 2767
8354 9165
1987 1097
3702 4591
9013 8224
3129 2565
1854 2635
65 562
10664 9802
1541 1795
4010 3095
10813 9949
4529 3729
1590 2301
8420 9402
3320 4054
4090 4451
7196 6520
8424 8337
4206 4363
2507 2773
2156 1577
4573 3978
8830 8165
9406 9489
7924 8322
8617 8389
3312 4221
7238 6991
9445 8587
5345 4888
10872 9884
2842 1982
7136 7127
3798 2905
5532 6509
8587 7834
5526 6167
6906 5956
8762 8897
5569 5061
6058 5327
8219 8532
1148 1824
4858 5715
2737 3208
9772 8776
5023 4247
1839 2090
6508 7181
5074 4170
3011 2671
60 514
13 902
6725 6189
7166 6302
5278 5287
8031 7503
4309 4308
21 130
7304 6312
6439 5919
7776 8122
2757 2438
3727 4453
8440 7949
5920 6069
6884 6773
3865 3391
2018 1139
5427 5955
49 354
9069 9473
5706 5607
9650 9148
6266 7096
5963 5603
70 597
9717 9169
10094 9450
4533 4068
5117 5143
3010 3134
19 233
4878 5334
7636 8076
2135 2106
4147 4857
81 677
7850 7610
4510 3720
7044 7097
3672 3926
8239 8154
4295 3545
1332 1227
3713 3750
44 809
1273 1299
674 1380
5754 6586
6661 6002
6558 7166
380 1187
3211 3042
8022 7397
5364 4666
3675 3839
2250 2136
2537 1692
4745 4960
22 99
97 799
9135 8937
7541 7772
9563 8969
92 1009
3098 2999
9710 9708
9867 9416
6745 7204
9993 9124
1953 1268
6998 6021
19 97
5529 6291
1008 1437
6339 6360
7265 7210
2636 2983
5919 5933
8346 9012
8568 8303
9809 9378
4579 5054
8423 7632
838 1548
9385 9640
4134 3386
1430 1862
5281 5004
4339 4145
9022 8441
6921 7063
9314 9170
6718 6281
7386 8234
3735 3139
8750 9175
8252 8384
1546 1298
2074 2677
4387 5371
7186 7146
97 946
5585 5211
7180 7479
7316 6439
3966 4027
1122 1909
8906 8414
84 690
61 490
6229 6941
280 1157
8202 8041
8637 7947
4330 4051
5290 4592
6810 5994
1376 1855
7122 7644
6997 6690
3174 3564
3255 2855
9619 8895
1870 1122
3096 2750
647 1366
467 1354
33 223
547 1458
3676 3855
6806 6884
4064 3628
6201 5873
5073 4708
8182 8241
8991 8471
3558 3011
10576 9785
5802 5775
1001 1466
2407 2937
2770 2485
2669 3525
2581 2651
8408 7788
8280 7865
2925 2041
4713 5106
9618 9055
6229 6379
6628 5641
70 761
1316 1923
95 206
1868 1892
7033 7053
9153 9920
6151 6622
47 617
3106 2174
3697 4389
8261 9075
7123 7667
9770 9490
2902 3161
2347 1857
3461 4445
3172 3654
41 505
4996 5544
4422 3684
5660 6334
5899 6677
3919 3118
809 1517
7849 8775
10442 9725
6530 6272
7541 7872
8868 8993
3030 2950
2789 2600
1885 1019
6093 7083
4728 4642
8513 9076
3013 2960
7972 7447
2050 2874
4209 3624
5305 5846
8625 8082
68 399
53 191
7801 7981
9573 9712
9567 9019
1847 2364
2970 3319
6901 7467
3872 4575
7898 8420
6319 6298
2280 2622
4065 4395
7913 8258
1267 1651
3375 3543
1651 1762
10152 9500
59 33
81 241
5781 5822
7335 8274
6188 6797
10813 9839
9961 9440
4407 4225
4505 5146
3658 3978
4576 4885
7100 6208
94 195
1187 1734
1471 1103
5027 5465
4797 4625
6235 6675
6053 6933
1859 2626
3664 3392
4614 4640
13 805
84 274
8159 7689
8004 8402
3664 3049
3484 2504
70 627
2584 2304
3637 4516
9499 9757
4844 4308
7923 7415
5441 4830
3811 4166
3859 4694
3824 4797
1154 1491
40 120
6363 5987
6241 6843
4884 4626
31 531
7206 6363
19 435
71 522
7355 7898
7018 7033
3105 3523
6414 7014
2946 2295
9457 8535
8176 8463
3123 2441
4096 4326
2717 2098
26 207
9079 9306
4581 4087
2523 3296
2507 3237
5591 5531
5157 4686
7912 8662
9157 9715
8280 7713
7560 7060
10070 9467
6158 6183
1999 1980
7148 7582
3112 2744
10289 9413
8065 7394
7475 7733
6884 5907
4850 4633
7316 7815
8185 8971
6627 6117
4042 3518
1745 1624
4351 4191
90 596
3041 2227
10328 9612
8068 8356
1117 1459
2808 3236
23 270
9449 9728
8780 9467
6643 6548
6521 5598
3913 4876
8225 8589
1655 2420
5411 6100
946 1656
4635 4470
2670 2486
2650 1874
968 1919
9657 9726
6883 6977
7275 8040
51 293
4861 5417
7516 6824
7197 7823
4446 4680
7190 6320
4686 5615
2445 1763
4890 5830
2523 1539
5656 6118
8732 8258
7446 6659
7705 8266
6938 6004
2043 1758
2898 3496
1202 1028
10 261
8086 9019
3919 3371
5893 4950
2067 2736
6044 5801
8949 9014
74 859
3438 2973
8596 8494
8598 8996
9873 9405
9095 8456
1973 1410
9659 9530
3823 3595
2696 2563
1986 2626
4276 3861
9110 9401
3368 3539
1486 2093
9164 8189
6266 6757
5312 4346
5347 5430
4494 5041
3183 3329
2480 2524
1541 1640
4871 3977
2162 1238
10694 9774
2870 3640
5086 6007
3167 2922
2631 2718
9160 8683
5308 4609
5948 5382
66 663
3165 3296
8546 9429
4679 3973
7769 8157
1319 1500
3577 2805
87 405
6567 7179
6941 7860
4752 4568
7400 8177
3816 4489
87 410
3347 3583
1812 1525
10424 9971
1777 2175
4707 3745
3200 3614
6245 5640
67 542
1900 2672
7137 7263
1859 1580
3856 3592
3706 3209
8180 8098
4116 3385
8383 8411
1359 1564
6556 6896
904 1856
43 162
6519 6192
2721 2217
2223 1475
40 580
5626 5155
7538 6772
8785 9109
5569 5243
8962 8135
1279 1483
3825 3433
8608 8059
25 857
7996 8838
8322 9255
9662 9348
4583 4479
5385 5682
2236 1416
5366 5201
10672 9824
3767 3562
2370 2034
4978 4696
6277 7226
4953 5275
4609 5581
1589 1548
2574 1740
5625 4819
3732 4025
1391 2038
4593 4322
9970 9548
6677 7518
5750 5874
2538 2342
7881 8294
6501 5881
80 910
93 347
7426 8351
4539 4653
2485 2783
4619 4448
6994 6925
81 763
6833 7217
2279 1643
6363 5591
20 134
36 212
7267 6798
9455 9805
5723 5077
2775 2989
7285 7902
1946 1040
1274 1919
2161 1218
3842 3209
6367 6457
4828 4584
5947 6266
34 286
3671 4329
5262 4819
1895 2475
6336 5941
8162 7558
6498 5955
10128 9293
6312 5951
3841 3841
7274 7295
78 928
53 572
3642 3699
2286 2095
22 973
6430 5958
8475 9104
3092 2455
9000 8787
4293 4512
9442 8623
8870 9417
5044 4124
5723 6414
6765 6434
6321 5927
9656 9066
5149 5597
4256 3293
9155 9667
7547 8255
3484 2513
1999 1545
5204 5016
7828 7021
7055 7217
3608 2859
68 509
3205 3860
8914 9092
45 568
8443 8670
14 518
2423 1525
6168 7135
1351 1541
5750 5934
60 884
4628 4794
8111 8838
93 382
4420 5282
4053 3792
6748 6400
1390 1371
8897 9481
3582 4083
6921 6802
3150 3254
10010 9265
7700 8483
4323 4187
1506 2232
2739 1741
4804 5069
9056 9258
8632 7967
1079 1295
1665 1984
6396 6857
7581 7093
7579 7799
95 456
3365 4297
3497 2581
3980 3833
4677 4351
3711 2921
8370 8308
6221 5987
3328 3953
78 329
4540 4938
8023 8463
86 516
4660 4262
9081 8841
6010 5055
53 964
6000 6043
51 211
6579 6653
8910 8222
5322 4776
3088 3433
5561 6381
2092 3005
7118 6504
1863 2719
5359 5085
5514 5693
6190 5783
4749 5732
5735 6309
2917 3724
5981 5167
3064 2125
3979 4478
6913 7679
6993 7309
7492 7127
1239 1745
4549 5309
5762 6102
7514 7723
3446 2936
5476 6154
7645 7867
9179 9323
8563 8302
4818 5338
2384 2822
7759 7771
5344 4732
8417 9012
7459 8038
5728 5606
3798 3164
5292 6075
4824 4053
7442 6534
5853 5446
6658 7425
7184 6454
1818 2010
8709 8659
7733 8308
6697 6998
3902 3625
1676 2040
38 136
2281 3243
2626 1848
5435 6191
3382 2388
5538 5275
10187 9380
8712 9673
2565 3162
6403 7318
9711 9117
8465 8358
2081 2399
1344 1302
4177 3325
7251 6669
47 547
5351 5999
3680 4232
36 434
10018 9227
4592 5561
3284 2517
6174 6869
6366 6201
8668 8775
3598 3212
9602 9890
2598 2717
1705 2326
3740 4670
6775 6949
6454 7189
6497 6187
7089 7973
8569 9280
5764 6474
6968 7017
2553 1860
1504 1357
2194 1766
6883 7847
4397 4899
9347 9015
4056 4657
6501 6815
20 305
1867 1499
3833 4623
7587 8401
8535 9197
1998 1502
5042 4907
9026 9989
8873 7914
3771 4357
5045 4636
5935 6223
1539 1527
7874 6993
7949 8568
10649 9820
9686 9556
39 821
1744 1650
3212 3307
5004 4715
3589 3148
9461 9118
57 583
8347 7961
1483 1842
4040 3452
856 1444
8468 9015
4101 4657
8366 9143
2682 3378
10056 9755
7999 7092
6520 6834
9185 8958
9056 9444
81 247
6351 5815
1746 1903
8752 8646
2059 2947
10162 9640
7816 7971
9029 9788
6154 6659
7588 8030
3515 3495
45 463
454 1075
2074 2462
10509 9860
3617 3485
7559 7594
1579 2406
6404 6216
1045 1675
7512 7593
5655 5898
857 1570
1341 1574
3520 4346
4515 5266
1721 1463
1800 1785
9185 9771
213 1073
6177 6103
3539 3785
4024 4112
4872 5274
5507 5039
5881 5682
9825 9880
6006 5428
2669 2024
6428 7148
7080 6455
6313 5768
655 1137
1025 1286
7526 7048
2282 2747
10140 9992
2986 3368
3432 3871
2654 3077
6023 6942
4588 5227
6174 5346
4974 5919
77 298
447 1189
5045 4105
1308 1240
6922 6632
2804 2307
5151 5056
3393 2745
4012 3546
6779 7111
4068 3162
7634 6795
86 670
4295 4480
8759 9673
3783 3819
18 730
5180 5944
4813 3869
9201 9391
2322 2208
3783 2860
6815 7646
10600 9999
3805 3841
5097 5888
10219 9587
3183 4034
9911 9575
9278 9817
8405 8181
2883 2554
1784 1050
4270 3362
8855 9660
9308 8525
4976 5200
8542 7627
8358 7387
5134 6089
2743 2788
7761 8039
3240 3372
9407 9833
3414 3474
7642 7750
58 248
3305 2960
10095 9445
6196 5777
10389 9841
8697 9009
2908 3142
5042 5331
27 632
1881 2363
4813 5030
7160 7197
4150 4986
7336 8081
4917 5131
23 698
9254 9001
8661 8236
8855 9719
5630 4823
2014 2297
2253 1662
1537 2200
9628 9511
9502 8566
3777 3095
6529 6540
5221 4829
10573 9727
6845 6283
9202 9196
7083 6996
5908 6222
6143 6343
6289 6304
10708 9887
3534 3206
8884 8106
8501 7873
1934 2334
6968 6091
8280 8047
742 1052
4285 3433
1985 1617
6041 5707
14 85
8235 7575
3115 3388
3984 4755
9891 9114
3165 2741
9590 9800
97 920
4531 3954
7412 7167
7197 6404
1605 1819
9915 9473
5818 6642
5453 5811
4264 3365
7684 8054
5392 5718
8628 9546
7579 7437
6568 7135
9678 9270
4038 3092
6453 5827
7333 6889
6402 5677
7802 7829
2519 1596
3623 3206
5920 5935
2102 1615
10323 9729
3163 3713
2816 2681
2304 1724
4287 5161
6061 6144
1948 1985
6565 6336
25 92
8170 8137
3971 3483
7435 7327
5359 6284
4071 4750
4757 4128
9911 9887
5845 5228
633 1589
5515 6123
2141 3069
5549 5955
5705 5350
8810 7967
379 1372
7962 7722
2048 3019
56 192
9717 8959
8674 8841
3955 4441
4059 4974
8083 7426
3593 3854
6822 5982
2528 3321
2403 2226
6252 6986
8251 7480
4867 5178
2972 3195
8856 8043
32 278
37 723
1170 2154
7403 6441
94 534
3920 4621
5516 5491
6819 7123
5597 5911
2363 2442
6617 6417
18 456
5349 6070
985 1175
6204 5445
4755 4747
3373 3274
1117 1012
6107 5132
3845 3333
98 863
10040 9588
10402 9531
7721 8680
12 717
7325 6909
10421 9555
3526 4205
6685 5929
8640 7721
3765 2788
4433 3447
6273 6881
6772 5806
92 258
5246 4309
1171 1143
5040 5530
3787 3181
5461 5108
4334 3995
362 1219
7526 6551
2100 1622
99 554
1451 1544
6994 6563
9922 9523
7194 7017
1568 1212
4275 4576
2681 2128
5318 5999
7728 8355
8970 8511
2392 2197
6028 5974
3386 2440
17 725
6678 5878
2365 1577
5446 5750
2649 2980
2023 2628
8226 7655
8520 8514
2349 2943
4134 4140
10069 9828
5687 5732
3399 3633
9064 8171
8210 9200
9652 9551
6147 5260
34 263
9037 9459
12 839
2770 3500
5652 4809
7228 6744
10486 9943
1564 2539
66 982
1825 1733
10677 9682
1801 2481
2905 2493
6900 7586
4130 3238
3216 3848
3330 3300
6839 6299
5389 6226
90 814
5125 4311
2473 1950
3835 3690
9547 8612
3715 4190
7933 7934
5157 5386
4046 3234
32 72
6470 7407
47 497
8954 8767
4268 4129
4213 4367
9225 8904
32 30
2870 2214
61 854
6168 6663
3048 3302
10770 9773
86 300
8856 9668
5943 5677
2092 2498
5121 5160
7670 8113
77 106
6804 6184
3032 3498
10741 9947
7442 7614
2119 2149
4950 4240
4693 4750
9200 9970
6797 7382
6510 5835
1649 1673
3566 2711
5788 6033
8515 9276
9008 8400
7388 7159
90 369
2409 1591
8703 9565
8227 8065
53 442
2638 3190
4839 5390
2007 2566
8437 8094
3243 2543
6755 7381
5732 5245
5766 5976
2113 1532
6193 5195
7762 8051
931 1820
8225 8383
5025 5567
7356 8034
8616 9450
2984 2548
1853 1329
4120 4588
3252 2741
8146 8101
4529 5129
86 588
7135 7970
9420 8893
6860 6040
8430 7527
7239 6385
7533 7068
6579 5687
2365 1486
3245 2327
1193 1263
1510 1704
5407 4844
6913 7237
3340 3777
4277 4750
2141 2485
2639 1658
2210 1935
18 548
6005 5449
25 455
3042 2645
9329 9571
4320 4407
7945 8717
9261 8908
93 92
1061 1219
7112 6770
2641 1998
1068 1066
1947 1508
10413 9967
6209 5860
31 1004
7682 8518
4417 4600
9200 9051
4462 5004
5239 4349
2937 2916
8934 8982
9556 9531
41 308
5069 4199
7751 6808
6095 6956
7316 7285
703 1284
2015 2414
2982 2723
10115 9598
860 1011
4879 5477
30 927
1605 2544
5515 4629
4816 4059
2595 3392
2484 3442
2726 3490
4756 4028
7970 7042
2602 3020
9683 8709
5721 6129
4411 3708
10210 9415
1047 2034
5076 4363
5872 5474
8763 8014
8427 9188
2814 3520
20 987
35 378
9424 8646
7055 6660
6920 6581
4418 4604
5886 5778
87 718
1745 2737
20 775
10386 9438
6024 5181
7070 7933
9761 9107
4659 4599
6435 5616
5606 5933
2465 2984
8240 7746
8649 8444
4280 4669
6519 6705
8879 8407
28 594
3353 2775
4219 4699
5004 5642
794 1075
5912 6755
4381 5339
3264 4040
72 194
69 724
6002 5099
6662 6964
4992 4658
4975 5796
1179 1281
7709 7030
7126 7150
5098 5337
7039 7939
9688 9572
4554 5334
13 565
1758 2387
1894 2617
17 112
6008 5277
5022 5675
5794 4889
10087 9171
27 263
5098 5734
8193 8737
5398 5075
7799 7213
1495 1144
7737 7208
8350 8809
9018 9022
499 1020
8799 9721
947 1414
8636 8158
3775 4064
35 297
6159 6457
448 1210
9523 9144
8096 7137
8075 7389
6834 7373
6383 6068
5127 4397
7236 7017
4337 5161
98 347
8121 7121
2731 3378
1065 1270
5205 6157
93 64
5569 6448
5835 5095
8549 8831
6321 6211
10421 9435
7403 6625
9293 8599
4703 4827
9385 9253
81 431
1444 1911
1450 2246
4223 5080
4314 4401
469 1419
3562 3097
78 916
3376 3415
9032 9934
4477 5205
7421 7620
1677 2023
2318 1524
37 446
3210 3484
1530 1242
7960 7114
3443 3072
9467 9662
7822 7540
3338 3454
86 255
2523 1875
4171 4492
6379 6555
8642 8179
5543 4808
10283 9715
25 300
5401 5021
4045 3898
8605 8880
5265 4329
1401 1174
35 145
905 1442
9944 9527
6883 7144
2311 2305
8403 8623
7131 7713
7836 8233
7751 8185
5494 6436
3422 3684
100 857
4938 5365
2946 2415
8555 7687
2524 2732
2741 2840
5182 5367
5808 6702
7207 6669
3035 3695
3636 2706
5146 5378
4559 4171
7680 6985
2899 3660
2044 2401
5163 4577
1617 2259
9420 8700
3300 4196
7623 7455
5881 5168
9563 9302
5138 5166
5874 6436
21 671
4086 3211
3001 3548
7073 8027
10561 9698
10372 9549
1738 2272
5335 4344
94 218
50 420
9202 8827
7190 7838
8339 7475
6534 6190
7252 6564
9265 8969
8807 9245
5118 4410
8212 8975
5784 5998
6390 5787
4827 5703
7100 6405
2610 2978
1328 1151
9018 9831
4508 5393
33 114
1068 1851
6083 6450
8872 8415
2831 2399
213 1197
1375 1528
226 1156
2119 1725
6573 6282
10312 9362
3196 2861
2171 1386
4066 4181
7883 7006
4425 3806
3366 2561
8762 7818
8936 8923
9644 9681
6198 6123
4701 4076
7706 8459
9958 9330
2189 2666
8048 8064
37 105
1979 2595
9764 9647
1979 2293
5880 5277
9500 9437
8859 9751
884 1310
3253 2428
6435 7334
3644 3632
79 167
5617 5499
4307 3705
5605 5949
6996 6530
30 336
7856 7628
5645 4901
6993 7541
2830 3830
6676 7407
9011 9517
7138 7336
9595 8769
99 107
7695 6925
6600 6560
3816 3625
2419 2104
1290 1763
6570 5822
48 363
1616 2491
9936 9599
5671 4899
3185 3283
70 596
3006 3151
22 724
3047 3797
3860 3632
10583 9599
3386 4214
1917 2566
34 837
10097 9331
2698 2101
8911 9290
7434 6506
2827 3812
24 296
7072 8007
2327 2836
956 1796
9147 9801
81 900
3336 4227
3993 3125
641 1529
39 773
10425 9963
8442 8864
5283 4414
8816 8706
1203 1768
7691 6716
3506 2930
4066 4677
8308 7506
3926 3004
9588 8832
1127 1419
5737 6737
6791 5891
9561 9032
7158 6698
8033 7580
6221 5723
9313 8908
6747 6647
6714 7201
7530 6833
8138 7392
2829 3674
1565 1981
5986 5972
7647 6748
3226 2969
10066 9362
3234 2538
9401 9248
5685 4852
66 943
2976 3697
877 1472
3123 3029
6256 5381
5584 5712
3499 3161
7098 7177
5616 5288
10148 9349
99 919
5917 6010
8884 8840
3456 2518
9083 9175
3748 3604
37 684
4130 4605
4443 4421
1571 1703
7819 8382
2899 2513
2289 1919
9675 9888
8477 7984
5038 4154
6555 5974
7656 7805
40 40
1249 2069
4648 5626
4948 4627
59 752
2664 3524
2309 1332
2337 1490
2692 2839
1496 2154
6272 6505
9650 9801
34 964
4641 4660
5989 5628
4278 3363
1962 2731
73 399
5394 5763
912 1670
290 1190
9118 8499
30 1001
4716 4071
8069 7729
6743 5996
2489 3139
6842 7692
8951 9044
7278 7660
2509 2345
5342 4735
7096 7283
6953 7138
8845 8579
9428 9737
8191 7977
3881 3155
2976 2219
2244 2711
10495 9884
1726 1883
4920 4822
1495 1785
93 342
6249 6004
9242 8717
70 451
8791 9697
2305 2867
4969 5906
2023 1084
6186 6782
9797 9323
7088 6288
9699 9328
2831 2957
72 11
5306 5006
9587 9205
2725 3308
40 605
1540 1678
9883 9388
8170 8075
5249 4911
10210 9266
2331 2498
9093 8853
9551 8733
4343 4430
89 651
7423 6632
4084 3479
6425 7082
4589 5466
31 845
9244 8966
6632 7295
69 384
7553 7153
6373 6810
3699 3434
8589 8128
8971 8458
6033 5679
2941 2993
54 849
9480 9805
9109 9651
73 744
10030 9030
7428 7888
3033 3466
766 1360
855 1395
1485 1175
8943 8285
3401 3935
8123 7501
9773 9897
8016 8379
1225 2070
1585 1136
7221 6266
2506 2754
8364 8731
6144 6706
56 637
8777 9563
7419 6691
7988 8487
6257 5836
4633 4245
3829 4374
4096 3573
3213 3913
2729 2558
6745 6439
7049 7285
6830 5871
83 296
5452 6398
6296 7061
2275 2791
21 143
4252 4188
1090 1229
6309 6362
7186 7184
6616 7227
10199 9791
3362 2779
6082 5402
4068 4248
4229 4737
9589 8793
9704 9081
7534 7556
8540 7863
3502 3551
5010 5790
2836 2814
1849 2562
9968 9902
6118 5493
2755 3643
6703 6677
9708 9633
6476 7443
4400 4828
6618 5933
4168 3859
8381 9012
9054 9930
7664 7449
2188 1753
7946 7576
3517 3807
4698 5682
7305 7278
8431 8264
70 275
87 208
8015 8194
8993 9642
1473 2276
3137 2597
3622 2660
32 612
6067 6079
4523 4083
4814 3827
5207 5369
4825 4412
5618 5125
1195 1517
5453 4815
7558 7306
6585 6963
4172 3767
1437 1243
5984 5261
8257 8641
6354 7187
7943 8681
5197 5806
1635 1204
6575 7109
8515 7710
9811 9762
1162 2076
9703 8708
6347 6448
1941 1283
3441 3914
8295 9248
9812 9641
5821 5975
4483 5182
1220 1497
9857 9974
35 215
2914 3061
3098 4047
363 1286
3889 3804
2394 3195
6938 7916
2059 1242
6628 6317
2742 3048
2467 2596
7259 6498
2839 3038
2022 1925
4139 3632
3552 2853
3718 2809
7493 7907
5039 4047
6576 6288
7329 6814
6103 6702
26 393
3611 3094
5644 4785
3914 4230
46 256
7372 8128
9582 9367
7748 7823
9277 8742
3680 3071
7500 6907
10563 9852
7758 8465
6439 7362
4700 4958
1029 1228
10075 9764
6282 6829
3859 3644
1729 2461
9053 8463
6068 5517
8435 8357
3033 2282
8625 7692
2651 2726
681 1176
4264 3308
4896 5305
5152 4486
5195 4332
232 1046
2405 3098
4973 4627
6344 5872
4743 4147
5690 5072
28 103
6225 6875
9466 8526
5766 5248
5853 5752
2958 2971
5964 6478
8826 8611
4639 4816
6342 6499
1633 2579
2697 2562
4460 3551
4028 4308
2459 1996
6561 7556
1272 1537
18 190
54 358
2686 2694
2338 1451
8365 8127
8844 9151
81 814
3498 3976
7796 7382
3104 3497
9822 9106
7785 7059
2741 2851
4459 3840
2818 2882
8080 7528
5308 5261
21 408
1305 1878
8170 7377
7339 7225
5746 6580
11 145
18 713
6218 5477
3886 4518
7620 8499
5700 5534
2275 2001
4537 3543
2160 3030
2207 2717
4433 4279
2752 2999
6236 5710
4520 3664
4650 4711
5126 6107
4690 4020
8561 8770
5534 5566
1182 1627
3834 3351
2143 2783
3338 3583
8657 9604
5688 5770
5207 4380
5346 4813
1370 1235
6300 6942
3625 3292
8837 7958
9708 9640
1549 2012
10455 9692
7435 7822
5691 4929
871 1508
201 1193
4943 4483
2686 2734
3462 3863
5318 4701
6031 6581
1330 2315
5353 5507
4848 5012
90 643
3525 3792
5505 5072
8464 8638
8773 8869
6958 7561
4491 4353
7502 8013
7750 7978
996 1834
8669 8155
6232 6628
2225 1469
4774 4303
1304 1622
6536 6019
4803 4195
8761 7942
8802 8888
6811 6791
6764 6855
3877 3016
2040 2078
9728 9310
2508 3296
6130 5808
8735 8077
86 819
7068 6331
3225 2813
8261 8342
3751 3581
4869 5808
1986 2003
1394 1169
6205 5253
7973 8958
3942 4896
7076 7161
5544 6204
8105 8558
3066 2143
88 971
9941 9545
7726 6772
1929 1456
5281 5034
9830 9308
6314 6062
5345 5376
8986 9498
2212 2493
8188 8189
8126 8380
78 240
8242 7957
4562 4679
3841 3900
2307 2355
8955 8821
3552 3928
7195 7365
9739 8771
2386 1528
24 226
6629 6487
1482 2285
3486 2791
9390 8929
1013 1245
786 1718
4186 4203
2534 2424
4228 4985
3600 3497
8859 8754
2822 2533
2315 3261
8403 8619
3012 3828
4704 4432
10313 9756
590 1218
2304 1418
9667 9795
7669 8585
7224 7286
6743 5873
2506 2946
50 108
4441 5148
10178 9673
7597 8021
2317 1518
16 343
10122 9934
3814 3442
98 561
7819 8264
2497 2670
3204 2265
6126 5626
6708 7407
2448 2344
8401 8802
3398 3996
5897 6883
1844 2184
53 255
2132 1964
3303 3135
5154 5905
2179 2190
1282 1035
6805 6784
1222 2088
1215 1027
9524 9176
63 108
51 474
9714 9017
6200 6816
5958 5709
6753 6227
3850 4742
7749 8474
6593 7271
2973 2428
901 1265
8564 8742
4155 4036
4528 4350
86 22
23 981
7882 7357
7354 7849
8091 8112
1049 1729
4633 5566
8604 8283
8618 8490
5412 5822
2143 1743
8855 8671
7649 7123
5335 5209
4232 4721
6107 6464
7210 7959
4994 5715
3098 2254
2305 3173
4251 4035
7318 7901
9020 8194
601 1453
3091 3506
10290 9785
6550 5925
4105 4246
3113 3987
3563 3606
7449 7252
1993 1126
10835 9933
7434 7026
5253 5463
4514 4114
2430 1932
5988 6214
7866 6952
9704 9390
4697 4823
4858 5692
8828 9294
75 822
469 1184
7679 7902
5076 4766
5639 5937
8584 9073
1639 1313
6877 6652
9350 8353
9569 9237
8593 7630
7752 6890
7864 7190
5600 5069
3973 3730
2273 2881
5664 5670
2935 2644
2841 3793
1102 1434
47 114
3209 3892
3613 3392
6165 6444
7555 8104
2479 2896
6742 6354
6637 7469
58 812
4022 4548
7931 7528
48 762
8135 8822
14 616
7034 7768
3129 2698
1887 1367
5575 6291
8063 8009
4940 5428
2814 3383
3414 2891
8873 9382
4326 3565
7032 7970
7565 6656
5535 5648
6168 6506
1712 2483
96 390
2231 2155
3814 3658
4432 4410
2530 1988
39 702
4422 3952
6452 5716
7304 8115
8676 9109
5797 5253
5828 5379
58 215
9626 9567
546 1417
9740 9094
2605 2938
10359 9981
5047 4949
1008 1603
8672 9005
3085 3230
7084 6754
3222 3072
5400 6373
1783 1664
7565 7585
7070 7128
9193 9253
8273 8890
5082 5907
3788 3422
4799 5201
3347 2729
6136 5862
2395 1434
8535 8960
9535 8543
7081 7627
8329 8994
8533 9255
1289 1703
2553 3015
6863 6698
6176 5971
5452 6054
1697 1977
2516 2064
814 1354
94 930
2410 3100
1658 2093
3483 2581
372 1138
6073 5780
2503 2220
9813 8896
5558 6172
72 820
2229 2285
7950 7150
38 356
9167 8682
6674 6330
2030 2764
6338 6716
4082 4058
2310 1432
4999 5977
2087 2058
2293 1988
2028 2850
5732 5761
85 40
7084 6924
2127 2878
68 425
8791 9095
9307 8628
2157 1683
5054 5676
3074 2237
2878 2020
5153 4798
1425 1450
2337 1565
7859 7864
2481 2187
6598 5822
98 565
1685 1757
3975 4521
980 1220
5170 5735
3656 4212
7308 6933
6403 7070
51 956
991 1740
2593 2780
2328 2847
6718 6371
7624 6742
5414 4501
6555 6046
3540 4509
3749 4223
9411 9623
95 930
6880 6104
6436 6707
50 552
9726 9508
91 357
6374 7127
6258 6948
4135 3912
4468 5443
1703 2637
1961 2904
34 845
456 1390
10460 9895
3853 4110
7428 8366
23 272
512 1482
65 316
3707 3711
7946 7261
1836 2144
7808 7388
4163 4642
325 1169
7547 7251
7875 7588
4849 4743
8436 7745
5065 4295
3060 2367
60 854
6040 5240
5851 4971
5862 6848
2576 3014
4574 5329
67 359
2630 1898
9396 8697
4226 3723
8227 7828
8434 8298
8618 8335
2776 1904
6492 5781
6231 5314
2216 1584
91 704
7830 7173
7792 7047
7234 6749
8083 8232
5437 6405
10 991
1824 1268
6172 5225
8931 9870
9943 9224
91 677
5260 5012
6959 7447
12 902
7157 7695
8837 9115
1646 2581
22 640
2867 2689
8527 9352
4086 3480
3804 4663
4061 3381
6214 7146
7484 6590
44 946
4623 5066
4452 3804
7043 7558
4124 4262
9610 9195
1716 2184
74 602
5910 5622
8577 7746
4126 4237
9026 8565
6860 7715
2118 1567
5964 6140
2871 3244
795 1381
6859 7353
2495 1925
1068 1121
8586 9320
95 155
8629 7794
7586 7864
6480 7002
1804 1544
3708 3409
5390 5098
1948 1067
7054 7519
63 98
5299 5214
9298 9094
4066 3605
21 238
6533 5564
9492 9181
4917 5031
6928 7703
2785 2921
4986 5351
3113 3049
6130 6583
9135 9730
3123 3460
2388 1555
9976 9069
53 983
6697 6176
6906 7203
10105 9528
1361 1591
7881 7155
2723 2795
5818 5636
4844 5264
1885 2487
8046 8645
1238 1067
10482 9692
4053 3639
3493 3138
6558 7050
3243 2577
3819 4258
6105 5386
61 658
10678 9882
9124 9015
3703 4162
34 304
6270 6200
9687 9791
7569 7375
2794 3501
33 527
6872 6068
2714 3560
2355 2102
3422 3883
1652 1969
5493 5064
3762 3064
3305 2342
5117 4242
702 1216
8634 8166
9634 9493
8800 8662
5623 5622
4319 4392
3863 3342
10423 9899
1909 2387
6370 6702
2725 2904
2369 2029
5511 4820
3149 2777
6225 5283
3178 3654
9522 9804
5332 5523
8339 8928
6587 7320
4233 4727
65 817
3455 3931
1841 2385
9596 9006
8412 9343
8046 7667
7997 8108
2688 2828
5788 6665
6299 6353
30 484
7919 8409
7378 6738
7504 6853
5779 5155
1456 1659
2937 3628
3013 3843
5558 5220
7761 8269
1950 2659
8412 8024
8915 9009
9724 9686
6529 6166
7559 8184
7562 7971
4633 4531
25 987
3289 2620
9835 9112
8370 8876
2842 3087
3473 3400
8794 7848
10626 9648
4743 5548
6933 6107
4007 3741
9693 9675
1423 2350
2746 2546
30 881
7380 6406
2956 2457
46 175
7853 7868
4847 5691
3169 3967
1997 1333
18 539
5543 4757
5395 5132
8905 8486
5079 6043
3979 3989
2451 2398
7350 8008
5998 5181
6404 5467
6905 7032
7793 8491
5202 5592
3986 4982
5822 6603
3088 3940
1095 1110
5058 4099
23 758
5051 4232
5326 6048
2481 2436
5389 5069
19 131
863 1360
30 447
3319 3057
832 1504
9375 9400
1836 1411
8508 8395
8649 9367
5336 4946
7760 7192
9156 9829
2857 2464
3248 3852
80 145
4850 5483
8302 8784
3694 3702
4984 5919
3660 2839
6641 6756
8591 8721
2324 1877
2858 2934
4928 5913
10147 9789
6616 6771
1940 1907
7128 7265
65 829
3899 3766
9222 8672
4250 5139
4090 4343
2010 1150
5732 5831
3935 4481
10422 9703
3411 2766
7693 7616
9114 8724
1625 2343
5129 5112
4971 5262
7098 7648
773 1270
3093 3482
8087 8484
2809 3764
7410 7875
10132 9412
10475 9825
8134 8663
2755 2892
8964 9573
30 127
4135 4391
9496 9991
8042 7378
2108 1517
3903 4287
9421 8585
7945 7627
9341 9312
10882 9940
7668 6801
3236 2893
6881 6294
