2493
50
5322178
50 59 45 53 45 54 58 45 59 58 44 51 54 42 59 51 46 47 40 49 52 48 53 42 57 42 60 41 51 48 45 55 41 51 58 48 57 52 51 46 43 48 47 50 45 47 57 47 53 49 
-50687 -73621 -59285 -66189 -43673 -59730 -62795 -53693 -67711 -76936 -54888 -65415 -67108 -41001 -57415 -54789 -58119 -48244 -47969 -60835 -62551 -54673 -64733 -43012 -60698 -47446 -67300 -47520 -55528 -53322 -50151 -63627 -50990 -61587 -71613 -62156 -74412 -60211 -58159 -53392 -51157 -54450 -55835 -63952 -56440 -59907 -72183 -57086 -58631 -63893 
39787 56571 46386 51309 33522 45441 50545 43156 52903 59732 43836 51148 51884 32722 46206 43221 44992 37226 37449 46024 49385 43289 51479 34932 47350 36839 52739 36266 43880 42065 38307 49031 40031 48283 55823 49170 57516 47113 46635 41379 40046 43383 43958 48750 43648 46600 56976 44283 45279 49933 
2312 2986
8682 8854
8202 9022
7180 7722
3124 2226
4939 4060
1634 1916
3241 2441
2975 3491
5800 6198
5172 5730
3745 4632
1778 1637
1397 1841
9283 8596
1181 1522
5937 5391
18 760
9064 8258
9117 8165
3601 3209
7165 7944
4624 5008
5460 4996
84 135
21 30
38 471
5545 5385
934 1916
9077 9119
5806 5630
44 190
5014 4525
3068 2868
5428 5635
93 729
4974 4164
3937 4135
51 763
3065 2231
8124 9105
1497 1443
4499 3930
7060 7288
4376 4653
10056 9206
4048 3867
1241 1772
5585 5249
88 593
6562 6631
4526 4517
5537 4721
10324 9663
5409 5519
5017 5780
1808 2211
3511 2915
1019 1471
4420 4699
4545 3816
8127 7683
3451 3970
7555 7714
6976 6553
3472 2708
5823 5500
7190 8038
7202 6356
8453 8997
4501 5351
8401 8464
4446 3614
6604 6240
2878 2266
3343 3888
3952 3961
8546 8603
8282 8559
4254 3297
2737 2945
66 839
8431 7847
7527 6664
5407 5769
6664 6977
8676 7783
8017 7457
7996 7759
5313 5279
1722 1183
3804 3689
211 1065
5950 6826
3038 2603
7731 7694
5106 5441
1605 1536
34 625
3711 4659
2863 3385
5904 4924
8351 8598
4516 3836
5287 5133
9786 8857
72 693
4686 4020
2780 3117
9101 9482
3556 2805
9382 9481
4422 4540
8399 9139
1262 1754
7683 7412
5035 4079
2776 2912
8662 8476
6758 6135
9669 8858
7634 8525
4757 4455
1354 2007
58 873
9018 8631
741 1091
9051 9790
6477 6732
25 605
9075 9204
9742 9067
7860 8305
6647 7013
1913 1029
2274 1784
7823 8335
2908 3842
5701 6454
6715 6220
2765 2595
9378 9670
4549 4758
5086 4748
45 392
82 393
7030 6195
7989 8161
10350 9548
68 961
6649 6208
8042 8354
2777 1812
3613 3904
7438 8274
51 667
1546 1805
5387 4463
1233 1278
7894 7512
8273 7716
4883 4384
32 361
10027 9642
10074 9107
5464 5346
3376 3195
5176 5275
3861 4308
2359 1477
8973 9212
4059 3820
2448 2186
4861 5579
6468 7023
1071 1261
10453 10000
3976 4311
1217 1907
8588 8835
3379 3513
6266 5307
9276 9441
4637 5419
9451 9206
5296 4339
5991 5966
7429 7518
7573 6589
1354 2354
3237 3519
38 961
7376 6728
5337 5991
7260 6709
3022 2766
7255 6781
84 758
4054 3539
1129 1685
4613 4625
4043 3181
8345 8761
5081 5540
10158 9586
5456 5629
7093 7567
4882 3891
50 192
2494 1973
9722 9432
5108 4333
27 119
4527 4981
62 823
7484 7195
6929 6155
2012 1926
8727 8876
9552 8881
6778 6229
90 540
7324 7333
2095 2733
1834 1350
738 1382
5329 4685
3758 3031
6337 6418
487 1241
2761 3495
86 720
1922 2847
4148 4137
5702 5685
8932 8010
1818 1039
4037 3545
7427 7325
7858 7104
2894 3365
4615 5015
6471 7133
96 555
1723 2453
1658 2238
8667 8101
1718 1168
2144 2255
2267 1497
4768 3836
2355 3069
1163 1326
8971 9781
1600 1500
2095 2787
92 86
7543 7962
7675 6709
2226 1271
654 1457
10789 9846
2928 3112
9115 9015
9153 8678
2223 1611
7207 6812
5273 5906
2524 1772
4607 4980
231 1227
1788 1116
136 1115
6139 5672
7140 6990
3474 2686
4566 4579
3119 2339
2249 1536
6240 5806
2301 2638
3384 4004
3727 3800
2979 2292
8496 7744
4250 4557
10567 9802
2445 1701
1592 1800
6166 6015
5471 5262
6956 6479
9907 9296
2128 1474
4487 4565
4367 4507
1228 2196
7684 7056
663 1168
8344 9244
4515 5137
3358 3104
7304 6309
5442 5006
7965 8552
95 324
2294 3290
1379 2215
9884 9977
2588 2872
18 359
7575 6777
5913 5026
22 456
3270 3739
8596 8051
3198 3686
1182 1758
1786 2520
7439 8201
4794 5366
4923 4350
4336 4489
8036 8446
3837 4712
1844 1871
7079 7599
4364 3451
6316 5892
1867 1830
2132 1905
4589 4619
6748 7035
7074 6770
8566 9513
4845 5299
4765 5393
74 655
5583 5904
9940 9830
5089 4753
1893 2356
5643 5402
7225 6848
81 958
4274 3689
9197 9487
98 942
352 1184
1632 1954
60 261
2090 2718
6415 6516
7221 6729
4126 3853
7372 7961
4583 4766
7879 8857
5506 4817
3095 3977
6617 6343
7747 7034
44 143
4307 3454
1526 1334
2766 3474
5956 6228
4375 4482
572 1535
2923 3501
4644 4075
7199 7086
53 967
90 258
7615 7444
3380 4080
3957 3003
7202 8096
2990 3005
5499 6074
1344 1813
7958 7938
8662 9051
7328 8239
4388 4987
3453 3718
10257 9293
6772 7738
1865 1945
9248 9123
8875 8506
4953 5004
1723 1190
7972 8719
7993 8172
8618 8745
7307 7262
65 276
1852 1732
7707 7575
1751 1769
1148 1771
6514 5913
7279 7249
1758 2738
3809 4798
3904 3242
8197 8080
8355 8327
8217 8367
2042 2917
2535 2090
911 1410
8271 7512
87 20
42 189
6474 5512
4213 3699
5551 5966
21 591
4058 4722
6477 6326
5871 4915
4082 3156
6122 5198
3628 3535
6327 5342
8493 8369
5939 6423
5909 5999
1881 2123
10275 9996
2895 3605
8896 9447
7572 7559
1695 1214
4040 4959
1417 2366
7325 7607
5227 5133
4105 5103
2513 2214
71 970
8057 8135
976 1221
5970 6132
2275 2222
6836 7835
4957 4020
8527 8960
57 543
2046 1812
2006 1052
5456 6152
20 582
3021 2986
8838 8116
9453 8604
10239 9514
8310 8274
3345 2522
8660 8061
1376 1802
7868 8553
4999 5204
1203 1551
3523 4511
8511 8481
48 408
10219 9254
6810 7628
6145 6636
9235 9895
8604 7814
8089 8476
9289 8956
4010 4031
4232 4586
9948 9799
8026 8264
4627 5192
7416 7288
3431 4277
2074 2726
5584 6371
69 220
7032 6037
5975 6428
8479 7637
1697 1733
2229 1925
88 687
6194 6022
5760 5418
5444 4561
3908 2992
9566 9753
47 882
7607 7572
67 507
6484 5938
5172 4175
8244 7345
3975 3658
6147 5464
1692 1606
1098 1149
4915 4358
9863 9234
3107 3428
6670 6730
8723 8104
9114 8899
9525 9662
7187 7141
5727 5233
3710 4393
6935 6150
9145 9846
1605 2047
1804 1986
4980 5717
2423 3252
8171 7322
1334 2033
8119 8878
57 674
9015 8694
4770 5534
8770 8856
702 1409
7501 7969
11 260
650 1404
5664 5130
6304 5906
8430 7857
1991 2741
9997 9882
5645 5514
10494 9868
1939 2148
95 484
7063 6769
1367 1356
7806 8416
6089 6990
7880 8663
3576 4354
3442 2837
3126 3000
8144 7893
7808 6998
6387 6892
5353 6259
5450 5624
5885 6668
15 918
6783 7416
4235 3655
2104 2726
3591 4462
5448 4726
4276 3757
8778 9240
92 482
6327 5908
4649 4878
9457 9301
9573 8651
3811 3903
2286 3182
5406 4936
1389 1422
6181 6877
8741 9490
5545 4969
8977 9002
7761 7857
1698 1038
1828 1366
4299 4767
2404 3257
5615 5116
5608 4695
7411 6454
1481 1206
854 1447
2841 2254
4796 5538
6667 7568
4096 4811
6056 6952
2561 1958
6753 7011
3127 2422
1412 1907
5377 4406
8113 7841
4281 5039
8479 8699
9409 9285
6445 5907
4056 4895
5975 5720
2659 3418
7755 7175
9021 9606
8327 7840
4665 4811
10158 9624
8305 8053
7641 8306
6420 6078
1852 1279
83 189
7863 7364
774 1541
5929 5593
8909 9562
8124 8430
4317 5118
2508 2474
7962 7445
31 793
3800 3707
3200 3008
8980 8263
10026 9203
3352 4350
7041 6869
3363 2763
2725 2507
6680 6404
9753 8817
4311 5182
9240 9781
5874 5698
6740 6200
5174 5776
323 1180
2927 2371
5174 4911
7618 7008
7715 6965
5523 4686
5365 4720
97 844
8350 8311
11 367
2777 1998
5604 6342
7094 7778
4580 5284
3202 3813
2463 2220
1230 1308
1994 2183
7168 7111
35 925
9008 9640
2911 2127
8764 8378
6993 7738
8596 8005
7569 7215
1890 1817
9006 9439
6590 5707
6426 7249
1785 2079
1605 1765
2737 1984
9452 8554
9560 9601
88 629
9809 9791
1674 2428
8974 8695
7534 7643
4547 4760
6409 6450
4804 4824
6507 6598
5836 6621
1740 1714
4536 5389
6829 7662
2994 2137
91 795
4314 4649
50 754
2359 2909
8840 9424
3330 3290
3630 4363
3586 3794
3232 2736
90 599
2428 2914
5446 6397
3871 3625
3429 3099
2475 1626
3965 3191
1599 2169
6010 5878
100 303
2474 2833
1109 1428
4601 5023
4775 4300
6369 5781
19 293
3059 2229
7853 7224
7987 7090
3560 3392
39 433
4817 4601
5255 5287
4440 5123
9449 9073
8433 8351
57 386
2852 3075
6482 7297
5976 5278
3813 4604
7759 8438
5257 4893
5437 5532
3524 4218
3779 4612
4627 4162
2744 2910
6613 5719
6003 6778
3609 4151
2112 2358
1326 1752
8151 8166
2311 3034
8004 7046
3379 3679
71 664
86 402
4439 3702
8370 8180
2047 1718
1672 2365
6388 6843
1402 1353
30 957
3145 3226
6118 5145
5909 6088
1359 1453
12 118
9583 8717
2796 3036
11 742
6494 5812
94 10
73 847
3775 4756
7814 7819
10 125
3016 3189
8069 7248
40 826
84 758
8965 9309
220 1076
9699 9783
5578 5165
3339 2442
4976 5194
2110 1301
6060 6387
6503 5680
7057 6781
6471 7368
2715 1950
3320 2446
7946 7261
2856 3112
5328 5112
5046 5040
29 903
10382 9816
67 999
3710 3157
3952 3969
3214 3764
6584 7334
8051 8993
5167 6058
33 917
86 238
14 778
5582 4799
6851 7380
5812 6810
9452 9981
5108 4752
1876 1362
2080 2773
5853 6280
5865 6227
81 717
3818 4103
4645 3834
9314 9993
6665 6035
5017 5521
6878 6987
6754 6436
40 431
8328 7389
71 656
3750 3351
7334 6687
2787 2550
2253 2885
3437 3891
1665 1068
3104 2210
3035 3835
754 1259
11 671
3956 3935
56 503
9185 8689
58 84
5632 4738
3190 3614
7024 6031
41 572
9627 9135
8442 9343
2974 2577
7391 8341
5929 5114
7974 8430
8183 8593
7777 7691
5391 5111
8728 8630
5229 4322
6971 6830
9824 9006
6118 5735
7632 8237
1739 1935
2517 3276
1209 1532
10044 9411
8839 8365
72 966
4389 3619
1603 1889
3757 3640
3608 3562
1674 2159
8628 9493
9320 9798
9983 9740
8110 8070
2934 2029
10348 9782
3718 2824
3358 3996
6165 6166
2021 2650
12 344
2691 1932
2401 1997
2409 2889
4992 5685
1620 1748
65 501
2932 1991
3912 3540
204 1188
7247 6807
69 728
6410 6124
1582 2242
3327 3795
2080 1434
4718 3842
1814 1808
9416 8546
4849 4799
6712 7220
3133 2565
3855 3212
8238 8095
100 901
70 727
6214 6229
8386 9276
3435 2855
9348 9578
8524 9340
8671 8610
3299 3694
6619 5726
2974 3495
5563 4804
4066 3804
3632 3336
7952 7448
6876 6301
3868 3491
5882 6697
2569 1670
8333 7444
40 740
2746 1811
3892 4368
10681 9984
7873 8765
5714 5340
3852 3206
5829 6558
74 979
4404 4135
2720 2099
2837 2139
2106 2079
3017 3355
2686 3095
4104 3377
78 846
5504 6426
7544 7542
1373 1445
4296 4921
6030 6946
9075 8109
4895 4146
7302 6586
3417 3491
8955 8799
4815 5480
6279 7061
7011 7768
2633 3235
5494 4940
9803 8833
8288 8398
6395 5458
6023 6816
3302 3767
7022 7117
2248 2950
5434 4494
2406 2334
6351 6763
9549 8764
2359 2942
945 1681
7523 8452
6366 7155
6840 6111
3521 2791
2293 2711
8202 7941
8546 7681
3487 2783
4139 3592
4434 5162
3161 2618
686 1170
499 1453
3542 2650
9981 9910
3219 2504
57 151
3169 3850
7562 6779
5541 6163
3240 2277
38 470
12 645
8430 7440
8569 7828
6023 5245
10297 9298
5388 4630
10169 9412
4127 5058
46 1003
8720 9191
8624 8111
81 22
6485 6639
6725 5812
5752 6132
4541 3645
8907 9730
5544 6038
6966 6648
4193 3683
2663 1678
6510 5535
7282 6863
19 623
6757 6666
8954 9234
4486 4996
43 355
93 989
5077 5785
3825 4524
2992 3816
6504 5606
6847 6329
5294 5991
48 361
8737 8100
9246 8879
3148 2800
6429 6147
1360 1112
8274 7756
8548 8326
2074 2196
27 927
4506 4673
5115 4833
851 1038
3145 2740
7538 7978
4728 4017
1187 1260
8996 8291
9128 8681
2354 2676
6699 6884
8314 8945
85 447
2460 1462
7042 7785
8946 9668
5595 6390
7586 8043
7394 7761
45 187
4796 5132
5911 6448
4468 3588
4462 3471
9545 9058
12 913
7437 7638
4357 4403
8378 9052
8533 7708
50 810
89 260
3131 3078
10299 9486
1842 2824
5725 5717
6852 7692
14 531
1511 1351
6067 5774
3137 4021
8538 9359
5984 5773
6174 5931
2465 1985
3927 4645
5987 6890
1706 2640
9365 8952
4890 5459
6873 7036
9474 9542
2616 3591
9141 8652
3146 2908
4290 3545
2508 3436
2347 3196
3710 3012
6161 5849
7969 7512
4954 5131
45 472
3431 2741
8411 8299
7816 8742
99 20
5400 5782
3750 3573
8913 9335
8950 8505
9760 9505
7262 7206
1606 1011
2419 2099
1694 1263
5296 4467
56 652
8100 8694
5991 5769
3866 4676
1241 1920
3172 2622
4798 4921
1997 2174
5086 5602
3783 3072
5637 5050
8048 7068
3671 3538
6198 5311
17 207
5410 5916
8648 8894
5362 5461
4220 4821
4989 5509
4578 4347
2408 2042
5875 6199
3233 3631
9525 8986
9966 9855
92 105
6793 6703
5106 5197
1649 2453
9044 8790
4713 5525
1777 2534
6408 7219
7370 7808
8900 9468
8323 9255
3668 4545
8801 8755
65 234
7576 6887
9524 9954
2497 2642
9355 9405
24 904
5679 4888
1504 2189
75 871
3972 3567
3993 4134
5589 5510
8540 8953
5303 4513
5250 4534
6430 7182
985 1438
5811 5653
8916 8353
9603 9585
2084 1759
50 885
2699 2599
7784 6812
8611 9026
5680 6118
3021 3788
86 96
5897 5374
4355 4291
964 1687
2806 3445
4308 4792
1693 1473
8358 9300
1692 1165
3209 2759
6499 7412
4456 5238
552 1300
6661 7530
2468 1549
1591 1363
86 741
10100 9957
5691 6482
4530 5461
8581 7919
3562 4075
3532 3647
5932 6142
3596 3146
3245 4048
4028 4486
3448 3748
3980 3109
100 875
7503 6956
4745 4023
8061 8070
2391 3012
4214 3494
691 1210
7390 7454
9228 8252
47 568
1975 1228
7372 7575
5307 5490
5332 5960
4343 5179
5535 5830
80 257
3258 3564
8362 9148
2003 1842
5381 5284
74 30
5214 5117
6929 6611
21 277
2863 3385
3362 3437
5061 4368
3150 2158
6724 7246
2103 2429
52 162
5616 5156
1535 1690
7384 6628
3540 3189
80 567
1754 1716
8143 7461
5165 4636
72 96
51 254
6139 6573
5339 5815
3568 3757
10227 9356
2889 2909
59 809
8970 9052
6755 7448
9945 9416
10651 9926
1116 1933
79 768
443 1277
9088 8296
8696 9267
4664 4254
3638 3451
4588 5148
9790 9621
6386 6280
49 87
8402 8312
65 19
5015 4156
48 310
6309 6702
10752 9818
6686 6281
1847 2257
5706 5143
1622 2536
3230 3692
4630 3794
7085 7818
8670 8547
6632 5665
73 188
63 818
4926 4719
2995 3518
2797 2949
1616 1454
6449 5664
59 568
7393 7117
3228 3966
10771 9995
4398 3786
5346 6010
88 96
5986 6894
4193 4659
49 460
9308 8669
1914 1801
8420 7947
9548 8912
5227 6125
12 358
8034 8101
52 386
5820 5532
4502 4051
9891 8938
9615 9205
39 568
2814 3068
2478 1929
4286 5267
53 267
4338 4453
3776 4348
8566 7672
4640 4434
7888 8207
3407 3846
4123 3842
6188 6097
2264 2400
1788 2284
3254 3181
9654 8742
4447 4314
8238 8836
2462 2855
3599 3117
9633 9782
4663 4890
7697 7028
3596 4298
87 782
5134 4626
4520 4059
8514 8338
4367 4253
7868 8082
3212 3513
5404 4649
3265 3908
3429 4024
9139 9675
2926 3864
8167 7499
40 171
6180 5209
6003 6211
6216 5795
3078 3824
730 1271
68 526
1589 2392
6636 5809
6992 7227
5533 4647
7798 7324
87 112
2887 3802
6326 6642
3511 2555
3043 3841
1687 1176
2289 2064
4849 5665
96 1008
2554 2657
2210 1522
30 204
9925 9152
756 1126
8025 8541
3806 3273
1079 1132
2692 2993
7511 7268
8620 8429
8366 9239
2593 1792
797 1754
9353 8515
2240 1449
1584 1808
9717 8733
10429 9929
9616 9598
5457 5278
7436 6485
75 951
10010 9637
6702 7173
7648 7705
3388 3593
5986 6443
3390 3194
7759 7349
8426 8182
1456 1388
9216 8476
88 572
1886 1055
9367 9788
3402 3674
2599 2788
6006 5161
9074 9522
8096 8819
7239 6702
2538 2341
3631 4406
2765 1931
1675 2112
7797 8401
5439 5187
3763 3466
2983 3789
2577 1630
3779 2817
69 691
8181 7981
8999 9581
6170 6764
7422 7053
2006 2220
13 938
8963 9007
2684 2810
4429 3497
4077 4695
8419 8239
7234 7155
7565 7720
7578 7063
8403 8608
5440 6133
5408 4777
1788 1089
3577 3341
245 1095
4967 4991
310 1131
5563 5563
3099 2549
9543 9062
78 867
43 524
2750 2818
1173 1246
8485 9070
51 202
155 1139
1766 1254
6683 7645
8948 9138
3466 3761
8657 8682
46 164
7490 8407
1991 2130
5448 5777
5919 5296
6972 7134
322 1158
8171 7876
4645 5055
8351 9133
7743 8277
8335 9154
37 566
41 865
254 1174
2278 1863
7623 7935
74 625
7575 6790
4663 4527
47 595
1592 2508
6039 6192
5680 4822
1963 1201
2011 2488
2210 2105
4154 5026
6973 6402
2920 2158
4365 3389
4578 4120
5807 5066
16 158
3312 2558
7067 6208
6619 6201
8855 9505
4836 4995
8877 9283
3218 2315
5229 5419
8122 7560
48 344
5587 4609
4185 4235
8326 7580
2274 1778
5141 4825
6471 5473
9991 9455
5270 5221
9407 8742
6374 5448
2787 2525
1691 1578
7436 7120
19 738
864 1464
6282 6311
1804 1447
9370 9122
63 586
9919 9138
3663 3200
6828 7194
2751 2738
1836 2229
54 194
7645 7355
2540 3459
1567 1701
6415 5920
6978 6811
5028 5783
5663 5197
14 246
3756 3792
7878 8039
5582 5169
2648 3569
7550 7894
2716 3504
10 164
3426 3140
9856 9471
2918 3101
6533 5597
55 900
8909 7974
28 245
2123 1624
20 708
8128 8566
2866 3863
7647 7183
6178 6694
55 836
5253 4717
3766 4232
5868 6623
10295 9323
10760 9977
8225 8031
7240 6265
17 851
87 749
4512 5037
9018 8053
3928 3234
57 449
5022 5797
3208 3896
7331 6658
10410 9879
7457 7415
7523 7481
8277 8988
8396 8507
3357 3394
2192 3158
3826 4213
4991 4729
2287 1782
3761 3470
4954 4271
4952 3986
3718 3199
2107 1905
8165 7545
3834 4794
4380 3860
2614 1721
6240 7186
2756 2437
2425 2499
8608 8921
6382 6258
78 212
2518 1546
2827 2287
1167 1852
7876 8427
4222 3298
1295 1767
10051 9077
6856 7081
35 146
1538 2291
8340 9269
10399 9767
49 933
5186 5976
3289 2736
9359 9084
3646 2883
3028 3618
4845 4403
8997 9376
8599 9062
3833 3280
7655 7999
7429 8104
7678 7448
7727 7580
6678 6103
4208 5171
100 777
6311 7232
6270 6308
4013 3816
76 871
3687 3983
2591 2842
9367 9559
69 725
2945 2204
7705 6973
7216 6508
6062 5676
4566 3587
7342 7981
9199 8593
2330 1913
67 231
42 623
8883 9038
4448 4823
3530 4386
10419 9734
9067 8305
6995 7384
8986 8740
4366 4182
1762 1397
2137 2639
2879 2038
8153 8577
10513 9894
3026 3885
3714 4678
1606 1044
8377 8315
5104 4922
5422 6065
47 993
2060 2712
68 61
6272 5634
10757 9790
918 1787
25 655
7957 7855
2492 2601
2181 1196
7381 8011
9577 9590
8383 8070
8979 9354
4717 4917
1126 1029
77 663
3543 3946
9220 9025
8921 8447
6288 6826
2296 3163
1881 1162
7258 6365
22 124
8830 8966
10076 9125
5355 5600
31 210
1953 2063
6291 6217
9283 8769
6087 5232
2751 2738
5583 5599
7116 8012
7737 6933
2921 2640
3134 3520
55 543
10439 9754
6095 5495
17 496
4782 5525
4375 4250
7438 6948
9002 9401
5963 6790
5435 5561
9389 9926
7473 7787
1656 1037
7558 7137
1500 2386
4093 4787
77 28
5160 4788
1631 1169
10042 9745
9597 8836
4731 5459
2593 2673
12 1006
87 705
11 51
3021 2407
9538 9216
2181 2860
2947 2012
7355 6734
7911 8487
2791 3612
7453 6653
1653 1418
8471 8059
9357 8403
2821 2952
1526 1218
7552 8426
4496 5452
10012 9709
6862 7223
8052 7162
6877 7538
66 575
6105 6180
2181 2167
6465 6184
6311 6560
6020 6071
762 1441
6367 7116
5193 4294
5441 6015
43 440
81 432
2495 3145
8877 8355
6500 5736
7327 8091
8700 9224
9857 9399
2762 1824
9514 9942
4232 4618
2412 2374
6112 6819
6756 6280
7231 7623
9575 9291
54 697
3328 2507
4220 3257
5476 6240
1999 2701
6265 6317
5419 5816
9234 9997
2633 2563
3062 3089
9615 9515
7900 7701
7991 8899
5123 5148
2068 1690
7656 8317
2863 2027
4142 4258
8620 9109
4954 5929
2844 2522
4215 4934
84 70
5012 4839
8768 8708
8378 8103
8584 8061
2963 2446
8571 8960
8067 7507
6142 5422
3190 3256
7957 7869
7434 6680
5178 5272
4357 3702
6107 6454
8574 8300
3032 3582
7333 7005
4659 5292
25 36
4866 4860
5909 6093
2736 2029
7849 7291
4972 4864
2182 1271
2271 2894
10227 9686
6701 6264
4294 4177
616 1378
5397 6320
2246 2119
2653 2638
10442 9445
10402 9837
8776 9518
4119 4426
5130 5194
4236 4390
69 486
7902 6919
4561 4058
2177 2972
6374 5956
3835 4411
2221 1842
6063 6750
6415 5734
7127 7943
6902 7124
5314 6286
4728 4140
8092 9050
2859 3770
14 681
7919 7233
5714 5478
3386 2986
8801 8474
7900 7689
9406 9478
3312 3336
9439 8853
8576 8357
5772 5901
2428 1827
3199 3628
87 525
1922 1153
8932 8427
1389 1266
5984 6206
1629 1075
1559 1794
8026 7179
5110 4422
5987 5607
5637 5034
16 319
5055 5633
8207 8224
24 22
5949 5037
3752 3215
9263 8952
5253 6095
8103 8682
2259 2113
4384 4614
3686 3045
6470 5900
3281 4269
2739 3161
2339 3093
30 299
5002 5236
3501 3417
4054 3069
66 769
8728 9311
9306 9530
9080 8100
73 778
4734 4101
7675 7042
9157 9805
7010 7878
3464 4460
8628 8637
6706 6781
24 865
6714 7600
5008 5960
3220 3954
175 1168
4822 5228
2157 2832
2726 2856
2009 1856
7455 7781
5759 6047
2120 2381
4700 5587
6303 6705
3296 3758
5956 5878
776 1519
9044 9535
8023 7909
6474 5538
6047 5251
6891 6449
518 1412
7845 7602
8171 7986
5270 6188
4024 3383
9180 8238
7897 7981
6819 6790
95 406
5366 5543
3899 4806
85 859
73 258
3660 3150
3392 3640
2337 1367
4581 4129
3925 4482
6784 7403
6748 6543
9459 9833
9715 9617
2664 3563
1275 1022
25 733
5581 6510
4611 4380
8144 8172
8173 8894
1085 1476
5324 4613
5575 4849
8980 8289
70 926
3674 4111
9052 8654
8617 9280
7676 8550
4408 3685
2428 1883
1042 1627
1138 1372
5890 5928
6951 7496
1668 1690
3068 2803
2001 2087
2980 2065
78 738
8026 8871
5733 4992
6197 5888
4505 4119
5621 4973
2379 2757
5798 5214
4721 5477
714 1155
4707 5562
8633 8386
2591 1763
3551 2882
8378 8096
5348 5480
7489 8463
6436 5702
1790 1614
6447 6742
83 1002
2983 2535
5878 6440
9448 8601
2456 2572
5590 4989
3701 3582
9080 9115
2976 2305
9578 9640
4115 4507
5017 5921
22 357
3978 4605
4157 4865
5146 4629
7793 7921
1274 2197
8057 8116
5983 6733
7594 7262
10194 9199
5194 6015
6854 7220
2472 2684
6131 5354
2216 2057
3961 2985
8047 8781
632 1061
2375 1382
10335 9398
6076 6715
1331 2011
7492 6497
1476 1571
2285 1681
5905 5046
1612 1098
90 846
5930 6788
9402 8659
243 1061
9165 8401
8335 9118
1102 1436
9084 9646
5474 6342
4318 3831
4068 3096
5801 5529
3026 2491
7563 7901
2728 3439
6528 7127
2665 1748
4247 4307
4757 5184
2352 2138
2040 2451
7258 7472
3102 3494
3431 3816
1977 2962
7593 6800
3446 3767
7933 7514
7406 6932
2734 3023
9567 8852
69 179
100 517
1513 2152
7305 7440
7049 7009
4083 3794
3594 4110
8320 9294
8399 7887
3842 3120
2992 3391
3950 3439
6197 5934
2235 2752
2931 2119
3415 2457
61 964
1934 1403
3818 3093
3645 4117
9489 9443
5626 6577
3564 3807
9978 9425
8927 9645
8596 9434
6730 7510
9190 8921
13 958
880 1815
6719 7029
42 369
2415 2799
9729 8739
7024 7075
7269 6839
4840 3891
8483 9387
5013 5764
6626 6083
96 530
45 629
4824 4128
1513 1618
9063 9882
6696 6487
9573 9081
8772 8568
8012 8997
55 739
89 321
1098 1364
9855 9564
84 121
9290 9196
70 605
6892 7177
3347 2635
6101 6448
9922 9010
8923 8016
2873 2695
4809 5744
1718 1202
6341 7199
4660 4680
5665 6063
3720 4107
1891 1639
5662 5183
49 149
3123 3402
4299 3663
3882 4340
8368 9176
6730 7238
8642 9339
2458 1942
25 112
5455 4660
3913 4303
10090 9277
4938 4110
6683 6173
8674 7780
4303 5256
5203 5373
8387 8403
1619 1856
1600 1865
7404 7563
2762 2124
10088 9407
4127 3985
7208 7679
6706 7282
5263 5838
9944 9408
4773 4519
8472 7776
5060 5484
7366 6577
5046 4280
5797 5327
6786 5853
6766 6966
91 42
9280 8976
3892 4047
6917 7171
2212 2465
2046 1285
8891 8474
71 986
7713 7018
6336 6834
4697 4319
3863 3249
468 1145
5131 4497
51 845
4600 3895
7111 6995
5269 5370
6653 7375
38 647
7749 6993
6645 7445
5634 6454
9109 8296
2086 2293
6628 7271
4464 3805
4098 4883
3214 3184
8142 8602
1352 1583
9866 9410
7816 8423
61 476
5966 6297
24 89
4850 5655
5125 5018
5923 5203
8270 8833
6598 5816
6188 5773
4561 4947
2157 2048
10025 9568
8466 8068
5338 5858
2148 2698
5811 5592
2385 3303
2490 2537
7672 6739
4493 3753
8299 8789
7466 6656
1500 1878
4129 4326
5309 4616
6534 6612
2750 2967
3010 2655
7477 6898
1628 1370
5268 5586
7688 7026
8650 8098
2484 2221
1779 1522
2660 2235
4691 3700
1031 1782
2450 3361
34 678
4661 4594
7134 7797
19 840
10271 9348
4107 4686
8385 7892
752 1364
3504 2923
2824 3627
9492 9895
4607 4650
6610 6442
3400 2798
9789 9580
8223 7761
8980 8698
4168 4436
5954 5078
9353 8836
92 499
9961 8969
8632 8875
3065 3601
3795 4334
9279 8755
5357 5067
1553 1326
9440 8851
3387 4137
8716 9553
1037 1429
5425 4488
6691 6865
7616 8175
4915 5717
7995 7938
9695 8951
8787 8590
1420 1126
2371 3322
3367 2782
6571 7358
100 609
7049 7953
6070 6806
6825 6446
6444 5622
2308 3303
6009 6563
6554 5880
66 574
29 888
3556 4546
4284 3620
7894 8134
2834 3691
9293 8712
8339 7573
8968 9510
5464 4562
1461 1853
7492 7603
9296 9123
2845 2977
4717 5160
6642 5971
8297 8548
13 1007
5538 4794
5088 5919
6655 6194
5427 5412
84 504
78 686
8096 7477
4702 5695
8603 8977
9085 9692
8988 9708
10005 9588
2373 1695
2270 1460
2911 2051
9376 8711
5765 5759
8917 8094
9180 9862
64 491
9750 9578
993 1590
4046 4575
34 437
6835 6334
2878 2251
1774 1099
1886 1513
8929 9881
8435 8448
38 680
9198 9098
76 376
6901 6376
37 404
6972 6490
1071 1238
6581 7325
9033 8421
1879 1898
3150 3038
8803 8472
10277 9692
10360 9806
5709 6167
4053 4274
7349 7690
2802 3488
62 642
8330 7603
79 696
9094 9084
764 1448
2917 3318
8476 8522
3813 3824
9342 9027
5123 5521
8109 7763
7782 7077
4153 4719
1821 1192
1126 1558
4482 3559
8472 7838
4113 3373
9362 9671
9559 9800
74 324
3253 4077
7981 7004
3386 2530
1441 2341
414 1147
2912 2809
5511 5560
9577 8591
1361 1618
6588 6732
2352 1535
767 1375
8942 8164
1682 2460
4716 4081
8081 8735
2097 1528
3522 3172
1800 2056
5156 5212
8258 7280
3306 3082
2648 2998
7036 6566
5392 4850
9248 8547
2234 1483
2427 2714
9370 9007
9753 9145
6828 6971
869 1457
5701 4785
4110 4204
4862 4033
6468 7114
8420 8381
9850 8988
3325 3708
2883 3737
2338 2036
5790 5216
1595 2230
5795 5023
1751 1603
7168 6971
3175 3000
25 522
4398 4025
1216 1440
1064 1326
5484 5974
1406 1495
990 1503
4984 5957
9272 9450
9396 9878
2092 2699
50 94
3974 4955
10187 9732
7821 8372
9814 9812
9069 9087
2018 2310
10546 9812
2729 3545
3817 4167
10798 9879
8994 9723
24 151
4701 4683
7703 7568
6448 6758
6590 5943
2818 3612
2183 1314
1180 1380
10079 9795
3909 4298
7566 7289
2490 2704
7475 7559
1459 2072
9938 9408
7644 6648
2876 1942
47 14
7361 7394
4412 5357
2429 2854
6165 6827
5660 6401
8991 9058
4086 4112
7958 8649
4240 3363
4673 4475
10836 9989
2375 1559
9558 9406
3357 3278
6029 5557
3590 2636
3846 4739
21 915
7877 7087
3507 4310
5684 6338
547 1455
