2464
50
6162411
53 40 40 51 45 50 41 41 51 47 44 45 60 60 59 51 60 47 40 44 45 60 59 49 42 49 45 52 46 50 51 57 50 41 46 50 47 48 42 53 53 60 48 57 50 46 55 40 47 57 
-72667 -67465 -60409 -91222 -77071 -85954 -60593 -68440 -84966 -90990 -65239 -74393 -98630 -101198 -104198 -69571 -117978 -85796 -73587 -75574 -83430 -106629 -108243 -89791 -71880 -83285 -79449 -93082 -69501 -72135 -102104 -100735 -91929 -87464 -76098 -90160 -81714 -80081 -78576 -75520 -96437 -111007 -77730 -100894 -103615 -68665 -98160 -66724 -86844 -99142 
74682 65394 59092 87819 75197 83625 59640 67531 86037 88053 64656 74241 93713 99378 102358 68664 115811 83454 71346 75098 82478 102397 106107 87967 69163 82289 76757 93026 67782 70806 99413 99028 89903 85136 74757 89331 79859 77376 77413 75095 94190 108525 77575 95811 100636 65658 96132 65002 83744 99755 
3323 3817
7072 6399
5997 6523
3120 3666
79 655
5073 5504
8392 8312
3217 3907
126 1060
4737 5413
4005 3878
575 1130
8285 7971
31 236
7870 8765
2922 3900
36 433
7614 8566
6961 7423
665 1454
5432 5570
68 784
3581 3238
14 487
7836 8756
1770 1100
91 707
75 531
8157 8918
8841 8904
3101 3467
925 1217
5840 4953
7899 7379
4563 5166
5372 5572
3052 2986
4654 4363
5537 5322
7717 7802
5644 5850
3314 3497
1169 1335
92 854
2044 1052
3357 2955
92 18
2220 2220
7113 6186
6140 5488
5555 6540
3049 3898
7656 8362
8120 8340
1963 1362
2588 2586
7576 6839
3249 2298
8482 8187
632 1484
5875 6148
85 610
9984 9185
7346 7788
1726 1233
7425 8087
4752 5709
1430 1063
7308 6533
8872 8091
7723 7186
1104 1088
7618 7671
4501 5006
4933 3977
9091 8434
8544 8933
3821 4364
29 703
9217 9566
5624 5779
2308 2120
31 483
5406 5942
6779 6326
10714 9886
3653 4415
1860 1212
59 828
4951 5930
3624 2817
4360 4877
3525 3484
5020 4938
29 420
3877 3622
7472 7124
2675 2163
6240 6732
15 102
5969 6632
980 1927
2992 2266
2060 1471
2232 2800
5906 5443
7778 8252
7421 6565
2660 2056
6800 6869
5657 6279
8444 9110
44 763
1762 1678
664 1248
9115 8774
6880 6685
5668 5507
7081 7251
1522 2277
9509 9721
4579 5479
2938 2301
3854 3660
1461 1493
1634 2348
10238 9476
893 1596
1309 1687
2018 1695
8958 8015
9222 8268
2721 2933
5415 4747
8432 7544
2736 2105
1156 1120
8607 8398
10334 9362
3133 2763
6061 6333
8878 9515
387 1050
9958 9039
73 672
1779 1161
3851 4035
2744 2127
6757 7572
9293 8932
6132 6246
8290 8835
4066 5030
8023 7968
4374 4562
10 435
3944 3805
8771 8669
9611 8765
8282 7958
7717 8084
56 143
8617 8227
5058 4876
6717 7147
4900 3986
8919 8241
6974 6655
1798 2485
2248 2698
8213 7551
5927 6051
1556 1164
4972 5110
2141 2116
4059 4657
7157 6506
8157 7272
33 510
3345 4064
5046 5994
5062 4930
4567 3876
1884 2884
8483 8982
20 355
2731 3113
8212 7406
3577 3519
7834 8332
2396 3027
3073 3187
8647 9156
7588 7932
7256 6419
10020 9937
8737 9473
2672 2497
7440 7780
6737 5746
46 516
73 842
1466 2359
6641 6058
7596 8254
8396 7603
6864 6242
6783 6750
5317 5060
8753 8524
1577 2378
5255 6215
65 565
2570 2053
5966 5252
1632 1347
3120 3563
7248 6771
1010 1337
6871 7103
1789 1648
47 583
1367 1468
2101 1334
3290 2786
8622 8942
8896 8046
6594 6080
9545 9495
7700 7122
5052 5093
6525 7038
8265 7319
9140 8903
7365 6990
2631 2680
8415 8957
8772 8979
2265 2313
3918 3080
6585 5623
1295 1853
10209 9791
4946 5774
7324 7976
3973 3517
9750 9692
8595 7929
3384 4022
6381 6520
84 1004
3587 3009
11 770
5531 5534
8795 8596
7969 8949
3106 2952
457 1012
8764 9165
2560 1741
6858 6318
3372 2459
2806 3800
1874 2824
2483 1812
3507 3013
4595 5172
2132 1840
6214 6537
1474 2465
8721 9048
5405 5743
2532 1837
5015 5241
5068 4288
2295 3192
3714 2913
5978 5198
3450 3767
1036 1982
6665 6147
2174 2291
3592 3189
5239 5042
4965 4570
740 1592
6230 6214
5042 4822
2812 2987
9757 9200
2854 2108
7153 6954
87 914
8758 7814
3492 4202
6405 6728
4245 3670
4134 4972
6154 6329
2763 3115
8132 8782
6357 6189
61 525
7488 6910
4272 4888
6661 6384
8921 8765
3538 3811
7852 8079
1406 1583
2803 2467
6664 7538
1160 1447
2879 1918
1587 2005
1411 2339
5814 5160
13 523
2790 1885
2729 3232
2368 1980
5063 5481
1623 1029
3464 3514
8437 7502
1994 2266
4368 4476
5860 6719
744 1036
3437 3383
3675 3537
6948 7028
3950 4535
7027 6912
4936 5115
8816 7857
7621 6736
1727 1157
5230 6215
2899 3364
8601 8425
3463 4411
6838 6699
6806 5840
7538 7932
1510 1477
89 446
7898 8270
6434 7114
1706 1804
4361 4752
10166 9531
599 1565
5406 5425
9435 9699
4124 4259
35 618
4824 5410
8392 8444
4494 4650
6827 6381
9499 8668
4932 4520
7425 7741
2013 2190
6836 6825
5895 6212
8161 7340
2232 2580
6679 7188
6746 6825
9677 9179
3374 3841
2547 2031
9145 9459
6295 7176
4229 5014
2872 3383
9875 9649
8316 7686
56 399
9377 9784
2723 1918
31 744
2205 1601
920 1693
7168 8156
1703 1713
8168 8828
1482 1886
2694 2391
5279 4951
4776 5743
8965 9187
196 1182
4817 5067
27 973
437 1324
44 569
5277 4698
22 511
4559 4344
51 723
2590 2724
5393 6193
8771 9032
5911 5851
7183 7938
9151 9399
7399 8242
6431 6579
7410 6769
2295 2519
7033 6972
10620 9915
2590 3378
10372 9652
2395 3223
7833 7677
1218 2023
10290 9936
6371 6952
2236 1584
7653 7848
5895 6170
5859 4964
30 299
8902 9222
87 427
7056 7144
7784 7612
54 919
9703 9474
5607 4943
8520 8267
1517 1586
8684 8843
97 317
2226 1614
5767 4788
2744 2861
4594 3665
7271 8196
9396 9250
5913 6749
1279 2238
7817 6973
6037 6377
8778 8023
8096 7804
7310 6349
5805 6216
85 316
9143 8488
7800 8599
7632 6911
7708 8398
1961 1342
7479 7657
93 401
6038 6544
78 439
3379 4089
65 233
5196 4647
8352 8043
2785 1987
6482 6137
4051 3061
5230 5955
5618 5946
2423 1631
4905 4105
6996 7204
3138 3679
75 833
4454 4772
99 346
4985 4409
9878 9011
3115 3206
1267 1715
7877 7470
8881 9648
686 1226
8468 8738
7659 7712
2155 2265
5899 5821
6679 7265
7488 8416
79 650
1605 1577
3979 3924
2812 3048
8187 7422
4069 4883
22 749
8116 8167
6459 7006
3519 3726
2382 2093
4670 4153
1453 2259
5499 6243
2227 2127
9256 9911
6556 7400
1005 1651
9913 9564
8019 8014
2440 2287
4966 4183
1729 2431
5477 5060
6317 5906
41 750
2684 2754
6462 6498
9509 9786
5484 5185
1488 1367
3555 3446
1833 1331
6895 7832
8062 7768
4466 3928
5570 5239
1486 2374
3074 3387
2320 1824
2201 3145
1573 1482
5494 4827
8657 9564
4616 4546
5824 5699
4071 4783
9203 9459
4592 5142
5721 5986
2629 2546
2476 3040
8654 8635
1692 2179
6019 6094
6256 6340
9643 9191
3968 4831
3033 3060
7973 8205
6745 7665
2588 2059
3137 2227
4811 5257
5744 4853
54 715
8115 7794
4299 4501
2300 1661
33 269
7067 6980
3894 3166
3232 2605
7894 7553
2604 2404
7092 6611
7506 7650
3732 3694
2258 2992
2931 3248
7794 7716
3407 2434
7639 7006
10525 9704
5421 4879
3375 3903
6907 6563
5415 5053
9416 9345
1627 1349
9646 8741
6583 6905
15 48
4110 3985
5643 6321
2612 2182
6531 5968
4612 4033
40 448
7864 8482
7007 7059
2831 2378
6016 5676
1985 2172
6737 6625
6828 6725
817 1483
3438 3903
4372 4016
4986 4043
6360 5545
2111 1546
6681 7344
6707 6253
2681 3414
8075 7810
17 637
6197 6086
6182 6639
2872 2433
2729 2827
26 355
1964 1691
97 432
1000 1526
4360 4908
4211 4339
5095 5640
7308 7861
5577 4904
9377 9744
1644 2238
4079 3344
9823 9345
679 1399
2463 2023
7354 7310
4349 5236
9412 9154
92 913
7539 6675
1829 2382
331 1254
6097 5397
81 542
4512 4013
8655 9172
9365 9728
9701 9249
2488 1887
2084 2842
8605 8980
6792 7791
8523 7736
5265 6143
3537 3296
4167 3729
2347 1448
6801 7436
7723 6781
8267 7422
2329 2491
4215 4043
9092 8960
9808 9506
8711 8430
6098 5652
1647 1593
8096 8033
1659 1690
6083 6952
4305 4651
2365 2259
10344 9411
4746 5503
260 1121
3976 4176
8609 8550
9770 8900
5432 6138
845 1838
8280 8003
1793 2232
4610 4923
2928 3454
60 262
1483 1924
2183 2790
5371 5563
7003 7227
6871 6578
2017 2637
4088 3094
8694 9315
8629 8970
8180 8567
3790 4237
5423 5998
5640 5675
7405 6501
3412 4276
7504 7038
6060 5455
6941 6919
46 160
5675 5904
5008 4100
5408 5139
2759 3345
9139 9742
9753 9687
1675 2474
6760 5761
4080 3164
7712 7589
8743 7948
7840 8471
5151 4542
5090 5550
572 1472
551 1536
76 581
3192 2683
1274 1443
4041 3922
7586 6658
4715 4302
5029 5080
7638 7086
10497 9671
1828 2373
6133 6042
9837 9628
6911 7401
4975 4889
1374 2273
3903 3629
3650 4000
3156 3836
2422 2640
7971 8347
509 1488
2364 1520
87 789
3029 2366
5377 4609
3188 2727
7572 6732
21 138
404 1105
11 464
1579 2023
8285 8075
2511 2291
72 729
2864 2707
5336 5964
95 673
6413 5450
35 321
89 369
3585 3565
5976 5166
9749 9479
8369 8993
66 552
1881 1070
19 617
52 18
6707 6716
4517 3868
4611 4928
4814 4396
2178 2567
8140 8371
9492 9655
3176 2593
8820 9496
8771 8410
79 941
76 346
9560 9153
5346 5865
3778 3752
9315 9073
4511 5181
8503 8635
5061 4089
1757 2069
5113 6004
8512 8596
2804 2856
9395 9260
4048 4991
3480 3662
6954 6759
8187 8698
18 993
7173 6646
5101 5592
25 211
5464 5801
3322 2715
8225 7884
8891 9319
8147 7246
1338 2208
9406 8418
5887 5965
5930 6820
8134 7684
3378 2632
9380 9942
79 699
10310 9966
7053 6571
5956 6507
6286 6015
3806 4342
6437 6378
8881 9266
9342 9012
6671 7574
3415 3455
6825 6711
7370 7453
1093 1581
6920 7911
8927 8678
8263 8462
2705 2499
3482 3475
2319 1691
8178 7577
8304 8746
8003 7507
6014 5360
4471 4970
34 688
7901 7038
4104 4899
6772 7283
829 1821
6367 6354
6274 6448
8412 7512
7372 6609
10668 9713
1012 1641
3284 3521
3722 3009
3522 2852
9861 9310
7345 7745
4777 4829
9073 8456
56 499
8691 9015
6469 5640
30 159
43 125
9068 9290
9729 9647
3345 4040
6605 5965
4618 5218
4953 5256
2276 2065
7666 8566
7290 6336
97 515
4686 5495
3060 3991
1772 2252
10001 9725
3708 4671
9320 8664
1819 1437
8341 7815
9562 8864
1828 1138
4539 5223
8597 8334
1411 1311
4694 3735
8093 8645
10202 9310
2438 3431
9059 9636
1909 2538
9897 9616
35 874
8552 9043
2661 1695
3674 3892
9459 8613
44 331
60 838
9157 9633
6982 6909
9726 9214
7050 7018
8163 7811
2141 3058
8722 8501
1531 2509
7213 6646
6546 6550
5690 4881
9594 9603
1291 2122
7612 8279
6489 6198
2522 2011
6605 5743
3142 2505
71 798
8514 8808
2314 1881
2948 3809
3899 2998
9354 9594
5943 6629
5644 6609
2029 1932
49 36
7996 7006
6739 5855
9782 8862
8451 8094
6414 6916
7858 8662
56 766
3282 2341
9301 9953
3875 4615
3960 3598
3195 3434
2368 2931
4004 3707
4746 5127
3114 3713
92 574
4388 5127
5550 5468
6042 7037
7378 6489
5702 5131
8162 8758
9344 8577
10859 9870
1804 1600
1844 1886
4821 4456
9305 9573
8436 8648
8684 7734
6069 6264
617 1423
7855 7149
3976 3831
2453 2015
7484 8143
8136 8186
68 584
7259 7586
97 649
3911 4275
926 1210
3854 3925
8831 9303
47 797
9046 9463
4146 3961
9200 8847
2125 2072
4272 4551
3208 3499
3194 3828
8392 8215
7015 7263
970 1696
2776 3609
5472 5765
2015 2072
3168 4035
4835 4034
7319 6430
6611 6841
6023 5439
3990 4951
9378 9260
6568 5587
9036 9151
3734 4505
6372 5783
1482 2169
1040 1929
9756 9083
2452 1621
8204 7469
9323 8717
2395 1877
4957 4555
3950 4370
9845 9661
5256 5734
7989 8733
9439 9889
7811 8793
5899 6886
6987 7106
86 296
5566 5471
37 130
20 635
4838 4331
6853 6737
4125 3954
8436 8659
6794 7617
7602 7283
5471 5753
3349 3112
6928 6399
5257 4582
73 291
6724 6427
8371 7634
4815 4268
4722 3810
4129 4012
8074 8548
3145 3363
9580 9343
9089 8878
4712 4355
5762 4870
2694 3381
4351 4032
10394 9726
2665 3141
7856 7347
9160 8304
6842 6779
1871 2211
7269 7146
6874 6627
9005 9316
3677 3120
2196 2250
8436 9174
2952 3048
5434 5552
7526 7835
1823 1441
4698 3981
5846 5501
4459 4120
6133 6440
1374 2143
2735 3599
8908 7938
7104 7931
4971 5538
4719 3788
4959 5329
31 838
10378 9855
1151 1437
4189 4368
3944 4659
3146 4058
8490 8611
7390 6758
6283 5376
2356 2603
1365 1591
2393 2011
1326 1088
8422 8706
89 220
8569 8988
7720 6966
5843 5314
3986 3343
2034 2785
21 48
1110 1651
3512 2945
1545 2396
6410 6669
5837 5993
3817 4351
4885 4870
7594 7216
7305 6416
7498 8090
6462 5847
4359 4865
2700 3185
5250 5672
2893 2623
8249 8112
8393 7865
8396 7495
9146 9817
9044 8917
1971 1508
7821 6919
6724 7140
7158 7621
4801 5464
9448 8945
5345 5170
8718 9147
8019 8452
9585 9535
2846 2673
1732 2597
4435 5247
6083 5366
8505 9229
7306 7977
3072 3184
3864 4719
7962 8435
3712 4547
6457 5992
85 553
3752 2991
30 1010
7219 6501
6922 6575
29 563
5610 4932
8702 8887
5906 5030
8144 7283
1470 1910
8376 9100
75 296
6075 5487
5221 6004
4582 3665
7903 7126
5118 5386
6700 5739
2689 3052
6217 5890
5492 5047
989 1502
9123 9350
9074 9874
3975 3010
5374 5905
2641 3524
8995 9955
8101 7359
4559 4188
8335 7921
5457 5273
81 790
2130 2690
82 494
4419 5276
5843 6756
9692 9318
9836 9198
18 357
10618 9719
6659 6157
9647 9978
8032 7909
5063 5144
6376 5549
3041 2698
1205 1847
7055 6919
17 559
4847 5767
4982 4523
3012 2142
5789 6136
2539 3112
4853 5313
8638 9549
8819 8227
36 923
2309 2953
9787 9162
4749 5585
3264 3281
8616 8912
7021 6714
3258 2634
2230 1763
9293 8750
3568 2775
46 209
9582 9216
3174 2606
5080 4120
6020 5979
10042 9873
1151 2015
2460 1678
3262 3673
427 1390
2840 2249
55 266
7920 8373
459 1263
1861 1549
1111 2073
10399 9744
8559 8868
9707 9644
7205 7203
69 283
9420 9284
6141 6490
5158 4652
9325 8899
1325 1174
86 244
9314 8611
2091 1153
6743 7166
7977 7301
6251 6746
5525 6453
6989 7036
8167 8809
5759 5165
6784 7765
5025 5883
4438 3788
7746 8467
96 766
4740 4197
7192 6581
3752 4352
6866 6255
93 724
6970 6945
2635 3168
9669 8968
4610 5599
527 1083
5210 4687
4807 4147
1615 1777
6508 7284
5679 5114
5561 6360
6355 6981
6101 6932
8741 9482
9088 9934
8427 8420
4444 5165
9888 9708
5939 6079
2528 2529
5849 5225
7638 7769
10150 9375
2700 1785
35 936
4553 3697
3206 3482
2410 2517
5321 5139
4673 4760
1021 1087
57 144
94 439
77 580
8315 7732
6745 6250
4254 3323
10673 9701
1485 1128
4207 4553
8715 9654
3620 2892
9095 8141
6025 6810
5563 4682
7126 7868
7855 7204
8608 8646
8244 8577
57 783
6451 5699
9154 8233
4217 4453
3321 3567
6742 7396
4635 5103
5099 4100
3612 3899
19 46
5539 5433
3912 4354
4571 3576
6832 6603
4647 5565
7218 7524
4635 3891
5321 5614
863 1581
2632 3139
1826 1194
3984 3920
7695 7422
4964 4428
5031 5737
5265 6022
4988 5144
53 331
6674 6583
2196 1942
10105 9611
1545 1150
6844 6827
8507 9210
8831 8321
4870 5593
40 524
1881 2017
3160 3338
7303 7544
5119 4159
7822 7949
5949 5107
8678 9546
4850 4929
8595 7612
6501 7118
5275 4561
2695 2801
1246 1809
72 633
8855 9849
9136 9288
7215 8132
8848 8875
4983 4910
1857 1372
1012 1838
4669 4543
5994 6796
3347 3366
6219 6295
8277 8254
3163 3727
7339 7594
7316 8274
1338 1413
3209 3578
1724 1137
7397 6504
9200 9403
1270 1626
1455 1240
10464 9901
7767 7972
6055 6669
1648 1688
2236 2501
5499 6329
5917 5855
4711 5692
98 78
7123 8010
10075 9605
4839 4542
21 141
4871 4889
4851 4908
5635 4799
1815 1232
5595 6293
6079 5419
6380 5961
3729 4111
68 231
5914 5702
2036 3020
5446 5988
3026 3701
8722 7973
2822 2592
7574 7766
9313 8781
4067 3584
7862 7530
3408 2570
909 1053
3978 3884
3807 3321
1155 1486
2512 3426
1429 2235
1645 1372
5971 6378
994 1794
2231 1771
9149 8372
8970 8428
769 1703
3816 3010
2813 2040
3886 4510
4160 3849
6880 7698
2907 2459
5172 6051
5677 5358
8346 8926
1789 2476
8568 8816
6065 6140
68 1008
6979 7203
8069 8487
2619 2081
5725 5481
1558 2414
3250 2321
1069 1430
8504 8325
6509 6364
8737 9630
1087 1758
3682 4512
2034 2081
6685 5754
32 228
7823 6919
8708 9669
7540 7628
4039 3043
1767 1021
7754 8451
21 902
3551 4275
7779 8130
12 90
2488 2786
7669 6943
1810 2701
6963 6560
41 274
9844 9054
2305 1783
8825 8850
2663 3003
3971 3129
4404 4062
240 1100
90 665
3296 2744
4054 4833
1333 1345
6798 6375
3671 3923
5957 5758
4898 4992
43 360
3020 2084
2597 2846
7936 7461
5347 4987
7444 7631
8873 9409
5163 4999
3771 4208
48 375
3927 4466
3177 2579
7481 8332
2045 1360
1391 1393
7614 7767
7583 6930
9254 9151
3925 4651
4963 5636
9340 9910
8419 8374
10401 9585
5556 6469
4902 4556
1627 2500
7554 7097
2055 1352
8164 8857
8604 8602
5816 6312
6447 5723
4152 4399
9072 9552
8902 8542
8286 7390
174 1161
8234 8582
4012 3612
7231 6699
21 339
9828 9160
10278 9782
8100 7798
60 851
3315 3544
1606 2348
8666 8573
3013 2350
10557 9930
8966 9845
4397 3436
8233 7862
5734 6053
4249 3807
8772 9349
752 1121
18 805
26 106
5352 6261
7405 8045
6468 6363
7737 7463
9813 9884
2503 1978
9915 9742
17 228
1388 2320
11 347
5066 5345
3752 3159
1579 1677
10238 9685
5058 5684
7522 7606
3440 3849
4179 3787
8533 7885
6706 5846
4313 4090
9637 9487
9529 9640
5725 6706
35 292
9206 8574
10290 9884
6519 6054
8573 8333
9193 8773
7646 7995
3627 4592
6010 6129
2623 3186
4267 4817
2978 2136
10089 9776
3562 3458
6018 5656
4452 4430
2173 1497
3346 3971
9307 9114
6224 6104
5039 4477
7878 8688
1564 1242
7689 8635
88 112
46 802
1065 1467
9003 8591
18 427
3842 3088
7296 7175
9021 9658
45 980
8813 8433
8454 9053
4352 3391
7207 7235
7626 8203
8164 9094
7752 6920
6537 6262
7570 7556
6876 6429
9126 8955
8239 8510
9333 9328
5347 5966
6919 6014
3160 2674
3683 3331
8266 7792
3789 3235
3917 2953
78 129
3688 3684
8263 9260
2129 2701
4713 4349
964 1691
4035 4706
2978 3946
4856 5192
35 749
9255 9749
2612 2445
6520 5871
8232 8534
4324 5307
7086 6280
7036 6666
5764 5719
43 270
11 797
94 220
5891 5144
5440 6026
7048 6762
2085 1893
9771 9917
7935 7712
5695 6209
8070 7098
2181 2808
8332 7475
5320 4469
7959 7633
8966 8517
2023 1411
6118 6902
5831 5950
6896 6928
9197 9929
9336 9170
76 115
6225 6208
7356 7784
5511 5740
9470 9607
4994 4383
7605 8413
4783 5039
6171 6402
9544 9424
6123 5566
4333 3929
6919 6014
6745 7049
634 1319
6895 7247
5855 4925
7600 8039
8584 7752
8352 9273
1368 1945
4204 4830
4548 4784
6732 6505
5365 5927
8760 7943
6641 7539
5260 5870
4568 3813
5834 5640
3652 3474
1782 2143
3508 4498
7218 7204
7441 8040
7383 8065
8019 8569
3248 2466
10261 9827
6887 7434
55 635
7923 8871
1007 1690
8963 9663
6878 5933
4565 4970
4118 4496
9037 8501
2616 1625
627 1122
68 466
3327 4057
50 354
2365 3332
6811 6084
2034 1250
9415 9182
3251 2367
3510 4421
67 342
7883 7410
5858 5114
7324 6723
6829 6360
8320 8062
1524 1184
8740 9134
2573 1863
4899 5733
34 435
5828 5655
6480 7223
4044 3414
5434 6211
7167 7086
6684 6848
62 643
7565 8187
1215 1248
2719 2398
5860 5849
8535 8862
6237 6779
8707 9246
64 814
26 157
6010 6943
6906 6382
7530 8421
72 120
3104 2273
21 234
2165 2996
3237 3500
5310 4978
5023 4066
9812 8912
6700 5775
3785 4040
9013 9086
4730 3839
8276 7389
5801 5699
4362 5284
7505 8284
7696 7805
3897 4688
10000 9923
1764 1968
9293 9147
7883 8156
7437 7008
8000 8789
5347 4405
3212 3893
8188 8307
1555 2549
10076 9650
5329 4568
14 373
5342 5744
2509 2303
5941 6695
1858 1921
3000 3975
1512 1642
9185 9839
6677 6887
2429 3068
7167 6923
2078 2639
6101 6369
2002 2369
4939 5314
8343 8661
369 1250
9743 9180
4432 5060
7625 8351
15 738
2338 1558
3154 2990
4327 5114
9594 9312
9229 8278
4064 3552
7085 7878
8870 8047
2499 1511
6140 5240
18 661
3886 4056
620 1316
6561 6920
9512 9202
6713 5948
4543 4491
8349 7715
6882 6028
1953 2437
3113 3531
8298 9085
5630 5046
5366 5831
3020 2160
1506 1446
10775 9776
4914 5865
6249 6050
5791 4818
60 255
158 1130
7469 6757
97 264
8813 8774
10524 9743
8367 9290
7125 7676
1136 2084
94 288
7269 7338
823 1681
9494 8839
7049 7191
6575 6333
4239 4757
2222 1925
2738 2036
3057 3555
5522 6391
5106 4992
64 727
1445 1093
5489 6010
8877 8494
2617 3478
5323 5261
6790 6876
5831 5541
9914 9482
5766 4838
10684 9849
5333 5266
3797 3942
5888 5156
1333 1604
5037 5078
2269 2087
6760 7275
3141 2254
33 167
8429 7810
8108 8911
7112 6193
8610 7896
1839 1229
33 450
5248 4319
1925 1062
1873 2210
6430 6766
2778 3752
6611 6523
1348 2160
2290 1836
4865 5603
4028 3739
6329 6103
6881 6280
4090 3956
2449 2396
2718 2707
9660 9939
8657 9650
9174 8210
7789 7156
7922 8551
8673 9550
2752 2083
1305 1698
2157 1598
6870 6757
6706 7295
5926 5705
9164 9537
6386 6973
4559 3565
3685 3874
8942 9610
2383 2010
9268 9002
5991 6378
5986 5382
8742 8983
2930 3384
8223 7686
2998 3541
1378 2348
8850 9718
7624 7422
1905 2326
4027 3956
4048 4353
1967 2746
1425 1338
9652 8859
3611 4442
6543 6953
2407 2732
4272 4043
4491 4694
8882 8542
3981 4008
64 947
4095 3620
1512 2357
6176 6022
10171 9392
83 624
7134 6196
6564 6433
8560 8496
8026 7501
4544 4189
2410 2525
4587 5431
2972 2650
2281 2508
7620 8403
4015 3633
96 639
7524 7981
59 665
9447 8490
6981 6979
735 1080
2355 2856
5232 5491
6813 7150
4226 4862
2168 1474
4715 5105
2392 1484
2152 2751
766 1571
4525 3809
5177 4604
8707 9555
2359 2423
89 33
2250 3027
1704 1839
1899 1942
58 989
7992 8345
4101 3980
3178 3640
3143 3527
3303 2431
6514 6582
4329 4305
2031 1891
9926 9525
8881 8680
9071 8947
5738 5913
10235 9974
4117 4499
8582 8890
6247 5288
4980 5598
5305 4800
4777 5168
2858 3701
6844 6201
2584 3173
10710 9985
4238 5105
1305 2234
85 294
3538 3170
9521 9480
1427 1228
2646 2230
9577 8619
3603 3300
433 1071
4450 4843
9353 8390
5364 5939
18 32
8229 7842
1760 2285
4401 4391
8342 8245
8649 8118
9983 9383
5995 6820
7440 7944
2378 2276
7501 6585
2576 3050
3666 3728
9439 9961
40 713
9980 9818
6686 5960
1678 2074
9075 9265
6854 6149
1990 1569
5367 5658
10282 9842
9731 9938
5488 4589
5647 5046
4183 3596
3445 4085
2297 1779
8191 7749
7276 7635
9972 9508
9321 8641
3056 2150
26 916
6218 6109
54 663
1216 1101
6891 6611
9023 9873
8730 9663
8864 8108
8488 8166
6697 5840
4320 4420
98 764
1367 2209
8700 9194
8611 8641
1100 1761
4448 4924
8785 9250
6677 6645
6107 5954
7138 6213
9023 9761
4469 4947
4228 5128
3103 3489
4943 5309
8660 9313
12 91
10270 9345
4760 4568
7820 7348
83 398
5253 5744
4384 4789
8513 9290
9177 8863
2847 2726
99 125
4817 4178
46 476
1082 1425
6273 6644
5683 5194
1329 1050
995 1461
3821 3577
5664 5141
1300 1879
77 492
5371 5212
6701 7564
69 886
7277 7398
8560 9216
8747 9561
7758 8330
18 434
4241 3650
9894 9532
7731 8091
916 1616
1637 2308
2927 2104
8443 8927
6795 7168
9362 9429
7479 8348
2108 2905
3678 3568
2916 3464
20 53
9575 9911
61 693
1771 1516
6799 6203
822 1750
6493 7095
6637 6979
9962 9094
9096 9249
6242 5969
2987 2568
3722 2740
6924 7714
7846 8184
2642 2718
2073 1469
2421 1738
1784 2268
7473 6768
9907 8948
7727 7037
6979 7663
6327 6297
9834 9063
7272 8166
42 206
7848 8526
6153 5822
8334 8948
5965 6075
2892 1946
7054 6354
9905 9457
5841 6301
4138 4035
6618 5865
2987 2007
940 1170
4082 3095
62 900
50 413
1681 1124
9175 8664
4137 4836
7607 7540
5354 5816
7706 7428
7315 7780
4082 3213
10284 9746
4644 4374
1710 1350
2612 2253
2112 2961
99 994
2007 1695
3667 3089
6188 7008
9581 9483
3868 3125
3555 2995
7945 7508
3120 2767
1165 1791
5626 5874
18 231
3989 3451
9730 8823
6197 5356
4216 5158
7280 6531
7147 6261
44 127
8286 8351
5123 5411
6219 6592
63 923
2300 2873
5733 5352
9465 9650
2429 1911
2530 2660
5644 5219
7514 8067
7485 6910
5999 6948
3340 4127
9065 8396
10482 9609
10276 9585
3132 3182
2310 2221
1648 1471
64 120
6495 6556
8492 7843
6191 5851
9511 9854
8425 9179
7062 7287
5918 5694
5305 6022
3543 4427
14 362
55 422
8293 7317
10906 9933
8620 8516
8673 8410
9605 8995
10138 9363
8578 8071
8613 9474
8240 7815
8992 8787
5833 4951
5018 5572
4067 3655
4035 3346
5009 5626
4605 4775
4739 5533
8507 8753
8744 9710
514 1300
10169 9879
1538 1246
8700 9130
5716 6099
5082 5765
982 1942
4996 4953
4552 3663
3658 2879
2550 1613
2078 1417
9660 8782
6379 5752
6966 6442
3287 3632
3295 2891
3837 3099
10405 9933
2144 1976
60 388
1815 2023
6319 6486
1123 1504
9420 9428
4481 4398
6693 5718
7775 8006
9089 9501
97 718
4652 5046
10680 9835
5085 5525
1594 2286
3662 4320
8232 8363
100 545
1804 1570
5543 5062
93 336
7234 8184
3261 2833
2419 1484
2502 2244
2119 2460
2605 2871
4355 3899
1755 1115
4565 4721
7623 7263
5318 5960
7950 8900
6125 5413
3478 2975
3374 3911
61 74
7976 8297
6598 6121
86 697
34 740
3648 3873
8049 8045
7760 8578
7428 6668
4083 4924
8689 7752
2312 2014
5426 6218
2564 2960
6038 5421
7483 7087
7663 7899
5684 6134
10854 9931
6145 5513
2152 1870
6493 6245
3840 4186
4181 4181
1084 1918
1478 1295
4386 4660
9777 8784
8330 8946
2096 2329
5548 5701
8975 8728
87 200
9048 9832
10157 9343
3089 3123
5197 5724
1975 2843
7758 6833
6711 6184
4293 4927
1304 1074
2988 2530
8421 9421
89 319
8363 9161
5117 4544
6517 5974
5378 5311
1964 1545
9147 9918
9546 9979
8800 8282
2000 2211
3434 2446
8369 7628
9410 8956
6335 6312
7771 7527
502 1038
3922 4052
4102 3693
9060 8717
96 866
2657 3334
9421 9465
7197 6500
1204 1125
6882 6273
1575 2241
5909 5771
3083 3868
6272 6337
7536 6751
1099 1927
61 684
865 1770
8118 8356
3750 4325
1802 1341
5728 4805
2531 3372
3335 2523
8115 9033
4085 3637
7462 7011
3893 4724
2310 1737
7534 8516
6003 6432
4871 4146
75 55
2158 2743
8810 8277
8455 7870
6073 5306
7334 7773
1926 1719
7660 7648
1690 1417
2403 1867
7317 7192
96 477
55 513
3406 4086
7186 7060
9745 9369
5045 5733
10720 9942
5241 5355
8416 8660
7432 6718
7766 8102
5717 4836
9618 9013
50 411
3505 4129
54 606
4319 4882
9087 8337
5739 6395
8393 7714
7945 7062
602 1114
7442 7873
77 320
8685 8005
5988 6361
2896 2393
10570 9699
73 104
10176 9888
6200 5253
7954 8756
937 1600
26 583
2339 3006
91 93
1595 1816
8819 9588
7433 8166
8497 8341
8563 7746
9033 8482
5091 5864
2866 2351
10235 9870
8491 7688
5640 6430
8116 7260
8495 8683
8619 9393
3999 4247
6410 7249
3579 3160
68 363
4055 3932
8824 9606
1578 2566
9709 8824
9729 9393
901 1640
3693 3038
5553 5554
2504 3338
9377 9978
5641 5660
3543 3980
50 1016
4408 4952
6832 7650
45 630
19 495
3192 3567
3910 3026
45 600
8691 8918
5485 4514
5229 5491
5865 6118
7390 7885
2917 2978
1223 1745
4542 4343
1348 1353
8704 9618
7505 7904
9022 8971
1902 2738
3615 2629
4362 5324
9920 9503
