5008
100
9891893
40 44 56 44 40 56 47 41 40 56 54 60 57 41 49 55 50 59 52 58 40 46 41 44 40 40 53 42 59 52 57 46 60 54 53 52 58 44 54 49 60 55 46 42 43 55 40 40 41 44 59 53 55 49 57 56 45 60 57 49 59 53 58 44 48 40 44 48 57 52 40 59 45 47 46 52 41 60 52 45 46 50 48 41 54 55 46 56 44 49 53 60 41 55 60 48 58 55 54 56 
-23121 -30744 -37372 -31067 -24723 -39089 -31623 -27746 -29001 -39260 -33886 -40226 -36987 -22894 -36622 -37948 -29434 -42574 -35017 -34133 -24189 -23649 -27087 -29299 -27739 -26975 -30730 -23131 -38346 -34165 -34150 -27345 -38599 -37702 -40274 -34671 -37104 -26324 -34463 -28533 -40977 -34390 -36079 -29116 -30353 -33992 -26517 -28094 -29105 -31710 -37718 -32926 -36674 -30105 -33104 -35582 -27880 -42643 -37030 -33278 -41742 -33676 -36675 -30816 -33401 -26659 -24951 -32109 -41569 -33227 -25639 -41164 -30290 -28870 -31332 -27802 -20496 -35903 -33494 -33977 -29908 -29641 -33673 -25602 -33962 -37452 -31576 -38103 -27675 -32304 -36407 -37959 -22048 -35690 -37210 -31645 -36317 -35705 -32069 -36055 
8774 11765 14231 11786 9923 15039 12016 10520 10642 15301 13028 15576 14042 8835 13519 14582 11207 16191 13440 12878 9211 9350 10151 10770 10809 10387 12006 8900 14651 12994 13381 10638 14612 14258 15308 13216 14402 10431 13618 10773 15913 13215 13826 10920 11245 12865 10418 10756 11405 12164 14365 12654 14183 11554 12881 13492 10928 16543 14151 12867 15800 12835 14174 11904 12313 10026 9350 12330 16216 12635 9887 15944 11483 11331 11837 10715 8086 13942 12793 12938 11283 11428 12934 9681 13177 14115 12005 14375 10703 12381 13567 14851 8401 13980 14153 12038 13689 13660 12514 13469 
40 408
4808 4519
1468 1895
2021 2359
3182 3431
6318 5524
5813 6648
9757 9708
81 940
5837 6212
1461 2437
4763 4277
991 1371
95 369
3883 3684
4105 3697
10467 9662
8848 8974
3870 3035
9605 9487
56 335
6590 7097
5408 5662
2402 3244
6960 5997
7756 6868
8487 7991
87 181
3785 3060
6266 5719
48 134
82 566
5414 5001
6556 7026
3047 2543
69 899
5342 5479
5607 4962
5204 4975
6678 7290
80 666
5607 4890
2077 1167
6966 7136
69 859
7465 6903
4807 5049
6521 6938
1513 1299
3942 3347
1923 1909
8257 9047
6796 6211
7440 7526
9029 9242
4965 4478
62 405
3970 3420
3656 2945
3005 3743
32 221
7807 7312
4026 4909
6485 6594
4410 4879
10070 9783
22 827
2213 2761
2064 2814
9504 9354
8779 8099
9427 9926
2070 2987
6303 6616
2310 2756
10253 9314
8026 7474
9564 9399
10136 9671
5932 5349
6460 5787
6100 6771
5086 5945
5153 6141
4477 5262
2139 1580
2402 2056
729 1638
8055 8252
6095 6073
6709 5774
10070 9718
5685 6589
4163 3962
5651 6219
3444 3757
50 233
1016 1628
3499 4498
1885 2626
10370 9734
3037 2505
74 41
6757 7065
8240 8512
2579 2081
3917 4210
8300 8281
9124 9401
8027 8342
4207 3273
6503 5545
4196 3729
5345 4896
1784 1187
6543 6039
39 857
9573 9394
8275 7627
8560 7971
2705 2481
2839 3770
9204 8608
7111 6903
8258 7893
5937 6583
4679 5643
2356 1809
7559 7763
2702 2149
4809 5612
2139 2361
73 205
5925 6608
53 673
7690 6993
54 869
7813 7393
10532 9846
6088 6951
7420 7083
79 453
7775 7336
3047 2942
2709 3131
7658 6688
5809 6681
2316 1865
17 273
2465 2868
1016 1960
4845 4875
6467 6077
4876 4587
7527 7186
1757 2367
67 88
8647 8112
8968 8802
5645 4687
9449 9826
3658 3038
8979 9027
4947 5631
8775 9231
10111 9977
6402 6006
2050 2299
6207 6477
7737 7749
7178 7297
8877 7908
4594 4706
4252 3736
9911 9935
20 948
8193 7672
2770 2807
8546 8799
4928 4434
3936 4766
95 529
8533 8978
3546 3446
7737 8382
5217 6015
6305 6907
4864 4899
9646 9467
5344 6342
15 436
5215 5713
7023 7816
2667 3417
5769 6695
3883 3362
6116 6436
9262 9667
1336 1696
1888 1321
9001 8094
580 1054
1977 2370
7088 8079
1048 1612
5128 5881
6309 5819
7226 6637
3919 3607
68 643
8077 8673
35 304
3082 3954
7311 6774
15 1003
98 840
7671 7383
4980 4978
779 1551
7211 7181
7467 6802
6525 5799
2428 3276
4954 5522
4345 4113
3144 4089
8594 8277
2356 2116
6973 7152
79 311
79 601
3601 3626
2869 1923
2390 2841
7502 7615
5552 4639
1838 2812
5383 6242
7505 7489
61 1061
4448 4123
5604 5116
9343 9514
9174 9924
6199 5806
602 1249
4765 5127
46 607
10291 9809
5318 4955
7806 7051
3362 2578
9062 8180
6960 6061
4380 5191
6167 6369
6139 6708
5652 6596
5506 6424
2632 2644
8480 8349
4015 4330
7218 6826
26 1009
2422 2731
3588 2853
9779 9086
7595 8274
82 680
6963 6423
8247 7556
6136 6302
35 88
8811 9689
9632 9567
4316 4407
6970 6664
7832 8481
4775 5725
10264 9687
3308 3400
5502 4836
2194 3154
3272 2474
8755 7879
3677 3829
4174 3179
7034 7034
8600 8162
2749 2831
4549 5308
173 1126
3281 2909
7932 7185
2211 3019
3728 3853
8121 8618
8341 8533
10257 9294
7028 7330
6707 6458
8203 8360
1926 1453
5201 4533
5027 4207
54 625
1942 1933
8332 8790
2121 2120
3845 4208
1973 2198
7645 8298
5563 5620
7714 8256
9423 9953
4578 5386
4033 3500
7204 7702
7999 8385
1155 1069
6175 6582
7821 7153
33 680
4735 4618
3364 3152
1377 1556
7931 7078
7128 7602
3100 2495
4967 4171
1328 1083
95 940
4131 3234
8869 8737
6801 7722
4983 5069
2634 2411
77 1030
4673 3838
1253 1797
6916 7051
3266 3016
5260 5635
2580 1780
8753 9279
5152 4853
5786 5784
9198 8641
9039 8734
8421 8002
10 689
59 601
9627 9628
8588 9200
8133 8014
9285 8597
4826 4320
5916 5821
3169 3454
1940 2444
7467 6890
8347 8200
2949 2388
92 76
3342 3743
4777 5487
6428 6964
8550 8795
6035 6368
2363 1902
45 451
8680 7892
70 104
5268 4364
686 1264
5262 6148
86 313
5298 4425
7345 7071
4494 5021
7569 8041
1790 1464
2933 2163
5941 5493
6853 6690
7259 6799
10531 9939
9808 9573
2443 1857
7300 8217
5761 5880
9712 8814
7984 7152
6993 6011
2845 2739
294 1252
4355 3605
5255 5491
9414 9047
8270 7898
5444 5699
8346 8132
6366 6176
2190 1674
8161 8732
7667 6794
8470 8024
1730 1963
1990 1224
3973 4424
2772 2727
58 700
5583 5568
3654 3113
5685 6052
5346 4427
1622 2009
2604 3476
55 148
32 513
4766 5743
5535 5204
2931 3842
9350 8784
40 814
4470 5369
3627 4192
5079 5949
4494 4931
8908 8253
9271 8759
6644 7522
6740 7219
8137 8991
1618 1177
5456 5323
9780 9494
657 1634
4471 4088
5178 4932
5616 6098
8000 7376
6271 5600
5536 6001
4484 3545
8643 8856
4305 4570
7168 7588
6918 7422
7758 8252
8416 8702
7612 7146
5510 6375
7465 7888
9025 9620
9633 8916
5675 5558
6791 7108
9101 9309
2785 3001
1635 1393
8665 8176
3989 4107
2663 3639
27 443
1046 1135
1540 1905
991 1253
3490 4215
5098 4405
8207 8988
97 894
2908 2400
2683 2876
5735 6205
6864 7832
9267 9300
7281 7334
8032 8373
51 625
81 89
6112 5700
7131 7854
1473 1187
7850 8634
4196 4557
1735 2086
7499 7758
2248 1380
3162 3902
10110 9138
4432 4359
5860 6150
7425 6899
2051 2267
3574 3087
5984 5294
51 217
4641 3960
28 942
7075 6448
4324 4002
5520 5560
5296 4371
2077 2379
6175 5632
10369 9876
4534 4997
6149 6309
5024 4804
9925 9893
7034 8032
9236 9453
3081 3719
2272 2756
6984 6143
9855 9483
36 355
3226 3640
7389 7914
4298 4716
8089 7165
4838 5368
8267 8490
4845 5107
9317 9335
8958 9279
6355 6352
2423 3269
4787 5200
2285 3078
1688 1293
1333 1363
6142 5296
8434 8747
3534 3241
6142 6729
8636 9442
8163 9149
85 917
2574 2685
7448 6856
8274 7414
8960 8475
8723 8330
78 783
8038 8598
3447 2991
5443 6014
1305 1064
7417 7623
5193 4722
5785 6207
5749 6087
3119 3675
2416 3327
4558 4037
681 1168
7104 7078
8868 8533
1389 1801
1077 1660
87 817
3340 3929
3837 3711
9092 9026
5820 5377
1170 1384
3464 4412
8658 8317
57 343
7675 7091
912 1459
6811 6019
6642 6518
6251 5256
9957 9373
778 1043
9585 9319
8242 7405
1826 1830
5025 4511
5021 4938
3600 3458
8606 7647
8805 9192
10455 9575
8043 9012
99 689
3315 3198
9134 8877
5044 4649
4874 4495
2197 1352
6941 6889
7863 7574
1683 2216
6854 7364
32 56
5468 4643
8269 7558
649 1071
2147 1355
76 317
6602 6664
9007 8600
54 589
58 419
9548 9289
9475 8618
2335 2686
5449 5470
8086 9081
3735 3613
9092 9419
62 998
1873 2426
6923 6147
6446 7306
8513 9293
81 209
684 1131
513 1221
6139 5328
80 341
7493 6680
7475 7905
6562 7502
6333 6821
1419 1434
6691 6365
3840 4153
1549 1601
1990 2407
5203 5027
6184 5889
57 874
7840 8303
3271 3239
1833 1984
6672 6279
2270 2547
5853 6072
5557 6133
3217 2261
4501 5405
8763 8788
4155 4848
4401 3427
3656 2964
8246 8747
4142 3985
7500 7602
72 322
3647 3754
15 495
3064 2351
5208 4396
8586 9205
4575 4146
2734 3568
782 1040
4315 4120
319 1035
1636 2464
10253 9746
6720 7574
1187 1188
3886 4168
6602 6470
1208 1093
7007 7755
5237 4353
1741 2655
1983 1855
2664 1783
3357 3736
3586 3905
8270 8171
6797 7198
4953 4270
88 565
8391 8774
10068 9887
6076 6977
2536 2258
4950 4652
1908 1283
10167 9997
3842 3099
9112 8202
8893 8267
9848 9392
4743 5626
6627 7434
7908 7409
8863 7976
6522 5976
8807 8939
4712 3960
577 1232
3057 2627
4710 4064
6269 5273
4310 3794
2333 2119
6073 6101
2413 1781
6168 6725
8175 7283
8910 8381
2640 2902
4928 5216
8903 8074
9433 9143
646 1015
5667 5682
7060 7560
4536 4846
55 558
3602 4024
10611 9879
5408 4603
3612 3500
3308 3245
7841 7362
5033 5641
3029 2087
5997 5947
2070 2438
7657 8214
9787 8856
7683 8069
7380 7638
6583 6556
1268 1469
4340 5282
3958 4110
3401 4225
7686 7984
3963 3481
8715 8281
5637 5959
4560 4153
5367 4974
6566 5932
8447 9409
9584 9701
4514 5421
5065 5492
4557 4139
6860 7127
6964 6731
66 679
4950 5343
2896 2977
6460 6470
69 584
10007 9315
92 948
803 1625
8910 8908
1178 1391
6730 6904
10 579
5428 5149
9400 8761
4424 5117
2485 2394
3996 3338
8941 7950
5822 5938
7936 8933
15 867
8465 8019
76 357
1138 2031
10001 9008
1898 1083
7656 7273
4287 4894
2518 2111
1995 2690
8137 8750
2870 3573
3266 3356
5960 6516
1801 2495
3564 3547
7993 7375
1423 2173
9397 9962
3041 3299
2117 3041
3833 4721
6261 6568
1871 1938
12 432
1684 1552
9065 8485
3473 2656
4663 4015
1652 2355
3527 2729
6395 7386
1688 1425
8897 8209
2746 1835
3324 3312
7995 8403
1153 2134
39 470
9197 8272
5986 6131
5974 5937
8484 7785
10642 9931
8533 7795
2288 1862
7298 6876
4863 4328
2850 3261
961 1758
2462 2605
9607 9142
1957 2424
19 331
4720 4865
2938 1947
5137 4168
8334 7806
11 820
9774 9257
49 505
7913 7867
4937 4240
8260 8517
3859 4221
10121 9366
5617 5594
4828 5111
1815 1714
9310 9813
3064 2776
7631 7365
3998 4074
4743 5391
2597 3281
3535 3654
5145 5908
8644 9636
722 1314
10008 9987
8195 7811
5769 5202
8438 7518
2914 2957
8974 8866
5594 5825
2879 3314
3431 3325
4941 5203
7750 7324
3510 3790
5270 5286
51 608
1646 2509
6723 5793
5389 4669
6969 6372
4158 5058
6054 5365
9856 9096
9391 8851
8247 7759
87 909
8164 9009
3238 3379
62 413
2312 1377
7797 8152
8897 8295
6256 6309
5151 5517
4321 3898
3228 3371
8341 9168
5214 4986
4893 4960
3604 4088
8909 9890
5678 5055
6251 7123
2605 1905
8317 9107
7297 7459
8386 8133
1093 1555
32 395
5288 5878
1965 2012
3629 3735
6886 6717
2611 1858
1061 1493
6769 7293
8656 7806
2198 3113
7417 6602
6019 5841
7981 8076
3135 3930
2724 3275
2745 2727
2656 2961
5036 4305
2836 3432
6942 6762
8785 8053
3572 3329
6556 6665
9811 9431
8147 8603
7153 6367
9263 9366
4275 4364
23 157
8437 9298
83 182
8184 8330
73 831
1134 1992
2899 2502
6624 6006
7862 7667
3231 2988
1077 1308
2562 2557
8459 8582
6915 6006
8548 8901
5580 6060
8602 7645
8253 7544
3384 4005
5084 4098
6067 6940
2191 2226
504 1391
5193 5972
3860 3599
5399 5306
6311 6363
53 188
7186 6658
8623 8833
4369 3970
5661 5119
60 852
9591 8666
41 723
43 361
5786 4973
8754 7846
751 1747
61 876
5495 4580
1739 1402
1362 2121
6837 7247
6053 6344
5088 4437
19 891
2955 2262
2606 1929
71 29
2321 1977
8798 8084
17 531
7808 7365
7147 7205
3879 3320
7794 8375
1390 2062
3219 2559
6442 7243
60 277
9172 9588
8655 9489
78 572
2048 2166
5645 5641
10399 9759
4248 4720
7595 6630
2398 1644
5191 4213
1870 1713
5969 6567
1837 2159
2377 2617
5954 6695
9661 8819
4767 3885
4240 4464
5185 5844
3374 3503
2207 2327
1345 1474
4307 5273
64 918
5753 6375
58 678
2807 3192
4098 3231
2768 2342
2127 1881
17 301
8017 8606
7072 7235
9155 8202
4384 5225
10713 9844
3313 3795
7891 7081
3526 2567
3337 3462
2443 2098
6336 6413
6035 5852
7953 8054
4633 4921
10194 9638
3959 3025
11 747
3800 3501
3487 3876
6767 7238
5286 4960
1766 2703
3712 3900
3155 3468
3183 4081
44 372
1962 1499
9774 9323
4402 4619
4318 4985
3411 3968
3432 4011
4832 5361
2513 2768
2962 2196
5688 6248
4831 4843
4737 5520
2926 2814
2294 1658
8175 7714
5203 4818
1313 1508
8059 7198
2070 1223
2122 1735
1940 2560
24 676
5598 5243
7401 7723
5419 5633
5899 6831
20 848
5218 4991
1599 1541
3743 3832
860 1688
8848 9749
7994 8565
7915 7303
100 933
1939 1165
67 496
5400 5663
6693 6793
1544 1348
2109 2947
3349 3622
4945 5077
4151 3635
1906 2890
4100 4176
8141 8526
7396 6792
5397 5957
9841 9002
3377 4025
6637 6256
6087 6285
79 14
9529 9061
3919 4311
40 253
4113 3454
2901 3494
5578 5728
5540 4948
5976 5009
4001 4008
5477 4683
3734 3791
3066 3533
75 800
9419 9922
7370 6701
7004 6222
57 719
2607 2414
6805 6081
6727 7243
4650 4795
4929 5018
7637 6742
8836 8276
980 1505
7819 7501
3493 2917
5291 5529
57 511
5561 5342
6640 6199
5043 4328
2178 1650
4401 4670
4818 4145
7025 6162
7402 6768
6262 6573
4200 4603
8946 8894
6546 5591
2543 1759
6628 7140
43 695
3341 3857
3016 2872
5068 4712
1500 1427
4912 4401
1868 1293
6518 6290
7897 8562
8852 7968
4591 3789
7371 7422
5781 4841
4309 4326
80 621
1086 1767
6388 6895
10021 9364
5780 6504
5795 5572
5503 5040
3662 3377
4620 4196
8611 7781
4158 4633
4763 5177
5283 4937
1901 1429
8583 9081
9329 8336
7588 7225
10301 9778
7625 8044
9539 9396
3926 4333
5108 5697
4643 5477
5330 5652
24 604
7691 6945
2360 3078
7928 7878
5038 5790
6042 5719
8513 9507
2164 2517
4916 5528
6791 7373
5420 5849
1198 1337
2938 3599
1696 1728
19 452
2261 2233
6889 6054
3263 4259
4329 5178
2602 1680
9856 9917
4938 5470
6718 6495
5399 5278
7042 6540
1352 1230
2429 3348
9919 9783
5597 5518
2584 3327
6554 5795
8485 8655
6928 6072
6482 6319
6879 7518
4535 3626
5385 5841
4038 4755
7043 6827
10195 9808
3929 3303
6971 7205
99 478
4382 5314
2952 2521
3878 4212
51 761
2661 1992
8234 8677
2334 3001
9638 9043
7748 8709
1429 1155
7335 8335
7209 7316
1956 1538
14 884
1585 1271
9230 8297
618 1242
7855 7860
37 404
6868 6790
9495 9679
5085 4470
4562 5194
5835 5643
6825 7292
3978 3821
9343 8906
34 854
4125 3517
1919 1613
4628 5588
3075 2497
3022 2837
6547 5674
1865 1791
3565 4260
6983 6179
8186 7359
4571 5038
645 1432
31 505
3203 3782
5098 5525
4771 5186
4210 4114
6051 6722
2678 3202
8719 7944
5952 4999
3637 4060
527 1343
59 617
6274 5839
2630 3371
72 425
6479 7384
8958 9951
3788 3727
4910 4785
5266 6036
7418 6608
3179 2300
8880 8650
949 1133
7766 7458
5710 5682
4982 5723
4159 3526
3281 2994
1906 2394
5786 6124
7647 7222
8845 8692
733 1719
4001 4143
2188 2401
2255 3235
58 952
4871 5191
4047 4243
9169 9942
8724 8706
1524 2300
47 294
4442 4633
4944 5267
3146 4033
7741 8160
3718 4562
44 353
8063 7380
5267 5965
2769 3493
30 50
3939 3577
9476 8493
39 184
5315 5664
32 147
6435 5548
1635 1880
30 282
5151 5669
4259 3545
5527 5404
5348 5014
8971 8312
1501 1524
3033 3828
4599 4393
9488 9855
3701 3005
1737 1608
2473 3181
2426 2054
1062 1886
10208 9695
7793 7895
3072 3054
576 1431
9886 9896
2804 2241
2360 1706
4178 3762
7089 7585
7775 7085
8334 8671
9388 8893
882 1358
1726 1697
8107 8118
4087 4438
5520 4850
4566 5173
2054 1299
1956 1785
4424 4242
10088 9688
6522 5618
82 795
2190 3114
66 131
2037 1779
3854 4128
10270 9729
9577 9469
8852 9258
3785 4721
8954 9000
4226 4490
1296 1730
6742 7081
2055 2617
7421 7210
8487 8512
777 1418
2148 1686
95 600
10359 9830
5646 6029
88 781
6707 6317
5799 6210
2536 2023
10364 9810
9340 8563
3851 3324
21 640
3432 3176
47 480
6543 6686
7490 7946
8264 8626
332 1016
7096 7280
3997 4753
1473 2258
6318 5628
4854 4514
2602 2336
2903 2186
7674 7845
4217 3378
3474 3647
6377 6704
6790 5887
4861 5711
3373 3895
7214 8111
6626 6191
10244 9419
1050 1071
19 638
8291 8597
3393 3791
9496 8829
3023 2979
3915 4352
36 46
4373 4244
37 946
4587 4857
3303 2960
8089 7273
5173 6101
4093 3477
6509 6311
3891 2965
7451 6761
58 896
10409 9899
3185 2622
2906 3068
4334 4224
6225 5717
4787 5323
7757 6941
7523 7291
7634 8342
8855 8009
5622 5316
8635 9214
8551 8625
1484 2100
8379 9311
26 520
7177 7528
3537 3547
6362 6453
2335 2406
74 61
1888 1067
6462 6918
1907 2642
4522 4478
860 1396
58 125
46 127
1924 1829
6184 5917
7611 8611
2300 2960
1850 1506
1950 2428
4997 4264
6844 6141
4498 5085
3444 2663
3303 3543
5479 6352
5487 4569
9898 9853
5544 6129
64 983
8484 8266
1312 1504
6016 6968
4769 5012
12 590
87 910
7071 6093
7919 8582
4381 3621
68 531
1831 2492
7144 7525
39 493
7288 8113
9759 9025
3222 2748
255 1033
4747 5546
676 1115
84 80
3392 3234
3469 3984
8094 7154
2601 3597
8433 7720
6917 7771
8804 8956
7596 8455
5463 5947
4919 5742
5286 5102
7651 8017
3940 3200
3697 3756
3328 4225
10090 9383
10197 9403
100 603
7870 7177
75 770
13 414
86 316
5937 6560
4453 4076
4916 4989
4485 5469
33 304
4305 3340
18 740
2087 3009
1890 1920
3562 4016
4529 4260
9110 8199
5100 5810
9262 8491
2196 3047
1543 1766
7458 8333
3942 3839
8930 9558
6658 6425
6246 6727
2632 2702
3359 2764
2918 2753
9531 9226
5943 5266
1167 1516
3599 3407
8026 7244
2907 3594
5789 6051
2634 3246
7938 7765
5071 6020
4014 4987
4458 4873
5265 4320
45 655
8899 9176
5771 5326
10139 9506
77 51
8759 8047
5901 6627
1835 1735
8681 8249
7293 6403
3637 3752
4049 3629
3109 2135
9259 9780
5931 5577
7969 7803
5067 4250
4875 5553
37 81
6834 7306
5282 6179
9231 9462
2420 3081
1857 2847
4857 5056
3197 3934
1602 1758
5683 5159
3647 3785
7733 7375
7898 7683
3927 3727
5622 4678
3806 4158
3326 4113
3484 3594
3382 4260
6244 6603
9437 8885
2627 3103
2264 1511
4707 4677
10720 9828
6520 6319
7181 6382
8337 9272
2418 2522
9817 9237
1837 1255
3044 3020
3430 2778
1512 1109
4968 4777
76 459
9556 8961
10043 9496
458 1106
8166 7974
2066 1511
12 658
58 882
3134 3702
8106 8689
2235 2663
2865 2709
85 322
550 1424
73 416
4150 3630
8942 8222
9894 9953
5412 6281
7172 6525
1990 2150
7610 6714
82 418
8146 8665
10129 9602
6230 7216
5562 5433
7108 7478
7565 7467
63 668
94 873
3503 3857
7879 7769
4263 3327
2287 2677
4877 4392
5223 4694
9915 9504
6421 7071
7944 8128
3209 3053
7277 7453
3443 3554
5788 5363
1054 1689
5855 4928
10095 9662
6346 5907
8809 8167
9996 9070
1869 2436
2766 1856
5494 5368
3219 4087
1215 1240
8762 8788
9030 9093
61 40
8494 8305
9698 9655
7943 8667
2511 1600
89 467
5626 6478
7833 7701
10511 9789
7927 7898
8912 9670
63 809
6213 7047
6953 6060
8301 9164
7496 6764
2562 1578
4244 3356
3976 3914
9656 9926
4924 4070
8154 7333
1491 2456
8257 8579
7106 6441
3462 3934
4310 3608
72 978
4126 4062
9048 9134
7332 7181
5061 4471
1662 1212
9663 9533
8290 8441
6417 7242
5641 6428
622 1577
8836 7952
4198 4565
40 21
8811 9650
4181 3590
10476 9807
8058 7640
7228 7017
8653 9448
10524 9695
40 979
9756 9465
3844 3914
5265 5702
5026 4659
7139 7480
11 54
2650 3383
3780 4540
6068 5296
4415 4621
7966 8903
2375 1953
4366 5240
48 531
7381 7135
5317 4507
3191 2564
8774 9497
8559 8756
9339 8897
5765 5703
8760 8133
15 819
4692 5077
898 1463
9599 9712
7309 8170
7907 8238
5879 5703
5221 5613
2924 2976
6479 6619
33 712
8768 7824
4706 4291
31 674
10282 9984
1564 1946
52 735
84 599
6800 6010
5029 4556
8522 8196
2453 2482
9207 8678
73 275
97 386
63 991
5427 4731
10687 9896
1493 2276
10111 9487
6512 5587
2528 2193
3447 3169
6581 6770
1379 1874
9389 8568
7382 8344
2197 2713
1508 1976
6378 6826
7363 6502
7235 6977
2890 3581
35 864
99 88
6700 7146
3754 2956
2871 2947
6136 6647
6282 5428
38 527
3119 2787
95 412
6822 6608
3053 2815
1510 2333
2752 2489
6735 7522
9192 9453
2664 3013
3449 4317
3075 2163
4695 4393
6832 6300
2076 2356
89 723
9822 9594
2516 2868
8169 8194
5081 4674
5119 5221
4534 3995
7243 7004
3822 4363
1489 1456
10010 9586
5667 6304
8866 9814
7915 8824
10110 9738
10056 9778
2890 3044
2156 1684
3927 4217
8723 9574
6003 6618
8029 7208
6085 6687
16 723
9455 9025
1652 1468
3043 3052
9419 9567
4585 5513
2567 2777
6059 5835
4966 5764
10350 9616
2687 3270
41 143
64 431
7652 8577
1482 1052
1312 1990
1471 2001
7484 8234
8032 8675
9683 9333
5874 5428
7938 8497
1221 1843
51 654
10905 9960
3942 4549
9133 9471
7567 7042
1543 1445
63 599
48 892
1152 1828
4247 3788
1616 1999
5154 5723
5957 5478
4325 3486
6697 6850
9318 9741
2986 3621
6048 6749
1088 1160
7534 6671
5148 5157
8966 9187
2245 1282
5669 5727
8935 8730
2330 2199
73 280
62 921
6014 6385
4465 5173
4152 4483
3606 4290
4008 4873
2733 1903
1804 1890
5660 6561
77 700
1786 1062
1578 2176
2357 2187
234 1103
99 798
2577 3462
95 325
8496 8588
7702 7611
8094 9048
7084 6880
94 88
8780 9605
3442 3046
5766 6150
1948 1192
10003 9684
4853 4232
530 1220
9832 9803
9644 9863
9281 9656
8367 9357
48 580
9943 9971
7564 7207
2333 2070
8566 8210
29 736
879 1849
8715 9548
7040 6347
8718 9413
10 124
7040 8033
7734 8531
5105 5767
6538 6263
4321 3544
463 1188
8364 7531
1765 2371
8240 9199
100 651
760 1686
6133 6540
8873 8261
5092 5892
1678 1555
9280 8287
4812 4166
3586 4115
4799 5101
3654 2845
10246 9408
7694 7208
2667 3350
9161 8276
3423 4352
87 517
2778 2083
5669 5008
56 541
5133 4306
7321 7580
3364 3948
2451 2384
3728 3018
1514 1096
2563 1589
1971 2607
7563 7481
89 13
6109 5498
8015 8213
7096 7586
2520 2684
4914 5377
6930 6822
5196 6082
2705 2522
3759 3078
4062 4276
7961 8209
4784 3828
2682 3039
6201 7182
4307 5007
6673 6541
4596 3853
2590 2418
3481 4421
6270 7039
5092 4387
97 587
2077 2424
3122 2336
3289 3556
4952 5268
8220 8507
6855 7769
5685 4989
1164 2040
41 227
5308 4930
5557 6508
6590 7490
2732 2050
9346 9979
6268 6500
66 582
2455 2722
85 235
6764 6298
5089 4454
5665 6300
7368 6613
8441 8869
2078 1991
57 269
8796 8349
1448 2173
4357 3501
84 215
6257 6655
5589 6094
9637 9877
8215 7743
2205 2592
5071 4559
5252 4693
6102 5593
3216 3009
8919 8321
4177 4505
6672 5958
20 667
636 1621
8911 8858
9975 9760
9741 9696
6592 7444
7335 8290
722 1139
7433 8222
96 59
3988 4724
1728 2204
9559 9467
5915 6588
9713 9697
24 893
5381 5236
9813 8841
3561 4121
7886 8514
3448 3131
3541 3758
9210 8866
1870 1384
10046 9997
6823 5921
2310 1661
6524 5706
6851 6912
37 697
6431 5975
5302 4821
2128 1996
5372 6060
82 104
4247 3295
6527 6373
826 1291
9200 9362
500 1076
34 778
4811 4579
6557 6224
8389 7904
3968 3132
4307 3389
9621 9379
4974 4778
7954 8234
9618 9256
8630 8383
17 480
6733 7348
6004 6699
2517 3425
5337 5924
6356 6674
3922 4418
73 765
8919 8169
1688 1364
71 910
3136 3964
8377 7671
3916 4758
1858 1437
4226 5109
6365 6585
4138 4313
2311 2028
6510 7465
1399 1920
2188 2614
7793 7435
8128 8898
1726 2083
2095 2867
7961 7565
10159 9471
4890 5093
8247 8815
6094 5265
5086 5235
8907 8242
6493 7405
7161 6197
2976 3473
6189 6235
8923 9249
1522 1952
4683 5105
9203 8684
9571 9851
3955 4146
9264 9655
9056 8931
6453 7382
6688 6579
8100 8333
6606 6932
20 423
5273 5027
6370 6522
9863 9353
4367 5191
3319 3095
5261 4714
3210 3348
52 290
6035 6476
10773 9881
8368 8020
3664 3202
5941 6889
3355 2997
8933 9531
10 561
3414 3883
9786 9762
2064 2335
9309 9893
8394 7812
20 168
2329 2047
4888 5418
4234 4813
7778 6867
909 1887
3768 3745
4737 5682
10805 9973
4479 4499
7686 6868
8243 8446
7322 6857
5769 4820
2204 1998
10325 9685
4267 5188
7490 6668
3060 3376
7593 6655
5303 5514
9176 9408
8651 8640
2382 3164
50 724
5289 4758
49 132
7768 7927
9364 9360
5511 5925
3003 3257
2610 2372
91 434
6274 6022
1299 2125
6636 5983
84 1006
2213 1594
6553 7278
2488 1678
6615 5718
5721 5238
6631 5638
8859 8800
6804 5837
9674 9687
8326 7707
4689 4247
7603 7093
8343 7976
566 1319
3987 3409
6762 7079
6511 5662
9150 9750
7570 8126
7266 6774
9046 9040
46 77
503 1104
2060 1301
4197 3201
8556 9479
8877 8056
9391 9938
7112 7153
8180 9036
3164 2499
4214 3403
7247 7228
3932 2971
2778 1805
8117 8178
2834 3624
3821 2934
1141 1558
10 555
8790 9027
5154 5085
3537 3789
23 462
8307 7829
3797 3596
69 708
6363 5876
5719 5645
3216 2752
2827 1995
8342 7437
874 1554
3360 2546
1498 1748
8325 8119
2898 2666
359 1339
8384 7967
5192 4777
81 697
4406 4518
2626 2889
7713 6842
6572 6099
7413 7881
1075 2007
6354 6251
8029 7254
6989 7793
10064 9134
5181 5301
6839 6170
3587 3259
7769 8505
7135 7418
2392 2253
2034 2478
3999 3120
1917 1059
8778 7802
904 1459
7351 6786
49 225
8904 9216
7748 7055
3673 4150
1628 2572
1575 1493
42 339
8224 8996
2409 3067
5934 6489
3334 3128
9940 9779
5917 5730
9261 9505
45 813
3730 3428
3632 2919
4295 4841
2094 2014
3864 4858
3422 2460
3729 4430
5908 5731
3518 3457
7016 7767
4039 3245
32 710
9111 9026
1765 2655
2207 3133
3470 4342
7794 8705
8872 9452
6462 7215
7439 8399
2070 2013
5302 6007
6832 6585
9448 8573
6420 5535
9965 9572
5874 5559
88 574
3150 2964
6522 6709
4267 5160
5531 5937
5401 5126
2497 2153
4105 4738
7989 8078
3368 3696
3536 3751
3002 2684
98 245
8404 8467
10642 9839
4007 4038
44 704
1522 2348
2564 2534
8424 8777
57 597
7197 7543
5301 6233
5052 4273
5611 6416
9045 9747
8111 7257
82 246
7843 6940
1796 1680
4233 3337
5179 6085
9367 9247
1058 1231
2866 2828
19 797
96 174
8613 9007
8907 8314
9273 8550
7327 7498
1865 1179
1782 1567
98 243
1583 1139
7562 8363
9038 8696
5836 6142
3260 3900
4848 4046
1792 1472
5299 5231
8654 9215
9274 9094
9253 9357
5908 6623
7352 7610
6076 6434
6322 7175
7690 7418
66 307
8360 9162
2321 1639
87 360
3481 3612
5084 5863
5737 6422
5473 6285
9523 9142
10543 9577
5477 5590
8301 9239
3930 4507
4753 5480
50 413
3512 2515
3884 4294
2808 3099
8573 8878
8362 9232
4260 3582
8076 7882
9070 9214
497 1497
9475 9921
4095 3460
2860 2463
3762 3319
7446 7392
2992 2525
2620 3112
9181 8837
9237 9408
93 496
8975 8642
4029 4670
7123 7221
2381 2551
8164 9078
7880 8335
5560 6512
9808 9723
5379 5478
5944 4994
5304 5636
37 261
5422 6197
88 394
3373 4173
9505 9856
6782 7441
4159 4247
2556 2478
73 947
9414 8684
8078 8826
6899 6162
3646 4534
7928 7726
2685 3321
2803 2828
3685 3029
4821 5447
7070 6578
8291 7930
3819 2989
9328 9863
4361 4471
10357 9827
6382 6973
7472 6781
8671 8646
9289 8841
8815 8973
3350 3334
2066 1135
4193 4895
4652 4787
2068 2231
8326 8889
2612 2635
3123 2710
6423 5989
7963 8414
602 1496
7942 8180
2560 2137
8047 8478
64 931
8707 7807
6673 6957
6440 5614
93 890
4973 5622
16 238
5154 4487
68 569
3375 3332
19 153
6945 6983
8968 9820
6645 7592
10538 9667
5151 4324
2257 2440
5357 5022
9593 9176
3160 3282
7629 7580
8105 8044
2336 2761
34 452
5516 4609
4800 4218
4248 4175
3332 3931
5510 5461
10602 9626
5485 4693
8886 9833
63 868
6114 5205
2751 3616
3440 3356
2098 1471
8792 9744
18 752
3237 2867
1085 1105
6915 6169
8243 8180
8395 8299
60 69
6011 6561
4795 4409
2959 3781
77 930
1394 2362
4959 4353
7603 6992
9744 9839
3912 4082
8676 8668
2069 1553
83 673
942 1840
1820 1614
6770 6900
8832 8501
6944 7299
9273 9213
5239 5686
8325 7561
5368 4528
2064 2155
5840 6006
6659 6220
8954 9063
2695 2230
9079 9630
6227 6169
6465 5580
7640 7330
8874 8888
9514 9123
6978 7542
9644 9123
2572 3326
6588 6721
1351 1244
39 852
15 934
7627 7816
4965 4068
30 82
3879 3900
607 1436
1913 2475
683 1678
4077 4340
2448 2027
7955 7140
21 556
2133 2592
42 605
14 266
82 306
232 1017
8937 8674
9446 8962
3097 3440
5559 5388
88 322
7949 8737
7082 6149
5903 5154
7169 7372
2936 2715
9128 8167
2269 1542
3086 4041
9266 8844
3097 3083
3410 3496
7313 8056
4256 4342
6744 6845
2964 3963
5461 5473
7587 8505
81 589
9549 9782
2329 2142
8884 9808
6911 7579
87 983
5207 5245
59 851
6031 5488
10110 9373
77 936
7993 7971
2541 2660
596 1152
5512 5550
8894 8855
10360 9514
2493 1929
8517 9478
5735 6026
7796 8613
1764 2498
2674 3360
10411 9725
6183 5521
4351 3632
8051 7485
4726 3784
5874 5957
61 389
3033 2668
18 783
9770 9641
6773 6163
7092 6895
3503 2716
1130 1063
15 852
4017 3500
6271 7206
2839 3359
8982 9926
5167 4760
7794 7852
2385 3276
4495 4940
2416 2911
568 1392
3780 2906
4509 4634
4990 4491
1820 1910
8712 8741
63 557
2296 1768
6016 6185
8228 7353
9721 9650
5693 5860
1404 1473
78 24
7241 8212
8768 7960
6128 6310
9244 8378
4890 5266
3473 2880
2196 2629
2833 3762
7370 7280
6490 6374
76 317
65 765
4512 4685
1971 1132
2124 2396
1708 2458
3330 2438
4405 4220
2992 3938
9432 8636
1893 2403
4737 4603
9900 9769
8905 8481
5355 5470
2818 2391
4513 5434
6938 6860
7955 8662
3191 3897
5031 5048
774 1608
7217 8126
5028 4035
10410 9434
1823 2736
5105 4939
22 584
21 792
8002 7189
78 188
5665 5342
2644 2892
9130 9542
4267 4159
1178 1806
2308 1375
9093 8550
3721 3008
1284 1178
3249 3502
7701 7614
6960 7546
6380 6370
21 375
4715 5362
85 99
2938 3667
5612 6030
6540 6981
3703 3518
4111 3935
7859 7321
78 817
4682 5163
80 229
4303 4383
4379 3666
5542 6427
6538 7140
458 1164
7925 7832
5702 5981
5336 5183
94 300
2922 3622
9037 9653
5995 6784
4878 4605
2159 2393
5568 5184
6927 7423
7373 8187
3101 2618
5454 5210
2478 2219
4384 3922
2284 2906
5589 4603
8791 9574
3381 4356
79 17
8560 9500
12 489
5023 4209
7601 7411
8569 8834
2922 2241
6245 5547
4956 4594
7296 6456
1114 1155
5055 4645
41 251
7052 7163
3622 3812
8345 8810
6057 5318
3605 3631
9375 9845
1715 1499
7151 7924
7885 7800
4884 5772
56 835
8943 9290
1959 2479
7262 7731
4932 5644
6417 5454
7414 6920
3790 4497
2831 2013
4319 4457
6322 6347
1519 2034
6669 5852
2651 2022
37 839
7779 8174
5219 4295
5882 5707
7684 7858
2182 1361
14 649
4095 3352
4952 4055
8060 7589
2194 1238
4704 5692
7159 6346
10 741
4369 5212
10310 9756
58 145
9696 9849
60 401
5072 5508
3776 4271
8309 7398
21 81
8556 8980
4087 4899
34 662
4189 4462
9421 8736
1159 1461
7559 7328
1265 2245
6875 6588
1691 1125
1926 1673
2113 2940
7493 8397
4143 4459
825 1650
1220 2194
2886 2125
7973 8264
6720 6281
8868 8637
5155 5460
4215 4520
7114 6406
2160 1431
4504 4882
4773 5596
8397 7420
9696 9565
1676 2543
6424 7328
9045 9294
6022 6837
1313 1379
11 422
8720 8780
30 350
3360 3565
94 575
6024 6597
5195 5419
2697 3556
44 357
6108 5723
8208 8887
9324 9931
7213 7540
1297 1324
1102 1508
1858 1918
8144 8432
1598 1221
7266 8045
3909 3440
6744 7455
9602 9979
8251 8102
1265 1577
6313 6933
4400 4003
9414 9851
8172 7660
2985 2947
1990 2220
2648 2797
7349 7358
5867 5929
6685 5744
8968 8610
8861 8813
7861 8272
9878 8902
10136 9515
6782 6463
8656 8735
56 304
2367 2596
46 422
9590 9542
3062 2353
6042 6872
3082 3340
3186 3977
8896 8665
7310 8022
9502 9038
2024 2312
1612 2523
2128 3050
1670 1551
7217 6912
5598 5233
9187 9566
6659 7276
1677 1335
2106 2346
6757 6603
6861 7255
4319 4055
9605 9563
8802 8600
4447 4502
7532 8005
68 504
5904 5182
4204 5110
2315 2724
81 466
44 904
5052 5824
4208 3304
89 566
8097 7936
10 996
7471 8421
8698 7710
6825 7623
3725 3005
9313 9509
975 1418
8146 8823
5980 6742
2875 2759
59 335
1102 2067
9901 9208
3310 2393
7000 6536
2074 1883
2610 2646
2807 2711
10361 9611
3731 4279
1185 1117
4547 4719
2205 2043
2419 2040
4649 5480
4701 5137
3463 3484
6885 6013
2798 3397
4785 4926
2995 3708
72 630
8148 9054
9168 8779
5002 4767
6353 5599
8609 8528
5522 5302
8058 7462
7891 7088
6545 5662
9746 9231
1972 2935
2072 2689
39 195
4069 4909
4856 5547
3854 4764
7738 6947
10 86
6581 7188
6876 6290
8634 9364
9694 8820
71 442
4698 5227
4626 5090
10180 9893
7250 6958
5953 6864
4675 5406
9395 8412
8439 7693
7603 6718
8823 8910
2928 3270
4745 4462
6895 7000
4918 5525
8209 7345
96 871
37 29
5816 4868
5240 5926
4934 5328
4862 5140
5366 4522
3371 3937
3018 3788
38 441
4712 4870
3058 3601
6894 6122
6168 6181
2722 3464
1421 1414
7429 7984
3602 2877
9401 9537
6484 5532
8895 9299
3119 3812
65 911
5425 4856
5413 6268
8106 8236
8509 8616
3623 4288
3636 3863
46 301
4785 3892
2816 2600
5166 5877
3542 3145
3532 2740
4861 3885
9230 9399
7837 7261
4057 3080
7626 7508
5804 5333
7755 7721
9932 9494
2797 2281
3009 2928
3564 4509
6048 6350
7163 6914
8274 8813
3986 3317
10458 9766
3729 3743
6770 7204
1746 1675
9821 9573
6312 5608
7106 7023
7809 6904
10053 9935
6539 6459
3363 3339
5216 5774
8929 8079
3605 3782
4008 4811
8100 8466
7569 8122
5752 5002
92 969
5722 4833
2779 3096
2096 2765
6208 5916
3419 4389
3294 3915
3996 4762
1255 1075
3722 3018
6477 6548
7121 7982
5285 4807
1308 2122
9701 9044
2732 2724
3603 4150
5633 4813
9237 9794
7731 7631
2594 1681
8024 7102
5335 5712
3351 3410
2346 2608
6607 7080
83 652
3217 3306
7040 7286
4105 3927
2104 2870
6515 6884
9956 9844
95 553
10348 9907
4510 4158
5121 4255
3744 3071
5040 4595
6368 6471
3096 3226
41 970
7732 6994
8965 9461
1399 1317
8494 9118
1890 1098
9487 8511
2359 2520
3758 4614
1305 2023
2756 3378
6160 5615
9555 8804
2009 2636
549 1302
7993 8490
9067 8926
31 159
6614 5700
5589 5095
5804 6146
1485 2187
91 559
4387 4727
70 812
1332 1696
9201 9543
69 482
6057 5241
4009 3473
2483 2112
7089 6432
4812 5149
2272 2020
8112 8270
47 875
78 485
4696 5104
7122 6157
7553 7550
332 1208
8229 7664
1137 1157
2857 3647
5646 4762
2044 1589
722 1243
6590 7123
7807 8681
7303 6705
5262 5537
2671 3058
739 1306
4913 5747
7187 7009
9704 9904
4761 4905
8298 7363
3969 4457
2093 1563
4887 5017
8830 8466
8798 8703
2242 2124
10096 9569
7634 7949
2376 2442
7857 8495
9035 9499
597 1393
7469 7342
2763 2296
1899 1242
8493 9209
6641 7406
6836 7339
3742 4645
95 610
8544 7845
20 65
8617 8082
89 783
40 710
2476 2610
38 105
5314 5983
2917 3285
5312 4798
14 28
6656 7409
10485 9778
5797 5055
2672 2745
82 211
5938 5048
7893 7698
9957 9967
1141 2033
6244 7161
9764 9122
9283 9380
7828 7811
2381 3376
5914 6284
5807 6153
7668 8611
1854 1828
4745 4466
5932 6378
3182 2906
4690 5329
9469 8566
4965 5502
5954 5916
5145 5231
6778 6646
6187 5242
3618 3686
97 131
2349 2591
10172 9683
8008 8872
3448 3310
5210 5912
9244 9940
8254 8127
4715 4572
8855 8867
4212 3247
1887 1486
7696 7675
1671 1567
10248 9347
42 616
4497 4997
7602 7975
1592 1227
8693 9609
1631 1011
2223 1720
5212 5000
6090 6504
9012 8764
5938 5085
8914 9390
6948 6849
5769 5349
3642 2805
7543 7937
7204 7384
4658 5449
1728 1026
7270 7686
3380 2603
6813 6990
3974 3175
6826 6472
1757 1873
8464 7654
63 413
5983 6347
7173 7046
5943 6402
8512 7618
1186 1747
6514 5658
2609 2477
9336 9516
3030 2438
3024 2482
5755 5661
9110 8963
2837 2380
2512 2649
8465 7657
54 74
8927 9008
5403 4489
3013 2662
6822 6682
9281 8859
4342 3675
1826 1599
10535 9887
7883 8233
6187 6638
6387 6024
1750 1688
49 607
6477 7265
7761 8462
7939 7712
6812 6290
1939 2443
1435 1100
5806 6492
79 347
4383 3927
9559 9047
2641 1886
8640 8613
1995 1556
9129 9419
47 409
3400 3059
2683 2214
3129 3730
8732 8262
5059 4507
35 950
2804 3747
4552 4048
6981 7506
6826 7683
3528 3266
9977 9182
5401 4628
6428 5744
27 409
3523 2754
8092 8355
6431 6682
2730 1797
3829 2973
78 577
4335 4115
4591 4598
9303 9108
57 275
2973 3311
3129 2553
99 611
5675 5528
1822 1699
5235 4889
2072 2123
80 729
6855 7071
1429 2175
9394 8767
7566 7532
4495 4376
1864 1999
1280 1231
6323 6711
6901 7142
5377 5611
4436 3533
8346 8334
987 1181
67 122
6690 5750
4204 4129
7504 6613
7772 8600
21 543
5957 6876
91 873
4748 4694
7937 7178
5180 5818
8319 7558
4232 4483
6188 5336
5614 4729
7799 7958
5535 5303
546 1117
2588 3508
2708 3575
4864 4539
26 966
3562 3654
5772 6613
4926 4639
1875 1234
49 869
2540 2320
7605 6961
5759 5847
6613 5938
2041 2788
8382 8520
4367 3972
1538 2354
3952 3514
7331 6920
3115 2270
5011 5001
3035 3592
9535 9946
1707 1777
5816 6388
1152 1681
10252 9532
5134 5080
3710 4666
9245 8994
6453 6183
8720 9513
5517 6255
98 695
10047 9171
5373 6135
3967 4555
10127 9705
7462 6485
3976 4412
4243 3962
2118 2723
36 438
4883 5087
9619 8909
7198 7675
7113 8108
5369 5264
4842 5703
5128 6121
9957 9872
2946 3724
4246 3270
6297 7291
5150 5280
5260 6045
9175 8347
3014 3920
9815 9323
6310 6845
1692 1550
2193 3122
7626 8244
5810 6204
7162 7747
8429 7990
9262 9329
2174 2169
3620 3189
9875 9983
2537 3203
64 739
665 1613
4298 5165
1027 1392
7380 6643
8441 9347
6860 7316
2697 3473
4178 3875
4789 4030
6648 7517
5549 5636
3336 3706
9718 8909
8403 9148
6164 6234
1669 1075
2869 3822
1476 1023
10816 9838
9026 9077
9580 9089
3871 2980
7434 7778
7145 6979
4136 3866
6304 6939
1035 1789
6759 7089
5480 5557
7566 7171
85 1009
62 462
2055 2604
4615 5395
77 765
4097 4730
72 924
5536 5791
4217 4223
7922 8084
4740 3775
5467 5800
5293 4378
1660 1870
2331 3293
9035 8950
7635 7303
1750 2389
9930 9053
9166 9261
35 144
3765 4143
3925 3686
6264 6641
11 133
7265 6804
3097 3621
2467 1938
4639 4732
7407 7461
5975 5071
1880 1327
5439 5146
7036 6058
1304 2257
9702 8907
3172 3098
8961 8764
1924 1706
3068 2418
7258 7443
4568 4767
10524 9875
6444 6284
8683 8208
7840 8629
6400 5438
1438 2155
8305 7514
5477 5450
13 324
4064 4226
7331 6908
2299 2845
8283 7768
6233 5424
4382 3459
2775 2122
3727 4241
4103 4346
7047 6176
7042 8038
8435 9005
4929 4791
10260 9341
4167 4758
6838 7566
99 696
5602 5722
5514 5571
27 408
61 401
5466 5554
2035 2531
3884 4686
8334 9136
7933 7676
3859 4675
93 269
6410 6823
2176 2126
6092 6848
6808 6241
4365 4755
1977 1058
5320 5277
2963 2781
6991 6256
9332 9990
4821 5533
8580 7587
3694 2747
2968 3489
4168 4082
4865 5048
10343 9745
1701 2049
5802 5536
83 685
2745 3184
5134 4298
981 1732
5153 6141
42 866
2993 3486
4743 4525
3567 3294
3527 4274
1375 1998
5123 5997
8120 9057
7662 8211
1627 1349
8757 8631
46 281
2664 2457
9389 9465
5681 6477
8587 8703
2431 2592
6954 6978
4370 5089
5589 5945
5022 4461
9331 9093
6410 7322
5681 6219
9508 8610
3523 4015
8846 8877
6682 6599
2989 3542
5210 6015
3491 3007
7572 7299
3475 2721
9847 9329
4382 5009
2950 2460
1627 2358
8727 8581
10349 9851
8592 8603
5355 5770
3120 3599
4131 3671
9240 9070
77 718
7771 8335
1314 1484
9104 9126
8628 8707
3503 4037
3197 3183
7267 7582
8798 8718
7952 7918
2333 2788
5515 4670
37 205
3424 4271
699 1185
46 800
9228 10000
4686 3800
7554 8023
3334 2889
1685 2432
5807 6185
1586 1163
3478 3337
8316 7329
23 74
5819 6101
6423 6563
9908 9429
10865 9913
6229 5684
6905 7146
6819 7146
3905 4442
5175 4416
6474 5488
5102 5834
4302 3911
6616 5776
3908 3950
1451 1117
5221 5077
13 186
3748 3908
6463 5544
5059 4774
3337 3850
5743 5095
2036 1970
8498 8778
6990 7484
3709 3566
8139 7375
9636 8843
1216 1728
6359 6162
9290 9434
32 604
69 637
5102 5812
1001 1171
36 908
5049 4451
3830 3386
7727 7828
1945 2336
7397 8368
1139 1321
46 824
9350 8489
4468 4722
2709 3583
5458 5551
39 209
5808 6414
8255 7411
6351 6819
1736 2720
1567 1721
5793 6754
7511 7810
3030 2634
7807 7464
40 850
1352 1994
9524 9898
6929 7541
8551 8987
6449 6359
5802 5134
7650 7319
6029 7009
970 1899
4897 4544
9918 9808
6126 6925
4915 4537
5085 4839
4487 4081
6429 6760
8177 7801
2989 3267
39 288
8325 7336
2405 3316
1728 1353
21 671
6325 6774
4383 4263
695 1236
6270 6804
9287 8593
9951 8982
4463 4137
669 1411
88 780
6643 7494
6271 6913
4085 3138
8626 8769
1687 1807
9404 8434
25 652
3728 3245
7089 6332
5582 5881
3745 4429
8131 7724
8661 8447
6744 6491
9188 8641
1119 1635
5688 4812
7376 7355
2870 2233
2296 2839
1971 2618
29 865
4629 5207
1286 1571
2262 1350
3245 3082
3678 4189
3688 3952
1588 2032
2946 2986
6907 7129
44 1034
4571 5371
7982 7214
58 630
3834 3771
1839 2259
6550 5654
16 292
5594 5539
4899 4685
7071 6745
854 1614
798 1778
8119 8910
4294 4248
3219 2444
98 196
5449 4612
3140 3233
7517 6528
3747 4641
4497 3690
870 1798
6159 5423
2800 2604
3321 2398
28 708
6235 6710
9698 9111
5878 5020
3429 4343
7917 7146
1256 1918
4135 4146
7170 7442
7033 7309
8119 8044
5903 5826
6857 6480
2814 2754
3177 4027
388 1046
2926 3308
5915 6517
3574 2731
3850 3082
7754 8723
4541 5034
1283 1444
6315 5774
7039 6899
9738 9518
5174 4531
7431 7366
3736 4319
53 1000
2493 3010
70 1009
4459 4707
9597 8948
50 609
9117 8272
2508 3402
81 898
2442 3361
3732 3033
6728 6033
79 705
2445 1555
779 1170
4734 5081
3629 3966
6008 5694
2903 2119
3714 3722
8959 8727
5964 6506
59 155
42 630
79 769
24 643
2215 2646
6906 7191
5160 5461
88 567
6543 6352
14 529
3610 4163
1961 2858
1716 1218
1404 1265
5108 4259
4528 4957
5096 5815
5485 6218
6091 5956
8305 8926
5900 6663
3036 2797
6191 7041
10673 9996
6003 5658
1207 1915
2809 2133
3170 4127
2843 2229
6591 6542
1061 1455
92 683
5431 4762
6296 6634
5114 5293
7601 7103
4152 3473
2354 2651
7354 7571
1834 2551
4260 3475
3450 4326
9378 9170
84 217
1642 2333
8622 8057
8592 7631
2576 3100
23 208
7129 6508
2152 2914
9975 9868
7336 8108
90 485
9526 8621
100 895
99 209
8893 8625
64 368
7466 8070
6590 5727
6210 7165
7456 6785
3381 3430
9377 9120
7468 7804
3650 4540
4566 4731
6558 5593
34 670
6656 7097
7354 6525
8054 8380
27 444
6832 6926
2391 3232
4481 4202
10432 9510
4422 3470
2521 2885
8358 8587
5983 5646
1226 2136
8769 9161
7200 6517
5882 6633
7768 6978
1120 2073
2800 1901
7496 7966
2286 2957
8280 8300
2797 2123
7685 8165
6350 6295
6009 6451
93 142
38 991
3714 4575
3577 3527
1009 1986
3834 3160
6441 5530
4806 4434
7839 7780
9467 8487
2396 1842
9226 9948
2982 2831
5613 5400
778 1309
4603 3827
6215 5627
1566 1655
1592 1956
364 1182
9878 9168
6721 6603
7754 7077
9055 9472
7583 7842
4375 3377
6367 6154
8499 9466
4881 5236
2844 2529
6154 6018
8272 8617
3343 2408
3764 4394
7427 7691
5251 6177
88 850
752 1361
8007 7937
6066 5497
8143 8993
6189 6139
8187 7325
6944 6614
9489 8691
8197 8425
6638 6470
8987 8849
10281 9368
2401 2068
7357 6447
354 1048
1520 2429
4561 5017
6340 6226
2818 3284
4679 4500
8071 8656
2825 2265
32 870
5713 6305
479 1358
5214 4700
7480 8014
4626 4143
8861 8697
4128 3479
7179 6594
8429 9180
76 10
2439 1805
2813 1960
3402 3197
465 1379
9637 9849
3043 3500
6622 6632
9291 8926
2321 1828
4305 5165
31 501
9906 9177
1668 2347
3840 3877
3972 4469
6336 6102
5294 4613
2529 1666
60 690
8815 8317
5197 5734
9877 8892
5754 6662
1052 1973
5755 5326
8096 7206
9637 8931
3718 4710
5206 4227
4716 3889
2854 2078
2920 2879
5587 6547
2558 2971
6341 6369
2876 3631
9855 9577
7292 7725
5110 4828
3633 4100
618 1116
2189 2946
8897 9363
5903 4971
1921 2483
3978 4438
4234 3422
3820 4630
3159 2568
6199 5222
7081 6699
5699 5595
3024 2750
5745 5989
1751 1034
99 890
8308 7768
4448 4654
6225 7022
4552 4710
3649 4133
4675 5179
7098 8000
8772 7787
7434 6752
1785 2565
1669 2293
6096 7020
9071 8783
5149 4563
1711 2590
12 19
1290 2242
49 600
4699 3992
6433 6737
49 594
7583 7699
22 145
7009 6632
10291 9561
5731 5306
5321 4884
318 1271
88 897
4383 3526
6539 7066
49 415
9421 9947
4852 4660
3632 3177
9288 9633
2633 3290
5028 5368
154 1064
5266 4717
3366 3367
685 1031
4568 4110
7407 7403
2550 2566
9840 9045
5709 6091
5593 5673
2967 3289
9482 9355
5313 5956
3548 3779
9348 8749
6626 5680
3607 3539
6556 7291
9076 9130
7631 7320
7162 6511
9042 8765
8753 9168
4971 5852
6992 7597
2343 2103
9910 9125
5555 6376
5103 6056
8099 8255
10051 9418
2580 2705
4295 4004
7048 7216
31 501
5731 4883
4273 4755
13 232
2095 3023
3938 3086
3075 4047
4971 4661
3599 4220
1894 1856
4563 4132
8992 9842
4723 4913
2225 2108
8975 9738
7541 7869
2081 1317
3286 3540
1344 1152
7573 6711
2424 2713
5528 4612
3873 3719
608 1497
6869 7488
7210 6439
8695 8244
7133 7189
81 840
8532 8698
4952 5442
5901 6286
8188 9054
2651 3583
100 550
7864 6968
2383 1407
399 1193
3761 3117
1185 2136
10270 9597
1605 1973
2764 3239
9512 8975
2577 2201
9367 8829
7302 6350
91 154
2081 1774
5603 5445
3426 2584
2173 2132
6717 6994
4470 4225
11 456
5878 6716
1082 1346
1155 1127
3175 2682
4361 4533
5594 5972
7186 7597
8148 8994
70 622
926 1261
1598 1489
8874 8983
87 377
6782 6288
3560 4495
7756 8386
4708 4360
6119 6301
6429 5634
9959 9430
53 562
6334 6283
10140 9163
1087 1256
55 367
7994 8536
9515 9231
3697 3775
6921 7596
25 531
2774 2111
5816 5793
4320 4402
3291 2441
9031 8660
8579 8769
1273 1248
5010 5599
2292 3063
5807 6052
8095 7933
4978 4574
7565 7351
4169 4493
9821 8902
9268 8900
2586 3333
45 1004
25 703
2455 2374
6830 7534
9590 8987
45 739
78 667
972 1615
5249 5051
50 534
91 489
2595 3325
5350 5431
9571 9805
8155 7186
7205 6689
8843 9419
2349 3292
1427 1610
6072 6313
8950 7981
9159 9970
63 287
22 706
2449 2584
5820 5333
7566 6871
8011 8526
6133 5616
7883 7571
1742 2035
4926 5340
8439 7464
9322 8379
9285 8560
2814 2771
6984 6014
37 941
4907 5163
6031 5802
9274 9751
6355 5483
9134 9976
5038 5141
5986 5613
2886 3160
7028 6383
2786 1896
8213 8264
2128 2914
6214 6812
6153 5524
1194 1564
3249 2825
2887 3475
1826 1229
6477 5615
9467 8492
6167 6193
4754 4073
8342 8060
8689 9143
5481 4961
2423 2752
2220 1907
4152 4294
7456 8127
1950 1047
5578 6182
1026 1949
3503 3740
5843 5705
9766 9000
7398 7478
3713 3493
26 175
6082 6259
4263 5008
8007 7707
8824 8944
4141 4187
9280 9356
1712 1252
5856 6405
6914 6292
5615 4892
896 1667
8690 8573
9306 9579
5031 5175
1937 1463
6666 6027
43 468
5499 4894
9449 9908
4683 5497
38 645
91 283
10195 9904
5350 6311
5910 5735
8836 8086
6227 6617
580 1029
4172 3364
71 675
261 1106
4160 5077
4032 4604
3531 2988
6732 6932
8817 9092
8533 7705
9220 9788
32 257
3706 3009
9850 9644
6059 5933
2162 1236
3696 3310
3169 3763
7666 7024
7374 7523
7538 7089
5249 4929
2710 2804
882 1034
7298 7990
2126 2086
19 139
2034 1992
3934 3219
7309 6834
6300 7066
1264 1386
10126 9452
5630 5779
2286 1582
4308 3995
23 391
3506 4493
6565 7073
3432 3250
5194 5628
9479 8691
4680 4585
9196 8518
3495 3448
7097 6870
6164 6942
94 313
10368 9581
3448 3483
25 513
10858 9864
3662 4080
8321 9190
8222 7920
6614 5706
7596 7111
9400 9829
2367 3004
4229 3253
64 266
60 468
4638 3725
8575 9552
9692 9748
8988 8635
7121 7562
9654 9714
2741 2759
1835 2640
5915 6639
10437 9449
4811 4652
7160 6162
3889 2980
2673 3325
1402 1961
9976 9331
4607 4282
1315 2154
8843 9142
86 62
1688 2581
2514 2693
5011 5769
8197 8964
3675 3793
5215 4765
20 973
5890 4981
3626 3821
14 760
9349 9272
3141 4054
1950 2852
9321 8439
2198 2400
4940 5299
9490 8794
8049 8070
22 475
1998 1626
3152 2672
9071 8690
2455 2890
5834 5865
6050 5136
7848 6878
3717 4429
1713 1779
4508 4626
8699 9628
6979 7924
2619 1619
1306 2171
10087 9918
5011 5654
3684 3998
7512 8101
4948 4644
3163 2168
2283 1840
6758 6390
4917 5767
5575 5086
8693 9665
7788 7250
3752 3779
5303 4714
1109 1434
7072 8067
100 964
55 428
2728 3588
9371 8882
8066 7987
1392 1193
1927 2753
7527 6886
314 1143
3401 4130
9739 9975
8701 8252
7418 7839
6213 7127
3270 2400
3290 2473
5394 6068
3024 2091
6343 5714
2188 2386
7600 8335
2335 2712
5918 5510
1443 2196
6930 6073
1492 1054
2352 2083
8480 9220
2557 3401
8220 8804
2850 3772
7919 7976
5896 5298
5363 4956
6397 5687
8031 7617
5747 5268
92 82
5910 5777
5431 5257
66 444
6913 7608
43 585
2835 2498
8887 8834
427 1160
4869 3979
3570 3673
6682 7273
4640 5397
20 134
4474 3725
8992 9064
8784 8869
3200 2214
6755 7080
4696 3895
7783 7226
5953 5013
2272 2509
4849 4969
8631 7693
9380 9085
3261 3127
5009 5227
4247 3282
10213 9795
5085 4704
7938 7873
5075 4968
7066 6249
9166 8683
71 617
9236 9892
5575 5480
1094 1800
6951 7941
2312 2876
2181 2628
9431 9041
39 740
5829 5633
7186 7124
2357 3053
7871 8418
59 604
7628 7692
16 523
5175 5669
1717 2022
7325 6669
8703 7923
1682 2549
9132 9063
2297 3126
5130 5212
9945 9788
3285 3347
2289 1388
7491 7203
3457 2693
9841 9313
986 1206
7686 8507
4705 4633
2539 3320
3814 4163
1943 2779
93 38
1717 2618
7011 6882
90 307
2780 3441
8012 8908
8957 8786
45 706
7112 7364
4292 4469
7466 6663
29 810
7042 7437
3292 3344
4257 3420
2452 2163
9150 9212
5805 5594
3011 3551
3689 3332
5637 5889
3058 3376
7761 7411
8229 8135
6551 6065
8124 7718
4606 4640
4742 5021
7721 8699
2539 2865
2828 2897
2216 2549
9160 8213
5025 5349
5732 5526
23 786
3454 3277
8448 8540
35 786
2058 1495
1212 1271
6530 5729
6730 7128
9228 8875
6795 7068
4415 4676
334 1323
3825 2956
78 441
6418 5754
4306 4042
4095 4093
3331 2473
5794 4794
2471 1702
51 719
18 282
5687 5530
9344 9551
1378 1803
1276 2005
4013 4292
701 1354
5059 4247
2118 1523
3300 4293
3440 3211
4008 4522
1793 2480
1886 1119
9741 8950
5910 6611
8356 8447
4943 4212
1098 1662
9657 8823
9412 8900
4669 4595
4141 4255
9182 8414
3775 3592
1876 2452
3051 3103
9629 9976
843 1454
57 664
2775 3297
2515 3074
9357 9830
5706 6090
14 688
3254 3689
512 1337
8166 7920
6803 7570
8339 8501
8221 8380
2514 2871
1797 1016
2679 3189
9538 9463
351 1267
7186 6964
7246 7932
5751 6723
1594 1757
5483 5469
8387 9118
2986 2666
5758 5467
8070 7507
5637 6631
9021 9329
1105 1658
4325 4574
5965 5881
7264 7695
395 1142
6226 5607
5015 4125
19 828
905 1536
10005 9737
7886 7065
5875 5358
8047 7599
10 563
3704 4266
6140 5947
9706 9908
7257 6996
9417 8723
3736 3685
8048 7619
6069 5231
4695 4167
26 632
3421 2779
510 1468
2744 1788
4850 4438
77 496
1432 1118
91 137
5844 5037
7224 8106
2310 1494
10157 9320
955 1400
4553 5388
5215 5808
7390 7718
2847 2807
51 518
5701 6522
7457 7738
3801 3576
1321 1767
64 351
4025 3446
4069 4921
4235 5146
5197 5298
7351 7987
7177 6756
6592 6848
1499 1744
7615 7023
5413 5447
5577 4581
8830 9426
1245 1276
9341 9263
1950 1394
3196 4033
7090 6971
2025 2595
6016 5660
17 278
5568 5920
5260 5313
2348 1625
4291 3337
3238 4175
8415 7429
8336 7964
6980 7959
36 144
1363 1466
5924 4994
3274 3493
8723 8363
4870 5524
6230 5583
5461 5125
645 1361
9537 9823
11 655
6496 7442
6571 5768
10017 9017
79 64
717 1333
1470 2452
2478 1845
1541 2188
1004 1710
6261 5600
26 378
1554 2144
5920 5287
7650 8371
9211 9056
5787 5618
5629 4782
9404 8832
6608 5614
4665 4698
4452 3979
2326 1409
9074 9751
2785 2895
7753 8040
7834 7783
6314 6531
3357 3913
9063 9968
7052 7616
4353 5170
1406 1444
1997 2168
2676 3508
3517 3283
6989 7380
3903 4185
3953 4325
9318 9069
67 841
85 655
5146 5609
3255 2540
952 1211
5986 6936
1032 1187
5623 4793
4724 4956
7970 7012
6060 6015
1776 1236
7179 6415
632 1225
10083 9866
6481 6937
1553 1283
6868 7136
3431 2654
4698 5458
10313 9426
53 533
8065 7529
3767 3899
6016 5750
5089 4942
82 591
3296 2539
2083 1804
2078 1474
3602 4203
8189 7796
8649 8606
6001 5200
3423 2843
3925 3628
7120 7840
6801 7275
4573 4459
9919 9701
68 530
5417 6119
5894 5213
9567 8829
3300 3883
5945 6835
7414 7631
7677 7040
3878 3337
2575 2166
6293 7237
4815 4978
8584 7900
4396 3779
6230 5543
2804 2902
2641 1832
2395 2190
1331 2094
9696 9992
9407 9510
3127 3314
5952 5701
1950 2110
69 766
8679 7971
3827 4488
5541 6377
9321 9592
7782 7063
1265 1866
9574 8745
76 423
9962 9178
9388 8860
4459 4210
1217 1173
9743 9561
90 569
5684 6376
6748 6034
6922 7370
84 587
7008 6396
5173 5569
7522 8014
5166 6072
7989 8937
2207 1509
3491 3335
1200 1454
4589 3929
3570 2654
44 339
5098 5786
4526 5056
3805 4719
1069 1554
10750 9989
44 304
3001 3081
9060 8656
3685 4319
4606 4977
3899 3424
8029 7750
70 740
679 1474
3151 2198
5059 5794
5225 6146
3846 3133
464 1091
6941 7338
8839 8868
5176 5598
7156 8049
1316 2016
3415 3643
8705 7915
2976 2525
5641 5231
6079 6207
8493 8762
10683 9726
3599 2890
5735 6543
9158 8711
62 558
265 1038
4078 3209
342 1215
4149 4437
37 487
8464 8357
92 764
1771 2053
2790 3026
5476 6353
3377 2710
7786 8187
6037 5334
9144 8518
5522 5186
7007 7037
5922 6239
28 515
7217 7911
6598 6535
4709 3790
7299 7685
33 329
68 919
5439 5916
1978 2851
3378 2822
6718 6672
87 966
3998 3717
8609 8416
5023 4815
6305 6548
21 506
1785 1630
60 919
4748 3814
9036 9869
6436 6968
5692 5289
5688 5929
7098 6222
2348 2065
5820 5451
8820 9680
5672 5090
33 758
1070 1692
9213 8638
93 97
10306 9705
4806 3942
8478 8403
9530 9906
9262 8833
1917 1696
80 240
6693 7225
6703 6029
7133 6913
1121 1332
6716 5975
39 282
9569 9411
3699 3922
6800 6179
1755 1591
6471 5758
2072 2886
84 420
3360 2617
9521 9899
5966 5550
3018 2033
10 715
4130 3450
69 406
8044 7184
6593 6398
1526 2426
7484 6936
4999 4663
8331 7597
77 817
3021 3565
7227 7288
