2476
50
6652065
57 57 56 56 43 43 50 43 54 51 55 60 40 48 56 53 60 45 49 41 40 50 47 47 56 58 54 41 53 53 43 46 47 42 49 60 45 49 50 43 40 41 56 46 42 58 49 53 50 51 
-32079 -34883 -32595 -34298 -26690 -28209 -29300 -26109 -36089 -32292 -36537 -38265 -24660 -32280 -33655 -35838 -35570 -26711 -35662 -24369 -25622 -28484 -30704 -27710 -38073 -34115 -35878 -26033 -31622 -33898 -28627 -30012 -30257 -28051 -27565 -35553 -29480 -29136 -32054 -26754 -23764 -22788 -33253 -26240 -28468 -37488 -28493 -33394 -28376 -34436 
19523 21841 20068 21638 16258 17045 17697 16747 22146 19912 22410 23572 15190 20198 20407 21590 21628 16254 21607 14794 16052 17479 19095 17118 23647 21854 22114 15916 19837 20389 17627 18381 18221 17499 17197 22163 18356 17850 19570 16863 14577 13901 20951 15836 16959 23098 17429 20415 17279 21415 
1773 1012
3316 4195
95 459
6835 6767
6740 5816
7738 8321
7534 7613
9366 8477
3275 3115
90 903
5205 4581
3295 3346
3867 4648
3564 2815
3190 4141
18 354
2513 2657
4694 4847
7558 8228
2647 2668
6860 6196
3891 4001
2814 2065
21 78
9612 8688
5155 5014
99 296
79 804
2079 1846
6716 5790
8668 8446
5152 5487
9418 9406
2163 1526
1827 1144
6577 5937
49 1006
3064 2479
4931 5436
4859 5728
9408 8930
4247 4937
8766 9176
56 573
2569 2835
10119 9657
8786 8980
2402 3251
10036 9954
3969 4200
5406 5348
5681 5033
5649 4921
1938 2384
8866 8155
1920 2190
974 1116
6245 5276
9237 8288
10597 9959
562 1447
9210 9374
5353 5871
4881 4248
9182 9457
89 296
5721 4937
6837 7817
5488 4564
6995 7808
4314 4218
4783 4521
8983 9743
81 719
7347 6942
4648 4860
7248 8141
6081 6263
1918 1843
8945 8602
87 850
7268 7912
2925 3505
7289 8275
2288 2960
1885 2730
5016 5455
4422 4130
702 1558
5091 5341
5431 6424
8550 8008
7508 7554
6412 6366
6590 6603
89 487
2315 2413
2874 2299
56 932
2138 1867
3189 2726
4892 5650
5691 6094
5095 5875
8143 8578
2364 1517
7841 7306
1386 1246
8584 8096
3901 3385
5471 6197
4061 3954
3226 4205
3179 2919
7054 6856
10150 9580
47 129
781 1446
1456 1144
3208 2222
2954 3947
2882 3434
3358 2642
6183 6881
3044 2626
6346 7307
8864 9414
8355 8209
5797 6137
10315 9992
3853 3448
9138 9670
4275 4876
3533 4510
1850 1770
5047 4714
1413 1297
2537 2370
4131 3631
3356 2441
6616 6877
8182 8314
9085 9161
5102 6009
3554 3538
4076 3099
8458 8865
2292 2876
6000 5848
6857 7452
7162 7975
3593 3391
1779 1243
2588 3487
1074 1823
8490 7960
2382 1800
9906 8996
8069 8301
1423 1947
3778 3820
5271 5649
3860 3266
2077 2527
2907 2259
6246 6276
2593 2573
1577 2388
3556 3398
3816 3366
1812 2508
7319 6625
4947 4958
98 962
4207 4950
7891 8063
2753 3621
4479 4954
5859 5911
6970 7861
6466 6000
6807 7159
2731 3259
8700 8178
8140 7527
3801 3254
5872 6490
60 805
6252 6899
31 441
9586 9756
5560 5580
10586 9717
8011 8102
2498 3457
5434 5422
9850 9271
6607 6807
3399 3111
5977 6970
1807 1249
30 25
10065 9196
3148 3312
4987 4995
7482 7484
2604 2965
6802 7314
7397 7850
8804 9447
100 450
9691 9366
8591 8387
3347 3206
3388 4334
9424 8725
52 885
69 880
5407 4438
100 951
44 81
5171 5115
3749 4691
6846 7312
1233 1588
2951 3070
3040 2656
30 91
1843 2606
1530 1429
4840 4160
8032 7366
4475 4808
2015 1749
4466 4672
8204 8367
8112 7839
6825 6262
8069 7971
28 856
7163 6299
9029 8657
6038 6020
46 241
1604 1367
4862 4179
8495 8773
2179 1823
10540 9849
6388 7072
2715 2999
2574 3021
8291 8721
9476 8675
8387 8776
4762 5317
7175 7360
9812 9522
4796 4698
4515 5220
6236 5509
3697 4443
77 478
1983 2210
43 34
1104 1869
9324 9769
6367 5594
5585 5511
7077 7650
8860 8020
5062 5990
1993 1217
9663 9118
9530 8865
8471 8404
2024 2632
9632 9780
59 238
5257 6123
8431 9225
32 193
2098 1694
1789 2140
8317 8613
6732 6301
8432 9290
5379 4441
2598 2686
10087 9826
3597 2652
7308 6885
8890 8359
6218 5478
29 756
1338 1344
3170 3100
5736 5369
2703 2986
972 1445
1855 1252
7187 6656
3490 2748
8545 7937
9543 9963
8137 8674
7573 7459
6378 6350
5262 5139
2471 2316
21 838
5055 5086
10218 9759
8224 7873
6247 5739
5418 5976
3519 4024
5468 4501
6302 6282
4424 3852
5582 5346
4272 4041
10 856
23 57
2246 1972
1385 1810
4505 4871
6958 7477
67 59
1971 1259
4294 3321
4249 4312
4645 4762
1419 1205
7670 7465
5458 5590
9190 9537
6176 5209
6487 6988
9212 9435
2804 3002
3212 3264
2464 2960
3094 2398
10230 9490
3872 3841
7222 6907
2647 2759
3726 4441
8034 7658
6553 6107
6217 6263
953 1930
233 1131
2962 3708
9216 8522
884 1570
1621 1179
4867 4574
7440 6791
6402 7085
5482 4698
1853 2247
8481 8373
5174 5984
86 995
10116 9132
8914 9432
6314 6599
9318 9569
5443 5176
6013 7009
44 41
1294 1408
2039 2187
4938 5511
7681 8026
4875 4296
5703 6521
1411 1868
3801 4471
89 196
4744 5182
8122 9101
7441 7665
60 957
9175 9181
4737 3858
8223 9056
6797 7738
33 643
9353 9529
7236 7435
2030 2837
5077 5145
2126 2531
9058 9294
3022 3217
8172 8404
7399 6802
6455 6333
77 893
4318 3440
1640 1442
1219 1572
670 1037
7190 6439
3815 3290
3813 4074
2924 2394
9301 9197
1481 2106
98 57
8980 8331
3106 2437
3602 4386
9425 8790
5154 6151
5307 5727
8849 8157
9471 9742
8701 8123
3091 3546
4378 5022
6576 6676
8145 8997
5971 6176
2367 2444
6363 5564
8514 8406
5658 5584
2015 1660
2313 3042
8481 9386
10101 9345
4231 5105
4470 5385
1295 1192
2748 3745
5630 5292
5029 5367
8629 7636
5121 4532
7194 7550
8066 8994
10490 9673
3529 3290
4341 4326
7261 6701
1653 1666
5064 5425
10806 9950
4412 4401
7870 8129
4292 4891
5773 5816
5089 4469
66 981
1490 1837
4946 4861
7075 7515
3938 3815
10229 9460
7103 6631
6337 6460
2049 2063
2294 2711
5272 6059
2802 2396
10011 9788
7672 7793
10292 9358
4391 4866
5087 4215
7452 7559
6627 6983
9563 9759
77 433
35 329
8566 7590
8865 8487
3601 3615
4348 5062
4127 4550
45 407
3045 4007
4162 3165
64 480
5786 6636
2315 1598
5490 5094
7231 7044
3992 3006
5594 6228
3328 4163
5851 5303
33 564
8511 8952
9238 9984
3230 4156
6938 7735
9452 9813
10310 9559
2679 2214
9101 9604
2136 2030
2648 3565
5804 5036
22 386
93 39
822 1623
6718 6831
3216 2764
6133 6050
2477 3467
6945 7935
4995 5263
6249 6199
1996 1324
6987 6273
7927 6987
6259 6821
5648 4881
2238 2481
10632 9941
5240 5345
4172 5126
10833 9991
8307 9064
6410 5501
2592 2629
2996 3822
3068 3678
9389 9043
9498 9342
86 305
7993 7128
9129 9281
5141 5072
5686 5228
2563 2542
6003 6807
8509 9505
2423 2022
5361 6206
7672 7716
9667 9139
4838 4146
2912 3221
4310 5026
7342 8053
4867 4074
4187 3658
1160 1634
7059 6755
3617 2697
4844 3977
7223 7499
5772 6029
6307 6529
90 18
7310 7855
3087 3846
7031 6980
73 806
6678 6404
5490 4562
4097 3301
4522 4868
9822 9450
5705 4760
4835 4267
5446 5604
6727 7520
10775 9777
9346 8790
2646 2962
7352 7993
8165 9125
4114 3740
3476 4438
4541 4011
2328 2270
2098 2298
8639 9086
8372 7667
1413 1597
7423 7027
81 979
8579 9290
653 1057
4276 3557
6319 5792
2762 2239
7850 8272
8868 8454
7664 8231
8795 9074
1925 2502
28 477
3298 2741
3502 3825
1996 2232
5113 5426
3199 2992
6475 6925
6828 7166
10071 9765
4285 4683
4449 5256
1470 2238
3751 2914
4447 4334
5212 5465
10421 9804
62 341
1975 2058
2677 3454
5214 5403
6130 5546
7839 8343
1159 1303
7530 8217
2783 2955
6221 6653
63 753
8270 8707
10301 9661
7451 7499
4722 4004
3260 2915
1198 2010
8000 8746
3197 2384
48 590
258 1207
4615 3948
8769 9541
7901 8039
3648 3161
6398 7291
1523 1431
5798 5742
4278 4238
29 794
41 920
2312 3061
8986 9064
1809 2356
5977 6465
7825 7243
10341 9840
965 1706
5611 6430
2133 2598
4237 3244
5782 5200
8849 8291
5834 5298
8834 8765
2283 1321
9822 9746
10208 9363
6829 6745
38 410
38 1014
2644 2613
7773 8356
7295 7222
3099 3562
9673 9857
4910 3985
2267 2821
5666 6582
6955 7542
3363 4292
64 749
4642 4234
4564 4817
6027 6148
4423 4979
10277 9711
8458 8548
7615 7739
8816 8572
7275 7621
14 776
55 131
10564 9915
5964 5632
9445 8863
1560 1033
2320 2693
9551 8570
3555 3937
9028 9409
8447 8830
6261 6521
2502 1639
4721 5229
3011 2194
9302 9659
7129 8045
3940 3581
8650 8505
6782 7131
4273 5209
5046 5496
7108 6818
3410 4251
3393 2492
5023 5984
2858 3388
2940 2752
9572 9181
3981 3686
30 776
87 329
7747 7057
8607 7817
9131 8310
4412 5238
1795 2663
7149 8037
7057 6102
7963 7530
5105 5461
4880 5690
3524 2617
58 476
9611 8766
4196 5077
4836 4098
3016 2275
1906 1421
3198 2445
282 1048
3238 3014
6478 5714
2396 3099
9190 8530
6771 7384
2241 2189
9008 9178
4350 4039
59 611
3557 3742
8958 8401
5605 5418
7958 8362
10325 9986
6028 5423
1408 2404
6604 6232
3115 2856
9127 9602
4978 4868
6162 5987
9166 8445
3973 4742
4966 4945
449 1370
64 445
5492 4607
3415 4013
52 382
1062 1127
9180 9189
4367 4500
3349 3245
6024 5406
9376 9485
7342 8256
3403 4152
8008 8536
10174 9255
5847 5613
5888 6083
3574 3400
8042 7158
1981 1184
5058 4960
8887 9069
4981 4016
7281 7800
3707 3290
24 79
4095 4188
6836 7630
4172 3808
1019 1920
8294 8858
87 685
8813 9294
9317 8878
3310 2366
3640 3692
5318 4971
6230 6893
6849 7207
8044 7323
3339 3446
7421 6580
6456 6871
6430 7133
2943 2067
6428 5690
82 294
2919 2604
9056 9584
1187 2004
6557 7225
6099 5961
3760 2877
4533 3707
5574 4994
7823 7350
7943 8137
4919 4567
3492 3309
4364 3558
8090 8633
5983 5436
1450 2162
4741 4365
5006 4376
1611 1482
5837 6467
6576 6693
8821 8198
7902 7466
1816 1229
8914 9169
3944 3509
7380 8223
7842 8450
65 690
2130 1208
9437 9599
7304 8232
70 194
4990 5544
1661 1121
7155 7214
5110 4405
5310 5023
79 882
7079 7180
6025 5453
95 928
2006 1194
1678 1338
3198 3992
8843 8884
1847 1801
3092 3303
6905 6038
1244 1467
2395 2959
3579 3266
3014 3823
9008 9827
2777 2353
6530 6635
3955 3979
2066 1079
1678 2109
52 434
10688 9802
3384 3250
3926 3996
4873 5054
7021 6664
4537 3988
2066 2818
9871 9310
71 944
8426 7800
4317 4976
10651 9964
9872 9668
8325 8185
7157 6622
6918 7439
9051 8190
5158 4443
2526 1741
7128 8069
47 409
7533 7031
7015 7741
5879 6294
1020 1901
5768 6101
6924 6449
1629 1463
10301 9802
1285 1324
3779 3391
3888 4356
5868 6656
3995 4390
6911 7570
9157 8293
10033 9412
96 941
2784 3591
5614 4915
4841 4676
5339 4877
1203 1735
6390 5989
9326 9258
2225 2824
1851 1450
8129 8247
6420 6553
5043 4539
88 104
7788 7057
3742 4539
1810 1607
2677 2314
2436 1441
4917 4376
3209 3685
43 984
8748 9480
6907 7649
2064 2760
5946 6944
1497 1983
4318 5138
3596 2777
5822 5442
4145 4951
4866 5013
3600 2699
7764 8632
6316 6139
6663 6662
5442 5870
100 11
6213 5908
4011 4085
4356 4339
59 904
9665 8929
6203 6901
8149 8589
2162 1388
8997 9975
3946 3007
7220 6646
7106 6579
10297 9502
8940 9179
1832 1979
7124 7204
1588 2048
9124 8237
3128 3589
4815 3840
4396 3512
9232 8817
7400 7672
10580 9865
8569 8889
3361 2578
7645 8616
8913 8300
8012 7391
10866 9989
1261 1310
7661 7800
6347 5799
4139 4249
3909 4648
2935 2489
1740 2433
7597 7663
1838 1017
10 87
10228 9774
3848 4396
4825 5456
3276 3331
9255 8737
7932 8189
2736 2199
1525 1167
6841 7284
29 672
2747 3569
91 198
5501 5715
8424 8452
3588 3507
4732 4785
3467 3103
8715 7929
25 755
3491 3154
6928 7558
3442 3741
4115 3765
10243 9989
9921 8936
1649 2034
3231 3589
10556 9713
4305 3736
2439 1955
7330 7508
9853 9226
4374 3672
4266 5112
9872 9589
4965 5624
97 64
6678 6130
50 825
3666 3558
7316 6613
4316 5203
4185 4533
3664 4017
8466 7752
5257 6107
10322 9448
7544 7695
4794 5033
7229 8167
8394 7660
5145 5812
7447 6597
4056 4106
8287 7630
8043 7946
2283 3241
8457 8716
89 440
776 1608
6633 6846
4874 5747
7281 7055
1263 1989
2037 1216
22 913
7793 8754
8443 9255
3283 3887
7866 7596
5037 4227
2867 2412
3814 3683
3569 4422
1523 2371
6917 6203
5430 4983
9484 9692
5993 5732
6721 7167
3002 2031
10623 9960
5313 6085
2413 1841
3751 3212
40 881
9386 8492
8114 7441
1010 1161
7065 7128
3482 3055
5166 6029
5119 6083
3177 3110
6732 6439
3453 2665
2054 2970
3128 3219
2878 3109
62 247
5671 6034
66 924
2000 2296
831 1715
4938 4459
6931 7167
6462 6230
5100 4461
4831 4330
2975 2374
6986 7710
5571 5252
6739 7465
54 244
8708 8865
8643 8284
1433 2172
5973 6405
10132 9709
48 678
7121 6272
99 295
48 245
5812 6078
9102 8456
6642 7128
2292 2825
9722 9621
5356 6308
6891 7356
6773 7679
1463 1258
25 365
50 19
512 1140
3152 3116
3685 3423
6289 7043
4391 4218
5993 5993
9501 9541
7574 7820
9643 8881
2209 2113
7684 8084
13 568
9753 9247
3055 3423
8732 8723
9964 9761
7805 8804
9305 8738
8216 8686
7821 7056
80 581
3288 2682
4679 4929
6590 6074
8143 8219
2187 2403
10482 9600
2151 1240
4593 4179
16 616
2624 2490
4374 5043
6194 5485
3868 4852
5415 6370
714 1253
8063 8911
6153 7091
97 41
10003 9342
8813 7997
5154 4477
4274 3894
3175 3747
1939 2330
5193 4344
33 332
6836 5966
3225 3251
5684 5063
47 344
4229 3755
10847 9851
8485 9328
3878 4638
4818 5207
3092 3006
8584 8593
4484 5223
742 1486
2141 1924
9248 9079
2092 2156
5823 6024
9427 8789
7398 7452
3455 3031
7669 8316
24 997
7586 7226
3491 3852
1356 2044
2527 2980
31 749
6752 7249
7838 7720
5104 5979
9134 8203
659 1555
5150 5678
4372 3774
5086 4802
6822 7280
17 31
4902 4018
3970 4255
6921 6670
8097 8625
5634 5895
7704 8187
8726 8758
69 145
7992 7687
48 965
1573 2204
871 1347
10260 9586
7141 7347
8265 8169
3448 2504
10068 9457
6746 6820
3114 3568
7053 6268
22 573
49 677
9010 9790
7066 7926
736 1621
8139 7686
17 867
67 713
5393 4922
3896 4024
6429 5551
1704 1237
5254 5277
56 633
8484 7696
7263 7484
8182 8182
3683 4100
8788 8727
8108 8162
10339 9675
5304 6148
1987 2798
5750 6494
57 770
7504 6832
6774 6538
5895 6805
9112 9022
9292 9627
30 252
9700 9169
3050 3365
8661 9172
7265 7657
10708 9822
60 208
9924 9078
6955 7677
9330 8833
2256 2911
7042 7279
7765 8716
4179 4069
5070 5334
6968 6314
7378 6946
6730 7156
4330 5021
6801 7602
7613 8367
4379 4670
8977 8210
2310 3082
2610 2191
6027 6191
5197 4375
8681 9123
4841 5090
7531 8081
2139 1781
7685 8259
33 41
2123 3104
3388 4373
1169 2076
622 1353
1388 2000
4057 3548
6734 6509
3606 4438
8775 7791
99 997
3999 3976
6796 7141
180 1101
4257 3992
7652 7498
8198 8826
9236 9619
8221 8938
2005 2402
30 25
3875 4562
2707 3065
46 362
2376 1424
2873 2230
9350 9943
3544 3859
1295 2215
3277 3905
7638 7922
2194 2984
8221 9220
58 417
8240 8638
5653 6518
4863 5254
1819 1221
1530 1170
7299 8161
7764 8258
7924 7692
7841 7607
92 82
54 429
5623 6291
1142 1512
6799 6757
3717 3345
7107 6376
4165 3978
6312 6556
5088 4255
8202 7635
9655 9404
6687 6272
3084 2456
2254 1559
9121 8447
6154 7127
64 292
9217 9493
9682 9429
9585 9352
13 565
7653 6727
39 973
2132 2454
4507 3992
6363 5916
9849 9848
9358 9304
5016 4883
8083 8424
1740 1897
1318 1307
6984 7864
5779 6347
15 144
5679 5427
9509 9773
6314 7204
8838 8479
1515 1965
6877 6584
6110 6943
44 598
6311 6034
3476 3564
4103 3867
2713 2938
8866 9330
3206 2515
2594 2888
5237 4687
2910 3567
9566 8953
9775 9048
7799 8664
4377 4309
28 139
54 97
8458 7549
6157 5935
2754 2844
4539 4851
6006 6766
8425 7668
7329 7748
2970 2863
3862 3007
3094 2645
9079 9183
4971 4701
8692 9441
2178 2732
9790 9034
1889 2275
8042 7616
97 636
8856 9457
5367 5405
5326 5023
2145 2533
5693 6315
2750 2931
9957 9963
1582 1448
6297 6715
8547 8043
9700 9650
8669 8756
5556 6013
8892 8064
67 837
7669 7469
52 277
27 650
5835 6809
7037 7224
1870 2606
55 985
39 450
2432 2458
7431 7675
10 867
5742 5848
4229 5070
3404 2808
8268 7410
8890 8063
8384 7492
3407 2544
1267 1372
7393 7994
7094 7256
2261 3197
15 528
4738 4217
3372 3106
5172 5077
100 995
9824 9625
5019 5155
10630 9818
10003 9712
3338 4164
5928 5736
4777 4334
5718 6548
2844 3100
7176 7888
7811 7581
5004 5224
95 575
6122 6593
9012 9923
3359 3394
2223 2077
73 710
6387 5825
8656 8102
5392 5569
466 1147
4499 5265
14 485
3117 4009
6900 6167
6225 6679
8435 7925
7960 8281
31 250
7139 6186
5372 4818
7018 6950
3772 2787
9204 9018
4523 5230
6024 5501
8297 8566
1882 1604
3001 2828
8177 7441
1765 2623
9761 9175
50 548
1613 1655
6506 6240
1459 2329
8529 8956
8370 8257
10901 9913
8910 8259
1958 1372
3785 3146
6090 6417
9384 8811
8900 8397
13 366
4206 3901
7451 6608
7911 7085
1646 2362
5861 5172
12 457
773 1261
2903 3778
4337 4835
7618 7941
3365 3035
4510 4149
4374 5369
7322 6374
7741 8352
6928 7917
6398 6271
8497 9092
4947 4478
32 113
8455 8150
2056 1621
7060 6959
3630 2866
17 648
8285 8886
4247 4729
86 876
5790 5069
9216 9683
7183 7180
6535 6859
6895 6773
8724 8696
49 663
1506 1346
7956 8064
72 644
9979 9544
7981 8506
4345 5095
5337 5386
1942 2641
2998 2319
845 1304
5339 4939
5383 4850
9816 9908
4793 5265
8240 7636
7575 8115
4949 5174
9783 8792
3891 3516
8824 8073
2741 2327
3295 3604
10036 9854
7263 6425
5947 5781
3713 4143
9064 9886
7881 8539
10381 9849
9905 9006
6484 7053
4967 5541
734 1018
3388 2642
4459 4732
4896 5430
1975 1557
2429 3022
2853 3346
4283 4208
1290 1603
2328 2979
3817 3951
6245 6771
2880 3041
7571 7408
5779 5186
6033 6982
7237 6600
754 1043
9245 9541
2197 1385
6499 5898
3696 2855
2856 2699
8100 8796
1967 1946
5782 5854
2838 3581
2938 2717
9438 9474
4326 5249
5894 5340
2781 2396
8490 8705
4628 4532
6925 6173
8318 8150
6763 7415
8171 8661
7373 6440
6379 6435
5734 6105
1924 2736
79 174
7971 8846
3703 3253
2588 2181
8088 8520
8993 8061
4708 4940
2862 3296
3987 3460
1706 2219
1715 1126
4565 3870
9560 8983
5109 5075
6991 7385
9341 8542
4239 4299
20 239
879 1406
1710 2382
1758 1673
47 956
8888 8639
6100 5906
14 586
8134 7199
4959 4712
7789 7679
5241 6221
2581 1635
9924 9337
5657 5494
3011 3246
8781 8184
5159 5366
8612 7634
5674 4818
5242 5140
7789 7306
7785 7792
5174 5199
34 585
66 691
9024 8269
4198 3352
8088 7915
24 878
5885 6615
23 236
3924 4181
4500 4632
9361 8929
5205 5710
8971 8318
6803 7414
6673 7362
6688 7299
5513 6157
9271 8404
63 462
5852 6511
8598 8149
5462 5559
7478 6482
6791 6958
5725 5681
36 936
4921 5908
3574 4030
9228 9711
7327 7712
10475 9911
3688 3464
10373 9894
9058 8954
5927 6485
3626 4539
3353 3688
3844 2943
2081 2714
6157 5740
4039 4856
3804 2997
2493 2455
100 818
1321 1486
96 761
18 397
81 436
1546 2505
6335 6155
5641 6116
4632 5301
10235 9644
2975 2199
12 674
8649 8115
7583 8086
7726 8285
3652 3102
1852 1691
9607 8961
49 63
1894 1386
3017 2712
4786 5332
5976 6049
8081 8298
5159 4877
7117 7644
7587 7577
8090 7466
6773 6740
8289 8608
2104 2778
1404 2182
2836 2694
8276 7699
4241 3650
8448 7741
9661 9570
3767 3876
7150 7547
3733 4430
51 550
3856 4521
6994 7973
3816 3322
3418 3238
6609 6629
3980 4297
97 612
6992 7583
2615 2230
1511 1968
9404 9808
5528 5685
5907 5706
3808 3372
4353 4624
8266 8020
3678 4304
2353 1372
2720 1910
7892 8773
4849 4012
6187 7038
3167 2543
8896 8060
8530 9520
13 358
9768 8881
10687 9942
8789 9691
4276 4741
6408 6804
4385 4708
5841 5952
3389 3885
3954 3822
8026 8436
3705 2979
4238 5070
5464 6264
37 15
5853 5557
1264 1259
2978 2304
5829 5597
5297 5914
5518 5588
23 980
7714 8309
4125 4653
1826 2546
6899 7046
1151 2004
3148 2666
4202 4824
559 1096
3184 3219
1829 2492
6272 6626
7711 8451
4672 4839
36 587
8827 8069
2444 2047
8684 8472
2109 1449
422 1312
7886 6888
29 325
5200 4251
5736 6424
956 1168
7718 7244
7206 7843
2284 2727
3727 3301
8295 7312
88 324
4026 4241
7634 8510
9492 9975
8357 8275
4867 5212
2643 2936
3356 4334
5726 6106
7589 7450
7881 7641
9008 9741
1585 1330
5688 6328
88 555
3196 3599
7489 8016
10614 9755
5571 5551
87 208
8448 8952
9357 9728
4786 3853
9814 9553
2924 3253
4160 3869
5217 5354
2850 3726
3991 3655
5536 5623
3790 3295
1183 1536
4608 5506
7697 7413
8486 7561
8242 9006
4956 5715
66 637
2741 1884
3566 3253
6715 5850
1630 1951
2177 1257
2191 1784
75 1002
7682 7898
2953 3163
7528 8327
4316 3646
6700 5952
8331 8509
7895 7150
6691 7251
6639 7562
2842 3663
3850 3455
5328 5349
3997 3545
6774 7179
5400 4756
33 115
6241 6333
696 1093
4502 4019
2184 3125
10168 9532
3763 3406
2785 2414
5798 6310
6637 6440
6803 6284
4797 4355
5317 5422
4380 4554
6319 6855
7686 8233
4945 4420
7814 8503
3211 2247
12 152
7740 8243
3048 3307
8345 8309
9184 9832
1005 1640
3813 2980
6558 6014
5153 4510
7693 7135
3903 3845
7250 7418
7324 7183
4931 4510
8012 8054
7685 8105
4664 4319
3490 2783
9631 9847
7199 6917
10630 9929
65 481
8433 9428
6373 6868
4279 3292
8935 9872
49 764
3915 3967
9270 8321
10602 9623
3948 3325
3442 3462
2244 1863
8702 9332
7003 7125
14 97
3123 4068
16 162
35 543
8660 8725
2708 1714
3703 4307
25 853
7279 8011
7431 7376
10269 9698
2208 1948
42 526
9034 9842
1664 1538
1529 2120
1934 2556
4693 4533
6804 7404
5146 5267
6422 6048
73 845
3454 3103
8560 7829
1024 2012
3358 3212
1392 1459
5770 6678
5027 5044
8724 9111
3679 3735
2192 2394
99 639
6576 5856
4686 4344
7130 8013
7321 7267
7008 7219
8804 9130
1320 2320
6278 7266
3793 3416
8234 8811
8384 9220
8309 7680
4616 4160
7023 7125
6973 5980
2042 2703
2503 3324
8998 9061
4071 4796
8957 8813
9427 9783
1547 1647
10286 9819
2220 2493
2304 2339
35 244
9704 8969
2869 2854
6385 6966
4073 4685
64 474
4024 4805
4003 4502
9005 8577
5863 6397
1403 2005
7193 7690
2548 3070
802 1703
9149 9191
60 779
8847 7956
7439 6679
7492 6775
49 372
25 355
4756 4608
9080 9121
1488 1087
3261 2990
1132 1339
1567 2259
8934 8131
10745 9980
6245 6065
255 1249
7544 7211
26 199
5886 5129
8033 7551
7169 6717
24 680
7863 7513
3627 3205
7277 7925
3180 4017
4647 4359
6848 5896
3875 4074
1677 1903
8190 8559
5009 5093
4842 5453
13 545
6449 5624
5329 5779
3278 3530
8851 8568
2888 3029
68 36
6807 5948
8697 8729
4458 5344
7894 7490
2917 2285
8590 8807
3939 4708
6866 6762
7951 8675
7427 7860
392 1149
4095 4062
6623 5696
4259 3565
26 219
7129 8099
906 1558
2630 1896
85 685
1914 1249
3172 4036
7091 6414
4696 4279
2422 2207
2949 2164
607 1083
7883 7405
1881 2214
4283 4497
5678 5279
8019 7583
4361 4087
3971 4516
7526 7757
968 1919
2801 3150
5096 4696
9379 8449
2645 3420
3806 4677
3986 3546
6213 6457
97 985
8952 8295
3071 3285
7263 6528
45 240
8179 8411
5187 5747
8301 8645
10125 9975
8962 9274
8563 8855
4807 4387
17 413
6055 6640
8281 8915
78 620
52 621
3699 3797
8150 7545
1768 2688
3794 2930
8271 8863
8029 8534
5760 6436
2894 2914
3918 3094
5628 6275
8449 8019
1988 1307
2862 3760
5460 6022
2069 1968
5875 5178
5685 6078
2515 2803
2715 3445
7768 6886
3186 3810
4305 5117
6039 6417
6284 5807
2884 2361
4284 3945
76 536
8721 9136
84 755
8364 7762
6847 5971
34 617
3407 2515
6646 7186
6597 6409
6236 6652
9518 9209
58 442
1026 1686
37 660
2100 1136
6563 6003
1324 1427
9146 8732
2233 1751
5653 4706
4225 3322
32 419
7378 6995
39 544
7554 7305
5008 5184
9069 9410
3743 4690
3970 3760
5673 5211
1044 1603
9295 9511
69 478
6528 6510
41 473
1896 1749
5565 5130
2561 1637
7081 7673
8475 8366
6118 5527
1433 2066
3406 3157
7941 8077
7392 6655
8931 9427
8486 8778
1088 1183
1324 1562
7565 7545
7438 7341
4453 5192
5956 5883
1767 1979
9840 9003
9423 9799
9910 9312
93 227
8316 7858
3900 4373
6338 6950
1231 1132
7595 6614
49 980
40 54
2760 2568
1324 1363
8742 8077
6982 6471
7310 8284
7960 7973
8330 8545
4972 5338
6269 5657
8890 8040
4920 4309
2541 1556
8008 8620
4229 3767
2469 2323
57 414
9537 9195
4801 4695
5347 5409
3655 2983
3062 3515
69 531
8216 7493
10595 9851
7697 7139
6423 5747
1300 1113
6611 6636
8860 9625
3850 4768
39 514
3499 4031
8893 8680
2472 2596
5122 4128
4988 5251
4702 5561
3263 3339
3128 2988
8101 8918
4484 4261
9457 8735
9331 8913
8669 8257
6797 7569
2014 1145
10488 9905
7506 7238
10397 9574
1697 1487
4570 5009
9337 8771
8971 8079
5873 6592
5731 6122
2652 1994
9777 9251
2930 3133
7882 8303
5956 6556
1116 1833
3817 3868
33 63
8219 9068
3317 2701
11 351
9720 9152
10275 9837
1344 2178
5967 6259
71 348
8117 8859
9601 9722
39 148
802 1235
3948 4215
6025 6199
1154 1110
6566 6931
99 789
6680 7507
2407 2061
2034 1782
10960 9963
2493 3040
9143 9756
9710 9837
5702 6493
7943 8067
8604 7707
592 1336
1192 1105
3798 3175
3068 2287
2583 2591
79 816
5439 6156
5001 4823
43 96
9281 9637
5185 4704
4089 3630
6109 5661
9973 9464
5367 5817
5002 4157
4168 4627
9093 8555
32 511
1590 2389
5203 4866
4186 3223
1893 1632
8519 8837
6773 6198
2365 2533
7746 7395
524 1215
8491 9391
5624 4977
1429 1586
2958 3358
9709 9599
42 499
1971 1089
9682 9196
80 824
4080 4160
1480 1831
8182 8201
8638 8701
19 70
4413 4496
9886 9285
2866 3286
3691 3001
9292 9521
3996 3064
4503 4610
3969 3795
71 386
8399 8187
8905 8613
7138 7914
11 873
4930 5402
6423 7066
47 1001
3069 2928
9371 9668
3378 3065
4810 4661
74 427
1799 1779
5215 4479
5272 5698
8018 8794
5488 4842
6074 5933
7546 7257
5725 6080
4499 3556
5798 5526
9017 8481
8150 8027
3910 2925
7064 7887
674 1326
4897 4230
410 1218
4545 5526
51 97
9275 8471
937 1789
2062 1334
9467 9492
8263 8423
4860 5759
2970 2718
8614 8259
7063 6072
4803 4964
2408 1542
6473 7362
3191 3478
9352 9695
8863 9451
2344 2239
8177 7370
19 47
6837 6852
3806 3370
4500 4467
26 219
9249 9379
3152 2188
2703 3240
1751 2542
4542 4098
89 984
5326 5456
4556 4618
4676 3979
6127 5623
4539 3914
2548 2542
5467 6312
93 896
1620 1806
9074 8230
3137 3077
7835 8252
43 370
9492 9203
7366 8270
3196 3007
7501 7096
7630 6884
3297 3524
4492 3736
5605 6140
1920 1474
5773 6305
2254 2926
5833 6278
4842 4615
7120 7555
1675 1709
52 944
7185 7069
9623 8904
3532 3607
4546 4277
8641 8219
4635 3676
1030 1393
6752 7736
4836 3929
8645 8494
2274 3232
89 742
7927 7630
3986 3665
7834 7918
1133 1540
2943 3485
61 817
67 543
8431 8701
4339 3928
3845 2929
7764 7840
6665 6906
2764 3156
5142 5717
5948 5262
8934 8885
8719 8302
7530 8094
3076 3553
8990 8878
7235 6286
9197 9939
91 911
9062 9101
2326 2404
9092 9860
3529 2911
9968 9267
8229 9070
7263 8057
8645 9399
2834 3676
10140 9657
98 831
9646 9696
4039 4236
2602 1869
7194 7495
6660 6966
7198 7257
4522 5033
4244 3653
4593 3896
4374 3579
5620 5884
12 170
