4939
100
13854599
43 56 57 46 49 43 58 54 45 49 41 53 56 44 49 46 40 54 53 46 45 42 42 47 45 57 59 40 59 49 44 46 43 47 49 45 42 58 58 40 47 57 59 48 45 41 54 40 46 48 41 60 51 42 58 42 52 43 53 48 58 54 55 48 43 45 51 54 43 44 44 52 49 55 59 51 59 45 59 43 56 50 60 45 47 57 56 59 47 51 55 46 40 47 43 60 52 58 45 40 
-68072 -82221 -83405 -60368 -81420 -57595 -83896 -83906 -67680 -82082 -50112 -80186 -68475 -66397 -69396 -72076 -54279 -82641 -72700 -65635 -67171 -53868 -56203 -61399 -61043 -93089 -84990 -52549 -75976 -70982 -54046 -76398 -64764 -73105 -67734 -72440 -60962 -73572 -86862 -59971 -74209 -86640 -76049 -78749 -57196 -62399 -94533 -59560 -72210 -69578 -74386 -88910 -78662 -60568 -84972 -69605 -72916 -64893 -92887 -67685 -91201 -75371 -74778 -72097 -60846 -69511 -61787 -87011 -68300 -65291 -64742 -78912 -66472 -80619 -91810 -84400 -83073 -67549 -87522 -60445 -81109 -70049 -97853 -60446 -75960 -88262 -86202 -93460 -62686 -83878 -70621 -60060 -61263 -72879 -65662 -84241 -75201 -90354 -72476 -48938 
76356 93523 94351 72216 91247 65607 95443 96416 77223 93995 56215 91261 79767 75426 78323 80019 61668 93826 81770 72635 76239 63076 63204 70507 68559 104061 97685 60568 85514 79678 65459 88211 73718 83112 79324 81423 68085 82079 99146 69463 83986 97758 86200 87538 64340 69203 104871 64005 83529 78793 83118 100746 89261 69239 94895 79112 85191 73867 101043 78168 99988 84800 85828 81040 71007 79183 71582 97712 77537 73843 75612 93499 75562 90399 102672 96269 94340 76136 99953 68238 90229 81257 111885 69547 84484 100031 98369 106047 73882 93916 81717 68469 71883 82018 73554 96562 84941 100953 83368 56528 
3862 3170
1237 1358
2758 1794
8188 8277
9056 9680
3944 4674
26 714
90 319
4039 3953
5119 5746
2041 1114
8717 9678
2817 2828
10558 9958
10092 9961
3089 4059
4023 4708
9922 9745
5893 5334
1663 2324
3290 2541
4830 5198
4070 3629
9885 9030
61 343
37 556
9724 9505
5009 4203
1378 1831
10095 9654
8526 7911
7086 7954
9292 9715
8205 7324
6614 6092
9147 8946
7305 7279
4244 4104
8704 8867
6189 5483
3588 3313
4340 4403
34 992
6670 6034
2532 3366
96 419
20 331
6104 5860
2775 2015
2571 2229
9382 8966
10248 9252
5368 5229
6867 7707
3270 2718
1136 1660
3530 3182
1063 1813
3682 3544
9213 8995
4883 5555
5090 5152
7233 6311
9505 9406
7132 6801
2211 2687
97 746
9508 9147
6465 6639
4534 3960
6045 6562
6575 6055
7649 7510
4068 4634
8669 8807
9630 9649
3655 4302
8635 9158
8664 9590
4319 3734
5582 5390
6776 7561
4437 5024
1366 1280
39 551
6192 5220
1172 1830
5163 4832
1792 1267
6771 7204
6193 6740
8328 9084
99 261
3392 4093
52 376
2685 2194
7799 8235
5123 5158
4286 3562
9174 8637
74 936
10243 9292
5434 6180
1312 1184
79 574
4612 4826
4649 4471
451 1064
3275 3246
9761 9091
13 661
5077 5771
5675 5787
5274 5561
5912 6160
38 287
5409 5169
4230 4003
2550 2613
8008 8506
9701 9209
5884 4931
3893 4658
5718 6581
2742 3012
254 1220
8881 7917
3296 2646
4071 3918
4671 4914
7685 7231
3572 3707
4178 4018
8841 8057
8437 7734
2742 1924
5893 5708
6844 6383
78 186
9298 9137
5577 6479
4017 3075
6080 5532
6938 7628
6254 6704
6861 7344
6345 6170
8427 8752
6675 7310
26 814
6855 7096
2161 2518
6232 5841
4144 3527
2589 3203
3208 2959
9650 9323
52 366
8414 9154
8973 8547
2324 3164
3441 3022
5750 6400
3107 3104
1768 1616
4205 5196
5519 5381
5589 5721
8722 8044
849 1606
81 228
2598 3251
3104 3663
52 879
2586 1991
6928 7073
7669 7805
6721 7295
5415 5776
6383 7197
6015 5460
4701 5313
5571 6409
33 846
6627 6878
5906 5081
58 107
1912 2360
5537 6264
802 1377
35 417
34 971
8840 9505
9046 9829
7854 8168
58 270
8833 8257
5617 5928
59 673
6470 6141
1705 1651
7279 8183
9708 9267
6826 6716
5522 5430
5029 5457
9111 8832
1412 1066
5833 5143
4681 4000
6181 5304
5716 4919
5947 6036
4107 4338
8429 8715
3950 4875
4556 3679
2330 1905
10301 9493
4845 3845
16 674
2032 1416
8078 7454
5565 5995
8331 8290
1615 2575
3358 3704
5547 5828
3320 2704
6496 7322
8117 8007
5768 5671
1391 2319
7171 7891
8919 9075
9281 9277
995 1344
1750 2397
6111 6228
6507 5547
7995 7762
98 719
5614 5090
8208 7792
8628 7701
3193 3929
8819 9799
8251 9053
6852 7572
5980 6467
5157 4161
9529 8660
4469 4064
6756 7106
39 57
5093 5525
2978 3626
3947 4438
1393 1241
4317 4209
2319 1432
1412 1923
6412 5855
6329 7110
1323 1797
6831 6413
8051 8426
5597 5777
6240 7206
657 1125
65 309
9780 8806
10552 9697
29 168
8617 7934
6647 6342
80 74
27 927
1377 1457
5860 5667
3322 3972
8543 8982
1348 1636
10385 9608
4580 4726
6052 5794
81 602
6725 7033
1498 1169
5204 5532
3800 3539
3847 4678
5910 5519
5554 5972
7936 8549
7446 8313
3633 3137
1300 2167
2328 2782
6835 6381
8758 9464
6495 6381
9247 8689
6109 5522
4899 5898
7444 7266
4919 4408
4542 4983
3488 2935
2347 2086
53 215
5364 5383
4056 4986
8419 7685
5454 5454
9516 9281
4993 5942
7299 7191
2124 1658
6799 6086
5787 5965
8354 8587
8355 8349
6099 5638
5725 6297
3619 2743
1719 2169
8833 9387
88 759
2000 1367
5103 4901
2579 3085
76 861
3001 3019
6671 7474
5993 6818
22 680
6331 6078
9401 8958
3647 3204
5995 6518
2432 2111
5222 4283
7469 7117
7910 7450
924 1459
3235 2895
3332 2677
83 224
6093 5799
3990 4944
79 670
8136 7983
9479 9117
7731 8007
4729 5682
3094 2460
2392 2845
8216 8740
2473 2678
1839 1179
9263 9008
2050 2641
2931 2016
2604 1785
4173 4070
5650 6119
10323 9494
5796 6556
56 519
9410 9989
5880 5482
4821 5568
5120 5742
6289 6505
2753 3375
7595 8206
9294 9661
54 538
1830 2755
6725 5906
6657 7082
2662 2439
7814 7967
1572 1085
9387 9144
2091 1155
6733 6039
3237 2497
6961 7358
3377 3821
4748 5196
7242 7618
9297 9613
6781 7568
2211 2073
2566 3445
3391 4328
5396 5996
8995 8252
1424 1196
9717 9714
8751 8939
8245 9038
982 1034
1060 1013
34 933
6162 6421
8701 9245
5504 5883
8645 8149
5776 5911
3678 4502
8700 8921
472 1385
9632 9378
3727 4359
5230 4250
8956 8041
1328 2245
2192 1323
53 81
56 123
8287 8407
4110 4751
8116 8420
3683 3721
4412 3512
3814 3644
7039 7743
9642 8920
94 247
4908 4447
9001 8008
8276 9019
7821 7131
1482 2290
31 136
12 794
8908 8375
3027 2205
6170 7121
9681 9403
9834 9846
3432 4426
25 562
9690 9554
1981 2140
2680 2299
5110 5682
7356 6905
4391 5244
4044 4469
7198 8009
4996 5299
4952 4356
6154 6493
641 1048
9917 9243
8796 9345
37 199
9763 9353
6333 7024
8230 9029
3061 3761
9494 9644
3452 4053
3240 2815
8387 7908
5237 6198
3600 4461
7743 7276
3095 2136
56 101
6622 6084
8511 7712
7212 7885
4353 4670
4619 4549
5091 4971
7271 8067
7931 8863
7026 6566
62 360
7190 8186
6083 6589
4832 4402
8803 8493
1480 2184
7860 7971
6327 5711
10424 9568
6521 5742
6742 6322
76 554
7133 6209
10161 9203
5663 6621
58 111
5004 5940
958 1101
1925 2085
15 699
6507 6204
5442 5063
1972 2354
5450 5141
4061 4472
1178 1725
18 296
5690 5278
5743 6070
2557 1976
2979 2842
6363 6104
1896 1026
5698 4870
8355 7912
1660 2416
5383 5794
2917 2395
3367 4003
8739 7971
1535 1615
4602 5072
8402 7546
7967 8940
93 386
4138 4176
10604 9929
8122 7711
1978 2329
2148 1328
3488 2540
23 831
84 922
10109 9333
98 901
3146 2744
6585 7438
6430 6518
63 721
6880 6558
6474 6675
928 1869
5602 6200
83 768
7965 7655
8494 8729
5930 5748
4138 3733
9245 9804
3821 4142
8706 8609
8700 9187
6020 6641
5237 4418
1471 2011
72 238
10796 9938
93 762
7903 8480
7209 7253
3194 2249
1245 1621
4641 4907
2024 1589
10685 9931
8929 8734
6006 6959
10132 9174
45 754
3279 3198
3631 4599
9880 9460
17 302
7077 6243
4981 5800
5977 6093
6985 6950
9277 9099
9951 8995
3808 4349
6117 6887
4735 4573
93 163
2372 3145
2830 2032
4342 3565
3879 4837
1651 1427
2220 1596
3874 4423
9795 9033
921 1251
5083 5489
5606 6224
9549 9359
9086 9372
8237 7778
6292 6593
3236 2376
2477 2903
570 1258
4808 4920
5994 5083
6262 5684
3643 2695
2297 2899
6837 7023
9186 9021
495 1314
1722 2173
6724 6035
3182 2570
1654 1326
6998 7456
3384 3711
5150 5421
2456 2721
77 421
16 443
1153 1849
6441 6354
4710 5123
5310 5272
7555 8443
995 1588
2951 3136
57 150
78 970
6145 6382
1372 1561
6204 6003
9358 9627
4190 4953
1663 2240
8050 8271
2483 2251
5286 6273
1165 1969
4726 4300
6452 7330
2411 1706
2051 1122
2068 2992
2387 1497
64 959
10058 9603
2816 3022
5216 5669
3870 3818
5169 4765
1418 1330
3465 3413
6923 6917
1754 2526
8282 7569
8016 8878
2699 1880
7852 7240
1123 1688
9710 9605
8547 7615
8117 7152
4005 3820
1770 2631
2610 2062
6027 6296
456 1455
5508 4737
96 811
3179 2888
8755 9694
5441 5317
2759 3386
7512 8264
2006 1248
18 631
3987 4859
5756 5682
8193 7858
6705 7538
5003 5146
9017 8210
4590 5384
4382 3827
5067 4412
2986 2997
4759 5336
4476 5143
9592 9584
9325 9110
7015 7094
10341 9717
4126 3800
7756 8724
8351 8893
2799 3060
4008 4590
1592 1352
6958 7717
3668 3564
6884 6129
71 553
87 873
3593 3905
67 292
7601 8524
9087 9592
6353 5775
8328 7478
6203 6214
7635 6678
9465 9344
2867 3784
7992 7496
7031 6309
9418 9027
3023 3273
4076 3115
4150 4117
6537 6538
3060 2631
92 42
5344 6225
3099 3983
17 48
5732 5309
68 225
2608 2987
8781 8933
5688 5536
7341 7745
1559 1423
1394 2155
1401 1091
6519 6344
5816 5308
7761 7211
1958 2154
4896 4018
36 346
10626 9652
5480 5294
6140 6209
1903 2505
3764 3503
4215 4559
2045 1895
9557 9430
9910 9682
5694 6365
2750 2939
42 325
82 207
6582 6319
4051 4448
1954 2176
7377 7311
5889 5526
5540 5533
6684 6302
9118 8292
6090 5111
2039 1161
8687 8238
8119 8991
8436 8888
5246 5961
8283 7782
7534 7554
5869 5429
7979 7174
3988 4870
52 267
5567 6050
3767 3396
5362 6098
4770 4475
3389 3709
7675 7416
4140 3309
4624 4539
7049 6209
7626 7755
2136 1720
4371 3748
41 895
7883 6896
1746 2454
8015 7068
92 829
6901 6209
1559 1989
2178 2972
4985 4835
46 307
4831 3994
6921 6826
7296 7483
10312 9715
7911 7628
49 709
4225 4907
19 123
3470 2766
4303 3366
6203 5500
5706 6208
6311 6569
4614 5489
5009 5525
4193 4178
1962 1374
7161 7980
6060 7037
4153 3701
5416 5560
1747 1491
3808 3701
4273 5038
5488 6166
8506 8602
3084 2882
3031 2703
43 576
7150 7149
5768 5851
9226 8987
3623 3206
2657 2262
7619 7562
8427 9244
4429 4811
1869 1146
1231 1845
9336 9581
2080 1571
55 373
60 281
52 463
3661 3483
4919 4240
8823 9324
9698 8921
84 522
6165 6974
5121 4895
6538 6846
7136 7505
3720 2777
1602 2523
2662 1946
6296 6035
60 85
9312 8607
5420 6215
2328 2346
9116 9665
4557 4298
1154 1496
3289 4122
7518 7352
9174 8267
5078 4921
6841 7572
10714 9846
7225 7987
4323 3982
4884 5430
1553 1994
5910 6622
4842 4104
8077 7757
8947 8499
5653 5406
4894 5312
8833 8508
1924 1211
5036 6036
6325 7127
7674 8404
6132 6801
2299 2410
5522 5683
2193 2008
8727 8864
2401 2464
61 339
1426 1061
13 300
6478 5637
52 498
4490 5461
3256 3918
5645 4696
5096 5187
5595 4966
6157 6101
7579 6689
9533 9583
4839 4313
10685 9896
6735 7514
2881 1929
6805 7143
5457 4623
4418 4608
6454 6850
1974 1177
8561 8204
3700 3896
8245 7445
958 1735
1615 1582
1432 1069
1821 1173
5843 5615
502 1016
4956 5885
5143 4662
4594 5418
7057 7008
2032 2857
9722 8821
6263 6182
3478 3140
1756 1098
2318 2681
40 793
6400 7017
9389 9590
1213 1820
7898 8487
6500 6539
4192 3351
1945 2918
4312 4390
9516 8689
8805 8488
7347 7941
69 442
29 188
2356 2169
650 1148
9921 9233
4212 3602
3787 3588
14 783
9205 9803
4661 5053
3125 3449
9692 9628
9852 9057
8316 8633
4191 3207
6682 6729
4556 4659
1698 2011
3408 2614
4507 3560
7350 7557
3078 2650
5864 5543
17 149
9573 9987
1370 1723
42 633
7044 6700
7785 8678
3809 3260
1677 2055
4136 3696
7764 7377
6431 5441
2571 2261
4558 4933
1975 1631
6855 6385
4566 3994
7084 7156
1231 1866
5118 4523
8544 8082
4877 4732
5536 5159
5008 5665
4055 4104
7385 8294
1875 1232
9341 8730
9344 8395
4474 3709
6712 7262
9117 8334
9928 9827
3478 3600
4455 4857
4541 5340
19 336
6628 5806
2561 2658
5265 5100
4499 3810
5726 5635
8401 7677
3669 4425
9288 9913
1898 1346
598 1595
5050 5643
3365 2862
7529 8078
9075 9848
3057 3448
4178 4646
90 585
69 704
578 1118
8940 9295
3862 2952
7215 7278
87 476
8521 8458
8301 8141
2270 2374
9084 9486
5244 5983
1121 1877
1089 1948
10370 9539
4915 4685
3966 4487
3525 2605
6519 6833
46 611
8578 9416
3670 3432
2784 3767
5512 5207
6403 6998
7313 7162
2167 2443
8734 9490
5458 5171
5140 5213
3953 4397
2588 2763
4975 5541
81 84
6420 5572
3194 3430
3092 2708
3243 2595
67 130
77 811
3571 4323
7652 8177
1004 1452
7903 8619
5636 5545
4606 5116
9283 9393
17 89
4481 4583
1143 1919
2912 2042
3511 2923
10731 9926
2998 2400
8955 8581
67 793
16 109
7181 6829
9244 9456
9482 9585
5640 4781
2962 3246
2454 2912
98 292
8275 8184
3687 2786
96 994
10513 9631
6970 6491
5358 5316
10381 9907
63 16
8435 8864
85 362
3754 3782
2551 2898
3108 3179
3666 2953
21 218
8613 7760
3715 4522
65 696
7623 8623
10234 9749
83 739
38 736
1287 1776
7845 8071
5091 4899
3549 3792
2139 3113
2053 1435
2530 1844
7240 6703
4932 4093
8027 7680
4690 5605
8174 8464
3222 2324
7567 7149
99 328
4022 3085
2097 2937
8105 8526
81 265
6496 5704
3515 3407
2139 2673
2134 1915
2202 2010
7637 6663
94 570
4398 5285
7167 7293
1187 2135
711 1128
1952 2609
52 568
54 328
5308 6298
11 303
8873 9556
4674 5266
7830 8475
817 1375
9766 9395
3719 3729
8215 8699
7202 6845
4696 3965
4168 3405
10386 9696
5142 5058
2207 2461
3898 4389
4091 3207
6727 6357
1128 1257
8191 8876
32 413
8524 9012
590 1458
64 67
8576 8625
61 347
64 105
6842 6076
4415 4706
8613 9255
6213 7016
6079 5566
1886 1019
5947 5126
7799 7061
2887 2461
28 253
81 936
3218 3747
9595 9224
6467 6729
10663 9955
9845 9176
2668 2004
4708 4333
24 158
4513 3696
7957 7994
3390 2858
5200 4495
5223 4766
7257 7721
2932 2374
1878 2710
6305 5892
5964 5426
60 687
7403 7392
27 744
1331 1599
4757 5380
6457 5801
6947 7854
3426 4344
8961 9013
2467 2907
5374 5902
3109 3627
2924 2410
8020 7405
9480 9740
1801 1447
8633 8743
9164 8188
2645 1834
4433 4420
3107 2823
9144 9580
10200 9925
1402 1720
3115 2383
2713 2755
7198 6755
4351 3463
6371 6953
5358 4674
6793 6479
8934 8111
6257 5882
1745 2668
2798 3767
7913 8531
9712 9781
4226 4122
4303 5125
6995 6580
9317 8705
2462 2131
7214 7799
8500 8257
2657 2018
7836 8474
9367 9642
3014 2928
9048 8823
56 462
6248 6909
4660 5000
9315 8940
4294 4152
7290 6914
3786 3518
2573 2763
2878 3247
1822 2476
4851 3938
8037 8804
9808 9620
1660 2212
47 373
10153 9314
4638 4732
79 162
8412 8887
2126 2634
79 85
4114 3622
5415 4967
10303 9559
6602 5883
8978 9509
22 593
9395 8504
6617 6781
3108 2499
5515 6324
180 1153
9742 9141
9140 9206
6677 6971
5032 5958
5202 5498
7470 7943
36 1005
33 23
21 65
4935 4703
9144 8190
7537 8001
6806 6461
76 117
9085 9313
52 906
8597 8506
7453 8050
18 889
6323 5701
3052 2827
7625 7984
2068 1993
4419 3872
2791 2562
7782 8465
3508 3547
7699 6961
6170 6575
2032 2493
3023 2688
1388 1279
4009 4981
5708 6131
33 397
9726 9632
6327 6758
26 270
2120 1879
5924 6832
7807 8224
7556 7567
6393 7311
9764 8914
66 991
2797 2135
8823 8818
4598 3679
1592 2166
8275 7763
71 155
3173 2316
1652 1441
6750 7385
3523 3064
5892 6843
2128 3048
3321 3553
8369 8726
5102 4725
27 767
2725 2906
2689 2123
5987 5492
3766 4670
47 853
10 182
17 971
2168 2519
8964 9910
1326 1945
6580 6239
8892 9352
7925 7300
9363 9842
9758 9236
3903 4700
3768 4292
5034 4846
2433 2873
2931 2118
18 648
2052 1659
9371 8398
4910 4026
8681 9519
536 1216
7854 7105
2650 2436
1275 1890
6871 7556
1553 1210
85 528
6236 6676
3204 3232
2040 2323
5539 6260
1973 2498
6476 6135
67 290
7005 7382
21 592
4653 4066
1028 1900
9211 8766
3094 3388
4486 3661
9251 8360
9130 9549
2022 1855
8615 9475
4471 4361
1076 1364
64 360
7157 6656
6700 6508
7250 7720
795 1706
3457 3849
4953 5677
4562 3979
2085 2825
3376 3973
8652 7769
9647 9851
8339 8099
4208 3571
3094 2939
1947 2062
4804 4648
5379 5773
4186 3914
3151 2245
2498 2403
2675 1822
1338 1164
1597 1643
4402 3838
4737 5164
6162 6086
6015 5744
4059 3331
10423 9657
7135 6427
81 166
42 297
24 538
8674 8608
6630 5880
1809 1958
8815 9252
8252 8570
5528 6026
8706 8000
1736 2005
4844 5113
2046 1854
6617 7262
2716 3464
7542 6983
9195 8491
14 166
7998 7626
8762 8114
3801 3230
7140 6720
8604 8220
6687 6025
1004 1014
77 876
9954 9706
6049 5579
10 271
3780 3618
5167 5097
43 876
4528 3534
4877 4797
3849 4006
1214 1969
2687 1956
13 389
1863 1412
6082 6241
4168 4897
9628 9513
5750 5184
6935 5973
7635 8325
7296 7590
2307 3304
4173 4862
7509 6701
5786 6106
7235 7866
5424 6258
6993 7497
10223 9571
5899 6714
61 467
1454 2082
4185 3887
1055 2006
8435 8836
505 1199
1917 1664
5388 6139
3655 3084
5395 5475
2989 3561
3088 3150
9056 9701
1707 1313
1015 1813
52 509
2211 2969
56 822
5778 5746
3328 3900
96 895
3146 3542
8071 7600
52 223
5952 6110
8134 8712
7205 7949
1789 1041
7273 8208
6840 7017
88 768
29 577
5365 5215
8847 8288
13 24
8619 9565
3284 3665
3671 3584
6067 6478
6594 6194
5897 5971
9082 9362
6387 7159
6558 7332
61 749
6927 6970
7497 8110
7506 8152
8152 7361
7682 7297
15 62
9025 9199
6135 5692
4158 4910
8801 9489
8836 9125
3596 4389
2060 1601
3997 4505
5508 4831
3634 3702
2756 3456
4186 4117
6934 7165
10336 9754
9051 8700
2136 2297
7243 7559
6711 5872
4161 4892
7944 8378
2415 1966
4538 5324
7014 6573
9586 9597
81 815
3812 3393
3804 3398
5598 5931
1523 2267
7895 8647
9871 9542
6183 6306
37 210
4846 5386
8589 7676
3571 3969
7721 7314
2003 1622
4816 4759
8704 7892
1941 1610
2179 2486
1448 2362
9702 9180
8771 9086
1399 1231
98 607
35 922
6303 7269
7592 8077
85 974
8326 9132
9430 9217
15 595
5396 4893
4911 4207
4949 4914
2049 2869
9547 8761
7924 7737
5425 5899
6473 7155
7920 8132
8370 8251
1666 1052
7794 8164
2926 2103
9754 9059
10243 9880
37 32
8207 7579
39 814
2555 2869
5315 4834
8592 9275
98 663
4751 5259
3689 4556
7373 7586
1907 2687
2244 1437
2679 3005
8731 8803
3206 3220
8959 9658
7348 6574
757 1620
8927 8781
9108 8877
4895 4613
5704 5341
5319 5703
3161 2817
3962 3101
9105 8137
5994 5488
8673 9443
47 468
10683 9858
9331 9101
3022 3225
9125 9314
717 1468
3898 4128
925 1269
10682 9902
11 603
15 430
4364 5195
6309 6067
20 121
8844 8667
8256 8320
8794 8218
4769 5674
4987 5839
8763 8873
3786 3517
86 487
1831 2756
9014 8971
17 42
6808 6364
8856 8140
54 766
6946 6745
6471 6496
6785 7510
6741 7200
9105 8662
5220 4921
3940 4522
1350 1744
3485 4235
8873 9511
2570 3076
1743 1699
6832 6040
63 919
7941 7936
5763 6489
6608 7363
3337 3026
95 307
6778 6742
5509 6085
6607 5734
8789 8838
308 1255
2589 2152
6421 7283
4600 5012
5348 6184
2112 2328
6159 5835
34 497
4171 3990
4306 3752
1886 2289
5040 4183
3358 3611
8361 8335
781 1373
5929 6589
9179 8339
4241 3898
1478 2075
3471 4015
4903 5088
2084 2174
5249 5826
7400 7487
6638 7003
6386 5771
8652 9171
4323 3448
5633 5897
10197 9986
5756 5569
8338 7938
1950 1075
20 170
9479 9792
3052 2130
2219 2341
4430 4795
2608 3245
7313 6638
2517 2374
47 18
5586 5626
4232 5144
2196 2848
8199 8799
9068 9108
7903 8089
9960 9720
7646 6894
4905 5265
5486 5002
9206 8731
4025 3720
7035 7382
4116 3568
73 919
8948 8013
2952 2828
8557 8877
6210 5665
3154 3467
5339 6321
2165 2703
1941 2791
6553 7388
9935 9059
9713 8906
4402 5053
1043 1169
6569 7339
5760 5266
8426 8190
8690 8544
1479 1439
2863 2883
7845 7517
1136 1881
2705 1980
2875 3291
2327 2775
97 647
4553 5517
5871 5113
3905 3710
3214 3100
9217 9922
2907 2048
2694 2435
6599 6194
2468 1800
7432 6497
1391 1612
9466 9399
8034 7643
2558 2435
9142 9268
24 954
6110 5296
1172 1183
3068 3404
7891 7438
9634 9880
913 1528
66 144
7528 6663
7501 7847
3785 3305
10158 9309
8303 9155
4904 5774
3611 3217
843 1836
2604 1786
7662 8365
3947 3567
32 898
2549 2749
7080 7417
4169 3998
8548 8663
18 48
4438 3493
8548 8547
6874 6441
4930 4752
1085 1170
2186 2546
1890 2434
3511 3978
48 243
4531 4200
2254 2294
5874 5665
1044 1193
4011 3685
10553 9838
84 50
3881 4339
7602 7214
8160 8888
4278 3573
1365 1405
5429 4749
3586 3570
6233 6446
10132 9175
6172 7003
5914 4951
2576 1920
9149 8420
3540 3944
6142 5187
49 620
4386 5213
6770 7075
5595 5453
10582 9608
3371 2868
3225 3309
1304 1039
50 27
1129 1020
5558 6419
3643 3862
1444 1265
38 72
9134 9732
1542 1251
5978 5904
2875 2836
3362 2739
9069 9515
5804 6554
5326 4873
4706 4263
9897 9684
1975 1776
5865 5344
2406 3088
7110 7895
9373 8749
30 436
3923 4451
5967 6514
5335 4978
2048 2107
6875 6473
2438 3359
23 163
4281 4465
10112 9925
8509 9378
3314 3364
5398 6360
83 802
8885 8275
2269 1944
7014 7311
4305 3963
1218 1077
3577 3636
9297 9736
3411 2768
3208 3401
7322 8063
10176 9815
8901 9418
9588 9443
5124 4555
9815 8941
8000 7193
6858 6956
3200 3060
10 427
6392 7153
61 763
1869 1689
4937 4544
5203 5725
58 452
52 758
7947 7711
3560 4529
8806 8628
3972 4393
7774 7386
3025 2593
6527 6919
6402 6150
2235 2689
6215 6699
6267 5936
7617 8604
6733 7008
2617 3608
4388 4938
2712 2454
5904 4962
1931 1967
8307 7455
4080 4504
4315 4568
6940 6009
2782 3383
4794 5737
3919 3913
6150 7002
39 692
1717 1416
2183 1636
6052 7019
4344 4989
7277 7071
6097 5157
5661 6125
8753 9738
6194 5692
3905 4282
7222 6584
9645 8717
1800 1727
5941 6598
2402 3021
4920 5760
8821 8911
2722 2757
5030 5262
8930 8951
3056 3339
8795 9305
7385 8203
5416 4500
8878 8734
1558 1648
95 476
4063 3950
449 1017
61 56
1955 2268
8692 8309
8182 7649
9783 9729
4832 5277
5634 5391
4000 3991
1854 2167
5549 5232
5784 6311
3415 3132
8050 8987
3547 2828
6359 6178
5157 4690
6430 7223
7114 7927
9453 9332
8340 9306
4615 5458
5407 5503
6332 6970
7703 7046
8722 7786
5802 5050
5799 5959
94 252
3464 3174
7196 7566
867 1293
9184 8229
8403 8023
5771 5190
1360 2011
85 467
5792 4994
7986 7058
9048 8172
4258 4075
3558 4547
7487 6803
9301 9094
4170 3268
8502 9085
965 1158
7100 7918
1924 1851
49 488
61 545
4406 3446
5960 5340
1595 1179
1998 1503
3722 2936
1476 1135
9378 9812
7998 8284
10 421
7082 7660
7370 8260
2505 1935
4198 3988
2209 1322
7671 6759
10251 9589
9507 9839
6304 6505
1707 2298
2633 3386
7509 7621
6774 6100
2967 2006
7565 8119
52 552
2659 2998
80 224
3024 3407
5356 5586
8150 9076
4745 4721
3608 4534
5494 6233
4840 5440
8782 9059
9236 9120
7846 8647
2080 1540
36 527
8559 7609
7264 7595
8783 8738
8381 8973
5013 4164
8205 8831
5886 6348
5292 5683
4462 3681
5034 4897
8229 8100
65 935
4627 4967
7078 6636
24 32
5255 4544
4366 3537
5042 4631
5398 4646
2605 2390
57 112
9227 8386
6552 6187
43 17
2882 3556
7270 6272
2354 2923
1870 1651
3630 3268
3004 2729
4439 3550
6649 7393
1236 2049
9809 9226
3905 4450
7419 8368
5416 5972
33 115
6086 5220
6442 7018
33 464
3015 3746
2548 2035
36 580
4423 5238
5344 4895
7482 7757
6692 6921
3178 3029
28 1010
5143 6042
2490 1604
17 211
971 1084
9953 9630
2478 2300
6740 6636
4642 5203
4216 3570
2490 2170
7585 7161
5949 6837
6644 6773
3607 4479
3179 2239
2401 1540
3035 2241
5078 5286
6094 6364
6627 7169
9677 8897
2109 2333
4607 3901
7100 7931
6842 5989
8908 9844
5904 5519
3228 2613
8393 9262
5245 4409
8321 8201
10528 9804
4418 4226
7925 7696
92 833
2586 2330
3115 3340
896 1530
53 423
2632 3149
8050 8458
6749 5997
8842 9041
9382 9234
1176 1239
5355 5432
4398 4532
4396 4894
1653 2274
10444 9880
90 601
9225 8595
9005 9665
8653 9079
8218 7485
1656 1488
6989 6565
4383 3470
7129 7718
5305 5002
10170 9333
4409 4644
7292 6355
1781 1865
8091 7745
4310 4307
4203 4743
5230 5101
61 499
6761 5800
9259 8363
1470 1303
2940 2927
3979 4268
4247 3448
9150 9495
260 1145
1212 1862
9229 9855
6439 5700
524 1250
3339 4322
5678 6607
2369 2951
4594 4129
4140 3996
40 60
6395 5669
3646 4069
44 691
2049 1458
2129 2088
6928 5930
6269 7078
5382 5163
11 752
3231 3049
3688 4316
2774 2532
3666 3083
2512 1514
6524 6947
7779 6933
1433 2297
8718 8618
5497 5257
6961 6804
45 242
8724 8049
3095 3205
8093 9029
1945 1689
6970 7272
9218 9098
6790 6255
2196 1600
10250 9431
4991 4739
4061 3680
7719 8110
4501 3938
4245 3746
5426 4427
3392 4001
6484 5786
3417 2597
7412 6909
5531 6059
7060 6793
4488 4412
1759 1228
1162 1447
8736 8373
26 289
9538 9062
8169 8457
1251 1551
6142 5666
1827 1108
57 191
8123 7667
4890 4635
7272 7786
6409 7274
11 620
2839 3523
7137 7943
8318 8995
1381 2170
9343 8448
6567 5607
7941 8144
3008 2881
8626 7699
7687 7753
4679 4222
13 797
7725 6895
6409 5512
3862 4809
2815 3429
5382 4837
1317 1052
1428 1439
9211 9639
1392 1202
4585 4028
10150 9844
3155 2599
5206 5829
6775 5955
6992 7763
7228 6839
6434 6484
8829 8305
9945 9107
9380 8487
36 657
6565 6862
1921 2444
8302 8514
10725 9935
9782 9602
4374 4751
2990 3875
8549 8684
2440 2254
8781 9498
9668 9751
55 346
8049 7482
1771 2422
10388 9427
4186 4777
2919 2792
4528 4228
6626 7365
3420 3982
7992 7698
8860 7901
7889 7473
9438 9017
973 1405
2721 2836
8024 7030
9191 8906
72 211
4678 4957
1882 1440
3284 3302
6663 5883
5751 4812
17 491
5391 4445
9915 9503
3310 3257
7890 7379
2115 2213
7531 7455
2256 2185
7402 7394
5506 5009
4263 3506
2536 2244
2226 2920
5852 6042
6639 6630
91 239
7832 7209
9208 8383
3063 2250
10256 9713
3533 3285
10605 9633
5180 6158
8729 8325
7029 6279
4384 3957
6459 5958
35 688
1345 1361
6342 6451
6364 6341
62 114
2726 3557
8780 9397
65 140
8191 8496
8926 9801
10002 9166
6421 6671
6448 7252
5412 5762
4658 4815
1338 1560
10388 9852
674 1399
10095 9645
3441 3109
1386 1949
5856 5176
5016 4695
6973 6060
65 471
3264 3018
9851 9242
58 106
6902 6617
4119 4951
4468 3726
6737 7046
6793 7388
4337 4370
1419 2157
1176 1764
6302 6516
2233 2862
67 812
6056 6081
7377 7892
9308 9833
3582 3018
9200 8521
7603 7043
7118 7943
8941 9922
5492 6295
7003 7160
7150 6696
9327 9221
9503 9573
8676 8112
3058 2172
9093 9390
4510 3762
4540 3933
25 997
18 172
9851 9072
881 1545
6285 5680
1634 2202
6687 7058
8648 7780
90 186
6948 6984
2054 2983
3014 3845
89 612
7391 7907
5698 4937
4804 5795
1797 1553
1621 1304
10302 9775
2055 1627
8321 8284
6467 6800
7006 7514
3996 3669
24 571
4192 4971
2720 3611
100 935
66 508
6315 5673
5000 4369
106 1095
8873 8410
8933 8245
8923 8938
8577 8639
3152 3797
10116 9527
2523 1698
2689 3424
6962 7370
2627 2100
4242 3326
8503 7567
8144 8256
8476 8638
7857 7861
4854 4813
4093 4469
3619 4102
5944 6229
9345 9441
2053 2206
9454 9297
4573 3885
6969 7840
6064 6468
7748 8466
94 580
9625 9007
9453 9535
9357 8435
455 1257
1407 1836
3059 2320
7113 6429
7663 6938
9652 8908
7020 6769
7903 6913
6397 6589
3168 4056
3083 3185
7425 7914
4458 4460
5896 5925
7307 7005
3868 4684
5658 5947
8745 8741
9675 8716
2279 2657
8837 8840
8178 8232
5772 6368
802 1750
9466 9696
2014 1732
5986 5194
6899 7177
43 187
1392 1734
7661 7383
7429 7519
9745 9606
2096 1197
5532 4916
5248 5249
4860 5678
6603 6275
2363 2113
1485 2021
3774 3869
7253 8249
75 522
5708 4836
7969 7262
3956 4504
2654 2477
7261 8194
62 906
1606 2591
10291 9623
9294 9003
8687 8026
4808 5014
3022 3922
75 388
8853 8666
4474 4369
3986 3910
4696 3776
5098 5242
8627 8846
8817 9231
48 347
5049 5780
6420 7125
5514 5233
8075 7118
4563 4068
1839 2110
2118 1189
9414 8672
3301 3995
3328 3409
5002 5089
9694 9215
3368 3559
2692 3611
2659 1710
3711 3689
37 156
3913 4800
8478 8266
4039 4376
4268 3879
1915 1072
2879 3620
6403 6610
5976 6828
5393 5569
20 666
3131 2188
3637 4188
22 667
4955 4456
6492 5724
8227 8418
1757 1730
3022 2448
4736 5626
7733 7851
4301 4537
13 623
4197 3281
5910 5956
8511 8421
8187 7634
4478 4640
8236 9101
8964 9669
10161 9631
2064 2617
2760 3486
5061 5281
7158 6911
8882 9374
6830 6523
4283 3306
3706 4563
7070 6379
4682 4087
4701 4236
9906 9241
3604 2928
8818 9167
2737 2617
9234 9320
1822 2090
9283 9519
8074 8882
6231 5784
2983 2738
2823 3691
5541 5268
7015 6219
91 507
1909 1390
2389 1720
3334 2655
3814 4277
6929 7240
5608 6469
4944 4417
6654 6731
3921 4466
3790 3806
8327 8271
5445 5200
5832 6545
9035 9078
5136 5762
4755 5577
1787 2038
8579 9509
5651 5836
2754 1981
3446 2521
9101 9965
1158 1224
7022 7196
9937 9051
7694 7633
2029 2287
3097 2898
3103 3956
3121 3419
6560 7269
5620 6072
97 218
9297 8412
85 44
6921 7651
6806 6460
7747 7905
8211 7516
2012 1826
5515 5303
7036 6532
10236 9285
56 478
8576 8785
48 546
6006 6341
53 945
559 1096
7237 7869
2416 1671
63 630
4153 3811
2502 1633
9602 9579
70 592
77 561
7471 7656
8751 7937
6241 6285
3727 3841
9024 9029
7780 8407
6939 6150
8899 7907
8680 9432
2959 2736
5622 6027
53 148
4924 5040
6462 6446
4176 3677
3498 3782
6262 5290
73 911
4766 4685
3259 3565
4402 3402
6060 6902
7599 8161
55 110
8127 7209
7779 7840
2376 2088
2140 1155
5286 4852
2666 3627
1664 1376
9320 9713
3673 3679
7009 6010
7626 7509
5895 5933
5363 5808
1945 1415
4548 4032
5018 5467
6570 7423
2572 2584
8881 8497
4125 4183
34 74
7851 7864
10594 9704
8726 8915
9429 8644
9150 9183
8413 9345
2206 2879
42 260
4181 4782
3931 3605
1050 1155
5105 4292
7842 7108
63 873
4766 4724
7791 8297
8407 9249
8935 9816
2571 2516
4960 5696
5908 6041
4605 4839
2397 3385
7233 7049
7041 6257
7950 8928
9179 8443
6716 5763
7473 6852
7195 7277
4049 3243
9371 9987
2366 2509
2750 3350
5566 5090
5870 6091
8762 9667
2373 2785
2145 2974
6400 5845
2319 2245
77 636
2320 1562
8494 8622
5493 5373
2595 2038
2654 2888
5330 5173
7013 7293
550 1175
4681 4435
940 1620
1712 2442
4467 4997
9380 9989
7535 8059
2845 2820
3016 2881
8214 9194
1847 1652
65 902
4472 4324
3895 3957
2953 2876
6670 7651
8477 7776
8687 7994
9003 8458
1475 1766
39 992
2996 3019
7914 8103
9177 9705
6348 7276
5273 5821
4957 5572
8835 8895
48 393
9194 8590
4760 5545
5799 5168
4679 4846
8228 7383
15 958
6261 6464
2247 2698
7325 7330
7798 7226
9716 8874
343 1150
4509 5187
3244 2965
6193 5373
7212 7049
6267 7166
7230 7002
2865 3854
1634 2504
2089 2654
8942 9179
39 246
9204 9583
4188 3760
24 14
6655 6133
6950 6100
8728 8818
3867 3488
1080 1410
8335 9243
4149 4292
10189 9579
4489 5317
2171 2220
6437 6104
7232 7152
4791 5133
3215 3164
8279 8710
7058 7170
4905 5676
2075 1471
7309 7049
3602 3675
1313 1201
70 340
6823 5996
1693 1530
7864 8739
6070 6643
8176 8486
3178 2508
30 300
8298 7577
2377 1838
5675 4724
5957 6850
7431 7910
8030 7305
9504 9142
4176 3296
8078 7390
57 324
2639 2202
17 708
9547 8803
2460 2308
7852 7455
71 152
8292 8103
4960 4665
1270 1882
7664 7789
10372 9599
7231 7526
1566 1295
3020 2828
9174 8349
9894 9938
9170 8449
8780 7942
10266 9709
7528 6690
89 449
3640 3632
4128 4080
3288 2784
6646 6093
8894 8330
5555 5080
8224 7281
5261 6011
6567 6801
3815 3432
10720 9723
5648 6189
5189 6136
8236 8818
4121 3156
7817 8705
5385 4771
10153 9912
4835 5431
3462 4316
9758 9552
5331 5138
4392 3735
2317 1783
2472 3351
2228 3218
7366 7889
6326 5620
7906 7155
7949 7569
8790 8207
85 757
1331 2194
9257 9378
5935 6862
1842 1929
9083 8198
3198 3169
4165 4390
58 298
1230 1593
3937 4826
4421 5067
16 174
6672 6233
10602 9663
8772 8102
3608 4233
4548 3906
6180 5611
2665 2724
3572 2799
5431 5357
3161 2792
7073 7000
96 595
6954 7812
9258 9895
1320 1388
8395 9233
7435 7763
3421 4216
60 825
4551 4260
47 515
5975 6964
7044 6079
8962 9529
1227 1585
2764 2641
3791 4005
10122 9267
7313 6948
7528 6859
9513 9065
55 463
4508 4121
2518 3130
10319 9605
8150 8011
8162 8942
4114 4190
47 695
3936 3819
4656 4322
7846 8302
8733 8237
9377 8776
7592 7017
10124 9180
7521 7347
4547 3825
6338 6526
4928 4102
9224 8411
9395 8938
3536 2902
2665 2064
3377 3331
29 528
3714 3282
8821 8367
1990 1412
8585 9091
37 202
9310 9311
54 451
4126 3162
8027 7058
94 996
3269 3128
2681 3353
3832 4709
4129 5089
1655 1547
7244 7291
9009 9221
7221 6339
5947 5212
81 841
3839 3539
1025 1711
7964 7839
3907 3002
2901 3853
4072 3556
2950 2268
1108 1694
4047 4410
43 130
7348 8300
9735 8762
2909 3666
9794 9145
1196 1432
9067 9267
9812 9959
7117 6315
5429 5627
7383 7706
78 418
8677 8333
7743 7392
2119 2208
6578 5752
79 485
5218 4268
9697 9284
8478 7937
5978 5398
4268 4790
4664 5328
54 995
8693 8446
3056 2867
2684 2910
7944 7630
1613 1564
4114 3500
7279 7190
2540 3355
4365 4979
2678 1780
3162 3024
2018 2594
48 127
2859 3219
7660 7975
8889 8048
4902 5819
5900 5175
3568 3599
65 662
2311 2077
9751 9679
90 499
7571 6966
1014 1147
4305 4001
7181 6771
10093 9416
3909 3357
6181 5983
2222 2863
7539 8193
2820 2764
13 196
1796 2657
1527 1540
3606 3580
5422 4969
2462 2229
6876 7227
7006 6292
6345 6247
2858 3482
5819 6807
490 1255
8190 8514
3877 4511
5383 5536
5748 4958
7425 8191
4699 3842
6789 6850
4499 3916
752 1077
10675 9978
32 313
72 935
9984 9161
4162 3963
7364 8291
1041 1414
8723 9414
2791 2891
7156 6425
5514 6233
4603 4833
4674 4378
4525 4391
2130 1318
4962 4564
769 1237
9315 9109
30 951
4968 5452
5549 6177
25 335
789 1066
1725 2676
5568 6119
8347 7734
3004 3506
96 510
9522 9488
4608 5381
4193 3700
2948 2386
1585 2342
7290 6799
6936 6316
4577 4639
1847 1268
5695 5319
5185 4460
9104 9225
9761 8791
8907 9640
4469 4822
3943 3052
2453 2458
9574 9313
3325 2735
7534 7320
35 748
8541 9249
3961 3220
4276 3933
9070 8161
5580 5015
6352 5941
3077 3768
1437 2130
2599 3063
7833 8570
1756 2433
8821 8948
5687 5433
9540 9101
4482 4027
55 746
1721 2626
8499 8148
3485 3432
8660 8520
3417 3048
2778 2802
51 122
5434 6098
8612 9517
31 385
1884 1903
86 317
7277 7668
4950 4480
2843 3706
4540 3936
4734 4952
8011 7542
7471 7676
16 188
1115 2083
5284 6157
4423 4054
7899 8340
8381 8940
4435 5092
81 551
5793 4884
3054 3369
1371 1942
8188 7657
3624 4085
6742 7507
4611 3662
39 313
6540 6527
6906 7359
6851 6702
8341 8835
3543 3548
43 468
2802 2534
6591 7507
3953 4261
3278 3945
5814 6809
3763 4531
4469 4114
8793 8491
7396 7016
8820 8571
9713 9668
1447 1943
44 817
6471 6415
5060 4223
4907 5735
3933 4684
95 373
613 1520
10479 9955
5473 5687
5066 5656
4934 5581
7311 8257
2730 2235
6379 7293
5412 6036
7524 7858
9306 8944
6934 7158
9105 8584
4892 5157
7876 7280
5689 5510
6581 6044
1888 1311
5147 5383
2602 2788
2756 3048
4280 3471
4533 4411
9757 9704
1270 2011
7213 8039
9145 8592
2647 2234
6392 7292
3093 3598
1149 1052
7618 7082
5173 4898
3017 2103
7453 6474
7056 7451
3939 3515
9234 9316
17 532
74 363
9400 9152
6836 6988
100 507
74 398
1155 1828
7323 7200
1106 1324
2172 2316
7990 7005
6938 5974
61 755
4297 5083
6703 6258
3580 3738
4569 4578
8266 8036
2763 2878
6923 6190
1320 1448
2983 2137
85 798
4345 3988
7397 6675
307 1264
1772 1858
767 1495
7137 7485
8034 8294
9676 9935
7552 7663
931 1373
8246 8022
35 664
3774 3375
66 529
4192 4651
8144 8896
9334 9023
4535 5070
33 154
3072 2940
3158 3673
8892 8521
2335 1769
92 358
7112 7972
2898 3375
5640 5882
3451 3605
871 1038
10037 9332
5676 6417
2269 1671
10370 9896
8237 8927
9089 9790
3185 3071
6922 7903
4878 4703
10030 9649
8659 8026
6185 6224
5206 6085
8209 8403
7913 8400
6891 6905
6960 6393
7942 8018
51 339
5555 6100
7922 8007
5293 4666
6669 6487
3523 3931
1347 1529
4253 5109
4776 5106
10204 9243
7768 7241
7572 7860
63 569
5519 4894
3152 3800
3468 2760
4323 4727
7286 8098
8914 9551
87 320
1976 1754
7363 6478
3196 2219
2970 2618
3406 2467
7343 6507
4932 5030
1304 1308
3531 2844
6870 6037
9068 9774
4487 4959
1427 1430
4579 5249
2711 2247
8673 8321
4489 4264
1451 1760
9734 8891
10694 9961
4600 4362
48 746
6401 6803
7888 7185
8341 8388
4829 4204
52 200
973 1379
811 1266
71 334
8669 9617
5284 4877
3094 3884
9296 9380
8997 8905
38 941
6749 5841
7505 8133
3300 4112
8981 8528
4954 4247
9003 9372
2069 1117
100 732
5728 5171
9259 8596
6168 6847
6853 6388
3904 4205
7173 8127
8321 8923
5508 5408
8351 8736
19 751
6814 7119
3482 3729
5939 5541
4939 4505
8438 7685
2734 3470
3334 3789
2494 1573
2247 2688
6711 7454
3901 3287
6603 6920
1496 2205
8053 7482
1992 1786
6227 5924
9122 8761
1907 2762
6166 6000
7135 6440
69 796
7245 7989
8945 9888
4429 5156
5357 5214
7288 6795
2768 1824
1532 2219
3530 3814
5242 5242
5169 4379
7566 7666
1952 2420
3685 4065
7015 6821
1652 1517
6434 7417
83 365
5924 5425
8182 7907
3071 3635
8358 7813
5624 4891
3242 3344
9427 8460
4047 4636
5128 5140
7917 7689
8318 8100
5524 6168
3275 3657
7736 8677
6919 7215
7464 7245
2212 2937
9655 9630
5171 4498
9324 9483
5101 5292
1562 2099
6963 6774
68 333
1878 1146
4852 4109
5203 4945
1386 2111
4838 4542
53 822
9304 9536
50 19
6028 6770
3308 2439
7587 8092
4335 4108
65 663
66 458
8134 7895
57 287
5014 5875
2660 3614
7852 8680
6921 7345
6332 7158
8378 7399
3734 3851
5270 5666
9383 8527
2697 2922
6580 7419
9535 9726
2468 3056
4336 4755
7509 8276
845 1804
4878 5498
6033 5564
828 1168
9197 9563
4290 4147
5524 5954
1699 2618
8882 9611
5319 4540
8789 8680
1080 1684
7303 7628
3451 4272
55 802
10440 9750
4835 5328
10307 9498
7134 7535
3236 3821
4115 4482
5331 5984
6928 7537
3684 3657
6543 6926
3297 3393
7523 8473
8141 7256
7875 8484
4472 5419
2048 1238
8458 9044
7214 7239
5342 5952
5471 5659
20 884
4948 4919
7302 7561
5479 6455
5066 5170
5075 5283
4346 3410
30 373
40 876
6578 6165
2196 1963
1570 1808
5975 6575
6431 6938
5126 5725
6962 6927
6208 5705
9521 8637
7002 6691
42 753
37 800
64 113
5663 6186
3345 3198
6434 5917
5239 4734
2007 2607
6516 7169
2631 2830
8640 8679
7934 7242
8708 8670
8126 8601
9309 9069
7828 8152
7450 8304
10 658
61 476
7463 6972
854 1115
6698 7248
41 514
1911 2126
3126 3843
6185 5342
6825 7456
6939 6695
2340 2112
7041 7215
60 968
8815 9609
8803 8471
2907 2243
1621 1138
10069 9094
6924 6248
225 1059
3597 4299
12 72
3246 2890
73 432
1900 1495
2628 3018
6302 5508
4028 3519
7872 8172
7775 7092
9596 9087
7400 6434
5295 4747
5039 4366
5876 6582
5508 5247
1429 1842
567 1458
10443 9947
2700 3541
33 374
5730 6457
7203 6673
3751 4144
5577 6467
21 315
86 140
3958 4067
2028 1340
7905 7531
4124 3250
7217 7227
8840 8588
5349 4686
6426 7039
1895 1891
8740 8289
8040 7071
7148 6517
2912 2774
3781 4633
4278 5267
1409 1036
8800 8864
4869 4415
7904 7037
7204 7319
84 104
3780 3559
6857 6308
4380 4930
92 302
7415 8083
7540 8358
93 790
4759 4086
9400 8579
4355 4774
1663 1504
306 1083
7832 8181
46 667
7626 7014
1657 2469
9703 9712
4011 3766
5547 5919
5354 4422
5516 4651
6523 6009
6752 7410
2005 2080
8948 8819
2762 1819
5208 4504
4791 5393
5844 5658
8329 8518
8959 7971
6567 6371
2070 2184
3502 3491
8721 7728
2563 1850
5415 6278
9390 10000
10376 9715
6062 6135
7328 6668
6259 6227
44 958
10478 9608
9187 9483
7021 6170
6729 5942
7798 7327
6173 6425
3025 2148
84 556
2265 1574
5490 6172
5104 5739
5937 6893
6568 6671
52 749
2156 3094
2049 2799
2341 3259
6246 6013
4055 5024
10080 9434
9032 8957
2182 1981
4686 4323
2198 1328
5039 5157
6220 6378
12 313
3325 3740
6150 6615
4199 4710
2482 1630
6127 6339
5890 6353
9976 9821
8970 9093
7746 8273
2929 2260
2191 2090
1283 2275
9041 9789
6166 5519
5946 5386
6312 5862
6843 6140
4768 4520
6933 6532
1587 2568
7573 6786
8363 8665
8042 8063
1936 2732
5485 4708
5385 6045
4299 4709
4373 5072
1916 2547
6214 6499
7812 7617
7742 7118
15 337
80 539
5768 6029
9554 8678
4313 4546
5945 5790
5604 6468
8953 8316
6550 5656
6651 6518
5037 5964
5207 5434
7050 6160
6649 6850
8773 9447
3579 3157
3632 3603
3786 3919
6101 6887
10193 9798
7974 8409
390 1048
12 862
5520 6440
6065 5731
10647 9955
8187 8330
64 880
33 572
5080 5163
5500 5038
4671 3920
5862 5630
6939 7786
8529 8013
6902 6047
6648 6425
7168 8011
85 268
1580 1948
9074 9722
9011 8181
2670 3096
87 261
6070 6300
5757 5977
702 1295
4813 5354
34 378
2719 3671
6327 6765
1900 1215
6935 6308
2138 1604
7439 8288
54 778
8788 9547
7795 7484
2262 2965
2824 3458
3534 3006
3104 2475
6532 6002
9283 8701
2109 2791
9167 9075
7565 7527
2210 2030
2959 2441
5996 5575
6806 6241
5897 5185
5712 5512
46 541
7100 7581
2215 1882
6294 6362
4847 5677
84 519
6335 6296
4439 3476
90 332
90 350
4006 4485
7580 7131
10535 9728
3725 2761
7895 7396
53 733
6959 6843
9462 9541
5527 4969
4458 4743
8366 9317
9081 9934
6169 5810
2387 3343
2174 2101
9714 9246
4226 5182
6196 5685
7279 7805
2921 2966
2066 1708
62 443
5756 6665
7200 7503
8201 7840
5070 5413
5076 5642
36 539
7910 7480
95 877
3099 2788
2430 2972
77 1063
9546 9768
1276 1316
2907 2158
3057 2149
4585 3894
9748 8996
4418 5183
2749 1994
5098 4390
7820 6993
9943 9766
2000 1591
2579 3005
4010 4068
5918 5193
4334 3791
4761 4471
68 25
1264 1067
4376 4951
6813 6778
8799 9472
3073 3311
4043 3449
8807 9457
6373 5848
13 416
8700 8661
4631 3775
3498 3179
5192 5330
5923 5815
3004 3000
3821 3577
6906 7507
1012 1469
6849 6943
7476 7448
7319 6910
8287 8362
5218 5034
2127 1408
7896 7131
1489 2337
7886 8049
5163 4291
6390 6981
1828 2116
8257 9234
3504 2851
9554 8697
8023 9019
1735 1562
9083 9141
6388 6005
3358 3856
2952 3591
6766 6305
6952 7922
9043 9735
7448 8120
5247 5798
2501 3001
5577 6294
10180 9900
87 432
3219 2335
649 1590
409 1319
5379 5887
4292 4458
6127 6724
5719 5991
8931 8315
8123 8925
6587 6481
7713 8591
78 570
10827 9834
4679 4358
2134 2731
4489 3829
7956 7084
2226 1505
6995 6711
4009 3078
2926 2322
2242 3035
3878 3874
40 883
9196 9223
48 77
10310 9330
26 724
9082 9109
8000 7411
2160 2142
1464 2168
1694 2018
30 640
5701 4721
5079 5604
7276 8197
11 727
1855 1911
5719 6110
3494 3015
3078 2338
5606 5725
7001 7793
8216 8176
4167 3748
3969 3793
7957 7758
7365 7281
7543 7586
9167 8691
6448 6918
11 46
2873 2038
5498 6338
5018 4231
5284 4869
4424 5016
8972 8249
3905 3658
4860 5272
1840 1682
54 723
5169 4576
6072 6700
4416 4239
7925 7434
9627 9743
9148 9103
6716 5993
6005 6109
2316 2506
1646 1439
90 907
8557 7863
2414 2630
4175 3832
8111 9029
38 265
4453 4933
3136 2188
50 929
7301 7011
4813 4525
7437 8138
26 308
6814 6608
5254 5351
968 1121
68 368
10402 9748
5564 4736
7255 7705
67 805
6426 6023
4896 4523
2064 2503
5350 6052
2559 2071
10207 9514
1621 1216
2759 2081
9469 8558
8159 9070
9068 9908
3423 4095
10 341
5281 6075
5507 5232
2978 3862
4495 5266
6208 5748
6343 6850
7808 7359
7802 6810
1941 2773
8023 8761
9179 9990
3365 2459
6027 5721
92 120
8501 9290
4968 5667
1493 2193
7187 6826
3677 3872
5133 5916
3359 2816
5529 6500
3764 3459
2610 2811
3708 3369
9065 9514
5023 4812
4792 4626
6832 6783
5340 5875
94 911
48 19
9040 9170
1704 1149
3239 2698
1628 1134
10 47
1590 1760
4508 3693
10185 9416
51 758
5586 5078
6006 6895
6011 6371
66 278
8976 8773
3349 4059
5467 4467
1430 1641
1359 1379
2246 1443
1900 2406
422 1066
9164 9654
5843 5670
1237 2139
23 856
4270 4898
7809 7190
6777 6189
8465 9076
10179 9246
1001 1224
5018 5786
9350 8513
7522 7425
82 467
10134 9980
336 1332
2500 2638
10024 9484
8542 8811
784 1457
5240 4518
8228 7550
3862 4666
10211 9802
4285 3744
559 1181
8243 7479
8941 8695
3857 4294
9066 9437
10374 9681
9852 9285
4236 3980
6661 7358
3296 4085
8029 8544
3019 3792
6703 6039
2539 2257
7209 7926
5738 6279
5438 5013
6462 5894
6412 6655
4293 4721
2801 2325
5779 6597
9280 9390
8010 8199
9258 9107
5371 6281
8652 9125
1740 2086
1748 1619
3206 2253
72 969
11 886
1504 1689
2251 2645
1575 1038
1179 1467
8767 9120
5560 5384
4543 4359
5500 5244
48 876
5008 5845
6964 7189
5204 5204
8706 8788
5643 5060
10125 9314
2967 3958
31 116
1236 1600
4098 4007
2981 2888
9966 9141
5920 6918
9512 8684
7821 8091
6336 6519
478 1286
7165 6567
748 1591
4210 4426
7696 6942
2986 3303
8113 8545
9942 8993
3149 3541
8166 8196
5743 5905
100 73
2195 1568
2655 3171
5369 6250
5960 6683
7324 7559
4958 5254
3701 4605
3499 4331
94 249
3221 2831
6817 6339
8955 9299
7323 8203
2742 2958
4755 5095
4707 3797
2747 1815
9603 9097
1040 1545
6471 6276
6447 7068
6131 7110
3880 3572
3956 3618
5150 4749
9228 8856
8260 7801
2999 2154
9165 9705
3936 3307
4263 4952
2015 1944
4552 3831
8704 8445
6445 5717
5030 5276
6786 5955
4925 4368
9132 8933
8097 8793
4718 3954
35 688
2168 2664
9332 8725
3289 2851
3463 4400
9468 8507
6833 6092
7385 8003
9000 8121
2548 3154
52 80
74 238
9219 9235
8752 8798
2237 1668
6463 6653
4512 3877
5033 4863
4567 4820
7841 8348
2281 2475
7011 6396
10537 9695
55 799
5144 5943
48 545
8523 7960
5447 5137
9261 9648
6618 7156
4929 5729
2770 2790
8324 7984
65 385
3675 3427
9474 9049
8912 9395
2886 3707
2439 1986
6583 7136
5470 6234
85 501
7864 7655
3842 4677
8158 8018
9271 8664
6378 7232
5117 6047
3999 3111
8086 7894
2963 3619
4881 4362
99 391
9432 9283
2499 3467
1828 1505
7300 6701
7806 7471
8992 8261
7338 8034
4677 4966
2791 2997
4613 4270
5361 4513
4912 4110
6364 5453
2784 3686
9233 9834
9964 9404
3112 3573
7419 7896
4907 4931
7475 8125
72 898
5767 5794
8355 7745
2350 2758
9645 9966
7737 7855
1194 1922
4821 4189
5961 6337
5364 5660
7241 6395
7826 8755
2641 1991
6370 7130
8117 7883
1168 1356
8349 8124
3718 3218
51 391
5396 5653
9056 8974
5415 5913
5750 5514
1791 1248
8187 8213
4720 4765
1542 2021
1742 1085
2638 3060
4086 4045
5148 4299
3124 2981
9430 9655
9310 9930
8871 8217
7377 7916
3619 4149
7207 7390
7325 7968
3472 2479
1787 2758
3374 2419
4519 4373
4219 4923
1422 1928
2429 3408
4990 4293
4848 3890
2038 2371
6031 6105
4907 4955
9382 9117
9554 9724
7540 7472
16 871
9302 9561
8517 7966
4658 3772
4909 4410
6628 6821
6169 5653
2848 3696
96 15
10653 9772
4144 4608
5412 5889
4614 5318
8508 9426
5287 4855
5352 5444
3525 2864
7746 6999
2813 3203
8775 8908
6210 5478
3445 4104
70 945
5362 4754
7211 6977
8097 8373
1499 1723
5025 5606
8771 9183
8118 7874
7948 8828
99 279
6606 6883
8651 8455
2932 2298
9257 8502
3436 3269
3030 2543
6678 7081
14 277
3131 2249
75 973
7399 7532
2369 2294
6584 6319
884 1400
8583 9558
2365 1569
9639 9748
33 62
61 991
8493 8387
4634 5313
9822 9723
6227 6159
2312 2645
7960 8917
7392 7906
3921 4921
1265 1945
8678 7828
1303 2199
3515 2591
32 193
7712 7026
7424 8033
62 664
7612 8091
8614 9291
2370 3042
5255 4652
6323 6601
3630 4089
5067 4904
904 1156
9752 9776
3581 4112
80 320
99 553
2134 2840
4276 4739
1932 2381
2455 3321
34 181
8302 8671
4893 5019
5805 5018
1393 1771
6428 7167
5773 5220
4909 5584
3345 3662
7355 7593
6856 5931
4758 4857
1473 2072
9035 9098
6767 7274
1953 1078
6159 5673
327 1093
9460 9173
1053 1613
6759 6458
5434 4993
1713 2137
7300 7724
5425 6092
10659 9689
8756 8270
8696 9324
9611 9451
6386 5742
1500 2269
8358 9000
6600 6009
2374 2810
2244 2275
3962 3611
1850 1064
4492 5483
4619 4960
4442 3945
5108 5602
5146 5843
9008 9056
4371 4738
3462 3153
12 333
16 688
1598 1578
4692 4584
4385 3710
10385 9778
2640 1640
3152 2783
7251 7764
10026 9090
5817 5060
6089 6317
7772 7697
636 1143
7220 6932
8130 7670
8214 8025
7323 7488
5663 5426
6457 7390
8571 9135
7184 6457
4152 3800
8707 7735
6489 7229
3541 4257
8163 9059
7695 8612
5206 4730
68 604
19 409
74 774
7836 7517
2960 3704
19 102
3804 2933
5807 5865
27 263
9021 8980
4037 3511
1762 1252
4887 3898
6273 6490
8068 8714
9025 8083
9396 8528
8389 8487
4783 4758
39 569
1951 2365
6769 6484
1871 2417
2463 2172
6676 7248
87 376
52 769
6356 6988
3276 3589
5349 4921
8277 8163
5936 5466
5306 4818
52 334
3722 2901
13 845
79 489
22 495
3594 4447
8038 8441
22 910
5832 5532
50 786
6210 6269
8347 8169
6362 5648
6780 7579
6786 6284
5011 4684
6571 7089
4594 5517
5032 4950
8128 7559
24 113
88 48
2492 2466
2417 2245
1773 1185
6402 5623
2862 3830
42 771
85 477
84 950
7649 7439
5635 5764
7559 6792
2967 2973
4269 4572
7280 7185
2632 2741
4566 4877
2543 3506
5115 4812
7943 8175
8040 8739
6497 7336
2787 3641
2119 1898
3959 3878
6529 6902
5389 5067
4893 4276
334 1027
5357 4742
1359 1214
53 109
4765 4408
4946 5798
8204 7734
9828 9904
5547 5248
2311 3118
8287 8406
8817 8913
5507 5170
36 67
8707 8042
5132 5749
7988 7624
6167 6851
6627 6220
9635 9826
2809 2785
6785 7689
3844 4546
4094 4868
5283 5689
85 798
4125 4783
10487 9910
7175 8155
4691 4378
1865 1404
5124 5337
3115 3071
4641 5068
4324 3433
3911 4275
2559 3153
3341 4034
8991 8928
1121 1052
4849 4039
2132 2279
1919 2216
62 969
4310 4885
10232 9747
2405 2055
5733 6273
6678 7061
8425 8888
6892 7747
9219 9908
9454 9320
8499 7780
1173 2101
7322 8066
9119 9108
4527 5192
2590 2996
4387 3704
1931 1909
4684 4710
7415 7683
70 881
9835 9187
1449 1700
5108 5198
2908 2495
4073 3197
86 372
5252 6184
1958 2771
8154 7158
6167 5178
2955 2482
1612 1307
4797 5586
3998 4312
8206 7441
4324 4483
10104 9391
7024 7549
8060 8846
9032 8401
9000 9035
3575 2665
4707 4597
24 562
3699 3633
8074 8333
7287 7616
9489 9410
3450 3650
6338 6477
7289 7571
2801 3578
6332 6601
7018 6183
2312 1325
6615 7073
17 325
9768 9072
89 672
2064 3045
5702 5478
4062 5061
3186 2450
7538 8280
3181 2559
4905 4356
9152 8478
3590 3694
7108 6139
8839 8164
6193 5355
12 639
6650 5992
413 1108
2956 1968
8069 7265
8169 8287
3446 4339
4281 4922
1742 1618
2960 2762
7340 7174
8946 8783
9471 9335
2600 3522
7953 7001
2969 3505
4467 3756
8035 8964
8169 8386
8455 8974
2767 2403
3431 3940
2274 2383
6020 6410
84 113
9472 9477
6667 6167
4650 5279
1968 1889
10641 9799
55 867
2355 2374
1141 1888
9116 8600
946 1842
66 462
4111 4424
3665 3170
3022 3062
57 964
6768 7021
5640 6199
8464 8430
23 334
4302 5195
8431 8037
6244 5449
9258 8389
992 1350
10169 9401
5920 6266
4465 4078
9567 9181
5263 5559
6452 6240
8920 9433
8438 7639
7811 7534
9115 9204
1415 1096
7776 8735
38 290
4127 4458
7554 8473
1924 2888
80 422
3484 3377
2291 1312
80 503
2507 1673
7407 7695
9082 8676
7844 7597
6406 7337
5698 6099
2868 3172
90 247
64 210
10273 9556
46 793
9732 9796
1183 1779
7763 7304
5829 6024
4019 3610
80 527
5482 5699
10364 9727
34 519
6814 6487
4779 4725
9776 9154
7032 7505
9307 8842
10061 9376
6373 5791
2435 2092
1016 1092
4277 4491
8417 8700
623 1305
1129 1516
4605 5322
3792 3309
1716 1682
6179 6941
8784 8252
20 466
3111 3301
78 488
7827 6931
7301 6606
8743 7804
8548 8976
3274 2462
82 1010
8100 7240
95 837
5941 5828
1739 1993
5213 5073
3486 3761
4484 4329
6097 6258
4017 4348
51 718
63 373
9978 9356
2890 2292
8746 8811
6072 5392
5112 4590
7819 8208
2331 2797
9784 9620
4471 5110
3467 3776
3591 3057
8512 9282
4661 4728
3591 4151
3150 3865
6799 7554
10494 9730
10 220
7879 8497
9154 9042
10034 9068
5468 4504
7788 7713
55 84
2633 1786
7280 6940
3282 3602
3432 3434
88 948
1548 2044
6504 6634
7087 6169
8995 8038
8638 8479
9392 8941
9891 9948
6173 6920
1745 1552
3099 3753
5182 4541
7195 6953
1360 2074
5064 4428
4672 4541
3242 4214
2798 2247
5030 4312
5581 5998
4623 5053
6814 6931
9327 8640
4794 5669
7479 8099
7578 7043
6357 5841
1740 1275
6018 5581
5051 4991
6648 6875
5453 5151
4156 3584
3596 3871
1654 2187
3001 2075
4734 4921
1406 1635
78 422
2598 3461
8203 8245
2745 2848
9569 9857
8781 8427
3678 4210
4490 4822
8115 8256
9844 9299
3758 4630
2232 2633
4698 4022
8177 7967
6132 5385
6735 6509
7996 7053
5083 4798
3181 3970
10196 9690
9216 9733
6743 6968
8242 9230
2496 1633
3369 2453
8593 9169
44 846
1488 1606
2853 3423
5288 6183
5938 6691
371 1259
5425 4504
5780 6372
7542 7502
3686 4648
8064 8400
3169 2954
1891 1346
4985 5424
5667 5654
5930 6048
6089 6592
2646 2345
5814 5630
5132 5713
9450 9833
4256 4886
6715 6047
6048 6699
1960 2049
8062 8356
7767 8250
7261 6956
36 752
7596 8390
9153 8402
3435 4093
1141 1878
5129 5105
5223 4644
4134 3778
4791 5474
4352 3952
9916 9476
4923 5208
8346 8496
54 380
1925 1563
9363 9529
5348 5825
87 234
8859 8579
7287 7306
3399 2716
2114 1836
67 284
4198 3652
3944 4695
1060 1710
2677 2395
97 470
2731 1954
8053 9038
2187 2492
45 767
38 680
7884 8381
3923 3265
1086 1313
99 407
4749 4666
