5023
50
10284884
93 97 109 105 90 96 104 101 110 108 100 105 103 105 110 96 106 91 110 105 94 108 100 96 107 103 107 91 90 108 100 103 93 106 98 103 97 90 95 100 101 94 97 91 109 96 109 98 91 104 
-108591 -101806 -118611 -97344 -91982 -104689 -112847 -105473 -117274 -113160 -109961 -121931 -116087 -108804 -108451 -99976 -115805 -86711 -123083 -121576 -97502 -118423 -107199 -99062 -110749 -108793 -118172 -89427 -99250 -125121 -107605 -108845 -100862 -112733 -97534 -103359 -97333 -96033 -92598 -101659 -98249 -97187 -103084 -102789 -122535 -92605 -127898 -104142 -102262 -111196 
122885 118956 135129 111768 106108 120550 128828 121476 135682 130814 127166 139987 132830 127363 126828 114611 131520 99872 140278 138260 111329 135411 120358 116342 129061 125438 136096 102883 114403 142246 126251 125196 115198 129349 111385 122467 111651 109714 104548 114801 112590 113175 117313 119685 141626 108331 146256 121385 117082 127109 
9066 9324
8107 8847
4598 3874
3515 3042
2986 3900
10171 9388
477 1271
3896 3853
5161 6073
1283 1608
3849 3325
1165 1084
5581 5757
7386 7547
98 768
9403 8934
8466 8776
1833 1745
1817 1032
8454 9013
5560 5803
9979 9141
5265 5778
9069 9542
4765 3927
10181 9352
4990 4177
4776 3983
6111 6084
8535 7829
7963 8289
5957 5540
3486 3478
6280 6208
7045 7200
3560 3958
1191 1967
5496 4649
7917 8576
6639 5748
644 1026
6669 6531
6931 7840
5808 5627
8660 8055
5596 5675
4723 4212
6017 5517
5254 4725
846 1796
5948 6476
6067 5496
5653 5349
8950 9505
3992 3693
8746 7749
1063 1827
8076 9017
3724 4594
3741 3300
5119 5886
8650 8168
7952 7825
2144 1636
2527 2764
7480 6507
2764 2975
9281 8356
9517 9167
1648 2204
8231 7684
5415 5429
6806 7070
8928 8102
1582 1875
5850 5485
7662 8481
3587 3604
2918 2510
3236 2888
7505 7153
80 559
9569 9832
84 528
8098 8807
10287 9483
1072 1156
3993 3194
9992 9759
3688 4455
10231 9342
70 118
5913 5064
6908 6366
51 721
5273 5037
8766 8166
1958 2336
5110 4260
5068 4465
6045 6770
5767 5347
10839 9927
4769 3868
5215 6036
10102 9839
1678 2309
7825 7613
2819 3421
1963 2012
8044 8437
3269 3735
3638 3649
9755 9432
1991 2714
5697 6446
68 766
854 1311
3385 2948
4063 4146
8990 8012
6383 5861
4666 5158
2780 2989
5881 5663
6075 5547
8923 9811
4345 3534
2696 2741
3006 3254
5525 5419
1451 1117
6910 6934
5466 5119
5204 5396
2372 2699
2061 2905
4190 3851
5248 4357
3828 3329
9678 9264
4489 4427
18 911
5851 6763
8722 8925
8032 8608
7252 7752
51 247
4419 4722
9651 9962
2047 3017
4081 5037
76 994
3787 4176
4813 4844
9361 9391
2995 2454
4735 5386
5635 6191
5120 5978
3469 3979
5157 4551
4800 5199
1557 2548
9511 8603
9114 9293
8417 8667
5194 4772
6785 7615
7697 8261
8245 8978
9947 9772
69 486
1715 1020
4755 5624
5569 5208
7314 7634
9568 8705
5770 4796
7544 7858
30 888
1944 1892
7086 6327
68 607
71 934
601 1315
5961 5889
5598 5278
4456 4732
3389 4020
8907 8318
4372 4293
2752 2366
8594 7654
10051 9593
5339 4612
8571 8253
1524 1514
6613 7608
7793 7980
60 771
8331 7405
5239 4922
2173 2143
749 1282
2194 1850
4368 4134
3479 3023
1878 2762
5149 5992
5384 6205
9002 8939
2874 2596
2661 2930
7644 7270
4468 4272
2520 3017
9842 9496
6385 6297
5806 5210
4269 4153
2455 2107
5680 5968
8369 9219
2107 1663
7353 6645
7683 8455
6269 7103
37 71
7498 7449
100 30
1704 1051
9473 8990
4373 4067
3398 3347
4012 4649
4030 3360
3087 3399
4831 3975
5540 4598
8031 7145
3775 3090
6963 7349
7243 7720
70 65
1613 2392
6261 6674
5364 4408
5973 5939
6774 6780
7098 6277
8501 9200
43 958
4909 4584
2281 2455
7332 8323
78 459
7514 8193
74 384
2753 2195
1745 2378
2072 2745
2187 3079
2130 1918
7621 7829
3871 3607
3358 3811
6345 6983
6012 5476
5875 6317
7719 8667
2358 2310
2900 2452
5319 5585
7629 7992
7475 6969
7544 8407
5403 4897
2455 2727
7310 7186
7449 7152
8790 8231
7485 7255
7430 6942
7856 8656
5558 4871
1932 2297
9056 9027
7581 7562
9855 8899
9010 8483
4683 5052
7784 6870
4799 5102
6380 6424
30 961
2149 1697
6233 5921
7193 6597
9166 9043
71 670
6057 5729
7689 8408
37 541
8977 8128
3060 3277
38 517
35 1003
6232 6131
3190 3399
3547 3270
8793 8102
1039 1104
88 688
89 671
6325 6872
5634 4802
67 253
5377 5705
4620 3745
2246 1490
1649 2048
2917 2946
3753 3132
2712 3033
3344 3481
2880 1954
8206 8712
5604 5126
2615 2735
6843 6161
4041 4046
7242 6363
3233 2804
2450 2402
2365 2301
3547 4350
1864 1777
1682 1261
1647 2404
4922 5270
16 460
8345 8276
4578 3750
7950 8768
4430 4821
7715 8230
850 1790
8097 8077
89 734
9914 9194
8319 7339
2106 1716
8310 7318
9220 9408
6398 6716
2049 1649
4043 3979
3829 3682
44 925
3056 2629
5970 5593
6492 6403
5076 5969
80 1009
4445 5264
8219 8827
4497 3668
2106 2613
8997 9692
6015 6484
3686 3159
6666 6628
5917 6002
88 782
19 278
8138 7512
1700 1838
7961 7812
7757 8662
2946 1981
10570 9848
3950 4459
99 783
6564 6175
8856 8310
4566 3658
7086 7826
1435 2137
49 797
7077 6174
6790 6186
2056 1173
46 327
9179 9818
1179 1220
7289 6552
1988 2777
4604 5154
7298 7192
4204 4294
3726 3093
10 432
7484 6773
8252 8125
3660 3658
3887 3489
4611 4219
5034 5608
75 202
2190 1711
4077 4996
5373 4779
2207 1604
9336 9258
5253 4525
7154 6428
3485 4130
8500 8898
4546 3987
2446 2601
9065 9725
80 891
1838 2431
3928 3038
83 731
9804 9393
7192 7817
8935 9624
4079 5054
8822 9607
2414 2118
7108 6631
1139 1401
1989 2115
7805 7434
58 806
6078 5192
927 1219
5918 6125
9935 9533
7625 7234
2185 2325
5043 5577
7889 7865
14 373
2349 2091
6744 5794
4731 5014
8670 9632
6067 5661
3788 3734
8474 7681
867 1112
2785 2282
9901 9247
2956 2554
5021 4547
8974 8050
5566 6350
70 366
1930 2636
454 1379
4731 4718
1962 2852
8326 9037
8961 8883
2424 1822
9765 9702
8377 8619
9211 9767
1545 1599
9032 8898
3818 3855
6812 5858
4985 5873
9676 9436
3647 3386
23 782
6359 5543
4277 3910
6439 6775
75 795
4252 4168
4264 3815
10403 9796
3191 2964
6945 7527
559 1544
7176 7280
896 1858
2714 2514
2651 2429
16 709
10388 9808
6063 6350
6828 7679
2292 3125
9024 9363
4734 4390
5424 6212
7291 7388
3205 3257
2398 2994
9511 8900
5167 5337
9087 9874
63 103
7437 6765
10011 9514
2610 3308
73 149
9016 9534
4911 5269
10230 9818
1981 1901
6434 5642
2629 1886
4761 4519
12 320
3662 4404
4652 4923
3069 3504
8582 8038
5750 6573
8579 8051
2939 2239
2002 1084
7158 7776
2504 2375
2422 1758
4813 4964
5669 6516
3854 3903
5097 5698
4948 5402
4348 4900
7925 8167
3894 3770
6592 7381
5734 6269
4534 4032
2180 2098
6595 6404
7503 8107
3327 3540
24 225
3708 4050
5917 5534
5590 5886
5122 4723
13 551
3928 4300
7339 7133
24 258
2371 2619
9223 9463
8638 8022
1968 1847
10128 9968
8936 9764
8358 9247
3054 2859
5982 6338
18 174
10521 9597
4069 3184
97 681
2920 3344
3497 3138
1712 1509
6055 5215
8454 7546
3331 3578
5957 5909
5519 5212
6830 7237
4932 4824
6936 5999
8762 8483
5183 5162
3736 3197
1857 2182
8058 7573
9501 9669
5100 5152
39 641
7127 6147
2771 3693
9482 9728
1453 1049
1337 1333
17 803
4780 4206
4661 4000
10246 9828
9111 9099
4204 3653
7924 7033
6597 6959
2680 3237
174 1042
4945 4081
8502 7982
9699 8930
9429 9055
27 780
1209 1231
3194 2758
9470 9642
3344 3906
7603 7535
7941 7139
2820 2532
3206 2757
6416 6768
8750 8727
60 127
4323 4902
1135 1783
8906 9164
5281 4975
2904 3034
3440 2943
1492 2436
4049 4090
3556 3964
5572 5365
21 890
5886 5602
5275 4840
5507 4864
3492 4010
5518 4728
7134 6942
1735 1256
1060 1795
3037 2990
85 902
4038 3214
3549 3869
4983 5853
4436 3691
5889 6558
2990 2585
7255 8012
6535 5660
9053 9245
5734 5582
5590 6035
10280 9567
8436 8246
57 774
4589 5006
7212 7301
6706 6565
3907 4055
7726 7331
8337 7445
2863 3714
9736 9147
4612 4968
9145 8719
2934 3476
1857 1327
5938 6596
8122 8417
5685 6590
3651 3165
7200 6963
10643 9931
6078 6162
4097 4352
4487 4646
6737 6680
1197 1013
8938 9282
11 863
7590 7146
5302 5973
1683 1305
28 877
4492 4592
4623 5521
9342 9842
9004 8843
5412 5881
9889 9710
6532 6340
3380 3382
6401 5555
1868 1271
8387 7518
6723 6932
2452 1834
8139 7374
3820 3321
5612 6232
4135 3283
1838 1382
3474 2577
1645 1224
5228 5686
4234 3610
3119 2442
7892 7452
83 507
2467 1504
7700 7415
8717 9264
1896 1413
3079 2966
7505 8334
8321 8533
71 903
1341 1545
56 892
1399 1580
5294 4808
5051 4900
38 827
3832 4611
8283 9041
9376 9219
2373 3229
9343 9168
9277 9937
35 679
9138 9143
9496 9328
2715 3516
4105 4581
1848 2831
4338 4579
8373 7914
8369 8878
7089 7412
8642 8388
7998 7872
8504 7875
5747 5221
9888 9293
63 475
2931 3738
1630 2176
1310 1600
8484 9236
9289 9348
6566 5960
33 752
6233 6046
2025 1604
2352 2237
9795 9028
1299 2084
1287 2195
4275 4727
55 369
7914 8350
7885 7015
7674 8240
4859 4381
1927 1411
4985 5447
8725 8730
7626 7716
20 840
6317 6240
7594 8056
16 314
2541 1685
2357 3117
2039 2927
4536 3581
3325 2862
8497 7828
9137 9964
4219 4310
8142 7323
2112 1406
5058 5843
7341 7748
2683 2585
8178 7550
2663 1768
7750 7901
1034 1790
8503 9391
3286 2585
9603 8656
5675 6124
7514 7250
1976 1201
5043 4803
6635 7625
5899 5615
7346 8023
6055 7018
5188 5998
8215 7296
8696 8334
7338 6674
6602 7595
5249 6044
6927 7853
5787 5260
1418 1888
1607 2304
530 1333
2517 2868
2409 2031
7544 6914
4776 5605
8575 8201
986 1236
10000 9186
2002 1525
1523 2424
7640 7793
6603 6183
9163 9344
10143 9308
4907 5877
10498 9797
8198 7572
4063 3276
4708 5538
3204 3488
7462 7031
3402 4338
8462 8484
6931 6561
9918 9620
9059 8619
7502 8352
1792 1129
2677 2905
6000 6150
2598 2604
7454 7184
4164 3265
4967 5107
5539 6307
5027 5610
1772 1068
74 970
6067 5222
96 107
8072 7610
7576 8467
8877 9728
1910 2594
2988 3392
6971 6876
10468 9977
8919 8661
3939 3285
309 1237
4795 5680
3517 2771
68 285
10 37
1447 2320
4294 4531
868 1652
5814 5325
6451 7278
2978 2706
8572 8886
3674 4149
11 970
80 862
8920 8848
6794 7093
1466 1819
3297 2993
3473 2551
9651 8927
2401 2208
9754 8779
6342 6256
2971 3824
2917 3377
10016 9132
6007 5385
3891 3858
2097 1290
6421 6375
10058 9625
982 1636
3965 3071
38 209
7884 8802
4690 5641
6216 6249
7855 8278
3148 3261
1043 1330
4002 4417
5668 5002
7789 7753
1329 1744
7083 6303
2683 2720
1192 1141
44 82
6490 6551
6618 6008
8322 8472
3846 3354
1885 2514
8161 7770
52 40
8092 7387
9052 9024
2978 2803
1029 1845
12 971
8088 7938
4412 3664
2000 1135
6783 6393
3456 3027
3839 4771
8480 8913
8085 7606
48 733
1187 1130
5215 4695
8986 9326
1259 1336
10347 9762
9114 9052
10307 9861
1517 2303
6246 7233
5159 6055
7027 6189
4535 5439
2114 2316
5195 5304
2441 3346
5986 6846
4256 3709
4328 4696
5702 6276
7784 7332
7645 6686
7090 6655
625 1294
7907 7499
51 253
44 787
6304 5368
5906 6489
6647 7337
5043 5719
10105 9918
21 271
3892 3464
7656 7504
2291 3008
6499 5689
8781 8203
5112 6046
92 660
4710 4780
40 53
8144 8150
98 348
3530 3864
8529 8444
1132 1687
1988 2200
79 327
75 66
6602 6584
4670 5114
8666 8734
7398 7987
6882 6571
5741 5481
5919 5091
9020 8972
1696 2164
10326 9856
2311 2323
6534 5937
8225 8274
3315 2391
55 757
5965 5479
9148 9314
4993 5244
7901 8596
5200 4921
8988 9895
4580 5556
5873 5036
9638 9176
9812 8840
1682 1294
69 724
9498 8503
6115 6319
2010 1883
4640 5349
39 892
2223 2025
4418 3635
620 1445
7949 8501
3333 4305
3361 3360
42 84
1587 2511
4842 5148
3777 3928
458 1026
2194 1228
1651 2630
6072 7008
7826 8623
4153 5080
2359 2780
9602 8928
7534 7233
8718 8794
6216 6646
7565 7509
2147 3022
6630 7086
6415 6937
8204 8940
3160 2466
6636 6916
69 597
2993 2528
8041 8907
5844 5038
4004 3036
6664 5704
4488 4075
25 54
10265 9835
8385 7399
4281 5064
3912 3913
9593 8670
8162 7230
2481 3083
36 256
3887 4037
3662 3729
96 102
5444 6026
6693 7335
33 110
8499 8905
411 1343
4991 4414
7541 8182
5762 6231
8556 8933
6845 7836
5378 5426
4835 5190
2453 2036
3024 2980
6991 7210
1925 1882
4297 3494
8963 8836
66 911
9412 8943
9294 8319
24 899
8818 9118
7137 7152
5570 5135
2278 2459
7368 6756
3316 2684
3602 3717
1295 1741
95 135
8483 8427
7636 8520
6154 5592
8278 8030
7576 6745
7606 7017
2752 2949
3514 3479
6703 5795
9516 8594
5526 5861
7232 7407
93 120
3017 3372
7044 6630
5691 6145
9220 9698
6881 7400
4206 3210
6173 6917
5140 6113
6791 6866
8209 7331
7032 7886
9120 9105
4773 4372
4191 5051
8468 9337
6254 5955
42 843
6817 5891
1512 1487
4168 3623
6636 6214
7168 7581
5352 5056
2103 3050
6368 6529
7602 7289
5590 6233
4451 5044
76 455
3263 3142
9378 9889
9732 9589
10141 9962
3137 2218
6287 6155
3711 3670
9684 9318
5601 5847
4275 3624
3285 3185
3968 3010
1658 2320
9648 9860
8237 8213
9404 9866
5393 4626
8164 7446
8514 7663
6253 6182
5354 5370
8356 8714
2348 1981
56 19
4331 5276
7298 6953
8071 7956
3907 3763
96 176
3854 4653
4532 4107
2075 1933
6044 6998
8173 8821
2856 3072
4766 5410
4921 5017
2623 1738
8077 8497
8729 9722
6636 5707
8483 7797
2478 2772
6026 5715
3039 2198
4432 5008
6387 6246
1477 1294
8899 8145
4982 4950
1583 2243
10740 9867
7594 8458
2528 2026
6109 6327
7009 7684
9698 9091
5465 6226
5073 4890
3204 3883
8273 8154
8935 9424
461 1415
5011 5606
8731 9457
10445 9966
8475 7871
8556 9303
2214 2519
9489 8492
7661 8085
1787 1064
9336 8529
9921 9424
8531 9168
8536 7812
2689 3544
25 563
22 118
1610 2119
7468 7880
1673 2137
1871 2356
2214 1804
4477 4471
5617 4993
1606 1424
5024 4832
7473 8423
5069 4923
5662 5681
1580 2363
7281 7752
3940 4936
4756 4676
5921 5295
1828 1383
2996 3602
8212 7549
6448 6732
1539 1931
6672 6913
2692 2625
3908 3097
9182 9649
2139 1183
9694 9286
7436 6693
2539 2995
69 585
6010 6938
5520 4868
5102 4284
7241 6924
10 619
9512 9637
9092 8302
7508 7714
1605 2601
13 556
6108 6251
7945 8269
3318 3489
4510 4083
3760 3785
8570 8503
7079 6872
10306 9620
99 67
73 870
6067 7036
9825 9725
5212 5906
9230 8942
4638 4000
7013 7327
2700 2655
3100 2193
7438 7968
9543 8675
5481 5033
4312 4230
3124 2292
2123 2140
10511 9635
6388 6519
7541 7822
7366 6390
2030 2521
8768 9197
9148 9601
71 848
10555 9681
55 119
2189 2429
9020 9857
9664 8814
6457 5812
1328 1965
8152 7865
1021 1876
8306 8609
2242 2674
1101 2027
6659 6647
65 755
9636 9545
3551 2747
4312 3987
8392 7754
4987 4880
2395 3374
4429 4607
7175 6235
28 822
36 627
3808 3303
5506 4656
6010 6538
7104 7930
8651 8734
2342 2853
8169 7764
1763 1221
9262 8556
8821 9194
8881 8364
533 1166
6586 5608
9387 9143
8025 8887
6564 7069
3671 2928
2224 2821
5592 5763
7026 7847
7668 8632
6523 6482
8914 9520
3397 3193
4387 4881
4532 5037
6624 7561
4974 4335
8155 8153
7666 6689
7854 8130
8087 8672
9860 9099
5104 4925
934 1163
79 428
2160 1705
9887 9705
6073 6389
63 922
2441 2499
2776 2447
9294 9390
9809 9946
3510 2667
6628 6459
4035 3934
8240 8290
3189 3767
3429 4200
2104 3071
5521 5184
9447 9298
691 1305
1548 2412
16 801
9655 9732
77 929
5057 4804
2404 2507
35 802
2929 1957
6022 6203
1458 1051
3731 4110
7895 6951
71 763
6368 6605
4752 4896
36 729
5750 5791
19 733
3178 2441
2682 2539
6130 6477
9063 8369
8288 9060
3542 3022
2704 2397
6343 7314
6653 7562
12 841
7739 6880
4907 5507
3159 3666
82 499
8137 7641
4130 4111
3776 3635
6517 5933
8060 8509
6850 6583
5878 5287
7498 7637
7718 8478
67 839
8138 7509
33 716
8647 9015
5814 5768
1080 1782
5711 5490
5912 5334
6212 6726
46 330
2836 2878
6979 7354
2065 2757
6024 6085
5688 6132
9510 8726
2833 2345
3389 3046
3480 3893
7539 6669
5441 4503
8868 9288
4649 5195
96 741
9621 9846
7274 7449
4348 3835
5604 4649
60 960
3560 3637
6433 5435
4541 4685
9419 9236
86 377
4037 3935
7819 7840
4575 5518
6137 6974
80 789
9498 9316
8224 8708
1713 2133
6945 7328
10700 9717
433 1233
2323 2011
56 754
2476 1555
6259 6530
6858 6117
1654 2024
1953 1856
6231 6888
88 450
6732 7714
74 84
4448 5404
7816 8475
6772 6135
50 680
1757 1052
21 330
6029 6362
5582 4666
2852 2979
4808 4938
1013 1725
8798 8953
54 869
8055 8033
821 1290
2554 1810
2915 2362
1259 1767
2636 2666
2339 3254
5051 5265
9254 9549
4544 4263
8486 8555
9673 9109
6206 6494
4089 3531
3830 2913
4874 4420
4401 4004
3364 3815
5573 6073
6839 7073
9407 8556
6234 5416
78 982
3798 2874
9082 9106
41 274
5506 6277
2295 1796
8679 9436
5694 6206
4915 5067
2644 2608
1810 1457
8995 8405
5683 4860
8794 8621
64 114
1693 1480
2994 2708
6179 5948
9779 9023
7505 8057
8314 9031
7781 7425
1693 2396
1729 1674
4580 4977
6391 7126
10236 9493
3203 4147
3542 3663
1435 1291
8005 8480
5085 5731
3877 4730
2380 3352
9526 9365
7185 7552
2102 1826
2526 2405
86 563
8364 9284
3401 4283
846 1410
6980 7549
7084 7994
10754 9884
100 547
8411 8664
8776 8966
2568 3528
1671 1064
8002 7722
6492 7245
6187 5451
3043 3630
6158 6680
2815 2182
3720 3720
5643 5751
4143 4914
5209 5335
8992 9127
7291 6705
4025 4648
6627 6425
13 372
4719 5128
6737 7467
21 70
8172 7384
81 105
8371 8439
1396 1627
7212 7681
1521 2505
4474 4744
9050 9942
8650 7914
3280 2909
7772 7027
9340 9071
3082 3713
70 277
6376 5911
5139 5217
7710 7794
7055 6461
6886 6108
1300 1408
9901 9607
9944 9715
6153 7105
6959 6120
4511 3665
5525 6047
1592 1430
1562 1337
6874 6962
6932 7099
6994 6875
1228 2205
96 439
4060 3683
9977 9202
2132 2916
1919 2398
38 266
2037 1504
2625 1625
2389 1921
8811 9417
4127 4451
9496 8977
8416 9212
3773 4185
2365 2355
88 865
3415 3511
2497 1789
6412 5872
54 839
7772 7602
10408 9968
1148 1560
1966 2010
5216 4683
7881 7774
675 1036
72 983
8954 8394
7486 6850
2976 2970
7529 6884
5666 6262
2108 2932
9008 8072
7694 7406
1277 1569
4815 4086
6897 6939
4225 4621
3695 3213
1949 1928
9359 9440
6801 6868
8606 8708
7867 7778
2723 1782
6070 6599
1025 1212
7999 7009
3902 3432
4502 4437
7926 7200
2451 2381
5204 6193
1032 1528
8582 8344
5242 5800
4676 3872
5070 5317
6225 6024
7317 6998
9979 9276
8183 8639
4508 4404
1986 2310
8585 8620
7456 6698
1549 1912
4549 4873
6762 6583
7820 7840
2730 2786
8434 7770
1928 2053
7227 7156
60 991
2554 1722
1975 1979
9050 9107
5148 4241
60 1001
4186 4703
7383 6959
7261 6772
21 753
6786 6810
7049 7003
5249 4262
7915 8696
2888 2435
5507 4585
2057 1709
2567 2708
2719 3328
1094 2035
6918 6406
3512 3640
98 253
6927 6001
63 667
4763 4499
2649 2720
1826 1066
1252 1611
5017 5257
9511 9654
4782 4665
2404 2179
2835 3143
6357 6012
6786 7278
98 67
9492 8864
8474 9063
4362 3995
9947 9861
6803 7431
2519 2168
4757 5475
6152 5291
545 1235
2496 1969
6143 5454
7126 6290
7632 8250
10588 9809
9109 9143
826 1748
6170 5669
8840 8499
8528 8252
3576 3083
43 114
4591 4764
5614 5514
7456 8086
76 1002
3657 3621
5833 6358
9088 9706
9631 9020
6606 6485
5450 5292
9241 9840
4645 5548
2655 2132
4743 4267
66 943
6399 5993
1157 1115
58 806
3219 3193
6377 6658
6105 5953
8316 7319
7215 7247
4340 4401
4544 3601
10321 9631
8461 7570
27 208
764 1161
1421 1427
4758 4938
1182 1768
7465 8261
2561 2504
8063 7107
902 1073
26 745
8540 7774
1445 1360
5792 6418
4547 4727
5651 4757
3373 2766
1855 1782
5262 5243
3321 3264
4322 5134
8462 8675
47 1009
8588 9587
3930 3266
3658 3131
3253 3219
8044 7954
7785 8040
10527 9586
2261 1633
8091 7563
7492 8086
980 1803
1327 2119
6743 7585
4607 4034
4029 4461
5481 6461
7862 7925
6723 6679
6005 6858
7397 7534
1940 1515
7062 7844
74 208
6175 6905
5183 4630
65 649
5788 6143
7448 7899
8613 9411
3204 2810
2245 1731
8168 7171
1246 1414
68 106
67 132
1028 1082
1337 1909
3894 4451
5357 5689
3603 3516
6084 5698
5421 5331
44 886
2740 2205
1113 1146
9789 9794
5003 5070
5901 6145
6242 5784
4571 3661
4558 4882
5882 5485
3867 3691
3191 2472
8938 8921
1034 1177
2117 1258
4760 5694
9171 9654
6874 7604
8452 8458
5975 5339
6214 6405
9949 9022
1166 1043
4421 4293
5194 4474
5906 6065
5176 5306
4955 5918
8394 9024
63 706
27 48
3712 4075
8555 8202
4708 5384
1628 1599
8333 7487
3122 2428
9613 9666
3369 3151
2066 2626
1940 2311
1393 1151
8223 8870
10050 9145
4565 5312
2053 2943
34 857
9894 9518
10258 9493
4110 4658
4113 3600
3445 2527
8876 9473
8710 9189
4721 4232
4705 4907
6177 7156
10220 9549
6448 5452
63 45
9523 9998
6791 6077
4295 3782
7832 8506
2559 2068
6798 6064
9980 9896
2132 1766
2813 2115
2773 3382
1786 1462
2928 2012
6643 6583
8981 8083
9550 9887
3804 4487
5701 5456
1571 2112
43 669
3519 4337
8175 9003
8380 7517
5500 4776
2397 1823
4999 5077
9663 8778
4490 3721
2654 2436
4439 4979
6499 6965
4040 4067
8860 8600
1431 2058
28 593
9214 8938
7079 6662
6871 6191
9260 8443
10309 9556
6511 6343
6085 6390
981 1959
9423 8435
7330 6760
1817 1961
6255 5769
1085 1908
6964 7579
7388 8088
55 153
9608 9225
8291 9194
5412 5262
4533 4052
3485 3386
81 27
1698 1549
5262 6174
3338 3924
2420 1684
5348 5600
9422 9137
4721 5169
3527 4182
7781 6791
6023 6564
8946 8816
8437 8454
2011 2952
50 552
6629 6436
2570 2737
2563 2350
8696 7889
1101 1549
9090 9069
4132 3815
4996 5317
5376 4489
4627 5025
3445 2958
5249 6091
7395 7185
7219 6233
6652 6532
5592 5595
3148 2320
4399 3924
8699 7835
17 48
7589 7228
37 416
1125 1324
5286 4421
5540 5089
4437 5263
3588 3618
6195 5972
8694 9123
7934 7310
5153 6027
5718 5812
5498 4876
10468 9874
5491 6448
76 81
9581 9941
8836 8963
5917 5578
10470 9670
64 974
3891 4005
6176 6622
7221 6293
1647 2170
1345 1605
267 1218
8331 7708
6168 7124
37 697
7068 6767
4676 4854
9481 9995
8201 7719
5969 6734
6810 5998
1833 1170
14 161
3023 3963
722 1417
37 932
6181 5576
2032 2019
10475 9745
6438 6775
4604 4994
8604 8639
8795 7983
1861 2736
5197 4962
9165 8948
5402 4485
9417 8972
3816 3566
6371 7101
4417 3944
885 1207
9972 9579
8477 8530
1785 2591
9601 8937
6885 6816
9698 9970
7641 7889
14 418
5593 5327
8630 8838
8313 7826
5163 6123
9760 9779
6875 6285
88 986
9201 9172
8083 7374
6055 6105
6796 5893
4781 4060
9625 8852
23 146
6631 6013
45 191
8405 9245
6889 6955
7460 7172
5700 4817
2981 2428
8040 7517
4878 3976
5647 4728
7950 7915
9360 8388
53 978
2896 3442
590 1198
2877 2891
6094 5749
4342 4656
2219 2090
3948 3345
9072 9365
10 711
1241 2073
8709 9004
3477 3827
4084 4702
6838 5953
3223 2890
70 591
2791 3069
4305 4482
8742 8597
57 739
5457 6012
9423 9086
71 799
3889 4148
5965 5683
4204 4396
9753 9322
7189 6560
3368 2648
96 873
2689 2519
5093 4291
2813 3603
9917 9390
10753 9876
3090 3071
6869 7625
93 16
81 640
5786 6601
8850 9628
8090 7327
1900 2526
7225 6871
5702 5735
5306 5901
6584 6840
7606 8585
4724 3934
4392 3424
5645 5314
2352 2698
7139 6873
3342 3204
86 948
4034 4503
4232 4050
7042 7448
8727 8383
8526 7552
5965 6114
3025 3967
3231 2782
4633 3996
22 715
5918 5272
4806 5024
2272 3183
8127 7529
7996 7043
2837 2993
1954 2917
3697 2885
4995 4774
5371 5964
9375 8414
7327 6630
915 1643
4381 3420
5147 5672
9157 9303
4601 3858
5336 5384
1065 1445
4923 5333
4444 4324
2379 3246
4124 4596
6118 5489
6767 5972
7101 6586
73 923
8455 8471
10234 9273
8277 9041
7050 7630
5712 5634
3689 2784
9675 8947
3734 4728
8045 8413
2821 2644
8994 8642
10070 9664
8492 8376
7846 8107
8844 8115
5467 5097
7162 7014
6152 5475
7964 7796
3610 3435
6983 6831
1076 1849
8073 8804
2469 1631
9459 8658
8238 8230
8106 7621
2576 3509
7588 8111
10732 9850
3934 3396
2298 2311
49 385
6519 5648
4624 5110
1536 1973
4974 5287
10 917
1884 1634
9987 9980
6060 5466
5528 5223
5763 5430
4130 5058
10240 9649
7547 8523
18 237
8460 8189
399 1333
6727 7240
1965 2763
9972 9792
7169 6369
1533 2205
7992 8597
32 498
6380 6660
2523 2306
5390 6384
47 310
46 913
7692 6895
1528 1835
10722 9852
7247 8055
2706 1738
3475 3670
68 846
1343 1297
7337 7614
3365 2704
5765 4973
94 957
2354 2748
5588 6130
720 1142
7671 6700
7681 7191
2652 1809
3771 3198
16 868
10735 9828
42 186
629 1076
10406 9717
3502 2683
10143 9885
6415 7108
88 836
2563 3050
7943 8795
8592 7814
1816 1412
3711 2997
7490 7639
7737 7383
5472 6139
7255 7469
62 325
5314 5694
347 1196
2301 1680
9036 8046
5289 6193
4932 5378
8738 8309
1763 2336
5772 6478
2224 3100
90 161
6198 5242
5108 4261
8108 8039
9265 8750
6730 6110
7918 8357
2282 2984
3871 3234
34 135
5228 5149
60 977
5589 5514
9773 9654
6882 5948
2672 2052
4819 5362
5792 6684
7254 7767
8371 7387
4602 4406
8898 8140
2042 1742
7653 6692
4346 3698
6186 5365
8511 8098
3592 3485
10191 9613
6942 6115
2386 1747
45 507
4849 5721
2960 3896
3764 2872
4281 4510
2545 2898
8785 8811
8279 8744
4577 4188
3373 2713
4217 3547
6986 7293
8664 7877
29 440
5661 6270
5372 4560
4470 3659
5607 4868
5199 5753
5193 4495
1880 1098
5270 5176
6695 7332
8006 7325
58 452
3635 3659
5799 6107
1934 1206
4675 5277
7420 7035
4368 3576
8825 8384
99 691
7952 8344
3167 2270
10091 9690
50 67
8762 7938
18 917
5153 4740
8306 9133
5086 6022
6553 6634
8212 7753
2486 1709
5587 5854
3258 2336
7125 7054
7962 7359
73 113
8081 8896
11 235
1420 1241
111 1036
8255 7590
8343 9212
10504 9895
66 169
6419 6061
917 1810
2863 2863
1717 2125
8149 8141
2876 3750
4104 4760
4794 4651
4286 3447
8087 8766
68 778
7614 8141
7533 6721
3441 2548
7119 7475
3644 2856
9240 9803
7925 7935
4198 4338
5032 5359
7172 7996
6624 6996
9079 8333
9344 9732
4411 5341
4540 3585
8385 8675
6998 7280
97 595
1521 2463
7118 6564
5112 4986
2984 3877
6922 6130
9740 9081
8893 8227
4158 4582
6587 5809
9333 8513
1282 2170
6059 6695
24 572
364 1059
5517 5089
87 859
2555 2967
9424 8471
7202 7014
458 1421
8247 8490
6507 6335
363 1334
8736 9477
8069 8546
4607 4117
2866 2057
6605 6876
6174 5836
838 1634
4100 3702
4771 4768
6328 7322
6457 6527
3340 3958
1763 1105
7616 8585
6205 7175
6486 6456
3415 2602
3937 4766
3496 2594
3351 3541
8614 8362
2124 2692
6890 7275
1804 2641
1698 2628
7643 8420
9112 8400
5175 4376
6221 5951
1346 1181
30 739
2017 2338
6251 7008
51 648
3464 2968
5939 6207
9717 9743
1493 1733
91 154
28 381
4146 3719
7781 8563
8222 7989
8157 8936
9166 9629
2802 3322
9218 8987
1978 1657
5703 5372
8803 9258
5459 5592
5737 5093
8433 8216
8582 9325
30 665
4625 4113
26 524
5218 4239
93 237
5949 6571
3273 3341
3887 4370
1753 2645
5590 5980
8149 8699
8509 7636
4761 3852
5645 4822
6201 5890
4073 3874
3243 3599
5496 5868
86 384
8431 8931
733 1594
1425 2252
2318 2394
66 582
2106 2649
8465 8937
5373 5714
9752 9454
1052 1404
9146 8754
2786 2925
5562 5648
9593 9989
3598 4317
1940 2144
4093 3943
61 263
3207 3432
6502 7461
5738 6652
1224 1142
2890 2772
3404 2994
3417 4304
10749 9850
4069 4099
5976 6741
58 627
41 340
5104 4949
6090 6737
6139 5402
8944 9425
8248 8086
5659 5975
4585 5006
67 357
2779 3435
8268 7448
4807 4072
2809 3715
5298 4685
4462 3623
1083 1660
9402 8722
958 1305
2456 1563
5603 5694
6187 5589
5815 6125
3543 3442
1907 1763
1605 2060
3933 4218
6612 7015
5190 5202
6005 6863
6099 5554
7897 7429
1845 1580
3944 4757
5696 5424
6703 6697
9087 8981
419 1049
10464 9498
57 237
8971 9830
7773 7244
85 666
8516 7950
5064 5383
9264 8492
7666 8354
8014 7259
5679 6396
9572 9562
8709 8017
7052 7119
20 621
5839 6041
1766 2279
8938 9559
33 695
8476 8170
8656 8721
936 1466
20 310
7112 6862
7481 8008
5491 4672
39 840
6904 6220
5321 5989
35 907
1496 2158
3520 3831
7792 7133
58 85
9249 8814
2358 2010
4543 4139
4152 4080
5156 5407
6641 6731
8380 8715
5386 5415
9266 9265
4522 4518
94 999
1724 1028
9058 8112
1749 1097
5937 5526
8156 7350
4917 5306
1487 2108
4896 4754
8041 7246
34 718
12 67
5679 6557
2943 2049
54 457
45 506
95 247
9240 9082
113 1103
2731 3428
7620 6816
8124 7839
5292 5725
2724 2011
10209 9772
9299 8590
7693 8619
8638 8370
5471 4614
8051 8575
39 372
6319 6539
5050 5116
9132 8507
6375 6342
3636 4610
2195 1430
5006 5922
8536 8649
8529 9077
7673 8095
1364 1561
8839 8298
1415 1993
4780 5153
4848 5171
6075 5120
9759 9380
3730 4220
3412 4321
2036 2271
7911 7990
2152 3138
7250 7457
2812 2200
5992 6639
10392 9544
4831 4559
4235 3790
8679 7922
4939 5240
2456 2788
48 507
3418 3001
1977 2794
2819 2580
7258 7438
9616 8832
9419 8885
2019 2509
99 576
1347 1038
1868 1183
943 1610
8112 8885
53 567
39 759
7809 7259
2550 2823
4099 5045
4716 5459
7210 7175
2395 2764
1486 1427
1567 2441
7891 7373
8512 8449
9701 9306
4775 3784
55 806
4184 3623
6665 5815
1828 1161
3643 4551
10038 9432
3204 3456
6014 6816
10395 9431
8539 8921
4576 4542
8265 8875
7120 6896
7638 7441
4613 4316
6056 5205
1809 2274
8971 8877
4587 4530
33 687
2563 2443
58 516
4148 4498
3287 4023
8460 8521
2462 3062
7782 7079
5950 6356
6460 5941
7808 8539
7724 8334
10874 9898
4082 4739
1018 1245
7077 7130
4990 4944
6754 6735
4582 4324
3065 2773
2695 3550
8336 8970
10618 9778
5780 6212
7740 7303
1443 1758
1624 2179
6929 6004
6255 6437
7154 7118
2168 1180
7407 7347
8573 8379
4456 4951
7161 6245
58 330
3648 3425
5416 5146
5992 5873
8617 9208
8682 9201
7373 7704
2147 1367
9085 8821
4142 3408
3660 4107
9773 9028
9036 9175
7803 7981
39 562
82 482
7965 8095
2298 2379
8073 9066
7927 7845
10171 9933
7375 7662
935 1586
1130 2100
8426 7897
7883 7912
3005 2443
3082 3923
7186 7042
5883 5733
4873 3961
7509 7429
3367 3547
2629 2453
2205 2995
1868 2527
6374 6350
9773 9362
2050 1214
9398 9971
8094 8882
84 531
8653 8688
10207 9732
8231 7303
3078 3221
4488 4471
9130 9694
941 1833
1870 1016
6870 6895
33 951
3543 4120
2929 3685
12 82
9798 9486
2945 2160
733 1440
4286 4160
5656 5935
6004 5559
5551 5993
7792 7242
7442 6680
2352 2995
8874 8764
6596 6859
7273 7049
9266 9362
5670 5214
3465 2840
581 1141
8403 7427
5234 4945
3846 4257
3857 3734
3309 4243
4132 4301
7805 7061
6380 7134
8406 8174
1903 1656
10363 9948
3484 3753
144 1099
2992 3649
1906 2283
248 1196
15 674
9357 9744
1100 1072
6257 7143
3311 3370
2472 2620
5489 6207
4137 4554
3877 3298
250 1048
20 67
3038 2067
52 971
1914 1162
1775 1863
3468 2633
5302 4638
38 51
4017 3405
7486 7635
5368 6352
5254 5833
3730 4658
7526 6700
62 585
8155 8013
2294 2958
3655 3305
5696 5203
7729 7447
2612 1638
3815 3268
6712 5998
8756 8122
8006 7920
2398 1543
9203 9000
8682 8323
8541 9100
8718 8233
7426 6848
5018 6013
3207 2992
1508 2396
1532 2052
9579 9517
2335 3054
7976 7028
7382 7821
8816 8888
782 1221
4618 5094
39 983
2049 2513
2873 2936
3809 3051
6943 6285
4256 3749
30 939
2900 3046
93 229
6070 6928
2928 2945
5871 5832
2522 2576
8504 8597
3757 4268
2765 3509
6755 5956
3490 3652
10018 9053
8743 8534
6641 6605
95 267
4872 3902
10488 9945
2038 2404
1289 1505
9757 9268
3105 2324
1797 2720
2100 2552
9448 9822
4603 4353
10307 9702
1697 1513
7512 6828
4903 4270
4083 4287
48 797
7911 8837
10581 9714
927 1802
7681 8267
1957 1754
9546 9029
9742 9803
7785 8271
6677 6426
5692 5667
6028 5860
5321 6139
10114 9677
1170 1917
8037 8243
4208 4904
10411 9887
15 682
2223 2796
1746 1738
3556 2569
4959 4532
6622 7612
952 1578
8985 8815
5495 5029
3212 2907
8551 8881
8877 9699
7584 7631
2055 1212
8019 7510
5546 6301
5460 5668
4870 4488
6698 5828
2574 2611
5474 5257
2755 3530
4867 4018
10109 9902
3491 3580
5297 4564
5795 6623
6355 7001
1742 1976
7070 6177
1618 1765
10573 9769
2872 2752
7794 8369
5659 5096
8365 7747
8956 9849
9441 9286
6958 6293
39 324
8970 9009
8585 8421
6070 5234
5912 6353
7212 7444
6552 7200
6825 6179
5901 6449
3882 4669
3866 4193
8175 9002
10426 9784
7934 7963
4783 4605
2911 3178
5006 5750
2448 1471
2958 2467
9392 9339
3093 3102
7320 6659
10473 9918
3240 2808
8093 7357
651 1455
2847 2646
91 743
6699 5858
54 763
94 328
3327 2984
5395 5676
64 402
5783 6739
38 214
5233 6157
3689 3213
8387 8198
1488 2457
9449 8774
5466 5216
4244 3609
893 1238
9376 8709
6858 6266
7918 7041
4151 3799
1954 1349
9098 8778
9039 9707
3694 3810
9370 8658
4804 5698
8225 9022
4256 3956
6652 7351
2823 3422
745 1211
8136 7297
9848 9962
8475 7896
7034 7941
4993 4031
6782 6478
2648 2508
7567 7913
7922 8117
1756 1090
4188 3581
3367 2572
9762 9130
3685 4519
4621 5368
2343 2563
9990 9002
1705 2587
5461 4573
6606 7318
4250 4945
5924 5691
16 472
8635 9611
8304 8206
5733 5740
6702 6580
3847 3084
2784 1861
7665 7747
9729 9336
4441 5266
7792 8271
1719 1098
6658 6737
8095 7988
4355 5333
6974 7128
6567 5659
3849 3176
975 1206
6548 6905
2831 3010
6190 6233
2360 1777
3803 2948
10589 9794
9578 9645
5167 4662
6505 6741
7759 7506
11 996
9466 8725
1197 1967
4330 5013
7163 6490
9423 8980
5299 5137
2154 2820
6420 6749
1673 2543
10170 9390
6664 7297
347 1045
4329 5134
12 915
4919 5845
6914 7638
1788 1780
4638 5384
9102 8290
7007 6565
95 972
4704 5489
3668 3871
7438 7425
4831 4410
8350 9047
6906 7672
95 540
7079 6199
4506 4564
22 775
8055 8444
2366 3197
3786 2921
2138 1949
3068 3052
5889 6705
1553 1851
6582 6430
7181 6696
5477 5208
3314 2874
6568 6015
9515 9971
2441 1927
8725 9188
5620 6303
3874 3496
3182 3037
37 593
3052 3988
9440 8948
1758 1536
671 1644
6983 7315
7442 7466
2981 2746
8223 8543
4350 4906
1896 1730
1132 1984
8461 8353
8677 7994
9507 9025
7321 7029
3999 4222
8359 9157
4483 4236
1539 2355
74 728
1782 2488
4073 4824
7121 7860
3181 3869
8757 8255
9747 9147
935 1694
7906 8353
4296 4944
9367 9687
53 86
7518 7590
9487 8713
3473 3531
3566 3005
7360 7146
7572 7386
1896 2835
8992 9620
2248 1852
4102 3500
6451 6129
1463 2210
4158 4543
8052 7741
6857 7371
8275 8959
7465 6781
10387 9933
8401 9128
6208 7197
9812 8897
3447 3220
6000 6136
4029 4254
774 1766
94 166
9328 9138
2660 3454
8103 8100
7623 7141
2714 3698
2428 2414
36 29
7393 6922
52 238
6861 6694
8037 8868
4229 3438
4699 4199
65 332
537 1276
4877 4479
5024 5699
3213 4213
8394 7468
1319 1156
2300 2188
6142 6291
6510 6629
3773 3365
3032 3503
9032 9068
2818 2091
2454 1769
9850 9415
4695 5172
3719 4382
4232 4079
1329 1790
1204 1574
10674 9730
5637 5873
8820 7870
8345 7402
1795 2515
1613 2102
8728 9587
3551 4202
856 1677
776 1104
4443 4040
4565 4134
9822 9284
5467 5204
5313 5851
1797 1581
2477 1592
1155 1750
7640 7533
4341 3551
1731 2262
3399 3933
8597 7818
9915 9633
5222 5186
4826 4742
266 1136
1166 1792
4664 4491
7051 6122
2374 1492
7276 8235
9572 9973
6510 7259
3328 3482
6581 6194
8230 7783
6988 6742
5555 5355
710 1182
2008 2877
6104 5221
72 926
1666 2424
4890 4722
7491 7687
4990 5595
7784 7645
8113 8303
1119 1580
27 888
3861 4417
7399 8183
3729 3360
6839 6615
3733 3125
7981 8342
37 383
1770 1116
10824 9951
9338 8831
6201 5297
5474 5782
6014 5718
4470 4045
1354 2277
6973 6008
8833 9686
4212 3969
4792 5133
2671 1843
4300 4057
8659 9426
8843 9322
4293 3986
82 215
73 497
11 269
4209 3912
3131 2956
10109 9401
6192 5785
82 451
9146 8917
10009 9544
6017 6467
62 251
72 722
8792 8187
9655 9504
7204 6736
3058 3137
2266 3262
1907 2742
9061 9162
7882 7156
2517 1540
7120 7498
1598 1035
5563 5693
6824 6709
1313 2228
10437 9483
4859 5220
7617 7989
9228 8706
7949 7585
6332 6663
2335 1473
7180 6728
1403 1444
3765 4598
5477 5456
7673 8126
5688 4799
4405 4212
7317 7923
5899 6408
7516 7939
6960 6133
6318 6553
5991 5730
4265 3870
5936 5354
2574 2630
8109 8833
8578 8624
2900 2530
2612 2568
540 1011
2905 2982
2640 1905
8461 8592
4247 5089
3862 3181
1792 1731
4962 5726
3974 4214
92 779
9385 9943
7819 7059
3329 3924
6085 6047
10185 9764
3794 3995
5588 5979
9203 9471
7315 7882
4511 3531
5399 4510
8221 8595
5673 5887
7617 7751
3257 4119
4295 4341
2719 1837
7267 6691
3278 3118
2543 2081
7577 8150
4674 5311
8432 8486
3637 4359
1528 1437
8089 7935
8883 8373
5283 4598
5909 6677
99 638
3114 2412
5732 6388
1943 2653
60 352
9131 9107
3084 2885
6971 6564
1319 1780
7664 6703
5372 6365
7709 7698
3449 3965
3843 3118
3138 3892
8888 7982
9139 9046
1843 1107
1520 1732
5838 5864
7577 7338
4431 3855
1654 2165
5530 5151
7159 7771
5338 4751
1748 1918
5802 5242
3798 4048
1889 2086
5126 5738
6460 6932
8525 7627
7523 7739
7911 7787
2484 2328
2933 3384
9364 8903
97 292
7346 6504
610 1283
7674 7661
1503 2099
6146 6083
7642 7379
4371 4796
5958 6445
1288 1072
4163 3216
36 369
1947 1407
6041 6203
6052 6484
2814 1990
1617 1497
7590 8421
1564 1670
5490 5751
1915 1577
1600 1827
5306 5794
4823 5202
9948 9541
8231 8832
4655 5326
5787 6527
7341 7194
7218 6460
2035 1069
9032 8866
7184 6684
8166 8613
827 1167
85 347
2903 3308
6591 7400
5501 6003
7357 6606
3545 2666
2844 3544
8566 7679
9988 9725
5304 5962
3065 2467
2899 2022
8425 8763
10559 9716
8344 9063
8981 9716
2358 2701
3215 2810
10 109
3556 3609
7254 6317
3369 2591
7530 7384
2585 2509
52 222
10142 9440
4809 5064
2068 2448
8684 7802
6740 6888
8133 8201
8699 7848
8169 8672
6989 6405
10391 9535
1479 2475
2665 3033
1007 1474
7214 7680
5536 5468
5296 4771
6386 6742
7642 7027
42 190
1600 2269
64 396
4660 4405
3403 4332
70 756
9549 9997
2941 3332
5653 4667
4627 4048
4750 5213
8133 7979
15 128
9211 9536
2194 2213
3213 3997
67 585
4059 4013
6460 6063
5315 5362
1917 1063
62 58
20 640
6081 6304
6128 5986
5860 6847
466 1108
31 112
8178 9116
4357 4982
1246 1022
3079 2127
5920 6432
9303 9496
6415 5641
5229 4923
5175 4993
3706 4271
2540 2464
4639 4438
1445 1540
2704 1888
3147 3932
1320 1519
6375 5670
7376 7956
5592 4900
33 279
8143 8027
4861 4225
3885 2907
6193 5851
5645 4878
99 806
2143 2547
5985 5903
4922 5288
5047 5140
9845 9807
23 736
8435 8899
8956 9354
2129 2231
5228 5810
8142 8397
1135 1350
7437 7345
5560 6289
1823 2556
3955 4140
2588 2907
9423 9802
2086 1971
6663 6173
7066 6232
5943 6666
4321 4789
4372 4862
3640 4278
927 1013
6113 6980
945 1907
7435 7463
5751 6259
6987 7394
5486 6087
4703 3821
4744 4501
2735 2342
96 963
88 926
3823 3149
3520 4103
9748 9473
10167 9600
7876 6924
4773 5215
1230 2010
7613 6917
7052 6832
4583 5207
7632 7683
2742 2162
60 762
7575 7991
1967 2922
2777 1808
2876 2866
3405 4177
7983 8686
3572 3923
65 130
9321 9813
4269 3310
1691 1207
4353 4318
5629 4640
6839 5998
62 35
6361 7213
5921 5837
4282 4904
1119 1454
9312 9394
4908 5588
2961 2472
13 225
9091 9397
5670 6324
6577 6038
4222 4630
42 413
5927 6927
92 507
81 890
6234 5489
8356 9339
9350 9586
3951 4273
3850 4466
3095 3155
8631 9510
5335 4956
3732 3087
4548 4468
4563 4242
6055 6583
7326 6477
8964 8558
1947 2863
41 360
4752 5656
4037 3517
9034 9545
7091 8032
2791 2575
5635 4811
18 33
4655 5494
8459 8468
20 36
10733 9890
3768 4521
2976 2669
2069 2422
2789 3051
93 55
17 603
5311 4867
6903 7171
8246 7482
44 879
8252 8152
10236 9299
3043 2264
5865 6273
6131 6910
2684 2219
8634 8260
79 652
6317 6029
7474 7968
6912 6634
7592 7303
7711 8521
16 668
49 747
2239 2780
57 664
7485 6747
9829 9346
4459 4838
935 1872
76 412
8205 8592
9857 9453
6423 7076
2569 3406
7489 8263
2288 2991
4581 5485
1164 1844
8035 7604
6479 6029
5390 4395
1577 1447
4951 5682
87 718
5368 6318
5990 5630
5573 5065
1664 1329
4870 4361
4350 3471
1589 1442
807 1345
2350 1388
6405 6915
5088 4541
5614 5274
8483 9155
2227 1431
46 229
2507 2753
5511 5429
4632 3910
86 75
1618 2273
9358 9964
90 643
2328 2605
8424 8319
9017 9668
4319 3732
8241 8318
9516 8527
3812 3718
5376 4726
4147 4096
10138 9362
58 477
6258 7086
5856 5971
65 695
3985 3947
10359 9369
10390 9418
7187 6630
10 54
10770 9979
7170 6418
86 367
9437 9746
6580 6339
6837 6240
10734 9752
1594 2420
9188 9776
3323 2371
1189 2104
4958 5826
5641 5660
763 1170
2789 3184
4439 4069
2750 2595
6945 6051
4767 4804
4385 3513
1522 2278
3386 3176
5396 5198
5463 5881
6300 5419
1940 2437
8554 8896
5608 5733
23 97
7038 6116
3918 3248
10083 9246
7140 8046
4765 5102
8920 9854
4460 3509
6207 5724
9332 9661
3987 3668
13 27
3540 2790
4068 4999
7031 6205
1531 1511
758 1229
6320 5452
7307 7083
6898 7718
8913 9003
37 881
78 589
7872 7336
5283 4371
2740 2626
2642 3071
6224 6229
4579 5362
4934 4503
5082 4320
7587 8370
3809 4328
7181 6284
8453 8305
5560 4787
4914 5652
7627 8373
1227 1494
42 393
3286 2649
4207 4980
3122 3664
2365 3065
3824 4490
7016 6974
4702 4803
4147 3327
7774 7216
4075 4418
7013 6317
8838 8270
7072 6622
8882 8959
3818 3539
4955 5052
4797 4937
7628 8488
7173 7763
800 1119
43 142
9176 9021
9681 9408
959 1623
9426 9655
4010 3226
2427 1575
3984 3434
33 824
1424 1921
4876 4709
4253 4718
4397 4475
4277 3972
2698 2919
26 353
4896 5714
8517 8498
8733 7868
7616 8334
5227 4230
3794 3378
6468 6383
3439 2564
5524 4822
1720 1960
7772 8013
8507 7610
2938 2339
1344 1359
8111 7273
3819 3208
34 353
9894 9430
1830 1876
8467 8651
16 32
6602 6967
3751 3039
4787 4298
5987 5428
9114 9296
64 11
8581 8031
7696 8390
55 56
8934 8782
1943 1096
8512 7839
98 601
6366 7024
1090 2041
9852 9611
3008 2788
2898 3240
678 1143
7429 6918
5206 4463
389 1197
1544 1743
5514 4645
2283 1370
36 416
8688 7778
4133 4812
9851 9366
3960 3419
8473 8511
5177 4680
3094 3880
5000 4761
5816 5087
8623 7731
5231 5216
9543 9250
2995 3933
2791 2419
3224 2734
3644 3606
8726 8315
6880 7825
9039 9904
1486 1208
45 295
3977 4043
1025 1292
3812 3396
5408 6039
1348 1249
29 381
8974 8918
61 191
481 1462
1804 1346
7319 7181
6608 5760
7714 8670
8915 9778
4245 3976
33 746
8147 8507
6201 6134
7050 7841
5037 5914
7100 6832
3013 3034
6714 6938
7194 7946
2102 1303
67 712
642 1110
7184 7540
7117 6231
5487 6139
4966 4559
2257 2976
7150 6655
7477 7018
8958 8346
2563 2907
6802 6118
66 894
9384 9079
10107 9998
24 114
2488 3102
5852 6793
3167 2790
6879 6334
2447 2913
47 177
2939 2925
8851 8210
18 455
1879 1738
3640 4299
8385 7499
7857 7201
8810 8739
1795 1948
59 844
11 57
9013 8514
6773 6205
8780 8397
4857 4518
8248 7326
4614 4353
6082 6219
4507 4332
4065 3215
1590 1870
8488 7837
51 635
36 537
2009 2790
3571 3009
4857 4684
2600 2862
9153 8936
1673 1744
4471 3833
8746 9153
4321 5224
7706 7198
41 763
8031 8396
9240 9111
3780 3560
7312 6618
3667 3287
2067 2403
8264 8021
5053 4524
2857 1965
6443 6470
9625 9757
10298 9553
5186 4472
5627 6298
655 1552
2910 2945
4643 4382
6410 5892
2592 1793
2687 2002
8405 9369
2419 2098
2042 1521
4677 3954
48 586
5664 4718
3331 2799
4969 4649
3789 4367
6776 6050
1599 2521
7215 7858
7155 6267
6901 6313
67 562
3486 4288
2214 1880
10176 9622
9691 9146
6309 7143
7441 6878
9240 8777
3291 3895
3254 2450
13 547
7520 7017
6385 6017
7740 8695
7801 8749
9130 9694
6161 5345
8677 7779
6725 6461
4892 4979
6462 6263
1150 1013
4647 4116
16 704
8557 8253
5781 5183
10196 9537
9741 9144
2673 2887
7320 7217
18 912
2493 2094
5427 6046
6259 6337
1452 1871
1719 2326
8578 8028
4623 5381
4226 3673
2276 2011
7994 7222
1877 1085
8232 7812
7691 7127
4426 3521
98 211
5124 6013
4503 4275
4755 5236
5754 5651
1370 1145
7534 7646
5284 4614
6926 7511
6100 6017
5485 5117
556 1042
11 423
5526 5787
46 634
72 724
2193 3104
9132 9958
878 1683
3134 3685
44 447
7967 7558
6273 5663
3209 2522
2766 2880
2290 2036
7144 6799
4805 4935
4223 3389
3888 3304
2786 2658
47 902
6184 5350
31 17
1729 1573
7125 7857
6775 6427
5200 4747
2487 3464
28 668
3443 4060
1888 2886
3774 4466
2948 2179
1892 1319
5617 5397
6151 5538
1812 2809
7203 7760
7983 8231
7392 7070
26 371
2509 3228
4708 3945
34 353
8637 8215
2912 3414
49 822
4173 4244
7547 6590
1413 1565
5182 5681
2824 2297
6251 5354
7478 6713
2770 2521
3627 3885
456 1361
3552 3792
6415 6606
6031 5163
4336 3743
7540 7930
1930 1427
81 689
9079 9833
6826 7212
7754 7036
2115 2563
4796 4369
7936 7760
7800 7514
8432 9311
8949 9240
1262 1227
6035 5756
7395 7527
1256 1238
6490 7277
8567 8852
3557 3650
3952 4371
6328 6464
7811 8598
2840 2534
49 946
86 671
59 611
7717 6771
6180 5707
9419 8838
9397 9373
8564 7567
4573 4276
2243 2153
3767 3060
808 1505
3624 3502
40 533
4522 5139
8988 9896
6458 7025
6957 7201
3295 4256
54 748
7472 8298
2522 1703
5522 6134
11 23
8572 8231
2747 2062
9259 9803
5392 5316
1064 1830
1458 1584
7405 6419
1039 1519
59 608
8407 7545
3392 3714
6191 5827
6876 7591
2199 2195
2716 3326
7295 7570
8224 8508
5428 6204
2235 2765
6770 5787
2141 2735
7454 7611
8053 8169
8543 7914
5260 5603
3678 4202
7996 7372
4057 4637
4630 3909
2000 2684
6372 6474
7322 8080
5231 4535
4717 5594
2520 3342
58 935
2441 3218
98 426
984 1814
3156 3846
7353 8207
2935 2014
8168 8015
6941 7135
3751 3117
6567 6246
8853 8212
2550 2084
5758 6052
5854 6236
69 209
5778 5440
39 314
1690 1019
6606 6223
2051 2388
8041 8525
2636 2356
6243 7238
3541 3322
8508 8286
1994 1874
8279 7344
83 892
7656 6786
3993 3501
8800 9005
3181 2727
8384 7545
10548 9972
6834 6776
1895 1029
6889 6756
7201 7974
8679 8981
4031 4201
5614 5665
42 803
5696 5150
4127 4004
7921 7242
9053 8389
9288 8690
6751 5901
42 928
5621 4642
5229 4460
10399 9959
5696 6622
6605 6074
3558 3638
5458 5204
5329 5337
8668 9249
1987 2289
8201 8623
7306 6723
6618 6181
5615 4672
9377 9468
9622 8931
6598 6787
3819 3474
77 656
860 1773
3193 2714
6386 7059
4535 4440
3259 4050
4429 4210
6283 7174
92 302
99 322
97 495
3762 3345
9342 8402
85 253
5851 4873
14 948
2967 2264
5716 6658
6178 5632
2412 2086
7702 8061
8769 9629
5996 5823
7976 8495
4407 4089
8838 8932
4345 3539
1138 1186
4370 3957
6481 6666
9553 9458
9104 9298
2339 1446
8452 7919
5891 6299
9648 9702
2710 2781
7662 8233
1921 2444
929 1778
3529 4360
9432 9705
2622 2463
6254 5826
10371 9452
4926 4400
3459 3162
6279 6348
19 305
5404 6196
2554 1563
7904 8531
1771 2695
3671 4640
4296 5096
9711 9531
97 711
2514 3403
6299 5803
2509 1954
6346 6036
3531 4140
1746 1728
7510 8370
8143 7677
10572 9871
8428 8843
4027 3119
3818 4257
4062 5015
9461 9604
8000 8407
73 605
2004 2330
6457 7177
73 612
5742 5458
3826 3296
7384 7422
6462 7284
5162 4974
7824 8713
8631 9045
43 855
6307 6618
4172 3600
7661 8400
5196 5287
7286 7926
10031 9880
2562 3478
4868 5574
67 502
5667 5159
8738 9315
7969 8166
5882 6552
5525 4661
8968 8637
6662 6385
7307 7309
8062 7137
2281 2359
48 185
5465 5010
8905 8885
6070 6065
814 1787
32 210
9988 9518
1093 1613
7161 7027
30 838
4574 4014
8613 8058
10078 9272
8189 8161
6579 5828
5650 6607
8306 8503
4702 5625
7140 7567
32 365
4060 4987
2275 2021
2208 1261
4728 5245
9076 9009
2133 2629
1907 2714
7974 7380
9146 9576
7136 6469
7890 8140
4478 4858
3963 3986
8797 9561
4160 3319
4958 4140
6097 5599
4477 5235
6203 6876
8177 9002
3503 4427
5654 5877
4829 4962
9385 9702
81 361
9254 9018
9687 9611
7481 8251
4408 4773
7147 6692
663 1332
3644 3680
1584 1545
9854 9052
4401 3873
4443 4240
4398 4288
5867 5037
6951 6734
8501 7654
39 394
2268 2027
10777 9897
1256 1708
7485 7268
8415 8351
744 1099
3885 4842
8352 8565
7739 7368
904 1778
5092 5968
9116 9041
3295 3795
4945 5237
7694 8493
1851 2500
7962 7777
7577 6956
7447 6802
6241 6013
1522 1338
8708 7788
44 77
6238 6572
3425 3938
4302 3659
4934 4285
5771 5853
6053 6421
5375 4881
977 1046
9239 9954
5108 4466
9088 9104
2046 3023
2692 2367
2568 2521
23 843
8209 8000
4368 4456
1591 2285
4311 3390
4639 5114
1983 2562
4216 4146
8973 8286
5192 4906
8202 8296
8760 8090
8056 7624
2072 1603
5158 4800
5108 4647
6387 6482
833 1365
9916 9972
5048 5176
1522 2331
4323 3810
8036 8857
5200 6030
9401 9851
4760 5246
3061 3045
24 1003
2467 1693
4655 5595
951 1355
2771 2580
7620 6843
2222 2575
8438 8803
2639 3237
1683 1135
5626 6413
2347 2880
5298 6153
63 941
3720 4202
8501 9423
89 331
47 888
5235 4622
7676 8534
7921 8628
44 548
6502 6905
8327 8277
2041 1262
10141 9928
5732 6658
4940 4652
63 27
5346 5531
5394 4933
34 136
98 330
77 476
54 678
2141 1220
83 254
6562 7503
2162 2253
1621 2484
3767 3877
3563 4281
5990 6951
4209 4045
3972 3660
7556 8090
3979 4169
5128 5336
4265 4934
7011 7169
8560 8681
2195 2047
5199 5105
4421 4936
6600 6406
86 364
5757 6699
5005 5042
4224 3495
6278 5436
10001 9619
7221 8215
3404 3045
3115 3142
643 1530
6532 5875
7026 6057
3498 3951
8211 8194
9514 9993
7611 7126
4690 4977
3620 3525
5804 5056
4897 4251
63 422
6135 5637
7507 7593
4212 3405
38 101
7204 7785
8644 9622
6781 6160
7003 6236
97 645
5096 5132
7170 6390
825 1016
8051 7294
6651 6051
6527 6210
4449 3899
9383 9276
7268 8148
6502 6627
4174 4865
9057 8418
3430 2461
6141 5414
8187 7921
53 196
9901 9423
7330 7323
85 787
2673 1826
5573 6425
7029 6133
1285 2265
6735 6742
4092 4409
5389 4503
7779 8707
5629 6189
25 830
4421 4844
9034 9641
6703 6333
9052 8635
5991 6714
6943 7677
5048 5046
7901 8180
3541 3959
5757 6317
2914 3913
3511 4273
20 733
8167 7883
9237 9596
8973 9760
3499 3246
7486 7109
8109 7964
2098 1745
8272 8845
10007 9846
9324 8351
6628 6454
6820 6909
10970 9998
7499 7851
5089 4822
4305 3544
6276 5540
8449 8509
3858 3174
10336 9821
8285 9010
8638 9559
6554 5764
9105 9975
9869 9201
2276 2445
4935 4592
8868 9316
2517 2076
7439 6783
2782 2700
9667 9319
2279 3159
582 1473
6209 5328
88 737
7364 7111
1208 1200
8451 8286
2264 2658
2688 3593
7259 7195
5627 6563
3182 2797
3285 3942
8633 9608
3943 4026
4468 3738
4636 3775
2231 1765
3183 3878
4150 4695
8672 7801
3839 3712
6421 6330
4579 4116
5121 4406
9714 8827
1593 1919
6265 5993
3173 3194
3692 3275
67 87
8082 8020
3968 3918
68 402
7056 6887
8070 7781
9091 8750
2611 3261
6076 6790
9385 8624
5201 4331
3037 2346
6136 6866
38 188
8986 9675
87 634
4872 4542
4671 4833
8551 8333
4600 5128
3360 2443
6426 6239
7316 7964
3143 2335
4310 4095
1838 2141
4985 5922
7546 8454
7471 7282
7738 7845
2494 2697
7077 6193
7962 7798
1750 1303
8674 9292
6389 6036
5946 6669
1493 1264
1186 1533
6828 7250
10 371
6566 7518
3568 4187
20 271
8425 9212
91 212
9700 9871
4169 3886
9840 9360
5969 6533
3486 3388
2643 2905
18 204
6002 6358
5591 6217
6521 6618
5734 5844
5631 6532
3347 3211
91 1000
7507 8261
5062 4528
9631 8698
9072 8688
2419 3371
9168 9198
5762 5926
9838 9382
5796 6766
8841 8769
5068 4555
7066 7493
7035 6852
3917 3206
1262 1483
2501 2267
2689 2193
7766 7082
2524 3489
7562 7509
2021 1367
8776 7866
7910 7968
3318 3719
10228 9930
1447 1190
5130 4542
1628 1816
6808 6575
6349 6052
1102 1447
5001 4755
33 128
4707 3973
80 821
4308 3828
3108 3815
6871 7797
1979 1710
9203 8813
8368 9102
4698 4985
82 733
8129 8869
2855 3719
642 1117
3545 4011
7840 7534
4229 5088
72 174
8994 8762
7056 6763
6627 6617
1809 1576
7073 7304
4836 5428
4574 5572
7780 8175
5628 4892
27 926
6762 5834
2832 3182
77 405
7592 7438
1315 1715
53 394
51 168
7849 8230
9400 8492
3815 4321
5770 6198
1588 2332
6479 6452
6900 6365
7522 6673
2458 3269
87 807
8880 8416
9367 8495
2476 1798
8408 8050
6723 6255
8045 8024
4505 3813
8834 7892
9125 9586
5735 6201
6215 6168
8846 9450
5834 6035
51 399
8563 8793
1108 2077
9524 9860
9364 8371
2495 1954
9316 9003
7720 6886
9534 8613
6860 6595
5734 6669
5226 5338
7800 8052
5613 5902
5050 4381
6111 6337
4156 5081
5782 6084
8586 9439
6491 5953
9558 8673
3452 3174
4183 3445
6628 5942
3684 3817
2327 2219
5483 4979
1605 2124
4069 4710
88 325
4370 3841
5700 5055
6713 5906
80 933
5370 5738
3472 2869
1509 2082
9294 8719
87 474
2661 3198
8282 8406
10244 9827
2489 2554
10478 9766
5479 6419
9264 9721
3657 4603
4477 4371
8268 7435
40 464
2337 3010
8898 8191
51 824
87 66
2511 2548
5853 6393
5467 5740
3657 2913
8607 8789
5897 5391
8045 7306
6505 6747
6773 6077
3467 3127
3022 2572
9963 9157
1320 2303
4756 4276
80 768
8597 7903
901 1859
3081 2201
8890 9273
7884 8415
8398 9385
4854 5222
6813 6708
10039 9662
3854 3765
67 391
6877 6506
9061 9842
5581 6144
3622 4160
7817 7459
2479 2631
3640 3116
4798 4100
7405 7159
9650 9792
3518 3955
9244 9059
7478 7876
7826 7997
7139 6706
3100 3829
2819 3265
2014 1042
84 563
6144 6664
2992 2296
7894 8249
6252 5415
2909 3705
7412 8248
10669 9866
6875 6846
90 212
100 330
2954 2873
7230 6907
5998 5013
6933 6863
2599 2975
1229 1853
2447 1614
557 1407
7085 6403
8088 7481
66 781
4902 4652
2955 3797
1815 1859
5267 4373
1950 1123
6792 5944
8548 8046
9392 8552
7421 6890
6806 7052
5376 5011
49 987
7933 8814
6536 7485
4059 4837
1043 1219
9294 8788
96 582
12 371
4114 4339
4078 5008
9475 8583
8198 8486
8047 7155
7885 7236
4663 3809
7435 8233
3818 4355
5152 5564
4507 5064
7509 6657
6437 7307
6257 5869
12 239
20 715
5336 4538
71 176
