4939
50
14426865
106 101 103 102 107 103 100 98 103 103 91 95 105 105 96 92 106 90 99 107 96 97 106 100 108 109 91 91 96 94 93 95 90 95 105 102 93 90 104 98 90 93 98 106 99 96 109 92 98 93 
-121406 -108953 -116970 -110800 -113859 -119875 -119868 -110923 -125440 -113552 -103266 -102617 -118876 -117639 -103514 -112615 -112815 -104875 -105427 -112963 -96561 -97593 -113724 -108229 -108535 -115288 -105504 -86138 -98040 -97318 -106069 -98765 -100551 -105504 -120438 -115820 -106236 -105544 -108469 -105497 -104130 -104079 -96926 -123370 -108786 -107030 -125986 -93362 -102978 -114300 
104041 95689 103360 97412 100498 104938 106196 94813 108550 99288 91096 90910 105548 103401 92179 97542 98912 91312 94154 101049 84715 85716 99127 94250 93823 102583 91134 79142 86479 89041 93099 87098 88393 93048 105630 101065 93681 93888 95251 92223 91067 89897 87859 107615 96993 92745 109832 82501 89880 98157 
3948 3492
1670 1469
5425 6302
7401 7306
6786 6539
2088 1864
6183 6827
8277 8234
3160 3973
8006 8132
4539 4919
4760 4836
5769 4940
6458 6062
8138 7654
3891 3929
84 330
5493 5487
7143 6348
2784 1971
4972 4353
4852 3961
2088 1649
9851 9873
4199 4592
5250 5124
2903 3418
7955 7758
7789 8098
4636 3941
5033 4094
9241 9360
8106 8064
36 901
7388 6747
5617 5792
3926 3764
7226 7404
58 773
7240 7278
4026 3138
8620 8647
3237 3950
94 72
2817 2191
8365 9079
7065 6617
8908 9728
2798 3671
818 1325
2457 2007
6048 5532
2669 2359
8903 8097
4065 4698
6042 5533
4536 3844
2299 3168
9656 9568
6758 6070
2996 2288
1365 2330
1643 2240
8136 7625
349 1333
7922 7333
27 969
4452 5000
4788 4140
9388 9735
8572 8817
6002 5597
2486 2176
6092 6322
6000 5511
8282 9132
2846 2184
4057 3647
8950 8187
3734 4698
63 331
1884 1267
7823 8277
8555 9325
67 331
5801 4875
3323 3019
2065 1822
9306 8473
6283 5391
72 112
5024 5219
8804 8671
59 96
3085 2248
2263 1839
9831 9828
7359 7142
4349 4054
5488 5182
6637 6886
1195 1015
9232 9377
10059 9282
9878 9551
9324 8865
6210 5486
2628 3371
1261 1375
6980 7259
3301 4289
3265 2882
7395 7559
6947 7870
1674 1029
8537 8606
5724 6137
5610 4955
8515 8004
24 945
1213 1232
94 309
7539 6934
2016 2233
2776 3573
9297 8574
8388 7900
9996 9689
7543 6746
96 202
8536 8819
42 47
9101 9462
1835 1760
7426 6868
2022 2931
2695 3689
8504 8907
8647 8496
51 666
2734 3356
3949 3261
3953 3322
3712 3567
4901 5374
1022 2012
2686 3385
9433 9678
51 899
2553 2440
578 1130
6953 6740
4337 4690
6263 5353
60 458
7261 7549
2472 1939
5410 5926
1159 1217
1049 1438
10562 9769
7601 8240
2339 1791
8660 7963
7980 7152
8545 8752
210 1032
6211 6254
4641 3999
870 1593
37 537
6664 6523
5912 5628
6934 6480
9120 9215
2556 2258
24 711
6614 5954
9748 9261
6446 5553
9405 9382
3519 3041
8689 7936
7218 7909
7352 7207
3997 4663
5927 6168
7839 7006
2969 3340
1212 1839
9258 8564
5503 5630
7964 8736
7920 8737
8761 8336
1129 1072
7311 6342
83 509
5926 6016
4204 3228
4496 5441
77 342
6047 6938
5788 5798
60 808
5275 4401
4386 4768
4197 4932
5561 5646
1895 2397
65 608
4337 3423
3544 4164
5525 5932
8878 9548
8952 9790
2564 1656
1682 2423
9421 9951
2615 2514
1852 1037
7595 8574
5612 5889
2329 2636
7077 6279
7350 7096
10443 9789
2640 2911
5000 5414
6181 5577
97 662
8353 7567
2544 2519
8673 8532
3122 3209
8799 9533
10336 9595
5638 6376
5841 5809
4501 3943
8955 9528
4731 5574
5329 6288
2027 1992
84 444
5121 4488
10038 9896
7816 8021
8133 7467
7760 7930
8342 7979
5438 4772
51 920
75 688
8329 9031
7925 8180
5636 5950
2797 2664
2231 1327
7356 6851
3277 3464
8652 8488
2203 2530
5389 5167
7468 7970
7967 7860
6948 7543
3467 2637
4501 5446
5445 5127
6157 6118
1577 1049
7717 7272
3865 4008
7564 7338
5267 5582
2645 2359
3603 4280
8400 8804
8206 7311
9389 8692
4683 4857
2086 1558
2798 2337
2709 3448
2333 2498
7121 7584
4059 3742
2130 1849
6524 7073
2083 1730
8507 8609
7613 8203
6421 6495
9099 8863
23 546
8443 8414
91 427
6307 5385
2953 3138
10381 9514
53 92
3123 3694
624 1419
5319 4579
1422 2204
1035 1906
4821 5456
8229 9149
4410 5337
8863 9489
816 1347
3456 3167
5955 6664
4220 4009
5738 5126
3075 3907
7457 7544
9031 9432
2583 2929
63 36
4546 4028
2823 3090
3137 2728
6605 6340
6098 6289
2068 2402
33 426
6555 6745
2697 2450
7027 7224
9121 8259
2957 2181
4446 4772
4930 4600
2977 2950
3660 4286
3607 3703
3699 3969
9784 8981
7686 8533
743 1247
9959 9757
9759 9844
8825 9121
2832 1939
8984 8129
2482 2792
2433 3012
8447 8985
5107 5726
7840 8643
2503 2709
5422 5991
8469 9252
79 30
3294 3031
8771 9413
6785 6873
4583 5505
7126 6739
5170 5662
9428 8973
4373 5019
1788 1052
1256 1990
43 144
7173 6464
7306 7629
1345 2141
31 700
3311 3415
2142 1809
8667 9594
8004 8586
6299 5636
1645 2383
5743 5063
26 763
7708 6796
8657 8203
9871 9416
5324 4425
2462 1716
9990 9609
2797 2657
4804 5564
3873 3027
2217 2734
2277 2729
90 176
10173 9487
30 937
3675 3909
5576 6349
69 994
6204 6285
7086 6474
4139 3277
9882 9261
5316 5048
4416 4713
6084 5689
1758 1513
54 741
7725 7540
4329 4247
6174 5758
4360 4050
6900 6612
5107 4594
5694 6383
7651 7730
1169 1250
2920 2921
8476 8947
7466 8346
5391 6239
4695 4475
6493 7261
5023 5632
9986 9917
9454 9087
50 74
26 184
5379 4664
1897 1583
8698 8765
2429 2221
39 527
5385 4863
6225 5417
5588 6041
4598 5580
4414 3701
2082 2053
6643 6506
6355 5745
7257 6690
1201 2144
90 956
5271 5302
9570 9045
2347 2998
5102 5030
35 619
5475 4563
4950 5530
6387 5582
3391 3786
8268 8824
6675 7373
3761 3990
3909 3775
6659 6710
2017 2228
55 888
7365 6857
5307 5932
319 1304
6481 6932
2966 2671
8989 8818
9862 9236
4187 3938
9615 8800
9382 8784
7303 7218
4933 4336
7498 6887
50 656
4016 4406
6806 5970
8600 7719
3789 4538
8243 7513
2738 3496
61 372
5642 5042
2023 1024
1563 1937
362 1259
1631 2180
4991 4555
28 332
6825 7217
3755 4012
6397 7248
2646 2721
5237 5612
4188 3568
1878 1292
9691 9352
8315 7848
6224 5822
3734 3382
6384 6057
3390 3994
9211 8771
2177 2476
7541 8471
2336 3126
9325 9464
887 1181
35 512
3163 2962
7130 6861
6844 7306
40 969
7101 7988
7366 7634
20 916
1048 1565
9177 8968
6038 6364
2350 3168
6950 6019
7833 7832
1560 1100
2279 3130
98 927
3822 4390
5615 6373
8457 9030
6485 6336
3302 3840
4825 5380
6061 6870
4219 4087
5135 4815
203 1163
52 491
7426 6896
7137 7519
5407 5998
8419 7900
4371 4269
5440 6406
8625 7969
86 884
8507 9285
2158 2556
1722 2676
7070 6615
3091 3424
80 607
2493 2220
8336 7714
7500 6848
2887 2783
2909 2926
1657 1788
34 65
5831 5862
4237 5175
2793 3029
6237 5366
10714 9736
9809 9317
2828 2008
7004 7627
9946 9050
10 981
5798 6182
10193 9621
1866 1069
1319 1848
2049 2913
4116 3854
7207 7048
7030 7669
3222 2300
9717 9057
3132 2331
10182 9897
8417 7989
4696 5142
5319 4360
6875 6575
1655 1721
7688 7249
6896 7526
6107 6030
8233 8675
6475 6833
4454 4357
4451 4469
8718 8331
3607 3404
5146 6144
2800 3693
9797 9440
4223 3850
9066 8967
7467 6837
7102 6944
3948 3275
9075 9627
2522 1587
4563 4039
1765 2018
3593 3227
3605 3069
4137 5064
4618 4503
6474 5500
9255 8488
25 483
6168 6301
8703 9480
4094 4546
8814 8834
1602 1242
6986 7068
59 411
6341 6662
7343 8064
9760 9150
2367 3366
9484 8623
6019 6938
7916 7020
1144 1701
3555 3837
8972 9936
6616 6810
7899 8164
3019 3857
6463 7244
2485 2567
84 701
43 139
8655 9411
1640 2491
3237 3100
2191 1256
11 28
8237 7461
2527 1789
4816 5667
3013 3275
8182 8665
7601 6685
4728 4721
7298 7344
7203 6843
5194 5276
8063 8220
10370 9618
1127 1516
8672 9222
9756 9561
6560 6602
2619 2174
8920 9250
3600 4443
3150 4144
6963 6025
5746 5974
1506 2462
5443 4865
5241 4412
5609 5827
8890 8257
3203 3306
8353 8379
6296 7292
8229 7581
9277 9046
4729 4549
8654 7660
8966 9249
3321 3094
5866 6529
4289 3464
5842 6225
6850 7019
5175 4961
8763 8917
89 140
7854 7995
1377 1415
4543 5140
8473 8418
10023 9865
1080 1795
8806 9530
1506 1920
7972 8006
3970 3840
59 721
6094 6320
10483 9647
4857 4742
665 1167
18 976
3752 4338
8761 9622
5796 6526
6343 6471
8681 8062
1688 2383
4843 4971
7124 6785
274 1058
5506 5754
7905 8408
3435 4181
2560 2880
4282 4105
3114 2533
6419 6751
5283 4795
7012 7237
9654 9127
6497 6621
8174 8860
951 1269
8096 8089
8841 8292
5551 4883
6274 5304
2531 1593
8227 7285
3932 4459
9724 8777
6335 5665
3882 3901
73 418
5824 5786
4895 4548
3415 3137
8685 8402
9488 8575
63 460
3136 3974
3686 3868
3628 2890
3546 3556
3382 3370
8834 8854
6005 6861
5356 4709
3632 3977
9292 8669
4243 3966
3239 3819
4917 4175
3697 4173
6324 6482
48 736
10491 9745
3365 2525
8906 9548
4041 4332
8978 9555
3087 2963
13 770
2942 2610
9095 9183
3685 3943
8200 7698
8912 9354
4806 3933
9188 9192
5314 6287
7895 8424
7736 8661
2739 1880
48 352
37 653
2925 2463
5293 4813
5337 4969
3294 3378
9618 8902
3877 4566
2338 1488
96 14
3359 3433
6548 6997
5681 4909
92 199
7923 7318
43 65
4173 3209
8094 8551
4897 4687
90 572
6489 5865
4899 5322
4102 3403
6294 5384
7224 6234
7987 8315
10593 9790
8486 9017
5474 4997
6123 7006
3141 2408
3760 4742
6366 6779
9436 9421
9363 8833
3772 3321
5231 5405
6539 7461
8478 7975
4917 4308
1767 1335
8625 8835
4506 5456
1895 1258
7442 7693
4119 3854
3071 2219
5268 5089
4029 3482
4372 3734
2319 2656
3321 3798
3374 4252
2167 1475
2079 2763
9095 9214
7652 7020
7354 7777
8212 7308
3798 4122
9539 9707
10093 9372
10041 9608
83 985
3432 2793
7516 7462
6761 6376
7613 6897
28 649
6314 6692
8993 8081
9564 8722
8642 9369
8736 8032
47 402
3756 3133
675 1343
2519 2087
6590 5673
4240 4077
6433 5669
6020 5174
4819 4755
8997 8002
14 891
6227 5874
3080 3219
5030 5670
49 967
7489 6953
8858 9117
9375 9031
8710 8848
3114 2864
9568 8941
8365 7783
3386 3873
3375 2812
7186 7143
4412 4929
91 828
71 158
8051 7427
1323 1605
10 537
10094 9461
8941 9308
5586 4982
9407 9497
5682 6350
6580 7514
2719 2332
5403 4786
8463 9210
7146 6227
7318 7654
67 135
7512 8001
3882 3062
33 380
9790 9928
6233 6427
2435 3429
688 1479
9702 9061
8887 8985
4501 5177
5369 5973
7568 7734
6213 5715
9539 9650
8787 8507
9524 8524
5930 5501
6540 6410
6105 6372
8657 7768
8516 9180
8512 8056
1122 1832
1278 1302
2918 2747
2552 2827
4378 4565
2546 2586
5628 4836
5420 5627
3293 4000
3636 3094
4652 5315
4559 4279
5000 5399
4648 4110
4381 4382
2822 1907
7219 6453
6725 6687
5975 6369
99 909
6140 5828
2146 1439
4454 3627
3063 3699
6330 5504
2181 2582
9855 9665
84 889
5233 5398
8197 8531
4060 4219
6343 6372
1477 1818
7696 6779
7293 8170
8831 8540
6868 7392
14 71
394 1182
67 997
8902 9508
6418 7285
1446 1045
4218 3574
4570 3715
5932 6479
2950 2595
6644 6109
8261 8023
4212 3742
7874 8617
8307 8245
7943 8089
5066 4816
4432 5214
8772 8335
5752 6002
1669 2058
4340 3622
3018 2511
1269 1129
2398 3178
8860 8759
1818 1547
95 517
5660 5156
3944 3135
2576 2701
3259 3648
1587 1370
6001 6776
2944 3439
7420 8083
7117 6817
7300 8257
3083 3612
9348 9130
1071 1741
5808 6059
4280 4792
8823 8105
2091 3072
4040 4536
3128 3317
9542 8991
957 1158
5403 4670
4532 3745
4019 4649
10416 9880
7593 6599
68 447
4502 4018
5400 5979
16 566
1737 2718
868 1367
8118 8314
4994 5925
8961 8068
7976 7064
6326 7293
6849 6772
89 460
6332 6242
6919 6090
2313 2781
7407 8267
2347 1708
4601 4540
7497 7771
10005 9592
8307 8018
3380 2512
6514 6010
3169 2390
7298 7295
8450 8606
10022 9713
70 397
5407 4872
5781 5276
4657 5427
4154 3271
3647 2984
4929 5152
2341 2815
6108 6374
5812 6771
5158 4492
2433 2230
1296 1528
47 219
31 289
9145 9049
72 796
6547 7475
2905 3556
9162 8824
4200 3604
6325 6841
2374 1965
2777 2210
5072 5022
10352 9846
5198 5690
7527 8451
6754 6096
6237 5434
2261 2627
5731 5047
2163 2599
5121 4490
8990 8698
9143 8294
8572 8346
9411 9530
6898 7632
8438 8964
23 373
7138 7200
8414 8042
4917 5805
7830 7653
9991 9255
4018 4380
5343 6165
1440 2195
8220 7511
8661 8463
1985 1355
7581 7597
4086 4953
1282 1143
4578 3949
1507 1096
9077 9891
6385 6520
3744 4670
5888 5900
4735 4295
4729 5467
20 888
7712 7355
7562 8498
8632 9064
30 31
4749 5320
9009 9376
31 752
8247 7485
5173 5122
6936 7364
9123 8494
90 806
3016 3520
1072 1143
3570 4059
57 755
6745 5917
8010 7952
4643 4631
4268 4221
88 952
7560 7043
4967 4400
7552 7745
8270 8876
2844 3041
3702 3150
5361 5316
1949 1337
4505 4912
1264 1376
2939 3658
2096 2933
941 1365
2222 1420
7860 7190
9436 9752
2586 2516
6846 7157
3009 3414
3059 2874
1513 1464
4538 5026
2407 2362
1764 1412
7531 8137
9661 9836
13 138
10614 9782
7377 6723
9896 9839
3204 3846
4745 5151
5439 5459
6623 6571
2687 2273
926 1591
2956 3435
5455 5358
9392 9883
6819 6610
1380 1741
4717 5692
676 1592
9317 8727
5571 6373
9474 9210
4250 3768
5891 6003
7562 7087
7268 7684
9068 9407
2302 1932
9123 9912
2832 3389
1463 1653
25 662
4435 4960
5194 4440
2421 1605
6428 6423
7695 7741
1766 1222
8380 8360
7714 7196
2730 3505
4040 4146
9611 8990
4914 5367
41 628
81 856
1732 2045
77 998
4802 4810
3029 3401
9004 8264
3873 4536
92 837
3747 3366
97 659
6671 5994
8104 8238
4784 4514
8825 8218
9634 9733
8147 8410
3032 2994
8759 9402
57 149
8865 8901
4264 4507
4250 3824
5575 6460
9533 9513
10456 9676
4867 4456
2255 1997
78 618
489 1247
9199 9946
9894 9368
38 865
1714 1315
5141 5156
8031 7980
7289 7837
6526 5699
24 464
9052 8261
8182 7899
5829 6350
6000 5937
901 1161
7916 7788
7676 7261
8708 9128
4574 5285
5682 6243
7668 8319
5691 6054
668 1179
5450 5104
5924 5686
3901 3262
4071 4203
8755 7987
5614 5012
3657 4590
5098 5901
1147 1959
9042 9624
42 202
6965 7762
2811 2003
3302 2502
5786 6309
8342 7988
6893 7472
9162 9924
8335 7653
1990 2002
6199 5770
5954 5965
3010 3658
5115 5056
5136 5372
2235 2448
1230 1966
2753 2465
10611 9615
1450 1065
3446 3863
9014 9285
6832 7300
10383 9877
10363 9845
9070 9889
8460 8169
5980 6893
9283 9937
2832 2620
5598 6206
1620 1160
10127 9728
8343 7972
1719 2353
9391 8513
6016 6412
4028 3809
8835 9663
2073 1368
1651 1969
2133 2312
77 198
2065 2187
4336 5235
2194 3123
8774 8423
7049 7636
41 989
5771 6632
2987 2672
1260 1939
9580 8671
100 745
6037 6204
1688 1925
5276 5906
55 153
9038 8771
3534 2987
4940 4894
24 525
9468 9916
5841 5628
2124 2167
8944 9012
2935 3503
8143 7630
2212 2235
2355 2006
7084 7034
5295 5444
5696 6297
3779 3120
1891 2743
8804 9581
1782 2387
1137 1146
3198 4178
9938 9894
4854 4896
6834 6995
3340 3731
5380 6289
9700 9106
3044 2581
6819 5900
3171 3120
8223 7361
2107 2950
1652 1368
3232 2656
58 464
8593 8534
838 1624
3752 2874
5750 5292
1697 2037
9998 9538
9807 8979
6326 6365
2952 3568
7144 6822
4553 4698
1336 2097
5918 4954
4321 3472
7112 7489
62 960
8008 8277
6082 6959
6389 6847
8420 7795
9310 9722
2042 2932
2955 3735
9882 9587
8574 8431
886 1459
5897 5942
30 11
8006 7848
3626 4295
4636 5105
7733 8286
6739 6101
2631 1983
2805 1879
1645 2091
4779 4100
4372 3389
6484 6275
2120 1276
3464 2922
1773 2470
7024 6522
8946 8121
8593 8114
25 816
75 133
2998 3478
7532 7344
1381 1755
2535 2814
4396 3544
5949 6769
6190 6815
9369 8890
8765 9718
7259 8247
3599 3206
3243 3160
4756 4790
8231 8296
8395 9217
6125 5500
4800 5443
6385 6892
6650 6980
3158 3581
8791 8011
4879 4737
10724 9930
2617 2498
1212 1935
1627 2006
6611 7336
2407 3059
7852 8222
4823 4662
9500 9827
1760 1941
529 1116
1574 1198
7992 7024
5832 5011
5305 5991
6545 6711
8769 9031
1065 1270
5053 4604
3404 3743
3344 4183
57 477
7333 6752
8009 8029
1109 1944
41 391
19 939
2600 2163
225 1181
2639 2592
8808 9068
5390 5884
77 872
8482 8109
4423 3763
4318 4488
6343 7131
9465 8874
8275 8820
8768 8978
44 252
3646 4569
4883 5394
3814 3277
2505 1605
5922 5005
7299 6315
8707 9302
5653 5519
6226 6462
7930 7800
2203 1497
8396 8342
2706 3472
8764 9639
1597 2471
3868 4650
6857 6650
38 375
1262 1220
10137 9224
45 887
3135 3691
7693 8214
2649 2862
10075 9270
3694 3991
3682 4247
3377 2705
3384 2630
5979 6131
3993 4198
3911 4666
4022 3731
7878 8617
8106 7485
5891 5219
3944 3309
6348 6157
2870 3544
79 713
9131 8716
5257 5954
7310 6549
1722 2638
9251 8585
4034 3742
1744 2611
7705 7040
34 904
1514 2508
9199 9779
10046 9106
3734 4535
81 474
9597 9650
7196 7113
7478 8256
5329 4992
10484 9786
7600 6813
64 116
6255 5324
4071 4842
7415 7054
96 379
2341 2620
7668 8643
1826 2818
7535 7451
1312 2143
6879 6897
9836 9837
794 1021
6506 6880
5711 5997
6913 7232
7650 7110
51 63
6793 6907
9687 9760
9693 9818
5325 5224
7165 7476
2350 1985
9482 9871
3171 3978
6513 6901
3819 4216
4668 3880
2872 3493
9513 9632
8710 8130
5901 6430
3240 3305
8221 7961
4560 4904
2355 2546
1821 2244
9715 8841
2778 2281
8659 9366
7247 8244
9249 9566
5839 6249
5514 4729
9674 9138
4003 3078
3658 2748
3435 2475
4254 3261
2226 2535
7933 8330
5275 4642
8294 9094
37 441
8204 8545
3898 4511
2583 2709
3296 3522
9389 9921
6150 6496
3971 3036
4958 4762
46 692
8313 7979
2008 2602
4116 3264
4239 4665
6570 7548
3571 4457
1745 1354
9000 8867
5043 5902
877 1092
965 1230
4762 4064
9822 9217
3349 4155
4164 3972
1963 1209
7198 6219
2103 1324
3609 4170
8755 7812
5163 5844
7175 7419
5907 4910
4518 4688
6000 5513
8658 9274
3683 3083
9735 9196
1772 1695
9914 9423
4735 4488
3226 3932
1878 1051
10141 9356
8509 8703
9081 8449
5930 6252
8126 8899
10413 9633
2032 2728
5155 4159
3376 3307
4987 4823
6760 6252
3281 3654
2009 1640
6037 5788
1780 2762
6419 6200
6032 7024
1096 1029
5613 5933
6509 6158
38 468
3206 2905
6706 6288
2336 1913
9270 9982
9355 8463
1594 1485
4606 5061
7724 7914
9854 9848
1477 1708
4972 4458
3332 2792
5344 6195
6231 5757
7599 7169
6965 6950
7330 7525
7491 7000
6740 7440
1558 2119
2662 2599
2130 2968
8900 9123
5216 5760
4443 4627
1218 1670
2056 2634
5373 4438
5450 5380
58 199
6127 6611
7507 7006
5942 5351
3867 4843
3724 3460
625 1081
4457 4909
47 48
6742 6458
995 1909
6102 6155
2780 2499
5202 5044
6714 6789
5729 5045
4677 4926
7028 7772
3852 3906
8094 7441
1368 1218
4844 4502
5542 5320
8316 7560
8209 8694
4715 5179
8437 7474
8668 8872
41 691
6852 6703
5278 4506
6674 7415
2176 3066
7967 8532
2055 2185
4000 4614
4721 4901
3684 2872
2340 1690
66 74
98 190
6315 6005
6480 6316
8986 9371
3637 4448
45 415
7801 7454
37 242
69 300
8745 7917
9070 8197
8057 8143
6637 7328
26 958
4097 3594
2373 2262
72 347
6135 6723
8997 8786
7307 7130
5119 6012
6972 6273
1958 2143
7467 6760
3233 2759
10113 9601
1861 1070
6215 6603
2644 2134
3891 3464
1090 1879
4697 5180
8277 8528
6636 6590
9159 9961
7820 8710
75 728
7584 7321
3601 4314
4686 5236
2594 2131
3524 2873
4273 4598
9154 9115
5511 4511
6059 5666
7567 8182
8811 9111
8662 7763
4423 3819
7812 7585
5763 6636
8937 9673
87 851
8713 9347
83 146
1961 2961
4273 5097
9220 9269
2731 2057
10 197
8703 8445
1576 2271
1135 1641
2479 2135
2719 3177
82 788
7062 7580
3024 2464
9728 9336
1262 2071
9825 8838
8647 8408
7571 6598
4192 3368
4704 5236
6692 7408
9097 9447
8819 9124
8681 8832
3094 2386
7100 7407
4135 4072
8507 8796
1941 2050
5866 5224
2039 1835
4085 4272
63 133
7918 8022
5295 5478
4870 4308
3120 3563
6017 5714
48 219
7025 6395
6761 6545
10833 9839
4283 3502
4662 4987
2271 1716
4608 4314
4843 4884
6194 6598
61 28
7390 7166
10197 9653
4878 5175
3287 3000
5372 5708
2462 2331
8165 7787
7932 6964
8988 9798
1502 1369
8480 8459
3453 3534
6945 6494
3406 2507
71 399
721 1065
32 487
7297 8219
4551 4258
4761 5502
92 802
4922 3949
5864 5101
6633 6800
9122 8702
54 70
1228 1948
5433 5497
9045 8701
3488 4346
6052 6132
4198 3690
9045 9036
3285 2906
1032 1933
4611 4093
10288 9478
6611 6454
54 245
66 273
4123 3956
5050 4787
4052 4907
75 709
1757 1635
6434 7277
4530 4875
6211 6852
7586 8421
8794 9245
1261 2195
4156 3860
3280 4074
2249 2191
9239 9688
7771 7920
3171 2193
31 644
4487 4272
9103 9086
8646 8735
5354 4783
922 1199
97 256
6242 6612
8684 9145
7428 7965
5139 5633
6356 6371
9697 9077
3141 3890
6601 6311
5802 6420
3777 3712
8898 9802
7919 8321
5866 6689
4104 3678
1097 1480
1440 1926
6733 6949
4124 3742
1394 1488
2425 2332
5630 6082
2795 2319
5431 5990
4337 4440
9086 9804
4440 4073
3333 3466
7917 8403
3286 2334
10192 9737
8788 8472
741 1514
9194 8812
4561 5330
1918 2630
7631 6930
7193 8193
1609 1639
47 812
9344 9695
23 763
8887 7995
5359 5016
5213 5210
2741 3219
6478 5656
3390 3368
4078 4200
4292 4875
7516 7251
1175 2017
7956 8139
4113 3840
8499 8479
5362 6333
9374 8579
8503 9036
5358 6003
8099 8162
7728 6937
1147 1217
3431 2740
8300 8648
63 863
6035 6594
97 586
5688 4727
3564 3781
2298 1503
6491 6983
60 901
1574 2409
7266 6848
6442 7150
10246 9903
10498 9851
3118 3399
719 1261
2975 3853
3316 4310
3534 3305
4061 3873
1407 1864
4157 4277
5483 6142
2626 2896
8772 8166
35 947
6104 5271
8257 7910
2270 2372
2536 3263
1891 2116
9001 9244
6720 7083
9118 9318
5865 5585
8088 8263
6169 6249
2956 3766
7335 7809
3284 4161
4386 4937
3795 3163
2013 2178
2988 3647
8888 9033
2513 2937
2397 3111
6033 6132
8590 9397
62 429
6342 5922
1227 1082
5377 4408
6979 7782
1953 2840
8175 8527
6043 5478
5549 6263
8754 8481
4047 3932
91 447
23 126
3883 3939
8791 9360
5605 5076
5789 5277
8182 9138
3249 3224
3481 2985
6788 5833
8360 7594
641 1156
1755 2449
1019 1114
2149 1502
7343 6732
1563 1640
7155 6819
3012 3177
9009 8924
7583 7799
2938 3620
7151 7743
2587 2313
1778 1520
42 988
2229 2502
3919 4178
8577 8750
1190 1206
1602 2579
3265 2711
9624 9138
8959 9455
97 90
9840 9358
7559 6707
9326 8369
2707 1779
2183 2461
809 1665
1750 1342
4819 4566
8058 8030
9535 9827
6499 5910
5999 6180
96 940
6138 6242
1820 1081
4028 4431
2868 3767
2054 2391
6452 6354
1163 1833
64 540
94 137
40 265
7653 7401
2008 2193
1991 1621
8997 9788
4238 3843
8043 7344
71 579
9476 8712
425 1121
4215 4134
93 759
5366 5993
17 172
8179 7480
7419 6508
7897 8591
4248 3401
5886 5890
4050 3831
18 652
6530 6852
8093 8992
5036 4132
7505 6682
8193 8600
91 668
3815 4218
9301 8830
8523 8346
1135 2019
3913 3251
745 1673
8626 9138
5567 6124
4413 5217
7100 6169
1821 1463
8928 8130
8016 8309
7233 7955
10046 9598
3532 3867
3889 4179
45 129
534 1366
3096 2474
6181 6015
61 883
8059 8841
73 894
3782 2811
5098 4710
6016 5547
7219 6544
87 464
1636 1839
27 717
8870 8091
3882 4613
3440 2686
60 828
8970 9042
2907 2354
5091 5545
6978 6874
2628 1678
8916 9827
6669 5880
1488 1665
2397 2331
8370 8254
9234 9132
7709 7393
1717 1052
2329 2412
2155 2824
56 291
8691 8777
933 1334
4745 5092
5905 6806
33 164
1536 1492
6508 6156
9290 9792
6494 5533
3668 3117
2923 2047
85 592
8571 7841
1352 1206
9447 9925
4183 4327
3709 4442
5093 5398
1936 2822
84 956
1205 1761
5387 5914
6542 6060
5341 5160
10322 9717
3439 4417
7823 7647
791 1345
8186 8245
9758 9113
7405 8331
5293 5691
2851 2651
6964 6869
476 1205
3629 2875
2839 1924
579 1539
1939 2591
9381 8546
1895 2306
682 1102
4923 4619
6730 6105
1374 1160
2489 1973
3772 3590
119 1112
1664 1365
2318 2855
5464 4560
7212 6554
5009 5960
8611 9207
4791 4679
2380 2955
9687 9702
869 1198
87 337
8658 8626
12 435
2513 2601
9573 9148
7765 7963
6632 6518
9216 9809
7550 7596
8963 8954
4179 4360
5575 6246
7033 6941
1923 2305
4340 3397
7281 7843
5708 4711
3139 2187
1882 1693
16 988
2397 1497
3735 3007
4288 4206
6258 7221
2671 2318
5518 5722
8034 7903
6856 6710
30 836
2696 1925
3389 3854
3899 4185
4251 3754
3425 2512
1972 2637
2260 1655
7246 7701
3325 2339
2373 3164
10088 9886
9578 9684
3671 2742
9207 8708
978 1140
10128 9283
5385 4626
5429 6294
47 724
5620 6337
7678 6692
2592 3404
5627 5456
5336 5904
4028 3755
4824 4791
7947 8018
62 497
8724 8074
8401 8556
29 868
3762 3555
3275 2422
1899 2792
8350 8932
4008 3277
899 1317
8335 8841
8505 9468
9406 9585
2277 1792
4941 4672
7417 8071
5150 4986
7892 7435
5979 5467
7393 7644
2164 2517
7848 7185
2573 3071
8722 7742
8002 7720
5536 5147
10045 9259
9648 9665
1414 2081
1708 1451
1842 1691
8020 9009
7812 7907
3421 2609
1979 1502
5443 5723
17 346
3916 4589
7210 6616
2765 2004
6928 6461
6324 7043
14 188
9809 9151
2905 2533
2945 3357
6233 5924
4284 4326
5813 4863
7595 7101
5298 4710
68 745
3183 3113
78 626
4670 3911
7858 8774
5732 5844
8196 8822
1413 1542
3319 2584
2834 2478
6261 6717
643 1457
6306 6682
89 876
4447 3572
7090 6541
6433 6749
5959 6617
8107 9003
94 943
16 852
7177 6744
2810 3666
3561 2885
9533 9677
3983 4440
70 389
4022 3998
9594 8943
83 365
6349 6260
10232 9464
8797 8882
3202 3851
7369 7566
7381 7863
9242 8788
4460 3791
4864 5446
5518 5615
81 887
7164 7210
66 102
5268 5536
8683 8931
7730 7375
2446 2602
2636 2054
2213 1420
4281 3845
7952 8794
5785 5522
7922 8038
7143 6705
2050 1188
4186 3983
2929 3032
3362 3307
99 767
7465 6662
60 573
7245 8085
5267 5133
980 1796
10 805
7263 7801
10763 9828
6433 7140
3748 3100
7586 7204
2670 3658
7534 7028
5927 6591
4154 3409
7588 8507
1919 2565
4424 4416
7770 8550
2650 2358
4904 5460
2720 3213
25 213
6461 7285
9661 9019
5373 4677
3533 3433
7734 8698
8460 8474
5042 5272
1341 1104
10 611
2138 1343
2795 2271
9861 9981
4764 4229
3966 3683
5358 6004
1428 1116
5127 5767
2553 1671
894 1777
5701 6184
5382 4422
5985 5198
8871 8291
45 757
7185 6674
2846 2790
4985 4287
2288 2615
8096 7837
9075 9052
5702 6110
4677 4802
4874 4721
1115 1990
9535 9004
7488 8479
6883 6098
8646 8212
89 196
65 770
2640 1722
1017 1609
3535 3198
2304 1461
5649 5565
7789 7224
7690 6788
1838 2514
6346 5418
2160 2173
9042 8231
7994 8844
4459 5133
4229 4514
8548 8222
3038 2075
77 719
6812 7293
1216 1399
4666 4515
7927 8467
8201 7906
1955 2407
1980 1535
8567 9334
3115 3510
4828 5446
52 10
7710 6753
3558 3509
5941 5748
2735 3187
73 182
5369 5112
4247 3762
89 732
6875 6852
5891 5242
42 87
8924 8741
5401 4762
23 105
92 187
3402 2851
99 613
8681 7715
1287 1567
4867 5643
8950 7985
1313 1343
2031 2045
7643 8404
4507 4254
3764 3587
4684 4678
3035 3179
9066 8179
4645 3889
72 241
5927 6279
6825 7491
10135 9269
7682 7901
6622 5770
3095 2627
4600 3879
6615 6451
1838 2742
7521 6983
4348 5223
8966 8900
3176 2433
93 154
3729 3918
6659 5831
633 1432
8595 7729
2785 3398
719 1445
7579 7219
766 1506
2917 3403
8181 8693
8650 8457
7435 6700
4130 4142
4328 4493
2326 2300
1881 1302
10006 9033
9125 8812
8711 8239
2429 1893
4769 5029
2722 2082
7238 7799
8879 9469
93 831
2573 2008
6444 7410
1809 2552
3698 4629
3063 2519
7414 7999
7529 7619
1945 1363
70 195
10 439
88 227
3340 2976
3041 2343
6688 6192
1376 2089
6962 6295
7554 6958
9752 9950
92 974
2705 2594
1795 2656
10466 9955
5215 5471
931 1429
7926 7523
4783 5423
5444 4850
1137 1900
2287 1632
7769 6783
4278 4262
100 990
6606 6458
2488 2156
6203 5737
2977 2466
7844 8598
7953 7947
6703 6884
3736 4286
4138 4327
8883 8968
6616 5699
2270 2898
6534 6493
76 517
3579 4526
2309 2189
8876 8952
9120 9628
7590 8164
1404 1231
7781 8434
100 215
3347 4260
6678 7225
6363 6920
4364 4617
3372 3652
1861 2719
5713 6485
2189 3026
7063 7576
5112 5165
1489 2300
5420 6108
5167 4365
30 656
67 830
7716 6866
1584 1149
3204 2236
2493 2874
4800 4379
1716 1767
8096 8325
8199 8141
98 258
8058 9051
2891 3101
9424 8581
971 1827
4006 3082
1332 1446
2297 2109
4029 3133
7870 8382
4446 5087
2997 3732
6260 5729
3417 2835
4858 4536
1782 2224
3560 3501
7377 7001
7960 7262
6688 5812
4599 5330
4828 5472
8479 9220
46 1010
7720 7018
7905 8723
4724 4936
2132 2474
2815 3506
1417 1534
8897 8002
8362 7771
6356 5526
4118 4656
7243 6889
856 1452
9876 9871
3829 3875
42 758
1922 1733
4418 4591
7902 8799
1717 1721
6079 6715
7904 8471
2368 1487
9482 9136
10511 9920
8114 7187
3005 3602
4386 4660
7596 7362
7534 6681
5357 4874
9366 9430
7016 6122
2596 2310
4833 4040
3506 2921
9555 9633
7198 7359
2247 2042
5463 4510
8256 7742
9037 9402
7661 7904
7006 7622
10383 9906
10019 9654
1939 2019
4520 5133
4165 4734
4055 3834
6300 7281
9337 9524
2037 2385
4028 4047
2809 2204
5201 4752
1880 1043
74 443
4165 3250
9226 9462
2453 2377
6161 5882
1998 2075
3611 2727
9260 9984
7327 7143
3385 2709
9996 9385
1283 1328
4483 4341
9273 9568
2010 2259
4393 4858
3906 3778
8552 8248
799 1697
9570 9936
5199 5346
68 594
9825 9995
9544 9209
4329 3658
2621 2449
7456 7055
5328 6243
55 842
8912 8132
3960 4036
7678 8422
7729 6879
6938 6460
2014 2743
3397 3887
3229 2411
83 806
8374 8871
5519 5449
4743 4275
1491 1593
3126 3094
6305 5749
1900 2146
3035 2497
51 757
4574 4398
5402 4858
7151 6864
5982 6584
6914 7583
85 697
9880 9205
6270 6719
548 1071
2189 2342
6368 5757
8289 8735
4296 4074
9199 8844
4388 5301
3784 3081
2343 1830
7905 7830
3408 2999
880 1798
8291 8640
8488 8553
80 975
4627 5483
6094 6003
5104 4931
7854 7579
62 655
5188 6167
4201 3894
7453 6512
5197 4557
4582 5566
9253 9265
1196 2108
6068 5939
9054 9142
8693 8530
6993 7729
9187 9363
9987 9292
4656 5434
23 586
9332 9906
4828 4323
30 934
3704 3764
6556 6783
5501 5339
59 90
2250 2888
9299 9528
39 980
594 1183
7746 8047
7943 8011
2508 3142
100 928
3944 3487
52 783
9233 8244
2197 1839
1342 1593
3108 2151
9234 9837
95 298
5574 6216
14 652
3955 4925
5013 5246
8509 8482
7030 6972
12 994
6843 7534
30 65
4169 4818
3705 4443
1606 2409
3129 3609
6901 6695
6488 7247
2724 3532
3831 3910
7832 7291
12 565
5007 4706
4522 4917
723 1664
4469 4003
1157 1409
3643 3151
5868 6632
89 400
2256 2810
74 699
3758 4700
548 1093
69 767
4837 4528
3882 4149
2159 2088
8105 8178
950 1462
6153 6618
4453 3853
1672 1700
3669 3474
5262 4543
1519 1525
2315 2594
6509 5779
9157 9837
2678 2043
15 370
734 1400
5738 6493
4069 3143
3251 2426
66 981
6957 6691
94 437
16 195
7409 7334
3755 2928
4294 4012
2997 2450
6465 6374
8872 7999
8304 7544
5342 5464
5367 6061
6779 6511
1185 1649
9092 8551
8324 8956
9330 9013
4338 3792
8462 8778
8634 8244
9812 8970
582 1575
7329 8182
6726 7492
880 1192
5538 4620
6974 5974
6430 5971
1395 1708
9051 9999
9262 9165
3562 3708
6219 6196
7537 7894
5425 5940
3727 3718
2624 2835
3759 4558
6452 7221
2161 2597
7502 7578
745 1233
62 823
6156 5225
8179 7554
7336 7112
33 798
10525 9736
4026 3789
8182 7825
1833 2062
891 1479
2082 2768
7233 7466
2610 2805
8295 9224
7146 6935
48 84
95 600
6673 7108
5582 5931
22 122
2199 1799
1866 1366
1481 2133
5633 5953
7905 8470
4377 4531
8882 8384
4944 5579
46 632
7664 6675
3265 2665
3388 2926
6943 7880
1284 1794
51 635
41 525
7293 7767
57 435
6508 6869
6106 5833
4068 4337
4706 5197
8605 8879
3340 3434
7345 8172
5384 5824
2940 3028
7384 7570
4069 3872
4356 5062
9893 9940
2140 1708
7357 7161
6477 7037
2070 2125
50 986
9619 9993
3986 4153
1173 1775
6002 6874
4915 4489
44 267
8012 8392
6183 6708
98 681
9053 9281
8590 9573
679 1243
7063 7777
9444 9047
74 437
80 484
2016 1058
9401 9741
82 222
5370 6240
2891 2926
7056 7526
33 376
9488 9471
89 547
9286 8308
5900 6469
8448 7954
16 833
1275 1735
2334 1926
8812 8139
9015 8388
1922 2093
9729 9960
5339 4968
8292 9142
57 863
6400 7346
2488 2519
6273 6383
70 632
8253 9160
3864 4686
1525 2178
5714 6234
81 233
3076 3851
3605 3074
2252 3153
7209 7069
658 1055
3480 4185
10721 9727
1660 2564
2716 3682
21 596
7371 6458
5357 5383
7820 7755
6801 6028
5865 6709
6316 5316
3757 4613
7260 8039
6634 6528
967 1952
1549 1330
2930 3359
7094 8021
4414 3862
4641 4969
9180 9352
2042 1067
3271 3927
46 855
8740 8682
4252 5113
6601 5806
6109 6443
5970 5377
10339 9554
7453 6513
3834 3438
8342 8034
36 1005
2110 3081
4836 3977
4026 4551
2162 2986
4779 4312
32 386
7853 8627
5867 6602
23 139
8066 8450
9842 9730
3293 2832
1797 1739
7593 8427
7044 6807
7141 6477
3212 4098
18 831
4129 3193
9409 8844
6148 6342
4642 3856
2954 2686
5772 5951
59 708
5865 5852
10094 9842
5250 5961
8662 8077
7334 6602
5125 5887
7917 7225
10414 9706
6710 5761
8568 8309
7753 7968
3900 4116
60 338
99 742
21 50
7599 7803
2103 2717
7108 7944
6290 7040
9659 8696
2425 3060
6736 6979
3282 2885
8824 9449
2782 3722
3008 3027
5053 5734
2498 1805
4327 3737
10374 9659
3818 3603
2238 2231
9381 9968
3352 3560
2180 1238
4852 5616
56 551
6053 5992
8491 9081
8851 8018
2980 2537
1874 2075
6008 6105
4321 4094
10197 9960
340 1231
1487 1338
2327 2228
8282 7796
10595 9703
6325 6705
1058 1964
9588 9073
5317 5054
57 957
2574 3215
6230 6986
4277 4782
96 190
8293 7979
10326 9345
9141 8400
8189 7843
9538 9059
2345 2567
1123 2097
3878 4211
6079 5276
1073 1910
91 285
8671 7878
6729 7539
6991 6516
2154 2754
10130 9360
6653 6651
7061 7860
264 1154
6028 6015
48 493
6084 5547
2528 3283
2484 3063
400 1185
7447 6576
9265 9011
6423 6932
10906 9963
76 311
53 237
5853 4963
984 1921
9967 9611
4732 5483
60 773
10 28
5195 4966
7243 6437
6921 5949
6732 6774
6607 7361
9293 9624
4130 4101
2680 1911
3799 4117
7282 6929
2156 2127
94 35
3825 4019
18 470
8823 8662
10408 9880
6411 5579
1546 2031
4869 4251
9525 9614
96 103
558 1409
4258 4669
3791 3052
444 1442
5906 6740
4769 5555
4111 3808
10112 9380
4440 3672
2245 2156
3863 4320
3418 4300
6905 7537
1780 2477
4320 4522
2687 3195
8890 7993
7097 6784
8856 9851
2657 3394
7515 7562
2651 2743
4964 5946
15 540
2784 3219
3550 3248
585 1585
20 24
5170 4873
9384 8741
4986 4415
8543 9539
6168 6892
2855 3336
2552 1581
1883 1176
6346 5606
9078 9744
10176 9394
4746 5277
1865 2827
6901 7024
1657 1878
6926 7843
7441 7617
2319 1353
9877 9564
5627 5907
7881 8076
2595 2164
50 28
4033 4928
6231 6455
2420 2849
1850 2567
10479 9758
3856 3689
3700 3919
4723 5670
9089 9775
9606 9940
3906 4530
4714 3815
5537 4965
1901 2517
42 610
4005 3338
2817 3521
6439 6758
45 846
327 1261
4802 4538
1084 1374
3853 3893
8445 7672
7426 7822
4655 4726
5678 4749
9330 9360
4370 3610
7317 6394
7839 8555
3333 4096
5472 6084
672 1112
9453 9143
35 446
2652 2104
5904 5504
6250 5778
7266 6551
3045 3412
4400 3804
4778 3969
9234 9609
8681 9006
5511 5738
7039 7159
1938 2215
710 1113
765 1489
3746 4335
5440 6114
4015 3635
6210 6095
40 868
3509 4011
67 550
3662 3071
6747 7252
8035 7365
5355 5867
4598 5018
4617 3943
5256 4850
9047 9180
9796 9492
4395 3763
10019 9725
39 795
4765 3849
9017 9803
5200 4517
1782 1529
5459 5021
10640 9902
6771 6651
6593 7154
1451 2125
1545 2391
3722 4291
8979 9464
4018 3611
6672 6106
5113 5911
9771 9725
1695 2014
6679 6565
5648 5954
7643 8524
1934 2185
7568 7636
54 327
7457 7396
74 644
6661 7374
63 640
1543 1507
2614 2291
1882 1527
3967 4911
9070 9830
3952 4057
8161 8480
605 1543
4124 3912
6458 5772
6327 6177
6374 7033
7040 7430
8429 8714
8972 9272
7252 6466
4886 4347
3198 3599
5595 5753
2036 2457
3118 2561
9239 8319
6996 6904
5373 5571
1979 2430
8580 8305
30 96
3580 3494
3022 3631
4400 3721
6615 6842
3317 4177
4814 5406
3759 3313
9750 9134
2600 1710
2353 3189
3828 3912
10218 9861
2069 1512
1389 1901
43 273
2113 2858
6147 5356
3076 3546
8360 9301
7660 7228
3157 2210
9484 9404
4642 5103
7429 6733
8301 8207
2719 2393
7248 6462
7217 7037
9295 9015
4017 3799
5678 4890
14 703
8195 8141
5191 4316
1991 2510
7389 6848
6936 7179
4462 4504
6494 5720
2365 3012
6524 6161
5145 6000
2931 3623
6486 6347
2513 1901
7839 8245
4206 4907
7660 8184
5371 5757
3834 4641
8745 9423
8696 9389
8227 8126
5980 5570
7470 6601
4874 5625
6155 6253
5942 6491
4222 4328
19 761
9866 9657
4901 4559
7271 6688
7714 8099
2256 2824
9175 9019
8608 8745
6294 7088
3639 3681
2020 2714
6641 7407
43 634
7074 6751
2228 1254
7375 7268
2059 1733
49 367
2755 3565
1472 1621
6346 6047
4296 4661
8945 8458
3459 2628
6146 5699
75 906
7270 6824
9400 8960
7571 8342
1294 1664
8717 9636
2876 2291
2742 2803
9477 9309
3576 3711
10200 9672
3043 3224
6280 6726
8494 8921
9267 9434
3024 2672
4302 4101
2263 1279
7712 7086
5664 5777
13 589
4996 4387
4752 5143
90 326
5566 5708
7234 7713
4500 4085
5804 5799
3403 3616
1724 2262
65 792
4845 5130
7223 7855
3672 3120
6950 6757
91 766
8581 9374
6566 6525
54 475
8503 7789
8553 7835
5535 4747
2694 3124
8283 8021
1692 1593
10142 9692
7786 6890
8570 8569
9539 9768
6308 5343
1498 2409
7224 7267
42 696
3626 2843
6112 6116
8505 8511
3324 3047
2408 3033
5259 4876
7316 8252
4697 4185
2833 2055
6036 5839
3004 3676
3618 2993
2027 2737
2888 2319
6886 6519
7139 7624
9245 8326
1949 2023
8199 8618
4957 4861
1182 1864
2157 1759
3795 4469
9927 9749
7652 7250
7617 7304
6951 7543
3701 3383
8904 9517
7240 6744
4549 3693
3321 3604
3151 2621
6423 7228
5451 5042
71 225
4079 3303
1987 1199
7053 7923
674 1318
3753 4268
2640 2786
9350 9031
5072 4489
9292 9124
2720 3484
3967 4415
7183 6235
1103 1370
1868 2204
5781 5306
3938 3353
7560 7944
4498 3674
9961 9301
4912 5687
9891 8936
10231 9908
2239 2693
9998 9091
90 634
2405 2710
8019 8568
7898 7539
2356 1534
2239 1576
5433 6222
9134 8245
5558 5218
5946 5355
5519 5008
9174 9024
8019 7400
4851 4722
1986 2472
8516 7631
8631 9413
85 423
7238 6511
6624 7461
736 1064
1081 1492
8379 8742
89 441
2142 1891
5553 6450
7800 8133
5026 5811
10258 9922
3362 3972
4330 4419
1881 1696
70 372
4877 5218
4110 3849
4736 5252
1220 2139
4535 5218
4631 5079
10863 9937
71 107
4479 4845
1935 2548
2496 3321
8858 8873
6164 6869
2870 3508
9588 9007
1358 1184
7317 8238
10118 9360
2006 1064
2712 1841
9050 9630
3657 3048
8998 8777
917 1716
5243 5881
6199 6362
9337 9827
3322 3241
8407 8797
10062 9867
93 596
2370 2655
8272 7993
9608 8862
3084 3936
1568 2041
3149 3097
8206 8963
5501 4736
856 1737
9505 9152
8834 9704
8937 9537
2926 2016
9993 9641
2907 2617
2187 1646
6345 5819
7783 8588
6829 7388
378 1084
7949 7475
4532 4877
7568 7564
64 10
3776 3620
9890 9538
3131 2533
2440 1613
395 1084
5958 6575
9972 9795
4621 3997
7617 6894
8609 7737
25 198
4681 3933
7624 7726
3855 4589
9357 8446
6902 6023
3087 3692
6231 6732
8533 8075
43 478
5763 5449
96 312
4242 3912
8350 8366
5532 4791
1845 2084
5079 5327
4351 5220
4828 4704
59 913
2362 2546
6203 6590
6529 7086
9259 8575
4050 4282
3463 3279
9349 9720
3120 2987
85 960
6237 6256
6857 7653
3800 3665
9844 9134
2882 2856
59 519
5659 6145
1175 1983
8430 8580
4129 4978
5019 5529
4485 4308
2389 2703
7252 7199
4839 5175
2921 2805
9558 9742
27 985
10727 9920
3392 4128
47 574
6879 6521
8251 7519
5946 6370
578 1494
4979 4486
2729 2021
6210 7132
10527 9687
2841 3608
5158 5857
3218 4069
9659 9665
463 1154
4981 5200
1856 2307
1445 1974
8791 8335
10198 9731
10010 9065
56 806
3072 3721
2223 2553
2943 2263
9289 9123
4898 5875
2446 2707
6589 6572
6080 5849
6808 6476
6384 6256
10195 9372
899 1077
8290 7669
5700 6212
6752 6696
3152 2528
6425 5985
10608 9848
7172 6532
9922 9921
6017 6692
9779 9488
2308 1750
5733 6686
8936 8727
62 755
4713 5030
4741 5297
2218 3218
5693 5967
3017 3007
83 807
8019 8260
1146 2102
7988 7462
1912 2225
6196 5850
2168 2122
5568 6278
8352 8447
2038 2905
4247 3665
10545 9941
6915 7899
5587 5593
8636 7710
659 1645
9407 9336
8513 8199
2113 2857
3391 4042
3593 2962
2215 2413
9304 9950
3858 4568
2308 2185
6744 6922
36 612
8988 9131
4544 4265
6000 5005
1184 1122
7323 6568
9733 9021
555 1482
3227 3854
6943 7822
570 1249
7151 7963
9322 8846
8743 9336
6539 6604
2928 3782
5242 4297
5473 4852
9517 9847
6383 5477
37 723
7246 7494
7288 7043
4360 4237
8172 8581
7694 7206
79 229
4092 3577
6584 5604
5005 5710
701 1607
2586 1618
1817 1786
37 360
2460 1949
6673 7309
9687 9587
2602 2634
3324 4169
2407 2418
6092 5981
7498 6978
4376 5191
8115 9027
6839 7756
9488 9881
4539 4383
6037 5112
3396 3914
38 61
5726 6277
9408 9422
4057 4757
9301 8888
5695 6082
3669 3255
3243 4221
7313 7889
4855 5850
9217 9920
4300 3747
4952 5594
3460 2768
8864 9779
7154 6501
10414 9977
39 804
10635 9997
1890 2682
95 599
2998 2251
64 416
6161 5957
5235 4266
59 32
7567 8296
9776 8878
417 1279
7657 7525
4250 3991
6509 6063
9662 9049
5685 6125
4281 4468
2816 2697
3224 3292
1982 1162
6832 6321
6211 5734
946 1122
13 63
2147 2319
2182 1203
8200 7321
3292 3528
26 119
6857 7078
2774 3684
2283 1406
4149 4315
6823 7063
5096 4174
4345 5240
6333 6563
4823 4703
5824 6249
1276 2113
84 138
7307 7972
1360 2204
5987 6335
2461 2813
3271 2710
1583 1487
4737 5168
8769 7771
7607 6709
93 262
3105 4071
62 290
4071 5040
1794 2789
8264 7278
7227 6809
9363 9578
2807 3577
89 646
10704 9948
7570 7521
5322 6068
8796 8101
6193 6953
5945 6772
1092 1628
5443 4833
6201 6975
2742 3066
86 705
41 351
1045 1492
2242 2211
6091 6638
9046 9969
2222 2278
33 734
8115 8714
4015 4482
94 742
4508 4266
2929 3890
2662 2683
6122 6452
10292 9405
4527 4651
6581 7051
8374 8102
5411 4532
2030 2667
95 198
2316 2697
2637 1690
6293 5435
1175 1209
1896 1354
9146 8654
6054 5535
6970 6399
10327 9707
1720 1542
9306 9952
2063 2217
3384 3011
1669 1389
4296 3631
7770 7340
9073 9043
5389 4604
4095 3737
4008 4552
36 629
7868 7732
2963 2681
9200 8219
3366 2922
4984 5708
8345 8089
4348 3675
69 202
6990 7534
9427 8815
5165 5616
118 1035
4917 4742
16 879
9638 9839
6284 5408
9594 9544
3227 3780
8284 8221
76 75
1499 1473
5466 6213
6820 6627
9083 9660
6816 7557
4203 4709
9361 8743
1750 1264
8701 8470
4500 4126
3488 3018
4726 4172
2252 1515
6705 7161
6037 5115
3654 4335
5049 4129
2262 2025
3139 2700
3935 3099
5047 5835
3639 4174
6744 6069
1722 1566
2329 2437
8391 7798
8825 9404
3414 3466
4955 5279
6966 7635
4969 5919
9307 8596
1465 1997
6282 5776
7135 7522
5359 5943
6553 6178
4394 4729
74 872
3802 2823
8297 8557
6085 6871
12 32
6149 5433
1444 1162
6032 6160
8919 8672
7728 7366
7209 7119
6006 6092
5354 5358
7963 8913
7033 7203
6591 6568
6057 6048
6850 6358
26 621
2219 2104
4845 5069
4686 3744
10815 9999
1689 1931
6057 6443
210 1125
7207 6520
7826 7361
7543 8304
60 126
7498 7286
3913 4162
9542 9138
26 949
8120 8461
7233 7596
1521 1639
31 204
871 1254
3979 4248
6721 7261
1274 2103
8344 7854
4571 5361
2520 2010
9732 9140
2388 2589
9646 8700
6748 6351
7935 7116
5337 5525
7844 8265
9291 9118
2729 2859
3630 4375
6138 6166
1249 1877
9312 9384
7138 7089
8140 8579
7514 6795
1039 1323
7348 6419
7421 7170
5131 4615
1303 1377
2410 2938
3598 3479
7902 7557
5021 4993
8580 8480
6121 5313
2502 2591
6732 5838
4542 4650
45 21
5394 5550
8270 8390
6727 6297
6180 5565
3806 4417
2314 1907
7386 6587
7086 7047
3405 2444
6355 6820
7849 7662
2225 3093
411 1088
58 432
7795 7365
1842 1574
6157 6765
2779 3192
8275 9115
7448 7157
8116 8393
1625 1196
6092 6888
6987 6286
2249 1862
64 458
7032 7084
16 428
5779 6464
14 789
4786 4391
621 1019
8642 8401
26 964
2094 1990
8401 8206
9780 9296
1798 1867
3290 2894
9315 9523
14 669
9944 8982
9412 8452
918 1734
10723 9827
8993 8135
3625 3020
410 1062
1079 1495
2445 2723
3463 2974
1512 1124
4739 5281
8059 7515
6686 7513
92 415
10714 9822
8966 8965
7810 8388
6759 6607
9157 8619
4877 5512
59 879
8054 7744
7141 6479
3404 3452
2416 2022
8809 8105
4800 4684
4451 5034
2019 1781
5709 5472
6534 6265
4130 4965
6322 5887
4030 4180
8144 8128
4169 4560
8814 8602
3804 3015
4634 3802
2814 2399
7129 6652
6845 7127
9105 9791
2710 2765
1731 2716
1477 1468
6370 5537
4570 3636
7027 7786
3100 3178
3730 4289
3316 3419
65 936
3217 3078
10134 9172
3266 4165
6141 5429
1143 1996
5400 4918
2764 3404
6721 6744
68 642
3310 2634
6869 7067
4847 4294
52 103
6869 7405
8255 8636
36 603
3200 3439
2892 2263
7097 7020
4839 5360
7710 7825
1235 2193
6592 6000
4733 4974
8140 8128
2367 2253
5359 5688
405 1326
5606 6366
7136 8001
3162 3586
4566 5232
5555 6100
5120 4139
7488 7774
7179 7330
4937 4258
6412 7355
7560 7082
7511 6692
7704 7012
2981 3612
66 905
9254 8936
7477 7929
8065 8471
4977 5436
1560 1819
4901 5657
1368 1208
76 935
7682 7179
6400 6941
3540 2858
62 950
8200 8673
1725 1363
49 839
10047 9215
4642 5283
7310 7938
5690 5400
6279 5659
14 13
7101 7980
4382 5194
86 619
2333 1859
2450 2625
3497 4285
6707 6096
4850 5650
4418 5362
5002 5914
2254 1592
8362 9133
5762 6144
50 112
3671 4348
927 1174
7619 7085
2658 2641
2726 3321
3715 3183
6377 6635
2415 3376
39 743
4455 4462
7074 7423
2939 3508
4225 3322
9035 9287
6416 5894
3239 2950
5957 4983
1354 1357
5531 6338
4936 4777
9972 9389
5627 5330
84 666
5692 5665
2679 3199
6526 5948
6510 6327
1806 1025
3427 2642
4585 3743
9585 9712
8290 9121
3183 2222
5632 4774
9777 9708
4841 5341
2157 1582
2751 2235
7225 7584
5256 4551
96 809
5878 5910
4565 4387
37 311
7556 6613
4260 4306
6390 5613
6035 5721
5998 5133
4031 4354
7538 6548
24 372
8977 8387
9335 9813
4938 5175
1370 1361
4270 3414
8605 9061
2932 3344
8114 8561
9910 9954
6893 7604
660 1307
3020 3905
6586 7238
4596 3963
3916 4746
8630 8337
4771 4847
3866 3285
3649 3758
7027 6263
8148 8707
7339 6516
7535 7543
10105 9534
6713 7228
7848 7993
8860 9244
6725 6654
2470 3175
3588 3482
2944 3760
61 971
1701 1507
3514 3707
1989 1523
7378 7455
5195 5464
18 28
9445 9919
2799 3159
69 665
9021 9541
4156 4037
6316 6744
2900 1984
2973 3654
8835 9157
6441 6934
8084 8462
3258 2297
3923 3746
6226 6292
9538 9246
3890 4638
4896 5805
5261 6211
2774 3362
7614 7319
813 1752
8386 8948
2479 2301
7362 6945
5586 6162
9574 9343
6848 6403
3810 3739
66 746
8034 7947
4295 3670
8908 9079
8120 7223
6405 5685
3818 4231
7411 8303
7598 7265
9793 9749
6022 6550
22 404
4641 5275
5792 6711
3723 3695
6736 6556
5980 6848
2240 1968
6516 7403
5600 4833
1602 1386
3407 3283
2684 3666
735 1037
9347 8657
7063 7505
2194 1737
5265 5682
8668 7793
34 103
7249 7693
8310 8820
7331 7389
5351 5981
3098 3134
4825 5393
7666 7682
1989 1981
7266 6747
1243 1759
6064 5372
10637 9818
1601 1998
78 493
1882 1252
9292 8371
9924 9301
8519 7857
7559 7160
81 236
6940 7674
1575 2527
3046 3785
7840 8570
2055 3049
1856 2502
2161 3017
7749 8243
4866 5847
1547 2445
82 788
2663 3646
6960 6538
10344 9727
27 718
8467 8460
6882 7422
72 978
2839 3547
2726 3332
9212 9107
1842 1774
5770 6242
2314 2939
4841 5188
3267 2741
7398 7790
1081 1892
10135 9862
1463 1122
1987 2986
2411 1450
5878 6467
6129 5316
2151 1161
3088 3999
92 810
6360 7195
8799 8088
4816 5678
6292 6114
7517 6890
6919 6170
9142 8267
7416 8263
10100 9781
2586 1667
3464 3169
1539 1997
1838 2658
1613 1693
9255 9614
2675 2369
7588 7065
7535 8404
1826 2748
1811 2171
3039 2633
2437 1842
5387 4561
4678 4114
5985 5042
4032 3758
5181 4199
8764 8104
2784 3779
3202 4001
2979 2659
71 305
5193 5043
2246 2002
4302 4740
82 759
7438 6503
6388 7328
9091 8831
9577 8788
9022 8059
751 1269
4322 3973
7363 7231
10619 9939
1847 2165
8759 8887
2884 3649
7883 8752
2295 1424
4434 4681
6971 7226
5780 6314
79 477
3564 4478
5139 4267
4673 5401
4704 4163
7871 7666
603 1025
37 113
4233 3373
40 12
1667 2195
542 1304
9129 9771
8202 7623
10664 9980
7299 6530
3299 3202
6204 5883
9225 9521
9593 9325
85 158
6887 6956
10262 9530
5935 6050
5604 4758
7124 6853
2749 3429
96 616
7376 7204
2626 2539
42 89
8961 9088
6653 6404
9691 9926
8830 9280
3597 3270
6077 5687
4760 3947
3306 2583
8513 8758
8768 8297
6351 5504
6586 7479
3208 3423
10136 9894
3626 4437
6569 6530
6882 6789
10831 9915
34 636
8713 8380
90 165
24 742
2534 3214
8409 8818
3032 2164
3195 3359
7419 6896
6482 6092
5137 5358
3466 2952
10078 9284
7817 8015
8054 7937
9941 9328
9126 8412
8594 8269
6426 5457
6958 6972
1979 2392
1031 1170
9047 9785
9315 8676
5470 4930
1833 1298
6884 7642
9194 8875
7712 8431
7799 8415
2377 1859
2382 1787
6116 6447
7201 7242
9295 8620
4010 3952
5098 5846
6468 5957
8730 8951
60 539
5338 4784
8225 7487
4927 4109
2803 3264
1441 2435
4696 5368
9687 9685
8961 9327
8131 9030
52 895
5466 6266
3806 2828
4636 5047
9398 8436
7836 7453
2549 2259
7077 6240
3869 4349
3283 2746
5421 4675
9379 9716
4064 3226
1897 1631
4334 4990
8173 8488
4702 4151
5051 5463
5635 6194
1765 1572
9992 9369
1933 1831
3145 2610
7537 6981
10842 9991
4229 4586
4773 4424
3679 3653
9223 8399
4963 5733
8406 8889
821 1164
2268 1821
2372 2408
8343 9120
87 95
1350 1318
1921 1504
5202 4513
7079 6936
6665 7325
1934 1233
3830 4630
84 547
3357 4059
4556 4793
49 948
2210 2957
6828 6107
1287 2101
8036 8722
6678 7410
2742 2906
8226 8806
3666 2764
2928 3379
7058 7286
3951 3535
40 710
5908 5921
4876 5285
1098 1785
3872 4453
3728 4393
6575 6935
7501 6528
5473 5452
3477 3410
4789 4173
4675 4103
5852 4901
85 399
7110 7078
5867 5354
3162 3761
2860 2412
8496 9286
5838 5196
92 631
3055 2134
42 361
4689 4293
9649 9308
10157 9616
2948 3288
1463 1118
9574 9128
2047 2034
6085 6020
2649 3195
8559 9248
6538 6340
2335 2205
6045 6249
9445 9446
72 149
35 397
1322 1916
4912 5741
4533 5306
94 404
1537 1751
1255 2199
6625 6510
7964 8927
7974 7031
832 1187
237 1059
7038 8013
4136 3211
3806 3025
5606 6221
6843 6228
3176 2765
7036 7622
5264 5596
9463 9668
7890 8248
50 676
2799 3391
4683 5164
52 299
7828 7988
6817 6195
2896 2904
1712 1170
10502 9631
5314 4724
1188 1018
82 690
9177 9938
74 827
1444 1575
3145 2295
5120 5662
8640 8217
6029 6545
2318 2641
4497 4785
51 962
8104 7745
88 903
8427 8814
3343 2846
4447 4100
3202 3793
8237 9057
5023 4589
2514 2743
7479 7913
5526 5171
2005 2770
6854 6811
5911 6693
810 1530
6431 6033
9212 8440
3727 2761
3304 2494
2833 2390
1000 1452
3757 4537
10 702
5577 5631
4113 4413
4327 3668
4730 4338
3751 4234
9365 8947
2868 2521
10062 9764
2733 2687
3410 4088
3736 3255
8876 9634
9404 9569
7392 7213
9909 9509
9367 9497
8220 8271
5094 4422
2328 2139
2745 1792
10353 9522
5383 5313
4159 4245
79 946
4327 3838
52 169
8452 8921
36 701
8948 9071
6247 6352
4096 4371
9935 9223
8232 8247
8728 7793
1077 1898
6711 7266
5666 5213
5728 5778
5544 5248
5660 5206
5297 5128
35 195
7480 6984
4516 5146
4306 4164
9011 8057
5639 5107
6047 6284
8041 7923
2470 3421
1978 1782
2246 2639
8771 8005
6159 6589
5081 6053
3409 4372
1954 2675
3263 4007
2154 2557
6123 5640
5777 5659
2318 2430
6810 6868
3225 2750
1531 1072
3515 4202
6498 6744
1811 1666
2200 1360
6163 5438
4234 4924
6164 5721
7458 7729
2652 2081
51 68
3186 2322
3365 4110
4192 4724
2663 2404
3776 3956
886 1046
3856 3514
9164 9270
8413 8085
5781 5826
85 687
8686 9223
185 1068
63 467
1816 2277
9994 9948
971 1673
3501 3083
5393 4500
4344 3403
1337 1482
10356 9448
6194 6201
4395 4618
24 582
4146 4878
8644 8021
2372 3247
2957 2187
5136 4971
10597 9634
5829 5316
5741 6705
28 434
25 11
4347 3517
1807 2756
8413 8174
5916 5023
5786 4935
2555 2237
6551 6439
8523 8053
7250 6573
10825 9848
6991 6130
10525 9798
2615 2163
7824 8038
8112 8442
1364 1762
6653 6748
7169 7611
4428 4609
7227 7977
8865 8220
1818 1788
6829 6432
5031 6006
8871 8297
2119 1377
6014 6095
7593 7621
10002 9059
3461 3145
7298 7548
33 325
5535 5216
58 316
1594 2247
3454 2646
2597 2047
9838 9323
5398 4764
9901 9914
9926 9207
8778 9653
8194 8476
8366 9147
7740 7230
8378 8810
89 913
3598 2785
5583 6364
8805 8115
9528 8707
3814 3183
5374 5419
3113 3190
5755 4835
2433 2898
9247 9979
1142 1913
6094 5797
2389 2560
5585 6241
4918 4715
9326 9390
2687 3394
1803 1865
7461 7459
2459 1839
7103 8061
7108 6502
6643 5839
38 676
5071 6050
7799 8535
9528 9339
6397 7112
