5059
100
15015327
60 52 54 46 57 57 56 48 60 53 55 51 48 58 46 46 46 55 43 57 51 50 46 58 44 47 45 53 40 53 53 58 45 45 60 53 59 53 60 50 41 43 52 51 50 53 43 43 48 52 45 46 43 41 41 41 59 52 43 58 59 51 51 48 50 48 54 43 53 50 44 59 43 51 47 52 57 45 53 44 59 60 54 44 50 44 56 54 56 49 60 41 56 49 47 43 58 53 53 55 
-35286 -26638 -28093 -27068 -31605 -31953 -31474 -24713 -31059 -28977 -32552 -25553 -28488 -30769 -29391 -24991 -24768 -29555 -25258 -31680 -24600 -26769 -22333 -33152 -21678 -24357 -24196 -29008 -21098 -27303 -28397 -32294 -19414 -23799 -35913 -31688 -31054 -31809 -31145 -25888 -21317 -25309 -28519 -30626 -24078 -30846 -23071 -24410 -24969 -28299 -23840 -24678 -19020 -23226 -17953 -21972 -30391 -32931 -27679 -30638 -34414 -26997 -28915 -24754 -29603 -20898 -24439 -23607 -26778 -28362 -23562 -36003 -26490 -31227 -23038 -28843 -32253 -21792 -28499 -25895 -32795 -31116 -27391 -21770 -30882 -24577 -35393 -30297 -30983 -25389 -30539 -23903 -30438 -29274 -24353 -28574 -30056 -28357 -29396 -32461 
28933 21938 23158 22085 25920 25625 26034 19790 26013 23578 27046 21067 23185 25355 23804 20801 20023 25128 20671 26116 20757 22057 18655 27326 17972 20465 20062 24691 17750 22756 23459 27530 16228 19672 29397 26132 25708 26611 25791 21384 17144 21362 24001 25234 20467 25502 18986 20926 20659 22764 19236 20084 16422 19295 14931 18382 24809 27070 22906 24722 28341 22453 23597 20190 24451 17903 20541 19691 22230 23150 19363 29820 21705 26099 19696 23824 26861 17890 23612 21223 27027 25831 22603 18285 25289 20273 29751 25055 26054 21850 25844 20082 25309 24330 20479 23653 24843 23206 24037 27347 
3592 2816
56 86
2731 3658
5262 5071
7025 6267
7861 7498
14 778
6138 6682
3068 4022
5410 4548
12 534
59 753
9637 9209
7088 7240
10354 9614
7314 7150
6932 5961
3877 3239
91 885
9164 8337
8457 9264
3388 2568
3332 3751
6900 7052
10199 9859
10576 9850
8073 7634
9699 9886
9312 8598
3535 3287
6961 6729
3405 3515
4512 4964
90 810
6411 6455
2672 3204
7072 6989
8948 8577
1956 2800
7122 6227
8371 8455
4455 4172
5523 5522
28 393
4914 4257
30 380
16 183
8351 9190
66 666
9871 9329
6576 7383
5809 5008
5476 5962
4997 5748
6046 5729
2571 3292
10089 9659
10281 9949
960 1550
8845 8017
7017 6860
4368 5090
3011 3828
1821 1457
2734 3478
2688 3296
8720 8529
7349 6850
5138 6031
2458 1889
9362 9344
8170 7290
7962 7564
2302 1858
5062 4863
4617 3784
7961 7651
82 593
9453 8749
7730 8482
5340 4645
8784 8857
7159 7210
342 1327
58 593
1744 1084
8326 8182
7441 7800
1732 1209
4400 3899
5288 4971
6720 7448
4115 3780
2869 2265
2463 3042
729 1564
2354 3298
2247 1411
3886 3284
10407 9666
3392 4119
3952 3841
6423 5606
6471 6770
3529 2536
8461 7562
97 403
32 411
5499 6367
4328 4902
2338 3330
3834 4689
3728 4641
1588 1883
3055 2568
10500 9591
13 571
7367 7487
4931 4028
6650 7020
9669 9719
79 416
5707 6179
4568 4156
3484 3091
7908 7042
8299 8481
5135 5246
5408 5005
23 73
83 107
6459 7414
1191 1777
1000 1720
8378 8737
8659 9083
5399 4587
6823 7353
6123 6801
1570 1239
4071 3282
2494 2337
8244 8554
6617 7529
4317 3560
2128 1139
3745 3209
1465 1406
9294 9850
9070 9231
8903 8908
4715 4618
4204 4390
5817 6580
3227 2369
2804 2763
3642 3892
2588 2189
3461 3690
672 1062
97 992
4728 4203
8327 8067
729 1042
8859 8096
8011 8132
6713 7324
3476 2540
7410 6968
7556 8035
3436 3855
8094 7831
5308 5601
1032 2005
5374 6215
1855 2767
7446 7170
6893 7333
6474 5877
3085 2498
7043 6444
2312 2180
1451 1541
3719 2917
3004 3382
3167 3300
2916 3579
6809 7650
44 689
5778 4972
3592 4332
3652 3003
9797 9845
752 1530
6890 7758
4010 4494
5990 5047
5400 4984
6990 6107
8302 8252
6209 6466
7169 7823
9931 9351
9699 8959
5988 5134
4554 3653
8189 7552
7757 7357
3396 2716
4613 5368
7547 7019
5861 5765
51 384
54 898
5068 6024
8765 8582
5112 4891
3427 3273
2010 1213
4804 3927
9744 9720
9501 9596
6850 7045
9579 9850
5051 4539
9940 9239
2169 2607
27 947
3415 2562
2844 3485
955 1488
8632 9559
52 702
2763 2904
5704 5172
1725 2673
7659 7343
86 934
3599 2742
4472 3864
45 846
4304 5053
6321 6978
6877 7820
4099 3746
1599 1959
996 1043
4357 3993
3981 4848
5792 5933
5449 4743
8541 7619
6907 5907
6470 7168
4726 3731
8900 8376
10113 9579
8956 8705
8601 8452
1711 1477
2805 2904
4835 3959
8865 8034
2963 2564
6895 7764
4960 5642
4927 4110
8383 9015
10592 9634
9383 8815
2165 1374
7762 7848
9822 9247
5542 5725
1580 2021
6323 5362
6566 6131
2984 2614
17 145
6375 6520
2769 1999
4943 4038
10365 9429
2357 2119
2921 2424
6851 5995
2874 2207
6387 5872
4906 4047
2307 3113
4515 4202
7115 7753
7739 8266
4879 4135
4186 4929
7909 8415
9277 8530
6006 6931
8767 9019
4662 4720
5539 5335
1799 2403
3023 2155
9811 8832
76 572
6088 5468
5534 5154
2391 1965
7255 7662
1744 1393
782 1591
5396 6013
8794 7893
3063 2837
2958 3166
7292 8057
2048 2401
9910 9095
8474 8051
63 305
1704 1481
6824 7066
90 692
9060 9247
8320 9066
2910 2647
8148 7679
2590 2813
8979 8739
9916 9235
5295 6151
59 807
9668 8968
9854 9138
1693 1749
1392 1436
8811 7890
5123 5202
5455 5408
3648 3520
3393 3822
4622 5139
7438 8180
323 1021
58 564
5182 6107
4092 3623
5605 6229
5259 6039
8571 8836
5900 6623
2099 1671
7304 7702
2158 1901
59 95
4252 3253
5828 6569
2551 1996
7551 8448
4322 4816
9612 9088
4429 3881
7578 8021
4478 3825
5264 5107
8739 9679
8481 8293
5358 5585
9035 8681
82 474
3145 3370
1387 1732
3162 2910
4254 3617
8376 7998
72 563
8319 7580
2757 2254
5967 5686
3654 4276
10704 9785
4785 5255
5205 4306
1871 1520
5093 5395
6423 5782
2531 2588
8947 8495
1561 2154
848 1224
2360 1401
4716 4586
3738 2871
9133 9144
1540 2522
2425 2035
4326 4952
9895 9491
7997 7583
2953 2315
7745 6988
9447 8620
6633 5822
7640 7837
2806 3045
3700 2987
1626 2288
649 1167
9008 9279
4759 4007
3168 3889
4167 4221
66 897
94 401
7188 7769
7551 8109
5126 4641
10017 9258
5793 5021
4007 4911
2653 1812
4500 3806
5282 5003
2783 3134
5383 5221
3866 3283
7489 6850
4365 4409
2044 1644
4109 5022
9338 9792
5559 6055
5854 5272
5059 4386
73 235
87 328
2490 2405
3999 3622
5880 6585
6858 7806
752 1421
5661 6633
7506 6632
7659 7040
4815 5162
8822 8317
8388 7417
3670 4192
69 516
9431 8871
9022 9337
942 1029
8439 7699
3029 3953
57 289
5213 5159
6447 7399
1789 2759
4516 4784
7586 8360
5093 5102
4637 5464
3409 3028
26 1010
8118 8713
1328 1879
1318 2121
908 1380
88 783
8265 8733
8205 7782
7784 6970
1181 2063
2581 2835
6254 6784
7260 6266
59 370
2791 2028
2121 1707
9632 8799
10373 9979
20 106
10343 9590
6529 6719
93 145
4547 4231
4952 5168
4587 4502
1600 1889
9940 9196
10433 9914
7509 8114
4596 5205
344 1268
10865 9900
6903 6145
7546 7448
4867 5810
8595 7708
4055 4102
4903 4451
5423 5694
4936 4970
2475 3168
2662 3645
1832 1376
3142 2716
51 731
4240 3697
2553 3292
6671 6141
4159 4525
1736 2438
5476 5697
4387 3458
1086 1800
6169 5402
5107 5464
3870 3893
8647 7734
9735 8933
6115 6605
5067 4358
1815 2138
5371 4537
4258 3466
5441 5220
589 1067
9544 9585
38 166
5159 5863
1869 2199
9408 9196
8568 9451
88 513
7055 7578
9865 9496
2278 1299
8458 8128
1928 1192
9466 9651
4642 4078
2089 1141
8264 8771
2944 2614
1188 1496
8589 9581
49 218
8207 8341
4068 3354
3563 4292
6706 7515
8808 9450
9131 9973
55 546
9811 8912
4782 5198
10174 9330
2753 2271
4286 3491
1022 1576
5002 4509
3404 3331
7211 7977
5410 5716
7416 7184
3211 4151
8063 7557
4030 3947
4465 4028
1498 2423
2637 2876
8387 8129
6539 5942
3026 2359
8543 9195
3004 3342
1264 1324
2849 2870
7543 7197
2913 3446
8114 7615
1734 1580
6446 5915
6223 6917
7549 8485
2544 1724
8568 8311
1547 1717
2550 2907
8184 8922
6548 6145
3930 4171
8795 7855
6927 7407
9124 8646
9457 9646
7602 7865
39 950
41 582
4458 4197
1931 2738
3164 3304
5973 5741
9258 8446
6127 6596
79 243
8219 7756
5581 5823
5626 5943
8275 8298
26 122
4712 3836
5440 5814
4926 4116
6935 7667
8998 9272
6118 6225
1553 1019
478 1270
5212 4315
4854 5245
10185 9607
2756 2385
25 783
8509 7888
5620 6120
4240 3424
8308 8836
2086 1451
17 120
9715 9670
8732 8283
5755 6567
65 63
7978 7567
2162 3094
5705 5175
9746 8909
72 573
51 762
4377 3863
6727 6732
4359 5018
6397 5488
3893 3420
2565 2997
11 470
4798 5107
4857 4186
7045 6286
9224 8309
39 404
942 1624
8939 9087
6527 6402
5036 4917
9344 8746
9587 8844
10103 9584
972 1555
35 37
17 679
10649 9846
2916 2747
7609 8344
2701 2764
9180 8909
94 787
1214 1476
9041 9701
2549 3038
8335 8433
9588 8631
6502 6752
3901 3214
8314 8964
4443 4459
5219 4967
5333 4530
7113 6370
5290 5731
3620 3839
1545 2081
4654 4849
1695 1525
3787 4094
4040 3140
4612 4765
10153 9223
9459 9187
64 232
3878 3778
8753 8857
6803 7684
5645 6536
8258 7286
4582 5312
5968 6290
83 558
7179 7506
55 903
9887 9528
1370 2034
1516 2065
8084 7681
1064 1502
4164 5000
8169 8562
8976 7985
52 695
6037 6709
8552 7822
7706 7901
5486 4870
7084 6271
4737 5272
7246 7891
77 33
4999 4608
7290 7444
4694 5190
9785 9417
7497 7006
5937 5820
2881 1996
767 1553
2633 2530
8176 8065
21 873
4752 5628
2541 1673
1365 1681
7933 7117
64 106
5091 4343
6007 5459
4255 3520
491 1219
3715 3314
1949 1710
8448 8025
9625 9744
7386 8229
1908 2551
5128 4148
6673 7193
6626 6630
2329 2699
6233 5563
7073 7271
4796 4504
6573 5968
1352 1154
5343 5146
3485 3954
5106 6075
9978 9524
5040 4373
6862 6915
2283 2028
9774 9769
7255 6957
28 277
5926 4949
8001 7816
5626 6075
10005 9300
8590 8635
3205 3030
2358 2723
3363 2815
9016 9996
4116 3700
8656 8983
10909 9950
3572 3791
7826 7506
8749 8385
5621 5459
1125 1240
8415 7904
6806 7040
1118 1019
8357 7794
6011 6223
8451 8353
75 284
761 1681
9062 8676
8645 7932
8588 8192
12 817
7317 6789
7180 7080
3757 4411
53 196
9903 9062
6336 5438
8960 9338
1569 1818
9870 9336
8200 8761
9413 9284
77 640
50 387
2239 1550
6901 6530
9284 9039
5855 6830
6488 7401
7972 7478
3188 3039
48 817
4703 5513
3642 2965
3080 3436
8804 9435
8101 8636
4169 3594
6203 7024
6456 7287
36 331
6248 5889
1948 1040
2945 3110
7033 7013
6854 6030
2959 2230
3992 3129
2390 2924
6104 6314
9743 8831
5535 6296
7554 6699
8404 9341
5676 5088
3064 2548
8926 9447
25 973
24 508
7123 6315
4275 4896
1216 1432
35 151
3337 4299
7563 7114
5832 5554
10143 9566
9910 9000
10178 9589
6113 5456
2760 1945
6184 7112
7612 7781
4231 3331
10389 9550
2846 2275
7559 6612
5193 6054
383 1167
7403 8352
3600 3040
2988 3420
4497 3528
8706 9113
2369 1934
4454 4676
2272 3208
7064 7098
2437 2692
6101 6383
3406 4234
8917 9550
7571 7650
2040 1159
7499 7076
3558 4184
2848 2093
4444 5066
10396 9906
79 513
11 273
2858 2391
1709 1913
1680 1028
17 197
3537 3003
6885 7679
6079 6189
2403 1752
4991 4999
3575 3005
9191 9326
713 1095
7755 8057
6724 7520
5713 5678
8510 9321
7701 8552
59 67
1642 1724
7570 7019
9842 9968
2612 2799
1464 1192
5170 5844
8151 7170
6387 6298
3149 2912
9171 9824
6235 5965
5865 5565
7993 8152
3862 3515
577 1408
9572 9810
2861 2059
58 361
4759 5564
2831 2802
6587 7390
2690 3379
7076 7025
5219 5538
7324 6545
1173 1065
8889 8998
6826 7815
23 664
9825 9319
2959 3394
4432 3743
6864 6786
3532 4308
93 706
2121 2010
1463 2052
583 1184
5606 6018
5344 6316
7144 7051
5929 5058
5560 6526
852 1084
5361 5854
2890 2903
6844 6673
5356 5146
5451 5883
4727 3878
8836 9518
8212 9112
8130 7462
9361 8738
5438 5855
2104 2822
2834 2816
1283 1819
9718 8778
3725 4014
9444 8929
5565 5111
5894 5989
59 865
9984 9568
5562 6539
2162 2985
5140 5675
8133 7217
3331 4120
2265 2398
3984 4438
2661 2029
8995 8213
5749 5457
3930 3100
1864 1390
10378 9554
3498 4424
7299 7242
10340 9574
999 1208
3411 2466
8438 8728
4976 4902
7940 7877
35 484
9265 9019
28 925
3682 3226
9140 8804
7565 7058
6826 6416
5038 5448
9691 9755
50 912
1551 1662
8618 9406
4480 4254
3284 3212
7439 8257
5094 5632
4610 4174
4215 5092
7782 7821
7342 7733
9871 9354
5103 4117
5545 6016
3313 2828
2707 3464
3467 3920
14 659
5411 5926
6434 5545
8421 8561
30 268
5614 6195
2194 2070
7144 6636
693 1514
2943 2186
2000 2003
5840 6038
2000 2514
8358 8892
1640 1931
1793 1130
7919 8324
5964 6073
5682 6516
3039 3485
8221 8892
9687 9294
3437 2878
1882 1047
5939 5316
1928 1306
5571 4948
3637 3230
3782 4552
73 156
10407 9763
2614 2369
6054 5363
10139 9352
9477 9668
27 495
3986 3569
5557 5964
2064 1332
6952 7292
79 549
2943 2945
3918 4134
1131 1966
6792 7065
1065 1964
8953 9357
5747 6171
8044 8147
6936 6131
3612 2951
9142 8735
8110 7679
8552 8785
9491 9111
49 325
9493 9459
3006 3728
5211 5628
2517 2511
9092 8307
3176 2775
4931 4245
12 973
3171 2379
3852 3142
95 842
465 1215
1379 2133
8339 8280
1991 2875
9859 9534
29 218
6579 7117
29 529
66 39
3372 3085
6854 7835
83 469
7783 8104
3000 3790
8699 8170
1488 2373
8382 8344
4755 5327
3337 2355
6614 7012
5942 5186
5902 6216
2925 3223
1484 1175
3645 3547
7182 7417
3228 2852
6039 6010
4797 4463
7999 7480
3456 3391
7121 6627
68 379
10151 9590
7920 7226
5569 5792
2868 3650
4330 4729
6117 5300
8630 9079
6959 7914
7307 8139
5522 5840
5916 6791
4166 4675
6784 6589
2904 2022
1364 2188
7642 8185
4843 4769
1599 1695
2798 2313
7240 6254
1011 1182
1935 1265
7931 7297
2718 3519
3094 2134
2016 2391
1646 1864
7753 8007
5759 6341
3149 2181
9053 8954
81 592
3305 3423
6945 7852
1359 1316
9172 8844
3960 3571
1584 2492
6691 7487
81 931
7291 6352
3470 4140
6092 6031
9243 9253
4174 4322
10628 9938
52 941
4282 3886
95 500
6212 5548
6682 5760
5720 5517
4728 4308
524 1255
5485 5313
4427 4308
5917 6488
4015 3682
7774 7452
6756 7502
1676 1376
3400 3806
8486 7772
2950 3498
5585 5485
3235 2719
5144 5516
2602 3065
2479 2040
2740 3067
3666 4449
2153 2180
4593 4760
5668 5879
8123 8600
5926 5744
5481 4787
87 333
3154 2954
4100 4173
4707 5484
1698 2450
3280 2303
5415 5381
10964 9996
47 124
5125 4793
10682 9770
4478 3684
10513 9555
74 958
3930 4910
5061 4793
7259 6563
89 693
6568 7333
8491 8912
8919 7994
74 802
3597 4046
8759 9705
4570 4427
8246 7494
9046 9488
96 570
4492 4699
4457 5353
5639 6056
8562 7599
1753 2008
1722 1118
8897 9831
10440 9678
6915 6930
6974 7414
2012 1640
74 363
50 77
7739 7374
8003 7367
1537 2524
53 907
8372 8725
2896 3449
1668 1051
3341 3636
7143 7531
9805 9079
8116 7845
2951 3353
2611 2341
76 200
5350 4682
9282 9822
3501 4296
10525 9587
8460 8545
5952 6912
4727 4136
2749 2949
9246 8851
3980 3141
7759 7008
8575 9084
9619 9299
7209 6472
5988 5335
1329 1346
390 1173
535 1282
6028 6931
2979 3445
2662 2016
8267 8567
9405 9579
5535 5809
9606 9080
96 449
4020 4511
522 1188
8771 8336
8009 8223
64 549
1774 1506
7652 7036
5053 5590
2673 1897
1985 1624
1214 1807
8258 7457
3780 3704
37 434
5697 5394
3620 4282
6988 7549
70 102
3233 3522
5495 5042
8187 9161
2961 2984
28 747
3438 3020
4779 4326
48 666
334 1016
55 511
5262 5627
5209 6101
6869 7257
6868 7059
7877 8771
9451 8481
2375 2155
2248 1686
7429 7294
2129 2744
8318 8133
78 449
6808 7290
7649 8267
1762 2453
10460 9560
2410 3302
3093 2670
3305 3907
73 1020
10397 9823
6763 6237
7094 7017
5771 6001
7439 6873
5346 5291
5325 4867
7330 7008
5948 5075
229 1054
8475 9206
3864 3227
2447 2094
1318 1657
9762 9917
7401 7477
3215 2906
93 786
4393 5113
607 1281
3861 3118
2944 2684
3272 3258
5946 6451
2677 3025
6498 7261
998 1202
9943 9665
2198 2821
8805 8580
7619 7333
7211 7276
16 339
3431 2669
8414 8354
730 1131
3858 2890
4540 5047
7494 8186
64 919
6034 5457
9094 9221
4986 5427
2141 2341
7681 8123
47 610
4453 5343
7371 7677
1867 1755
1751 2453
6157 6547
5592 6485
7536 6874
95 700
5060 4499
1516 1929
3051 3497
6677 6703
7327 7145
1973 1105
7058 7045
5377 4968
2511 2078
1240 1219
6207 5775
7608 8517
8910 8027
6284 5710
6666 5736
6425 6090
91 846
1547 1882
8427 8113
6041 6809
7301 7875
7581 7350
2447 1983
8274 9263
2387 3323
5449 6435
8832 9084
4183 4887
5052 6019
2678 2162
9372 9585
6369 7125
10 300
8032 8212
8288 8542
5149 5911
1639 1289
8239 7897
4961 4121
8969 9374
7746 7291
4741 4451
3586 3971
8622 8201
10661 9712
55 922
2879 3277
73 620
2884 3014
222 1191
9648 8751
7879 8300
6775 6881
7824 8231
9479 9649
4518 5143
897 1259
3491 2532
6555 6827
6903 6478
49 141
9260 9136
49 424
3908 4714
56 669
8255 7429
2910 2230
478 1435
2646 2853
8256 7982
5784 5139
3722 4720
1893 1569
9215 8334
881 1542
9409 9677
5913 6660
7168 8118
3812 4262
2782 2167
6044 6250
6184 6533
5601 6390
6212 6185
4695 5354
78 715
7629 6964
1674 1478
7172 7983
67 351
3209 2870
32 614
2741 2492
764 1371
7868 6901
3574 4281
71 86
6369 5760
5401 6229
7664 8320
7460 8442
10106 9493
3199 2816
58 813
6594 5709
4756 3962
8919 8817
2959 2750
6342 6964
4441 3644
5170 5993
1466 1687
9188 9828
4256 3649
4264 4377
2125 2468
8970 9472
3067 3530
8922 8736
9380 8528
62 506
542 1262
5783 4944
5819 5417
9492 9713
7027 7200
8522 8178
8506 8844
7665 8200
7468 7443
4644 4232
4969 4007
9345 9443
63 284
3077 3203
1906 2056
6949 7489
8970 9456
4504 4939
7220 6720
1644 1922
2510 2318
5623 4832
8185 7470
9616 8866
93 193
2992 3033
3274 2467
2884 3019
2002 2661
4525 4988
1811 2455
1589 2221
626 1238
3674 2915
3224 3720
6857 7296
51 420
68 118
3160 4043
3717 4089
6915 6909
2536 3102
45 652
1804 1477
9260 8541
4281 3701
88 526
8721 9394
71 501
36 467
4779 5129
9391 9286
71 514
1626 1734
2699 3366
1614 1910
3094 2198
5638 6142
3798 3178
9854 9159
4222 3726
6241 7011
2841 3381
5300 6135
3703 3089
9932 8943
8383 8967
6508 6781
2999 2722
77 895
7071 6475
8318 7915
3332 3861
7829 7503
8319 8635
9340 9826
3250 3952
1482 2269
7366 6495
10281 9791
8747 8398
7681 6752
2505 1653
3100 3484
6106 6341
5702 4919
6699 7312
7880 8116
4698 3936
7292 7627
8051 7084
54 814
4063 3679
13 977
8881 8207
9284 9696
6170 6017
9026 9635
7745 8518
2233 3105
5476 4700
6512 6913
3241 4220
3216 3987
2099 2798
8725 8207
9341 9722
2068 1649
4294 3604
4830 5254
4757 5360
7541 8375
96 424
4085 4032
1527 1377
55 15
5439 5640
4707 5389
1791 2484
697 1367
4911 3959
8565 8890
43 552
5142 4485
6925 7100
2898 3002
6890 7672
7750 8477
6853 7677
6576 6891
98 182
4873 4677
7394 6591
6954 6997
71 992
8209 8296
6898 7318
8306 8031
8035 8488
5836 5870
6872 6265
294 1032
9501 8525
8422 7483
7260 6468
4822 5450
3699 4500
5810 6723
939 1681
5029 5635
4535 4178
64 859
5152 6149
7831 8075
4358 4442
2007 1226
7873 7929
43 972
8271 7713
5792 4915
3489 2859
3521 4480
6527 6654
4583 4828
1990 1115
3086 3666
89 654
3963 3422
4126 4848
7261 7626
1313 1435
1645 1275
3072 3444
5726 4798
2245 2323
51 843
97 808
9085 8159
9472 9002
77 290
5820 5628
5059 5504
62 840
4957 5096
1896 2668
4789 4602
2223 1794
8643 8825
71 21
5400 5926
1021 1367
1083 1890
8229 7636
20 91
5635 5550
6769 6230
2513 2545
9001 8977
2426 2263
3326 3696
9737 9240
2265 2192
9939 9618
7326 8154
3064 3939
4660 4750
7161 7479
7151 7012
1018 1703
5524 5733
7979 7773
927 1299
6792 6484
7960 8178
41 140
2634 2264
2574 3199
5777 5079
975 1637
9546 9100
3825 3676
88 84
2982 2785
2160 2172
9962 9698
4946 5462
5294 4773
30 943
4319 4777
10034 9317
7422 7154
79 266
3841 4670
9678 9757
5262 5173
2403 1746
2380 1525
699 1232
3772 4237
10533 9611
2450 2038
6932 7390
6579 7417
6724 6212
4928 5538
6877 7540
2918 2254
1971 1632
158 1082
514 1275
5132 5912
8371 7583
10094 9271
9537 8726
6160 6009
3945 3206
8671 9304
8426 7734
9739 9780
9037 8597
2449 2668
4116 3782
22 76
6002 6292
8315 8190
8788 7958
6371 5584
7481 6963
7338 7426
4798 4567
2668 1707
8661 8581
8119 8477
1822 2711
2812 2268
4196 4871
4308 3911
9460 9303
5807 6506
50 753
1988 1611
8364 7651
3426 2536
2669 2804
3060 3788
4676 5092
8242 7515
8469 8652
3562 3105
5325 6184
9241 9089
7289 8181
2062 1065
7821 8523
7235 7186
6884 7870
2330 2036
2559 2033
33 908
7241 7776
2473 2995
8974 8100
8042 8582
28 281
6458 6614
4274 3939
3362 3564
5353 4814
157 1072
4558 4415
9724 9419
5279 5912
3118 2590
8661 8347
1486 1812
6666 7229
6089 6198
4366 3370
1057 1438
2332 2069
5357 5654
5705 5485
3567 4506
3097 2594
9131 9334
8707 7795
6586 7442
8551 9173
229 1125
7142 6286
7870 8437
6391 7060
2810 2007
5336 5584
7484 7584
8075 7163
9562 8890
5385 4767
8181 7634
9545 9631
3396 4244
3041 3143
7802 7798
96 736
4330 5204
7235 6572
8552 8343
593 1254
8196 8919
5105 4284
6346 5796
9846 9899
2389 2841
5214 4520
6929 6751
4277 3427
6156 7040
7129 6330
5557 6229
9056 8174
7179 7031
8532 8710
2545 2283
6276 5307
2783 1959
7522 7428
4662 5343
95 469
89 634
3673 4625
2014 2811
4925 5272
8463 8264
2221 1322
6869 6526
3826 3844
6063 5594
8771 7842
1600 1904
10562 9890
1077 1754
3576 3988
933 1378
8105 7793
5380 4383
3785 4107
4930 5094
6579 6659
4931 5618
2401 1642
2733 3528
2553 3313
4620 4013
54 699
8027 8277
10216 9349
3874 4298
2071 1312
2865 2984
8457 9403
6045 6000
3306 3548
4065 3510
3993 3560
5313 5422
1881 2448
5088 5086
8857 9574
7499 8107
20 292
6529 6707
3487 4062
36 420
8876 8825
15 39
2551 2234
799 1313
9284 9680
5214 4338
20 195
8488 7781
3663 4001
5267 5278
3316 3941
17 868
5253 6076
56 228
6871 6998
47 891
6819 5974
4206 3260
6712 6220
5460 5076
2989 2597
3414 2688
7806 7860
9104 8130
8008 8414
4129 4734
8469 8888
3655 4295
3606 4398
9412 8869
4536 4567
4475 3804
7304 8001
2500 2087
8630 9459
67 642
9483 8621
10367 9831
7365 8024
10172 9830
8220 8816
4077 4670
6741 6771
8432 9001
6853 6811
4369 5352
8029 7470
8858 9348
8213 8839
2188 2873
6006 6281
7609 8201
7908 8679
2839 2195
8797 8727
2113 1387
3460 3050
3558 4490
2638 3442
9054 8060
1559 2152
9130 8421
6040 6794
9973 9260
1477 1186
4765 4064
2254 1769
5772 6549
9013 9810
71 448
1835 1093
5259 4897
10449 9650
3923 3730
9610 9466
6415 5454
590 1227
728 1671
8693 8217
6553 6038
9150 9575
52 503
6507 6750
6341 6310
83 752
84 861
21 425
7209 7017
10169 9192
4848 4758
3526 2608
4421 4209
2087 1982
41 676
6039 5311
7947 7635
9227 9071
3461 3117
9111 9523
2263 2473
2139 1463
7149 7624
8253 8501
1512 2048
6985 7733
4235 5061
3366 3927
7316 6417
5241 5711
45 612
6352 6204
706 1610
3241 4162
980 1455
4829 4083
5476 4867
4263 3631
6064 6490
5317 4574
4954 5481
7683 7225
7491 7025
7251 7688
8604 8004
5375 5700
6054 6340
5591 4841
6319 5809
8421 7571
4058 3742
7678 7679
5587 5590
79 123
5022 5016
70 979
1633 2327
9434 9515
82 592
3665 4095
2659 2151
36 649
4648 5005
3738 3184
5232 4692
5146 6024
3218 2228
99 876
7683 7846
6684 6019
4100 4718
4614 5141
4121 4060
24 944
8070 8962
5083 4128
8272 8018
7885 7525
3879 3831
5060 5860
6376 6498
4206 4682
3983 3734
51 949
59 697
9372 9096
2359 1777
6243 6535
7170 6775
3316 2979
2429 3390
556 1100
4320 4613
3237 2370
2263 3017
6656 5734
230 1221
3981 3301
2718 3526
6288 6636
1870 1131
6359 6959
2189 2520
56 251
8989 8882
4169 3245
4660 4620
1423 1564
50 597
2613 2675
5669 5042
10576 9635
3194 2389
9368 9993
7047 7578
10040 9957
8843 8427
7589 7723
10026 9432
29 667
6646 5655
2335 1335
8547 7789
4164 5020
2998 2198
3683 2982
5551 5701
8657 9236
7457 8376
30 873
8329 9321
956 1506
1557 1665
9347 9928
1778 2471
724 1013
1631 2297
8784 7950
8308 8392
4284 5216
6758 6227
9723 9417
64 211
1917 1547
8172 7692
49 449
4222 4541
7500 7390
4020 3062
9448 9593
6780 7643
20 776
9287 8653
6237 6000
6835 7168
5529 6471
7223 7777
3292 3803
8008 8128
5395 5261
6018 5487
3015 2077
3659 3634
10784 9959
3282 3254
2689 3415
5495 6303
7468 7770
10370 9510
1675 2501
7782 8747
257 1232
4439 4954
6861 6982
9373 9636
4474 5086
6070 5817
28 732
5406 5358
3896 4354
5387 5453
3600 3366
730 1194
6833 5868
6878 7454
1063 1066
6831 5988
7367 7540
6091 5294
33 884
60 221
3348 2974
8177 9087
5921 6427
6042 6512
7538 7230
3269 4079
2474 3259
9347 9005
36 842
8031 7654
2139 1495
8859 8456
8763 7943
8901 8331
7610 8434
93 323
1336 1304
3640 4333
8062 8773
5264 5434
7065 6525
40 79
4342 3382
2780 3010
8972 8929
8985 8735
8579 9225
45 742
6341 5688
8778 8519
9682 8717
4300 4060
6539 6533
10316 9993
4157 3240
9343 8652
6472 5741
7631 8103
8559 7658
1057 1771
37 37
3326 3213
9283 9886
8599 9083
75 333
5314 6029
5668 5642
99 855
4644 4930
6577 6169
10379 9633
9163 8979
4709 5366
2209 2951
10473 9915
1350 1213
52 621
4224 5083
2123 1202
3137 3425
8599 9034
31 15
7453 7353
61 160
4113 3692
8092 8448
7584 8207
9011 9801
5241 5546
7323 7562
2887 2874
5177 5634
7574 7758
5387 5126
5725 5493
9724 9610
1374 1443
5746 5572
5545 5395
7252 6982
5709 5414
63 83
97 81
6534 6232
78 994
65 599
4887 4198
5532 4913
9109 9360
7735 8527
31 218
8657 7890
7800 7920
1435 1950
3320 3698
943 1358
7522 7974
3359 3727
69 267
2891 3183
7101 6819
6957 7374
1820 2769
3464 3778
8140 8457
2426 2734
3690 4410
9012 9309
4709 5143
2459 1802
4796 3881
6361 7224
7801 7294
7747 8711
5125 5242
2766 3362
2426 2040
3354 2615
64 1006
6787 6252
8229 8566
53 662
1455 1176
4338 4535
9068 8541
1712 2023
8364 8869
6388 7260
10842 9887
1827 2119
29 190
7146 6820
7645 7863
6942 7007
8411 9019
8165 9077
3101 3902
2428 3119
32 331
4468 5251
6985 6053
9011 8959
1835 1331
9471 9330
3545 4195
4982 5002
8331 7345
10059 9441
3174 3126
7614 7215
8559 7709
4223 4632
7321 8015
7198 7986
7429 7034
609 1432
10410 9917
3523 3681
9187 9004
43 709
2348 3256
1648 1320
17 407
9042 8896
4733 4004
8973 8684
10627 9936
63 404
74 232
2174 1720
28 948
8715 8634
7784 8282
1317 1889
3671 3995
8751 8462
23 127
2018 1169
7804 7828
9237 9035
7505 6574
5711 6359
3980 4164
3023 2295
7199 6802
2437 3232
9095 8664
5503 5412
6852 6236
4163 4614
4018 3319
2370 2773
2599 2460
7389 7819
5356 4518
9117 9647
6081 5513
5522 6210
3930 4649
4739 4576
3128 2449
7132 7877
4372 3572
4557 5274
16 39
5443 5994
48 226
4651 5361
8423 9194
4669 4899
45 498
7664 7740
5297 5184
9210 8426
3491 3426
3440 4275
2015 1981
4814 4001
3683 3173
70 219
2654 2485
4095 3823
4416 4069
9170 9136
7734 8697
7291 6293
6356 6029
1095 1781
4567 4560
7999 8382
2153 3093
8354 9118
10074 9694
8624 8444
2737 3096
48 244
436 1210
5395 5196
4356 4860
8270 8909
10082 9088
8908 8263
8298 8076
7254 7787
5945 6571
2706 2911
2611 3275
1370 2284
6778 5931
7962 7617
4768 4561
8226 8930
7513 8266
11 673
2255 2322
6713 7478
2541 3284
6569 5923
3320 4164
2313 2932
1666 2172
8722 8923
8844 8014
5793 5057
571 1299
4543 4666
6343 5902
4865 5657
3822 4801
7041 6905
7270 6817
64 512
8592 8690
6416 6445
502 1499
3257 3635
1857 2577
2955 3412
2701 2567
6194 6280
5565 6032
26 84
9777 9192
3315 4106
10500 9864
5500 6334
1584 2547
1294 1082
4401 4920
1511 1029
4006 4639
5189 6061
7850 7545
4547 4880
5903 5286
293 1285
2168 1248
3131 2135
7301 6869
5295 5375
5624 5261
4396 5391
3170 2710
10647 9881
9162 8650
9884 8934
7004 6763
3229 3177
8380 7585
5973 5541
4633 3739
6473 7329
61 67
5417 5542
2830 2342
3014 3199
8677 9314
20 986
6756 6818
8489 7623
3156 2848
9310 8808
4411 3488
4926 5786
65 203
4969 5588
1656 2074
880 1508
8582 8314
8174 8301
2395 1521
6125 5274
49 86
1471 1273
8995 8822
3947 3777
100 889
6574 5954
5536 5025
8470 8333
7604 6638
9257 8836
3502 4407
7123 6701
5541 5921
1716 1126
4534 4497
2713 2436
8166 8193
1638 1233
7666 8134
9436 9672
8292 9194
3978 3209
5813 5192
5362 6106
3090 2737
1641 2398
1907 1025
34 449
3462 3885
9591 8899
9050 8310
10201 9356
40 461
9852 9678
768 1163
4286 4215
882 1018
5719 5325
8501 9056
4035 3749
1521 1577
39 306
6681 5953
6680 6340
1258 1274
5985 6159
7564 7304
1933 2079
8226 7963
3085 2463
2686 1982
4059 4062
4910 5348
9577 9225
9713 9256
10476 9528
28 959
7603 7623
9161 8299
8637 8221
2152 2572
5414 5722
927 1027
9722 9878
4620 3926
5976 5910
8536 7761
57 806
89 371
4163 4254
72 110
4297 4679
91 782
6191 6503
3511 2573
5525 5641
7781 8620
5549 5083
1752 1061
3248 2367
384 1274
8325 7959
6530 5950
8540 7590
5551 5412
6416 6083
4248 3840
9102 8514
5038 4317
9579 9573
4723 4627
6949 6672
6612 6640
7174 6702
40 962
4640 5444
8895 8023
9284 9981
1629 1664
3796 3331
928 1198
86 452
874 1589
2440 1923
8307 8277
7559 7668
2036 1333
9228 9260
3983 4043
3176 3175
2504 2028
34 62
6828 7592
9798 8824
6680 6199
41 774
8923 8448
4697 4303
8828 8736
3668 3899
264 1136
1888 2123
2799 2551
3106 2447
769 1220
3334 4028
6141 6728
10004 9366
3762 4213
9208 9060
3294 3523
625 1140
13 15
26 929
8060 7664
2966 3279
4986 5767
17 792
88 797
337 1096
605 1065
2344 2810
2619 1626
4497 5497
5319 5335
4232 3576
5677 4895
5838 6421
9038 8759
2492 2449
1504 1881
6162 6259
7772 8756
6650 7503
41 411
6459 5852
7435 7812
6238 5959
2477 3413
6608 6508
3921 3538
9079 9479
2339 1928
4889 5106
16 382
7619 8502
452 1149
1578 2243
2339 1648
4444 5429
7663 7263
5374 4802
18 120
42 351
8525 9420
5507 6135
6662 6920
3015 2769
9961 9468
6293 6711
9602 9970
8779 8533
5356 4897
6646 7176
2108 1334
6406 6318
5582 6497
4875 4199
8227 7623
7983 7863
88 893
3989 4357
8170 8811
2141 1504
3122 4001
4813 3969
3137 3096
10155 9695
1927 1611
1835 2381
60 917
7647 8615
4618 4613
7887 6912
8538 8448
6435 6652
1727 1228
2882 2964
9773 9961
4838 4328
4085 3767
1791 2249
6427 6941
1105 1879
2073 1450
7753 7204
6642 6890
5242 4674
2340 2090
2464 2650
3187 2551
26 982
4259 5096
3623 3910
4326 4392
8765 9678
4565 4438
2559 2820
23 529
2848 3281
96 688
5612 5739
8887 8788
19 447
2300 2317
5975 6625
2052 1732
50 302
2722 2132
9203 8307
6850 6470
9020 9367
47 111
29 287
2484 3089
6505 7394
8003 7024
9594 8633
8839 8587
67 107
1365 1689
5091 5396
3072 2099
3937 3922
34 61
4338 3997
3478 3547
86 528
3209 2763
11 464
5465 5942
88 1001
9863 8935
5904 6702
94 643
4631 3938
10012 9926
8126 8748
2507 2828
1696 1380
1047 1576
4551 4371
2610 3392
8643 9417
9140 8875
6472 5876
9009 9100
8904 9864
2202 2446
1629 2186
4992 5081
5073 5757
7861 8553
7110 6854
9312 8477
9486 9074
3214 3220
1903 1247
7859 7133
8713 8762
3353 2768
1086 1474
3534 4405
6449 5603
6551 7159
2979 2246
5181 4881
9461 9246
6849 6626
3021 2700
845 1097
4413 4559
9487 9711
54 756
5859 6489
5226 5341
9738 9641
3394 2444
4236 4398
4626 3739
4580 3802
8154 7436
3514 4303
3249 3547
3027 2579
6114 6945
1791 1744
755 1446
7348 6773
7546 8319
6056 6417
10739 9805
3892 3364
7524 6662
49 396
7793 7892
8606 8003
4413 4592
6089 5687
7768 8393
95 684
4885 4364
4824 4689
5398 4617
3127 3507
6233 6623
1888 1608
4017 3343
4251 4327
3015 2936
57 192
69 324
22 378
85 562
6523 6476
9159 8365
1389 1764
6163 6985
6321 6663
7480 7719
7142 6310
3646 3141
4495 5207
2303 2661
3118 3745
8533 8776
1431 2214
6977 7487
2894 3488
6722 7415
3202 2345
9104 8806
9683 8748
9298 9081
6592 6272
2437 1866
9732 9244
30 53
9414 9660
6286 6990
2786 2067
4941 5377
8826 9231
3190 2384
9033 9077
3271 2527
10097 9277
7528 7367
5043 4201
10194 9983
4031 3569
8612 8130
7296 7843
3698 4228
5014 5089
5903 5168
2676 3436
5792 4861
8720 9555
3400 3499
5645 5946
6236 7036
3409 2414
17 781
4818 5355
5456 4664
4389 4730
4627 5538
4548 4504
8835 9517
8137 8555
1797 1452
8823 9744
1169 2088
5908 5265
10795 9880
6461 5763
1593 1427
4755 3971
9868 9216
3571 3893
7917 8413
9864 9637
6868 7550
3787 3359
3717 2991
5859 6097
5553 6075
8744 8690
9159 8228
9551 9841
4626 4467
2432 3000
7198 8118
50 983
9114 8472
1743 1389
1772 2237
3506 4131
40 383
7349 8170
4791 5131
7869 8221
7249 7824
8420 8022
16 579
9094 9391
2991 2954
10125 9272
9035 9692
6728 6243
9243 9029
8487 8371
8065 7940
8609 9397
3051 2461
7826 8609
1903 1301
3651 3363
9405 8896
9700 9643
8766 8400
3391 3760
9186 8595
6965 6397
7945 6973
3129 2847
4242 3597
9120 8599
10179 9997
6312 6193
4714 5509
3628 3037
5642 6473
5797 5362
10247 9737
2393 1846
7112 7540
36 185
42 829
2756 3117
4912 4681
1191 1954
2259 2493
9806 8850
2727 2254
5938 5654
7668 6777
33 794
4079 4242
2805 1914
2216 2810
3776 3091
5847 5078
3807 4103
8361 8869
83 268
9056 9020
79 237
2528 2973
31 841
1667 1726
45 121
20 221
2239 2532
6510 5663
4541 4237
2814 3814
9150 8515
5049 5018
5886 5325
3011 2666
5216 5823
8201 8126
4868 4964
8606 8628
3482 2655
2296 3215
9282 9660
2905 3189
4789 4021
7795 7999
50 812
8953 9015
19 244
1831 2207
7318 7443
4849 5467
7968 7146
7510 7560
5637 6236
5561 6506
8061 8514
99 572
5625 5522
4806 4830
7416 7120
3873 4075
8171 7535
2945 2099
8377 9256
2194 1748
66 624
2646 2825
1656 2026
7614 6734
7980 8325
8702 8780
7261 6971
10274 9788
6319 5441
9319 8396
58 872
7601 7533
1977 1538
7960 8012
6876 7374
10269 9450
7628 6925
7697 8251
2379 1674
9419 8424
2839 1841
5654 6460
8846 7915
7650 7988
92 660
9181 9251
83 865
26 756
7391 7835
9227 8940
1759 1135
5650 5434
49 261
3154 3345
35 906
6197 7134
2561 2744
9926 9802
12 978
3657 3531
5029 6028
8241 8072
2279 1937
5275 5288
9277 8438
2307 2767
6220 7130
3715 3007
6002 6751
2046 2843
7621 8504
7262 7094
4903 3908
1553 1527
1240 1092
6400 6478
3425 3183
9088 9562
7621 7839
4538 3809
7370 8309
2962 3863
65 750
10782 9934
10809 9930
6989 6033
7977 8958
4471 5383
3043 2306
1589 2153
2575 3140
7717 8302
4717 4032
2571 2517
5821 5994
53 60
3077 2266
4922 4518
2922 2722
1850 1802
7067 6658
6360 5976
6411 5991
78 105
7410 7215
6948 7840
6797 6731
10040 9646
35 420
2205 3033
7564 7262
8883 9436
5929 5929
99 577
3965 4527
8857 9285
97 344
7715 6833
6183 6083
8294 7957
783 1502
7198 6784
2963 3120
6817 6994
3867 3724
8244 7655
10196 9852
8186 7419
9087 8460
5320 4559
6035 5980
1146 1952
3475 3862
4285 3704
7337 6993
37 160
6216 7067
71 923
5532 5924
4109 4017
6159 6279
8956 8002
849 1583
5215 5624
10012 9110
70 145
3324 2516
2453 2418
4055 4416
3126 3221
6455 5545
8165 7692
9217 8319
51 967
4676 4353
6222 5227
7618 7863
3537 3518
5393 4698
5601 5917
2733 2597
4250 4148
4092 4779
9612 9126
320 1049
6878 6611
796 1365
43 572
7083 6625
3933 4577
3925 3751
16 796
5247 5523
6399 6950
4445 4332
3001 2052
9796 9064
93 164
5178 5869
8762 8260
2709 1921
83 552
8432 8684
3624 4149
3321 2439
50 737
9699 9595
52 775
3810 4324
4485 3929
4618 4516
9729 8753
9100 8914
3835 3320
2555 1910
6706 6252
2712 2851
3066 2521
3803 4006
8952 8192
8085 7223
5730 6640
9614 9019
2078 2727
1970 1366
8047 8671
4549 3569
3770 3000
7716 8028
2839 2147
4476 5178
1301 1640
3737 3672
9241 9163
3000 3359
2495 3154
6783 7224
5867 4896
8912 9506
8886 9475
2714 2384
7605 7135
5240 5436
2983 3612
7020 6265
6027 5092
3741 4712
2641 3454
5574 6482
9199 8841
3027 3218
10804 9826
4539 5200
9880 9670
944 1198
4948 5943
84 682
8370 7891
8460 7934
4330 4789
7900 7507
4529 4036
7505 7496
5142 5303
2293 3278
46 427
4280 4704
5546 4835
7058 6303
7440 6529
6262 7106
4281 3804
7383 7730
8398 8584
2565 2395
6990 6085
29 425
7031 7173
3398 3885
1307 1372
6468 6587
2480 2837
27 763
7836 7593
3179 2260
8731 9518
6127 6910
2378 1398
1879 2294
6696 7267
1627 1653
4328 4534
3404 3507
4379 4266
4548 5478
4798 5062
3007 2737
2732 2274
13 984
3151 3736
31 489
1952 1873
4003 4193
5537 6491
5415 4843
2162 1765
1510 1665
5765 6443
4178 4514
8764 9376
1106 1234
60 528
9453 9700
6345 5814
2654 2251
47 382
7987 7490
267 1169
8925 9551
2332 2844
7949 8897
4906 4253
5558 6417
3533 3685
60 211
1809 1373
1753 2535
6652 6383
63 299
2165 2633
6925 6655
68 362
5839 6455
7771 8035
56 323
8527 8764
5387 5418
6343 5784
5026 4080
2123 1254
5476 4737
7807 8349
1971 2963
5913 6274
6349 6010
4307 4116
3843 4732
5358 5598
4364 3560
76 768
24 358
5617 6601
3390 2512
3034 3466
5816 4941
2876 2894
9998 9041
6415 6455
1565 1874
5956 6326
2599 3106
8706 7926
2891 3184
5077 4306
77 959
58 507
6668 6715
89 660
2894 2631
6278 6324
9037 9243
3717 4599
2098 2697
3023 3670
9668 8938
36 338
3259 3955
93 378
3163 3070
22 120
10342 9804
1803 1146
7369 7317
3213 2400
8543 9172
8894 8589
689 1396
4785 5222
6433 6367
3019 3898
1723 2163
6281 6264
10078 9844
94 982
29 349
7592 8068
2273 3110
3098 3173
5494 5035
9222 9642
7940 8065
10113 9132
6788 6057
9663 9229
3142 2856
65 646
2057 2423
8888 8792
1784 2400
6283 5558
52 509
4245 4314
1543 1688
7571 8244
8045 7840
9036 9018
9097 8820
5506 4896
5815 6663
65 716
4339 4081
3004 3428
5057 4527
5883 5889
9842 9932
2277 1538
4467 5109
8825 7835
8645 9306
9548 8731
4130 4076
3748 4640
4338 3454
1013 1984
9231 8612
604 1120
5586 4813
8146 8243
6318 6400
4075 3392
6214 6799
6584 6619
1392 2180
2289 1738
1141 1346
8636 9477
6829 6131
3072 2965
8795 8322
3670 2861
7862 7957
2804 3211
20 331
910 1897
2563 2312
3635 4013
5213 5889
5789 6739
1884 2672
6238 5784
2935 3169
3531 2762
2300 1649
34 851
6920 7601
1533 1931
3977 3462
9631 9798
5997 6107
3373 2718
9119 9279
11 402
2022 2666
1353 2058
8355 7379
8480 9030
7720 8131
3242 2803
4612 4223
4927 4465
9715 9744
6333 6453
1219 1126
47 500
7562 6996
3929 3748
9342 8898
6195 5883
50 633
10639 9785
3729 3146
2771 2693
8456 8259
4267 4810
7438 6804
8759 9320
1621 1634
6313 6852
6096 5632
3964 3675
6917 6175
1716 2661
8373 8597
3519 2611
9833 9890
4377 5143
1563 2103
9667 8742
90 391
4603 4133
5491 5335
3195 2766
3814 3292
8343 8340
34 372
5277 4835
2467 2532
3019 3963
6122 6815
4897 4942
7134 6256
8872 9776
4843 4364
2906 2563
3756 3593
6882 6812
1020 1044
9499 9939
6059 6868
5635 6365
6757 6419
9065 9750
756 1207
7807 7460
62 305
2063 2168
2770 2277
3595 2724
5227 6218
14 83
8013 8277
6008 5938
9443 9994
8261 7296
4188 3573
6962 6095
4524 4856
8169 7253
8343 8429
7131 8024
86 29
1214 1940
9554 9476
7326 6435
2032 1322
9206 9669
5062 4415
2678 1942
857 1631
5331 5609
56 505
2176 2229
7089 7727
6939 6315
5279 5569
94 258
8197 8632
3127 3216
3411 2712
4804 4642
4712 3724
6128 5712
5127 5223
2898 2186
7272 6737
4761 4495
8794 9252
4505 4862
23 93
7676 8495
4174 4526
2291 1716
6309 6768
7854 8665
6192 6682
8299 8066
8447 9358
5380 4447
3831 4594
3001 3773
553 1227
5327 6286
7763 7247
7973 8046
4267 4718
2413 3306
4280 5122
2289 2681
7722 7322
4991 4678
2923 3470
7130 6724
6770 6533
4066 3778
8666 9279
615 1409
9340 8918
7488 8404
1387 1177
10428 9885
48 395
1655 2546
8617 8727
3228 2265
9313 8419
9548 9634
9167 8871
10062 9686
7000 6651
7103 6336
69 820
10689 9865
2316 1595
8480 9337
7212 7124
12 643
8259 8032
6189 6147
6388 5638
3751 2976
6579 6549
9088 8106
41 213
4766 4481
2722 2688
4963 5905
3851 3710
5123 5053
2981 2263
4675 5502
5095 5795
5588 6001
1695 2074
6319 6094
8733 9134
9503 9251
1795 2677
8207 8300
7442 7144
6442 6972
7255 7700
10234 9275
9317 8933
4188 4457
8782 7808
10577 9628
556 1354
2560 3414
2281 1611
9060 9956
7209 7103
4677 4572
4836 4401
9518 8921
7962 8006
25 215
5931 5057
6240 7211
9316 8469
8934 9815
7799 8427
7151 8136
8214 7583
34 700
7811 8037
6632 6787
8608 8943
2959 3881
4696 5661
5272 5640
5295 4598
3509 2621
1944 1646
2207 2963
6842 7802
1761 1821
3666 3442
5395 4794
1976 1591
6709 6453
8437 9138
62 498
2811 3324
9745 8968
6385 5590
5734 6373
3318 3773
8984 9566
8767 9097
54 347
6490 6411
65 274
2091 1529
30 516
4149 4878
5186 5913
5407 5202
7252 6468
9742 9916
7113 6384
10288 9635
5043 4798
7928 8468
5695 6067
4653 5263
7153 6886
9172 9031
9301 8971
6800 6660
50 731
64 554
3096 3325
8006 7520
1280 2271
4346 4879
7457 7486
1824 2140
8898 9627
10426 9669
8858 8542
3719 3607
4747 4872
8342 8436
2240 2096
8489 9323
5073 4229
3391 2966
84 880
12 975
19 903
6323 6410
5880 5615
3703 3794
2095 1555
1914 2811
4894 4960
1514 2103
9010 8493
82 287
8617 9436
2100 2424
8696 8405
1778 1138
47 107
1163 1040
6534 7149
6213 7151
1600 2316
9228 9181
2236 1861
3493 4235
9289 9634
3832 4709
10598 9654
2901 3248
5794 5924
4780 4895
2693 1959
7607 8322
4173 3741
3241 3595
3807 4379
39 925
58 787
230 1228
5724 5202
6689 6687
5505 4927
2759 3376
5738 5734
4615 5219
3744 4088
8379 7730
7365 7951
4514 3699
2377 2379
6961 7822
9124 8800
8055 8437
7181 6342
9351 9882
4119 3437
8530 8225
9714 8848
2472 3447
3130 2683
10299 9710
7814 7246
1194 1947
4614 4015
48 16
4490 4618
24 380
4519 4820
9314 9824
9107 8949
8027 7939
6189 5209
6150 5920
4756 4382
10043 9296
4664 5506
7823 6891
2075 2716
3042 3356
90 786
5845 5991
62 233
61 833
55 740
8396 9155
4047 3081
6004 6038
2240 2358
9709 9208
7771 7768
1497 1845
3872 4415
10162 9387
7815 8320
1202 1921
1777 1198
5420 4732
8200 7892
71 232
10278 9481
15 902
2842 2549
7534 8361
378 1199
2510 3227
8765 9554
6070 5997
9330 8620
6799 7279
4086 3314
5381 5769
9811 9702
8039 8966
3685 2980
72 222
5389 6314
720 1068
6096 6560
3396 2551
10225 9416
9625 9463
3761 3926
5595 4832
2112 1200
2444 2357
7086 6945
1561 2155
2331 3024
8021 8634
6676 5954
8369 8174
8649 9635
6388 6703
7401 6502
7036 7514
3864 4079
47 894
10317 9445
2936 3617
1301 1223
2436 2521
4455 4187
4744 4904
5923 5337
7445 8208
7233 6295
4201 3597
2791 2431
2076 3015
5733 5631
9861 9807
4015 4357
2723 2651
5175 4375
5111 5084
6236 6065
6876 6788
4859 4340
3151 2995
6161 6905
4543 4655
3357 2387
16 220
7706 7673
66 19
4067 3219
4373 5108
7118 7406
7865 7021
3875 3015
2386 1855
5763 6005
4204 5090
1869 2392
60 950
5412 6251
83 887
3983 4631
2023 2161
5378 4666
6080 6747
4037 3345
3910 3604
7920 8592
6909 6000
100 86
1447 1635
6773 7532
9497 9915
689 1444
7550 7367
8825 9128
7310 7023
5260 5636
2758 2379
7596 7949
4571 4080
4280 3944
22 346
2870 3475
1071 1339
1861 2252
5478 5774
3332 3898
89 44
8879 8091
1027 1818
5240 6112
2195 3160
8720 7781
6416 5840
12 409
6940 6444
80 727
4044 4610
5791 5858
4330 4709
2780 2656
7528 6924
7150 6816
6668 6415
3668 3228
5312 5484
6464 7171
3224 3668
84 332
6018 5236
8918 8904
7606 7265
9215 8911
3962 4002
4897 4159
7642 8092
9503 8817
7610 8325
5017 4958
4495 3970
601 1471
2277 1711
7264 6776
2913 3432
4651 5091
611 1565
5479 5181
5768 5600
5051 4264
4266 4021
4394 5037
3152 2875
2594 2232
3318 4118
8450 8683
6880 6485
3027 3872
2433 2053
7948 7873
4461 5252
4762 4387
2411 1652
2007 2588
7537 7689
6381 6634
9544 9265
7926 7148
5987 5455
8276 8929
8647 9574
8788 9469
3769 3668
4330 4924
1921 1694
8770 8155
5012 4591
10164 9367
5764 5375
8981 9073
4083 3868
7830 7247
4375 5088
4484 4211
8705 7977
4021 3235
8626 7915
4800 4023
5597 5460
2833 2466
8980 8798
3624 3824
8993 9617
2331 1666
5106 4193
5954 6586
2442 2983
3614 3719
79 465
1677 1980
1625 2480
3704 4292
9019 8803
9310 9902
74 236
6514 5909
3823 3962
6182 5482
3567 3728
3613 4061
5041 4808
9236 9263
7926 7637
3041 3167
8256 7978
5883 5605
1956 2321
7137 6151
4681 5473
9246 9809
2737 3280
7796 7258
2021 2981
3682 3303
65 17
8690 8261
1355 2334
7224 6317
7415 6525
7259 7956
6165 6460
1466 1467
9612 9975
2234 1735
6318 6971
3568 3404
5208 5659
5955 6213
4793 4737
1367 1547
7897 7205
95 785
8349 8376
9096 9287
59 991
1447 1600
8019 8034
8487 8676
6441 6962
99 724
1010 1786
10219 9473
7324 8293
7322 6793
1370 1426
4481 4026
8438 9391
2719 2117
4544 3717
5590 6330
3105 2779
9826 9378
10666 9699
3558 3591
4246 3756
3931 3814
10240 9568
100 852
4492 3909
2832 2741
4918 4795
4192 3343
52 71
2602 3428
4576 4745
2235 1554
615 1284
7785 8019
6705 7163
6729 6313
9942 9923
7460 8450
2658 1917
3000 3723
6234 5432
10183 9786
65 399
6874 7531
8508 7664
3825 4433
5162 6004
2698 1862
7370 7886
4945 5169
4150 3458
7092 7543
1422 2052
39 475
6574 5900
12 990
2567 2770
9678 9530
2051 2515
94 226
81 110
52 918
3195 2379
3850 3105
5400 6241
2816 2692
7281 7771
10 155
8312 8200
9865 9397
5593 4613
7349 8338
2936 2002
4674 4671
5927 6027
7473 7779
2670 2559
2755 2844
5055 5801
3468 3069
3099 2651
4399 4781
9916 8983
8516 9385
7863 7195
1443 2384
8992 9584
5576 4944
3373 2499
51 137
9605 8724
3923 4843
1883 1147
8875 8956
60 335
6120 6946
40 803
1434 2146
8434 8577
7409 6687
32 550
3803 3678
90 808
7800 7203
59 688
4436 5016
9277 8539
6707 6815
5589 4914
74 563
6624 5733
8046 7731
7248 7507
67 815
5797 5669
376 1221
7217 7982
8778 8743
50 980
8943 7961
5210 4638
8331 8936
2199 2798
3417 3837
5486 5010
4246 5056
5422 5538
691 1635
6668 6258
4459 5073
648 1334
7033 6460
4654 5570
2242 1452
4876 4293
5056 5064
8235 7237
73 720
8318 7720
4042 4510
5440 5671
5863 6766
1177 1389
6541 6109
52 743
2511 3366
19 896
5874 6180
1328 1365
6526 6349
9365 9320
4235 4024
2222 1549
5395 5160
1766 2359
2898 1904
9209 8800
5516 5359
4521 4882
9319 9445
8206 8440
4145 5025
8097 7502
6328 6032
2261 1983
4160 3247
6266 7192
5579 5913
7882 7941
3756 3734
3559 3884
6166 5523
2975 2497
8839 8346
8358 8120
2839 2583
1282 1258
2280 1663
6491 5742
8850 8921
1916 2035
10074 9748
3017 2236
3076 3846
62 63
7063 7814
28 104
9756 9621
4414 5405
1536 1667
7307 6825
8591 8532
8519 9376
3038 3114
3379 3530
9522 8823
2135 1913
7080 7333
9156 9993
5917 6006
4768 5201
3641 4598
8188 8000
8612 9085
10337 9754
1406 1262
9472 8634
7277 6368
3534 4248
23 696
4131 3783
8962 8111
9861 9002
9672 9287
2106 3099
2372 1488
1088 1711
6702 7087
3638 2652
8386 8629
80 463
7598 8350
4916 5768
7506 7887
5736 5550
95 567
1930 1329
3628 4010
9115 9349
8331 7941
1980 2495
1366 1648
10285 9767
4814 4243
5084 4791
8410 8397
9947 9356
6055 6322
1628 1639
15 869
41 686
6014 6330
4525 5055
7003 6955
5390 4590
3016 2914
1968 1066
9109 8549
9268 8767
8217 8214
2088 2208
8350 9203
9227 9457
9210 9656
9436 9695
9387 8814
2323 2108
3172 2760
2217 2218
46 487
5063 5692
8549 8731
6663 7291
10360 9885
8351 7746
6725 7680
6461 7039
1709 1587
9007 8757
4475 4887
8374 7841
2682 2740
1624 1732
3550 3446
7708 8543
1501 1944
8327 7973
6445 7271
5281 6135
7129 6958
4119 3352
8979 9453
8908 9521
7843 8675
747 1565
3826 4579
80 281
6056 5965
7719 7587
8805 9697
2436 1575
7576 8290
6360 5888
8175 8199
5332 4941
8771 9634
4187 5126
2705 2467
5043 5695
5795 5204
948 1160
8453 9395
94 404
4650 5623
7422 6437
2941 2481
9982 9058
9595 8974
7736 7364
1969 2454
7113 7955
7501 6905
8136 8865
4149 4444
7919 7837
7734 7810
9580 8810
8021 7585
9143 8324
7291 7526
4687 4266
6759 6728
5075 4248
1622 1699
5431 6201
4620 4620
7155 7223
2409 2253
5341 4945
2307 1724
9093 9068
5719 6010
3825 3868
52 297
1505 2255
4886 3945
1488 1327
4716 4911
10049 9957
2811 3770
8200 8353
56 718
2787 3252
4328 4098
8169 7893
3765 3116
6224 6878
12 859
1484 1323
1976 1468
5278 5018
6985 7727
8455 9439
8658 8570
7993 8672
64 49
4442 4045
3012 3686
7386 6650
28 988
4876 4035
6087 6129
61 475
2131 2195
5640 6234
6674 5685
1746 1920
6894 5967
8962 8878
4032 4601
4133 4828
3855 4107
831 1435
7365 7163
7909 8341
8889 9092
4562 4906
8326 7783
6995 7336
7286 7315
8228 9188
2454 1565
3839 3075
1677 1591
1607 2317
3924 3616
8029 7528
532 1206
6091 6207
1316 1637
4803 5674
6469 6250
69 185
5297 4362
64 579
8776 7921
3910 3196
3323 3817
9032 8513
5678 6268
8012 8346
5364 6034
8415 8846
8355 8935
7159 7358
8915 8104
3486 3942
6197 6599
8821 9615
24 792
1285 1353
2103 2870
4912 4308
6672 6898
9940 9583
6979 7229
4274 4575
44 903
7575 7478
5906 6514
7648 7152
932 1536
5746 6393
5719 6340
10413 9987
6516 7274
9089 9917
2296 2310
55 757
9357 8459
4345 5163
18 129
77 1013
5272 6176
12 658
1572 1348
5206 4339
8047 8452
42 590
6912 7861
1314 1074
8462 9092
89 151
1970 1110
10803 9931
72 302
8736 7927
8397 9095
8673 9553
2551 2613
42 111
5892 6361
8831 8374
4484 4906
5277 5344
5910 6420
32 581
6807 7248
3298 4070
7516 7813
3612 3062
960 1686
7306 7516
7858 7209
2083 2198
4754 5226
2897 3763
7022 6699
8054 7569
10080 9383
6104 5764
3730 3547
3215 3982
3223 2365
1531 2381
6026 6422
7676 8635
4609 4636
2316 1501
9788 9572
4751 5512
1614 2262
5152 5694
83 276
7515 7135
817 1496
3027 3877
6260 5375
83 887
27 569
79 268
2531 2243
3363 3017
9031 8428
9563 9518
8260 8528
6043 6435
2716 3053
10468 9829
1631 2071
2762 2744
9424 9915
5693 6088
5356 6064
6469 6421
2082 1926
6292 6303
25 243
1429 1304
1427 2059
7892 8761
2470 2627
6995 7310
5912 5755
8501 9187
63 706
2828 3548
9067 8312
9863 9590
3947 4372
3372 3880
10415 9597
44 900
6314 6029
3183 3406
94 584
12 361
8885 9480
315 1174
6369 5689
7468 8079
3370 4208
7475 6590
9063 9369
2876 3117
10146 9570
2012 2220
3836 3039
59 699
7030 7530
8206 7213
1579 1414
4252 3512
3365 3830
7690 8613
4918 5148
8686 9474
4128 3283
8202 8498
8996 8679
7231 7782
4224 4511
8009 8211
3259 3155
6819 7371
6795 7670
2293 1652
54 21
5650 5115
5101 5263
7874 7514
6468 6712
7386 7878
91 458
6434 6527
503 1083
5797 6777
4925 4818
5739 6557
714 1702
4288 3504
9939 9848
1207 1871
5704 6591
7206 6956
2103 2450
5098 5065
39 575
78 741
7985 8671
3011 3707
4834 5473
6318 5713
8259 8476
5837 6430
4319 5032
4457 4347
9654 9346
813 1261
3703 3009
6785 6743
3866 4419
2201 2610
87 322
7814 7695
8642 8189
9078 8562
3496 3233
2037 2072
46 405
7255 8202
5657 5125
403 1402
3466 3440
2524 3100
6410 6055
84 737
7656 7313
6896 6941
10863 9969
9899 9448
7229 7701
1690 1536
2400 2329
9792 8885
3055 3523
7539 6576
7360 6911
4251 3629
8921 8588
4511 5421
6193 5225
1241 1434
6742 5912
9301 9235
6105 5332
991 1707
5753 5956
9248 8501
5702 6063
1667 2244
7535 7979
9021 8408
7046 7644
3048 3032
9962 9096
4912 5533
6943 7382
4658 4583
6466 7371
6331 5642
4168 3348
3761 3370
3226 2327
5538 4998
8895 9870
8760 8473
4533 4905
6026 6476
2812 3702
66 692
8257 8898
3949 3782
7524 7256
3351 3422
5655 5653
4992 5710
8841 8214
9951 9342
5130 5147
2490 2816
1894 1937
3680 4168
1116 1543
1158 2142
5517 4737
7329 6359
2551 3297
8778 8631
7316 7301
5723 6270
9062 9231
50 382
5982 5173
88 988
8018 7427
2981 3203
2797 2359
62 826
9013 8928
1908 1832
5539 5158
10486 9505
6821 7361
2449 1913
8672 9202
8119 7657
1912 1714
7646 7959
4960 5296
10555 9782
2780 3215
1485 1490
6870 7578
2222 1905
5187 5148
5716 5749
71 792
64 713
9463 9219
5203 5080
6555 7196
17 752
72 472
8225 8860
9523 9123
7605 8076
5263 6043
4690 5190
97 823
767 1367
6875 5972
5954 4978
5330 5977
6411 5489
57 690
4328 4834
8718 9102
82 692
4300 4556
7221 7441
8856 9508
9231 9043
4191 3679
7330 6928
8574 8426
7770 7435
7339 6629
6046 6474
4928 4890
22 765
1819 1333
8733 9573
8543 8296
5611 5762
7899 8119
675 1109
8191 7799
6814 7798
805 1687
1751 1329
8781 7960
8824 9233
4220 3444
10048 9972
1297 1481
10707 9808
8429 8634
8615 9185
3429 3257
9020 9789
3143 3794
3894 4709
3708 3878
2607 1841
7548 8273
7386 8037
9442 8552
6223 5474
7035 7406
7459 6776
5120 5600
1129 1467
68 692
4742 5077
9079 8226
7781 8763
8226 7969
70 25
3164 3026
2036 1233
2219 1278
4069 4197
5216 4592
8910 8848
3516 2834
5864 5601
4389 4004
8776 8296
8794 9250
1948 2253
1533 1247
6430 5555
10173 9304
1639 2128
1481 1266
3103 2782
787 1256
1198 2046
1043 1514
7651 6816
9012 8820
50 570
63 608
6452 6399
8800 9697
8518 8165
6188 6641
8210 8248
9972 8987
4464 5009
2086 1929
6692 7626
8892 9451
2422 2715
5565 6445
7944 8296
1547 1078
1531 2225
58 924
2451 2025
69 481
4273 3856
33 590
1421 2121
6501 5683
2256 2712
8227 8136
8683 8065
9196 9758
8430 8474
6844 7239
7354 6953
8829 9216
54 594
7544 7638
6725 6394
8429 8511
6419 6440
10563 9695
56 611
2840 2784
49 532
4450 3497
4605 5037
5673 5667
7521 7140
9090 8736
73 245
911 1198
2356 2622
8196 8975
5327 4516
3362 3836
2019 1053
5924 6598
6150 6905
3588 2612
2691 1881
1890 1451
5156 5736
2097 2211
64 196
4894 5634
5913 5120
3663 3668
6700 6265
8385 7752
4952 4117
4167 4121
9074 9237
7434 7054
2786 2200
7690 8327
4113 4440
4001 4117
2032 1966
4738 4690
9000 9964
3035 2843
86 188
10017 9843
5143 4718
3757 4654
1421 1476
6431 5902
5283 4320
10 841
3344 2443
5571 5050
6810 6901
10733 9781
8169 8392
1593 2195
6443 5685
9306 8402
10335 9841
8112 8557
9296 8788
1912 1775
8733 8690
4410 3771
10135 9558
2170 2424
100 258
3311 3044
51 208
4298 4377
3392 4033
9865 9658
5925 6650
2439 3400
8002 8915
3022 3407
4994 5094
2827 3057
10193 9623
3164 3312
7841 6885
3511 2693
1726 2532
15 394
8017 9017
4224 3968
8311 8802
4079 4361
4930 5541
1554 1696
3210 2439
4449 3717
9591 9693
6590 6886
2497 1874
7264 8109
5517 5268
730 1253
2045 1901
7068 6978
8751 9403
6670 6016
3807 4697
8328 8710
6124 6252
3046 2197
8957 9601
580 1052
5442 4593
3728 4611
9944 9623
8964 8292
1199 1031
5133 5368
5416 5456
7958 7194
5084 5767
5707 5787
4005 3208
7718 8372
1132 1095
2617 2230
3221 3696
3133 3218
9449 9707
9975 9144
4269 4598
6309 5519
5812 5639
92 60
7881 7905
984 1676
5577 5945
3273 4114
5071 5294
2701 3400
6106 6228
6533 6782
8205 8100
8583 8531
6138 6062
14 639
1481 2091
2632 3255
8395 8941
8937 9631
4868 5247
22 228
6519 6291
4626 4911
8125 8908
6706 6217
5407 5718
7411 8377
