9940
100
24737278
101 102 110 109 98 96 104 99 98 110 107 97 106 96 107 104 95 100 99 91 102 95 99 97 97 102 90 93 92 104 102 103 101 93 99 98 98 93 94 106 100 106 104 96 93 106 97 105 93 108 90 99 98 100 91 98 102 92 107 99 94 96 91 104 95 103 106 110 108 107 97 101 110 109 99 93 93 98 95 90 107 92 96 98 94 104 92 99 109 106 104 110 93 101 92 95 96 95 95 92 
-80403 -83261 -81590 -87972 -86883 -65797 -85149 -82559 -83634 -87120 -84944 -82987 -91286 -89059 -88904 -81011 -75124 -80882 -90840 -73587 -89317 -81669 -80677 -84202 -71669 -87708 -72113 -76615 -79752 -87704 -76574 -92061 -79665 -72104 -82376 -75532 -79555 -82249 -72236 -90300 -80569 -78370 -88200 -80434 -81962 -88053 -78116 -91487 -73867 -74882 -76083 -77647 -85852 -74335 -72540 -89492 -88989 -75652 -93796 -79891 -68015 -81643 -71810 -85954 -81630 -83090 -84617 -90573 -100940 -91468 -76910 -78131 -94932 -78979 -77597 -78142 -71223 -76589 -79366 -79650 -86961 -75966 -74488 -75426 -79778 -84456 -80106 -88763 -85352 -91002 -85683 -90195 -70232 -91108 -75143 -72991 -71889 -80644 -77555 -73235 
84888 91600 88969 96687 94096 73192 93144 90485 90163 93712 93571 89656 99082 97011 95150 88397 82379 87329 96988 81323 94259 87327 87524 93129 78729 95949 79341 84417 85475 94283 82617 100298 88427 79345 89035 84147 88877 88564 78854 98912 87510 87260 96187 89094 87385 97070 85158 99991 79155 83969 82587 85032 93363 81461 80846 95275 96114 81327 102784 88266 75804 88166 77381 94539 88410 90948 92973 98632 109271 97773 83239 84218 102378 86030 83727 86750 78618 82195 87434 87826 95561 82774 80514 82074 87644 91024 87895 94558 92786 97832 93657 98975 77509 100713 82126 78545 77547 88703 83941 80103 
5714 5575
4192 4118
4355 3539
6255 5952
81 71
3862 3787
1014 1568
4418 4018
1815 2434
6085 6130
6300 5483
7942 8593
34 498
3947 3546
16 823
8890 7965
3134 2891
4247 4060
3961 3113
5427 4486
1932 1845
1363 2009
4672 4186
8761 9174
91 739
2883 2740
5552 5086
5386 4473
5459 4602
55 118
6364 6950
7625 6850
4579 5142
7331 6614
7525 7672
10300 9696
8350 7738
8177 8512
7216 6681
6332 6362
3438 3366
5576 6372
4484 4179
3175 4021
1571 1041
23 420
28 585
3357 2448
1142 1318
508 1209
8003 8491
4111 3571
6617 5908
6372 7124
3537 3929
3238 3854
6206 5621
7894 7900
5431 5993
6861 6325
6601 7575
8388 8373
1514 1711
1687 1039
7154 7880
9206 9061
9115 9108
6475 6223
10138 9201
2881 2000
7242 6824
1629 1764
5322 4529
6731 5902
5313 5421
4678 4201
1272 1773
9188 8583
38 111
3144 2541
6174 5822
6287 5527
2570 1731
5293 4524
6288 6169
3041 4034
8066 7273
7167 6479
6885 6397
1752 2109
5481 5025
2016 1351
5523 6464
5196 5590
5497 4633
4063 3557
86 360
2069 2384
6290 6283
5818 6000
9658 9633
9769 9259
50 29
55 608
4798 5675
2043 2036
5260 5487
7268 7751
8752 8578
10080 9815
7465 8055
9965 9858
55 619
3774 3227
3687 3907
7532 8264
8803 8973
50 652
7360 8265
97 78
6989 6491
5036 5298
6924 7659
5526 5085
6997 6902
6044 5117
8656 8609
8602 8681
88 522
6619 5862
2703 1728
9092 9287
6804 6946
7019 7818
8834 9414
4634 4563
3400 4119
3426 4288
445 1132
4739 5405
4124 4494
2004 1333
8462 7964
9409 8955
4704 4857
3030 2973
76 707
1805 2227
69 35
5914 6013
9183 8607
5671 6095
5435 4678
1567 2176
3131 3792
6980 6317
8443 8447
9681 9704
15 388
8502 7504
784 1716
96 224
2029 2037
3221 3834
8916 9884
3544 2762
3996 3321
9616 9287
3833 3996
2388 2311
1280 1340
3701 4365
4198 4536
9777 9888
4446 3585
5694 6645
1452 2038
4482 4142
3737 4553
5812 5204
8809 8409
32 118
9606 9504
2151 2272
5969 5088
6632 6385
1966 1034
6794 7189
7717 8309
8785 9151
1154 1314
8924 9887
1224 1681
2362 1433
5556 5536
231 1073
9759 9614
4622 3866
5569 5903
7287 6876
6202 6383
1376 1270
54 922
7283 7860
8716 8082
9370 9014
8524 8579
1912 2372
6885 6595
4356 5043
54 943
8670 9547
8719 8206
2573 2856
1999 2787
1690 1214
1962 1377
4710 5036
8658 7967
43 897
6308 5918
60 347
7368 8165
9206 8987
2917 3769
9108 8894
4002 4660
8535 8251
3868 4361
10184 9957
9433 9055
7012 7962
58 15
3518 4061
3386 2871
8324 7366
6331 6674
6131 7064
5749 5426
10539 9699
89 782
13 711
2648 2798
3011 2705
5659 5916
8084 7969
2950 3177
2772 1963
843 1791
5150 4680
6123 5220
3890 3656
2329 1470
2823 2480
2465 2020
3056 2091
8277 7758
2650 2989
31 477
10040 9984
8558 8088
5049 4395
5008 5945
2226 2918
6577 6462
2916 2171
5480 5036
3886 3599
2234 1281
4134 3197
3716 3034
3384 4198
5504 4708
49 168
71 438
7081 7273
8514 8208
2118 1382
6514 6221
2812 2397
1637 1049
2911 2966
2899 3047
5651 6098
2615 3276
7283 6625
1898 1780
4717 5496
4300 4461
5224 5907
4446 3543
4236 4983
4770 4627
54 467
9811 9900
3330 4288
7795 8704
20 395
32 753
8835 9355
2926 2681
3600 4471
60 906
6974 7872
1704 2109
5643 5819
74 958
5767 5612
100 354
3011 2164
7806 7903
3274 2813
3024 2485
9408 9696
4400 4145
1018 1356
5324 6322
4392 3914
8542 9400
3243 3621
5376 5316
27 487
2771 2917
4378 3449
1160 1316
4481 5428
7283 7898
6076 6648
8877 9481
7506 7200
8945 9318
8969 8381
4980 5484
6958 7375
86 17
1220 2122
4252 4604
6922 7802
6473 6883
5755 5279
1525 1067
6607 6495
7730 7728
5973 6007
9997 9647
8443 8152
9517 8902
1205 1608
746 1284
3692 3987
44 843
1849 1504
5686 5448
3054 3717
1588 2026
6553 7522
3215 4179
5562 6007
6980 6805
8278 8328
1560 2019
6198 5270
35 505
2262 1478
6346 6504
7438 8213
6405 7058
6395 7141
4357 3804
10284 9682
7547 7449
4331 3381
5166 4788
1388 1890
6638 7617
3231 3344
8735 9485
6194 6890
1986 1433
3822 4570
1103 1902
6812 7379
7257 7262
8517 8256
2468 3222
1324 1917
4914 4786
7133 6661
1991 1431
54 284
5091 4252
9881 9322
5063 5893
38 915
5140 5445
7425 7287
5577 4971
4382 3916
82 573
4701 4745
5351 4592
87 134
5145 4820
5193 4723
22 724
9508 9405
4103 3237
3997 3274
9289 9168
6167 5231
10605 9957
66 153
3383 2966
3171 2479
38 716
6512 6278
9582 8778
5426 5228
7426 6968
1567 1932
737 1360
8201 8476
1381 1293
88 932
9703 9743
9567 9658
2879 2092
74 483
4351 5249
7783 7956
6803 6233
9115 8751
3661 3324
2212 1545
8235 8161
8379 7453
8909 8282
4042 3448
7684 7751
10170 9551
7550 8459
3053 3230
1387 1672
5926 5656
7840 8287
3908 4700
5959 5876
6261 5521
28 905
2973 2698
2987 3199
2762 2692
6270 6543
99 479
5409 5260
8609 8379
3579 3971
5440 5211
5685 6323
8717 8092
9431 9208
6378 6455
2898 3803
1945 2645
9267 8444
8166 7315
2857 2070
5021 5658
5862 4905
4088 3695
6341 6590
3060 2301
8191 9075
7813 7844
2536 1563
3619 4617
1072 1585
67 492
7347 8183
6528 6779
5482 5243
8658 8728
7101 6143
5463 5817
4828 4290
4111 5092
8604 9395
4104 4329
8811 9137
2997 3212
9292 9957
6232 5724
4988 5119
9330 9124
2673 1988
4556 4948
7214 7620
2511 1725
3208 3713
2971 3722
6284 5981
8259 7589
4920 5724
6921 5956
1566 1148
9959 9056
3031 3613
6819 5921
9798 9059
2841 2783
5242 4813
50 679
8362 8779
6709 6906
5608 6320
98 238
5028 5807
10726 9943
3467 3309
4544 5233
72 396
6563 6949
10 378
8956 8350
9723 9382
3340 3534
1552 2416
8208 8407
5081 5175
3589 3575
7334 8268
53 263
53 867
2926 3110
2821 2044
3669 3417
31 495
5101 4436
95 883
4994 4983
26 327
8511 7952
8201 8839
3220 2913
5631 6180
7908 7650
2903 3772
7751 6835
2749 3417
4795 5709
96 582
48 242
4164 3184
7779 7136
6894 6847
65 854
5401 5381
5595 6492
1022 1608
9125 8163
56 235
63 333
3160 2677
8778 9566
2942 2460
3386 4331
2130 3066
8819 7990
96 826
10184 9384
403 1020
3025 2648
3999 4524
83 752
6698 6470
607 1258
16 878
7705 7465
6950 6145
1891 1875
1054 1015
10009 9438
8772 8220
5965 6662
8198 9000
8712 9628
4901 5374
4137 3632
87 791
1262 1706
8625 8394
1072 1527
7254 6463
1960 1304
3230 3800
50 691
6382 6365
7501 7605
5097 4928
2432 1501
2313 1630
8735 8949
69 758
7330 7910
2370 3113
5180 4793
7312 7380
4457 4878
4255 3410
2116 1887
5603 6090
65 321
25 69
5974 6086
3193 2946
5092 5700
2625 2593
7135 6271
9235 8308
7756 7894
3830 2940
853 1489
6365 6582
1950 1414
7188 7753
6258 5379
2585 2778
3976 4149
9889 9590
6302 6563
8001 7721
6033 5653
8117 7149
3968 3078
7536 6549
6311 6439
3766 3676
3141 3980
6992 6299
6953 6902
8842 8493
3761 4257
3607 2937
4340 5303
8633 8292
2709 1760
2127 2949
1232 1281
9749 9196
5496 5803
6107 6593
38 451
7113 7129
5105 5486
8925 9472
18 847
6766 6669
3071 3221
5268 5758
4861 4566
3488 4313
3970 4812
540 1244
7642 7423
54 261
5768 5232
4125 3531
3309 3549
4262 3820
6115 6171
6623 6849
8742 9186
6253 6744
5323 6186
8642 8635
855 1110
1597 1512
4642 4378
10126 9900
4493 5119
4847 3873
7110 7324
2588 1669
2740 3181
4593 5551
77 807
5823 5406
9956 9331
5400 6002
7979 7625
3328 3077
7099 7452
89 493
1846 2226
5572 5547
9269 8923
54 872
9055 9573
8611 8929
23 828
3425 4205
7343 8078
88 1010
7158 6847
4760 4923
3511 2535
5091 5777
5089 5892
98 1005
1646 2510
5988 6403
5278 4916
5133 4344
1652 1946
2605 2175
5890 4985
6893 6250
6245 6181
9706 9932
84 652
8587 9032
4050 4929
79 632
1783 1642
8533 8383
9346 9784
3573 4013
6736 7705
49 178
9433 9682
3982 4011
6258 6975
8315 8085
225 1127
8277 8325
9843 9045
7244 6911
27 873
7552 7373
1629 1064
2509 1628
44 629
3670 3428
6461 5481
6099 5728
7725 7962
8524 8123
5269 6044
6415 6465
10787 9919
6971 6824
8082 8836
5479 5432
3544 4097
5536 5098
76 377
9781 9099
9111 8448
37 1017
6257 6788
1434 2236
6857 5919
7890 7985
6793 7743
4778 5712
10420 9441
500 1223
7244 7213
3408 2620
3283 2694
5518 5806
3787 4038
4772 4615
8778 8811
3037 3601
2470 3245
6955 7777
3170 3620
5005 4871
9331 9240
3074 4024
10 927
7790 8632
6119 6094
80 12
10072 9484
10055 9543
6618 6536
10225 9477
2574 2633
6965 7627
9530 8902
8743 7955
8601 8231
4757 3983
90 532
3258 3641
19 941
1740 1647
5210 5109
2360 1716
6452 5513
5354 5345
961 1813
8411 8884
7943 7043
17 396
2853 2625
6763 6557
5493 5068
2137 1609
3570 2851
4246 4387
84 532
2220 2248
46 324
2156 2959
9242 9931
19 641
8457 7495
341 1065
4389 4688
7403 6920
2642 1983
2559 3382
8900 9502
6027 6150
3002 3118
85 663
7898 8474
5752 5149
7947 7410
2895 3179
2978 2205
3435 3224
5833 5038
10054 9389
1915 1916
4993 5734
4454 4607
9696 8761
3820 3756
4008 3453
9476 8934
6764 7713
2995 2334
7049 8016
8401 7735
9145 9693
5858 6071
9925 8962
8112 8807
4501 4496
83 575
2715 2147
3627 4313
3135 2964
1557 1149
5763 5105
7281 7798
6004 6073
8425 8758
3668 2755
6849 7262
3810 4441
10290 9457
1192 1138
5291 4711
10215 9872
1287 1444
1936 1717
2841 2015
6656 7079
78 774
7704 8142
7500 7005
5814 5968
5170 5634
40 169
2816 3259
7567 7526
3444 3517
54 550
7276 7163
3769 2848
6272 7202
4397 3622
7733 7160
4756 4925
1823 1322
2024 1208
5197 5316
1347 2287
1812 1998
2211 2071
6523 6776
4473 4469
4009 4364
3043 3670
4340 4559
6645 6944
5080 5886
10259 9294
8743 8966
5402 5643
4463 3476
4345 5221
6385 6008
8516 7647
7782 8065
1983 1059
7451 7246
5824 5491
5958 6511
9573 9226
4168 4646
7580 8549
3584 2959
2041 1238
6806 6613
7388 6863
53 361
7397 7499
17 919
2199 2770
6826 7126
4214 3285
9593 9561
8940 9311
2322 3015
2148 1426
8758 9446
2758 1816
8609 8769
1980 2070
3919 4459
321 1184
9925 9269
2702 2950
1734 2636
4988 5888
4521 3833
4790 5229
7457 6729
5896 6072
3918 4183
8452 7567
2678 1972
238 1218
1378 1176
3881 4603
4137 3219
5799 5389
2346 1869
2428 2724
4725 4467
9703 8889
2191 2324
1035 1971
41 949
6291 6895
2629 2885
7325 7577
2562 2936
5924 5328
8209 8727
6867 5995
4768 5006
7261 7100
5006 4614
3285 2687
8739 8415
4940 3978
8860 8473
9824 9798
8910 8198
5221 5148
3097 3274
9669 8872
2192 2102
10001 9785
1855 1964
4657 4019
2674 3049
9436 9509
9129 8777
1000 1545
9368 9166
5382 5371
3793 4365
1949 1665
8274 8227
3408 4345
1844 2035
2511 2272
3290 3368
3520 3003
4071 4664
8997 8555
4087 3347
3599 4183
8215 8931
8637 8212
4447 5148
6175 5392
1212 1448
3152 3159
3131 2134
1533 1328
1171 1913
3046 2114
6795 6832
1881 2723
7240 6342
7761 6950
9643 8894
7110 7579
7339 6971
3154 3716
7583 6642
2908 2258
2020 2760
89 200
18 954
6465 6652
15 296
6762 7433
9683 8747
6657 7191
8392 8942
5030 4831
6326 6365
805 1494
6338 6355
2022 1392
7194 7720
3235 3093
6420 7320
9328 8594
2170 2223
9056 8253
6696 6460
6801 6830
5497 5590
4337 5141
5546 5248
8585 8237
17 75
2749 2747
17 440
9995 9722
5825 6151
3737 2862
7883 8834
85 885
2349 2362
1570 1377
2674 3022
7118 6943
1811 2737
1970 2341
7094 7600
2722 3148
5093 4894
83 374
8145 8233
2572 2706
3132 2189
4779 4451
8734 8031
5470 5226
1395 1281
90 30
4704 4566
8783 7886
6929 7655
6996 7477
1170 1908
3981 3320
10523 9771
468 1379
3885 3280
8394 8814
89 383
10193 9490
7728 6790
4343 4096
61 236
4063 4084
1406 2302
1211 1868
4629 4573
6076 6964
2025 2072
5351 6152
2695 3094
38 891
7451 8207
6565 5827
8221 8104
3589 3969
7579 6914
1707 2098
8857 7914
2176 2044
3601 2627
8453 9085
4193 4709
8551 8779
75 421
9213 9009
42 862
8661 9258
4090 3422
6628 5874
4148 4917
7564 8209
100 449
5153 4540
4010 3950
5690 5209
8196 9195
7781 8339
3247 3121
3438 2877
3309 4122
8484 8403
1816 2531
7720 8215
2881 2473
8509 8815
835 1158
3815 4563
4290 5282
1021 1872
4805 4671
2304 1736
7017 7913
5496 5590
9180 9540
9600 9165
5121 5307
9145 8493
2782 3082
9366 8945
2528 1979
3746 3145
5007 4279
7229 7070
4943 5198
5030 5152
8689 8678
9240 8611
1342 2176
56 46
19 194
7071 6462
6788 6308
8093 7131
6110 6642
3521 4383
3836 3476
6754 6820
2125 2165
1566 1266
6319 7252
5638 6595
9899 9617
4081 3482
5489 4539
8400 8041
1823 1621
55 693
8157 8551
25 824
2333 2783
4978 4193
7508 7359
10056 9398
1884 2769
6215 5811
1287 1851
8449 8094
6956 6819
3564 3583
1354 1235
2788 3768
5854 6743
5865 6192
62 380
8312 9026
8834 9505
7985 8351
8937 8860
2078 1085
1946 2670
2702 3005
7801 8754
1783 2126
5643 5420
10193 9605
9922 9848
6028 5801
4342 4692
4307 3762
6238 6635
3090 3645
5764 4985
1652 2191
5226 5934
7795 7449
8923 7974
2998 2903
1982 1617
10497 9616
6270 6161
4811 3864
5947 5158
6453 6122
7357 6527
1320 1601
2020 2288
8652 7923
5426 5042
79 629
4037 4924
8397 8421
2290 2847
3636 2774
7457 8110
4070 3803
2702 3351
4804 5269
9359 8551
8738 8967
21 127
71 810
2207 2232
2583 3256
6126 6260
5753 4915
8278 8113
90 410
940 1905
6157 6244
1624 1624
3470 3410
6273 7203
5504 5954
79 311
4616 5498
14 377
8084 7320
3902 3683
8245 8808
65 837
9601 9730
3370 2402
3049 3008
7954 8455
3963 3316
1807 1082
5119 5035
8428 8866
10098 9921
9687 8892
12 396
6810 6324
9178 9221
8839 9274
9687 9369
91 409
8037 8272
978 1198
2561 2039
8176 8139
8266 8508
4709 3869
9536 8581
9100 9402
5226 5999
8681 8167
41 592
10403 9994
9840 9606
6076 6748
4805 4399
1820 1072
4085 3377
77 427
518 1021
8354 7894
2392 3086
3495 4017
9970 9047
2143 2257
46 231
5357 4679
7744 7563
5614 6585
4236 3416
8391 7847
7237 8194
9664 9460
7923 8672
7584 7058
10405 9634
5386 5394
4420 3568
5408 6371
7299 7503
3574 3610
2211 1359
80 292
3277 4241
4816 5214
6627 7351
9547 9556
6406 7279
1363 1443
6495 7222
1110 1674
2036 2400
4772 4221
10257 9872
1706 1627
10198 9538
1941 1602
1529 1703
5135 4501
7967 8568
68 256
9710 8948
7600 7479
10275 9810
1987 1935
7865 7325
10387 9934
3630 3534
4777 5317
5458 4526
3583 4545
5446 6165
5854 6463
9089 9259
7759 7255
6877 7042
9365 8806
3349 3557
7611 7024
4844 4130
1482 1046
89 363
4394 5019
2108 2755
1538 1078
5048 4531
8113 8086
452 1080
1586 2112
8115 7554
4439 4316
9792 9233
2743 2879
5288 4408
51 995
7760 8176
1496 2165
5303 5213
5209 5246
4738 4431
8673 9407
5059 4297
4950 5661
4196 4059
7097 7140
5656 5388
4367 4718
5662 5105
1491 1583
977 1320
8924 8372
9784 9812
3082 4073
13 629
3371 3701
8321 8899
3905 3301
2166 2345
4473 5367
5560 6090
5794 6609
5846 5044
8666 7815
704 1435
9648 9309
3752 4452
7071 7149
6825 7121
10196 9741
7259 6742
8068 8640
7665 6863
8306 9209
6833 7058
81 581
3353 4303
1320 1423
10231 9759
81 1004
6921 6985
6560 5795
2318 2244
6732 7515
9375 8861
2401 1985
6754 7225
9572 8734
3536 3962
7690 8174
9692 9035
9046 8715
7996 8780
8924 9542
7029 6508
10430 9715
6391 6477
5111 5114
10004 9898
4850 4426
6189 5929
3213 3136
10551 9947
5123 4360
4518 3796
3574 4002
4037 4688
7960 7925
31 957
9677 9333
8794 8174
4829 5270
8790 8525
6730 6100
4949 4012
3188 3082
2925 3892
6271 5783
3438 3215
34 171
6218 6009
1418 1665
8713 8008
5623 5485
7437 7503
3122 3789
3456 2544
10006 9043
6402 5921
4399 3754
5693 4732
84 119
88 323
3243 4140
1657 2438
2937 2999
2103 2443
9961 9616
4239 3291
10196 9222
2659 2763
8149 8224
1461 1505
4049 4233
23 552
4925 4702
5056 5207
5624 4779
8341 9340
71 756
6304 6401
9089 9189
4869 4596
2402 1513
4648 4304
8564 8673
6822 6184
8293 7495
995 1037
7592 8181
1309 2250
2809 2855
1967 1677
7653 6891
8986 8398
2685 2947
7218 7047
4835 5444
8343 8062
3611 2675
4598 4685
7447 7987
3013 3008
5819 6108
1653 2583
5950 5953
6842 5913
729 1553
5165 6054
4507 3970
7010 6110
5161 5427
6684 7193
29 177
1713 2285
8751 7889
4394 3426
8943 8663
3277 3161
2453 3433
8099 8859
7893 8107
7577 7429
4894 5232
5359 5134
2740 2802
67 216
5977 5511
9109 9137
3920 3691
6693 6575
9896 8979
7236 6803
1286 1380
1402 1779
9376 8894
6752 6597
1566 2483
9510 9028
2843 3639
3672 3183
2705 3349
3746 3035
1215 1588
6131 6886
8389 8091
3668 4220
7416 8270
7438 7793
155 1124
8098 8753
5030 4174
6543 7436
2035 1428
2460 2146
39 38
1406 1342
5149 4227
6201 6550
8456 8434
92 254
4176 4460
8417 7518
8399 8023
8002 8830
10450 9947
52 153
4544 4263
2199 1852
4100 4378
3687 4252
7781 8733
3134 3990
3677 2974
7673 6790
10534 9884
89 548
4353 3505
5480 5365
7183 7714
1955 2201
9974 9239
1684 1804
7153 6422
8186 9159
8789 8742
8618 8832
3277 3682
3503 2626
2944 2955
7302 6883
2514 1685
2771 2740
2241 1681
1683 2269
9828 8835
3245 3474
8416 8915
4607 4245
3591 3123
5938 6265
23 643
4547 4973
70 793
3059 2888
374 1208
753 1627
5383 5793
6422 5750
4344 5182
6377 6943
3040 2204
2379 2945
2237 1967
8077 8854
59 328
8574 9495
7430 7656
39 624
5446 4796
4402 3810
7673 6824
8616 7662
3654 3832
7408 8251
90 117
5136 4319
4259 4206
6748 6678
3830 4577
7122 7853
321 1313
3512 4029
3555 2762
2669 2856
3627 3456
6362 6852
10901 9925
5321 4831
8217 7299
9889 9863
2515 3467
731 1252
2443 2318
8892 8923
5872 6001
59 216
2450 3161
10396 9819
7109 6443
7057 7422
7089 7797
5010 4624
6134 6220
7131 7829
8249 8153
73 96
42 868
66 546
2949 2351
2076 2169
5962 6158
4853 4070
4909 5894
5634 5760
4185 3838
7310 7036
3422 4406
2115 2194
2324 2955
5990 6206
8575 7584
8223 8739
4751 4545
7969 8853
9039 9442
84 165
4686 4295
3132 3111
5998 5728
2919 3324
4785 5252
28 509
6294 5780
2863 2231
8371 8465
9305 8788
6557 6983
4826 4556
6470 6677
7546 7095
7534 7381
7722 7737
3700 4272
9590 9047
1262 1654
2660 2702
2350 1487
1998 1433
7782 8717
963 1390
3474 3359
10029 9047
7793 6949
7087 6938
4161 3693
3940 4407
845 1697
18 1003
5938 5499
6485 7341
5887 6744
5901 5228
6797 6587
4288 3449
9439 9790
93 39
3092 3083
42 614
2444 2856
6797 6829
5335 6109
29 157
8130 8372
1811 1309
6194 7131
2646 3320
8014 7823
1366 2281
2135 2325
3192 2222
4909 4146
8477 7900
8571 9337
4458 5156
1776 1938
3523 2592
37 88
3736 4195
6683 7076
4405 4513
31 310
7997 7758
44 323
9396 9561
3114 2212
3773 3915
78 311
6940 5949
2738 2685
84 497
4654 5161
5105 5660
9376 9316
9047 8655
86 781
6247 5898
6400 5912
2267 3238
3964 2973
3471 2936
1180 1948
76 539
932 1843
7253 7695
8376 8364
99 441
5618 5142
5152 4476
1346 2261
7949 8499
5673 5273
2538 3018
8475 9064
2009 1109
6271 6355
9626 9988
18 983
4582 3732
95 949
6255 5755
8300 9110
3668 3335
8550 8525
2378 2589
8737 8761
4187 4293
81 977
9483 8946
4790 4662
76 317
4839 4496
4908 4751
3358 2563
7715 7044
9227 9720
10370 9791
2519 1539
4153 4713
6186 6598
7802 8541
3518 2766
75 454
3042 2816
4835 5725
4842 5126
5107 4629
17 611
7416 8047
7798 8538
2613 3539
9703 9953
8395 7715
5797 5556
9443 8451
59 677
1018 1638
8100 7721
9630 8807
10827 9854
3434 2922
8641 7856
9340 9308
8926 8175
46 608
3536 2541
3580 3251
60 29
7212 7453
6891 6421
779 1571
56 235
8170 7553
7015 6080
4879 4362
8081 7769
3219 3252
6526 6438
5665 5533
2146 2593
7858 8315
2520 3424
1376 1738
7046 7125
10438 9936
8055 7251
5895 6472
9930 9461
3526 3361
2939 3045
4542 4657
8996 8215
6260 6228
9211 8508
7495 6564
3472 4341
9878 9674
3800 3721
7427 7027
7276 7231
6792 6520
1623 2609
9175 8424
76 450
2272 2392
7279 7485
5440 4654
5916 4920
9438 9310
7580 7817
7577 8537
2628 2028
10154 9620
6820 7346
8016 8439
5657 5012
9283 9009
7870 7810
7690 7889
6320 7242
9133 9713
2449 2245
3478 3674
1408 2014
9246 8765
2438 1783
1377 1776
7982 8360
7396 6614
4542 4136
6099 5511
2179 2710
7844 7188
26 60
5656 5496
1469 1091
4042 3342
18 368
5195 4387
8848 8410
6032 5994
9356 8524
9533 8649
6184 7138
7551 6557
9800 9354
2005 2454
7614 8033
4788 4455
1436 1784
5343 4562
8274 9157
61 352
6745 6955
3494 4203
5547 4949
4328 4746
5957 5043
4190 4103
8188 8948
2267 1367
6797 6913
6853 6275
4973 5409
3185 3470
2539 2034
1199 2085
1128 1417
3491 3716
5954 5744
1940 2866
8052 7273
7543 6790
4704 4624
7353 6435
3998 3462
8788 9001
3544 3454
14 112
8744 7952
4143 4582
3816 4380
7108 6900
9545 9445
2875 3166
4233 4491
5933 5259
9054 8888
8621 8309
5157 4734
5997 6561
7738 8230
2287 1785
8404 9387
8688 9398
2518 3272
3890 4295
2919 3883
7201 6606
3260 4238
5136 4737
6835 7711
8511 8620
1284 2003
5161 4339
6741 6621
1282 2251
8662 9395
92 72
4439 4527
8839 8895
5698 5101
12 718
9684 8897
760 1757
734 1694
4562 3689
5212 5052
5307 4520
4889 5467
2944 2519
3952 3253
7689 8284
7836 8664
4264 5242
8045 7235
5605 4652
91 382
23 669
1972 2099
4072 4668
4032 3277
2695 2008
8231 7330
2776 3386
2198 1335
4957 5659
9190 9803
8651 8438
5575 5174
6714 7707
4876 5335
3889 3706
1728 2013
30 834
9718 9019
8922 9361
23 991
4338 3867
6953 6110
2999 2602
5979 5336
4617 4739
3117 3898
6267 7222
5592 6101
584 1289
8537 7895
4179 4211
5694 6327
1635 1441
4548 4300
2001 2781
4931 4294
6987 6595
8839 8231
5804 6378
4592 5516
57 629
6525 7043
2792 2260
6438 6534
5603 6113
1759 2347
6806 6229
2516 1853
5982 5438
4826 4451
2628 1765
8912 8277
1205 1698
3125 4125
7369 6667
8374 8752
7212 6962
3130 2415
9377 8683
10024 9598
2116 1693
5033 4168
8959 8962
10112 9205
8464 7918
5581 6296
9623 8808
3508 2804
7096 6692
33 517
58 414
5880 5060
7325 6384
7469 6987
9413 8838
7302 7775
4929 3934
5617 6515
8159 7617
5460 5135
8449 9281
1141 1843
34 654
7042 7807
651 1387
4073 3146
10070 9248
8104 8600
8406 8828
2920 3615
7356 6548
9484 9555
5842 6530
7325 7766
846 1487
4878 5198
5602 5950
6691 7490
2497 1857
7161 7525
45 892
8060 8431
79 360
8206 8717
44 692
8747 8340
4216 3863
10746 9750
5288 4448
1795 1628
35 445
4476 4334
6742 6762
7954 7139
4319 4336
5869 5171
4813 4063
87 578
7643 7112
5500 4824
3054 3274
2212 2334
10396 9397
2031 2093
9369 9155
7681 7531
4439 3777
5850 5230
5538 5000
52 434
3513 3210
4212 3252
3526 3186
5400 4761
2422 2048
7396 6677
1821 1244
5631 6221
4270 4787
3816 3432
1569 1273
7642 7424
8231 8208
4596 3958
8086 7578
8670 8316
42 247
7905 7921
8238 7289
6179 5582
2477 2542
4155 5066
9806 9230
6504 5745
5396 4838
10269 9724
4753 5195
2726 1928
8258 8065
7570 8163
4275 3380
8619 8540
1620 2575
10129 9943
2786 2164
6805 7239
42 713
450 1316
7687 6989
3179 3309
4778 4999
3840 3057
4094 4103
1281 1835
3789 4292
2595 3090
3490 2571
2927 3486
9645 9639
5212 6206
7902 7903
2964 2514
3005 3620
2577 2050
9170 8878
9010 8227
7274 8208
86 52
9314 9380
10344 9488
1872 2366
6631 7458
10068 9839
1977 1485
7546 7573
6888 7101
1684 2368
7289 6848
8973 9008
4540 3746
80 23
9563 8602
2555 2936
6012 5233
2961 2049
2921 3341
5589 5266
1380 1261
7313 7658
4157 4211
1848 1283
4049 4696
1220 1529
9033 8091
8011 7953
4190 3317
6124 5907
8622 8413
5664 5815
4233 3810
4681 4688
8710 8750
4464 4239
5706 6289
3534 3437
6660 6489
9405 9079
3775 3742
3431 4109
2654 2198
3302 4290
52 112
5418 6233
5283 5698
7622 6656
2404 1486
3896 4268
5295 6214
5766 5441
4997 4445
4648 4111
2951 1963
5684 5894
8908 9867
768 1521
7213 6710
4229 4992
8515 7616
4475 3768
2551 2167
9699 9077
84 545
59 637
5828 6403
8038 7283
4706 5675
8710 9051
7359 6773
8751 8433
2129 1783
3065 2193
21 827
95 600
9520 8836
3068 2722
4752 5494
3066 3228
4270 5047
5569 6430
7865 8306
6262 6640
6139 6760
7790 6997
7112 6367
6329 6665
1640 1909
1924 2843
1938 2863
2838 3143
2191 1465
6551 6418
3875 4573
6011 5892
9225 8690
7319 7485
8565 9390
54 361
9019 8202
9725 9523
4045 3869
5897 5110
8951 9543
2354 1988
8725 8113
5941 5937
6966 7353
9483 9349
2821 2846
4216 3327
8813 8594
32 473
3431 4084
2691 2400
27 915
6864 6545
2468 2314
5105 5300
8411 7595
5948 5604
6405 6266
49 983
4168 3274
1023 1070
3047 2362
7003 6246
4106 4098
5545 5477
3489 2907
7969 8587
8619 8803
3410 2987
3814 3789
5108 4868
1830 2365
5426 6273
6088 6314
9531 9960
2443 1660
2801 2820
4474 5236
613 1307
44 259
5005 5787
7871 7661
5387 4589
444 1091
7037 7098
785 1343
5726 4973
2681 2423
6424 6909
9403 9820
7759 7961
9744 9096
5395 5429
6478 6479
1863 1187
2774 3200
70 196
6346 6957
4967 4330
1225 1990
10724 9855
9042 9710
1761 1813
5226 5709
6535 7011
9176 9388
77 303
8665 8853
3722 3664
9241 9355
4477 4880
9044 9709
321 1210
3540 4143
8432 8120
9219 8661
9310 9508
8605 8880
3711 4516
6843 7307
6177 6181
3902 4159
9253 8555
1547 1750
8049 7648
2640 2224
8037 8351
9522 9562
3503 3122
2483 1637
7496 8240
4534 3932
5972 6536
3717 3318
7156 7675
7866 8326
100 251
298 1279
5688 5457
5839 6132
9165 9781
9095 9277
10691 9850
6127 6789
4044 4483
9923 9919
6005 5931
5316 5077
2068 1488
2379 3137
3223 3955
95 285
3901 3016
7634 7243
51 646
5167 4989
9258 9224
4680 5488
4057 4379
3597 3671
5991 6405
6149 5151
5180 5626
7664 7939
5507 5421
7223 7590
85 168
2584 1798
7782 8298
244 1159
4299 5240
40 630
3060 2263
1086 1993
7018 7978
8392 9161
6689 5892
4299 4533
6588 5734
1882 2056
5851 6743
1938 1133
7979 8443
3589 3683
2842 3464
4585 3789
1005 1125
9242 9534
6169 5450
6347 6683
773 1059
3661 3858
7278 7294
8930 9541
6916 7228
3137 2938
8430 8061
7528 6631
6992 6821
8625 8676
53 949
81 647
48 73
2979 3351
9545 8736
9087 9217
2093 2000
4990 5224
6617 5678
2827 3496
39 358
7085 6745
6157 6917
5439 5108
8870 8003
3414 3821
2332 2773
6833 7608
6138 6872
24 609
3492 2735
1695 1152
6042 6096
6430 6245
4324 4049
6045 6602
5050 5114
8969 8278
8379 7693
10299 9863
1009 1619
7068 7238
6043 5317
5182 4697
9817 9155
6736 7661
7082 7672
3012 3704
30 480
2450 1726
2948 2241
100 326
14 777
3618 2674
6152 6325
5830 6594
10511 9829
1689 1934
3478 4340
1504 1534
10 684
4126 3225
4657 5050
3030 2422
65 320
1668 2654
4715 5034
3571 3663
3017 2358
8947 8685
3960 4142
2559 2994
3983 4736
2678 2398
51 593
3131 2762
89 32
5124 5244
185 1035
9521 9296
5041 5100
51 134
3999 4321
8999 9943
4772 4780
5444 6215
6188 5308
35 431
48 545
9155 8253
6450 5981
4990 5915
8699 8879
6063 6860
3178 2547
98 202
7622 8526
6838 6282
2890 2429
40 691
57 722
1518 1403
2438 3169
39 799
6494 5735
2940 2314
1602 2120
9908 9201
8532 8063
7168 6978
67 328
7702 8457
5561 5135
4183 4473
8136 7650
6825 5931
5630 6216
827 1280
4399 5310
2283 2367
5168 5800
7767 7952
9290 8377
2923 3842
9229 8695
4743 5303
42 704
9869 9939
7533 7124
2058 2186
4951 4224
4996 4205
8393 9052
5546 5544
4864 4187
9123 8641
5925 6462
9228 8915
1786 2290
2299 2451
8072 8586
4231 3473
6753 7116
278 1018
9377 9260
51 604
2513 2019
7412 7120
6543 6662
1237 1914
563 1058
4148 4150
4283 3810
3732 3663
1602 1963
6286 6464
6250 7235
2735 3127
4945 5347
10094 9698
3665 3745
8629 7931
9455 9589
8015 8007
635 1031
6724 7178
4917 4254
6529 7431
6302 5806
8920 8166
3584 4122
7044 7863
2183 1643
9343 9514
14 827
4014 3825
4170 3444
4077 4957
2471 2221
9812 9138
4004 4450
28 525
8335 7834
8044 8051
8593 7884
6645 6607
6573 7476
7344 7281
9928 9690
7912 7635
3239 4009
4473 4711
10162 9683
2420 3399
82 596
5226 5849
6898 6710
3590 2907
2510 2100
1646 1774
8386 9062
5952 5334
3269 3810
5689 4906
41 794
3861 3885
1027 1702
5049 6013
4554 5347
2472 1943
6985 6853
3329 3748
4189 4674
47 428
3334 3164
80 177
1693 1664
2468 1525
28 626
3550 4237
7952 8827
10099 9840
5639 6474
9002 8766
2060 1733
7698 7883
6992 6702
5352 5302
1190 1110
8909 9709
16 950
2119 1915
4818 5609
8468 8851
2655 2692
3450 3885
3371 3402
7411 7503
8296 7655
8959 9869
8778 9164
18 682
2625 1978
6304 5504
2984 3160
1833 1029
5738 5161
1547 1360
8255 8311
8222 8379
4553 5505
5519 6235
1514 1860
7131 6409
5849 4989
4012 3591
6602 6084
7260 6506
6201 6975
2895 3280
4932 5877
4921 5841
9488 9399
4183 3988
7303 7967
9459 9663
5489 4728
4849 5770
6809 6225
8946 9861
4842 3945
9372 8763
1864 1661
5952 6795
10420 9730
56 51
2366 2989
6423 6376
6027 6065
3964 3395
3052 2110
3839 4729
8152 7882
8411 7850
2402 2834
6807 7279
9219 9074
38 1009
6408 6527
3519 3557
1192 1735
3504 3302
7183 7579
2289 1823
8313 7797
6333 6550
2111 1252
74 39
6188 6135
743 1506
8065 7347
6880 6558
1204 1102
18 140
7601 6607
9050 8902
45 814
7290 6606
9008 8416
1959 1509
2411 3012
6348 6629
2593 3490
7260 6665
9731 9876
9416 9359
3622 2801
71 503
7150 6812
5524 6462
1246 1430
4239 3419
1993 2548
2955 2522
9893 9783
7917 8811
2808 2914
17 412
2756 3380
24 768
4340 5240
9850 9127
6071 6940
70 838
7241 6402
8109 8860
2337 2925
8491 9130
4939 5068
4696 5252
5882 5895
2697 3033
2924 2949
6114 6905
1108 1271
6288 6381
6429 7310
1505 2211
4764 4601
8323 7634
6361 5622
10167 9729
10498 9705
641 1526
7871 8432
10123 9413
2189 2360
2336 3007
6767 7038
5143 5902
4352 4683
7596 8516
3826 3262
2725 2013
1929 1617
5249 4781
6654 6846
1429 2165
8679 7842
4339 4379
5933 6060
8236 8921
5714 4857
6491 7338
7057 7194
55 97
4730 4982
3859 3132
62 351
2842 1916
7382 7590
6102 5282
2450 1821
6741 6341
4872 5256
1284 2017
89 566
2283 1356
7151 7811
5942 6751
16 796
85 857
8082 9040
6678 6822
7790 7418
8074 8030
5468 5734
9253 8485
4951 4433
6295 5646
42 380
5328 4867
2278 1737
14 808
8006 8756
1606 1156
9654 9578
6088 6969
8545 9205
9137 9317
5699 5288
6038 5473
8468 8260
68 663
2589 2143
4771 3962
10044 9711
4369 4493
8145 7543
7524 6952
29 424
1388 2074
8401 8951
8753 8073
10052 9739
6165 6911
1752 1568
4922 4330
98 227
3848 4006
7084 7064
8576 8657
2674 1793
6930 7878
6529 5724
7138 6949
7378 6379
7593 6977
6410 7197
7525 7259
8792 9037
10713 9898
9598 9186
8094 7862
3043 3086
7109 7177
84 462
3978 3506
40 261
2112 3098
40 161
6394 6027
5188 4278
5935 5553
1744 2443
8097 7298
7571 7867
5388 4517
10142 9706
3548 3284
6443 6470
3694 4343
8584 8276
2584 2497
5727 6254
6321 6248
65 146
7528 7353
27 185
5978 6133
1809 1523
6427 6463
6408 5559
79 477
9418 8573
24 944
2851 2673
2684 1758
6554 5848
3410 3472
6248 5391
5859 6275
5463 5410
3782 3956
7543 6961
4222 4491
8918 9795
7460 7300
2562 2519
3953 4450
6242 5318
3156 2566
10310 9834
9078 9108
9509 9330
8184 7424
5283 5436
9192 9355
8179 8899
7517 7278
1341 1893
3747 4638
5102 5488
6381 6257
91 288
6301 5642
47 750
2974 2821
5909 5316
10723 9811
2496 3451
7622 8144
4209 3227
6464 6368
36 272
19 166
1835 1979
3176 2857
8067 8168
1633 1244
7403 7949
6818 7278
8638 9229
7197 7084
7538 7507
29 594
3283 3759
6471 6001
4721 5134
7211 7744
6125 6341
8506 8187
1725 1544
4629 4896
439 1073
3460 3112
9269 8886
9473 8622
4823 5791
7026 6817
2920 2175
77 771
7008 7237
7311 7009
4104 3982
2695 3526
8493 8949
95 854
3269 2954
8092 8958
2360 1484
4854 4490
8316 7925
57 740
9287 8494
4547 4685
10299 9848
7409 7323
5769 5122
5428 4560
4686 3895
3290 3825
2102 1582
3150 3706
3338 3136
9806 8957
4837 4047
6738 6297
6042 6775
5037 5374
3286 3727
3113 2310
4439 4453
5138 4515
57 862
808 1732
6801 7408
3384 2538
1866 2629
96 808
3881 3130
10599 9709
5598 6264
10663 9731
4604 4922
8966 8095
7561 8094
8215 9025
3520 3640
6215 5237
3921 3789
4612 4904
30 550
3787 3041
26 24
10394 9411
7524 6641
6265 5800
3001 2078
1516 1233
4542 5485
2548 2750
5386 4637
4670 4508
2504 3409
9116 9517
2266 2059
3998 4504
5488 5884
8272 8274
2537 1706
8755 7860
10389 9500
4334 3486
5835 6134
2675 1880
7022 6602
4904 5706
1079 1975
5586 6131
9355 9584
4961 4481
91 372
5238 5694
24 58
2480 1498
3707 3952
48 267
7047 7692
3430 3568
45 199
750 1351
8097 7502
1396 2322
10945 9962
55 197
5593 5385
3259 2683
7625 7772
5185 5513
66 745
6025 6889
5454 4866
5214 5403
7734 8478
8261 7554
3252 4155
8211 9003
4264 4462
6364 6669
1797 1029
6963 6019
2820 2582
5126 4815
5082 5692
5830 6437
5082 4277
5139 5388
7374 7147
3587 3701
46 480
3041 2151
5700 6256
774 1114
1630 1566
2380 3156
4861 4796
2824 2876
1315 1216
7056 7374
2147 1422
6457 5900
6926 7283
2979 2791
9078 9525
95 112
5925 6271
7603 7081
2805 2367
9675 9578
5258 4996
9970 9356
7079 6607
6957 6968
2558 1830
9297 8399
2120 2244
7931 8486
3388 3758
10197 9246
4027 4141
85 511
6827 6903
6818 7757
6659 5946
6908 7122
3237 3503
5080 5768
10249 9663
778 1327
9240 9331
3205 3613
3752 4475
8750 8156
7261 8215
2873 3646
60 958
7591 8308
6210 5292
8532 7884
3348 2850
2567 3339
8589 8118
621 1562
4072 3682
6525 6610
45 868
9384 9393
6906 7310
8008 8497
1368 1706
6095 5846
1482 1235
8579 8920
4902 4115
6725 7015
7360 7194
65 944
6749 6643
4756 5024
3699 4289
28 531
7491 7059
5872 6867
5750 5559
2586 1903
3257 4019
6249 5739
7270 7135
2371 1777
4438 3445
3634 3179
8872 9341
3518 3310
3950 3730
6681 7551
6083 6723
4217 3694
8570 8734
6793 6362
2575 2017
8579 8899
8459 8756
7902 8744
6120 7029
4678 4760
8922 8564
5536 4725
9150 8566
2958 3236
3323 2376
6659 7094
38 196
4181 4294
4055 4548
2343 3141
5936 5889
9102 9133
3635 3792
3796 3472
4609 5343
6840 6070
9386 9198
10362 9505
34 266
5759 5280
4475 3901
8399 8229
3198 3621
4150 4836
13 884
11 463
3385 2752
82 715
6112 7031
8302 8176
8655 9534
9221 9889
6626 6486
8864 9618
2613 2008
8950 9854
917 1254
62 518
8212 9102
3986 4234
7267 7929
3679 4479
2719 2642
6155 6922
5444 5531
3696 4529
5385 4507
3821 4492
8336 8752
2033 1651
4438 4616
2369 1830
4772 4406
7224 6460
7300 6828
9546 9448
4181 4068
6074 5250
10087 9762
4875 5259
6708 6217
6471 6385
4118 5039
2666 1672
8810 8611
10 980
8895 8791
3925 4268
3369 2882
8975 8698
2389 2675
2636 2446
1921 1990
7309 6997
5576 4673
51 951
8542 9131
2258 1807
35 879
3692 2737
3232 2665
5268 5645
9996 9984
9174 8596
8974 9676
3532 4041
9021 9279
3830 3230
2957 3619
3563 4316
96 804
5026 5282
5694 5331
9390 9373
13 50
61 629
10001 9905
2516 2619
1193 1592
5404 5331
1392 2080
7435 7777
52 432
4367 5256
7332 6791
6633 7423
3218 2462
6166 6985
4031 5022
2888 3385
1495 1906
2444 2214
4246 4015
8494 7856
4250 5203
5315 4436
52 307
5212 5171
5455 4859
2519 3347
8460 8019
2929 3587
328 1062
8569 8089
7850 7832
1764 1108
8833 9024
4440 5356
12 621
5455 4958
3108 3043
7417 8323
2699 2841
84 669
6054 6756
2690 3550
1734 1257
18 189
2028 2325
5467 5024
67 21
32 303
75 267
3926 3352
8121 7553
5524 6423
1952 2066
10145 9763
6369 5502
1058 1294
9697 9165
8472 9057
4740 5381
6995 6933
37 522
8630 9190
754 1359
8459 8208
6459 5472
3573 4096
8297 7583
704 1281
4025 4466
8815 8588
1848 1131
77 948
7187 7778
2271 2345
3677 3225
3702 2844
2551 3046
6055 6534
7662 7167
5447 4767
4702 5444
5600 5704
9055 8805
8610 8759
3011 2309
7140 7128
8918 8932
7724 8551
6904 6011
7307 8186
6983 6446
39 749
8385 7465
7373 6808
816 1444
8954 8985
8446 9096
3725 3217
372 1071
4846 5593
4940 5693
8191 7617
4182 4815
2577 1775
9091 9582
2386 1778
3317 3591
5123 4477
76 538
3086 2379
1053 1403
3085 2867
5935 5591
4315 4423
4337 5001
2680 3111
2593 3283
8088 8733
4664 5059
5445 4734
7459 8454
66 509
7140 6215
1389 1083
43 603
6805 6008
68 466
9777 9004
8418 7863
9891 9066
8686 8651
911 1249
4912 4317
1068 1339
3939 2951
10232 9631
8696 8360
8718 9191
8307 8197
4758 4101
7155 7196
4586 4004
3656 2657
8561 9513
15 617
4609 4439
30 127
7839 8254
5027 4639
4855 5093
7933 8240
8561 8685
3058 3424
7710 8315
7422 6750
5362 6317
3432 4257
5236 4812
2906 2267
4234 3687
5250 6130
6595 5990
1712 1626
7818 6848
6741 7547
6993 6945
9999 9891
1460 1862
3989 3780
3959 4640
8397 8627
6471 7289
3984 3589
4587 5412
2930 3458
3327 3150
6849 7777
1475 1439
9125 8809
7352 7901
3385 3950
68 462
96 880
6009 6144
5830 5485
3028 3089
7518 7729
4479 3637
1916 2319
3495 3628
7196 7219
5532 5275
9372 9251
7916 8537
5749 5015
1052 1971
9560 9582
4344 4949
4129 3973
2165 2174
1984 1188
3112 3100
5569 5375
4294 4432
9128 8958
6514 6798
53 78
2315 2076
7573 7011
8067 7794
8986 8346
4873 4328
3489 2906
2086 2066
2435 1534
6741 7717
55 153
36 741
2743 3519
1929 1607
3111 3074
8699 8553
3114 2892
9267 9091
4536 4519
2534 3333
6949 6703
100 934
3726 3705
5685 6098
8116 8315
3194 3494
3167 3761
10058 9693
2244 1490
1210 1387
1874 1421
5358 5973
65 933
4419 4988
62 718
4935 4623
2460 3306
10272 9834
38 29
9525 9279
5462 4592
1041 1150
7073 7020
3232 3087
7436 8080
7727 8056
2018 2729
2220 1578
5500 5257
5516 5111
6761 5968
2135 2995
5196 5512
5087 4989
3977 3086
8402 7518
6365 5418
87 976
42 465
754 1495
4957 4180
9860 9843
10017 9745
4971 5207
47 653
9716 9032
3002 3349
7878 8434
7362 7975
5853 5052
7901 8849
4404 5332
1736 1563
527 1133
9261 9320
8643 9596
9370 8474
2582 2602
1831 1761
6630 7254
5692 6427
10550 9970
6580 7468
6586 6403
8993 9004
2564 3058
1996 2879
29 614
9622 9171
4680 5514
812 1378
398 1306
10136 9883
45 518
1669 2485
4728 4872
8667 9457
1013 1330
6893 7712
9095 8780
3601 2836
2722 2208
1563 1076
8653 8304
2304 2685
2579 2911
7081 7609
2160 2722
848 1839
2471 2409
9780 9131
5055 5052
3934 3914
2100 2459
6803 6098
5037 4131
6393 6318
6059 5199
74 346
3307 3517
4992 5649
2296 3117
1317 2084
4725 4553
562 1436
9393 8730
71 598
4769 4121
6959 7220
9472 9724
2383 2547
1976 1272
6230 6816
2738 3410
99 184
86 535
3847 3395
7844 7988
2979 3341
8354 7879
4597 4899
1621 2387
9848 9654
1332 2330
9847 9369
1564 1933
2464 2357
4055 4243
5868 6800
2519 2926
6992 7046
6477 5910
8226 9197
2162 2696
779 1509
3933 4555
5266 5987
4130 5114
10024 9150
2894 3569
7113 8095
2258 2856
6159 5595
8265 8596
3244 4132
4365 4831
4084 4509
3920 3785
75 518
4303 4162
8722 9210
9767 9569
7739 6982
2719 2175
7146 6592
6676 5984
90 473
26 645
2065 1872
5637 6273
1047 1945
5223 5756
4643 5510
7167 7167
5362 6166
6545 7167
9208 8497
3715 3954
6609 6312
6015 6648
33 911
8900 9378
4642 4888
8844 9013
8130 8948
3828 4297
7587 8267
8997 8704
9657 9300
5626 4892
3987 3321
54 351
6811 6920
7000 6450
5276 5893
5743 4822
9834 9840
1930 2419
6235 6037
5333 5598
67 333
4828 4768
2428 1888
8963 8491
9848 9294
3851 3628
8269 8035
1761 1813
5627 5574
9018 9213
48 943
224 1121
6591 6998
4015 4914
8780 8307
73 200
2198 2663
7687 7931
3868 4665
10250 9959
1218 1015
1610 2064
6108 5610
3279 2431
7716 8312
2018 2816
5439 4505
73 977
3821 2843
46 441
8648 7951
2938 3821
3207 2728
5426 4837
6482 5492
6328 5739
7564 6762
9012 8057
6161 5721
5434 5948
2500 1707
28 527
1078 1748
6256 6021
1083 1996
4731 4832
4366 5285
6036 6326
8357 8958
7167 6668
4917 5658
1212 1132
2709 2689
8512 7666
5852 5925
7642 8373
9809 9750
9513 9525
6079 6016
10296 9930
8330 7643
7725 8304
9313 9414
5521 5421
9211 8430
3115 4105
2591 3289
2734 2014
6884 6271
9630 9325
3239 2879
4895 4007
7818 7903
5573 5961
5976 6853
9243 8717
79 987
8537 8371
10199 9550
5884 6445
6967 7248
2665 2710
7605 7787
5944 5587
2321 2078
8222 7511
9584 8870
1904 2774
581 1058
10896 9903
3492 2644
83 415
6328 5763
8584 8041
57 983
3742 3208
6114 5782
2220 2395
4234 4134
4907 4241
9561 9099
5036 5461
9629 9898
1077 1230
5716 6441
1464 2085
6020 5174
4879 4531
5855 5667
2317 2925
4280 5097
62 681
5732 5159
5429 4689
8353 7950
2239 2407
8322 7663
1942 2587
1203 1217
5938 6427
6735 6593
5501 5134
4010 3767
5519 6366
5122 4325
1126 1358
6550 6243
3246 3804
5633 6550
33 312
2768 2150
2008 1485
10142 9996
6497 7440
4086 4230
3535 3291
5249 4472
3314 4170
5097 4361
6922 6592
8875 8252
5883 6265
9152 9207
2841 3164
3319 2878
5984 6721
2195 1298
2076 1674
38 214
7460 6593
7602 8373
1886 2224
1698 2045
5893 6030
5936 5869
37 490
8706 8319
4682 4956
5500 4679
57 844
9612 8806
7799 8626
2513 3181
2053 1455
6352 7314
2102 2907
5250 5252
3328 4181
8052 8468
8390 8529
8250 8328
7822 8000
4287 4572
11 45
5761 6325
1066 1951
882 1074
6197 6161
1148 1614
5784 4848
4943 4893
6939 6293
9192 9064
2070 2886
2731 2081
6740 6783
3688 4539
7233 6535
4950 5837
10105 9577
2868 2148
2765 1938
5452 5514
8530 8569
7581 8247
4942 5878
7009 6893
4030 3921
17 195
23 179
3177 2486
5016 5466
8067 7872
53 331
6562 6915
4756 5379
5283 5674
1534 1218
4803 4044
5018 4578
2386 3206
3238 4060
4921 4513
3459 4076
5739 6013
6360 7078
7304 7808
77 273
9440 8765
9696 9535
9572 9084
7448 7698
3528 2552
4175 3306
5294 4493
8498 7597
9659 9547
1406 1142
8619 8422
10760 9771
3242 3670
7106 7371
6077 5494
6770 7545
84 357
2362 2360
2018 1862
7979 8875
5532 5706
10734 9806
8823 7888
3667 4202
6485 6478
1861 2661
2581 2259
8786 9602
9848 9367
3369 4225
8984 8617
89 25
3951 4398
28 317
7113 8071
5950 6741
4227 4578
5038 5204
8564 8786
2791 3541
6440 7299
679 1079
1390 2175
66 813
6700 5876
4176 3434
2348 1862
9442 9877
3711 4249
7916 8578
5110 5009
8226 7455
9852 9239
3460 4308
2508 1997
4713 5214
807 1662
9373 9941
7454 7195
3043 3487
1567 1804
9387 8491
40 331
5222 4673
9551 8878
5102 5258
8518 9076
5634 5449
4079 4965
2015 1758
7733 7698
21 201
3863 4103
8841 8929
7523 7260
1788 1775
3590 3473
4330 4135
4907 5321
6859 6101
3099 2343
9117 9683
3140 2968
8004 7245
4059 4511
7045 7756
2720 2352
8085 7486
3078 2256
8176 7714
304 1245
2541 3289
6522 6002
5001 4076
5005 4599
9268 9069
7771 7533
3303 3264
3925 3671
3320 4021
38 16
2399 2059
5228 5936
4213 4563
3605 2717
5986 5489
8347 9244
6749 7595
1852 2111
31 20
4561 4612
1884 2252
7400 6945
7440 7934
85 108
74 205
3836 3568
6130 5624
8511 8820
4242 3804
7873 7198
1756 1406
7373 6828
8138 8559
4650 3764
47 535
5247 5603
4673 4103
5842 5837
3465 3567
2163 1445
7026 7991
1701 2436
5075 5981
5173 4297
6146 5915
6658 7367
7787 7864
6537 7232
3720 3856
3431 4093
6639 7132
8813 8958
5906 5803
7349 6523
4389 4631
6568 6836
10292 9367
86 93
7560 8470
1651 1285
7466 7378
7910 8088
5293 4735
4978 5158
1790 2621
7958 7164
1816 1649
2866 2996
50 260
1744 1366
5181 6063
8209 7996
1065 1729
5847 5556
8843 9688
3709 3791
3374 3739
8574 8827
6080 6573
1081 1583
4840 4172
810 1535
44 758
15 665
4176 4215
2673 2318
6605 5874
44 447
100 805
9752 9916
5794 5900
2160 2184
600 1300
7554 7809
52 468
574 1097
2432 2228
7973 7560
4064 4631
1827 2098
6267 7030
3396 2402
7705 7171
6770 7442
3761 3227
38 585
8839 9408
7770 7905
1092 1775
34 16
15 144
78 574
6616 6807
4741 4019
9465 9201
45 261
7533 7946
5669 5476
3487 2983
1038 1313
1901 2204
8552 9288
8682 8772
8777 7944
38 221
7420 6789
9251 9541
6743 7446
4178 4179
5162 4389
1904 2311
3119 2153
6623 6609
1320 1886
5543 5901
87 993
4115 3592
8883 9037
7902 7939
1599 1903
2648 2513
9402 9878
2475 2205
3066 3895
4903 5717
8899 9615
6156 7048
81 500
25 630
2886 3175
4449 3782
5715 4802
3313 3218
10595 9771
4526 4527
7364 7588
9117 8504
7016 6040
8761 9393
7571 7019
8922 8494
6391 7018
1100 1774
69 316
8615 9316
5508 6028
6830 7696
47 326
3836 3235
2630 2978
7676 7697
775 1773
8817 9666
95 156
9117 8246
6150 5654
9077 8845
3332 3895
530 1421
3882 3343
17 793
4372 4875
5888 6579
90 770
2226 1963
6035 6399
1057 1526
9208 8284
7573 8214
3034 2213
5360 5812
1217 2181
9576 8905
79 722
1978 2855
7826 7683
94 111
8372 8011
5569 4824
6326 6544
4680 4131
3309 3733
8199 8021
8662 9657
6767 7562
6676 6030
80 683
1507 1848
1961 2604
7774 7574
9635 9209
8190 7721
7467 7559
7800 7887
4097 4190
5015 4741
5147 5909
2430 1432
8079 7533
7464 6576
7898 8061
5055 5143
7019 6280
7984 8381
3916 3018
4019 3426
79 910
86 931
2821 2801
3919 4765
8247 7556
1779 1704
2578 1941
2840 1985
3314 2801
8769 8867
3762 3658
7839 7963
9604 9917
7473 8253
4138 3428
6800 7763
1896 2447
5866 5390
9326 9931
2358 3030
3207 3013
7822 7116
4654 5529
10268 9364
3532 4205
10120 9663
77 704
7326 6647
8332 8647
7230 6662
2175 2554
7204 7048
2723 3597
4433 4302
2755 2658
7394 6652
7808 7149
8023 7321
8782 9714
6327 6401
6711 6369
40 42
3602 3730
77 204
10617 9897
7566 8535
5171 5239
8029 8387
1255 1099
2948 3901
8144 8879
93 530
66 561
9438 8635
6691 5793
790 1579
4258 3841
64 807
4164 4649
4970 4246
5510 5392
6982 7148
7134 7850
5617 6255
1755 1478
82 843
1602 2385
7752 8572
7609 6800
2071 2587
9412 9785
5895 6876
4250 3764
3214 3004
3298 3826
7183 6637
3335 3930
1564 2490
3388 4047
12 292
4994 5357
9081 9135
5449 4689
5452 5262
2992 3522
8255 8910
6932 6256
6605 6699
8310 9034
39 191
2654 2302
10121 9476
7598 7764
4699 4721
9722 9421
82 996
8870 9307
4847 4277
6391 6007
5853 6781
8848 9624
8065 7158
2833 2895
121 1078
5649 4849
3367 3423
2423 1508
6140 6713
4193 3910
6325 5489
3472 2801
8296 8580
6815 7504
7319 7483
6493 7006
9828 9951
2267 2957
9754 8985
2956 2888
9005 8450
5774 6103
1340 2299
884 1059
1916 1484
69 656
6990 7276
4005 3105
5139 5250
7829 7826
3609 2755
5184 5734
6667 5866
3341 3692
5853 5068
7302 7998
4834 5269
4538 4911
2319 3042
2329 3189
5672 4933
5880 5552
1875 2017
9107 9997
77 266
9648 9333
3580 2879
4350 5268
7788 7013
42 275
3435 3170
4873 4240
7482 8325
5570 6088
8313 8465
4906 5117
2213 3139
93 354
1847 2836
7091 8033
4913 5777
5637 5071
8324 9114
3535 4236
9454 8644
7637 8448
651 1039
19 642
7291 7585
4727 4412
3132 2678
8979 8254
1102 1786
9992 9660
2947 2172
3531 3051
8881 8483
10004 9452
89 786
12 61
68 760
1838 1058
7110 7835
6833 7641
5263 5348
5046 5203
76 446
5773 5257
7319 7524
6962 6729
3096 3200
1407 1825
10799 9967
5902 6364
577 1124
8884 9676
6612 6532
4897 4288
6775 6676
5161 4256
4903 5538
9278 9220
3811 4196
9693 8944
3126 3644
4426 5261
8561 8449
2633 2093
6248 6568
3490 2779
10336 9340
2028 2404
4074 3474
7970 7166
99 431
6272 7085
901 1607
2919 3193
10044 9407
1401 2368
2859 2899
10674 9875
8750 7896
8559 8146
4873 4748
9370 8711
9381 9446
7146 6924
9884 9920
2533 2523
3718 2886
9009 8556
4332 4785
3191 2824
8490 9064
8099 7716
9429 8465
4356 4603
4169 3861
4797 4131
3986 3241
3348 4088
10208 9892
5645 5336
8020 7660
6833 5960
2939 3450
3402 2504
6537 7130
763 1472
3420 3101
2949 2154
4073 3488
3715 3510
8606 8849
2915 2564
566 1392
8935 8808
5991 5343
8118 7310
2609 3567
2874 3789
7212 7899
5137 4947
3302 3363
2633 1938
7735 7821
9116 9280
2704 2721
9745 9268
2471 1975
8451 7663
13 979
1472 1076
8247 9169
3168 2979
9390 8571
13 71
544 1233
46 417
2616 2167
2633 2759
2276 2399
9295 9670
8300 7843
4687 4525
57 420
6350 6687
6766 7682
8989 8694
6425 6682
2929 3675
6315 7297
7432 6868
1256 2169
10173 9534
8166 7210
1417 1401
3155 3268
2929 2822
6035 6849
4677 4080
8380 7638
898 1659
2304 3044
1478 1068
7784 7879
3831 4460
5977 6574
1681 1160
8922 8330
9249 9524
3241 3548
3611 4437
8977 8648
90 742
5371 5651
6901 7590
3604 4101
4716 4110
10299 9490
5157 5319
3107 4075
7983 7228
42 235
9888 9970
6869 7516
7581 8129
10710 9910
4513 4468
2393 2202
8165 8855
2285 1658
68 434
2353 2620
4933 5794
667 1224
3533 3652
3392 3977
4938 4570
10094 9758
6743 7184
4014 3281
5365 4522
4760 5615
6638 5777
9568 9370
2816 3518
6601 6268
1008 1394
7577 8067
2466 1961
6417 5937
8950 9138
8185 7360
3387 4001
517 1217
6497 6215
7820 8669
86 968
9154 9679
4476 5127
2607 3011
2064 1819
5850 6556
3541 3145
410 1333
6918 6178
9189 9637
9456 9561
4061 3954
7777 7809
6288 6130
4788 3841
7819 8753
6197 7089
3807 4566
15 797
7085 7413
4453 5068
7661 7438
7442 8008
4078 4738
3341 3685
8621 9113
6526 6906
3507 2534
5367 6023
9358 8800
5563 5341
6659 6348
29 315
648 1524
8864 9431
1230 1218
2716 2256
4306 4179
7019 6234
35 445
3424 3998
10273 9539
1107 1501
3019 2737
4456 4691
7386 6548
6158 5518
6743 6449
4275 3845
3971 3807
2346 3072
4035 3928
88 249
1951 2175
1859 2286
3727 3532
9370 9544
23 219
6058 5815
1993 2277
1875 1086
4124 3387
2334 2843
6024 6535
477 1086
7362 7884
969 1270
7470 7107
4167 4223
6962 7872
2449 3031
10307 9898
4407 4387
6931 6562
8558 7625
4898 4619
7462 7082
3395 3079
4841 5007
8157 7440
8305 7465
6325 6041
10706 9814
6447 6727
825 1814
4067 3204
2620 2242
4797 5485
6937 7228
5751 6324
1379 2200
3788 3321
7686 8660
5345 5149
44 546
8230 8466
2299 1461
3546 2972
9485 9059
3010 3063
6077 5100
7448 8405
3930 4422
7808 7724
4651 5234
2218 2064
4787 5214
2621 2870
688 1021
10232 9349
2516 3098
9118 8791
1120 1848
2489 3090
2834 2087
9511 9660
7944 7364
3778 4660
6681 6434
5579 5178
5590 6301
9567 9444
93 201
8138 7749
2396 1766
8447 8352
7752 7909
10277 9833
5768 4923
4145 5008
6969 7305
5052 5796
5323 6227
82 931
3894 3550
9741 9129
5942 6018
4581 5283
2331 2133
5751 5107
3625 3035
3915 3454
7502 7247
100 303
6521 7176
5581 6391
9789 9893
6851 7491
32 185
4924 5893
10297 9731
9180 8321
2911 2974
49 999
7161 6276
2233 3119
8692 8933
1774 1884
5865 5416
5407 5945
8332 8385
8501 7642
28 884
7719 7950
5426 4789
7467 8436
3548 3715
5277 4709
10384 9472
7909 7609
2506 3088
5140 4260
8403 8029
7410 7542
9981 9230
1284 1158
8562 9213
361 1195
9128 9713
9050 8485
4939 4201
3648 3015
36 302
3172 4022
7135 7958
1476 1311
10098 9326
2999 2348
705 1142
9082 9886
2136 2178
4074 4507
7362 6873
7901 8884
4845 4540
10245 9632
4076 4129
2176 1279
74 104
8997 8919
4337 5208
2535 2648
5738 6272
80 766
2608 2934
4455 4538
8277 7636
8481 7739
8662 7667
2413 2802
2442 2650
4145 4151
7047 6159
86 851
3124 2700
5687 5046
663 1578
4614 4701
42 1033
5367 4803
7390 7140
2033 2597
7985 7433
1825 1525
5780 4961
6265 5718
3274 3862
7414 6877
3474 3487
6834 6070
2845 2172
4951 5242
1423 2291
7426 6714
3528 4273
9416 9061
1924 1582
3085 3030
77 54
75 640
2766 2482
90 857
849 1585
3113 2338
1635 1466
6534 6081
8756 9550
3133 3814
23 68
6762 6079
9762 8816
8954 9866
9764 8950
8084 7974
61 830
7735 6887
4577 5430
9005 9796
8269 8521
2267 1762
535 1392
7591 6691
3150 2666
10102 9245
3723 4352
3706 4226
6322 6653
4364 5090
7554 8260
2967 2198
1985 2359
9278 8425
75 876
6405 5703
908 1577
7272 6756
81 575
5257 6120
1404 1893
9842 9428
1951 2505
9327 9444
9596 8906
75 410
5020 4814
3695 2873
5826 5570
8155 7296
10872 9903
6549 7191
5433 5138
2574 3241
7261 7417
2176 2054
1971 1342
5772 5492
4214 3963
8971 8643
180 1109
1036 2032
4157 4453
5845 6759
4056 3058
6839 7615
71 338
62 308
2846 1885
3018 2199
6971 6407
5988 6461
4480 5338
7900 6973
4135 4057
7104 6944
2426 2363
5107 4180
1457 1744
6840 7004
1365 1039
52 986
7371 8172
2333 2309
42 53
7378 8093
2648 2823
2154 1987
2912 2647
94 206
8067 8907
10350 9831
18 516
5903 5584
7076 6932
4653 3864
7079 7383
23 232
3610 4406
9241 8390
85 866
6495 7133
585 1174
8377 8532
16 698
2264 1410
6195 6071
7598 6772
3241 3785
5198 5790
1867 2156
3177 3645
8285 8382
10450 9916
3232 2233
6180 5373
8802 9094
8153 8148
88 523
4185 4878
10 921
8564 8256
4244 4948
2204 3095
6092 6223
46 838
4827 4271
7321 7824
1848 2219
4513 4213
8211 7763
6706 6082
7750 8735
52 436
2192 2901
22 462
6538 7392
2271 2641
3008 3462
1789 1873
1551 2306
8857 9008
3562 3704
6347 6882
1249 2210
2674 2124
6087 7060
8813 9247
5106 5078
62 683
2446 1914
1125 1834
8398 7675
3603 4403
7500 7593
9403 8443
21 283
48 662
2364 2130
7830 7454
1582 1627
4317 5056
4185 3363
673 1406
9703 9075
2787 3766
23 1008
6884 6822
5050 4783
3349 3839
5404 5793
2877 2876
1510 1698
5883 5493
8632 9446
8097 7224
10731 9891
60 629
7178 7769
7809 8291
7599 7212
31 109
9993 9703
3309 4287
8453 8263
2687 3267
95 548
5806 5485
60 732
4088 3934
7474 7835
10228 9293
9012 9977
4798 5063
7697 6950
1700 2348
7413 7637
5389 4708
6043 5430
6243 5507
81 1069
4140 4233
7985 8844
7444 8342
41 928
10676 9812
93 385
3653 3497
90 353
1152 1555
3196 2499
3778 3951
8441 9158
2880 2800
5085 4218
1733 1719
47 181
9278 9811
8693 7744
86 181
8992 8233
9568 9977
2639 2703
8397 7747
8470 7673
2019 2114
6543 6851
6641 6735
8444 9146
6703 6804
3215 4205
5276 6068
9811 9994
4013 3750
4597 4337
2992 2923
9147 8784
6006 6050
2111 1946
2119 1363
3563 2935
7199 6665
3041 2134
9376 9353
2689 2980
3866 4288
6793 7135
9927 9982
2335 1435
4799 5068
6521 5665
9601 9973
2618 2979
26 396
4370 3488
2891 3760
5987 5534
3450 3341
6219 5538
3651 3943
8883 8255
4969 5898
8282 7912
2796 3100
5500 6413
7657 7203
8873 9835
2179 2067
9499 9345
10194 9688
9633 9030
12 184
5631 6567
4329 4982
73 33
2485 3302
10014 9336
2531 2424
1235 1983
100 898
6603 5715
3727 2859
3737 3896
8629 7657
5604 4926
2982 2029
1636 2342
7625 6968
1541 1273
3020 2295
2745 2975
3366 3146
18 725
4633 4218
7230 7034
3726 3647
5468 5210
6968 7007
7493 7676
2468 1788
7142 7634
4100 3453
2277 2076
9321 9104
2295 1438
8015 8848
2032 2542
80 504
10902 9939
8330 7403
4867 4943
3570 3217
5986 6789
3032 3359
7957 7205
1978 2934
17 862
7255 7895
841 1016
8513 8951
53 814
995 1048
2638 2785
9986 9165
1856 2490
3622 3654
8624 8663
4746 4371
15 405
4054 3473
1924 1479
9870 9746
1988 2910
9233 9639
1478 1773
5793 5698
3920 3834
7747 8597
70 742
1620 2594
1064 1359
2496 1656
5747 6413
9646 9617
6586 7582
80 656
5783 5772
8338 9238
6051 6243
2560 2017
9994 9666
6152 6430
7003 7996
4892 4153
3345 4142
4269 4723
2772 2509
10037 9710
6188 5624
8805 8664
53 256
3461 3329
8045 7904
4586 4949
5307 5194
57 942
6846 7237
4867 4927
5285 6124
60 385
1698 1226
4235 3515
2722 3322
6970 6708
2022 2647
9420 9105
3276 4109
10722 9736
5571 5788
7664 8350
8761 8739
6961 6666
66 541
8918 8538
9258 8855
3265 3008
93 812
9841 9340
7090 7778
8558 9183
4935 5679
41 114
7852 7892
4959 5697
8065 8258
4627 5183
6407 6809
8691 7753
8447 8620
8827 9551
2220 3025
4654 5195
1775 1781
6030 5185
2790 3383
7724 7556
7519 6648
7130 7223
8895 8254
4353 3378
2606 2015
1028 1119
7233 7857
6645 5770
8691 8104
31 684
1668 2551
79 918
9358 9865
1461 2430
1331 1358
2068 1070
9050 9833
4313 4900
8507 9304
3933 3535
5668 5073
5029 5877
1779 1647
2424 2016
3873 3345
2691 1894
4726 3841
4023 3255
8294 8983
1291 1789
8720 8580
7349 7003
46 139
6897 7099
5529 4857
5788 5490
5331 5927
950 1520
4148 3494
3477 4253
9434 9803
39 425
5897 5089
8717 7982
8534 8148
8999 9081
10424 9857
7055 7327
7313 6568
1131 1887
608 1455
1550 2370
3347 4021
5824 5454
7616 6803
5404 5844
6437 7098
5184 5782
5006 4034
409 1353
3488 3132
4222 4032
4027 4633
7613 7910
4992 5162
54 863
3098 2227
699 1691
3380 3374
6011 6295
3573 2601
9643 8719
4918 5104
7903 7132
5004 4277
2616 2580
6705 6508
7131 6326
433 1297
6289 6319
2510 1887
1671 1984
4437 4347
3926 3390
8777 8187
3338 3401
7350 8275
56 245
5946 5889
2588 3331
6099 6063
3779 2835
175 1175
5703 5083
3319 4141
8307 7960
3678 2773
1299 1664
41 488
5476 5969
2165 1589
2243 3044
3731 3294
6935 7122
2192 2727
8932 7951
7504 7713
6801 6467
8557 8381
1468 2300
4758 4121
8437 7964
4062 3172
6927 7701
9696 8702
9019 8605
4560 5032
60 156
6410 6302
5990 6449
4571 4165
4216 4134
8590 9013
5433 5964
51 613
3436 4302
9545 8854
3650 4148
31 208
55 382
26 38
5955 6604
70 495
4842 5380
5632 5236
3596 4345
57 263
8667 9052
7830 7671
10511 9750
89 184
4318 5221
3332 3976
7188 6670
2225 1730
6972 6923
4047 4744
7332 7916
3953 3371
6954 6236
4831 4958
2978 3563
955 1213
6796 7058
3682 4671
910 1347
9938 9658
4819 4612
1147 1578
4919 5704
3158 2511
6326 6596
4415 5069
5561 4760
710 1353
3735 3421
5368 6075
1801 2222
3936 3986
8513 8874
4039 4515
10276 9974
5255 4520
8266 7300
6618 7428
1170 1332
78 982
3515 3694
5128 6032
5979 6946
8427 9353
64 532
9663 9673
10135 9740
7261 7549
4678 4402
7070 6571
4487 4282
8162 7650
74 162
5597 4804
1692 2564
3161 3903
2912 1941
4599 4693
9601 9797
78 982
8430 8908
8737 9537
10001 9532
3982 3931
10304 9501
3268 3005
1575 2381
4541 5100
625 1080
18 972
41 469
4306 5064
3213 3237
1840 1339
2829 2282
3565 2884
6155 5511
4457 4784
9927 9113
5935 6464
340 1169
80 143
4926 4643
5459 5348
1984 1345
9480 9214
4191 4803
7337 8294
3186 2232
7745 8613
7400 6447
2199 2508
6614 7437
7355 8150
2278 2050
5445 6308
5033 5344
8529 9236
5403 5383
3805 3497
3273 3686
8421 8534
4938 5811
4470 4583
8658 8264
7984 7337
6559 6536
3463 3170
1554 1651
1941 1424
6650 6291
8552 7780
9705 9546
9868 9618
8792 7817
2764 1890
4649 3688
5991 6236
1900 1135
7596 7811
8962 8262
4617 3843
8432 7606
3851 3653
4934 5629
8703 8485
6225 6951
1967 2666
8534 7778
868 1757
7409 6737
6324 6736
6785 6248
2616 2611
41 789
2187 1625
8584 9328
4221 5139
5503 4878
4131 4430
3289 3247
2687 2450
7078 7561
9987 9344
5321 4673
1451 1807
8126 8431
1499 1711
7305 7977
100 414
6730 6139
2730 2246
13 277
8959 8564
8956 9667
8058 7375
10390 9621
4074 3541
8598 8733
76 360
7227 6891
5422 4437
7810 8178
89 43
9212 9866
5446 5321
3760 3648
3616 3975
2122 2079
5092 5755
4026 4708
6374 6201
2881 2357
7231 7081
8993 8694
8337 8382
2003 1676
4320 5201
6490 5801
9783 9389
5310 4367
6243 7170
9793 9592
5976 5995
8743 8506
64 679
7574 7048
9048 9956
9787 8886
6813 6827
6286 6028
6438 7070
2737 3134
6898 7332
20 118
4117 3833
7519 7310
1771 2727
7312 6932
3667 2847
3338 2654
1635 2234
8848 9827
6459 6834
6116 6226
2478 2575
5421 5344
6133 5223
5658 4943
5691 5115
8274 8267
1674 1647
9889 9111
6878 7847
5917 6352
2620 3434
885 1172
2154 2156
6150 6080
4490 4266
1922 2048
8130 8078
5754 4903
181 1056
4674 3836
2292 2418
3451 2597
8356 8113
10818 9823
7993 7367
49 510
8104 8061
5609 4986
4115 3959
7870 8501
5776 5132
5983 6568
1199 1976
20 712
7740 7092
6275 6077
96 670
54 771
1978 2057
10502 9628
6306 5368
9971 9350
6645 7125
13 635
8612 9300
8235 8576
3774 3570
4119 3762
8486 9212
8268 9048
4161 3163
3676 4278
3942 3905
6848 7719
40 217
1637 1679
6723 5800
4804 4607
4408 4100
3928 4861
8830 9483
94 256
9244 8628
8811 9104
4776 4549
5936 6559
9162 9231
4919 5715
8021 7091
8122 8792
2812 2291
4599 5303
3950 4238
5711 5113
7661 7074
10652 9740
30 671
4222 3264
53 72
2350 2746
5409 5042
6241 5327
9157 9255
6957 7709
7493 8432
9595 8925
5836 4840
9768 9139
5141 5473
2905 3282
96 503
7076 6609
2243 1360
10191 9748
2665 3364
8052 7344
2888 3679
5487 5632
97 445
7338 6775
6247 5399
9592 9240
31 675
9722 9580
7352 7249
4306 4413
6432 6360
6512 6765
2465 2714
2620 2330
8111 8666
3518 3893
6453 6659
5830 5650
10162 9735
73 918
9367 9034
1709 2251
72 156
1952 2335
96 728
5254 4779
4778 5643
923 1889
44 203
1936 1053
3186 3240
9279 8535
4628 5268
7209 6639
8144 8031
929 1362
26 483
3810 3105
5126 4195
3870 2873
3120 2598
922 1818
8333 7925
2365 2918
2144 1628
14 40
7699 6817
11 637
7215 8057
3093 3663
5032 4798
10065 9600
4180 4432
7423 6952
9425 9993
7408 7960
10131 9532
6260 5353
8154 7839
5037 4072
5946 5949
5125 5708
9058 9090
28 99
8852 8373
9234 8347
3527 2731
1792 2203
1931 1669
730 1708
1893 2063
66 1002
8557 9228
4557 5515
6566 5719
1376 1955
8201 7548
5512 4606
7429 8145
7444 6524
7146 8015
3962 3740
3409 2807
9079 9781
6094 6757
39 489
10250 9440
9018 8042
3557 3675
5954 6449
10259 9859
6377 5663
5203 4486
2020 1481
69 233
6277 6142
4420 5376
7298 6614
5065 5575
4253 3463
3720 3941
2250 1855
4142 3176
2057 2650
2926 3763
9979 9930
6590 5727
3840 3990
7133 6792
3231 4059
10428 9839
1236 1682
1109 1489
7269 6843
7915 8804
9382 9863
9507 9187
6528 6397
2920 3739
6225 5750
8781 9750
9808 9474
2335 2325
8531 8387
6733 7177
8978 9754
9410 8835
347 1118
20 944
8246 7972
2435 1556
98 25
1986 2869
4239 4155
10262 9292
5668 5791
6346 7019
8525 8240
5769 4991
7288 7721
9570 9621
4269 3492
8943 8803
4044 4907
3924 4470
2434 3333
9553 9671
2673 3271
9151 9988
2757 3448
54 767
5941 6888
8586 9197
8499 7684
7995 8970
24 15
4371 3653
5478 4735
7645 8455
6406 6799
5650 4738
5435 5570
8557 9221
10063 9135
2962 3651
2811 1981
3521 3054
8668 8814
1211 1802
2635 2349
9423 9414
2475 1694
9556 9860
19 435
2351 2377
10052 9614
1708 1895
1623 1520
649 1263
3036 2318
7017 6864
9041 9177
5944 6870
9871 9033
48 293
600 1552
1013 1103
26 82
3848 3539
5980 6184
8290 7588
859 1644
1589 1564
5869 6814
4613 4558
5220 5274
6106 5716
7074 7553
10220 9407
10095 9775
7509 7012
6769 6257
80 880
2021 2394
7369 7535
2389 2411
5403 5780
4370 3968
3118 3629
44 274
2240 3002
6444 5737
1895 1578
4511 3832
7146 7518
5473 4630
937 1481
5363 5864
4655 4833
10017 9205
9287 8555
2506 3455
4772 3827
877 1618
6474 6819
4413 3533
8114 8539
51 607
9231 9246
7751 8566
9096 9472
1959 1056
6831 6498
334 1218
6071 5152
6883 6103
9207 9979
8075 8397
5689 6473
6082 5605
3717 3939
2922 3319
2353 2895
5354 4735
7939 8901
1386 2300
4297 4045
2356 2178
1692 2406
7718 8138
8948 9164
1803 1242
3865 3994
4343 4652
8007 8605
7926 7710
6410 6520
4665 4294
5003 4017
4016 4810
6550 6131
8241 7300
6497 6149
888 1801
6270 6263
13 311
5383 6338
7449 7470
3056 3826
3502 3622
4008 4743
12 83
10046 9877
6558 6351
9026 8239
1467 2038
4302 3379
9379 9751
7096 6820
5501 4754
3687 3543
4510 3910
91 133
3675 4418
6907 7102
4409 4963
5379 5880
7392 7649
5277 5815
3953 4826
3973 4807
871 1822
5930 6491
9053 8838
5994 6014
6495 7280
21 29
2219 2731
48 47
9255 8635
4538 5212
5903 6593
1505 1662
77 428
14 637
5488 6049
1449 1678
5695 6408
4640 4211
1827 2469
8800 9507
5176 4750
9289 9737
5870 6128
9426 8474
7286 6981
10109 9448
31 731
3816 4363
9386 8908
9676 9060
8818 8857
6359 6886
20 267
2199 2169
7865 8164
5033 6002
23 320
8852 7920
6985 7655
73 747
3592 4062
7213 7419
5702 6656
3546 3931
79 841
4514 5221
2448 2203
84 961
3211 3185
7778 7339
3667 3370
2416 2919
5230 4697
5764 5237
9642 9169
4678 4732
4707 4482
8620 8771
839 1200
7687 6940
891 1512
2707 3691
10429 9608
785 1458
3339 4169
2745 2383
2586 1872
6451 6924
5701 6570
48 453
1855 1388
7081 6125
36 79
572 1372
9669 9258
6673 5813
7357 8227
5589 5846
65 826
4902 4190
7531 6974
4608 4048
2722 1854
63 288
3060 2649
3121 2916
4943 5149
6640 7336
9107 9273
2465 2829
2172 1272
2592 3089
3686 4614
82 544
5047 5338
7611 7066
2993 3355
4928 5473
4217 4904
12 872
85 403
4375 3956
2057 2162
4439 4437
7620 7601
3615 4480
4117 5012
6053 5057
8738 9478
9056 8909
8422 9242
7803 7732
4016 4677
1838 1190
10058 9660
8670 9371
5308 5640
3454 3935
3564 3263
7245 8120
8476 8166
15 370
1266 2061
2496 2576
8499 8428
4688 5570
7041 6251
6799 6520
6008 5463
6671 6619
389 1366
9174 8756
65 16
4284 4660
5972 5177
3540 4024
5611 6176
3078 3964
10141 9669
4283 3703
6520 5708
3009 2506
4156 4057
5022 4396
4512 4857
10346 9885
7972 7983
1694 1178
1376 2142
3023 2947
1802 2232
1292 1210
9043 9371
10511 9756
10905 9975
2326 3199
3246 3001
7332 6508
6594 7114
7990 8440
596 1087
8118 8116
3342 3613
3943 3344
3399 4362
5812 6265
5428 5871
5323 5814
6419 6560
6868 6995
3453 3311
9466 8559
2425 2585
7086 6425
5319 4812
9177 8750
2410 2679
3750 3257
1585 1445
10700 10000
85 164
3485 3140
2874 2101
6285 7037
5212 4755
1441 1969
6963 6365
10471 9875
3637 2740
4594 5003
1842 1921
2268 2249
10422 9785
4820 5299
4268 4220
3250 3136
48 465
1180 1133
4699 3999
6756 6345
96 806
2880 3160
4137 3535
4964 4467
9628 8982
9069 8894
9531 9475
10022 9442
1910 2534
9265 8275
7914 7707
1807 2723
5987 5219
8386 8197
52 537
3826 2935
1704 2201
1279 1575
9184 9133
7384 6813
5661 5450
6112 5232
7236 7169
2956 3221
4958 4826
9400 9591
866 1809
1506 1104
5580 4859
4909 4104
4725 3886
34 992
9353 9477
5821 6517
33 372
2821 1948
7885 7418
4664 3770
990 1585
10476 9520
3656 3278
6935 7624
9874 9554
4589 5275
2269 1333
3491 4286
8125 8167
1017 1339
3230 3292
64 424
50 721
9834 9469
1764 1605
4002 3780
5018 5946
1761 2466
54 375
6047 6310
94 268
46 410
13 541
8194 8587
3916 3045
3039 3704
344 1214
62 763
5318 4810
4685 5415
6314 5879
1252 1610
6907 7449
7994 7341
2518 2132
6044 5226
8134 7671
3021 3427
7817 8218
6603 7485
7564 6966
7538 7345
2274 1874
5298 5282
5416 4846
8785 8809
1766 1548
8676 8379
27 882
8374 8552
4477 4399
8133 7573
1956 1954
6460 5909
6710 7589
5423 5458
5311 6138
10070 9988
2742 3126
2921 3792
2514 3202
16 591
99 341
2453 2653
5479 4499
7530 8272
10101 9447
4662 4016
1670 1477
6856 6295
3251 3223
8851 9335
9317 8757
591 1576
7814 6888
3019 2038
1281 1481
4604 4482
2921 2246
2870 3790
2296 2567
6302 7252
5059 5470
3875 4690
21 402
51 540
7669 8463
5275 5221
6542 7459
8003 7979
6917 6187
4938 4859
6164 6173
2980 2351
4986 5091
10378 9614
2379 3218
7512 6859
7027 7148
902 1800
6446 6498
8669 8697
3282 3029
4437 4800
52 376
8663 7878
9637 8945
1488 1134
5787 6099
3872 3529
6002 5623
3517 3318
4554 5011
5414 6246
6675 7117
9218 8870
7084 6090
1651 2058
4684 5566
2202 1256
4893 5844
3057 3448
40 472
972 1881
6891 7058
6995 7045
9887 9099
3071 3295
53 281
3260 2390
5018 4693
6468 5828
4086 5000
4674 5445
8177 8998
9685 9343
5801 6647
6270 7083
2638 1872
924 1195
6179 6511
4320 4999
5229 6123
7476 7696
8419 8475
2109 1926
98 40
6585 6995
3170 3777
9375 9565
9111 9117
6330 5844
8140 7206
6656 6805
4395 3411
9159 9190
10591 9616
8027 7715
8731 8051
9434 9918
7779 8478
27 434
2147 2642
8815 9474
6803 7717
6010 6437
8651 7810
3934 3402
1636 1691
6391 5479
8590 8724
6919 5961
3886 4493
2663 2352
9319 8810
2962 3408
44 827
3112 2232
7853 8827
7572 8372
9184 8615
6579 6776
2053 2095
4690 5356
10139 9442
9174 8208
4152 3378
10307 9517
3371 3543
3327 2561
7844 7565
4070 4761
4135 3329
5317 5110
8825 9648
7719 7008
1143 1954
8920 8210
5054 4946
2216 2078
9125 9185
21 548
7700 8308
5240 6084
4712 4880
3599 3959
433 1214
4608 5373
2299 3031
16 608
7065 7146
2500 3392
1600 2062
9229 8616
2752 3395
6466 5979
10516 9522
4531 4729
1686 1741
5252 4980
10489 9675
2136 2415
5165 4883
1456 1352
7079 6203
8676 9529
4693 4508
1905 1925
28 730
7424 7156
3692 3377
1670 1451
1354 1467
392 1266
4389 3514
9537 9054
6123 5849
2322 1599
5069 6064
2936 3222
81 818
4981 4428
9592 9048
2250 2483
2061 1500
5160 5433
9403 9932
8855 9447
3645 3725
3935 3791
7602 6805
1252 1796
1253 1931
7711 7250
3658 3238
6089 6883
9594 9094
9644 8862
6487 6601
1761 2391
5442 4920
7433 6524
35 625
9105 8518
2036 2769
3908 3267
7886 7042
6008 6144
1626 2527
2932 3476
8444 8308
8507 8493
7591 7003
5274 6037
7186 7760
8469 8098
3836 4829
7230 8163
5672 5315
2782 3607
7846 7779
7605 6639
7077 7481
32 643
6455 6654
3281 3560
4052 3807
8499 7782
8777 9155
3308 3745
6285 6510
3151 3062
4281 3522
8453 8720
9001 8454
3596 3378
7298 8226
6875 6557
6581 7005
370 1271
92 763
4354 5009
3661 3006
10147 9341
7993 8548
4234 4124
6988 7493
60 95
7612 6721
8990 9588
12 481
31 868
46 733
4801 4184
32 896
3151 2160
8311 9162
1851 1846
3694 2825
1404 2301
1281 1228
84 443
2175 2931
5699 5784
6756 6464
5692 4832
2520 2140
8395 8957
706 1514
3824 4095
7719 8098
7253 7822
5605 5516
5452 4788
2979 2184
6065 7052
2936 2210
4256 3945
7922 8908
1667 1308
2134 2432
10153 9889
99 367
5198 5180
10062 9096
1066 1249
2806 2401
4831 4703
2104 1133
4027 3386
7795 8471
8472 8907
72 220
5453 5346
9356 8441
6050 6382
4331 4749
6562 7338
1856 1876
4558 3675
9830 9691
5398 5738
2504 2819
2695 3386
5667 6334
2422 2731
10567 9746
18 527
8801 9136
6942 6126
9074 9975
5160 6002
2118 2221
3422 4075
5580 5526
2739 2475
47 730
2048 2227
1593 2228
10408 9520
2983 3547
3296 3024
1690 1676
5923 6322
8195 7295
6142 6411
8848 9770
2490 2905
3785 4438
5013 5732
32 911
5275 5026
4644 4548
1396 1587
10097 9766
2895 2522
8719 8527
1081 1366
9408 9422
8742 8416
2018 1138
1302 1293
6120 6418
5738 5028
9739 9022
3635 3374
5231 6028
8441 9419
8515 8511
8080 8851
4098 3870
100 329
8792 9038
55 962
6790 7020
7946 7600
2226 3075
4149 3984
6926 6221
5449 5115
10714 9892
51 446
9567 9241
10422 9804
4080 3626
1415 2235
5959 5895
2766 2261
9821 9644
94 563
3138 2266
83 268
7679 7060
3569 3533
7845 8740
4043 4463
7511 7752
3965 3457
1308 1647
10746 9834
3263 3908
4881 4239
7545 6846
4038 3851
456 1017
3064 3144
1964 2442
1964 2846
1926 2055
89 367
2300 2331
2701 3379
4585 5268
6570 7547
7767 7370
3725 4118
7520 6675
70 78
4906 4433
1766 2166
990 1847
1613 2337
5959 6743
2766 3749
9335 9068
7327 7845
4634 4276
2523 3027
4979 4317
565 1377
4718 4544
5662 5682
5614 6561
6025 6573
2138 1582
6203 7188
89 827
6536 7322
2193 1803
2362 2935
8970 8534
7564 6669
10803 9983
36 70
3789 4055
8078 8211
1782 1888
7398 6644
3205 3421
3996 3959
9280 9350
8201 8282
7246 7795
2487 1489
85 341
2556 2382
7631 7121
63 430
6618 6239
5845 6793
75 401
42 826
9377 9721
7613 8326
6115 6405
10096 9117
4092 3590
58 319
6083 6343
4879 5530
1797 2665
3741 2767
2415 2719
4456 3464
3476 2699
2585 2269
2494 3127
6049 5460
7106 7404
1940 2090
46 895
6719 7526
8377 7675
10675 9791
9603 8812
6566 5983
804 1679
7592 7711
3713 3676
6072 7046
50 906
2617 3057
9095 9057
8016 7396
5499 4587
6156 6353
55 257
4802 4010
9316 9075
10330 9702
6875 7617
4173 3585
9046 8584
1188 1731
3738 4691
4035 4931
1344 1947
26 64
2608 3175
3546 2914
10079 9807
26 704
6178 6491
5810 5618
9319 9486
6460 5656
5286 4876
1783 2623
6739 5931
7881 7731
6995 6155
2228 2512
4457 3921
9154 8222
7126 6750
5742 5452
7247 8129
4487 4263
7417 6753
8189 7519
7167 6338
5796 6589
6839 7162
1543 1678
6552 5813
8603 8227
9624 9723
8676 7815
2983 3833
7309 6313
9442 9937
5042 4380
2854 2740
6828 6648
6855 6169
6428 6133
3097 2308
3079 3027
4036 4448
5169 6159
5997 6171
6821 6749
8016 7643
5590 5237
9090 8951
2990 3134
9990 9223
5867 6327
9856 9331
7788 7755
2344 2955
8724 8399
8326 8456
1276 1923
2823 3145
9857 9876
8599 7842
7706 7287
2244 2262
9340 8820
3545 4469
3310 2538
32 608
5888 5966
8659 8703
3892 3155
5610 5469
8208 8994
869 1524
8970 9306
2197 2185
3426 3982
5483 4625
6855 6225
8142 7883
4420 3928
5956 5903
1712 1406
1856 1060
8603 7864
4327 4751
7635 8412
7208 7926
7211 7207
8140 7163
2919 3308
3890 3443
3717 3324
7114 7661
1661 1925
4869 4625
809 1424
4491 4647
8883 9753
9087 9430
2870 2565
2608 3167
6950 6504
6989 7224
5826 5079
5892 5668
6248 7156
8376 8262
4111 3749
5785 5359
4400 4045
1594 1381
8977 9664
10890 9910
6621 6451
7778 8188
7991 7367
3374 3717
2653 3434
5999 5091
7004 7155
4770 4908
6080 6786
2129 2956
7056 7947
3839 4784
4351 4000
6308 5615
7103 7957
3904 4311
5607 6298
4764 5474
716 1131
5024 5967
2804 2809
9743 9561
6547 5821
6703 6491
4279 3753
4788 4830
7697 7593
7044 7462
8066 8497
2686 3562
9364 8378
4912 4276
2120 1195
7125 6561
2355 2531
2088 1717
7189 7559
10604 9631
3309 2682
1365 1125
9416 8712
4656 5619
7682 7521
4261 3715
9498 9817
6477 6179
2959 2283
8742 8126
8330 8732
1977 1745
3902 4901
7368 6370
8786 9498
71 318
3046 3476
8587 8170
4426 4867
3429 4031
6037 6108
3999 4530
938 1161
7916 8791
1055 1263
20 721
9327 9181
3460 3155
2485 2730
5293 5261
5849 4998
8135 7523
8928 9120
7164 7751
7162 6642
5608 5385
3619 3696
5095 4254
9975 9906
4429 4051
2206 1343
7235 7134
4006 3593
7137 6797
5147 5781
3384 4293
5963 5183
1571 1432
4473 3734
12 174
3758 3809
4002 3782
9993 9279
99 749
4727 4229
5978 5330
4619 3663
2977 3851
3693 4139
7517 8393
7754 8468
3202 3900
5688 4932
80 691
6571 6006
6190 6585
6347 6645
52 535
10431 9466
39 264
5560 4605
4294 4336
1995 2926
73 133
347 1233
5776 4880
9486 9743
9293 8981
4863 5830
2130 1361
4654 4005
3173 2788
7710 7253
9309 8790
9623 8778
8754 9204
5169 5017
72 375
4057 3997
5248 4526
3023 3169
40 610
67 186
3083 3297
70 493
3573 4230
4261 4602
647 1369
8398 9275
1293 2059
9162 8804
5513 4750
8547 9447
88 664
9032 9410
3673 4043
94 867
7368 7782
8939 8109
7284 7249
3874 3020
100 47
9418 9803
7568 7181
4406 4861
5324 5536
2260 1844
2190 2297
2377 2527
4201 3693
10005 9738
6985 7459
6682 6786
5991 5854
7033 6252
2490 1699
6903 7045
1444 1805
1076 1775
6757 7636
9011 8274
62 44
5337 5260
5464 5782
6349 5983
8322 8581
4096 3427
2828 2070
10105 9441
8673 8328
42 394
9169 9268
2607 2681
6765 7598
9355 9778
6747 6064
8065 8246
1884 2351
2126 2543
1958 1942
9616 8624
3631 3617
13 79
7755 6848
4295 4153
5356 5284
4841 4018
6848 7190
3481 2539
3292 2681
10062 9440
5476 4805
5154 5249
3211 2337
39 75
2342 2147
10093 9822
9393 9847
19 177
8758 8366
3440 4202
9352 9004
97 656
9248 9463
4556 4965
6286 5784
1814 1143
1052 1316
5540 5633
2978 3402
3363 3369
1811 2580
5180 4320
7094 7703
30 768
1794 1566
4654 4404
4043 3177
3496 3218
2083 2212
5381 6334
6792 7633
3323 2471
9029 8303
8747 9206
9175 9798
7979 7164
6361 6045
33 652
22 318
2254 3219
83 937
2713 2713
62 765
9083 9161
9041 8459
5778 6698
6363 6953
10222 9506
3834 4008
7705 8032
8823 9293
1865 2349
3033 2802
3182 2227
1529 1388
2282 2117
3255 2586
6448 5629
81 74
7395 7368
9636 9196
362 1011
6806 6467
1662 1548
82 554
9212 9306
92 533
6452 6042
80 630
48 838
7736 7977
10108 9476
94 253
2526 2290
7879 8005
5972 5107
4867 5101
8975 9291
8557 9455
9099 8468
4459 3599
3996 4129
1810 1492
2288 1906
6443 6584
4974 4715
20 138
7778 8049
2590 2914
5754 6355
9794 9160
6967 6864
54 509
2477 2808
7962 7738
1679 2329
50 648
3263 2968
6819 7194
1984 1877
7755 7694
1263 1019
7609 8074
9825 9845
6481 5572
2505 2230
67 498
10048 9772
8288 7567
2307 1480
5995 5293
9947 9272
3064 3657
1817 2154
2120 1417
3379 4044
5297 5513
6503 6048
3243 2353
5649 5934
22 183
77 292
7749 7139
3120 3269
8932 8303
9186 9850
7489 6548
7772 8234
7089 7963
4360 3924
2427 2122
6058 5931
406 1096
6277 6649
6694 7194
4250 4464
6269 5503
68 276
1270 1824
63 417
1530 2285
25 175
1724 1675
7128 6511
6405 7336
4407 4482
7967 7207
7714 7282
5514 6185
9720 9240
3901 3390
8365 7910
5300 5902
5976 5590
7986 8711
4960 4207
3959 3954
6026 5296
2670 2313
7180 6751
4949 4294
4361 4147
1231 1932
5281 5871
5413 6236
9517 9274
6593 7237
1760 1331
7931 8293
6921 6314
6403 6638
3628 3422
4943 4603
2105 2764
2305 2596
930 1675
7964 7199
586 1369
1153 1347
7968 7323
3822 3897
5365 4760
6552 5878
6573 6062
1121 1826
43 580
7943 8408
91 519
9736 9182
2353 3074
6714 6682
3879 3830
5003 4266
3236 3476
4985 4630
9037 9188
1980 1186
7970 7009
7348 7102
82 722
8902 9221
4381 4963
5724 5459
3612 4455
44 252
7339 6878
3000 2407
7183 7018
3496 2626
8186 8721
9427 8873
8910 8528
2360 2476
6970 6761
6236 7033
2014 1463
6449 7224
8262 8099
8939 8675
8553 9152
7311 7313
5044 4588
7747 8205
5368 5922
9284 8825
9368 8838
8969 8461
9346 8436
3033 3575
7374 7036
6998 6926
5473 5082
51 627
2173 2181
2557 1638
26 519
29 994
4213 4507
2839 2177
5098 5363
4179 4614
7379 8098
2413 2386
6590 5831
1666 1115
75 96
3959 3267
43 785
9885 9449
6195 5668
74 544
8663 8214
9815 9466
7569 7080
3880 3853
8056 8189
2435 3350
1316 1355
3405 2565
4226 3431
2982 3614
40 498
9984 9707
8285 7536
2597 2167
9050 8672
10019 9731
5859 5320
7708 8477
4688 4304
10480 9711
58 715
6999 7007
7917 8245
8926 8571
66 76
9123 8824
2611 3591
89 779
1770 1047
1716 2597
3602 3068
4968 4572
4693 4034
3048 3832
30 352
631 1464
4219 4199
1813 2365
1901 1255
5236 4673
5030 4686
8443 8573
6920 7655
2038 2348
1863 2227
3693 2828
6232 6951
9233 8921
9542 8685
95 460
5472 5150
2635 1941
9019 9928
8345 9153
2207 1367
5577 5063
87 728
3916 3011
2399 2727
47 827
74 937
6542 6678
3269 4166
6924 6727
4457 4273
742 1509
8121 8779
7488 8366
13 953
1339 1148
4458 4501
5695 6105
3748 3964
8726 8456
8266 7482
3468 3075
932 1164
3607 4403
7956 7329
12 488
2873 2601
2846 2401
3220 2555
55 746
5508 5156
8150 8939
73 19
8768 8456
4901 4003
8957 9365
4969 5808
1625 2133
1827 1230
3499 2835
1390 2117
2040 1267
2947 3009
4203 4717
9568 9057
2432 1556
7080 6239
4940 5809
9765 9000
5551 4744
48 457
7498 6519
5984 5807
40 93
22 562
1442 1426
5662 5255
7074 6599
1022 1095
5848 6139
1459 2114
5183 4608
2055 1869
38 64
5720 5918
8611 7931
4996 4721
4371 4685
5559 5625
1807 2498
3410 3793
1031 1608
27 589
2619 3464
2419 1974
5584 6521
5318 4833
2998 2256
4304 5216
5150 4210
4164 4451
7170 7837
8045 7931
6362 7291
8971 8262
8721 8829
1679 1171
9603 9099
4128 4834
3324 2690
5711 5594
3309 2537
4429 4536
5036 4973
6849 6564
2535 2271
948 1818
2220 2852
6946 7369
4196 3227
568 1323
1181 1986
19 187
4695 4941
9019 8184
6444 6913
4122 4091
20 587
6987 6026
8269 8622
5555 5931
3583 3994
4606 5510
8413 8156
3373 2973
8183 7208
7457 8036
3812 4483
7802 6858
3305 3738
512 1144
8437 8298
2810 2907
7999 8825
1004 1263
8361 7531
3680 3487
8768 7814
3881 4439
9154 8925
7029 6123
4103 4405
10361 9600
9061 8074
7681 8000
4043 4674
5084 4381
4741 5614
9473 9267
6921 7616
7331 7880
9418 8721
2871 2610
98 845
9862 8910
7105 8074
4205 4865
6057 6766
4769 4205
6112 5489
2608 3104
299 1288
4853 5132
5055 4959
8146 7766
7454 7250
3721 4323
9178 9415
7444 7805
4485 3986
4213 4733
4601 4730
43 73
7262 6781
36 210
2910 3582
6376 6585
3395 3083
4087 4800
1080 1055
7889 7332
9238 8878
5234 5666
6066 6169
2048 2203
9042 8396
5413 5370
9070 9457
8673 7746
1311 1581
4192 4403
5245 4875
2057 2807
5725 6557
2825 2638
7557 7804
6084 5880
9944 9956
1956 2829
7407 7222
340 1149
8734 8475
704 1228
9883 9778
5910 6493
6292 6063
9770 9014
4076 3550
6928 5973
960 1286
4959 5028
7312 7985
9275 9720
4679 4394
1729 2319
6023 6686
7856 8429
5646 5510
10025 9906
4495 3511
4877 5420
1554 2534
3199 3444
63 1010
9388 9721
4023 4380
3599 4477
2467 3304
5531 6185
3500 2754
3380 3753
4824 4536
5991 5162
2634 3343
1957 2777
4345 4927
1994 2015
5165 4878
3732 4569
6174 5360
41 369
6077 6910
4274 3771
10332 9734
5028 5672
7825 7561
3060 3266
3086 2180
2821 1942
2189 3114
86 904
4109 3483
6226 6878
6270 6015
89 129
5697 5571
2780 3457
3036 3239
9621 8995
9570 8766
1571 2262
8357 8683
36 754
4722 3852
3304 3717
2187 2113
3655 3122
5313 5605
5985 6436
7756 8560
643 1334
3753 3823
3725 4384
3960 4941
7801 8097
3168 2773
5932 6270
6393 7104
81 922
6093 5617
5735 5817
5459 5699
2731 2625
1543 1400
5521 5393
4262 4901
8076 8896
4012 4199
3981 3507
4523 4709
7118 6791
2477 1496
7728 8147
7658 7232
3273 3507
7447 8184
9439 9080
3837 2857
43 154
35 665
2485 2286
2678 2125
8144 8470
5498 5853
8547 8164
9123 9254
10115 9117
2809 2838
9370 9235
4261 5218
5494 5495
9183 9213
4814 5061
2749 2392
7639 6868
6272 6835
6001 6170
4069 4068
2100 2245
4786 5656
51 954
98 969
5068 4232
5179 5524
1428 1856
63 806
5549 5748
5591 4723
749 1321
7005 6972
83 118
91 701
4727 3901
7314 8013
1224 1599
6365 5839
8709 9086
9027 9372
80 110
2186 1774
1787 1267
5654 6016
2742 2651
5878 6824
2963 3036
9768 9981
8722 8377
3280 3315
7268 7219
2256 2851
5797 6453
10332 9553
6320 5903
10004 9323
3153 2636
16 945
6208 6625
8563 8233
8193 8291
2534 2432
1521 1083
4222 4257
2793 2591
1660 1225
2003 2625
4997 4391
9038 8135
2984 3436
5900 5458
590 1392
6658 6723
2486 2481
2313 2656
2569 3051
7554 7669
4054 4333
4999 4704
10337 9774
2547 2032
5882 6661
9642 9990
7015 6572
80 141
6711 6645
8939 8169
10349 9764
5415 5065
4848 5825
9713 8820
8890 8470
2468 2258
3075 2343
4789 5253
6459 5506
5730 4835
1890 1258
5268 5945
1622 1843
7983 8948
20 158
7200 7058
1815 1847
15 214
4253 3976
1833 2260
316 1186
1554 1833
9582 9622
2023 2769
8686 7971
7768 7322
3408 3456
2213 1815
3178 3025
1770 2427
1608 1658
3212 2755
10081 9401
1752 1458
2919 2643
625 1469
53 765
3148 3637
2585 1912
6711 7154
4700 4208
8026 7531
6876 6394
3444 3231
7790 7481
3027 2393
5877 6554
6771 7264
5230 5971
8364 8202
9363 9771
5072 5971
10470 9883
1150 2011
7917 8748
7332 7946
3064 2514
2209 2790
4564 4024
5960 5893
981 1027
6999 6005
7053 7602
2356 2040
1341 1827
723 1361
7484 8411
8361 8358
83 791
4463 4429
2357 1919
7639 8441
4122 4706
4933 4987
5527 5255
5636 4772
2026 2456
63 657
6721 6407
8758 8212
5285 4705
7958 7576
5449 4691
866 1384
65 175
4860 4500
29 387
7799 7388
7022 6842
4260 4042
7215 7584
9775 9868
5089 5509
7038 7698
2922 2419
62 42
6632 5669
4273 3871
5983 6389
9007 9680
20 100
1206 1656
8406 9016
10025 9058
2141 1166
4946 4840
8099 7399
9036 9471
2085 2379
65 870
69 271
3553 3607
6469 5754
6609 6472
5523 5080
10295 9539
6924 7491
7360 7090
7536 8020
4506 5456
99 466
2924 3105
4003 4857
8385 8499
1402 1415
7918 7165
216 1190
10123 9700
3478 3022
4118 4789
10370 9894
8439 8301
42 751
4760 3797
727 1691
8648 8612
6287 6438
4521 5435
9002 9439
6886 7523
5912 6484
61 537
5166 5675
259 1138
6508 7321
8591 9490
27 28
9371 8773
9879 9685
4615 4901
9221 8983
7539 8499
8115 8026
9268 8465
8468 8885
8071 7838
2083 2460
484 1047
96 432
5120 4894
5435 5525
4576 5340
9702 9123
5108 5457
10834 9858
7276 7668
4911 4858
2554 2088
3576 3061
6461 5620
4321 4510
8770 9648
5918 6823
6559 6158
6437 5493
7426 8037
4863 5844
8811 9752
9058 9082
7056 6982
1139 1398
3353 2851
1768 1520
91 521
4669 4126
6557 5847
8410 8202
7768 7132
7924 7958
3927 4697
10927 9950
2800 3303
4199 4233
6362 6507
56 637
7914 7651
5238 5785
1040 1916
5433 5089
3584 3971
4523 5294
5101 5426
4559 4921
3851 4280
10206 9717
1776 2700
5820 5722
4375 3506
3035 2038
5468 6152
4043 4704
3302 4274
909 1769
5331 5194
6151 6628
7803 8391
6930 6311
7693 8144
2477 2492
52 745
10041 9710
7870 7083
5840 6368
634 1519
4316 4996
7482 6606
3207 3644
24 405
7241 7634
1904 1453
9358 8463
4581 4055
6527 5695
7262 7876
17 831
5708 6027
1244 1510
5265 4427
1464 2138
3777 2948
6810 6241
2050 2945
10431 9960
6110 6694
3701 3049
2507 3470
85 672
10157 9558
4395 4501
6921 7902
6909 6930
7314 6636
6370 6471
4771 5617
2714 2589
7163 6547
4950 5931
78 784
1345 2187
3249 3112
7890 8677
6536 6146
5037 5988
9023 8781
4826 5660
1653 1046
12 350
7838 7816
2577 1751
5205 5284
2689 1947
3426 4190
2463 1913
8821 8480
3832 3701
841 1677
8874 9367
1769 1244
7263 7567
76 640
9754 9846
6654 6079
4222 4332
6506 6630
8513 8234
6255 6617
9854 9247
5586 5067
2020 2995
1514 2496
4910 4098
4128 4616
4666 5653
8572 8628
2414 2512
6157 6369
10398 9404
5705 6558
73 303
1525 1218
6788 6772
6270 6798
7708 7590
8394 7612
2635 1833
5363 5002
2166 1758
9709 8853
10541 9635
10293 9765
1838 1421
4417 3422
3925 4732
5636 6537
1462 2290
6429 6661
3233 3797
7879 7804
8023 8435
978 1077
9104 9386
4270 4940
6205 7164
4110 4707
3849 4385
246 1196
4632 4527
3400 2832
5199 5769
5744 4810
5791 5481
1624 1620
2230 1477
69 775
6605 6804
636 1114
28 677
10197 9818
8802 8709
49 590
88 217
2112 2857
2845 2702
12 776
28 574
4572 4301
7253 7597
3820 4413
1893 1637
2621 1990
4590 3868
19 387
7919 7517
10166 9800
1206 1518
3157 2998
4602 5239
8437 7923
5763 6163
5078 4995
9112 8198
8698 8027
1253 1916
4245 3558
2668 2359
5177 5423
54 368
6856 6151
5894 5236
7323 6467
5852 5422
6419 6752
5116 5799
9637 9876
10333 9423
4086 3709
4867 5011
6170 7029
9027 9916
7158 6932
2699 3632
10015 9829
5286 5428
3413 2849
3908 2952
9157 9518
3319 4186
6530 6099
3116 2952
2298 2093
34 760
6935 6719
73 693
37 684
88 184
8736 9312
9453 8756
8375 9047
3234 4225
9052 9135
7772 6824
5541 4748
9504 9547
5324 6023
8454 9375
6043 6671
4832 5028
5567 6162
4044 3501
2856 3422
2318 2077
6349 6745
3582 4281
9495 8865
4948 5342
7814 7144
1100 1204
9658 8956
7868 8334
1531 1066
10026 9936
3382 2547
7727 7507
5130 4388
5702 6252
4495 4534
1384 1913
1061 1231
2180 2180
2832 2959
8867 9410
9964 9385
5494 5513
7237 6722
5357 6077
2983 3372
4718 4651
5240 5257
8699 9548
3315 3521
5169 5878
6230 6996
1399 2006
9827 9264
5300 5418
8947 8256
2787 1830
7428 6840
2946 2076
77 817
3935 3893
40 701
4241 3255
603 1240
1995 2171
57 967
7514 6855
2051 2036
1809 2526
6225 6491
8359 9332
8713 9235
6207 5287
6211 5974
8095 7690
7460 6508
7170 6231
2692 3174
8963 9283
67 46
4910 5484
41 480
6541 5565
6345 6839
2160 1212
5640 5129
37 42
2599 1988
6925 5925
3552 3377
6595 6091
72 466
12 898
6288 7073
939 1131
1251 1033
9774 9564
1136 2040
10768 9844
4716 4604
7674 7317
70 344
7711 7625
4113 4007
6688 5710
8627 9283
4545 5038
9064 9770
8464 8079
10063 9283
182 1072
9493 9071
7039 6061
4688 4071
6362 7218
6558 6672
43 387
90 562
6565 6161
4095 4579
4196 4574
2244 2450
6106 6191
1771 1741
88 229
2376 3043
3848 3540
6039 5552
1322 1366
2523 1738
50 289
3149 4123
74 779
7033 6926
9897 9559
8624 7762
3083 2942
7709 7105
4084 3407
1553 1428
9335 9585
1653 2281
24 248
8227 9018
7202 6716
5463 5513
2289 3036
933 1267
5648 6138
6810 6448
4756 5444
2394 3322
4343 3395
4869 5449
8474 8198
2517 2176
7435 8129
9856 9194
8780 8076
6644 6323
3052 2694
974 1555
6120 6285
1447 1247
3329 2651
95 149
3959 4257
39 386
2735 2075
8843 8697
5120 4190
5632 5021
4115 3503
7081 7969
5165 5633
7024 6101
4184 3306
2992 3954
7922 7813
21 640
9805 9245
9000 8990
1528 1078
7991 8065
1923 2497
4848 4762
1063 1306
7065 6370
3963 4418
5154 5196
5286 5353
8782 8084
570 1166
6767 7443
4728 3994
4911 3984
8505 9234
6072 5286
664 1421
2927 3744
51 530
4155 4073
6185 6463
7574 6924
2830 2397
2061 1817
9420 9365
7479 7287
1736 1275
7275 7010
4336 5142
96 446
4571 4510
2873 3023
3624 3002
2997 3622
171 1011
3037 2105
6281 5630
8852 9766
5194 6178
9208 9039
5327 5066
372 1063
7943 7741
8028 7615
1069 1638
75 784
10235 9926
4695 5620
46 292
61 96
3373 3981
6710 7049
5717 5798
5612 5693
3672 3641
7822 7830
2367 3177
2650 2568
2944 3419
7936 8168
8327 9243
7870 8436
6486 5751
32 764
8246 8640
3712 4598
2338 1618
9535 8836
8011 8603
4159 3722
1912 1965
8362 8636
1065 1394
7232 8033
75 65
8333 7428
4305 3933
7155 7673
8040 7252
5338 6146
5805 5960
8391 9266
2700 3172
7812 8536
5036 5696
3213 3686
1432 2300
2619 2349
1901 1272
13 552
7835 7112
4160 4495
7351 7679
2681 3463
9260 9091
5626 5271
9134 9751
3422 4147
100 382
9403 9753
7420 7577
5833 6254
5786 6160
7238 7067
3928 3715
1930 1399
5689 5001
5814 6538
1855 2301
6105 6571
2696 2012
4907 4108
2210 2230
3878 4645
8842 8233
6867 6019
4787 5464
5357 4840
10011 9259
4638 4664
3905 3123
10354 9512
64 218
6725 7066
7721 8001
8419 8572
1405 1704
4233 4441
5518 4571
4418 3646
5903 6010
4699 5166
5965 6056
8743 8424
2593 3397
3110 3737
39 44
7282 6826
3615 4154
5706 6334
6271 5877
6212 6392
4804 4509
1624 1065
2241 2991
4553 3847
9027 9185
5466 5361
8997 8329
3083 3835
1923 2080
6995 7748
4598 4727
4591 4123
4696 5317
5796 5148
1948 1315
7566 7103
3719 3046
2424 2523
10245 9348
44 338
9063 9192
22 123
4052 3310
6154 5557
8700 9120
2913 2530
8640 7892
688 1499
2216 1990
4038 4986
2411 2605
8582 7822
6181 6391
2804 2100
9634 9295
3280 3940
10089 9818
84 689
9070 9528
5204 4484
4274 4954
8722 8750
10313 9403
6701 6236
6258 6869
7830 7667
10449 9607
9654 8802
7457 8241
4602 5460
2523 1795
5667 4913
5407 5036
5353 5388
711 1202
2968 2712
5690 6239
8038 7311
2665 2918
8559 7749
2566 3214
77 579
3723 3410
6581 7199
7947 7705
765 1184
3550 3939
9895 9937
8295 8067
5688 4777
3632 3232
5522 5803
5291 5216
5894 5524
4744 3978
6693 6596
6955 6654
1839 1888
2157 1388
806 1757
2749 2756
4903 5376
7999 8608
2679 3309
1970 2152
8242 9109
1839 1651
36 219
5568 5890
2212 3066
4213 3565
6433 6567
7997 7833
44 448
7120 7215
83 622
7575 8272
4459 3839
3243 3110
4269 4809
2526 2223
6414 5684
4840 4246
2403 2868
1203 1907
1706 1704
9421 8777
23 408
6108 6244
2684 3091
7500 7835
2352 2434
93 165
9386 9577
96 205
14 436
19 532
3033 2653
9352 9147
10240 9708
1968 2331
7290 6961
3036 2632
1630 2057
2565 2158
4030 3264
1494 2175
49 519
9030 9110
6937 7132
10175 9968
10372 9491
2335 1899
7903 8294
6100 5522
7871 8164
7152 6508
5682 5097
6322 7224
1779 1964
8546 9266
8956 9575
8347 7349
91 417
6308 7234
6970 7602
9145 9964
8901 9447
4075 4931
6046 6528
46 708
1940 1966
7360 7177
558 1169
2371 2247
4043 4924
55 822
7581 7645
6145 5236
6242 5308
5398 5564
6500 6421
3422 3356
2729 1870
8726 9672
5664 5205
9114 9845
9252 9917
1785 1622
9109 9255
2533 3240
9281 8713
5230 5136
8453 8150
66 219
8113 7431
3022 2625
4075 3294
8625 9500
9604 8673
4372 5034
10070 9752
99 264
5814 6625
8775 8438
8820 9354
5422 5194
4236 5116
10 158
6594 6265
5700 4866
9802 9701
12 430
7292 7117
1210 1611
3771 3423
8849 8892
2854 2984
7044 7296
3142 3724
7550 7772
612 1295
2210 1779
86 516
9047 8225
4083 3433
2953 2646
9638 8945
8381 8094
4063 3532
4776 3902
4558 4007
3746 3751
10007 9082
7657 7346
5335 6325
2370 2224
5395 4431
3632 3067
9589 9328
6348 6741
7901 8087
10689 9791
9265 8757
8485 8864
5358 5781
6242 6769
8286 8389
8504 9128
3041 2431
7819 8319
8199 8041
3078 2449
6558 6427
1757 1697
7509 7401
2492 2113
7676 7657
1721 2603
8057 7508
9091 9042
9802 9061
3894 4505
3475 2937
5057 4089
8436 8789
3429 2870
4792 4473
1182 1998
8903 8000
6677 5733
4553 4660
3776 4040
2419 2341
5239 4560
59 818
5080 4695
92 724
3614 3452
10770 9866
5311 4593
6783 7146
7381 7095
1682 1426
6437 5811
4322 5055
8404 7889
1152 1381
4429 4133
7806 7042
8122 8356
8766 8991
5656 5183
9515 9197
10 706
9368 9525
7594 7546
2205 3173
6665 6408
3326 3878
2797 2228
7811 8306
2480 2396
32 803
10235 9623
8817 8823
4130 4486
4004 4011
2460 3378
2881 3365
4389 4320
5747 5941
3733 3528
2470 2352
8108 8689
8854 9369
99 83
8899 8805
38 375
6313 5803
3164 3633
6693 5809
1944 1186
3046 3891
1338 2138
2019 1786
6992 7845
3702 3955
10600 9985
6755 5946
1899 1308
9585 8596
6646 7110
6418 7124
5033 5878
6962 7652
10 486
4054 3749
7188 7459
3041 2998
6394 6391
2401 2107
3103 2937
6944 7879
1475 1045
3857 4145
8960 8241
7725 7704
3150 2295
1176 1941
4126 4790
8248 8930
7634 8345
5794 5898
4709 4756
1434 1338
4010 3364
2747 3533
8439 9241
2302 2159
2506 2815
1684 1379
7158 8081
97 482
5460 6406
5758 5136
5332 4921
7181 6493
8372 8880
5047 5688
2785 2287
82 913
2017 1516
10552 9555
99 813
5784 4911
7685 8650
47 212
5051 4382
5680 4802
67 472
5747 5835
4343 4230
13 277
7809 7794
7476 7726
3940 3331
3880 4094
6742 6992
1494 1690
5671 4899
6515 5958
5699 4713
8702 8956
3428 3728
10614 9885
2155 3139
8251 7358
6400 6225
25 880
2247 1667
8069 7412
2995 2148
2618 2626
7631 7427
7776 7455
1969 1924
8232 8271
4503 3891
6813 6868
7340 8311
47 78
8110 9101
5381 4471
6830 7609
6918 6059
9666 9695
1879 1646
2984 2060
3159 3423
19 911
2773 3581
7149 6990
2541 2774
4234 4485
4020 4162
6150 6413
1710 1251
3244 4056
6849 6471
4773 3976
571 1296
9860 9284
2540 2217
5229 4833
7427 6789
959 1278
2644 1848
5825 6068
89 337
4397 4067
9275 9858
100 253
79 544
8292 7612
8197 7752
5894 6258
3327 4105
1987 1262
5009 5268
1395 2062
3244 3477
6561 7509
10171 9350
9895 9315
4273 3827
4060 4602
49 36
10780 9839
4807 4254
5053 5808
6176 6496
3510 4254
2698 2484
9547 9382
6087 6300
6657 7017
6668 5768
6927 6379
7031 7044
5878 6299
46 375
3737 3130
2610 3461
6622 6155
5292 4538
9450 8514
4333 4137
4428 4699
1710 2080
5197 5940
6706 6886
382 1326
8404 7868
4483 3849
8703 7955
5375 4753
8287 8097
1061 1244
7298 6473
8519 9095
3553 4127
8357 7362
9078 8268
9822 8879
4744 4084
6983 6250
5434 5495
58 998
8603 9214
97 197
95 612
9181 8677
6258 6186
4217 4545
40 631
8653 7793
1608 2277
1751 1713
8092 7328
7869 6971
6745 7335
7880 7537
9165 9346
5288 5984
9012 8671
8799 9174
3144 2497
4897 4586
5981 6625
9036 8955
63 182
10560 9716
427 1352
8618 9196
8331 9104
5943 6850
60 474
12 928
3873 4516
1775 1028
61 913
5038 4189
4722 4821
8877 8017
13 186
3316 3987
5712 5576
6382 6776
3651 4583
7770 7650
1959 2633
7048 6564
4724 5719
6261 6073
8632 9541
6437 5611
6415 5595
5419 5267
5758 5615
6855 7726
6219 5383
10555 9854
10209 9768
2607 3266
7919 7351
7030 6444
10294 9801
1626 2135
9254 8572
4645 3742
9450 9710
4102 4327
7089 6440
40 920
79 984
903 1589
9100 8680
1678 2634
2806 3549
3927 4534
3556 3766
7591 7165
3147 3288
1388 2265
3960 4001
3234 3379
4362 5259
1290 1576
93 380
9474 9679
4284 4275
9564 9667
2528 3285
3252 4136
6403 7203
16 473
5992 5156
56 10
7259 7096
8970 8623
4582 5294
71 20
5708 6253
49 455
4897 4649
4344 4680
4694 5261
9312 9594
8408 7516
2583 1626
645 1095
3022 3915
8599 8909
8735 8899
6497 6441
7645 7247
14 58
3979 3076
6889 6567
4057 3718
4083 4074
6411 6542
3758 2914
3096 2459
7790 6948
35 616
6660 7388
1244 1889
3031 2100
8258 8111
5488 4992
6090 6307
8368 7681
4410 5396
2573 3278
5743 5380
1529 2261
17 947
4815 4657
7767 8207
8860 8132
1563 1153
4327 3681
4464 3843
5040 4079
9553 8630
8810 9655
7257 7652
2470 2908
1731 1573
975 1273
2333 2606
4883 4858
3956 4286
7712 8041
7963 8435
7392 8355
7711 7959
8628 7959
65 538
3931 3939
6777 6726
6931 7774
2635 2399
1799 2232
5051 4204
2129 2329
829 1490
6657 6083
7752 8319
1416 1462
21 975
7163 7562
1861 1513
5443 5981
6059 6925
5248 5264
6625 6470
9004 8313
2370 3277
8107 8958
77 994
10343 9913
9048 8124
86 186
8118 7918
38 385
3753 4731
1984 1956
4126 3400
18 545
8178 8507
9162 8484
9623 9294
4030 3094
3336 2548
4546 5129
5667 6176
7829 7765
8942 8163
8304 9055
1837 2225
7514 6979
18 297
5915 5679
25 924
4536 5199
495 1070
6668 6301
7298 7209
4174 3328
398 1209
6859 6694
5655 4736
3114 2839
2235 1991
7961 8507
6218 7091
6220 6037
5490 5216
480 1217
6452 5882
3896 3086
2717 2414
5891 6889
41 154
6228 5382
8000 7322
8044 8266
9548 9129
8939 9447
4672 4817
3531 3674
3771 4428
8718 9021
4395 4528
2028 1845
3226 2289
2529 2645
3195 4079
7500 7347
10302 9719
9246 9459
8282 7429
4699 3907
3569 3529
8347 8773
5834 6323
9008 9457
1608 2449
1596 1403
3725 3826
8683 8509
9197 9169
99 740
5746 6185
66 643
8079 7183
4853 5794
36 27
8841 9041
3167 3699
9604 8803
9582 9535
1827 2171
1265 2114
7124 7580
560 1535
10567 9900
9560 9680
6529 6903
8741 8571
8361 8062
21 553
5073 4251
3454 4081
6596 6530
8885 8652
610 1160
70 886
596 1306
54 253
1971 2500
4589 3722
8896 8883
5085 4130
8928 8128
33 496
1973 2179
9309 9497
1261 1614
6035 5747
5639 5677
1670 1053
62 203
5800 6407
7468 8443
3851 4725
5073 5938
4912 5466
5014 5095
9404 8483
4467 3599
748 1442
1407 2031
1437 1088
2598 2150
4185 4005
3103 2136
8679 9104
5346 4669
7838 8392
8090 8225
9152 8203
24 366
8576 9439
7647 7575
558 1441
6999 6627
4379 4680
6289 6316
5590 5028
3212 4187
2052 2236
7090 7688
2413 3244
3435 3097
6463 6303
10577 9737
3803 3625
3719 2821
2059 2986
4625 4751
8046 7879
4285 3466
6524 7106
7038 7496
2701 2644
31 181
2873 2166
3716 3394
1365 1610
3703 2784
76 741
2775 3518
5030 5983
6270 5888
3496 3314
2306 3233
27 262
4881 5090
1524 2401
6551 6923
9302 9447
4617 5592
782 1728
2624 3120
55 350
2777 3564
8300 8989
4618 5552
1590 1662
9321 8843
6866 7364
6592 7376
8015 7490
4426 5039
5249 4410
8492 8705
94 947
10049 9653
6389 6954
4403 4451
7178 6643
1908 2426
910 1051
827 1693
5680 5384
5715 5013
4373 4899
5166 5355
3635 3418
3250 3544
559 1233
5860 6844
10331 9808
10279 9708
7959 8819
17 290
6196 5858
3962 3753
9779 9691
49 166
6299 5351
8434 8743
9481 9504
3894 4656
3656 2817
6240 7171
2787 3329
8432 8889
9739 9611
5033 4910
8519 7885
1831 1203
1941 2224
8276 9173
9297 9883
7524 6901
3946 3832
8486 9368
10189 9534
2712 2702
10051 9400
2008 1084
4543 3927
37 756
8197 8225
7018 7846
7376 8053
5836 5563
9112 8751
7611 8531
5591 5385
42 154
9625 9760
10105 9144
3819 4305
4985 4893
6220 5390
6210 6040
413 1307
5816 5355
7064 8052
3001 2410
6404 6690
3728 3257
1900 1746
6743 7310
6181 5805
4482 5041
10105 9443
9640 9604
7612 8089
3330 3433
5216 5253
8088 7889
12 814
2587 2815
8178 8433
3070 2814
5936 6560
3940 3520
7697 7770
5538 5101
6802 6310
2956 2292
7329 8199
81 569
6180 6818
4044 3235
5803 5053
7626 6796
6687 6695
7817 8051
6884 7329
4648 3886
4679 4151
5083 5740
7345 6724
6298 5851
51 217
5319 5261
2739 2054
8382 9294
5872 6688
8575 8607
4242 4030
1767 2586
38 781
1121 1307
55 301
5771 4880
2455 1601
6749 7111
3635 4465
4183 3660
9880 9484
1331 2230
8861 8153
62 488
5542 5056
9066 9369
4741 4214
6951 7406
4583 5444
3216 2749
9143 9747
47 574
1994 1011
7680 7256
3432 4429
3784 3414
5759 5760
4047 3739
7433 7664
3159 2863
3648 2933
3690 3435
8183 8845
18 583
68 419
8358 7924
8041 8194
8555 8160
14 972
1621 1113
4810 4097
9871 9749
60 379
3712 4690
7349 7988
97 919
3139 3897
8139 8147
6048 5824
9159 9057
5370 5842
8165 8396
4254 4604
5431 5642
3670 4213
5591 6271
5112 5030
8873 9034
1257 1573
8681 8268
1318 1612
9342 9787
52 77
9730 9210
4840 4225
8923 9606
56 534
6468 6513
3092 2934
9685 9931
6974 6887
3117 2614
2947 3273
7758 7079
1457 1331
2398 3164
6230 5403
50 402
9622 8753
3327 3093
8714 7755
9107 8638
3059 2816
10208 9682
6794 7774
6479 6471
76 716
4341 4615
2355 3134
4347 4516
3410 2910
2835 3786
6073 5507
7674 7832
8476 7489
2820 1988
6123 6074
4201 3440
9641 9073
34 852
24 813
4138 3792
7198 6736
54 814
16 922
3422 3494
7767 6881
8532 7679
4223 3683
3231 3614
44 193
8659 8560
9113 9945
6792 6219
4698 5603
6267 5959
2233 1605
669 1286
3103 3294
2064 1681
7334 8041
7356 7173
3289 2731
3239 3160
1755 2019
6813 6429
6900 6204
7877 7890
4533 4180
4570 3886
7957 7542
6848 7405
62 133
6590 5796
7378 6967
7668 8312
4593 5418
6835 6159
2571 2597
840 1776
8939 9486
5794 5961
6521 6346
3987 4706
67 485
3759 2918
12 655
2918 2062
6352 5904
1506 2129
84 801
1683 1160
8484 8440
8912 8003
3465 3700
2580 3246
1403 1093
3881 3963
66 814
4275 4844
9422 9035
77 421
10267 9945
5700 5948
5147 4976
3375 3754
6415 6421
3714 4114
2145 1649
1988 1722
1808 1499
4020 4580
46 518
6588 6308
2986 2986
6629 7394
4568 3595
10008 9932
2195 1628
5433 5021
6146 6134
6158 5337
2014 2112
7297 7282
3047 2362
6575 6496
7729 7027
8151 8354
9024 9901
5024 5396
6534 6407
784 1105
3053 2448
85 592
5001 4634
7287 7108
3350 2582
9253 8435
76 887
852 1700
5415 6171
4181 3579
30 31
5098 4638
4247 4364
4001 3811
7624 7626
5123 6009
8608 8422
4709 4870
3064 3844
2567 1656
7683 6686
6554 6674
7041 6846
3020 2509
71 766
3847 4186
3292 3099
4837 4874
6160 5537
2489 2673
5744 5055
6126 6675
63 960
6894 7633
7405 6557
5951 6176
4274 3297
7182 6444
9096 9296
4119 4117
18 967
1828 1202
2999 3821
96 197
389 1374
3856 3252
3453 2561
2025 2649
2652 2314
3061 3372
5194 4583
80 999
6948 6888
8603 8151
5238 5726
3450 3055
5207 5885
7643 7448
13 792
1907 1419
9183 9207
9020 9534
2533 1888
6763 6125
34 832
5491 6019
5325 4718
2974 3923
5586 6415
9763 9053
2360 1442
7242 6739
7639 7062
4109 4571
9111 8777
1697 1693
4915 4299
9286 8777
10510 9563
48 828
6328 7311
68 794
4552 5014
4045 4913
1363 2048
9329 8553
3086 3701
709 1089
9216 8370
9158 9529
57 909
9763 9378
8538 7881
9971 9687
3388 4354
2061 2625
5624 6618
4274 4640
4736 5154
7380 6550
8020 8494
8196 9185
83 111
8369 8119
5269 4949
1139 1578
7006 7220
2295 2705
9442 8479
80 794
7951 7435
5091 4631
8495 8791
22 344
8608 9204
7386 7972
7649 8201
4314 3479
4829 3965
5815 6751
9978 9813
8166 7682
44 834
5129 5255
3965 3914
44 195
4226 3830
1098 1694
3732 3602
3539 3742
10099 9563
1902 2497
1229 2030
1747 1303
9624 9946
2725 2101
2853 3044
9658 9249
9607 9721
8534 8847
3042 3452
7297 7455
6787 7764
6960 7142
5778 6033
648 1391
5014 4133
7910 8064
78 327
9704 9418
51 807
3779 4152
4351 3973
2127 1832
57 488
2952 2451
9175 9094
4403 4187
6970 6770
3319 3896
5034 4934
7801 7402
36 379
1448 1676
6073 5766
10018 9538
5921 4923
19 305
2246 2025
68 643
5111 4411
1266 1458
2469 3132
9189 8458
8059 7425
1443 2257
7260 7582
2279 2306
5842 6282
44 626
3603 2981
8143 8400
4478 5022
5064 4238
4273 4487
9029 8451
7743 6794
2536 1960
4089 4659
5024 5054
84 678
9771 9887
2043 1423
64 272
7040 6687
4346 5276
8811 9692
87 544
10491 9687
76 310
5225 4271
693 1400
1780 1395
9259 8696
10116 9848
9668 9780
2838 2480
5338 5575
2842 2579
5460 6404
2649 2184
8802 9291
8966 8969
6166 5931
9681 9498
3074 3276
8382 7474
6733 6865
1198 2112
74 1008
1563 2210
4511 4497
10261 9902
4593 4957
7707 7584
62 323
4526 5313
4641 4445
720 1515
8479 9186
9291 8623
4556 3727
6980 6756
4867 4232
5803 6697
1185 1385
4816 4896
6033 5712
7824 8101
5893 5644
10200 9403
5947 6284
4402 4355
3952 3078
2007 2100
7360 7361
34 909
28 158
7080 6528
3301 4187
7432 7654
9850 9594
6212 6288
60 99
7047 6234
7372 7314
7426 8348
3566 3675
7029 7628
2683 2451
1407 1883
31 781
8296 7444
8361 9263
2676 3422
8306 8091
8153 7856
6786 7472
8915 9845
5852 6195
2238 2435
8122 8926
5927 6041
3051 4046
40 652
4934 5163
10392 9506
4081 3647
9659 8683
10380 9700
1749 1190
4012 3023
812 1644
3883 3992
2773 3676
8360 8011
2366 2860
8574 7700
3688 3190
3914 3098
3629 4027
2418 2086
5393 4759
2205 1948
3596 3569
4434 5185
8761 8538
54 914
4423 5337
5699 6639
6799 7796
10368 9511
7868 6980
5353 5925
1767 1190
9406 8963
43 244
7881 8165
4361 4007
9630 9145
2049 2874
20 756
2559 1588
4109 3656
3625 4496
65 484
7149 7629
1938 1940
1419 1563
5978 5874
5653 5381
7934 7985
5840 6057
88 505
7537 8429
7328 6551
4761 4670
78 127
5522 5057
62 586
3790 4286
9628 9166
3071 3982
7067 7063
1799 1605
9282 9367
1573 1095
4773 4723
8097 8518
67 414
4898 4068
8055 7459
1264 1793
10140 9544
6648 5699
5148 4875
72 443
1193 1151
