2452
50
6776946
43 46 51 47 43 53 58 58 49 59 46 41 46 44 47 44 58 44 41 50 44 48 40 45 59 53 40 54 54 48 57 56 52 48 47 57 45 42 57 55 55 44 47 52 44 43 54 40 60 44 
-100239 -92865 -98777 -94602 -85410 -114186 -116900 -119398 -107226 -107296 -101114 -79785 -103511 -81416 -108176 -92934 -129890 -96772 -84844 -89763 -80988 -105906 -78422 -92272 -125914 -87334 -78204 -107214 -115265 -112163 -125556 -115550 -111329 -100278 -109803 -114840 -107061 -88746 -120833 -108245 -108830 -91704 -98878 -105202 -86080 -101296 -130302 -82103 -119476 -91598 
87628 80850 84646 82509 72456 98416 99965 103936 89884 95544 86868 68952 90060 69993 93436 79642 110574 84605 71338 78685 71072 91301 68679 81226 104126 74748 66088 94752 97097 96628 109229 100714 96351 84417 93992 99957 91687 76683 103945 92178 94181 81237 84310 90192 74772 86544 109666 69381 103624 76890 
76 472
6542 7217
8056 7569
4969 4263
3377 4073
7236 7289
7969 8941
1137 1084
9976 9728
2244 3084
6724 7688
13 864
6907 7283
9068 8691
2181 2937
6317 6661
8929 9200
7426 8064
5574 5076
62 32
2727 3437
8459 7649
10197 9413
100 284
4447 4375
7757 7485
78 968
8204 8728
7467 8335
7078 6741
2969 3362
7706 8427
14 204
6912 7274
9502 9488
2948 3856
6015 5330
6491 7326
4303 3463
7711 7505
2266 1509
9699 9395
10116 9371
5248 4670
8720 8319
7379 7310
929 1327
3687 4135
6925 7805
15 292
8011 7648
7225 7071
6645 7537
9656 9406
4372 3852
1794 1683
8832 9240
5698 6506
2609 2676
1306 1753
8078 8813
1984 1663
1053 1172
8321 8808
76 377
64 432
9368 9462
6868 5943
9774 9012
2238 2686
63 32
3131 4011
4646 4938
8940 9596
796 1415
3446 3367
84 334
3821 3739
8853 9787
4919 4575
2032 1178
1741 1081
7429 7943
6403 7292
7930 7552
4632 4365
4129 3916
4455 4107
6121 6430
31 996
1953 1863
5179 4554
3994 3109
3794 2926
3007 3909
9084 9428
5131 4649
4810 4598
4973 4762
9290 9244
10285 9894
8999 9962
2057 1735
7429 6855
19 439
3335 4135
4561 5380
91 972
5268 5793
2201 2699
6054 5301
3003 2616
4222 4617
52 223
6796 7439
10057 9881
5499 5506
8994 9512
5458 5826
10363 9809
8731 7779
4829 4272
5575 6020
7256 7267
6597 6002
6473 6194
40 705
1191 1081
81 148
7101 6123
1844 1446
2425 2674
2397 1934
4931 5887
1005 1088
71 356
93 675
68 378
9032 8409
8750 8764
2121 2542
1794 2257
891 1455
1915 2764
1970 1933
5402 5935
7490 7042
4370 3774
1302 2183
5702 5595
8456 8403
7081 7319
84 367
8861 9421
9936 8987
1340 2188
62 587
72 345
2900 1961
10211 9590
7109 6432
10011 9783
6166 6597
93 243
4286 5041
741 1300
4332 5305
7085 7205
7425 7702
9550 9822
1007 1852
7895 8278
7113 6241
7619 7960
5168 4830
8954 9276
7836 7436
11 465
9559 9492
5059 4155
98 330
1720 1013
1998 2640
3567 3188
7058 7055
3204 3033
7946 8556
7270 8197
6438 7337
6439 6390
5628 6106
2502 2747
1830 1764
2563 3030
8965 8906
2834 2861
9444 8776
5971 5123
6538 5798
2322 2196
3947 4219
7839 7841
3442 3673
1227 1465
3517 2775
2713 3386
4501 5066
8958 8876
2888 3827
3645 3017
8030 8103
58 251
2920 2107
1928 2040
7399 7734
4396 4006
9601 9510
3759 3513
4811 4016
7552 6585
2074 1181
2126 2436
6994 6931
5476 4869
13 246
7450 6460
1915 1916
6712 7076
19 455
8095 9059
99 875
3983 4566
9317 8904
2653 3094
3031 2452
4451 4496
6370 6251
1435 2188
74 22
6118 6855
5777 5144
3408 3749
4644 4241
6148 6256
6562 5977
7265 7276
5567 6392
2529 3170
3400 3441
6394 6799
10 563
7265 6628
8116 8945
8741 8205
9842 9676
1296 1592
9257 8714
8323 8262
8332 8404
6631 7184
3492 4352
5566 6533
6808 6586
4030 4030
4212 3490
3248 3762
6151 7136
2334 1377
2793 3682
4263 3609
2657 1843
4807 4505
4562 4060
8544 9281
7219 7393
5592 5057
2904 2598
8738 8906
8592 8426
592 1348
6288 5308
5186 5232
5441 5363
13 451
9316 8325
7120 7650
900 1284
2312 2567
7562 7121
3301 3912
1897 2650
2946 2136
8539 8766
4498 3795
7066 6783
4953 5534
47 426
9631 9980
52 200
3999 3371
8775 9740
3429 2788
3003 3376
4356 4894
87 907
5033 4443
6575 6090
2800 2593
798 1448
9122 8141
8512 9457
4359 3914
35 28
3527 3945
6719 6120
7964 7727
4431 5174
5252 6079
3832 3144
2241 1777
2286 2871
9740 9139
1575 2341
5456 5184
2110 2905
4912 4973
7865 7997
9900 9866
4862 5033
4061 3328
4133 4573
7488 7581
3684 3600
2778 2699
8759 8250
7364 7470
3191 2725
7391 6732
2188 2578
3745 2969
9010 8964
6138 5763
7236 7471
47 888
2467 2510
7561 7282
5725 4803
526 1421
4437 3919
6820 6230
9384 9658
3537 2661
8448 8184
8261 7852
3527 3231
4356 5288
45 562
6150 7080
6768 6181
2708 2117
4127 4506
1719 2299
7554 7848
3970 4190
2842 2772
8190 7391
2527 2910
1848 2672
9205 9319
5032 5722
296 1080
7071 7078
6010 5665
2602 2356
9795 9235
5873 6600
9336 9689
3680 3546
5118 5318
7921 8720
8164 7886
72 861
10099 9552
1615 1264
527 1018
4102 3159
40 696
5385 5092
3770 2852
5107 5134
2544 3520
9479 9392
2042 2792
8772 8946
6851 7336
5705 5919
26 834
1075 1565
9197 9742
8441 7974
2829 2745
6769 7215
6994 7411
4196 3689
5016 4037
7576 8355
2106 1488
10078 9495
8681 7693
6916 6244
2840 3719
6983 7200
6662 7412
3669 4439
1315 1041
9628 9303
2919 2484
8580 7714
9438 8741
5553 5661
5716 4883
6589 7037
4368 4637
7685 6911
1978 2486
6663 6150
2651 3182
9814 9516
41 59
9286 8682
8325 7414
1581 2375
8002 7499
4557 4368
8394 8487
6157 5823
3328 2366
1507 2061
1472 2031
3300 3158
6905 6678
3649 3919
9006 9854
34 725
3056 2922
2583 1768
98 28
601 1347
7512 8442
3831 4577
3215 2699
10154 9276
2897 1903
6915 6335
5175 4490
3271 3881
4523 4995
1249 1393
9441 8598
4082 4451
7488 7881
4993 5969
8804 8183
4001 4908
4184 5044
3827 4692
4613 3790
1791 1983
1446 1525
7243 7709
6474 6081
2532 1903
6744 6805
54 805
4775 4988
6116 6270
16 737
5669 4959
1023 2015
5381 5812
2394 3245
8172 8142
39 514
3115 2980
64 19
2538 2339
6634 7408
4779 4088
1040 2018
8900 9850
10094 9677
16 518
4011 4950
3889 4109
2629 3392
3399 4314
2397 2589
81 211
69 250
7297 7783
4331 4089
7500 7210
8902 8091
2281 2654
6057 6295
1905 2876
2731 3486
6788 6868
2782 2983
8264 9051
5834 5813
47 30
5504 5337
6488 7126
3568 3612
4482 3927
6984 6958
2239 1524
2991 2109
8975 8306
5846 6684
6582 7579
2487 3051
1275 1035
1954 2129
10175 9343
7936 8144
8432 8901
3231 3065
7905 7549
8103 7834
3132 2825
9014 8340
8405 8755
7496 6880
2376 3071
37 58
10278 9762
9618 9646
1505 1948
61 611
3670 4545
3508 4165
5000 5961
1914 1439
4376 5336
9764 9593
10604 9611
53 115
4942 5236
3466 2718
9451 9144
2485 3307
5882 5424
7351 8169
9323 9805
4419 4257
57 574
66 477
1922 2727
3780 4238
4033 4264
12 721
99 743
3083 3198
3628 3037
6286 5935
3382 4173
3973 3853
9323 8974
2503 3403
89 404
1504 1548
8182 8271
8225 7385
4235 3861
2979 3258
6127 5900
10150 9642
3021 3117
5000 4953
3900 3545
9903 8907
5779 6109
8722 7823
2124 2422
1965 1579
9508 8519
3865 3385
5854 6839
5299 5795
1662 1242
4361 5075
7821 8556
842 1556
6395 6584
4372 5316
65 757
5835 5088
3835 3133
8636 9365
5114 4611
9380 8676
8495 8231
3139 2442
8984 9904
7064 7968
8593 8591
5727 5693
5264 4891
9542 9339
3968 3431
4433 4465
4737 5239
22 556
6678 7284
3842 3147
8973 9325
90 532
3883 4752
2032 1224
2967 3060
6819 6547
10065 9393
8853 9747
8404 8770
6444 6970
3942 4689
9253 8662
7959 8491
2823 3677
2141 1483
6449 5590
8056 7837
5721 6327
41 717
1974 2561
1723 2224
2214 2580
9929 9493
6266 6146
8240 8287
8559 7984
39 162
5119 5195
3792 3459
3742 4415
28 358
3914 3435
16 303
8614 9589
7662 7613
3527 4091
4592 5280
4125 4110
8246 8803
5613 4807
2816 2271
4039 3379
8439 8517
2831 3595
3095 3511
4843 4156
8827 8842
61 492
10 451
2426 1944
4024 3702
3474 3561
4110 4915
8143 7530
4556 4203
6360 6603
9145 9552
7898 8374
1996 2945
2300 1344
4026 3344
2349 1972
5319 5384
5680 5966
1088 1956
2095 1314
1223 1148
1066 1571
10148 9196
26 264
10036 9504
3145 2401
4632 4248
4862 5841
44 681
2577 3512
9780 9255
10661 9984
10164 9468
81 265
9839 9700
9514 9253
4893 3898
8210 8826
6631 6838
8737 9014
8562 8338
2258 3018
4770 5609
4140 3950
5249 5862
7522 7921
7122 6500
7693 8114
8309 8166
5533 5381
100 319
1520 2004
7325 7663
9338 9709
7322 7949
46 447
64 121
7862 7744
4006 3949
8524 8646
9152 9151
14 94
3419 3704
5602 5426
3074 3211
2488 2875
7085 6611
3645 4123
9185 9275
935 1352
71 180
8051 7485
8375 7976
5508 5074
2456 2505
8082 7193
3619 4345
746 1216
3033 3807
2586 1964
4641 5162
7975 8288
3640 4426
7859 7713
5372 5395
1113 1298
5962 6306
8054 7865
6291 7113
806 1190
8229 8732
2950 2036
6615 5797
71 489
7971 7487
9997 9630
9145 8870
6393 5880
8163 8294
5938 5457
5411 5304
77 369
1883 1081
5406 5581
7756 7992
6526 6997
2770 2534
1885 2020
1771 2406
3898 4173
6126 5476
7268 8158
2689 3051
5894 6176
4316 4897
1430 2343
100 904
6038 6682
8010 8481
34 818
5802 5688
2188 1612
2649 2890
6426 6986
3280 3921
1926 1066
2828 2488
9813 9185
9188 9739
3915 3820
47 300
3889 2918
5413 4876
10064 9141
7402 8246
8013 7621
5777 6079
7986 7199
2415 1881
8177 8377
6053 6087
9400 9044
2865 3243
7279 7107
4007 4169
2718 2890
4315 3524
4001 4134
7208 6416
6382 5787
10538 9970
7888 7244
2623 2905
6033 5866
4220 5038
9684 9854
6052 6920
9484 9751
3677 4624
5301 5823
8283 7724
2664 2014
10350 9766
8364 8241
2012 1233
1782 1894
8865 8082
5943 5255
92 793
4543 5288
8596 8501
906 1835
78 835
19 521
9130 9662
5182 5578
3629 2683
9971 9533
5765 5148
3320 3802
16 814
4053 4662
4057 4619
10147 9568
7890 8093
7732 7097
2706 2811
95 995
44 389
9314 8845
4600 3700
4672 3877
63 41
60 203
9178 8418
8449 9139
4918 5191
41 151
3287 3186
9357 9851
4531 5076
9690 9974
2896 3567
8439 8082
8037 7498
9637 9355
7158 7877
9678 9291
1510 2071
9823 9362
5891 6653
6845 7648
2902 3386
5408 6130
9208 8338
4563 5164
6818 6582
52 466
3943 2999
9546 9963
2522 3350
4912 4712
8841 8368
59 136
7986 7198
5437 4870
9588 8919
64 699
9838 9783
8380 8750
3734 4210
8112 8985
5383 4443
1477 1152
3059 3495
10260 9496
5610 5701
10200 9725
3236 3715
37 254
4291 3297
3606 2619
3908 4790
411 1184
8413 7986
10348 9461
4713 4496
3330 3111
7322 6900
98 709
63 77
70 673
60 576
9964 9431
1944 1973
7012 7162
1679 1086
5879 5538
24 367
6461 5601
7665 8139
5231 4784
4067 3542
4502 5211
1784 2121
4776 5507
3130 2316
4868 4473
56 239
4431 5141
6554 7209
7290 7653
6468 6333
1944 2302
3019 3077
3548 4242
3391 4134
8087 8776
5719 5313
6921 7297
3271 3843
6816 7673
9045 8299
4815 5401
9938 9282
3346 4084
2396 1576
6256 5645
7949 7665
2188 2278
643 1191
43 441
4244 4242
56 970
1877 1794
4765 5479
4402 4206
2476 3411
3033 3781
8289 7428
3962 4287
5039 4944
1493 1935
2134 1626
99 180
9103 8623
4786 4492
4744 5160
1344 2118
4932 3990
2172 2244
5974 6564
8750 8723
7061 7792
3853 3308
3869 4375
6457 7392
3279 3686
4536 4892
3931 3107
3175 2648
1542 1989
25 153
9262 8781
939 1464
3096 2826
7224 7530
6259 5916
2063 2356
2951 2477
7655 7611
3246 2840
8888 9005
1805 1232
1749 2736
7109 7623
7935 8613
24 116
537 1074
7752 8184
1776 1414
3117 2523
4111 3291
6103 6989
75 796
8326 8524
40 977
5406 5696
5271 6164
3424 2814
7316 7887
98 748
6503 7451
45 1007
9538 9807
6221 7007
6161 6092
7638 7741
1668 1702
4514 3846
9382 8483
6985 7634
2630 3345
10226 9266
8875 9518
7705 8397
32 918
2547 2642
6355 6014
8067 7364
2161 1217
2668 2470
8523 8250
7050 7078
8983 8533
58 543
9462 9416
6966 7760
8543 9491
97 82
4006 3216
4568 5348
4090 3255
7604 7859
92 28
6906 5949
3433 2523
6395 7031
9711 9808
3586 3590
5527 5550
5744 6253
2729 2274
2722 3128
5109 5499
2489 2719
6250 5820
1906 2471
9662 8940
2607 3355
2435 2525
5002 5410
8037 8993
3731 3784
2637 2812
1597 1058
8204 8745
781 1236
1890 1834
4363 4905
3649 3256
39 853
3843 3261
9191 8892
5764 6403
2103 1861
7728 7635
1369 1457
9236 8830
8689 8163
1903 1660
6549 7131
1498 2061
4747 5018
16 206
9984 9607
5323 4824
7409 8260
4704 5011
1312 2184
8221 8293
5091 4506
9243 9595
4993 4063
6112 6605
12 185
4581 5460
9967 9578
7832 8471
608 1120
8872 7971
8539 8948
43 981
1802 2180
6944 7827
8793 8650
22 980
2318 2615
90 542
2410 2062
3458 3399
5256 6101
6187 6153
5970 6493
1836 1329
3034 2278
5812 5649
4910 4764
5608 6113
2738 3456
7035 6425
3565 3963
6349 5930
12 562
2995 3971
9026 9573
10116 9343
6053 6721
2526 3208
8735 8624
58 885
10427 9842
4628 4231
3290 3201
9849 9724
5479 6326
6992 7713
10269 9358
3943 3760
3446 3468
1184 1612
12 204
6862 6452
4999 4063
9728 9986
843 1061
7941 8178
1817 1167
4247 4932
2547 2442
8313 8238
3222 3897
2449 1825
4150 4724
2503 2207
6245 5493
7739 8207
605 1370
4324 3359
68 30
1437 1379
7892 8125
3052 2774
2121 2849
7469 6589
8691 8212
8012 7481
6209 7142
10374 9515
7811 7917
4214 3807
5794 5521
10490 9573
32 357
5646 5886
8366 8655
6357 5925
1493 1152
10744 9823
3491 3192
6771 6825
4471 3750
5541 6043
5325 4855
49 367
5557 4724
21 279
5268 4740
10713 9989
9857 9431
4391 4293
1176 1426
1519 1550
2163 1290
10567 9769
5034 5319
8726 8958
2942 3296
7969 7075
2465 2360
75 261
8928 8338
5054 5130
60 292
7912 8067
6515 6275
41 867
6307 5871
2041 2656
13 828
4761 4003
55 531
4875 4595
8042 7068
28 134
6566 5631
524 1298
1609 2457
6513 7228
6056 6318
3038 2760
1844 1390
1468 2395
9355 8835
2789 2177
3217 3467
7001 6106
5479 5898
9217 9083
6051 5789
40 439
4611 4813
6174 6093
2717 2461
6023 5733
3228 2828
87 111
6397 7295
6694 6673
802 1113
616 1330
351 1319
6901 6638
4148 3367
10306 9398
60 577
48 255
2900 2086
5754 6118
2200 3079
2477 2566
3355 3073
3928 4130
2139 1274
9753 9721
6296 6142
8942 9767
9347 9934
2889 2125
2577 1770
81 290
3037 2363
8372 8138
1788 1063
16 89
2579 2137
1907 1324
5830 5600
4818 5689
6085 5366
1631 1205
1365 2177
7060 7317
2690 2057
4942 5762
6758 7445
8449 7624
2219 1326
5918 5839
4001 3421
4412 4290
7144 6609
679 1173
6602 7368
7049 7804
51 776
6904 6094
3209 2442
5233 6028
2415 3086
5190 4735
2073 1627
6103 6829
9230 9577
1881 2641
5126 4368
9159 9122
9257 9344
5614 4673
6201 7200
5158 4943
2903 3562
6711 5863
2729 3174
5115 5175
8545 8874
3393 4133
5901 5986
2697 2530
19 844
4832 4077
2424 2326
2138 2360
6139 7115
49 326
6940 7050
9577 8967
3288 3124
2591 2563
4794 4688
4380 5211
4173 4787
3072 3057
4586 5500
6647 6895
3566 3398
6906 6276
3554 4416
8921 9634
3612 4528
3707 3192
9927 9816
2772 3133
3645 3121
3026 3771
100 185
3670 3362
7435 7827
4871 5385
2872 2243
9187 9689
4867 5814
6838 6832
8321 8218
97 364
32 579
3978 4217
6565 7510
5760 5629
9229 8675
9283 9430
1860 1242
2087 1889
5092 4184
9876 9255
4670 4287
10163 9355
9028 8804
8851 8601
9033 9790
4099 5069
10022 9031
8057 8656
1126 1681
9689 9726
84 80
7378 7015
3317 2791
42 424
10798 9813
7737 7558
3438 4009
5439 5907
3423 2690
3222 4159
5577 4743
5756 5741
4563 4994
63 193
6311 6717
48 230
2729 2825
99 333
92 621
1625 2047
3194 2646
3436 4189
6427 6816
7698 7113
1717 2018
1408 1143
3153 3112
5749 4975
7356 7777
1424 1938
4515 3799
8935 8998
7886 6943
7358 7121
6342 6026
7287 7230
67 484
8348 8011
4543 4005
6778 7720
8907 9891
5877 6367
5497 5628
9362 9372
3976 3636
5926 5850
8550 7588
9698 8896
2951 3350
2638 1833
1893 2718
9402 9198
5113 5471
20 701
209 1078
7718 8671
2015 2061
4308 3651
7317 7107
17 390
1000 1221
5258 5891
8306 8727
8691 8396
4722 5142
5814 5058
8192 8690
4347 4773
7871 7752
5053 4378
2662 2065
1689 2000
8758 8262
9084 8576
6837 7084
1879 2624
8232 7908
9662 9322
8855 8444
4062 4259
3082 3960
9134 8882
4676 5074
2693 2666
4634 4870
2334 2307
2241 1256
5629 6287
4478 5054
17 193
8965 8625
5444 4916
7422 8410
6478 6530
4182 3913
76 23
27 851
7364 7852
7991 8893
8129 7281
8867 8946
4969 4371
1805 1545
4117 3816
9692 8765
55 800
8454 8625
8691 9358
6054 5593
47 843
2083 2766
4002 3621
10085 9088
3551 3509
7742 8112
8900 9367
6913 6281
1827 2170
8727 9445
10 319
2092 2766
4809 5445
6212 6606
2275 2828
7665 8343
2373 1862
6964 7498
7546 7330
9393 8488
4378 5367
8262 8677
709 1029
3985 4036
5493 5168
6711 7673
4636 5303
4254 3313
9323 8814
10556 9572
98 77
8936 9666
4009 4732
4392 3901
9805 9544
6054 5876
8087 7535
53 964
2626 2202
3210 3657
75 846
5550 6223
3758 4408
1467 2427
2982 2003
4855 5439
21 813
5634 4658
15 410
9152 8505
3502 3168
5422 5725
8103 7107
6173 6665
8279 8921
739 1104
2603 3348
5184 4853
7259 8118
6047 5321
6959 7204
10283 9800
9295 8719
8252 8304
8138 8614
5765 6275
2768 2436
4824 5747
1609 1260
2302 2862
8536 9158
5887 6855
6543 7326
1902 1571
7897 7636
3498 4376
4334 4195
6835 7536
9530 8848
6516 5793
3744 4028
2928 3802
4395 3617
72 642
2546 1582
3409 4002
6193 6879
19 235
8269 7557
8870 8888
4158 3535
2165 2883
7078 8011
4079 3322
8827 8294
6221 5603
6783 7696
69 95
2480 3311
9573 8915
5824 5733
10266 9684
7933 7304
13 992
6703 7468
3154 3111
7122 6314
57 75
6910 7353
4480 5149
4932 4847
6268 6480
2738 2632
3446 3875
2965 2451
39 1009
3853 4260
7357 7524
1206 1098
8362 8392
8660 9274
4045 3500
9251 8872
7817 8519
5472 6147
2684 2863
1654 1930
605 1564
1455 2073
8135 7725
7532 7542
7723 7800
8896 9417
1663 1559
5634 5318
3482 2944
2805 2907
1925 2355
4990 4737
6612 6687
9304 8407
3628 3909
3329 3324
2751 3668
2792 2968
9080 8597
3655 3712
2082 1931
80 220
3245 3771
8548 8629
1059 1660
4311 4348
6635 5820
5308 5634
8974 8552
3277 2614
7944 8805
96 304
7997 8559
4303 4659
9631 9292
8536 7795
3175 2656
6188 5372
7729 8490
3666 2855
9788 9444
4061 3221
2714 1828
10208 9925
3677 4434
9545 9891
7992 8345
4025 4257
2264 2524
6727 7201
2724 1879
573 1436
2708 1923
7248 6556
6125 5577
7085 7267
35 863
2071 2328
8534 8332
4247 3312
3729 2832
3943 3675
2697 3303
9925 9068
4565 4614
7021 6807
2992 2223
5593 4859
5205 5933
5109 5228
4222 3933
1095 1184
6318 7107
9415 9407
1584 1774
7686 7683
1443 2290
5982 6852
6963 7495
1285 1157
14 69
8530 8449
4159 3910
3623 3320
9354 9443
2881 1942
8551 8289
46 131
9193 8811
4451 5118
9681 9086
3833 3577
8740 8583
8771 8997
10839 9877
5099 5805
7327 6984
7985 8820
2774 2370
2583 2322
9024 8871
1158 1270
7223 6546
6514 5605
8077 8130
3676 4623
7777 8527
4177 5068
5494 6411
8145 7903
2347 3048
5195 4938
5668 4804
3432 4331
3346 4281
6998 6677
6288 6826
59 795
3777 3142
2405 3036
39 43
6270 6736
2863 2305
7354 8267
2895 3846
1806 1278
5038 5324
7480 7620
1614 2059
8654 8280
992 1470
6148 5565
4837 4924
3152 2270
4113 4914
5366 6254
7827 8783
6810 7349
6641 6260
6548 6331
975 1488
8837 8487
96 312
4871 5393
1875 1768
6438 5919
7802 7165
3998 4346
9777 9133
6137 6516
3611 4357
15 676
5927 5012
7729 6985
838 1088
29 398
8848 9203
9829 9185
5255 4926
3899 3875
3689 3856
62 843
5057 5882
10631 9818
6571 7276
5708 4926
8523 7990
2395 3305
6057 5274
6493 6438
6546 6910
6752 6627
19 593
10438 9736
4790 4221
31 997
7101 6431
7916 7753
5524 5337
3923 3196
2477 2131
5493 5640
55 588
6076 6753
8474 9403
4984 5050
9122 9231
5896 5341
8148 8170
7021 7809
8374 8275
9000 9375
11 559
9399 9810
3513 4192
6825 7810
5684 4954
7610 6767
7605 8534
6724 7178
6149 6297
6590 5827
54 307
7822 7311
6769 6500
6641 6421
7633 7985
2843 2504
4169 4257
2921 2264
3555 3400
2851 2660
7083 8054
7878 8241
32 324
99 653
1944 1287
3958 3926
49 36
9771 8816
1551 2008
1277 2061
3343 3360
7513 6584
9112 8768
7764 8720
2134 2054
2108 2619
8690 9107
9319 8694
3574 3649
5584 5414
1636 1047
4477 4815
1888 1249
8753 9403
6576 6347
5192 5670
5647 6485
8226 9068
6542 6342
7071 6702
6337 6919
51 636
9443 9331
5085 4288
63 100
4748 5117
8109 8041
9014 9669
8865 7979
4079 4837
3232 2568
9196 8994
4603 5241
8073 7585
2736 1993
3754 4727
6362 6056
8032 7894
954 1022
6942 6304
73 267
3131 3854
8129 8474
6753 7273
1693 2468
7566 8108
7672 6964
2817 3624
8151 8362
1629 1287
4425 3964
5972 5010
3196 2959
52 300
1686 1658
40 798
6567 6197
6737 6164
7351 6946
4411 4717
5435 5418
10097 9240
8539 8074
7730 7505
1518 2442
78 843
7066 7266
3043 3132
2566 3002
7087 6947
7963 8446
8594 7987
65 334
7758 8545
5258 5354
7077 7850
9490 8973
4665 4838
9331 8556
8991 9196
2922 2455
5068 5306
59 149
9356 8934
3660 3064
1418 1646
75 894
3224 3995
22 82
6644 7134
10687 9833
1607 1346
6447 6802
3745 3467
9487 9071
5204 4299
3397 2926
3936 3806
628 1575
64 801
3340 3306
3916 4247
1109 1503
4770 3789
4700 4279
5388 4950
93 103
5894 5226
3124 3840
9314 9785
6695 7296
8146 8557
4583 4653
3241 2281
534 1255
41 897
2503 3348
6888 6314
5688 5904
4394 4443
7386 6394
2907 2012
82 476
8465 8618
2867 3818
4880 4172
3621 3243
4087 4346
6342 5438
8391 8824
6565 6202
36 438
6882 6101
8139 8587
4134 4756
1962 2800
7360 6741
7107 7005
2365 3189
2329 1426
9075 9682
8470 7782
7274 7650
5763 6248
14 984
2950 2022
5061 5627
8373 8878
24 448
7409 7984
44 705
2094 2207
784 1661
9566 8608
5730 4993
2978 2185
1990 1605
7605 7300
1796 1241
8623 8269
2473 2889
4129 3178
8291 8553
7403 7469
6403 5515
4762 5734
2430 3265
1776 2194
7692 8582
4047 4705
3376 2679
6993 7812
59 618
2929 3236
1895 2106
6699 6690
7395 8395
4352 4623
1562 1939
1523 1306
6786 7306
2710 2875
2248 2363
6361 7082
4605 3717
8145 7730
8129 7483
3044 2123
3712 3029
4267 4119
6278 6890
2849 1869
8731 8655
9392 9755
5591 6583
2406 2548
7089 6753
9008 9066
33 342
66 403
3933 4893
8698 8451
5006 5197
3619 2678
89 907
2598 2980
779 1458
4114 3772
7743 8568
2564 3090
8498 9434
5524 5520
9922 9865
2498 3390
8786 9704
79 356
6808 7441
8291 9084
7524 7743
7810 6827
9222 9373
1217 1047
4246 3826
9066 8529
8019 8548
4082 3159
9201 8653
1005 1658
7223 8220
9946 9187
5488 5952
958 1298
3108 2957
8825 8397
3481 3476
4372 3378
7637 7696
2361 3187
44 588
3206 3758
4541 5484
5460 5862
7784 7886
8689 9043
9108 9344
2757 2144
1882 1696
5336 5689
2937 2579
9151 8569
3615 3733
6502 6237
2933 2092
3827 3285
4054 3694
5070 4636
4501 4167
6725 6973
6604 6273
2852 3764
1565 1657
7963 8631
3120 2532
3374 3346
5749 6650
7153 6317
1236 1912
69 115
7173 7615
624 1320
7301 7731
9061 9569
5619 4754
3976 4139
5156 4555
3550 2912
5029 5582
5853 5548
82 216
50 471
7712 6790
7516 8103
8408 8261
9712 9736
2310 3229
47 799
5918 6235
5743 4976
9324 9391
2992 2036
2182 3034
5326 4735
4205 4824
10227 9538
4778 5671
8418 8309
3123 2671
1617 2091
10 414
71 369
13 551
5392 5257
1496 1250
3942 3617
8715 7791
8183 8286
60 850
5704 5056
2339 1685
9024 9959
7283 8060
7672 7823
9693 9558
6360 6941
7725 8209
4915 5715
1569 1171
5548 4892
45 668
5968 6273
7599 7574
4104 3614
3658 2696
10 376
3284 2799
5786 6487
4678 3716
6890 7283
3593 2849
3619 3887
4361 4219
6432 6151
2024 2922
7388 6968
5330 5353
8015 8109
5671 5290
7641 7563
6245 7141
6443 7117
2365 1868
5670 5395
4217 4765
4929 4692
9015 8175
5794 5104
5717 5250
2567 3210
4494 5082
2507 2610
9439 9231
94 755
1735 1144
2820 2435
9342 9770
5239 4945
6793 6258
3260 3095
4955 5331
1827 2453
6654 7575
2235 1833
9871 9434
21 292
3995 3843
6486 7430
1522 2416
10517 9938
4403 4539
7200 8001
3319 2655
4354 5166
5824 5562
1431 1561
9674 8994
8387 9311
2747 2523
1640 2091
4229 4827
1092 1197
3569 2575
7402 8107
6177 7069
67 108
1110 1576
8230 8957
10301 9592
10401 9800
4587 4497
85 878
19 781
3677 4422
4518 3528
3508 2781
8573 8880
54 944
5752 5820
7043 7645
5228 5019
6531 6927
7370 6962
8600 8285
38 610
5414 6410
23 120
9051 9730
48 535
10199 9946
3067 3661
8811 7862
9027 8381
6323 6888
7794 7492
3610 2935
2512 1819
9331 9244
4727 4668
9041 9354
4922 3936
2299 2417
8930 8912
9581 8743
15 354
8089 8685
8851 9017
2818 3322
5684 5061
5778 5300
5566 5029
8156 8514
4914 4860
3861 4078
3018 2324
7470 7462
5371 4760
6202 6473
8792 8908
10070 9433
626 1141
2985 2028
10118 9872
1254 2103
9732 9347
2919 2080
8958 8265
4184 3666
9719 9722
8959 9403
8458 7570
4706 4661
3499 3274
8986 9037
5528 6228
2702 2661
8416 8835
4854 4683
20 72
4495 5171
4888 5261
97 515
5518 6451
2389 3061
9721 9794
3409 2591
9416 8571
7643 7955
4092 3326
80 208
6923 7278
9899 9828
6219 5311
4474 4555
3203 2613
3642 4121
8014 8270
9932 9783
2461 2528
3602 4219
7118 7981
5971 5127
9130 8162
6935 6372
5242 4965
4548 5182
8707 8009
5099 4189
2755 2600
7842 7190
347 1336
3523 4443
1136 1619
4099 4096
8489 7668
5381 4985
97 434
2968 3461
5378 4620
8752 8140
2691 2159
22 985
1353 1852
1325 1277
1734 1253
9203 9597
7329 6712
4449 4270
7758 8283
4084 3891
5769 6225
9428 9027
4700 3896
4605 5310
3779 3138
3690 4575
7839 6980
2237 2752
8449 8647
2673 2006
3532 4238
7383 6935
8846 8476
7657 7882
2048 1788
6596 6798
6804 7602
7197 6278
7260 7018
3121 2448
1061 1717
44 276
9017 8846
1909 2297
26 146
2276 3212
9757 8769
8111 8798
1187 1686
5727 4830
1387 1097
4571 4444
5512 6020
4923 5400
8321 7870
2394 3361
8870 9472
29 864
5308 5518
9578 9255
7116 6547
1034 1818
7130 7179
5190 5732
1996 1605
1127 1652
1936 2739
4951 5809
5838 6470
9957 9161
10140 9306
8856 8589
6844 6432
6198 6626
17 683
1129 1878
8833 8895
4228 3613
6564 6029
9844 9380
16 468
2954 3783
42 880
4175 3463
6420 6910
5023 5632
4806 5217
1918 1392
1694 1644
2060 1123
5847 5406
7642 8424
1979 1348
7078 7064
9425 8865
7142 7148
5485 5353
7816 8129
6102 5403
6204 6465
8237 7997
1176 1939
7885 8012
3772 3442
3325 2328
3086 2424
47 981
9099 9925
7670 8013
4856 5139
5489 5304
100 585
3886 3928
4580 4327
1304 2104
6533 6369
3144 3769
9643 8752
1507 1267
5628 5464
1968 2637
6038 5097
6664 7467
2180 1182
3043 2159
5726 5450
5719 5142
29 90
7661 7902
5059 4096
7244 7084
7064 7811
53 97
85 699
4904 4513
7774 7062
5699 5304
7386 7001
