4997
50
12393455
104 97 101 103 98 98 98 96 103 92 95 94 108 110 101 110 92 106 106 99 101 106 107 92 106 104 93 110 104 101 91 94 108 90 99 96 95 91 101 106 91 108 90 102 99 94 93 109 110 95 
-43192 -38662 -37033 -42765 -40036 -34816 -37493 -36632 -41614 -41085 -38129 -37278 -42980 -46081 -44460 -47591 -36843 -43540 -43212 -43987 -37472 -43961 -41590 -38355 -42883 -42277 -38735 -42570 -44315 -41225 -38745 -38510 -45682 -34087 -35595 -32582 -39879 -32262 -38443 -39456 -36602 -41573 -35924 -43583 -39938 -36049 -37233 -34177 -40717 -37704 
30289 27313 26102 30123 28260 24912 27088 25595 28816 28460 26973 26456 30516 32364 30731 33052 26045 31192 30707 31205 26052 31034 29711 26929 30136 30401 27918 30097 31294 29023 27743 27660 32154 24351 25573 23563 27916 23485 26932 28336 25547 29660 25851 30707 28052 26119 26032 24372 29241 26563 
6413 5884
5134 5436
3952 3610
4844 5508
9720 9268
5679 5978
8565 9225
6342 6625
7674 7057
3824 3494
8718 8703
2152 1434
7625 7552
7775 7058
7818 8174
3983 4745
9008 9551
8107 8908
6529 6329
5502 6189
8954 8141
42 500
2354 1979
3171 2212
5767 6193
7959 7831
7109 6898
2648 1734
98 1074
9498 9190
5472 5460
8363 9137
46 964
9441 9599
7749 7683
3780 4123
10247 9370
6710 7482
4791 4131
8742 8213
4460 4595
5328 4651
92 953
7424 6843
6464 5716
262 1138
4625 4782
2486 1673
8949 8940
6728 7401
8112 8606
1460 1075
2607 2039
4258 3645
7671 8551
2511 3420
5365 5152
6498 7220
2100 1213
13 526
1766 1618
6149 5209
4067 4602
1554 2285
3256 2752
6650 7643
1157 1837
2185 2648
2874 2639
2510 2621
9312 9879
4842 4033
3360 2523
9462 9565
5436 5119
8303 8542
8850 9625
5447 5474
4989 4323
8957 7963
3822 3004
2560 3453
8615 8406
2459 2982
6728 6662
7683 6896
6722 5942
4030 4442
5637 6153
6044 5167
2488 1725
1022 1929
2291 1346
10561 9942
3793 3934
2574 2741
1426 1692
7343 7684
5603 6290
3894 3091
5069 5980
71 287
19 818
2680 2561
9968 9793
2714 2244
2369 2022
2490 1525
8769 9078
5256 5344
7359 7615
60 730
1632 2539
1998 2707
5258 5929
8245 7396
5810 5111
3437 4232
5003 4949
3244 2921
9947 9096
5736 6387
2683 2575
5349 4454
47 802
5364 4835
8189 7821
2967 3029
1337 2195
3877 3741
7699 8382
2894 2843
3233 3327
2770 2277
8916 9534
26 407
2265 1910
5509 5909
8496 9445
5784 5144
3176 2687
5386 5853
7285 7095
5503 5969
61 104
669 1536
8300 8062
1844 1750
4115 4747
6127 5364
8140 7804
2196 1328
6009 6166
89 267
8977 9731
5887 6381
10662 9721
9797 9430
2994 3819
7552 8350
8319 7914
6204 5765
2255 1437
6956 7772
1538 1053
4061 4984
10035 9257
614 1163
4021 4113
4470 3749
5318 5763
17 651
8642 8496
9688 9474
4210 4500
2698 3238
3508 2839
2153 2441
2261 2793
9938 9817
83 436
9547 9843
9933 9481
2737 2974
6456 6938
7029 7323
7568 6765
7413 7621
9470 8867
5406 5788
1623 2132
7831 7095
6254 5699
3894 2960
1655 2637
52 636
8869 9737
7979 7133
4002 3180
1737 2513
59 876
4778 3818
8703 8872
9931 9822
6213 5582
2249 2009
3852 3405
9294 9390
5441 5657
3760 4598
5335 4412
6418 6731
1118 2001
6969 6406
4468 5452
7195 7118
2308 2180
6750 6032
37 812
16 514
6069 6597
3956 3438
91 378
990 1630
9518 9354
2777 2124
8650 9225
3598 4394
1918 1352
3597 4178
3506 2527
8125 7916
4099 3661
93 367
1154 1331
9066 9952
6447 5767
7315 7280
9497 8600
6497 7352
5678 5289
9376 8879
7721 7546
2528 1591
91 268
3001 3833
8784 7843
9969 9470
36 588
4433 5206
7907 7950
37 1008
2621 3427
7512 7727
9088 9798
3115 3795
1661 1209
6906 6860
5879 6044
5152 4720
2568 2684
89 776
6011 5242
93 31
8932 9773
798 1603
3447 2535
4290 3949
867 1075
2768 2726
7801 8596
41 381
10 442
2869 3180
4063 3285
7239 7348
665 1039
5509 6013
9268 8657
7531 8323
8772 8601
4836 5344
4564 4532
94 761
3769 3269
2749 2521
4413 3679
5097 5819
8073 7361
3560 3670
5384 5833
1650 1954
3392 3127
3960 3011
3040 2259
1521 2278
7936 7235
3875 3106
1899 1680
1302 1083
2108 2638
7693 8177
5006 5394
5413 5420
3504 4253
6800 7330
8778 9689
2191 2124
10159 9218
4728 5671
4947 4349
89 724
8329 7763
7047 6622
2364 3310
975 1650
5933 5279
9159 9896
2575 2951
8952 8307
7188 7820
84 674
5499 5649
6353 5473
7036 7840
2974 2878
3074 3849
2265 1780
8002 8870
1598 1103
5951 5331
6153 5578
5487 6466
99 29
41 714
7668 8245
3098 3333
3125 3670
5830 6413
47 804
647 1380
6966 6367
87 419
7270 7834
8350 8663
2999 3147
9793 9031
47 344
8094 8418
1972 1108
3367 2863
5915 5629
2084 1743
9424 9885
8740 8532
2532 2926
4009 3459
7974 8494
4762 5746
6638 7259
5916 5904
6756 6745
9498 8669
8852 7888
8088 8279
751 1369
8239 8021
6558 6882
8300 7567
7084 7041
8045 8187
8280 9091
6659 7597
8106 8579
2611 2463
4853 4908
5051 4188
4893 5667
4353 4985
7845 6962
9204 8296
7500 6517
53 871
8217 7613
2476 1961
228 1120
5173 5478
2515 2390
7515 7064
9101 8545
4476 4258
82 96
3058 2428
3724 3193
7688 6737
2960 3589
34 638
5085 4187
3871 3999
9229 8278
2495 2417
3821 3006
8327 8127
1484 1411
9452 8962
8611 9266
3493 4242
5471 6072
1353 2270
8121 7156
8600 8712
10011 9033
7595 8022
21 852
2302 2328
8878 9071
77 243
9702 9979
88 475
6417 6828
6002 6059
5652 5228
7341 7406
6530 7170
5189 4197
3679 3906
5088 4802
88 315
6553 5812
74 404
42 260
8612 9117
5651 5318
7893 8842
7747 7250
1123 1212
8726 8094
6938 6143
8574 8088
6934 7265
2166 1210
2901 3225
7892 7846
6704 7606
2881 3192
5027 5659
3779 3874
8936 9566
2096 2846
8805 8539
3243 3400
3281 3648
4423 5357
2785 2137
1983 1748
5228 4805
7555 8436
5287 5515
9113 9323
9353 9804
6842 7110
5965 6150
3321 4156
5274 4788
6525 7104
40 112
2263 2142
4435 3874
4753 5728
7279 7083
3571 4090
6579 6132
7703 6939
2941 3143
6070 5753
1491 1336
1195 1955
5442 5949
5218 5129
4834 4488
6737 7141
2724 2231
6585 5691
4416 3479
2730 3329
2611 2768
9010 8363
7050 6504
8775 9078
10257 9475
3645 3400
1745 1700
3284 2455
9325 8977
3291 4023
4234 3517
2762 2917
6205 6963
7249 6726
620 1501
5236 4508
2027 1687
89 223
2230 3023
2034 2022
70 883
3443 4113
2565 1897
3063 3588
9599 8827
8639 8963
5614 6524
4146 3937
4288 5072
4667 3795
4076 4613
9733 9960
2852 3284
2782 2252
4001 4486
9763 9221
2774 2943
56 689
28 521
2530 3280
3289 3474
9875 9319
3435 2589
4164 3919
9216 9549
98 512
4221 4002
5571 6009
2996 3818
8220 7656
1588 1434
4298 4003
70 528
85 520
7672 7454
7951 7800
6358 6080
3526 3492
2598 3269
5549 6472
25 797
5394 5512
3925 2982
4287 4019
7516 8341
7788 7685
7358 8341
7452 8302
5616 6418
7177 7368
5273 4452
68 409
1572 1013
99 458
84 686
9913 9525
29 592
1099 1788
10072 9604
1785 2149
1905 1875
4713 3906
5052 5336
7960 7224
9150 8424
1781 1858
6034 5930
76 462
2419 2571
37 316
978 1315
9873 8939
5389 5079
8787 9644
96 591
5757 5580
80 593
6874 6473
2799 2001
4767 5327
2510 2370
5415 5237
5114 6072
5770 5999
9722 9262
7725 8246
7385 6662
6567 6447
1922 2583
100 542
3709 3028
3141 2992
4429 4726
9056 8717
597 1260
6478 6049
4553 4416
1754 1648
5923 5662
8094 8096
3343 2513
36 951
9792 9853
5736 4763
9024 8434
38 265
6917 5931
4247 5101
1482 1364
5233 6151
62 855
35 265
8472 7956
3346 3916
6665 6933
8397 9043
8675 8823
7068 7906
3299 2499
2329 1454
3769 3782
46 587
369 1079
2817 1888
6331 5810
4592 5447
3056 2292
13 922
3519 3586
22 978
3606 3824
8838 9526
58 825
7274 7108
967 1907
8947 8552
7768 8188
7586 8341
3056 3195
7268 8183
2051 1061
2315 2241
2220 3056
3866 4774
5917 6684
2121 2092
8106 7351
2461 3318
6085 6386
4408 4578
2142 1880
6914 6516
52 138
8255 8738
7419 8028
4333 4424
4430 4102
8547 8226
100 41
3927 3838
3042 4000
7414 7820
9166 8564
29 417
1596 1232
5017 5977
572 1273
96 796
4976 4853
7115 7282
2287 1472
27 841
7736 7750
40 850
3373 3193
6745 7714
9319 8784
8124 8270
7099 6175
8394 8313
8940 9372
8591 8880
3721 2939
3320 3446
4948 5798
3202 3779
6461 6817
7259 7710
4436 3765
8656 9189
4287 4455
10356 9823
8256 8727
8832 9722
2820 2994
199 1090
87 673
3952 4852
6367 6897
9931 9094
1564 1907
2221 1966
56 766
6287 6872
7853 7151
3301 2500
3980 4806
2427 1975
10 39
88 103
4349 4681
7267 7232
6710 6163
5603 5011
8693 9088
8773 7875
10614 9641
9413 8809
57 694
86 199
2835 3047
7110 6771
7681 6923
10334 9799
6311 6843
97 791
5638 5824
7693 8196
7023 6708
76 274
3645 4257
7900 8121
9123 9525
5898 6011
7637 8149
23 834
7229 6705
11 577
9765 9748
5401 5195
9662 9148
9122 8845
3583 3282
3015 3833
300 1245
2289 2484
2368 2788
3921 4222
6125 5767
43 967
2922 1954
5001 4673
9112 8928
631 1618
4447 5265
1397 1189
5250 4885
7127 6141
3335 3245
4469 4275
5701 6431
71 20
6308 5383
1436 1893
5677 5627
4692 4960
7412 7571
6302 5996
3796 3230
85 759
7317 6901
9398 8739
10580 9762
4300 3376
9555 9301
59 304
25 425
9819 9054
7381 6825
1703 2396
2502 3051
4271 3586
2789 2310
5800 5166
5321 4519
10682 9717
23 809
4523 3677
4737 4854
2361 3156
4320 5274
8378 7404
79 365
911 1160
5628 5112
10498 9719
6183 6525
3980 3599
4314 4627
5369 5326
5667 5555
8026 7316
5360 5251
4513 3938
7206 6211
4033 4678
5450 4600
7436 7746
5163 5618
3751 3523
4077 4296
4356 3571
6488 6721
7766 8538
1990 1252
7888 7760
8988 8243
10303 9360
5040 5518
9273 8376
2242 2857
1804 1506
2641 3247
7743 7472
5558 5516
4728 4821
2440 1798
6662 7403
10046 9071
1254 1945
16 185
67 707
2605 2616
10344 9583
9865 9900
9118 8888
2335 2728
18 169
5143 5349
7514 7049
5729 6465
2072 1918
8640 8702
3097 2105
10164 9861
5718 6488
3182 2409
2236 2539
2313 2782
6242 6780
3322 3659
46 444
5140 5562
5174 5045
10798 9973
1115 1442
7907 8260
3471 4055
9081 9371
7349 6814
9415 9578
2289 2259
5265 5248
2823 2732
68 201
2951 2487
5823 6380
3820 3472
99 451
2108 1388
86 497
8074 8621
8496 8661
9845 9102
5521 4785
2337 1504
8548 7878
401 1360
8261 7515
2055 2729
9346 8549
4111 3529
5054 4075
40 197
988 1121
9883 8890
6012 6869
97 836
3811 3410
4437 5013
6620 6130
2758 3077
5655 5586
7098 6645
3135 2182
6633 6059
84 264
2611 1936
7273 7488
7738 8347
15 219
3354 3677
7086 6725
6827 7317
10222 9917
5243 5811
3641 4550
3671 3163
10388 9466
7615 8433
5809 6753
557 1065
6239 5379
4855 4096
6628 5840
7984 8128
9642 9705
7545 6674
8111 7889
1730 1967
7558 7554
1700 1446
7533 7351
6713 5952
8322 7994
9127 9746
9616 9746
5410 6250
3354 4219
4782 4801
4939 4381
2551 2407
7264 6285
3680 4500
5831 6000
9435 9204
6379 6630
8793 9193
5109 6095
8582 7975
5521 5283
8809 7879
7278 6542
55 921
5299 4484
4494 4217
6215 5917
5351 4534
2956 3629
3574 2858
7924 8276
3687 3806
3017 2802
3295 2954
4385 5239
2191 3056
10282 9796
7009 6463
7923 8867
3100 3351
4581 4487
6621 5828
6287 6743
6420 5797
6234 5678
8135 7973
9129 9129
6335 6518
2959 2854
6572 5922
5160 4183
69 416
5774 5718
525 1057
5947 6427
7371 8105
2185 1224
2528 1576
4991 5632
36 39
7157 8085
4378 3710
8310 7641
6418 6968
3038 2514
5415 4649
9993 9775
25 670
9100 9958
66 655
3491 3133
5397 4895
8578 8627
3356 3522
4047 4489
8765 8086
3856 3085
1967 2833
5328 4400
4650 4419
3524 3162
2803 3184
606 1423
6859 6859
17 996
2225 1771
10191 9569
34 63
6161 6695
2304 2770
3951 4330
5851 4996
77 683
6820 7259
3607 3500
8120 7133
7386 7787
6586 6073
8682 9313
469 1185
6234 6608
6124 6077
6011 6288
1421 1646
3531 2583
8090 9075
7091 7732
8783 8696
2682 3307
8984 9755
7548 6624
2839 2171
6739 6908
99 64
8619 7968
8609 8918
5832 6577
24 989
1957 2780
4864 4446
4754 5675
5003 4963
2650 3546
3012 2604
6232 6073
2785 3557
4356 3617
1985 2919
2090 1151
4297 4610
6340 5492
2692 2943
4895 3968
71 240
6390 7251
86 570
2241 1341
7396 7383
6586 7536
4768 4546
5855 6485
2357 1417
9289 9509
17 411
9949 9686
4812 4247
7809 8040
8426 8878
9399 9643
5345 5206
4560 4294
8227 7551
8499 8002
4089 4569
3930 4633
8324 7494
8390 8698
7316 7184
7392 6479
2386 2699
8527 7578
10416 9586
8076 8612
5713 6590
3211 3338
4211 5118
9383 9567
3447 3325
7061 7677
4539 5395
10324 9716
3231 3092
1701 1823
53 748
2490 1518
1322 1146
1514 1887
9273 9370
7786 6891
8888 9865
8502 7592
7644 7161
5829 6222
2916 3805
1285 1701
2437 2649
5337 5980
5599 5105
1104 1854
5768 4841
7680 8611
9480 8531
48 460
2366 2359
85 577
9076 9598
46 316
31 999
2754 2455
4343 4715
2406 2852
4687 4156
62 336
9642 8981
6172 5703
7908 8592
10312 9954
1983 1385
100 175
8740 8735
1145 1355
12 412
6765 6971
7910 8172
7944 6965
4825 4977
8322 7962
5253 4712
8920 9129
21 946
6703 6775
7771 7798
3765 3182
8380 8185
6849 7294
5076 4802
7470 7687
3544 4296
1928 2532
3627 3686
5433 5226
5057 4135
4748 4088
5906 6657
4169 3689
65 846
6639 7300
2936 2037
5787 6532
10006 9489
9776 9973
8762 8199
70 348
1751 1890
2928 2102
5922 6224
2424 2985
10435 9889
921 1352
65 874
14 964
5107 5445
3753 3207
6450 6601
6265 7016
6164 6231
2193 2944
864 1621
5179 4307
3674 3066
10812 9831
2188 1241
3279 3111
5474 4645
77 573
5141 5747
7782 7211
4158 3669
6747 7277
366 1294
4706 4977
7589 8319
9781 9372
9704 9083
1484 1416
7163 7731
9948 9249
2069 1682
4656 3708
61 485
7644 7611
7103 6871
8930 8189
4593 4350
2086 2548
6309 5352
7300 7425
4141 4750
6846 7567
3253 4036
5714 5855
2266 1696
8160 8771
2572 2928
4065 4856
3122 3255
3961 4951
5780 6090
5387 5031
3651 2721
8440 8446
983 1487
3744 4144
59 881
2271 1694
2396 3266
3038 3733
7614 8556
2441 1480
3324 4131
825 1512
7493 7954
5064 4788
7210 6375
5849 6636
84 94
9063 9289
9714 9903
6596 5790
6657 6970
9675 9283
69 318
7324 8039
8135 8180
6684 7070
5029 4972
1834 2277
8889 9457
6565 5674
8330 8918
9231 8248
9851 9887
1288 1240
2495 2166
2080 1727
7105 7564
4328 3602
45 741
9376 9244
95 606
7958 8186
6120 6500
23 660
65 933
2009 1075
2987 2846
2904 2128
3623 4572
8558 9139
3804 3912
5066 4610
4927 5811
62 771
6715 7030
5890 5267
5479 4717
811 1029
5152 5322
7395 7091
4998 5550
8665 8121
6442 6556
8658 7846
4413 5150
2249 1381
7375 6773
3023 2792
8212 8542
7459 7679
4643 3767
5874 6840
2623 3379
6697 6974
10099 9666
3255 3600
2339 1558
3914 4071
6234 5887
8311 7656
28 529
72 298
6284 6351
9542 9681
7313 8259
5612 5118
6094 5769
4824 4152
3300 3916
2576 2275
8264 8562
10105 9814
34 420
4197 3857
6692 7224
5222 5818
3977 3680
7398 7937
4310 5125
8276 8216
5960 6690
4466 3922
937 1851
815 1738
3105 2555
4253 5236
62 485
8406 8502
1785 1346
2244 1782
6600 7071
36 947
2910 3193
3083 3584
5744 5417
5922 5609
7326 6621
4796 4713
7304 6695
4781 5728
7458 6822
5716 6398
7179 6188
53 525
5402 4497
6446 6678
1061 1276
9207 8614
9206 9422
6588 6970
7148 6504
5764 5448
8607 8798
10646 9827
6126 5633
56 358
6614 7593
3980 4796
2565 2147
7526 7653
7239 6664
3037 2111
3004 3039
3322 2928
1598 2440
7283 7486
6428 6742
3791 3007
8847 8745
4036 3772
58 48
9523 8891
4153 4115
8342 8474
46 521
8700 8556
8446 8094
98 151
8224 8152
7542 8069
83 930
8459 7892
2736 3587
6203 6476
10059 9442
4774 4021
91 237
7474 7869
56 844
8247 8554
8751 9129
2547 1564
9115 8514
6167 6542
6338 7011
3469 4188
9477 9340
6833 6510
3337 3792
6739 6738
5383 6316
3651 3660
4356 3420
6358 6420
92 12
5630 4637
1851 2626
6647 6669
9336 8447
7270 7372
3589 2900
54 649
9515 9860
4623 5431
8905 8403
3284 3836
2324 3010
7132 7151
5470 4827
7500 6788
4085 3384
3254 2370
6586 6401
6903 7306
4721 5041
9723 9393
7068 7705
8810 8336
5031 4491
7403 7096
5590 6342
5910 5036
10375 9407
7660 8245
760 1347
9689 9511
4320 3559
11 990
6240 6995
9415 9452
10209 9384
9610 9775
3307 2684
6700 6677
4221 3916
9540 8645
7708 6870
5526 4725
1983 2216
9436 9085
3475 2748
2202 2273
2874 3683
7453 6795
2352 2670
1088 1452
84 812
2137 2577
8036 8112
10074 9962
4797 5110
1836 2168
7416 7148
5042 4133
1479 2349
2013 1070
467 1144
2986 3539
5158 4734
5909 5941
2979 2343
6547 6932
9202 8618
5632 4643
3653 3707
10795 9848
8188 8608
5273 5565
9280 9348
8265 8654
7543 7603
2245 1645
5719 4759
1003 1190
7230 7118
5475 4781
1992 2275
4945 4217
11 336
1768 1115
8712 7872
8962 9347
4915 5797
5319 4942
8995 8718
48 761
1141 1259
7921 7111
10656 9811
7458 7899
3796 3088
9108 8599
2882 3069
3275 3532
6957 6823
7753 6993
4211 3963
8858 7943
7916 8822
2809 2518
6265 5593
6718 5819
3551 4321
3695 2956
3692 4445
80 230
5349 5873
1774 1718
8254 9038
7030 6746
9193 8540
6985 6434
3045 3179
90 81
3055 2439
3687 4342
3901 4066
7093 7919
4780 5338
1753 1095
2649 3565
7943 7514
9511 8684
7393 7455
5478 5630
7453 7520
15 547
8127 7248
6072 6773
9889 9578
6144 7139
9381 9351
5592 4791
7548 6732
916 1620
9949 9204
1672 2425
3216 3635
9810 9982
9429 8873
8177 7184
20 607
5566 5175
3118 2697
7677 7494
951 1080
9134 9104
1299 1555
6275 6494
5708 6442
10222 9612
6913 6249
5628 4817
6847 6010
1977 2135
10053 9521
5951 6223
89 97
4404 5076
2313 2562
6748 7173
8078 8370
9694 9669
7633 7614
9341 8767
1896 2233
1398 1051
8165 7523
9875 8966
4898 4504
5253 4649
9195 9139
6525 6971
71 679
2637 2842
8432 7710
71 459
6868 7710
54 765
7992 7333
1142 1592
7058 7039
5488 6406
1391 2185
3988 3043
40 900
1989 1347
6036 5495
7471 7809
6261 5469
14 769
9495 9989
4210 3236
4670 4717
14 495
6989 6273
8703 8458
46 812
6181 5715
6484 5512
966 1720
8074 8162
1079 1378
5470 6360
1285 2147
6061 5750
3850 4045
9876 9771
9850 8864
2435 3084
9225 9462
7664 7033
7674 7849
7195 6493
2701 3206
5431 5845
6289 6445
9352 8734
6525 6566
9310 8925
3652 4449
6405 6643
78 236
58 641
4278 3752
6148 6142
1265 1677
7223 7181
3456 3241
8324 8518
5632 5363
9803 9625
489 1066
6568 5610
7372 8158
2464 1838
21 725
10181 9252
7729 8592
3825 4026
9837 9862
60 916
5722 4912
68 45
4628 4230
2983 3667
9209 9686
6651 7365
61 702
4042 4477
6562 6173
899 1346
7422 6756
2417 1873
1986 2963
2383 3128
2145 1212
6726 7003
4461 3750
8475 7882
2622 3161
6771 7365
2617 2638
6819 7338
3323 2780
6586 6803
14 433
2420 2678
2297 1699
9683 9409
3730 4288
8245 7473
25 147
7783 7843
8845 9046
4940 5180
7325 6865
9458 8956
63 950
7057 6547
3379 3057
2013 2332
4426 4637
3967 4615
8797 8234
1848 1619
7735 6927
1140 1183
7700 7120
9386 9213
6813 7713
1123 1153
508 1474
27 501
650 1466
5240 6117
8161 8017
9503 8839
7879 7426
7695 8010
3732 3230
4087 3613
8067 7936
4646 4449
9737 9484
2270 2659
6559 6855
5382 6221
3844 3823
8125 7779
6898 7716
9031 9698
4212 4418
2155 1444
7285 7149
1581 1445
29 326
4699 5280
7280 6523
3619 3323
3704 4607
4853 4943
54 96
4656 3824
1547 1826
1023 1714
6241 5645
6421 6061
8980 9939
5279 5867
8725 8250
95 415
9747 9954
7761 8006
3278 3192
9870 9678
89 923
7950 8877
6495 6649
9680 9403
3019 3948
2203 2904
8338 7635
6036 5371
5798 6647
25 118
6489 6023
5748 6095
3682 3501
2015 2800
6105 6115
4322 3712
638 1199
7599 7500
8470 9235
3366 3667
8171 7809
6588 6684
2878 3437
8742 8926
3588 2753
3833 3054
7418 8055
9494 8509
21 173
66 210
76 350
5299 5893
1434 1208
3166 3536
7592 7016
8843 9535
4967 4349
9381 8573
7769 8324
9043 9424
2121 2627
38 707
9782 9034
9215 9679
8864 8453
5511 6202
7438 7775
405 1391
2853 3263
8344 9159
842 1825
97 692
1256 1983
73 99
8414 8022
7561 7153
4868 4324
4491 3886
2448 2880
76 188
8919 9121
56 226
1823 2365
5112 5669
7160 6183
5817 6307
3232 3296
9967 9362
8340 7687
61 392
5661 4663
6470 6343
1675 1769
3168 2810
3863 4218
5976 5122
4819 4934
2001 2345
5430 5016
5182 4596
5811 5780
9390 9696
10219 9800
8002 7897
4212 4245
8527 8171
6057 6112
5989 6447
7999 8701
7487 8182
10760 9913
7485 7456
91 634
7670 7096
1624 1195
6015 5260
6629 6958
56 756
8087 8176
10296 9454
4356 4869
8207 7428
76 950
3000 3532
3502 3350
7771 7287
4604 4127
9178 9530
5071 5866
6829 6106
9667 9149
85 636
6609 5617
17 368
3621 3413
7925 8407
5620 6062
4920 5496
2711 1990
7546 8471
89 163
1901 1289
4156 4551
7687 7863
3517 2885
5757 6241
3616 4193
1409 1118
10033 9358
9495 8899
4261 4745
6963 7934
7866 8450
6622 7543
3273 3896
7072 7529
3369 2392
5152 5867
6428 6411
6486 6879
784 1429
6746 7293
8094 8021
47 266
8398 9187
4431 4408
3770 3313
2931 2824
9128 9635
5081 5081
7080 8055
18 546
1522 1356
338 1287
68 585
2965 3481
9364 8420
1446 1617
3197 4060
6378 7136
6014 6214
937 1487
4711 3914
8389 9099
6942 6729
6313 6273
9199 9032
10568 9597
84 605
2570 3391
8398 9197
8799 9332
9092 9637
5592 5834
3955 3696
6678 6089
3399 3811
8092 7793
10789 9880
3676 3779
5547 5574
3991 3878
7400 7647
7003 6112
10029 9186
7634 8266
9648 9965
18 867
2987 2347
7213 7293
5082 4501
7877 8436
28 13
8722 9649
2306 2729
6136 6124
2944 3899
4412 4784
60 833
7467 8158
3349 3267
10206 9881
3764 3275
17 496
3616 2912
9052 9025
4866 5639
5133 5134
3284 3081
3646 3844
6755 6114
7337 7748
5176 5912
7331 7025
5299 4989
16 346
4838 4171
7251 6830
4435 4404
3554 3280
9841 9848
5813 4836
94 616
732 1049
46 1008
3846 3062
7240 6322
8854 8924
4019 3918
8384 7886
8003 8949
8623 8371
77 871
5960 6127
3195 2947
8213 7279
9248 9404
4396 5206
6837 6430
7280 7506
3157 3427
1487 2148
7969 8189
2509 2695
10324 9937
3531 4021
2542 2790
5530 5413
7906 7930
7303 8024
1869 1287
3527 4480
8176 8137
1623 2205
6923 6819
2123 3026
3170 2765
9176 8458
6050 6965
7039 7711
8501 8676
2947 2801
7504 7309
5213 4424
2001 1937
6350 7226
5087 4167
1345 2005
6772 5961
1898 1819
8511 7902
1256 1322
3917 3379
8514 7729
95 751
6479 7300
3970 4398
9812 9060
8931 9634
73 664
99 411
79 277
7852 8138
4820 5062
6945 6208
5976 6545
3191 2931
3725 3207
5321 4387
6950 7247
9020 9746
7454 8327
2480 1550
6482 5854
6205 6114
41 851
31 210
8517 8269
5212 4686
7114 6552
3883 3048
9059 9703
7565 8110
51 606
13 761
6531 7022
6185 6609
6264 6415
3957 4251
9207 9225
1547 1632
3930 3764
90 244
2257 1698
3199 3589
7763 7078
9781 9001
9427 8991
83 626
3964 3426
2605 1777
7445 6995
2928 2864
1454 2298
96 126
85 573
4240 4085
45 313
2094 1185
9930 9535
6851 6416
8740 8224
2585 3042
3956 3481
4378 3951
8671 8672
6801 6737
45 315
3326 3957
8246 7492
4293 4143
2475 1679
6409 6639
3885 4312
4797 4008
5858 5381
1934 1049
2986 2399
2667 2474
5164 5401
4980 5273
9977 9784
6335 6401
2650 2925
7729 8699
6907 6369
3535 3716
6151 6730
903 1663
2220 2646
511 1292
3430 2826
4799 4180
2605 1721
2559 1916
6057 6378
7144 7484
7781 8294
2032 1306
7094 7651
5214 5126
9569 9582
1163 2071
2330 1729
4350 3874
91 964
5070 4869
10110 9706
7498 6661
822 1769
2785 3661
6074 7034
4414 4748
7896 7662
8742 9112
3615 3828
9325 8525
2024 1672
6560 7513
9744 9025
6450 5656
2324 2143
100 564
7419 6540
4674 5153
2473 2871
6378 6996
9888 9871
937 1312
8683 8521
4060 4928
1641 1181
1074 1390
10469 9865
7481 8473
3369 3352
1042 1845
4769 4202
8891 9832
5641 6342
4580 5564
5241 5986
5868 6606
1983 1671
9535 9790
8514 9264
61 149
3135 2450
89 592
2953 3062
3123 3438
5430 5791
9598 9647
2057 1631
8365 8292
3208 4143
25 580
5488 4640
9612 8873
1932 1086
7904 7734
7423 6576
5166 5748
1044 1569
7963 8610
10108 9331
9650 8839
87 285
3762 2895
5410 5514
1705 1700
3268 2762
7840 7197
8401 8579
365 1194
5756 5483
7786 7428
3462 4171
8034 8312
2175 1896
8866 7886
6345 6186
53 1001
9139 9512
3786 4518
2645 1855
3885 2926
7225 7927
4501 4073
2778 3715
9301 8791
6285 5346
8961 8771
4542 4841
7071 6809
4124 4255
3661 3885
6979 7489
8410 8094
2621 3416
3908 3909
6021 6997
4900 5775
5384 4720
1624 2154
9508 9591
3133 2494
3554 3727
57 503
4046 4322
8332 8858
54 459
88 799
2403 2315
6252 6684
42 93
6198 5931
2158 2851
3140 2906
4491 3633
1345 2335
59 97
5325 6108
4148 3666
8414 7580
9896 9182
7925 7531
3978 3730
567 1170
10474 9745
5097 5753
9064 8910
4389 3768
9358 8432
3453 3590
3741 4068
2311 3162
2603 2454
10216 9915
5762 6674
5663 6511
6917 6918
7860 8798
8923 8961
24 478
1330 1770
2358 1448
893 1400
3653 2839
8786 9340
1736 1282
2543 2000
2836 2406
3317 3762
9588 9371
3977 4769
732 1344
9806 9557
4183 4735
9754 9453
6219 6762
6551 6527
9178 9142
5469 4937
8588 7594
8913 8039
5777 6307
24 672
7071 7934
2039 1664
32 291
4033 3266
3279 2280
7860 8343
44 794
8596 9388
7135 7481
9180 9879
89 686
7692 8338
4668 5175
2496 2678
9931 9735
8713 8300
6849 6546
34 198
2858 2481
4401 3922
4717 4771
9572 8903
19 332
500 1421
4241 4415
5839 6753
90 995
580 1345
2193 2075
7595 7240
10024 9341
1979 2712
7972 8569
58 763
7913 7355
7327 6892
6507 6118
3602 3661
1923 1614
5768 6279
1697 1876
2972 3918
5017 4155
2988 2361
55 733
10650 9974
5345 4767
9246 8617
22 146
5167 5242
4436 3645
6512 6284
1175 2012
10268 9655
8075 7727
9661 9119
5204 4920
6217 6251
3467 3325
6054 5427
1604 2147
5610 4745
5597 6345
7640 7388
8244 8866
9727 8774
1949 2761
10209 9995
854 1775
2639 1998
7531 7426
9936 9595
9082 8951
5155 4920
7191 7428
3296 3524
5813 6022
2835 2711
4705 4039
7408 6476
7567 7642
7705 7275
4736 3819
3499 3956
4464 3951
7154 6619
5745 4852
604 1558
78 587
7522 8222
7768 8327
10435 9541
4171 4861
4163 4118
2131 2009
2852 2099
6431 5832
7395 7216
1572 1754
5813 6737
1071 1107
3624 3582
7208 8153
7311 6750
5764 6566
6760 7650
79 281
7962 7676
8365 9282
2828 3113
8808 8051
1998 2942
785 1706
10197 9287
8373 9068
3438 4056
5290 6013
3246 2872
68 39
7624 7874
1448 2198
8298 7323
5743 5953
4825 4128
45 399
7052 7945
4963 4697
4803 5740
1857 2470
3417 2941
4898 5794
4736 4821
8906 9693
8310 8455
7419 6932
1362 1051
771 1699
8757 8116
8971 8055
8111 7269
6788 7096
3344 2426
4270 4043
1468 1854
82 762
2787 2268
10444 9588
9196 8357
8723 9373
1586 2512
1829 2003
5526 6058
2023 1465
4234 4516
5541 4669
3662 4401
9547 8898
4782 3877
7233 6669
8011 7402
7918 8872
2257 3183
6876 6558
6987 7737
3458 3098
10 303
508 1392
45 984
4896 5734
1547 1041
7034 6302
6996 6903
8660 8604
9720 9892
8905 8850
1975 2905
8292 7853
7719 8108
4249 3975
14 709
7436 7553
9386 9986
2720 3427
6865 6860
85 366
4629 3695
1498 1553
1835 2466
47 507
7986 7268
6447 6857
8585 7816
824 1150
5555 5749
7486 6627
1612 1163
6377 5739
3006 3431
2104 2832
7918 8722
6712 6257
7752 8503
2224 1776
8530 8820
8668 9484
1214 1602
7230 6445
98 878
6216 5850
2580 2727
4101 5011
5652 5659
4106 3195
53 624
4654 4866
7011 6667
23 498
6321 6814
1856 1320
9985 9653
4802 4608
5191 5572
10793 9834
7063 6097
10910 9917
4844 5314
779 1519
1783 1693
4121 4926
8230 8250
5085 4962
3244 2390
1966 2168
2258 1728
6909 6654
2874 3560
7164 6769
2109 2210
8290 8933
8514 9305
1527 1654
5175 6171
5274 4837
7502 7767
9234 8755
3029 3082
2086 2000
1360 1729
9729 9525
4907 4593
4048 4133
4687 5540
2887 3528
7798 8318
5397 4552
10491 9521
7937 8087
5796 5857
21 18
7083 6261
1685 1782
804 1568
2163 3139
4275 3629
1586 2443
8906 8540
8841 9300
9766 9422
8749 8712
4856 5554
2535 2742
6152 7001
1072 1745
2494 3413
5414 4860
7540 6965
6596 5757
6239 5297
3476 3458
3796 2843
6458 6114
3268 4145
2727 2496
2584 2657
5997 6004
2348 2278
1198 2183
7996 8860
2937 3195
654 1229
8978 9428
4856 5276
5039 6000
3405 3220
5603 6045
2037 1755
6563 7550
3780 4264
46 340
5936 6562
4767 5387
1520 1785
3266 2765
6831 7018
3481 3492
2563 3280
8675 8433
7741 7391
5139 5475
3793 3759
4238 4609
9631 9049
3491 2550
4530 5085
9280 9242
6971 6860
72 774
3129 2583
5704 6434
1607 1044
9814 9903
2101 2532
3512 2651
5314 6155
8864 9267
4256 3270
7055 6704
4789 5251
3467 3817
6980 7036
7791 8348
1707 2674
9472 9069
9876 9951
2618 3235
4639 4887
10501 9763
8796 9543
408 1246
5870 6302
4140 3141
1095 1414
651 1451
7440 8033
1590 1956
45 646
8914 8405
8775 8711
1753 1706
9018 9705
1754 2042
7092 7592
8311 8861
3623 4283
5677 6497
8600 9327
9313 9519
8991 8700
5078 5646
720 1502
1092 1891
827 1050
3929 3267
2150 1374
13 939
1331 1253
8273 7296
6438 5758
61 812
5713 6533
33 806
4786 3973
1756 1647
6975 6751
5080 4731
7720 8221
5331 4828
5771 6212
7352 8009
57 834
2561 2958
4811 3977
5352 5584
6425 6354
8290 9116
2938 2895
5508 5171
5381 5081
9109 9536
8457 8638
9661 9199
4631 5616
5075 4131
47 685
8688 8869
7833 7704
17 389
8498 9291
9417 8483
2448 2163
9366 9253
4339 3955
7011 7811
4094 4471
8453 8401
7029 6965
2546 1801
22 12
1472 2380
8488 9165
5474 6313
3179 2257
3671 4149
8759 8718
3389 3293
6725 6147
1807 2684
8608 8833
8796 8302
2229 2885
6383 7369
4872 5493
4619 5370
10376 9770
4716 4160
6106 6634
8535 8381
9214 9842
4161 3244
2666 2622
4724 5335
8764 9471
48 860
32 935
4573 3631
5810 6807
1912 1936
1658 2560
8302 9134
9320 9577
4917 4142
3215 3134
4841 5180
6204 5510
7223 7846
8941 8296
4117 4789
4545 4072
2327 1362
3296 4266
2256 1520
1707 1598
6763 5986
6184 6804
7275 7348
1845 1163
9552 9066
74 434
2886 2330
6104 5848
2878 3347
6767 6450
1989 1613
4284 3557
2488 1724
8796 7965
2359 3023
9321 9352
3555 3635
3473 2795
4946 4949
10603 9976
7783 8289
34 119
84 605
5418 5903
4406 3594
7334 7080
9739 9312
2245 2747
7617 6703
9017 8953
2042 2573
7735 7375
9812 9930
8858 9343
4983 5188
57 211
1739 2146
7433 6993
4679 5661
47 342
4198 3536
8917 9510
9185 9366
62 213
8527 8837
7144 7314
5228 5914
4018 3349
6010 6943
5872 5064
3407 2867
43 251
3967 4537
5905 6100
3164 3377
5768 5898
2826 2420
7799 8578
21 281
26 595
10388 9832
1795 1012
11 402
3171 2946
73 317
6426 5609
6446 7398
1900 2878
7204 8021
5197 4992
7549 7706
7169 7251
83 689
3670 2701
98 829
757 1272
8590 7942
5866 6688
5011 5838
8736 9609
8376 7380
4112 4361
4385 3912
8456 9043
5810 5003
5652 5657
52 437
10230 9697
3594 4274
4954 5195
4172 4149
2086 2087
4562 5177
7908 8243
3566 3854
7924 7898
79 224
8181 8676
5473 5966
22 83
5522 6051
313 1137
2382 1920
9616 9350
4011 4059
5048 5840
9236 8598
5313 5585
2702 3262
6597 5810
8561 8686
2178 2079
1648 2303
3493 4105
3233 2978
7841 7358
9039 9155
4298 4837
6798 7253
8488 9200
6587 7319
841 1739
9064 8789
8506 7544
8267 7754
7859 7151
5749 6074
5091 4113
7559 7780
5316 4699
7283 6662
6119 6777
8304 7697
9984 9047
5163 4679
9020 9274
3146 2654
8907 8301
6767 6465
2033 2058
3044 2543
2317 1778
3117 3784
5816 5258
100 873
9028 8684
2339 1831
7288 8135
2151 2921
8042 8239
2488 2197
4387 4335
4801 5702
4653 4751
5051 4380
9374 9160
9459 9498
5122 4922
4967 5913
7205 6844
31 633
5029 5156
4997 4906
8172 7709
17 14
1482 2233
9283 9878
6006 6940
4593 4494
2760 2028
8334 8686
6608 6925
4376 4350
2446 2562
5793 6557
5001 4641
77 955
1092 1083
8658 8953
3338 4152
6034 5967
1668 2145
32 584
7112 6137
8251 8911
2393 2124
5677 6414
7106 6820
9837 9389
10193 9466
6496 6329
7087 6389
2899 3245
2376 1539
4111 5027
7698 7590
6288 6632
66 477
7903 8067
8087 8622
727 1024
7419 7804
697 1608
6521 6972
5997 6207
2709 1976
4205 4366
2043 1809
8568 8046
3111 2224
4326 3681
9679 9760
5517 4836
2918 2945
79 714
2487 3363
2578 2345
4310 3834
1529 2156
8772 9224
6501 6525
10535 9678
4442 5306
7387 6996
8826 8356
7087 6264
2632 2644
6346 5539
4074 3227
8657 9423
6909 7844
6035 5254
6981 6315
7961 7963
5883 6386
1004 1175
61 188
7889 7088
5735 5401
7528 8335
3818 4265
6940 6054
7448 8084
1666 2548
5507 4606
4498 4894
4392 4821
3692 4561
5457 5174
8797 8875
8105 8942
3517 3332
878 1327
8426 8015
4467 4817
9304 9265
37 949
41 868
4851 5460
7777 8144
4323 4711
2152 2477
3975 3145
10628 9709
10222 9316
66 684
4965 5284
6936 7502
2622 3601
4574 4405
929 1017
4487 3969
8129 8279
6880 6065
2474 1645
710 1331
5986 5446
396 1092
8524 9455
7173 6249
3869 4025
1849 1793
9630 9928
6955 6271
1378 1224
2873 1939
10238 9760
8856 9831
4297 3984
3832 3551
5265 4371
2402 1663
6402 6441
4553 4570
674 1518
6935 7775
7387 6487
7913 7843
6201 6155
1059 1574
2780 2354
3611 3019
2049 1556
8009 8991
1035 1177
2530 3356
35 406
9539 9607
5723 6605
3487 3513
6077 6124
3667 3476
5125 5090
2122 3010
5523 6206
95 408
7841 8748
4802 4294
4330 3682
2456 2702
2835 2765
7385 7396
554 1083
5221 5872
9892 9209
9847 8929
3085 3606
1798 2480
8956 8639
5778 5956
2444 1649
5166 5949
6265 6215
6204 6680
697 1471
3091 3876
9802 9964
5210 5634
6182 5632
7324 6528
5305 4902
4635 4376
2229 3144
7082 7292
7205 6603
5711 6510
5923 6347
1519 1422
6859 6119
5378 6215
6302 6595
5487 5982
7670 7034
9071 10000
7579 7432
7996 8769
8106 7113
3690 3242
3665 4593
8409 9187
6324 6406
3787 4277
9112 9828
6457 6348
10731 9910
5464 5673
7185 7646
6018 5227
4315 5285
3720 3436
7519 7859
3722 3322
8219 8191
2408 2305
8393 9054
2535 2098
8150 8522
32 625
4623 3635
2191 1989
18 289
3628 2901
7590 7534
3360 4311
7042 7993
8573 8632
10398 9574
3085 3999
13 772
5711 4875
2244 1686
8567 8778
5201 4269
8966 9413
6992 7498
1776 2763
4008 3902
2696 3499
7424 8348
2349 2108
3962 3633
7546 8327
1486 2267
6215 6892
8107 7785
6398 5670
4948 5757
7759 7305
7186 7659
3647 4100
3287 3139
8835 8988
8124 7671
2899 2795
4061 3492
2042 2080
2286 1644
6819 6300
4211 4598
994 1661
5128 4576
3572 3681
9613 9860
8273 7628
6581 7557
174 1087
13 53
8526 9434
5207 4409
7892 8425
5536 6318
10218 9546
8367 8563
9742 9006
2268 2814
83 653
5296 5925
8864 8039
1996 1640
4216 4123
3849 4396
3729 3441
6883 7118
10502 9519
3723 3730
5781 5515
4192 4960
4960 5562
6332 6324
1734 2174
94 959
7508 7641
8986 8777
20 812
7296 7024
4301 4336
6731 6988
24 973
4147 3413
87 22
4890 5579
8209 8531
5659 5035
8009 8256
3078 3023
9250 9964
7847 8456
4720 3826
88 603
76 917
1460 1047
6459 6904
5138 6134
5605 6450
8739 8764
842 1038
8917 9003
80 460
6091 5107
8260 9031
5129 5118
9132 8206
100 114
514 1476
7203 7154
7559 7031
8682 9581
1077 2057
9370 8613
4798 3937
55 848
64 1003
676 1265
8310 7594
2503 3460
5965 6255
2428 2983
8610 8731
2864 2893
1121 2005
5882 5542
8237 8164
7413 8250
8432 7676
8453 8463
81 215
10313 9464
6131 6618
7989 7408
9304 9975
7020 7492
7433 7681
51 626
3304 2753
8797 7913
8138 7497
100 163
2060 1198
1434 1325
3696 3173
27 309
4906 4235
5128 4446
8891 9641
6234 5853
6024 5651
2724 3662
6032 5085
6465 6391
5938 5151
1836 1976
5126 5945
8912 7954
2613 3216
8260 8056
46 125
5934 6490
2356 2333
9531 9750
8818 8219
6270 7055
82 223
5821 6536
5513 5485
4826 5086
3764 4247
9350 9915
5128 5047
6655 6949
8067 7785
4889 5793
3997 4107
90 40
5156 5414
5674 6578
6911 6691
3962 3248
1753 1321
4729 4823
9150 8586
8127 7400
6918 6748
7700 8673
8816 8559
2703 1738
2891 3753
4211 3294
5477 4723
3894 2930
9166 8405
6146 7061
8014 7887
10561 9952
2915 3771
6100 5184
3106 3778
7206 7733
9351 9652
77 25
6665 6808
1886 1172
8078 8572
4154 5138
50 775
6589 7393
676 1594
9790 8937
5478 4750
5412 5124
7592 8394
99 1007
10 97
1259 1873
14 509
5541 5897
4544 4196
8738 9626
4735 4774
9914 9680
5086 5370
9059 9164
6702 6161
8655 8782
7022 7159
36 791
3527 3903
1408 2151
2076 1732
4409 5048
3431 2616
2358 3120
9077 9297
4057 3458
3044 3508
903 1763
10041 9348
2401 3340
8871 8798
9428 8550
2618 1749
8805 8494
5080 4817
2064 2769
8940 8931
2425 1993
1998 1128
6923 6283
8410 8823
2056 1570
4255 4703
1169 1602
2671 3218
7081 7589
8579 9427
8145 8366
8014 7995
949 1319
1173 2052
7213 7015
5974 5675
5044 5037
44 427
2405 1825
6744 6969
3609 2848
4923 5016
1316 1432
3943 4920
7960 7044
67 535
5680 6603
8663 8875
3102 3470
4538 4440
8638 9193
2757 3445
8078 8891
2837 2133
1606 2596
2053 1742
9581 8698
1777 1053
7427 6760
94 813
9275 8656
39 203
3025 3296
88 134
7701 7850
6601 6826
8820 7939
2621 2724
119 1017
922 1829
10384 9413
8382 7507
1703 1855
4859 5198
8798 9097
7655 7697
74 529
1429 1020
6235 6064
7091 7059
7471 7112
77 63
7761 7335
6964 7258
4260 4732
5035 4996
9257 8883
1414 1920
6164 7129
6668 5900
7634 6837
37 737
4594 4460
3749 2900
3344 3136
5701 5809
1751 2165
6826 7688
787 1745
4488 3617
1106 1458
2507 3118
1900 2305
82 776
6469 5993
42 129
36 203
9657 9259
3962 3281
6666 6717
6719 6258
3084 3652
3404 4214
7825 7235
8452 9409
4976 4424
285 1225
3169 3485
8313 8619
9807 9038
6144 6662
6732 7387
7620 7063
4329 3343
4672 4982
9502 9576
26 919
5269 5228
3766 4575
10106 9193
6943 6198
3293 2809
5987 6029
7610 6701
6098 6784
50 689
68 784
7464 7894
313 1074
2425 2390
523 1232
76 850
16 631
8157 8475
2609 2172
4602 3606
6569 5971
3734 4544
7305 8039
3002 2472
1084 1837
48 145
2424 2696
8773 9118
43 471
2336 2039
7070 6095
90 591
35 864
5179 5723
6950 7744
97 941
8179 8911
7593 8340
6916 5969
6819 7265
810 1516
2691 3323
5004 4322
1355 1047
2402 3399
9747 9312
5676 4912
9080 9382
7509 7627
4086 3759
2270 3125
2604 3387
2898 2503
3838 3562
8415 7728
6126 6719
2125 2703
1684 1357
4254 5178
2293 1794
8511 8879
47 827
1840 1708
7216 7647
100 104
8576 8347
2845 2939
2272 3131
1897 2790
34 39
2555 2463
2644 2052
3796 4461
70 641
8593 9008
4662 5378
8677 8928
6314 6087
4422 4619
7795 7821
30 676
6414 6621
3172 3413
11 605
2541 2918
4982 5034
6980 6432
4459 5194
6742 7684
66 408
5895 6563
5405 5171
3666 4394
10687 9738
7504 7090
8955 8158
5564 6469
6379 6279
2660 2453
8065 7794
8083 8639
57 282
5829 6204
3191 2198
3104 3103
9402 9158
2280 1655
8585 9191
7941 7303
4177 3928
7275 7400
3461 4284
1467 2369
12 677
2890 3505
6582 7101
2375 2350
4857 5717
8030 8498
4087 4013
72 845
4009 3199
58 226
6189 5385
5039 5691
9011 8382
28 246
63 215
3729 3834
3530 3292
3547 3126
5368 5143
3338 3670
5070 4972
21 146
6218 5995
1563 1064
2094 2578
78 358
1780 2698
10 163
2548 2485
5539 4985
9307 8651
2787 2403
8776 7982
3122 2670
35 815
8230 8961
3713 3151
2868 1923
6615 5651
5915 5991
10555 9974
5684 6131
9422 9259
2647 2199
67 837
7042 6420
91 321
6698 6263
1169 1985
1541 1092
4034 3091
3794 4640
7587 7792
3101 2586
852 1851
9763 9953
4252 4351
6857 6779
5386 4546
7307 7983
8853 9482
29 928
8860 8154
1899 1239
8375 8153
5633 6219
2860 2585
7195 6527
3671 2841
999 1763
1675 1968
6865 7372
2840 3296
9599 8632
6337 6617
1654 1332
3998 3841
7228 7519
5154 4365
7203 7052
5797 5182
8558 8638
10353 9895
17 714
9744 8820
4535 4066
8970 8295
3434 3189
9046 9581
3276 2892
3913 4063
9187 8268
5886 6860
5351 5150
2551 1774
4143 5027
2379 2850
9560 8817
6064 6974
85 709
6681 6290
9012 9364
7436 7669
1246 1955
9974 9691
5831 6091
10417 9464
4022 4201
6574 7211
10668 9952
8394 9170
9773 9670
6202 5811
58 475
6843 7602
13 617
5976 6164
69 907
7716 8076
4005 4956
1977 1436
50 430
63 988
3071 3602
3955 3229
4879 4778
755 1188
2944 2698
2831 2896
2141 1648
37 686
9239 9219
5742 4988
7167 6604
977 1600
3899 4309
5225 5355
3990 4314
5798 5844
9441 9377
7730 7976
44 87
83 68
4202 4838
9038 8913
7567 7302
4811 5441
8413 7572
9736 9624
751 1341
4085 4589
1382 2090
46 97
77 182
9312 8686
2128 2984
2573 2095
5874 5619
2160 1646
8536 9245
13 480
2706 2820
2270 3163
4256 3531
2713 2193
5499 6257
4253 3500
8846 7996
8687 8053
7954 7201
7893 8180
85 465
5920 5518
6313 7150
1624 1784
10073 9661
33 696
8223 8466
5563 4995
7458 8041
3186 4150
55 1007
8408 9187
45 955
43 68
9207 9696
6404 6230
8006 7057
7632 8211
576 1571
1887 2125
3654 4631
2407 2671
4815 5489
10065 9778
7704 8571
7367 8081
30 519
11 435
2679 2764
3579 4263
3305 3273
2271 2363
88 982
1903 1452
33 254
30 922
9330 9830
7047 7812
5605 5473
4818 4678
9442 9889
3477 3735
3917 4675
3540 2978
2297 2854
7543 8067
8512 8397
78 182
8624 7715
61 45
2523 2229
6499 7072
9022 8649
962 1492
1191 1993
7956 8720
6608 5769
8998 9001
4299 4750
1801 2125
4190 5088
7085 7639
2463 2959
9883 9212
6326 6163
2541 2089
9269 9947
8168 7576
4362 5242
4330 4361
8441 8221
5561 6433
1378 1132
4725 3924
5735 6136
4638 4264
2523 2970
4551 5094
78 525
30 194
35 438
4246 4860
2337 2356
3446 3210
78 265
5236 5404
2992 3221
2877 2111
6148 5461
6567 6356
8607 8715
6907 6182
4716 4103
8248 7447
5616 5241
6965 7522
8176 7875
2615 2851
5846 5271
2839 2880
3244 4139
70 669
3114 2592
7378 7284
7219 7457
1658 2106
7344 6732
3470 2481
4514 3628
4551 4431
5225 4428
7746 7292
65 348
7744 7645
1597 1236
10503 9918
2399 3269
1494 1078
3815 4169
4373 4837
8504 8195
7740 7273
2501 2778
8712 8053
3180 2379
8032 8655
6152 5264
63 285
4205 4937
1778 2699
8087 7548
4927 5062
1195 1597
5265 5432
6297 5454
3308 2822
9558 8859
6621 7158
9861 8906
4402 4592
1331 1900
1643 1363
64 781
8713 8908
100 956
52 803
53 838
9148 9780
9574 8824
84 523
3133 2220
26 965
8556 9302
7598 7639
53 954
8951 9160
3277 3480
77 267
3184 2692
6370 7202
4480 5362
7830 6917
9331 8417
28 914
7418 6875
9367 9958
3317 2417
8269 7612
2646 2133
5555 4577
9887 9516
5902 6012
6086 5830
9142 9322
4650 5598
5849 6321
28 500
9306 8591
45 708
3517 3016
9982 9150
99 102
88 871
4999 5410
1488 1227
43 343
1759 1856
2678 3118
3563 3119
5785 6475
6732 6101
82 933
2879 3242
7134 6339
86 385
8991 8642
8150 7841
2067 2507
3931 3996
8490 8422
5704 5975
5338 5996
3195 3787
9818 9143
5431 5121
6040 6885
7947 8867
2227 2988
6076 5168
5898 6231
5502 6143
1044 1315
60 547
1915 2379
7797 7333
5658 4727
9251 9113
8143 7351
71 618
7280 7684
7615 8282
2698 2733
6785 6331
6159 5440
592 1288
7685 7664
59 320
2069 2836
6092 5957
8864 8993
60 22
5728 5336
2234 2032
9177 8479
86 362
47 692
1717 2679
758 1746
769 1233
1604 2361
9528 9493
9551 8937
6693 7145
4000 4959
2063 2274
65 692
10015 9691
33 911
10637 9992
42 779
7043 7709
1170 1078
7097 7624
1844 1701
3694 2783
5817 6512
8567 8874
7455 6459
4068 3524
6712 6199
9186 8268
1843 2496
70 62
7486 7649
94 538
1639 1626
8443 8116
1306 1853
4246 4879
5179 6110
4854 4922
6204 6556
96 797
8263 8001
1128 1808
4491 5179
9512 9066
1846 2597
4285 4220
5377 5075
6680 6718
7143 7309
2327 3102
3220 3005
5093 4869
3691 2705
4300 3619
9210 8768
6101 7011
3110 2149
4941 4430
5726 4825
5474 6220
5505 4907
9400 9748
1756 2476
3349 2555
9018 8458
6929 6345
5531 4899
850 1358
9457 9821
7810 8419
5524 4917
9820 8824
8420 7609
5955 4991
2264 3174
24 119
8478 8771
2707 2238
18 685
77 366
4578 4331
10067 9667
3613 3358
2600 3325
7969 7886
2213 2126
6667 5981
8771 8631
6837 7292
1577 1091
7197 6932
2948 2806
10175 9258
6683 5892
9359 9714
4647 3878
5117 5972
4839 5130
6240 6748
1705 1504
1702 1178
4823 4972
1757 2653
8743 8886
2551 2658
9054 9091
62 453
3901 4095
69 871
5338 5803
7010 7960
6982 7392
3322 3843
4691 4344
8724 9438
7739 7490
58 472
6152 6783
378 1048
4673 4155
10631 9897
7441 6676
21 358
5618 6289
2482 3166
7750 7866
4522 5223
3369 3101
4164 3572
5241 5655
7716 8301
73 964
46 849
97 518
7077 7920
8126 7254
2134 1676
7010 7090
8868 8915
3986 3806
2902 3812
2879 3658
8771 8988
8621 9256
6089 5651
2494 1538
7734 7446
6784 6328
2803 2240
8507 9256
4513 4448
3873 3561
4636 5180
10427 9712
4496 4692
1837 2593
7535 6613
5359 5572
2132 1441
74 672
8891 8396
2479 2179
81 598
7299 6743
81 483
3001 2995
5380 4536
3024 3505
5766 5086
23 859
26 401
7114 7547
6747 7257
4367 4025
2098 2238
7585 8454
4499 4277
85 307
8478 8912
3318 3805
4601 3894
9497 9479
59 970
4385 4610
1660 1643
2580 3317
9081 8132
6429 7350
5355 4961
7194 7211
10771 9964
7487 8030
3592 2706
5240 4688
8574 8117
8263 9015
4949 5311
414 1082
119 1031
4671 3993
3886 3454
2892 2905
2208 1372
1446 1839
8646 8808
4946 5633
12 618
6056 5876
930 1071
6070 5539
10334 9780
1833 2673
5746 5915
3385 3426
4952 4480
9164 9809
2386 3273
5239 4446
1487 2170
2808 2518
1919 1042
1897 2785
1206 1513
9713 9623
8217 8036
9221 9341
3460 3868
9515 8857
3288 4259
7534 6802
7429 6634
2127 2630
9513 9718
5969 5882
9515 9456
3048 2355
10082 9980
1402 1806
5678 5355
3742 3588
3490 3877
4112 4050
9261 8645
9793 9911
3342 3722
487 1253
5219 4952
4691 5096
9177 8501
8060 7566
4548 5541
1064 1069
7365 6930
33 595
6556 7369
5149 4503
38 128
1295 1987
1643 2578
5210 5406
923 1890
52 392
4937 5844
6929 7784
3891 4261
6859 7358
8069 7870
6433 6610
5086 5853
5154 6007
2183 1930
1387 2321
10 209
3465 2934
4850 5594
3937 3727
6947 6943
29 964
8235 9120
6421 7386
76 578
6733 6024
7752 7922
9757 9864
5039 4445
6290 6422
5757 4977
9527 9112
2865 2320
5854 6623
1838 1785
5693 6418
10188 9416
2263 1522
7550 8216
3054 3242
8237 8199
1813 2157
307 1132
4805 4776
5671 6301
7621 8228
7471 7361
9328 9128
5302 5341
2955 2143
2722 2910
2565 3000
8456 8056
3130 3252
2103 1388
3632 3427
2219 1310
8700 8862
7143 7369
1906 1131
7054 6994
6320 6356
8556 8393
5773 6757
9970 9751
6586 6160
9140 9906
6702 6607
2916 2113
6721 6857
3688 3172
3221 4199
3076 3556
8781 8455
6084 6219
1843 1477
45 327
10066 9096
9570 9595
7431 8362
1244 1212
4944 4646
1627 2399
10077 9953
1000 1355
3117 2943
3136 3561
4284 5273
1161 1016
4526 4627
5392 5378
2824 2070
5807 5098
5762 6151
5716 6603
3725 2952
8161 8686
2263 1933
5406 6221
2349 1375
8297 7899
3375 2557
3381 3238
4480 5394
8084 7211
6673 6496
5921 4987
7760 8451
9270 8487
7118 7319
3774 3626
7088 6541
5543 5079
8439 9216
1569 1181
9503 9090
6674 6797
8024 8469
9362 9456
6247 5929
831 1203
6923 7851
6943 6589
5958 6742
7437 7551
49 1005
8076 8935
3781 2838
1499 1190
7452 8152
6004 6819
9150 8625
90 372
9123 8713
823 1592
2390 3338
915 1018
10089 9144
4609 3696
7031 7452
4260 4147
5689 5564
4412 4640
2840 3540
3425 3789
6722 6954
8465 9207
1907 2903
5627 5406
2048 2848
7463 8043
6993 6593
1789 1415
4064 4299
9543 9957
7839 7166
8094 7193
8139 9042
5151 6120
46 848
5305 5685
8955 9475
5824 5273
77 371
7486 7547
24 643
9352 8691
796 1395
9885 9841
49 390
1973 2731
8509 8266
5287 4406
7159 6791
6693 6145
4131 4410
1777 1411
72 42
10083 9630
3870 3935
3485 2720
9881 9573
5093 5524
5239 5790
95 694
10369 9645
6035 6875
3594 4348
6940 7937
4194 3468
3910 4249
7871 7012
8785 7946
4313 3857
4219 4544
507 1023
7216 6598
6223 5787
6274 6774
4375 4051
92 251
1460 1308
6427 6179
9252 9370
669 1494
7611 7617
4360 4116
34 193
6315 7057
5182 4565
7120 6314
13 510
4109 4743
2948 3213
2440 1598
8296 9030
10176 9652
5299 4779
5619 6008
5631 5664
9048 8247
6316 6391
4180 3335
8658 9039
96 319
2444 3317
5600 5633
80 874
2605 2175
2303 1643
4980 5304
812 1459
87 701
6205 5534
1383 1567
5513 4918
5696 6595
6636 7322
7919 7385
7969 8412
4098 4476
4591 4935
1424 1059
7214 8161
7614 7508
2102 1234
8113 8145
6122 5590
7463 7928
4535 3776
7661 7025
5054 4265
1441 1561
4982 5160
17 411
2628 3266
945 1172
5730 5479
3181 2363
10574 9672
8471 8344
8650 8746
3954 4461
49 33
39 472
3496 4398
7988 8928
5785 6581
4926 4415
5058 4714
12 803
7918 7056
1703 1724
9270 9190
6007 6351
327 1164
5697 5165
3361 3723
706 1239
1284 2137
8397 7840
874 1327
179 1027
5541 6411
9408 9326
77 551
3766 3593
8752 9356
3987 3488
7981 8509
8443 9355
8687 9636
3464 3920
8131 8382
9815 9455
6081 6607
8899 9747
7309 7460
2320 1680
8444 7589
56 675
5791 5580
5918 5863
8862 9055
2587 3198
3269 4064
9514 9048
2581 2955
6506 5718
2882 3017
6412 7217
4015 4108
3533 2614
4266 4184
2909 2674
10051 9792
80 470
3475 3688
51 576
2567 3273
2647 2837
2698 1913
79 436
5563 5619
5500 5591
68 334
8729 7759
8410 8036
507 1164
7981 7816
10223 9947
3659 3699
5613 6497
75 629
3075 3551
8786 9052
416 1202
7109 8009
3067 3915
3246 3292
9405 8491
6585 7493
3261 2950
7224 7490
10019 9348
94 120
2997 3802
3997 4564
4581 4065
3026 2210
1369 1971
4882 4906
6265 6230
6520 5558
49 239
8482 8842
2127 2576
7606 6634
6314 7110
3356 2818
8661 8210
3951 3025
8787 8808
3778 3857
9765 9229
1972 1812
21 206
4724 5151
5560 6206
4840 5125
3347 3164
3315 3678
7881 7595
3707 4146
6335 5683
32 982
1367 1342
6917 7467
2099 1353
4216 4212
2683 3124
10 993
2363 3353
1697 1056
7686 7155
9253 8376
6214 6051
4890 5867
2459 2859
3941 4737
9387 8469
17 57
6017 5530
3575 2936
9294 9912
6235 6663
7050 7553
10082 9245
9972 9653
7366 7077
4545 5243
8352 7931
6103 6136
9981 9113
8783 8865
1321 1743
6767 7085
2685 2745
6402 7268
6247 6899
4595 3987
5225 4838
7929 7251
99 999
4390 4127
2492 3440
4014 4593
7515 7175
8982 8783
9250 9213
2900 1968
4214 4398
8575 8542
8797 8148
3591 3999
2712 1800
3729 2762
4030 4766
7795 7767
6747 5881
2475 2466
3237 2626
2662 2705
4810 4197
37 534
6137 5478
70 974
3914 4285
6824 7005
1338 2265
2344 2668
2371 3126
5500 4980
4484 4303
8067 8449
74 104
3606 3820
80 241
3560 3422
7311 8280
2739 2938
19 422
2523 3129
2584 3309
1482 1365
6594 7369
94 837
3508 2620
87 205
3492 3681
1800 1475
2419 2680
8968 8599
2801 2189
1957 2329
1829 1194
7809 6847
8312 7457
4039 4081
1605 1839
6071 7039
5018 5732
9196 8263
3823 3023
7001 7583
5537 6379
3805 3500
1941 2584
5299 5531
3298 4218
1484 1315
7291 7411
27 313
8589 7748
1017 1569
7147 7708
4409 3833
27 639
4560 4106
4213 5165
3705 3505
6876 5962
7726 6957
7737 8500
3329 4073
5775 6426
4178 4219
3593 3111
8528 8051
8749 8601
32 311
92 292
8841 9259
4183 3401
2743 2726
2829 3354
18 809
20 803
2963 2078
5629 4843
7100 6153
2159 2062
2014 2683
7445 8297
1548 2073
76 318
4644 3947
7744 8644
4393 4103
4859 5780
3531 2735
2108 2511
59 677
55 507
1721 1673
1751 1156
6664 7355
3338 3770
99 962
3993 4056
5454 5762
5395 5719
100 259
1118 1462
6701 6574
7813 7498
48 378
6308 5524
3843 3587
5539 5232
7122 6665
3453 3364
2414 2071
2160 1996
3794 3970
6436 6123
4177 4082
3226 3578
2769 2137
67 303
5407 5158
2334 2034
6198 5967
4732 4074
2555 2824
2483 2781
3349 3844
3323 3353
44 813
3446 4232
9901 9791
2604 2116
904 1194
7934 8682
65 203
5408 4534
55 134
5760 5874
9605 9134
915 1493
7417 7050
23 903
7424 6613
5512 5468
8393 7942
7122 7893
97 450
6263 6610
1651 2630
796 1072
1742 2258
9012 9314
60 842
3563 4385
3592 3474
1121 1687
6821 7333
2809 3056
2203 1522
2532 3243
8158 8130
2203 1443
8678 7963
2892 3884
3718 3568
7667 7650
4414 5279
6970 6904
6477 6778
3280 4226
20 537
80 979
5833 5549
10847 9990
7812 8696
4895 4237
75 647
9733 9705
5049 5828
2588 3496
4427 4823
2726 3475
4186 3975
4430 4424
7726 8568
5085 4681
82 780
3201 3377
9840 8893
8265 8232
3350 2628
9622 9909
53 1006
3861 3096
5085 4103
10430 9834
5800 5527
5314 5470
10336 9521
3259 4193
3691 3241
97 776
2925 3559
7395 7423
8952 9775
22 355
9129 9609
1987 1338
54 549
5084 4267
3512 3549
5503 6032
98 225
8358 9190
5279 5394
8745 8751
5375 4777
5501 5510
90 725
2515 3273
7689 6818
3818 4665
5167 4464
4981 4667
8896 8662
9102 8277
97 814
9531 9613
6080 5727
4719 4223
9036 8906
6999 6422
7389 7418
432 1186
4318 4028
9266 9535
2772 3529
1171 1153
7350 8288
2502 2090
7310 6445
9741 8926
5639 4843
3261 3904
3300 4278
1587 2330
5006 4843
9674 9942
4213 3891
8005 8760
4838 5163
5687 6072
8839 9217
3391 3490
47 541
2981 2724
9450 8874
3851 3122
762 1548
3952 4415
93 250
2747 2891
8071 8031
8295 7633
9048 9717
3310 3675
256 1063
6941 7637
8654 8806
9394 8671
3358 2539
6041 6208
8698 9104
7335 8236
4505 4745
3243 2751
4165 3318
5172 6041
9894 9334
5185 5478
49 14
3906 3053
3204 2966
1491 1325
7868 7369
5153 4549
9291 9697
5092 5075
71 916
4781 5624
7427 7081
5703 6363
8548 9117
713 1228
7804 8403
7538 6732
6695 6983
1286 2277
1872 1441
4541 3867
5679 5314
6386 5734
4147 3249
11 500
5399 5439
4927 5087
7659 7747
3986 4254
6097 6913
44 181
2768 2538
878 1146
5278 4825
2177 2550
4622 3723
51 305
9666 9246
5190 5007
3163 3580
4174 3373
8497 7842
2117 1919
6961 6931
1332 1305
