2471
50
6511132
49 40 40 40 59 53 49 53 45 44 40 55 59 57 52 54 57 42 58 44 55 47 58 57 42 48 52 51 54 45 59 46 43 43 51 56 49 54 44 51 44 44 43 47 43 44 51 60 59 41 
-55649 -62713 -52657 -57706 -73659 -72203 -66563 -71787 -59240 -69679 -53988 -67010 -83427 -78913 -70537 -78324 -80693 -64330 -74738 -65967 -79890 -64200 -77045 -71255 -54614 -75164 -73275 -63678 -71775 -55706 -87078 -62780 -58569 -63810 -68234 -78847 -64127 -68098 -62921 -69744 -49088 -56253 -58291 -68277 -57069 -62795 -69087 -74899 -79693 -58901 
69616 75563 64078 66364 91852 87397 78878 87130 69329 83578 64368 82635 100267 95035 84079 95745 99515 78969 90412 77575 95147 79345 95028 87328 66921 87562 88876 78414 87031 65296 102693 77745 71855 76314 82005 95616 77566 82548 75905 84086 60433 68018 71487 80860 67378 77887 82553 91540 96129 71611 
6286 7257
3730 3999
1177 1371
4342 4611
4862 5708
1332 2213
1554 2503
7753 7833
5527 5053
2434 2399
58 970
1962 1148
7903 7334
2139 3040
2572 2089
7873 7424
20 21
30 237
1587 1962
7501 7498
8773 9457
3776 2949
7645 7524
2089 3038
2092 1506
8402 8611
7291 7466
5137 4464
9228 9642
3204 3569
4402 4501
6270 6748
6439 5501
1465 1078
9364 9785
6570 6822
96 29
95 33
3901 4107
86 85
1625 2536
7996 8386
2940 3096
1109 1654
9891 9501
4969 5711
867 1775
2125 2415
7467 8213
2069 2970
7233 7185
2187 1240
8238 8485
7117 6854
2657 2489
8759 9513
9726 9798
3676 3599
5019 4068
4391 4238
7971 7667
9864 9944
3849 4569
4153 4595
5131 5442
8763 9226
2412 3197
77 88
8654 7914
7777 8347
8193 8824
5393 6174
8005 8908
3783 4134
3669 3120
5402 5074
2638 1765
5728 6297
9111 8765
5185 5878
6312 6835
6061 6084
7020 6053
9479 8878
8592 7844
4092 3849
6690 6294
2072 1837
4952 5185
2344 1543
6670 6247
5767 6371
44 423
8551 9546
6609 6299
4940 4599
1568 1017
6105 5787
8767 7775
1913 2453
4379 4274
7111 7755
6981 7642
101 1094
90 743
7862 8861
9284 9567
9653 9884
331 1103
6702 7042
1004 1055
8235 8189
4690 3883
24 492
24 404
8897 7946
3793 3841
56 200
2979 3603
7641 7731
8817 8882
7781 7049
67 819
7228 7816
5448 4500
6933 6590
5409 5132
5880 5743
4207 3879
4164 3863
1692 1398
7457 7107
2750 2229
1843 1697
7335 7912
4639 4213
6659 6813
7652 7086
7549 7037
48 164
3248 3139
2278 3227
6127 5210
5545 6115
8584 8027
6705 7114
3829 3030
9870 9883
6685 5724
2158 1360
2023 1694
6349 6745
8365 8694
2687 2111
1991 1960
1800 1763
4518 5120
6115 5557
7102 6227
9442 8650
4035 4901
7730 7232
7152 6614
5209 5927
6448 5857
10368 9482
3462 2967
4464 3880
7492 7106
3859 3964
4757 5307
8222 7438
8807 9311
10 738
9562 9335
3979 4258
2546 2135
478 1270
2610 2949
6693 6856
2340 2506
1051 1501
4715 5266
5813 4848
3222 3772
4659 4031
55 970
827 1241
7215 7897
4367 4446
59 570
2550 3061
5068 5508
4425 3567
3348 3414
9690 8692
8666 8236
6463 5757
9168 9670
2612 3601
5848 6749
3075 2685
4387 4141
21 26
8486 8833
7529 8509
75 513
1677 2102
97 285
10619 9709
5482 6391
2515 2019
7023 6377
2213 1610
2532 2869
4983 4348
9846 9676
5589 5950
3366 4254
1184 2115
9056 9648
9811 9842
6419 6574
14 531
8921 9675
7257 8152
1615 2171
5137 5633
5332 5932
867 1717
3656 3305
8215 7803
2312 1916
8250 9085
9630 8884
9224 9731
9381 9207
4092 3186
31 166
5339 4855
6013 5254
5294 4751
10412 9441
6183 5292
6452 7420
7871 8309
7165 7859
5835 5532
9877 9015
10326 9648
10 265
7817 7615
378 1362
2648 2541
1178 1825
373 1214
8863 9223
3315 2957
9880 9613
7656 7527
6757 7514
4875 4397
5945 5177
54 472
20 54
5435 6080
5776 5716
2505 1976
3132 3515
8708 8797
7808 7175
38 625
78 224
90 718
1558 1787
8676 9078
8972 9585
6690 7316
4365 4486
76 342
1790 2268
10117 9695
8557 8482
20 258
8811 8229
9660 8840
2248 1982
7159 7051
22 113
54 711
6503 6933
6216 6930
2364 2620
7205 6216
5004 5234
1668 1486
8237 7754
7778 7146
9242 8590
3011 2418
6447 6550
3990 3839
2068 1522
5234 5692
7721 8331
2230 1636
9098 9495
7041 7229
526 1132
9683 9001
3809 3034
6908 7819
7932 7721
3923 3121
5110 5384
9196 8232
668 1623
3003 3596
5717 5274
90 263
6909 7747
77 876
6205 5225
13 742
9152 8807
1738 1770
6251 5977
33 30
6639 6482
5062 4620
3924 3059
6574 6323
6923 6229
7070 8015
8401 7883
8098 7972
6414 7073
6279 6149
6677 6074
28 630
4320 4836
1352 2303
4328 3468
5455 6260
7912 8404
5947 6760
3117 3562
6687 6464
9130 8348
7696 7186
8810 8117
1514 1065
2025 2371
8471 8908
7794 7172
10010 9784
9158 8395
6399 7030
85 304
4094 3294
2007 2441
6017 5417
8179 7243
2886 2191
2336 2689
617 1078
5385 5178
2925 3012
5839 6173
70 287
8174 8547
74 941
2545 3473
6662 6966
2837 2790
1405 1193
3024 3589
2959 2920
8126 8934
8854 9324
2510 3313
3281 3607
4280 4183
7008 6426
84 88
99 540
2739 2935
2935 2970
10149 9212
98 366
6213 7028
7421 8337
8631 7756
1838 2783
10425 9431
1942 2854
3706 3193
7501 6653
2902 3078
8068 8217
5694 6171
6760 5881
4957 4737
6035 5342
98 74
5090 4142
1976 2157
7689 7060
46 875
2694 2006
8207 7339
3576 2581
16 599
8033 8142
5349 4869
9765 9705
5098 5123
4158 3535
974 1272
5472 5208
3718 3541
10149 9576
2843 3096
9543 9737
7574 7915
9410 8654
1259 1484
1306 1298
9411 9261
2329 2024
2357 2331
8078 8043
6373 6345
9229 9615
6569 7389
6429 6930
7179 7384
3561 2875
56 441
858 1168
4909 4729
4388 4338
7995 8826
5555 5765
3323 3320
4313 4700
5583 6230
2319 1653
5780 4921
3116 3130
7833 7856
7905 7738
6482 6747
4758 4175
5512 5862
9948 9458
5631 5172
93 992
9355 8701
9601 8918
8973 9751
4141 3226
8264 8488
8671 7763
3957 4376
9263 9562
4090 4705
2471 2012
3728 3181
7906 8349
9553 9842
10038 9673
1226 2123
5069 5454
78 511
4560 3848
9376 8471
32 51
2530 2245
2937 2289
9470 9374
6609 6966
7022 6660
3339 2385
4058 3600
3679 4187
4971 4421
2148 1779
1836 1326
7494 8247
8720 9051
9538 9576
2035 2679
8439 8356
8277 7949
4517 5087
4908 5149
8007 7321
3416 3107
5030 4077
6824 7570
3949 4777
1649 2432
7365 6607
7474 7550
9607 8993
4406 4619
1225 2135
3356 4163
1837 2412
10450 9581
2347 1545
77 58
2373 2217
4892 4391
4901 5822
7934 8511
6516 5837
3215 2662
7418 7415
16 91
4455 4606
8327 7964
4121 3599
5420 5547
6845 6760
586 1147
4771 4721
4980 4591
7179 7786
7994 8872
1901 2673
8359 8091
73 314
10183 9394
1366 1054
4195 4895
4471 4337
9296 9409
7527 7164
9270 9650
15 86
500 1269
7469 8078
6872 6774
5207 4797
3191 3748
8759 8016
479 1113
2637 3386
4219 4997
643 1411
2597 3243
9426 8623
6893 6056
12 917
4458 4132
2539 2989
5766 6315
27 575
7232 6770
316 1224
2711 2127
4262 4698
86 637
9124 9944
3904 3550
2553 2972
5774 6239
6791 6242
5614 5581
5607 6243
2447 3124
4341 3500
8162 8858
6223 6062
9498 9029
2062 1982
8415 9194
9126 9311
2423 3032
8216 8518
3995 4308
2684 2182
2122 1173
10295 9331
5658 4682
2917 2620
6823 6619
6276 5703
88 914
8122 8993
3892 4716
1276 1616
9398 9276
7689 8345
936 1924
5400 6310
4487 5390
7140 6493
7257 7225
1849 1482
8521 7732
7077 6904
5048 5978
1570 2539
1043 1371
9403 9239
3447 3783
6548 6059
3829 2871
5724 5191
8489 7954
10057 9148
6045 5554
76 415
9761 9463
7428 7060
28 278
8379 7914
5755 6195
63 699
1872 1413
1401 1652
7665 7506
3978 3369
4151 3912
9689 9842
5626 5686
5087 5303
8989 8638
2972 3522
8903 9827
7611 6772
6532 7330
5586 5886
19 299
8608 9215
3692 3476
7049 6376
9580 8663
8644 9163
4906 4924
7491 8250
4956 4463
6736 6861
64 739
9463 9009
738 1597
5613 5229
7264 8057
1867 1798
1044 1894
3683 3424
3424 3021
5329 4943
5638 5347
8544 8766
7815 6921
9448 8782
3786 2836
8010 8592
7475 7250
6232 5394
60 113
4009 3231
2549 3325
70 225
5864 4909
749 1502
7879 8153
58 331
40 594
5676 6674
4072 3102
6108 5636
10182 9874
2712 3036
50 869
2298 3167
7925 7033
5424 5475
4070 4070
72 740
6027 5682
3717 3227
8628 7727
2942 3923
9243 8669
6248 6397
7226 7883
3198 2692
2360 2511
3703 3665
8876 7931
4071 3943
3089 3142
63 664
8149 7303
1805 1831
8876 9623
2156 2163
10114 9450
8759 7806
5395 5759
3879 3901
3410 4257
7946 8193
4487 5036
9874 9077
2354 1943
829 1539
96 104
7188 7181
3209 3121
7242 7367
9011 9614
9105 8738
8535 7876
2276 1588
4510 4856
53 332
2258 2278
2540 2948
2180 2597
5052 4568
7565 7637
6451 7183
3427 3001
3501 3712
9781 9465
8845 8221
3936 3248
3073 3858
3728 3340
6604 6685
852 1769
5479 5171
5936 6912
2525 2204
55 636
5897 6303
7215 6682
5109 4194
6977 7959
450 1155
39 106
4603 5075
5434 6133
4000 4125
6674 6475
9739 9705
5250 4607
4429 4700
2649 3101
7083 6161
1685 2266
6586 5825
5291 5700
4560 4303
735 1457
7507 7032
8127 8767
2175 1312
7110 7055
7633 8499
6668 6446
6791 6172
59 12
6076 6393
7593 7663
9830 9055
2991 3681
80 803
9276 9479
9366 9823
7669 6990
7302 7914
5915 6337
2347 2845
6257 5856
6833 6073
8706 9323
7865 7673
2752 3211
4866 4349
6059 6974
8961 9826
7209 6547
78 595
8561 9404
9156 9909
5225 6221
98 668
4882 4487
8284 8294
1189 1720
2854 2883
92 745
6135 6305
9654 9621
8666 7845
7832 7339
1224 1951
9308 9901
1639 1722
4349 4408
10442 9539
1261 2192
100 552
2106 1729
7372 7137
6489 7251
3846 3711
6139 5979
859 1018
5185 5602
5421 4739
9609 9334
4325 4957
36 834
1539 1389
5950 6226
4592 5011
9335 9618
6215 5833
2390 3093
1828 2086
4025 4884
9003 9460
7989 7545
3228 2949
8374 8557
81 946
9640 9007
5841 6637
9297 8840
8243 8280
4277 3312
6846 7146
10323 9327
2532 3191
3632 3248
8282 8742
8044 7796
4722 5438
3270 3038
2347 2477
2794 3401
9761 9187
9409 8950
5635 6349
1375 2231
4878 3984
5069 4946
63 855
7668 7338
9162 9310
8062 8187
6422 5829
1454 1624
3573 4468
66 582
9055 9295
9163 9760
9159 8280
7587 8352
4469 5313
6516 5833
8714 9678
6239 7139
100 638
9575 9746
2288 1741
8780 8723
1650 2097
5647 6469
8098 8477
7989 8283
6132 6914
9014 9413
9066 8822
1865 1305
64 88
3610 2882
7325 6729
5510 6125
9464 8880
3354 3926
2162 2717
9063 8317
7973 8666
9412 8858
4930 4615
4649 4792
5576 5835
9247 9435
4262 3464
1663 1851
4451 4181
3612 3931
2762 3251
1444 1341
4367 5058
5009 5013
4658 4913
10412 9484
5227 6106
1615 1692
4487 3663
5668 6130
2397 1503
3809 3956
5796 5819
5399 4670
5259 5816
7825 8434
4482 4275
606 1396
7446 8110
8013 7025
4054 3517
4609 5466
7448 7367
92 643
5820 5975
3435 3352
4046 3100
9995 9089
7113 8106
3090 2825
70 855
3526 4134
9027 9419
3345 3656
2209 1736
2364 2668
10466 9637
2038 2347
5696 5367
28 818
5671 4947
62 552
8145 8617
4724 4141
2497 2481
4530 4182
9315 8602
5053 5327
2698 1981
7581 6941
8284 7696
51 386
5923 5369
2251 2708
7197 6478
1677 1394
6345 5936
5608 4845
3034 2896
2632 3611
8146 7422
4081 3251
2788 3527
9297 9448
4305 3552
693 1598
6931 7675
5564 5833
9235 8417
9465 8577
8790 9288
5987 6298
1542 2018
2288 3215
5446 5298
7020 7230
10067 9218
8860 9770
4042 3940
7842 7254
7719 7191
7776 7629
7432 6535
8937 8736
6311 7032
1956 1704
8729 7931
62 203
654 1294
2831 2292
2095 1779
7169 6951
7651 8571
4510 3909
7067 7064
25 511
10220 9696
4770 4479
4211 3803
9368 9001
8756 9009
5386 4522
1009 1476
3280 2705
4927 4212
8531 8248
3827 3011
3257 2729
7211 7102
10882 9974
18 81
7013 6423
8249 9229
35 126
6510 7341
4379 4712
7731 8384
1413 2271
5415 5881
2249 1351
7059 6130
2328 2612
6201 5932
8661 8422
60 595
9948 9782
9310 9265
7859 7340
9610 9559
2261 2137
9008 9576
33 882
35 81
4864 4383
3688 3746
9338 9053
2485 2483
1933 1656
5480 5795
8163 9017
6379 7337
2819 2944
8197 8332
9961 9770
2533 2371
19 940
9852 8961
6926 7366
5548 6417
2102 2705
9719 9462
2855 3705
2147 1425
9895 9932
43 235
1015 1545
7351 7813
9657 8808
8690 8460
5385 6062
6161 6611
3803 3368
10602 9890
275 1142
8149 8470
78 119
1318 1149
12 991
10194 9900
6423 6964
7268 6685
3866 4788
6351 6638
1440 1410
4541 4007
5752 5876
8529 7865
9083 9144
7540 6770
7292 8224
5421 5809
4226 4414
2152 2940
1849 2839
7776 7078
6223 7046
82 21
8694 8970
783 1279
71 146
7914 8141
5047 5326
47 309
3810 4448
8986 8819
10529 9938
5072 5827
3655 4082
7867 7926
4971 5357
6169 5941
6015 6409
3265 3396
7674 7533
1973 2523
4010 4577
7261 8010
4275 4295
991 1283
10322 9613
3367 3688
7820 7194
5985 5824
6038 5622
10348 9890
9587 9074
6500 6241
8573 7802
8140 8021
2223 3151
22 364
8156 7628
2966 3942
6917 7249
24 302
96 432
8675 8992
3338 3352
6922 7831
2344 2848
9522 8853
2876 2816
6385 7317
37 150
1288 2234
4078 3667
5600 5707
992 1384
4420 4214
5963 6072
2735 3695
9406 8746
8783 9327
58 673
1407 1629
3118 2989
6117 5485
2360 2347
18 941
2752 2117
70 325
92 458
5590 4722
5757 5482
2113 2292
6880 6876
3906 4117
4017 4264
5703 4739
7548 7135
8019 8761
1595 1983
2737 2990
8610 7690
700 1077
5479 5900
4639 4554
2864 3140
6886 7276
1531 1634
97 888
7417 7684
7237 7617
3222 3655
10491 9529
61 782
7937 7835
4548 4879
9261 8776
5469 6319
8555 7684
3684 4669
2451 3078
6813 6581
7251 6909
4323 4399
3904 4641
6045 5928
64 881
8558 7934
1355 1946
7626 7237
62 213
5640 6047
8883 9478
1067 1365
5172 4635
5246 6119
1899 2762
3263 4032
3466 2696
7161 6436
53 803
2738 3516
4685 4185
10524 9868
2553 2108
1207 2141
10502 9862
3192 4128
4162 3204
7238 7886
6161 6944
7310 6789
1622 2560
2328 1539
1654 1609
4494 4393
6402 7043
8747 8956
8118 8653
2916 3442
6413 6587
3258 3249
4515 3946
8627 8302
8023 7949
4736 4433
2498 1926
7657 7160
2852 3670
3075 3782
9381 9823
3164 3314
8011 7771
10502 9771
2753 2443
2062 3046
1004 1344
5067 4480
489 1193
41 651
7291 8103
50 409
5623 5083
5803 5012
5821 6310
4806 5540
9620 8984
2879 3268
8281 9233
3150 2971
5891 6520
2759 2330
4390 4296
1786 2721
1805 1245
6506 7082
9445 8946
11 443
8895 9473
8314 8752
8492 7890
6416 6590
2717 1874
9651 9485
9351 9355
6580 6710
2808 2040
4685 4337
8045 7404
4173 4234
2529 1914
8737 9370
4615 3673
5071 4439
9672 9105
2142 1515
5500 4748
7164 6194
8168 8068
4885 4314
4750 5041
9846 9078
7936 7056
8136 8001
3017 3017
6874 6871
9323 8547
5776 6512
4575 3730
4537 4930
1486 1257
5611 5624
4943 4224
6238 6849
54 651
7547 7415
10043 9748
69 595
5390 4919
6351 6881
2809 2347
4588 5551
3658 3843
8640 9246
7188 7724
7949 8915
9505 8872
8903 8800
5307 5495
2042 1534
67 818
9510 9146
5667 4825
61 786
6517 6108
10599 9930
4959 5958
10348 9376
955 1475
4525 5340
3701 3987
7474 7105
4840 5513
2629 1975
1422 1319
6011 5682
1603 1373
2940 3937
4918 4992
6217 6173
5142 4898
8383 8008
5922 6389
9767 9120
5927 4973
1678 1853
3369 4253
3528 3485
3923 4787
3664 2749
9627 9567
99 967
7163 6960
7838 7064
6721 7500
3434 3390
1787 2626
3958 3997
2982 2222
98 676
4922 4932
9569 9000
8592 8533
5187 4225
3669 4628
2615 2700
5405 4840
2670 3018
7527 8368
1625 1374
3380 2852
2476 3077
1919 1465
5906 6794
6576 6909
71 854
97 319
4413 4969
2719 2734
2727 3130
8047 8749
6506 6123
10511 9831
7369 6548
2468 3429
4489 4636
8274 8679
9260 9641
2225 1504
6593 7144
10317 9830
283 1127
63 659
5275 6106
6206 6153
5189 5423
39 727
9925 9231
9673 9782
4105 4820
6863 6422
5756 6246
36 55
56 772
5167 4552
7869 7243
2219 2352
4583 4863
81 678
2672 2771
9089 8705
8236 8190
10189 9482
9687 9941
58 96
4803 5224
1436 2071
10659 9662
5802 5295
7056 7227
7585 6806
57 162
2219 2535
1640 2160
9695 8835
8435 7960
5909 6602
2597 2678
38 896
2345 2708
3011 3050
18 296
6772 6924
7180 7226
41 486
9883 9670
2270 1326
2352 1532
10360 9704
4501 4126
7553 6767
7380 8282
9289 8782
6594 5672
4354 3562
1655 2654
6941 6057
986 1683
2488 3270
4204 4376
2120 1770
7728 8694
5425 6154
4049 4355
4771 4666
2531 2736
236 1101
9063 9598
6510 6920
5478 5835
5027 5801
2840 2592
10145 9239
5161 4458
2043 3042
3379 2387
3947 4145
931 1012
6876 5919
3446 3023
4694 4293
4469 4613
5709 5320
1328 2213
2575 1640
1671 2505
4099 3298
84 431
8120 8155
8696 9560
5205 5434
14 483
4804 4372
4873 3901
73 187
4930 5510
9427 8597
4414 3662
2949 3387
7250 8046
2652 2766
3141 2258
4266 4296
3506 2922
2245 2842
2064 3029
9628 9282
2938 2410
3048 3951
8995 8056
10148 9525
9597 9404
3121 3111
4393 4414
4422 4707
7852 7140
5288 5014
6315 5540
9313 9720
43 219
4699 3929
4956 4174
4329 4042
4636 4614
3383 2807
3048 3652
8394 7487
8675 9522
9140 9363
5174 4580
8424 8740
6402 6662
4273 4349
1884 1864
1110 1380
9516 8671
9489 9782
64 560
1940 1945
4287 3697
10320 9730
1098 1304
81 387
4557 4335
2462 3119
8500 7767
5412 5565
6102 5200
4881 4562
45 384
6829 6293
8856 8651
6126 6183
8528 9174
2793 3718
4208 4790
8746 9530
5646 5025
6586 6168
7166 7541
8408 7569
9277 8814
3352 3471
997 1349
10018 9681
5982 5211
8446 8364
100 320
86 796
7536 6847
6976 6596
19 322
9765 9553
7176 6782
10414 9548
9069 8938
9813 9765
6591 7163
5479 6455
6258 7072
32 744
8437 9029
78 52
7471 8386
6841 7535
5740 5563
10735 9998
4489 3819
2260 1493
9367 9790
69 473
47 890
8001 8743
4442 4449
31 995
3421 3393
93 116
5495 5781
6343 6238
3278 4249
4342 4153
8172 8871
7686 7754
1671 1935
8060 9018
4800 4693
5091 6071
10234 9902
7289 7258
774 1059
5210 4792
5520 5579
6964 6769
3979 3643
6451 7075
3388 3012
8580 7610
2019 1114
47 55
2302 2696
5892 5772
4661 4989
8673 8382
2731 2323
2602 3400
4505 4915
7925 7971
3046 2839
6498 6416
7259 6917
27 700
6169 7048
9198 9496
9375 9447
48 669
1216 1076
2195 1969
1034 1828
7469 8364
3059 2986
9122 9083
9788 8978
8385 7581
1024 1351
5369 6170
4208 3431
1719 1540
7353 8128
2805 2953
3336 3290
7293 7846
2932 3759
2354 3177
7192 6776
5353 4810
9326 9873
5555 5250
2455 3407
5372 5026
9876 9779
2584 1878
7831 7878
7790 7721
53 362
2668 2284
9458 9428
6395 5519
900 1610
1931 1157
34 890
4526 5037
2584 2509
7127 7477
5881 5193
3923 3209
8572 8929
2591 3396
6761 7377
7203 7178
7318 6442
7130 6529
2382 2049
8045 8602
5686 5946
5152 5692
6093 5613
7419 7214
10313 9618
2653 2556
5996 5652
7440 6868
8166 7529
768 1601
4235 3776
10019 9699
8685 8123
4211 3736
8157 8038
7365 7244
3220 4214
8156 8833
2302 1940
9055 8404
1800 2092
6324 7010
5499 6433
2019 2899
1918 1314
6221 6550
2022 1569
4119 3415
2326 3136
1810 2537
8470 8982
3311 3624
4334 3380
3741 3231
1642 1209
6791 6502
2325 3322
2437 1980
7309 6847
64 872
6304 6127
7379 6818
2462 2147
7482 8024
54 137
4556 4262
7373 7994
3330 3535
2895 3726
55 701
4145 3368
4611 3673
4322 5066
6564 6085
9618 9750
7486 8355
10022 9455
1975 2124
980 1732
7986 8051
9030 8408
2762 1850
8942 9900
1719 1184
9839 8914
9096 10000
2085 1218
8117 9041
8825 8384
3233 4155
4075 3107
8444 7842
4221 4383
6525 7403
7184 7721
1310 1724
10482 9493
640 1209
10024 9434
92 23
4230 4765
829 1525
3361 3418
8589 8500
4982 4998
7582 7433
5828 6626
17 614
9095 8691
5864 6417
4421 4508
4481 4208
97 51
4149 4116
5921 5686
2213 2452
8593 9394
13 809
5617 5344
4629 4232
10261 9302
3248 2581
7525 6964
8306 8438
1830 2443
3141 2713
8422 7784
9391 9331
7797 7619
379 1056
8492 7861
5779 6451
8805 8163
3502 3847
9584 8894
6696 6037
7581 7984
7652 8475
1016 1301
7312 7471
65 595
7505 8341
9413 9302
5675 4908
6350 7243
4452 4460
6594 5623
1204 1395
4241 5076
3421 3814
3117 3978
7470 8140
4780 4654
6239 5925
8956 9012
1299 2271
7927 8736
3609 3125
2069 2976
8956 9804
2431 2296
8701 7852
6315 6393
89 19
5041 4815
7203 8172
8250 7336
9387 8669
8427 7883
1596 1257
2881 3513
5278 4595
2333 1847
25 201
4810 5239
3192 3771
3169 2647
1993 1892
5899 5366
2709 1901
92 236
9097 8409
1818 1774
5769 4955
10069 9927
3790 4486
9636 8803
1912 2722
8837 8297
907 1323
2522 3117
6379 5580
7109 7808
2846 3747
7603 8131
1044 1335
5308 5088
3743 4652
1321 2259
6497 6454
3747 3190
3752 4564
6696 6007
1768 2761
8494 9165
58 471
8015 8249
691 1146
8325 8832
72 273
2923 2012
10544 9830
2803 3620
3598 3202
65 427
4084 3921
9007 8013
5089 4503
4768 4353
3883 3507
2873 2924
3117 3728
2074 2976
87 181
9591 9595
9178 9564
2932 2067
3563 3637
7602 7639
9068 8350
2585 2625
2386 2734
6296 7200
2919 3428
7753 7922
3541 3057
7111 6464
5983 5568
7514 8388
9241 8420
4521 4557
5142 4359
7757 7356
22 909
4189 5030
4111 4292
7124 6924
4922 4357
9480 9597
47 966
25 730
4128 4240
2286 2447
4483 4509
4539 4665
43 112
8379 8050
8986 9787
3176 2806
4835 4698
4383 4680
6736 6756
2492 2449
1779 1199
5656 6567
9273 8673
9291 9939
6634 6096
9808 9396
4042 4304
2315 2370
10064 9196
6773 7721
19 213
3148 3086
20 548
6914 5968
93 929
1920 2377
8883 8908
4713 5186
7227 6841
5391 5415
7719 7827
9226 9063
8039 8171
9553 9478
5195 4954
8785 8043
7259 7245
7122 6143
8481 9161
3673 4310
5747 5163
51 814
873 1825
2608 1682
1008 1469
6925 6216
3468 3028
7399 7213
93 724
2031 1686
58 176
77 203
8616 7715
1134 2036
8243 8818
2672 1814
2452 2703
7251 7862
4438 5215
8017 7113
3233 3226
3744 2755
8877 8654
6225 6422
4534 5303
9166 8476
10226 9345
8147 9110
3570 3726
4634 5116
4010 4369
6311 6507
2785 1788
7710 7890
2558 1866
2301 2698
9629 9791
83 905
6986 7518
6586 7032
7156 7950
3717 3447
8886 9469
3255 3443
5924 6308
9506 9324
5617 6428
8021 7572
49 487
1868 1784
7224 6498
4139 3624
5015 5494
9774 9447
97 415
3687 2823
5399 5274
2176 2016
6084 6524
4224 4819
7495 6807
2236 3025
3689 2885
7951 8596
8661 9328
79 644
12 292
7396 6942
6918 7472
8108 7970
1679 1035
4963 5090
4921 5574
844 1683
36 490
2912 2876
88 517
2586 3369
3479 4401
86 573
8825 8649
6723 7236
5224 5011
32 134
4397 3551
4369 3749
8284 8879
6851 5951
822 1157
5404 5108
80 852
7520 6622
2729 2988
4597 4280
1906 1243
6594 6064
5465 5384
48 969
5542 5462
4241 5036
6923 6137
2941 3229
10 981
6208 6141
1242 1486
6226 6795
10136 9688
9547 9760
1748 1492
1648 1403
48 459
88 813
8883 9637
6502 7220
14 347
7573 7317
7849 8071
5392 5300
4615 4068
3285 3451
2561 3058
7014 7201
8412 7644
3814 4202
6673 5826
9527 9948
7356 6540
5903 6493
2109 2393
2551 1626
8031 8409
6471 7458
4250 3705
4130 3563
2039 1377
2555 2279
5236 5134
7943 7005
1734 1377
1772 2727
5998 5490
8063 7722
3152 4042
21 926
7796 7904
2487 3377
7270 6691
10380 9547
47 23
53 305
688 1164
31 37
7746 7632
5949 6520
5437 4541
8249 8111
8397 8781
1829 2657
433 1162
5732 5660
6343 6889
5308 4533
36 125
9788 9073
29 526
5568 4651
9286 8451
8001 8429
10 839
8285 8352
4176 5144
9445 9244
8417 8234
8892 8220
9124 8402
43 891
9831 8954
5497 4759
20 944
4245 4840
71 973
3381 4160
75 845
5744 6306
9123 9896
7407 8190
5065 4663
2175 1829
8069 8379
4926 5814
7528 8155
6696 7074
7089 7768
3116 2122
7939 8881
10164 9517
4419 4969
9770 8793
1826 1148
5760 6352
9920 9326
759 1107
7594 7560
6640 6391
7894 7037
5329 5342
8081 7748
3720 2939
6237 6088
5611 5119
7256 6868
6477 6903
2729 1920
4000 4007
7121 7214
5694 5823
19 257
4941 5710
2440 2073
8583 8995
2085 1540
2138 2012
2082 2485
1284 1309
5002 4088
3284 3104
7424 6503
9778 9815
1588 2089
9228 8618
3895 4508
2834 3380
2099 2213
9452 8685
9370 8824
7798 8399
5079 4505
6092 5600
6877 7301
411 1175
6080 6563
2945 3169
3924 4440
9416 8868
6476 6278
4470 3537
8569 8142
3767 4678
3767 3582
5397 4854
8450 8757
3216 3508
14 998
3680 4279
1569 1361
3527 4063
1149 1396
6058 6892
70 50
18 243
8020 7192
9419 8506
641 1014
9023 8516
2717 2135
1494 1675
5239 4480
8355 7624
3803 3664
10614 9990
3516 2708
2191 1271
6070 5506
2694 3006
8902 9834
2377 2292
7949 7089
4040 3936
8988 9737
3335 3339
6881 7422
8663 8329
7573 7906
7699 7337
8920 9843
7222 6946
9230 9905
64 477
3726 4600
2016 1477
6156 6443
2190 2183
5859 5781
6121 6834
637 1119
2778 3439
4794 4100
1531 1511
9828 9853
2208 2497
5108 5481
4601 5446
9579 9051
1859 2757
7266 7513
2926 2937
2059 1297
8893 9403
5579 6241
5495 6357
4970 4346
6272 6436
4702 4387
7001 6312
1345 1570
10611 9950
8933 9890
13 710
6957 6027
5162 5718
2615 3558
4486 3874
1872 2343
8141 9065
7419 6657
8234 8624
4348 3486
7232 6644
29 208
9490 9233
3451 3290
6454 6166
6903 7400
2104 2285
4906 5061
3147 2842
7959 7648
9200 8382
2799 2751
3237 4071
2813 3664
8500 9049
1460 2151
1688 1104
5191 4333
2408 1611
10161 9918
64 875
6954 6500
55 548
4545 4552
6289 7039
2040 2840
2028 1559
8296 8121
7609 6771
4384 3502
68 653
3111 3463
8836 9286
759 1090
6203 5942
8080 7087
8195 7228
3415 3000
5614 5764
9034 8477
4030 4540
38 810
8308 9066
8833 8728
5270 5499
9815 8968
6802 7653
1871 2451
5298 6112
3662 4061
73 183
5446 6230
8673 8392
9153 9379
9889 9012
2783 3459
1307 2269
5554 5585
9382 9481
6382 6302
93 154
2957 2361
35 398
76 212
2178 1977
8297 7708
4266 3970
9119 9183
6634 5818
2763 2249
2200 2816
2679 1775
2781 2385
5173 5400
9109 9019
1912 1766
8617 7996
5906 6495
5957 6061
1093 1454
14 472
57 990
5932 4953
5882 6091
7581 7751
39 995
5154 4874
4658 4012
46 315
4097 3757
4983 5462
8581 9014
7461 6461
1172 2022
5702 6372
52 343
4863 4375
5221 5961
4681 5617
958 1676
6905 7121
3997 4096
8732 8432
9601 9311
2897 3332
8611 8339
8524 8041
5798 5642
6409 7253
88 517
3833 3493
2871 3693
7177 6560
10364 9996
1956 2345
8562 8132
15 379
4009 3960
1447 2080
6214 7029
2392 2991
8167 8537
8834 7959
4257 4407
1151 2053
4489 4629
5800 5288
7265 7732
5573 5830
13 926
9830 9128
3674 2858
3664 4221
8116 7333
7628 7854
5833 6622
3387 2854
6729 5817
8723 9361
1625 1594
3279 2740
2363 1784
8746 9240
7322 7081
3784 2934
3935 3354
2656 1810
6452 5740
8777 9720
6726 6206
15 655
3011 3009
2099 2459
6651 6579
7647 7079
95 214
5164 5673
2015 3014
96 777
2719 3543
8743 8339
3656 2666
8447 8641
7517 7992
3498 2920
8450 8278
7561 7569
4920 4539
5750 5133
4706 4219
81 483
8112 7996
8994 9382
6144 5286
2665 2191
2457 2700
871 1249
1175 1670
7564 8187
9535 9728
7548 7316
2775 3659
8753 9410
10036 9636
8086 8716
13 977
2048 1330
7714 8421
9660 9640
8824 8850
5158 6147
2063 2110
83 548
9203 10000
1955 1311
1950 2011
4512 3834
5635 5938
8354 8549
6078 5941
10075 9121
84 970
9358 8943
3192 3540
2353 2580
