5012
50
14489607
107 107 104 107 97 102 99 94 100 91 95 90 109 92 94 110 105 94 109 108 93 91 104 108 107 108 107 101 101 91 110 90 92 92 92 92 101 102 106 108 99 108 90 107 104 109 91 102 101 91 
-145878 -152648 -141113 -161507 -146084 -146264 -146662 -143143 -149405 -136587 -150877 -139623 -143868 -127145 -128954 -169431 -149273 -132100 -153863 -177799 -144042 -144015 -153794 -168643 -162533 -161219 -158147 -176550 -156355 -129051 -178000 -150648 -152959 -141099 -135275 -147797 -156431 -143950 -155262 -168301 -166234 -171357 -143078 -161403 -153097 -178467 -140173 -148088 -154202 -140529 
130782 137204 126506 142557 131438 128859 131024 128776 131902 121255 133284 127125 128607 115340 115798 153923 132756 120385 139874 156457 128878 129041 136652 149102 145681 144937 140025 156395 139071 115532 159757 134401 134889 124377 121642 129108 140518 127533 140141 154378 148341 154156 125784 142786 137523 159984 122004 132936 135592 122929 
6496 6797
7669 6953
8090 8503
4576 5394
2463 3133
16 871
5030 5165
7163 6540
5756 5684
2773 2093
7852 6993
10397 9637
5522 4756
2350 1752
6901 7196
8861 8234
6391 6528
609 1252
8443 7788
2643 2216
9590 8639
2850 3518
3358 3148
5000 4719
5753 6276
14 208
2544 2233
9043 9546
5671 6262
1899 2866
4675 5181
8050 8881
1978 1379
713 1390
1500 1279
8081 7143
7693 7747
4245 3622
4670 4893
2154 3035
1795 2065
2920 2770
5117 4183
6804 7107
2191 2897
1186 1246
4442 4038
25 531
8767 8934
3321 2580
88 489
6397 6831
3616 3804
85 758
3773 3878
1766 1627
2361 2615
3318 3152
9021 8594
5867 5365
2953 1955
6879 7015
9303 8424
7748 8453
29 368
39 30
4196 4875
9463 9979
5945 5254
7417 8220
7735 7266
8268 9088
10143 9875
81 996
2659 2096
9046 8475
7123 7683
9454 9208
3146 3027
4898 5025
1857 2847
3823 4347
3519 2868
9842 9523
10295 9355
2424 3337
1305 1721
2203 1582
35 716
3809 3863
12 585
1280 2224
2229 2977
81 401
2604 3502
4153 4117
3986 3732
6470 6751
7968 7772
2632 2187
3386 4245
79 997
8484 7651
2564 1588
20 258
2988 3754
2457 2855
79 442
6247 6458
15 329
9637 9631
7988 8363
1757 1041
6990 6433
57 273
2367 3240
3356 3236
4300 4571
8448 8370
2370 3292
305 1078
2308 2583
1540 1040
91 831
7435 8400
8903 9769
8125 8504
2570 3205
5720 5603
9437 8585
1269 1493
8606 9342
7997 8760
7132 7454
3015 2707
1432 1569
5736 6122
36 218
3029 2213
7951 8030
5953 5436
30 582
2112 1864
4655 3739
10194 9300
7880 8530
52 372
5165 5071
6627 7498
3764 3199
23 506
7168 7949
1614 1165
6170 6933
71 357
3795 3059
4500 4094
991 1019
7637 8111
5806 6734
4904 4176
7086 6219
42 519
40 1040
3263 2536
8497 8221
7619 7156
9480 8896
9025 9217
6302 5433
4331 4678
60 75
4433 4070
7011 6772
2082 2611
6570 7233
8924 9269
3243 2921
6313 7284
2177 1319
5336 6106
7734 7092
6272 5654
529 1511
3631 2690
59 224
9546 8872
6727 6232
8637 8198
9002 8884
60 36
41 830
3144 3110
9245 8405
62 559
9404 9919
1987 1402
4916 5873
9384 9274
9024 8794
1287 2205
1160 1811
5270 4902
5763 6169
59 850
7583 6717
2382 2472
5411 6388
7104 7358
7427 8205
8462 8446
4617 3681
4952 4840
3543 3786
9467 9888
7975 7563
7212 7823
17 185
4005 3396
4991 5110
2353 2326
8762 8559
90 76
7487 6499
93 745
4974 5691
3811 3202
6558 7445
1326 1804
5563 4620
1769 1479
5320 4868
8680 9513
1344 1532
3535 2997
8644 9289
7376 7382
6124 6741
8657 7691
6434 7386
2527 2313
10095 9430
3225 4180
7876 7874
4694 4073
9969 9394
91 896
7702 8026
73 726
2362 1510
1532 1159
8485 8023
9522 8561
8173 8742
5437 6150
9082 8906
8878 9006
3091 2187
5450 4718
905 1396
53 62
5704 5646
9469 8763
4185 4091
7704 8302
1576 1720
3835 4458
7831 7876
8235 7807
44 328
9720 9749
9349 8732
1595 1456
2431 2783
2786 3417
4020 3022
1301 2283
87 815
72 592
6452 6319
1284 2115
2119 2929
6404 5835
4480 5094
6048 6638
2268 2074
5892 6695
96 219
8224 8575
87 939
2499 2989
26 669
3278 3180
58 610
1519 1921
6593 6035
4591 5268
7092 7551
2649 3204
7135 6616
68 20
83 981
3422 3799
6271 5460
7883 7515
3314 2908
4838 4391
6617 6138
1450 2334
6287 5439
75 17
2516 1924
46 543
7322 7233
1628 1265
5946 5457
53 121
5369 6088
90 616
10286 9674
6378 6151
98 519
2372 2929
6906 7164
1529 1988
2165 1259
6199 5915
6127 6558
6514 6493
30 121
50 344
4006 3925
8358 8283
94 503
9127 9050
3158 2700
76 797
10353 9911
3247 2434
10726 9988
8065 9030
6755 6973
9139 8978
10253 9883
1067 1030
8240 7289
50 735
5590 5684
5930 6923
2498 2359
2327 2750
2551 2198
7059 7043
4151 4909
2251 1389
2814 1959
2865 3138
15 69
10597 9759
9536 9033
8124 8133
3285 4104
7711 8236
1885 1185
3623 3300
4385 3961
6894 7766
7962 8744
2386 2529
1814 2761
6128 5149
4560 3665
4029 4029
6800 6260
4071 4505
43 701
7082 7750
8930 8412
4958 5209
9031 8966
1479 1884
3086 3750
54 624
5574 5958
93 807
4842 5812
7732 7227
6441 5526
2628 2868
6561 5575
3663 2888
6804 6843
5682 5487
10164 9281
28 348
2330 1478
17 348
10532 9618
8046 8129
8058 7350
3765 2799
3976 3931
5925 5730
4011 4382
2519 3222
7198 7678
4713 4454
9308 9275
6530 7043
4891 4339
65 772
76 452
3784 4066
25 514
9949 9988
7362 6508
5067 4475
9050 8875
6513 7500
9716 8934
2057 3016
3070 2323
9435 8594
6609 6794
7960 8452
8862 8258
2864 3836
4823 4979
9732 9517
5802 5581
5549 4614
3286 2432
5426 5725
5372 5141
2302 1796
5176 5628
75 805
5205 5596
790 1699
7193 6439
2820 3097
9246 9041
3138 3290
8354 9289
3216 2558
7565 7780
45 550
2728 3308
9695 8781
8270 8467
8652 8743
3527 4294
8865 9577
7781 8666
1415 2316
6911 6048
7751 6815
7707 8345
4887 5380
8322 8245
3209 4062
3285 4132
2514 1765
6144 5148
5222 4527
2324 1643
47 653
6405 6759
897 1222
5407 6269
392 1264
3716 4307
6675 6195
4868 4901
7080 7001
5704 6331
915 1232
2380 2625
3407 2898
5551 5612
8813 9173
5966 5241
3177 3748
4946 3996
5042 4436
5867 6217
4252 5122
2279 2305
4617 4755
3720 3455
848 1083
2478 2275
8284 8506
8772 7876
6122 5716
4624 4646
7231 7978
8498 8031
1976 1036
7207 7605
3117 4106
3513 4469
4242 4662
9263 9937
2090 3007
3173 3120
995 1411
5458 4961
9364 8907
2782 3059
7432 7052
2515 2499
8719 8414
5236 5906
6309 6516
5974 5232
6158 6596
3142 3450
54 734
1880 2074
5163 4492
9256 9431
3520 3420
3617 3352
5903 5012
4523 5279
3623 4030
7159 6165
9270 9598
6515 6420
7112 6747
2143 1385
6096 5139
91 763
31 124
4123 4967
4878 3922
9528 9649
2203 1625
1986 1148
8420 8876
2116 1853
450 1402
5754 5656
5604 5403
4479 5211
3444 4412
48 388
9345 9953
9171 9064
100 899
5262 4499
5155 5140
25 603
2176 1679
2479 3045
4223 4574
4017 4733
8792 9036
90 312
6254 5634
749 1126
3027 3655
5660 5060
10296 9525
6358 6354
7753 8197
1472 1702
43 332
4959 5649
6837 6970
47 137
3720 3867
4563 3722
10769 9930
8009 8393
3422 2442
2865 2248
2423 1643
2571 1758
2961 3064
7438 7707
4435 4636
1770 1243
6366 7176
7792 7119
7043 7341
1929 2406
9888 9259
5658 6494
7679 8322
4657 4987
7706 7291
3991 4140
6146 5809
3753 3115
6364 6052
7079 6715
4135 3477
6944 7860
9824 9225
14 722
3899 3469
84 587
4138 4500
2952 2522
8059 8068
3554 3789
5390 5627
8906 9369
4940 4488
5596 5161
3318 2719
3669 3446
6616 7103
604 1147
1543 1159
7051 6719
10112 9429
7357 7739
4972 5550
3485 3808
2907 2206
2647 2241
2229 1634
8576 8514
9074 8876
2378 2953
54 683
4783 4935
6988 7576
2108 2003
5276 4403
2629 2008
3602 4259
5807 4918
52 156
2515 3383
8731 7949
1705 2568
4627 4709
4635 5585
466 1209
4661 4320
59 529
7417 6790
19 10
2150 2738
5404 6175
62 546
8330 9319
4663 5158
3695 2927
4031 4714
7442 8068
8961 8824
4177 4107
8446 8816
5922 4925
9749 9604
9678 8751
4439 4159
5473 5416
2899 3430
2471 1605
6842 7290
10259 9358
4369 3808
4925 5561
10541 9907
3611 3931
5439 5965
91 108
9720 9556
1456 1535
9349 8576
9741 9041
7139 6815
4354 5308
3156 4125
3345 3090
7774 7482
2409 3036
1819 1981
3048 2480
8901 8415
5585 4586
5861 5361
5899 5266
7031 7805
1400 2351
10 611
9209 9076
10563 9992
7446 8355
4945 5388
9908 9671
39 51
8289 8930
1008 1783
7084 6894
9170 9497
3376 2997
5366 5540
2094 2525
5256 5996
2203 1354
5874 5071
5381 6011
1621 2203
67 881
4072 3254
4232 3532
4005 4208
3431 4232
6920 6998
47 167
5886 5665
4708 4946
69 68
67 720
8810 8586
10344 9688
4030 3985
5550 5103
8448 9386
9225 9948
4778 3795
5217 5057
10004 9772
4307 4448
37 259
64 967
18 476
3689 4000
8420 7470
1494 1519
7359 6377
6453 7095
6986 6673
2134 1535
1550 2300
1893 1677
8727 9367
6009 5647
6780 7359
4334 4351
3394 2432
5386 4855
7667 7300
2651 3511
17 198
8048 9006
8112 7257
2404 2935
8554 9109
4715 5252
7950 7765
8313 7502
6663 7054
7739 8632
4882 4681
11 838
4069 5067
2566 3108
5911 4927
9839 9956
3795 3137
2537 2478
9692 9432
7158 6251
6364 5429
4842 5212
5713 5989
4896 5332
64 753
4205 3622
1600 1901
6920 7057
8094 8898
6165 7157
22 72
5992 5365
4631 5395
5760 6017
6983 7977
6000 6925
7950 8252
53 729
4960 4908
9619 9611
5314 5644
7516 8115
1969 1811
4789 4249
4135 4531
9004 9736
6033 5688
4859 3915
2828 2251
5955 5362
7162 7622
2119 1593
9611 9983
3705 3024
2465 2063
7630 7174
9388 8623
31 974
2502 1515
2604 2982
10 835
3525 3491
1056 1735
5067 5858
1972 2366
8723 9537
7909 7324
2268 1639
6661 5929
1314 1543
9681 9465
9637 9668
7021 6814
1038 1389
4744 5549
2154 2924
2532 1942
6883 6264
9816 9412
5929 6002
7381 8211
7182 7053
2785 3463
2635 2780
9967 9525
8461 9214
2167 2077
6143 6409
2755 2033
8584 8098
3824 3953
2707 3636
7985 7416
4489 5116
100 397
3867 3088
48 982
9514 8973
3904 4004
19 157
1663 1958
8339 8906
2764 1884
2385 2153
1359 2013
2530 2372
3581 2987
3136 3842
4249 5121
78 293
3563 3761
1231 1263
4272 3277
8273 7845
58 813
3356 2559
5259 5547
8199 8195
3791 3087
8992 9960
4915 5013
25 108
9096 9107
3709 4066
8509 8139
6779 6002
6763 6904
20 499
3973 4275
3155 2644
9305 8419
2465 3084
3624 4206
9126 9206
5427 4841
5350 5962
8779 8146
6443 6883
831 1030
1840 1413
36 934
5860 5460
715 1059
6782 7286
1316 2213
8183 7355
9796 9642
5665 5554
8477 7524
10491 9859
8869 8079
9096 9214
5743 5049
3941 4563
10117 9682
5952 6042
1236 1587
2981 2190
1701 2135
7352 6820
6886 7006
3164 2492
5333 5625
4641 4007
3701 4453
3612 4078
6855 6605
62 461
6960 7693
7760 7922
7360 7096
6530 7383
5213 4567
5327 6203
6580 6264
6110 6747
3219 3676
6489 6483
630 1122
5953 5520
1812 2484
8319 8094
5024 4165
4030 3611
7317 7277
5665 5970
1935 1742
4576 4896
6840 6051
2755 3739
3962 3263
3777 3922
7763 7501
4371 4078
2045 2583
6130 6867
3698 3205
5608 6302
5527 5174
971 1417
3519 3017
5369 4443
36 634
9855 9748
3020 2482
7502 7718
3142 2336
3709 4630
4524 3693
5915 5429
519 1231
1671 2171
5546 6087
7948 8312
9208 9692
7837 8719
1825 1904
7077 7559
5640 5617
5508 4566
4117 4106
73 954
4737 5640
1124 1195
9130 8630
58 846
3014 2378
1402 2204
8053 8251
7733 7105
10398 9546
3953 3980
7285 7758
6043 5551
94 846
825 1295
9990 9799
8415 8097
4055 3930
2208 1239
80 177
8378 7921
8855 9440
7452 6888
2444 2304
5964 6012
4893 5367
9932 9692
4099 4064
4844 4041
9968 9097
6342 5644
6896 6913
401 1133
5344 5245
1066 1099
2631 2119
45 82
3315 3921
24 345
8418 8933
3736 3751
8877 8545
7075 6814
6915 7118
3440 4433
3976 4039
1965 1401
9210 9766
8049 7666
10481 9774
10224 9527
6324 6016
9275 8701
40 858
2516 3463
7121 6980
4376 4255
9293 9468
8197 7547
1624 2377
6636 7144
8158 8617
10681 9995
7964 7299
6866 6833
7189 7282
6743 6334
4097 3827
97 1003
42 621
5935 6226
1897 2515
7940 8172
6690 6612
5852 5321
8949 8591
70 515
3651 3850
4456 4271
3636 4010
70 779
5833 5417
59 143
3574 2756
5495 6384
1737 1142
10382 9433
3706 4452
6259 5263
1787 1771
5066 5476
2100 2802
6966 5966
5791 5240
2734 2877
4725 3844
2569 2965
86 326
6115 5204
3898 2917
5804 5464
4919 5743
5441 5179
9849 9251
6609 6989
5111 5952
9683 9686
3774 3359
7960 7029
7009 6074
4819 5352
3833 3463
5783 5862
1756 2231
9480 9457
5814 5049
5597 6279
3451 3055
5842 6465
6669 7420
79 557
80 702
9139 8311
8297 8544
4951 5812
7498 6901
8786 9152
6554 6353
1806 1286
4101 4819
4287 3507
8608 8429
3345 2847
8363 7406
2798 2731
4781 5344
3355 4106
7079 7938
10433 9620
92 436
2307 1734
5532 6323
5548 5152
8697 9579
5701 5376
7044 7078
5570 5726
5231 4566
5581 5252
8960 9159
8638 8775
7696 6792
23 268
7540 8064
5557 5657
7934 8023
1525 2338
2353 2554
1770 1803
8687 9467
1835 1205
3867 4695
4870 5058
6134 6853
6457 6193
7554 7220
5477 6307
8317 8283
6248 5914
2691 2787
5041 5886
2292 1518
4785 5343
608 1170
43 37
5710 4778
7865 7644
5797 4900
4484 4635
7175 6742
4584 5373
7879 8438
6483 6812
1884 2276
6022 5656
6589 6021
4782 4321
2731 2261
5330 5542
1598 2560
3150 2742
9024 9891
8281 8941
9054 8077
6637 7555
10247 9456
10676 9857
5598 6422
5745 5980
8752 8952
6866 6014
7376 7869
1973 2530
2172 3043
527 1221
1361 2313
1272 1870
7215 6381
74 728
2703 3019
1589 1980
42 705
8142 8962
1685 2413
29 618
8783 8990
5077 5567
7685 8007
58 993
5357 5868
5787 6457
55 139
2400 1705
3052 3706
3668 2737
51 266
2880 2247
9488 9159
6561 6147
5629 6214
8660 9242
5851 5255
426 1172
8493 8203
9696 9460
5238 4794
92 48
3998 4321
7195 6971
3379 3851
3161 3979
523 1415
1258 1731
9132 8903
4359 4504
2556 1999
4050 3529
9940 9475
3263 4115
2806 3758
4700 4040
7896 7545
5435 6268
53 520
3891 3035
1048 1671
8126 7461
1937 1934
75 92
7217 6450
5248 4511
25 124
6216 7193
7641 7775
1878 1266
4465 4846
83 987
8444 8867
5372 6077
14 767
2825 3803
3298 3895
1660 1224
23 935
3387 3797
2109 1687
2881 1932
98 102
6937 6294
9314 9035
5464 4796
1974 1275
3845 4107
4963 5319
1676 2102
3062 2375
8952 8754
6283 6087
29 908
673 1323
3242 3489
21 441
8093 7318
6341 7062
8601 8367
9210 8435
9911 9114
4538 5295
3858 3880
42 906
10117 9950
4969 5111
5623 5130
22 331
1125 1925
793 1255
3234 3727
3403 3981
3979 4863
3740 3729
6252 5555
6468 5988
3428 3161
3762 3943
7621 6973
1712 1066
3398 2462
8565 8400
5316 6179
2550 2808
4605 5458
3423 2736
10153 9156
1802 2473
8692 8664
5890 6305
497 1431
9392 8970
7645 8493
3657 3142
9144 9950
8483 9458
9775 9259
85 551
6072 5099
7628 7855
4316 5195
9455 9373
10142 9900
5719 5822
2202 2887
4319 4253
8505 9435
1039 1499
9039 9813
47 119
5363 4450
34 901
7227 7630
5552 4976
8064 8433
7982 7953
790 1116
7697 7949
8189 8759
33 81
1409 2343
9670 9281
3921 4581
5947 5556
7527 7453
4643 4935
2515 3328
3048 2252
2493 2824
2492 2602
5718 4981
3637 3644
3264 3292
37 211
3878 3679
6810 5894
8112 7898
2666 3376
87 446
4027 4447
44 240
7667 7614
6197 6280
3428 2781
8968 9419
5284 5020
2077 1456
2247 1733
9429 9720
94 103
2480 2437
1576 2162
1006 1188
83 986
3139 3473
7297 6977
17 420
6445 6289
5227 5812
10696 9781
9782 8938
2599 3164
3091 2379
5574 6375
5802 6025
44 246
79 475
6401 6438
990 1459
9292 9099
47 305
8508 9349
7937 7875
2372 3354
9292 9967
97 638
25 470
7724 6874
2755 2327
2856 3830
3270 4141
2012 1676
4007 3853
2444 1964
6370 6042
2239 1706
1814 2233
6514 7218
7110 6697
6138 5934
7883 8215
5434 4689
3794 2834
5457 4507
4705 4420
1634 2042
9172 8318
7429 8293
59 771
6404 5846
8740 9084
2525 1877
4218 4184
7011 7897
2711 3403
1323 2045
8552 8912
10488 9613
9231 9672
1399 1012
1295 1469
7949 7740
4910 5833
2202 2559
82 28
14 736
3622 3113
7457 8268
43 78
6666 6336
3244 4193
3020 3575
7368 6939
45 605
7002 6481
2903 2767
3913 4593
55 69
8291 7343
34 147
1065 1062
2186 1514
2295 2021
71 957
61 754
9980 9024
3923 4432
8099 7957
2309 2599
4519 4069
2142 1241
1873 2037
2099 2565
4275 3622
3910 3495
4940 5539
4323 3519
8679 9661
2118 2046
10256 9421
3087 3131
4973 5940
6280 6522
6510 7346
1568 2366
1895 1703
89 578
5998 5487
7227 7343
27 704
7999 8644
8122 8064
2237 2076
2307 3122
7381 8216
5465 6198
9536 9083
1549 1068
7534 7456
6428 6116
3713 3384
62 781
9457 9442
6723 6963
6316 5851
8435 7787
1700 2523
2532 2365
8219 8324
1407 1594
5664 5625
7828 6850
9800 9673
8965 9473
2573 2572
3727 3204
7206 7229
4151 3973
7507 8174
5241 4466
78 835
5218 4487
2978 2252
1577 1243
7948 7237
9156 8450
7211 7245
888 1636
68 400
3646 4149
2521 3375
8015 7189
8603 8775
7365 7723
5427 5026
2738 3281
10199 9826
84 760
3970 3678
1843 1638
8679 9182
8651 9602
7471 7214
1222 1194
7611 6912
7734 7298
32 905
3384 3297
6979 6907
5511 6274
4608 5252
5659 4850
3937 3687
7755 8149
4668 4130
6323 7249
7404 7678
8588 8834
881 1423
89 718
1417 1934
5842 5367
6164 7017
7247 6673
3049 2434
9479 9344
1607 2457
5969 5456
67 668
8777 8793
1466 1436
1375 1590
75 94
7939 8931
1425 1708
7205 8053
77 965
6740 6987
9167 9357
8415 8889
6453 6298
174 1115
3604 2998
8513 8743
8742 8993
6184 6900
2193 3125
61 491
3355 4247
7497 6794
7656 8487
5761 5201
7811 7954
4863 4291
4690 3887
3573 4080
8250 8032
31 444
6340 6404
6260 5959
25 950
3097 4082
4682 4881
5466 5605
7305 7415
7465 7997
8212 8533
70 539
1336 1683
8418 8526
5492 5831
5924 6147
4748 5060
2185 2040
8122 7871
5556 5043
2456 3389
8051 8298
3763 4482
9503 9802
4145 3730
8873 8567
1472 1434
8237 7796
4210 4327
64 169
49 347
3707 3168
4384 4704
5295 6203
9616 9666
9623 9382
6394 6233
5470 5541
7301 6593
7183 7508
1443 1137
8901 9895
3269 3431
1849 2175
7713 7686
7498 7648
55 172
1583 2151
3823 3937
5703 6500
5674 5083
7672 7048
6711 6605
8364 8728
6696 6472
2623 2427
22 110
2220 3169
7165 7247
2130 2384
8557 8668
1830 1982
7687 6783
5533 6227
8671 7935
1694 2140
4477 5148
5257 4888
44 803
6959 7069
2229 1237
98 589
5427 5795
1282 1765
1015 1736
42 400
4423 4307
70 847
79 357
83 295
6802 6058
7575 8104
8435 8082
5083 4227
1780 2670
3057 2794
4843 4595
88 107
2273 2688
5899 6360
6829 7569
2210 2759
1029 1830
10 760
1657 2332
3124 3854
1949 2006
81 485
7856 7745
10494 9874
3021 3524
9176 9591
4610 4285
26 442
6602 6525
3074 3251
2422 2041
8081 8546
2543 1783
3426 2683
7685 8576
9063 8119
10248 9678
8954 9145
4716 4035
1269 1048
6093 6481
7068 6315
5271 5082
7281 6395
2373 1625
10245 9774
5512 5266
96 966
7365 7337
9123 8169
6844 6220
9507 8817
5166 4352
5552 6040
88 75
2212 2713
2664 2223
5645 5333
5230 5768
10191 9491
6715 6538
995 1621
8492 9216
7242 6768
2317 1808
6714 7013
5596 4984
5366 5375
2798 1849
6091 6682
1989 1989
1708 2368
2866 3140
9382 9793
6488 6053
1270 1089
1325 1020
8399 7590
8517 8670
7210 6855
4370 4678
2312 2358
68 527
2267 2185
3488 4274
2187 2289
4721 5031
6091 6546
5193 5217
5403 6270
6056 6288
7298 6511
44 889
3638 3718
8777 8083
7599 8558
7108 7835
5632 6130
756 1719
6538 7363
2986 2598
9499 9355
8482 8562
86 869
9185 8631
618 1405
2186 2012
3414 3378
7970 8546
39 906
907 1351
6519 6827
6474 7270
2363 1564
6663 6902
4363 5137
3011 2396
7489 7359
6485 5574
7298 6309
1051 1440
24 993
4174 3945
7969 8734
87 334
2895 3711
1053 1246
6613 7321
3102 3076
56 591
5732 6388
7929 8816
7495 7243
4827 3924
5744 4978
5528 5772
2196 2313
4012 3626
2432 3099
8652 8712
4204 4462
1074 2025
5522 4878
3963 4594
8559 8908
4950 5509
5608 5223
4327 4564
7470 7754
8861 8011
46 164
5016 5534
77 81
6315 5924
3672 3213
1823 2017
3454 3605
4730 4776
6617 7143
7665 6753
8743 8604
8869 8114
96 68
9242 9235
35 84
13 542
3624 2999
6004 5089
6889 7872
6481 6863
4989 5616
1914 1491
7140 6925
6843 7734
8174 8813
1367 1091
4375 5309
41 780
9229 9973
4274 4545
6925 7265
5437 4994
8196 8386
1493 1318
4628 5389
1720 2336
2078 2478
6186 6033
82 824
7609 7621
480 1011
641 1228
6879 7626
9599 8857
9739 9028
7008 7411
839 1578
5093 4926
28 259
64 530
744 1022
87 786
6865 7166
6328 6090
5368 5173
6602 6347
9475 8873
2308 2431
2331 2591
4647 5121
8891 9885
1894 1499
2323 2927
7185 6472
8502 8651
10003 9032
1875 2159
6517 6932
5163 4378
5468 5320
7567 7622
77 969
23 648
8182 8558
8142 8829
7473 8304
5074 4724
3509 3328
7439 8251
25 874
5274 4713
3083 3541
3330 3014
7158 7089
9201 8885
9025 8813
38 104
52 943
3100 2741
38 848
8616 9119
5569 5000
8682 9601
86 388
833 1204
7005 6886
7472 6543
1540 2239
3691 4100
76 699
7740 6883
659 1603
9381 9110
6274 5791
3327 3462
1135 1099
2911 2062
4419 5414
9220 9657
4342 5299
8495 8076
8341 9132
2381 1925
7984 8281
26 403
5872 5554
5997 5683
4246 4429
9724 8736
4249 3718
9156 8430
3163 3366
10119 9304
64 570
8966 9408
8821 8512
6102 5884
765 1649
1230 1973
5299 5525
9098 9495
7890 8727
1624 1908
5927 6081
6843 6372
9896 9401
1744 1186
6204 6889
1080 1255
3033 3698
6710 6324
8920 8899
3914 4455
4691 4747
2598 2429
96 614
6806 7789
2924 3521
1520 1656
4796 4761
2905 3055
1095 1463
3836 2884
7971 7662
9923 9026
78 871
100 300
10137 9305
8311 8642
7320 8222
4146 4302
5464 5206
4087 3127
8469 9024
6458 7011
10226 9760
5773 4891
70 968
7209 6415
6947 6844
3014 3579
5743 5622
4378 4595
1620 2440
6245 6314
10492 9502
4917 5914
7078 6798
4288 5247
7348 8145
3285 2552
1685 1020
7550 7873
5071 4660
5842 4895
5758 4786
8295 7511
6637 6219
2285 2549
5510 4783
3343 3286
7469 7169
8495 7748
5555 4842
954 1407
8920 8450
2611 3201
5747 6296
4759 4260
80 711
9385 9895
1556 1283
8001 8344
3234 2578
8820 9439
9168 8467
9955 9433
7099 6256
4855 4726
3517 2993
9669 9141
7861 7106
4636 4409
2808 2767
3197 3238
9920 9239
62 380
36 414
3785 4368
9167 9994
8946 8467
10106 9479
19 35
3492 3673
5071 5111
4972 5208
4234 4697
5235 5382
6980 7228
4140 3985
8554 8281
6707 7108
2584 2590
55 950
1832 1547
9285 8829
7832 8565
60 96
9200 9408
3347 3356
4662 5400
2862 2683
5536 6495
6152 5257
8778 8070
27 638
10304 9600
6789 7381
28 500
1693 1513
9724 9034
9057 9898
5336 5606
3983 4410
7201 6229
9095 9547
3887 4293
4351 4462
2878 3597
2743 2215
3849 3429
8653 9139
6881 6548
1068 1683
6665 6198
3815 4553
1902 2043
4233 5190
2841 1962
4628 4351
7663 8118
6190 5652
9093 8381
5699 6662
3147 2526
28 813
5312 4379
9459 9888
2778 1951
5299 4643
4728 4099
9155 8378
5497 4640
9701 9953
4261 4954
5379 5261
4857 5545
4485 5436
5749 6623
7626 8124
4600 4044
6307 7053
6081 5232
2352 3178
9596 8803
7662 7992
6160 6985
4879 4404
925 1148
2941 3345
29 544
2522 1694
8791 8165
9633 9914
4660 4187
1612 2068
43 571
6776 6179
8357 9201
5209 5043
3557 3796
2585 3192
9440 9287
8452 8450
9039 8872
1736 1869
239 1059
3717 4530
4862 4093
7127 7762
6323 6657
5968 5436
4376 4819
5569 5846
2874 3430
2911 2519
1974 1255
1056 1462
2938 3010
7736 7407
8155 9000
97 631
8052 8578
8714 8138
26 112
61 797
5099 5815
10718 9878
5320 5147
5237 5303
6462 6101
10181 9812
8021 7919
99 537
5550 6438
54 721
7072 6574
8807 8734
7275 7022
7672 6967
5415 5680
2710 3263
6466 6936
9779 9528
7353 6558
8027 8365
3132 4082
713 1415
6685 6516
5024 4412
8909 9619
3792 3726
3610 3843
56 854
8664 9632
4454 3784
2467 2174
8659 8274
2930 2856
33 147
2470 1662
9270 8509
2230 2694
3482 4381
5317 4805
5927 6032
2313 2517
3496 2946
6306 6328
1575 2365
6167 5203
2651 3512
4314 4944
6802 5830
6664 5671
4025 4687
2580 2897
8544 8529
6272 6561
7752 7823
5460 4977
9825 9718
7723 8466
52 496
5827 4856
4820 5032
8590 8549
8426 8460
5443 5175
4977 4132
8449 7979
2724 3626
6057 5605
46 132
7046 7090
6571 6958
4949 5077
3100 3028
818 1590
6396 7361
68 706
42 381
5370 5345
9226 9266
6458 5843
8397 7976
1518 1648
2629 2137
7795 7450
5832 4925
8268 8911
3578 2676
42 570
1353 1610
2983 3949
2307 1716
1700 1711
3224 4155
8490 8213
3546 2612
4751 3908
2937 3466
8635 8843
969 1121
8667 8932
7016 6040
6981 7699
7719 7999
5120 5905
5874 6405
7109 6889
7298 7985
5517 4849
6197 5944
1337 1697
21 710
7494 6728
7869 7183
7433 6446
8625 8005
6634 5941
6248 7062
9551 8558
8157 8304
9702 9389
9709 9872
49 987
93 356
6237 6840
2125 1334
5274 5821
5548 6369
5698 5238
3291 3043
1503 2190
7404 7448
8270 8173
7497 8363
61 150
10517 9792
78 884
11 536
2560 1944
5870 5391
3904 3647
6225 6096
7323 8031
1890 1132
1786 1862
7328 7601
3562 4550
98 583
7281 7408
5429 5071
3460 2649
48 473
3407 2970
9094 8894
761 1053
7352 7680
5153 4210
2718 3243
5768 6135
8384 7433
9672 9153
4371 4687
1456 2279
5240 5466
6550 7131
18 701
4486 4590
3561 2773
6125 6886
2037 1937
3629 4445
5869 6472
9018 9892
4650 5162
2993 3634
2099 1819
6588 6892
75 139
7225 7173
2244 1652
7152 6517
4236 4073
1468 1519
7537 7832
7296 7339
9848 9857
1710 1225
8352 7389
7265 6506
7287 7095
6618 5687
9140 8462
31 471
5198 4875
7632 7564
9078 8329
4493 3925
5605 6545
1732 2411
8671 7685
4059 3172
6969 6687
3703 4530
8621 9299
8063 8702
4563 5095
9371 8604
9525 9656
4805 5077
10254 9761
36 250
8422 8549
1847 2029
4042 3857
5456 4814
3343 3906
6491 6396
3387 4086
537 1210
10155 9247
6998 7793
8710 8052
8193 8027
4821 4566
865 1069
2194 2573
25 793
1633 2047
3442 3229
7737 8297
4915 5556
1606 2203
40 671
1242 2024
2760 2884
2944 2417
9912 9485
2485 3446
7139 7753
9548 9747
8280 8548
23 645
7069 7243
4050 4298
3142 2347
4964 5778
1972 1115
1784 1573
8746 8293
9294 9859
2870 1954
2094 1803
10172 9369
9084 8348
5003 5890
7269 6777
8901 8524
5154 5192
9283 9023
7385 6983
2154 1761
1658 2043
5855 5125
3264 2807
1162 1567
6272 6736
2339 2492
8077 7091
3602 3481
5439 6161
2649 1793
9154 9350
3071 2898
5514 4515
76 373
3596 3334
7591 7138
3396 4138
8711 9599
1089 1119
9365 8632
10099 9337
8945 8902
5283 4965
1480 2330
5424 5689
4223 4790
2329 2831
9478 9912
3746 4171
6548 7013
47 325
8237 9072
5287 5376
7019 6127
2039 1301
5179 5857
81 352
6651 7486
3641 2719
22 762
4517 3764
94 655
81 137
9170 9985
5293 5073
3946 4345
3546 3439
7859 8077
9416 9670
8548 7586
7339 7282
1323 2113
4385 3996
3123 3725
5028 5597
5875 5728
10046 9732
61 472
49 831
9782 8861
8774 8509
3052 2194
2258 3086
7964 8894
8914 8916
2865 1882
5235 4701
6261 5301
4146 4830
1821 2473
5882 5006
4994 4356
7396 6418
4781 3977
715 1538
6017 6941
3746 3418
4356 3441
1287 2190
2931 3227
2721 2573
3733 4326
6386 6130
9946 9087
7086 7058
8177 8227
8443 7988
1761 2120
8154 8329
3325 4119
38 170
646 1064
1160 1583
7509 7231
1738 1493
4697 5336
3689 3217
5848 5418
3299 2443
42 405
2117 3016
1518 2477
9610 8753
4235 4392
5178 5320
9297 9805
9095 8283
2982 3734
1783 2721
8525 7781
3321 3787
7830 8769
6395 5680
7762 8624
8915 8424
9438 9717
8614 9601
4442 4981
3798 3036
3966 4656
5261 4515
2836 2647
6611 6178
4525 4056
8918 8706
32 788
6190 5695
5087 5047
8967 9616
10133 9467
1750 2563
9633 9830
8717 9233
5205 5716
2085 1244
69 447
4483 4142
8720 8516
7786 7814
7370 7514
4978 4022
1856 2573
6338 7054
2966 2085
3249 2477
31 595
8464 9122
3831 4115
724 1504
9278 8919
22 103
7256 6690
3419 3398
4790 5031
61 1003
612 1376
2303 2249
3502 4090
3051 4017
9180 8542
1959 2763
498 1174
2528 2619
5357 5795
8137 8773
7298 7108
1098 1119
8007 7233
8498 8776
8444 7825
7278 7811
9235 9136
5944 5566
5506 5126
2271 3223
1646 1651
6320 5548
13 566
1179 1366
2221 1738
8220 7819
9697 9840
2934 1972
6830 6006
10131 9859
8486 9020
8577 9436
2070 2042
966 1630
3105 3184
1924 1529
5972 6375
5464 4931
6095 6535
1226 2148
8071 9051
3179 3270
8682 8851
4787 3861
3841 4659
5844 5398
2608 2548
3270 2996
4984 5660
3341 2875
87 561
4430 4548
40 371
9685 9190
8303 7716
5608 6401
5807 5509
396 1082
5237 5481
3579 3782
4047 4765
445 1272
68 115
9125 9429
5930 5821
7175 6574
4732 5231
7875 7659
8455 9392
6441 6887
6210 5337
6432 6158
10513 9906
2637 2322
595 1121
8403 7955
7023 6456
4376 4873
4415 3759
2063 1846
4654 4718
7877 8291
5762 5122
1167 1831
6809 5821
89 592
7130 6298
10311 9478
7107 7836
5768 5027
3046 2347
7167 7608
8662 9328
5981 6934
7782 8434
1482 1804
9531 9613
5424 4446
1578 1924
2637 3608
4159 4510
2919 3060
3582 4127
6405 5577
2352 1462
6259 5375
8077 8014
2111 2738
4124 3783
8519 8785
5939 6766
2023 2052
2876 3459
8660 8072
2003 1648
6266 6521
3800 4170
2562 2587
3412 3233
7313 6336
3261 2988
4195 4374
7574 7489
3367 3286
8241 7842
7283 7294
4637 5524
3857 3969
980 1547
2422 2752
8390 7780
4587 3929
8660 9000
5226 4296
72 230
6229 5364
9181 9666
3191 3363
4349 4214
1826 2694
10690 9773
5324 5845
2188 1380
2621 2514
9076 9238
1767 2559
1081 1215
4978 4705
10631 9941
655 1621
2242 2711
9791 9473
818 1601
1838 1345
6536 6680
4162 5160
2566 2133
589 1334
2302 2772
2059 2647
2167 2751
3514 2515
4796 4503
67 495
6618 7583
2778 1850
3565 3933
4260 3507
5277 4968
7199 8087
2096 3015
7267 7326
8865 9205
10078 9589
5916 6199
4547 4040
6372 6970
4855 4228
3266 2646
1973 2659
7469 6704
7698 7080
10076 9838
5216 4983
1342 1271
6369 5976
7266 7265
3228 2790
5735 6033
2237 1910
10165 9183
5127 5141
2836 2207
7932 7759
7981 7323
371 1158
4005 4757
3443 2979
3095 2989
2785 2924
4039 3885
5371 6371
3503 2943
4073 4478
5669 6669
9222 8601
4804 5226
10686 9917
69 640
8332 8489
9821 8854
9078 8826
7009 7787
3025 3262
8743 9407
9672 9361
39 911
50 167
9879 9906
6642 6006
6547 7106
7745 6840
8496 7752
2341 1641
6263 6793
2171 1865
10408 9915
9139 8890
9362 9370
2428 2987
9142 9868
6393 6803
91 16
4048 3715
4144 3609
13 621
9282 8383
8017 8676
2887 3085
5317 4733
9301 8968
6239 7122
8352 7935
4246 5030
8751 7996
5550 6413
8720 7909
2508 1802
32 300
4963 4385
7916 7816
8114 7496
1977 1403
7935 7859
7683 8621
7630 7365
7609 6704
7385 7118
3685 4454
8446 7449
3619 4191
7569 7858
4731 5433
3840 4633
3377 4070
7040 6699
6455 6876
7378 6872
981 1952
3915 4442
5754 5403
8753 8262
3457 4061
8062 8111
6710 7674
5186 4639
8648 8538
32 29
6185 6324
6711 7438
2960 3885
9704 9659
8885 9102
90 110
1871 2512
9870 9094
2184 1279
7586 7369
3494 3728
2388 2167
931 1574
10393 9437
9645 9654
2068 1566
8267 8718
8919 8521
6179 6962
13 900
3766 3459
1144 1596
2989 3828
7740 7501
4341 3622
3738 3608
3082 3350
7254 6523
8159 7548
7571 7163
4819 5615
7206 8004
5480 5601
39 200
5092 5398
6803 7469
7595 6799
35 367
7852 7274
8158 7528
1289 1243
9080 8707
10169 9452
7913 8035
15 341
5435 5332
7707 8332
5562 5530
5536 4940
2166 1345
4046 4002
4365 4240
8700 9335
2986 3158
6094 6470
6480 6432
8276 8917
9360 9557
9261 8588
3367 4114
9517 8981
40 471
19 975
1651 2481
6362 6223
5553 6274
3487 2898
3923 3318
3770 3640
5328 5089
7642 7022
5012 5664
9627 8793
1390 1882
3084 2152
4262 3947
1258 1731
3757 4609
6963 6986
3142 3255
9490 9683
4451 5108
55 528
67 771
4811 3834
4420 4766
3650 2666
6017 6069
7089 7390
1812 2619
86 413
8828 9033
3810 3502
9066 9549
7246 7888
4777 4591
9565 9174
9360 9158
4058 4699
100 36
4712 5428
5762 5686
7752 6952
6567 6716
33 296
9862 9721
7804 8604
2690 2628
43 1008
3243 3666
3809 3423
3358 4238
4657 4582
4671 5150
2805 3528
6049 6673
197 1102
5544 5775
4170 4494
2876 2304
7169 6331
1085 1654
16 166
7354 7238
8223 8514
47 74
9900 9784
8129 7496
6394 6107
6116 6067
4617 4196
5855 5644
4481 3549
2143 2750
3608 3753
4175 3253
9632 9739
2053 1926
6404 6261
5610 4925
2742 2822
6169 6132
6270 5633
7960 8349
2552 1696
8033 7818
918 1869
3487 3860
3933 3717
979 1388
2567 3442
8291 9125
9100 9622
2441 2135
9811 9584
6361 5375
7004 6504
6181 6740
59 734
4033 4513
6161 5265
6099 5246
5447 4764
2948 2865
6182 5898
4993 5085
5069 5074
11 190
5407 6362
6933 7308
1156 1958
5789 6175
8986 9637
4531 4248
6480 5672
51 998
10090 9975
7889 7924
4082 3634
1103 1881
5372 5740
5531 4609
63 862
4357 3523
2063 1902
7860 7121
9910 9680
5778 6189
14 581
2646 2531
7092 7641
71 212
6368 6833
1340 1595
5500 6046
2961 2905
3927 3522
4524 3714
5792 4841
48 566
8846 8797
6919 7759
5180 5158
7020 6859
1669 1789
8636 9589
6305 7166
3587 3556
6501 5970
2496 1741
4016 4045
2403 2719
4456 4955
96 932
7242 6837
7410 7082
4640 4726
4856 5827
3770 4685
1302 1435
10515 9666
87 183
3826 4126
7602 7032
3139 3057
5988 6919
7999 7823
44 707
2142 2643
77 349
6995 7371
18 793
5487 5023
9025 8667
8568 9301
898 1200
10 260
10090 9498
8475 9323
5130 4741
857 1733
5567 5976
4448 5151
9177 9561
3349 2517
7482 7160
99 659
4829 5723
5010 5843
1722 2182
6049 6027
8769 9442
2263 1474
7979 8330
8636 8678
1460 1555
7024 6374
17 491
3207 3030
10830 9910
5292 6154
4580 5119
4879 5489
7951 7529
7483 8088
3327 3708
8932 7947
4647 4730
4435 4758
9099 9534
2845 2472
8126 7513
7255 7771
7519 8237
3801 4236
9190 9757
8164 8558
10279 9410
2847 2998
1524 1803
10924 9929
8859 7903
1787 1156
7413 6831
3866 3901
2066 2935
9122 9511
1855 1466
9579 8842
9235 8874
7028 6280
8999 9042
10735 9918
2459 3376
6270 6828
9781 9781
6226 6730
4945 4917
6937 7448
2503 1576
21 727
44 699
7467 6561
8025 8121
3988 3795
5751 4789
4264 4657
8216 8071
1997 2388
1680 2435
30 827
9233 8310
6943 7847
14 146
6484 5730
4700 4018
2211 2709
9073 8861
5394 5035
99 71
7908 7388
6309 5716
6694 7412
3080 2419
7564 8525
7980 7576
7985 8725
6783 6399
5366 4575
6017 5816
8983 9533
8244 7545
5285 5264
100 469
5641 6639
3404 4195
3122 3237
9983 9836
9746 9342
1044 1120
8807 8878
20 901
7503 6635
9088 9721
7905 8135
8040 8956
7128 6161
7383 6519
22 966
4364 4937
68 611
5575 6510
9183 8639
4933 5795
4966 5226
9908 9801
26 736
5522 4829
74 212
2143 1407
8818 8391
3904 3304
8269 7636
7617 8161
3063 2075
4922 5291
4585 5186
3915 3648
3449 3600
1474 1932
84 430
9636 8866
7376 7229
3821 4296
4190 4272
9694 9823
5324 5609
9955 9600
10420 9999
2854 3115
7298 7865
985 1973
8499 9232
7167 7391
4978 5282
8110 7470
8984 8222
4255 4952
5712 5346
6394 6443
8548 8469
6139 6803
8102 8928
45 610
2535 1769
6679 5875
7276 6581
7581 7469
3641 2954
3414 3822
1328 2246
3041 3081
8130 8028
9224 8699
61 146
4527 3827
2226 1863
7866 8051
5012 5378
6799 6327
6469 5521
7322 6727
6163 6655
9264 9439
3398 2473
992 1853
6623 6321
9210 9256
1358 1961
5070 5311
6625 6592
9706 9159
7494 8202
2172 2573
7407 8308
2040 1250
5325 5554
10345 9396
7676 7591
8987 9527
2722 2683
1096 1726
8978 8956
8649 7889
9005 9599
1898 2197
7344 6523
8237 8030
4815 3841
8865 8362
10131 9574
6786 5825
1731 2569
6973 7588
1135 1708
6971 6897
2256 1932
5633 5327
7007 7163
7968 8490
10604 9637
1780 1617
3967 4465
4743 4641
2390 2868
7841 6879
7253 8155
2640 2130
7503 6692
7404 7692
5201 5451
7271 7569
3602 4567
4304 4302
17 622
2849 2480
5797 4818
7744 7221
6330 5742
4807 5803
5949 6777
2770 2953
2075 1164
6261 7164
6165 6244
2033 2911
8874 9580
3356 2466
7628 7342
9806 9314
6780 6730
3848 3586
5908 5516
3203 2860
1498 1136
2479 3448
4650 5580
3419 3946
7194 6735
6296 6892
7078 6548
41 574
8897 8021
2358 2931
7772 8179
5646 5647
6079 5609
7011 7209
4605 3745
87 495
4672 4445
6941 6296
1311 1936
4913 5513
37 25
5888 6049
7923 6950
10577 9602
8478 8916
36 95
8215 7698
3909 4336
9516 9317
4721 4942
89 199
3706 3945
1967 1593
5959 5437
5009 5139
7940 8460
5978 5907
5415 4757
1595 2006
4338 3469
2025 2283
8821 7873
6988 7421
74 124
3570 3639
6199 5994
10 115
39 900
7130 7114
6127 6157
8463 8964
3265 4008
3864 4578
27 826
5115 4921
3285 3041
7017 6493
7626 6844
4660 4095
6112 5625
9438 9078
9869 9932
9122 8555
9961 9409
8166 7986
9332 9136
1103 1203
3808 4687
5996 6817
6313 6031
8064 8846
2833 2104
5092 5026
7820 7558
7108 6448
5052 4333
2714 2026
2720 1915
3572 2773
6734 6718
6617 7542
9408 8771
3310 4056
13 810
8180 8598
8096 7194
28 314
61 624
7239 7044
11 828
9103 8778
10028 9659
5161 5062
3614 4231
35 394
2505 2895
20 901
9054 9554
2048 1988
2548 3508
5861 5254
6801 6631
9132 9774
2185 1369
7493 7381
2931 3576
6495 5735
26 933
8414 8785
5808 5778
8065 8865
3184 3192
1313 2022
7523 7176
7199 7832
6895 6664
4761 4891
2624 3183
9480 8663
7173 7772
83 77
35 266
5274 6104
1825 1329
8708 9276
4600 4724
3837 3806
7377 6523
30 680
52 314
47 64
9902 9557
3927 4607
4370 5230
5244 5743
1691 1941
2522 2905
2082 1551
4493 5160
1963 2419
884 1149
9443 9159
4089 4152
8489 7658
8294 8031
9353 9059
2921 2017
657 1441
3081 2641
7928 6997
4605 4567
2532 2858
5719 5364
1713 2548
6341 7212
10335 9408
3743 3608
7123 6822
4409 4127
9138 8318
7880 8326
10340 9584
100 994
2771 3056
9384 8792
3359 4293
7163 6337
1751 1379
34 89
3325 3985
4743 5564
38 14
7534 6637
1477 2269
10270 9410
9749 9749
3248 2689
1556 1666
89 504
5985 6919
6499 6526
4259 5195
8761 8165
4265 4513
8937 9058
4284 4906
4156 3948
3135 3856
3566 3656
7188 6956
8860 7891
7300 7769
8216 7741
4731 3828
59 491
4667 5595
4360 3583
9426 8994
8112 7533
1993 2668
3570 3539
6065 6197
7104 6325
2509 3287
7118 7650
8374 8403
7101 7628
5396 4622
2540 1902
8704 8290
10241 9241
9952 9407
4565 4010
6794 6134
1880 2274
3936 3368
3882 3852
9642 9248
96 204
6363 6387
5414 5265
6019 6333
56 850
2253 2255
4175 3424
8024 8799
7081 6217
7691 7764
9049 9882
2259 1868
6341 6442
9187 9698
4643 3736
3879 4227
1572 1418
3190 3568
1273 1022
9453 9005
55 613
5336 5625
879 1388
4276 4543
3422 2440
7135 7004
8890 9504
27 769
7950 8744
6940 7729
8025 7919
5016 4181
93 938
7368 7480
9555 8815
74 398
2808 2049
8920 8876
3483 3009
9236 9417
8970 8283
1885 1264
4334 5162
3298 2307
6044 5740
4165 3836
26 808
8844 8264
4251 5244
8915 8066
4204 3929
5275 4562
9992 9163
5734 6276
16 549
3646 3256
8401 7773
830 1565
7947 7088
9004 9628
92 708
3527 2657
4486 5400
2604 2862
3744 3973
5637 5994
8465 8410
2067 2187
5600 5584
59 425
6308 6734
6012 5392
73 764
5591 6146
97 312
7702 8662
6657 7459
10759 9780
6890 7302
28 155
8735 8277
3103 2769
1780 2069
8159 8530
4143 4396
2076 2641
6843 7096
5674 5646
19 538
37 724
9754 9896
8184 8191
7754 7661
6597 6484
948 1155
6603 6509
7285 6467
9340 9083
5170 5895
3159 4023
6402 6338
8277 8013
7693 7085
5215 5249
8127 7542
7301 7039
8717 9142
5407 4724
2251 1773
2660 2908
3356 2458
5606 4932
2823 2258
6181 6776
10710 9978
4853 4141
9500 9211
6934 7214
1239 1356
1343 2214
96 320
8647 7952
6494 5667
4967 5837
8081 9001
4025 3745
4168 4496
7227 8051
5638 6605
6063 6148
3064 2733
4032 3857
3913 4635
4777 4550
3389 3593
6752 5910
3152 2969
7741 7323
2322 2918
1855 2561
8832 9448
6956 7436
2316 2527
4466 4304
92 245
10302 9655
346 1088
5510 5307
7175 6199
3514 3844
6080 5622
9701 9548
2258 2383
279 1170
7403 6752
6830 6341
8688 8195
5239 6183
2614 3540
1535 1805
5710 5442
3926 4552
4517 5479
5108 5682
2946 2072
78 107
4408 4153
5615 5130
10089 9295
2000 2126
3410 2428
3823 3394
3242 3037
9080 9600
2173 1356
7465 7888
9688 9463
5829 5365
83 354
4301 5287
9783 9618
5902 4958
4395 4628
8512 8297
72 368
6903 7878
6349 6943
8680 8424
65 161
2901 2838
8114 8285
6542 6519
3562 4537
6694 7087
2988 2350
4536 4637
4884 4473
9403 8743
6812 7092
75 782
2721 3433
8117 8514
6010 6648
4318 3533
1953 1625
924 1418
9920 9369
8919 8426
3653 2995
4040 4464
5048 4897
63 101
62 574
8722 9572
2086 1989
6739 7335
7599 7126
1615 1815
8315 7806
7268 7047
5264 4679
34 855
1931 1135
3871 4530
4767 3768
1727 1873
4399 4619
6076 5397
5908 5211
61 400
5463 4640
3106 3869
4972 4065
5506 6163
1767 1501
2588 1960
7485 8117
7398 7744
4989 5265
7899 8420
480 1054
7598 7551
13 202
1997 2302
7805 8601
2687 2389
2160 3060
2336 1873
8700 7714
99 304
6020 5477
3630 4555
7628 8227
2952 3318
9697 9562
4674 5246
81 904
7969 7954
2519 1997
4684 5179
2433 1552
4000 4076
7036 6328
7493 7395
1719 1862
1921 2652
8979 8736
4055 4065
3312 2952
1225 1064
6171 5869
4240 3984
2713 3075
3451 3764
2800 3215
8840 8807
6246 7033
9865 9267
1295 1203
2430 3384
6362 7096
5055 4184
50 340
5121 4444
2991 3922
6700 7047
1262 1449
91 885
5138 4397
3574 3393
5601 6186
2936 2624
5794 6739
4842 4011
5813 6529
2137 2924
5741 6545
665 1341
2722 1766
19 554
8160 7979
643 1572
7093 6215
7298 7232
644 1256
17 56
4663 3718
3798 3905
4949 5527
1110 2062
5721 4761
8754 8441
5046 5934
9014 8470
5313 4762
57 475
3721 3037
7637 7996
6301 5393
6639 6925
8506 7953
9300 9483
7602 7671
5443 5413
8155 7309
7966 8677
1819 2618
7525 7595
1065 1973
2416 2724
5005 4214
3602 3273
2659 3577
28 801
7705 8556
54 506
2679 3071
32 310
78 556
3429 3918
9682 9067
5000 5203
6034 6407
8996 9654
7232 8221
8952 9215
7236 8170
2005 1242
5340 5005
4435 4269
8849 9460
6470 6092
69 363
3523 3528
1381 1086
6957 6145
846 1334
4895 5131
8876 8691
1935 2287
7322 7393
6453 7277
3764 4005
5874 6071
4234 4114
6687 6780
9633 9681
7355 6603
7569 6883
7442 6779
6433 6365
8848 9529
7896 8275
8098 8059
8686 9072
8793 9173
5459 5735
5452 4723
5449 4604
7261 7745
39 303
4694 5204
54 440
8831 9548
5022 4964
6873 7760
25 22
4606 4232
8628 9114
797 1436
6806 7579
6856 7217
2105 2104
6380 6947
1748 1395
5400 5345
7869 8400
17 913
10240 9723
84 357
8645 8196
4757 4037
63 412
8654 9215
7737 8547
9850 9438
7483 7265
9159 9830
3527 4383
9153 9457
8158 8536
3419 3017
57 531
8563 7744
2903 2781
48 179
9402 8925
5727 5929
1683 1799
4162 4161
31 993
6150 6265
6942 6582
1946 2376
7720 8090
71 131
20 909
2777 2899
2348 2796
4310 5135
1645 1696
8095 8452
9010 9148
9823 9972
8680 9132
9042 9647
1835 2803
1189 2059
4354 3507
2815 3191
10010 9470
37 982
73 869
3267 3951
6681 6144
6880 7844
2879 2481
34 145
6389 6240
6743 7433
8858 9209
3952 4788
4878 5157
4988 4813
6163 6598
9535 9211
10007 9298
6105 6378
3267 2274
4255 4782
7215 7370
9764 9904
7575 8044
2593 2914
2398 2654
4037 3767
3839 4769
3264 2673
5598 5414
9856 9792
3962 3933
739 1699
2117 1444
9778 9785
2010 1923
4246 4467
5650 6396
1495 2284
6038 6409
9759 9400
7416 6690
2283 1893
6166 6889
5648 5511
2975 3584
6671 6759
2097 1230
64 461
84 642
4959 5121
4661 3971
9145 9685
7864 7014
6542 5721
4119 4994
888 1483
1998 1365
80 866
7988 8539
2680 2291
7758 8637
1615 1885
10898 9993
9168 8861
5560 5918
9059 8926
1513 1285
3259 2453
8849 9616
1724 2572
7742 8077
6318 5709
9757 9373
7864 8201
7381 7188
3018 2940
3469 2615
7897 7560
6521 6876
104 1029
6648 7103
7749 7048
3292 4181
9979 9351
5344 5996
5992 5246
2363 1751
8546 9189
7219 6984
7947 7332
5395 6081
7380 7622
1053 1998
2428 3283
7622 8564
6784 6876
8805 9447
6640 6208
7217 6428
4446 4561
3187 3455
7388 7185
5038 4373
4961 5239
9707 9753
4619 5542
5262 4748
2751 2250
9494 8766
8431 9277
8867 8764
1403 1993
8118 8016
4258 4601
12 994
5655 6483
3607 4057
8737 8391
8165 8146
7515 7672
9370 9558
3153 4099
8131 8528
7196 6695
2388 3226
6794 6219
43 328
3603 4172
10762 9938
3800 3580
5197 5145
7780 6860
10234 9632
1588 1896
8742 8424
4847 5756
2721 2265
3171 3272
2919 2258
2201 3166
1971 2176
7701 7658
6110 5320
7884 8230
8233 9222
8565 8617
7674 8418
7573 8471
3366 2777
146 1020
2797 3686
4046 4432
8987 9542
4488 4520
21 379
6538 7209
4443 4501
8238 8695
6978 6231
8388 8524
98 601
1935 2337
2444 3106
2542 2341
6248 6517
3048 4002
9730 9403
81 597
6378 6078
9060 9120
6208 7063
6679 6161
7439 8039
97 354
9223 8528
6603 6524
94 359
8392 8998
6485 5588
51 152
6186 7100
4894 4902
5234 4617
8611 9198
4817 5141
8600 7865
9020 8430
3192 2947
6356 5614
2569 1698
4286 5131
10288 9906
7325 6487
37 716
17 812
3899 3037
4571 3610
4048 3745
2659 2802
8040 8833
2658 2682
2008 1071
5685 6505
2665 3477
6387 6111
7668 8520
2126 2386
4258 3894
2503 2181
4152 4402
1358 1654
6835 6168
5868 6850
1721 1876
8891 9550
9958 9437
6281 6949
8819 9586
1021 1565
9150 9337
6082 5650
3608 2646
5177 4690
5268 4929
9882 9614
31 683
6637 7346
3396 2568
7590 8308
9827 9727
2829 2134
7680 8117
3783 4306
5914 5277
23 276
1758 2621
8558 7847
5442 6151
9969 9112
9040 8833
10292 9790
8455 9288
5690 6312
61 181
18 419
5801 4863
6442 5694
5984 5140
2295 1342
6171 6384
16 372
37 863
2746 2984
2722 2608
8413 7682
2803 2679
4602 4436
4415 5225
6366 5670
3921 4601
96 482
6883 7430
7330 6871
9332 9688
6776 6700
9169 9981
4526 5494
9719 9991
7549 6595
3918 4180
8232 8477
10051 9273
56 242
1728 2651
8905 9801
1904 2703
7748 8239
4013 4162
1508 1543
4536 4599
5985 6336
3913 3086
10172 9658
74 275
9557 8861
3737 3951
1569 1452
4273 4462
50 36
8206 7285
2586 2551
10176 9523
3880 4204
9687 9332
8914 8076
4662 4998
6889 7169
6238 6338
7294 7400
8719 8179
7991 7916
6352 7164
2652 2221
6442 6390
6100 6199
5784 5450
2837 2731
7232 7063
1284 1506
95 436
5026 4322
4901 5311
3380 2450
8591 7958
8534 7879
9412 8612
6851 6317
4402 3967
2056 2112
9148 8724
72 89
1526 2207
2675 2132
8184 8937
7081 6103
2536 3129
8385 7954
2580 2398
7614 7618
541 1061
9627 9229
2738 2809
6715 7483
7492 7785
3274 3090
7537 6583
1472 1813
625 1023
5705 5320
8106 8496
4658 3674
4196 5186
8400 7557
2704 3388
3709 3532
1898 2550
4303 4395
2402 2420
52 917
7157 7290
9096 8162
4047 4561
1932 1340
4821 5111
1615 2147
2278 2783
17 292
1686 1921
4454 5143
7683 7519
1889 2615
80 226
8590 8059
4541 5004
7201 7195
8593 9219
4216 4236
424 1276
7802 7187
7470 6658
8787 9243
10253 9503
2196 3169
935 1705
9450 9681
9334 9370
2077 2446
5206 5396
9498 9829
6449 5784
8566 9333
3430 3804
35 351
5226 4399
5982 5918
2602 1918
5613 5608
2307 1724
3075 2830
7993 7894
10221 9466
5940 6837
2699 3344
1680 1446
9020 8965
6728 7542
8126 7582
7225 7027
1952 1473
6932 6255
5259 5242
28 608
2406 1488
6825 5878
9935 9598
1787 2591
4991 5662
3327 2674
8751 8667
4021 3883
7210 7606
9140 8178
5258 6242
5316 4788
3699 3496
1755 2228
46 189
5720 5682
5866 6365
7616 7703
7469 6597
8244 8047
4796 5116
4166 3823
2429 1806
6727 5936
8633 8242
9179 9470
4985 4818
7519 7736
9847 9423
2548 1554
40 652
3734 3429
4314 3332
13 230
8548 8774
83 397
4666 4670
8789 8949
2969 3249
4023 3048
55 435
5770 5842
1305 1026
6568 6750
27 826
5077 6042
4469 4004
95 516
7648 7991
7758 8572
8579 8517
835 1651
4498 5206
55 772
5878 6677
7957 8297
3662 2754
1506 1472
8533 9016
1600 1102
7687 7235
3042 3586
7778 7306
8272 9070
3816 3362
5379 5939
4587 5054
7392 6888
5917 5466
3894 3397
3840 3069
5876 6808
7197 6668
8586 9397
10181 9541
8911 8549
3692 4583
5304 4952
7161 8121
47 370
7173 7785
3621 4385
7172 7656
8978 8408
8650 8384
3232 2440
8601 9382
50 139
83 69
3356 2467
2282 1422
3839 2847
782 1423
34 502
6838 7545
95 778
99 183
72 687
7115 7422
8336 8428
7954 8425
45 506
2270 1424
2915 3143
7638 7755
84 651
89 889
7027 6535
6572 6693
5142 4142
6961 6526
96 745
8821 9531
7449 7506
9671 8711
7202 6257
5506 4550
5681 5245
9766 9806
3607 4183
7253 6935
4679 4673
9709 8951
4099 3853
61 224
5860 6697
4005 3448
2442 1804
5258 5007
2620 3130
94 870
8809 8828
9330 9174
3208 4040
7339 6372
4853 4210
7685 8559
11 818
5559 5637
4616 4514
7476 7625
2066 1713
80 310
9724 8946
2946 3848
3798 4717
7974 7948
8994 8630
9423 9749
2083 2368
3145 3391
1581 1715
6750 6400
6404 6889
6771 6009
3815 3887
7431 8071
9975 9040
8579 8666
7824 7149
4127 4386
5633 6465
337 1291
3521 3625
2264 2093
91 562
6200 7199
8848 9351
10242 9780
5291 4912
3879 3517
9229 9749
8362 9251
6942 7372
6474 5828
2282 2752
3590 4093
2776 2438
4546 4078
9647 9371
7851 7408
6291 6012
79 883
2477 1644
4975 5879
6769 6806
46 266
3811 3807
9525 9372
7537 8396
5373 5324
4119 4474
40 105
4122 3508
26 273
8928 9635
6220 5226
7627 7033
4238 4812
9253 9005
7043 6983
7918 7884
8848 8693
5046 5281
8571 9532
7232 6906
7030 7203
2259 1899
1670 2290
2212 1895
5176 5497
1958 1602
2804 3110
4322 5255
3803 3722
4757 4742
5419 6132
2023 2932
5539 5182
8011 8897
7825 7294
6162 5360
6055 5538
7278 7562
3082 2308
1638 2301
8193 8148
6063 5449
2174 2342
7980 7616
27 462
6765 6009
47 366
38 221
8846 8099
6689 6089
9070 8468
7650 8285
4520 5164
1620 1226
9794 9816
72 194
8399 9001
7814 7422
9774 9617
4370 5272
37 890
9390 9569
8545 7879
2432 2087
4981 5078
9220 9602
2378 3355
7127 7755
4428 5117
10879 9942
9078 8989
6770 6046
8682 8459
4473 4645
2076 2337
9087 8985
2678 2232
5839 5423
8464 7745
8818 8336
4331 4074
2028 1341
6687 5924
8399 7653
9283 8664
2770 2240
50 884
4115 3701
4916 4142
10706 9861
7175 7597
1948 2707
1471 1101
6345 6500
10627 9943
5008 4856
7329 6474
2166 1980
4995 5474
2956 3287
4605 4845
2998 2671
5414 6374
4549 4611
4709 5361
7168 6351
9447 9310
3641 3783
1992 2108
6124 6749
10890 9934
2009 1057
3136 3538
35 555
939 1205
2229 1372
5189 5172
5536 4953
4937 4505
7456 6748
4379 3572
95 679
6944 6843
4824 4478
1944 1205
4225 3455
2809 3199
7537 7361
2946 3166
9699 9623
3752 4679
8215 8914
8075 7567
6802 6903
2408 2989
26 847
2450 2045
9296 8593
3108 3800
9427 9968
7411 7431
3049 3360
5417 4705
5471 4846
4120 4489
2373 1706
8108 8202
4548 4444
7577 6990
5920 4978
8185 9153
991 1042
5697 6496
300 1144
837 1498
4552 5250
87 41
4092 4501
566 1500
9210 8955
9358 9517
3639 3846
4399 4250
7205 7233
1375 1565
1938 1745
5979 6181
9148 8782
5173 4713
2155 2601
3691 2704
4178 3518
9354 9254
5868 6534
4257 5061
97 104
4010 4350
6262 5605
34 957
8592 9474
5024 5264
1382 2275
4231 3564
6968 7347
2421 3158
3079 3027
50 348
6970 7072
6139 6988
90 101
4471 3788
9507 8578
1291 1462
3896 3189
2268 3103
1841 1304
2944 2640
9408 9311
61 316
95 891
9823 9259
7395 7991
3449 2951
8667 8344
6606 5747
2286 2543
8819 8110
1281 1011
5656 5367
6497 6748
2776 2742
9405 8497
10 589
6775 6700
2220 1636
32 470
7918 7451
3834 3363
65 642
8387 8063
9401 8988
3659 4148
10317 9687
5821 6014
8959 8782
1767 2160
4893 5604
8360 9199
9750 8907
4785 5527
3447 4211
1005 1364
6100 6478
75 640
1766 1117
8466 7946
9466 9259
18 411
2899 3827
9486 9488
41 932
8952 9129
23 325
27 846
8534 8956
3454 2993
42 972
1611 1511
2836 3528
4551 4461
4671 4508
10307 9501
6407 6988
44 969
8534 8701
7070 7989
3450 4387
9372 9801
8855 8206
8819 8242
5669 5338
2177 2000
8814 8025
4797 4924
7028 6821
4443 4881
986 1292
2603 3531
5263 5916
1809 1705
5742 6421
7179 7576
5377 6186
4057 3167
2069 2089
8523 8565
1771 1732
8544 7851
17 172
2738 2287
7513 7689
6733 6144
3273 4016
6646 7629
9941 9380
8969 8645
1503 1286
7158 7812
6940 7168
3243 4161
6081 5357
8910 8975
6113 5632
6275 6514
7632 8606
3566 2752
2072 1977
4503 3813
8093 8971
3360 2793
57 974
2995 3962
2845 2310
2557 3283
1321 1103
10229 9564
3372 3377
7989 8178
5388 5566
2620 1879
4220 3522
7559 6561
1387 1523
6964 7874
8719 9228
2498 2324
72 208
2175 2646
8104 7836
8840 8631
3982 3007
6759 6938
1876 1763
1489 1657
4360 3554
2018 2408
60 348
7057 6829
4550 5191
3046 2439
4824 3995
7829 7685
1841 2754
8883 8823
5348 5730
6242 5264
1799 2651
3406 2671
3584 3085
6721 6677
6830 6227
16 15
5450 5438
4104 4612
8807 7853
3016 2348
4957 4554
3117 2187
7958 7421
9977 9213
7733 7170
4066 4653
4819 5209
6003 5567
7907 8116
6153 5756
7546 7032
4945 5300
8770 8584
5949 5961
5464 6172
3725 4400
3545 3587
5121 4830
2463 3145
2344 1975
3457 2873
5937 5969
9722 9792
7008 7201
9110 8721
3180 3658
10229 9631
730 1362
8595 7738
7800 7678
11 138
10381 9950
6813 7343
4612 4466
3293 3164
5212 6007
3347 3533
3618 3427
4354 3642
4450 4208
6829 6584
5599 4828
9378 8913
6233 5608
4855 5638
3337 2438
2865 3456
7341 6813
3473 3615
69 821
597 1188
5244 4325
3635 4259
3977 4247
4454 4103
3882 4727
9906 9534
2196 1800
1810 2387
8980 9328
2194 1921
6957 6053
7749 7477
3189 2612
9683 9528
2143 2186
6678 7666
3683 3595
8569 7733
7489 8248
2975 2258
7875 7060
2771 2807
3469 2713
4302 5038
4142 4396
9406 9027
5973 6504
3080 3545
83 908
7935 7013
3539 3794
2237 2241
22 463
4123 4394
2137 1746
6473 5921
3023 3171
8863 9570
7696 6764
9378 9059
10029 9952
6986 7867
7143 6419
1805 1327
3152 3101
2539 2713
4681 4157
9187 8524
5327 5394
3712 4484
6200 5869
7811 7178
3052 3207
3089 2850
6898 6869
1161 1297
4739 5118
