2554
50
7121307
44 54 53 45 55 41 57 42 45 58 54 45 41 46 55 53 50 52 58 56 40 47 45 51 48 58 53 53 53 55 60 55 52 55 56 41 55 52 60 46 56 46 49 55 54 53 42 50 55 55 
-84196 -112924 -97970 -81540 -101158 -80011 -108477 -65252 -89706 -106217 -104349 -82961 -93901 -86706 -125654 -115827 -102919 -93680 -113035 -102026 -68945 -100285 -96024 -107604 -98292 -101462 -110435 -102171 -107999 -115250 -127682 -113182 -105200 -114165 -99897 -77731 -111181 -79937 -133757 -85997 -105985 -102097 -98921 -103677 -113253 -110158 -75840 -93461 -109957 -118225 
93627 119179 106394 89321 107784 84915 115140 72050 95569 115184 113145 89770 100639 92409 135728 124362 107947 97588 122065 109986 73334 105789 100768 114039 105561 109822 114295 111357 115925 124571 138550 119384 112820 120782 106160 79934 117864 86521 142177 92498 112987 107410 105110 110710 121244 120504 82358 98156 115102 126922 
4280 3508
16 990
2417 2687
2039 1170
7418 7154
9233 9344
5741 5702
7796 8580
6932 6846
9296 9863
68 642
651 1046
15 646
7279 8034
7307 7678
3119 3906
4837 5194
473 1138
3665 3971
893 1839
4238 4720
7534 6885
9618 9676
2151 2112
7864 7302
6708 6850
6221 5984
65 355
9373 9368
5150 5575
3251 2697
7249 8051
6853 7402
8798 8179
6090 5320
2939 3324
8772 9011
4947 4790
7206 8040
68 760
1450 2177
4480 5199
295 1179
1575 1467
1328 1533
3582 3499
4232 4491
67 254
3411 2752
8333 8739
9259 8934
9949 9311
3042 2709
3510 3216
51 277
2800 3019
6883 7056
5876 5962
1583 1890
717 1544
8692 9542
3115 2915
2515 1627
6471 5527
6800 6562
8036 7854
2029 1673
3603 3519
4144 3496
6094 5909
1571 2072
5799 6419
5581 5346
6032 6218
3065 2469
66 884
7202 7458
5580 4991
5821 5181
4242 3975
5187 5234
8953 9918
99 450
6139 6849
10386 9910
6511 6375
7948 7771
7203 7359
8066 7192
10163 9773
5578 6061
7402 7651
3647 3365
1324 1560
9381 8410
6199 6942
6553 6629
4963 5137
710 1566
3812 3991
2329 1493
10478 9895
69 558
6187 5454
8532 8945
8196 7935
6080 6385
6258 6818
85 909
2398 1716
7025 7520
8726 9470
9277 9085
6097 6064
2550 2791
8828 7997
3302 4165
7317 6806
2231 2694
3740 2747
21 178
3156 3046
98 113
78 861
9116 9317
5832 5557
4400 4583
7529 7999
5133 4610
2036 2583
2157 2242
39 493
3601 4095
45 316
9166 9977
4534 3909
4941 4302
9613 9160
787 1119
7633 8047
5270 5475
6181 5665
6330 6885
2899 3883
3349 3310
1636 1745
8341 9203
2968 3286
5509 4591
49 869
3456 3441
7654 8395
5398 4988
3516 2769
5698 5505
96 241
9078 9704
4661 5525
9223 8885
5169 5401
4156 4831
1987 2293
1819 2457
7264 7705
1296 1011
83 604
2068 2397
4319 3464
6977 7336
4972 5223
81 98
4003 3588
77 593
9524 9315
9263 8415
9856 9069
4288 3464
64 386
5365 4589
2993 3463
8240 8918
3576 4498
8784 9506
8364 8449
7225 7484
3350 2746
7543 7456
91 642
6279 6008
39 385
4489 5296
3280 3852
29 747
75 854
4537 4485
3010 3372
4676 3725
6093 6851
3001 3138
1008 1696
2189 1977
4223 4391
8862 8914
6212 5516
3973 4844
4304 4184
1344 1414
8557 9288
3931 3224
9166 8263
1118 2083
567 1163
4192 4694
21 10
3233 3062
22 618
1600 1899
1685 1816
4840 5299
3237 3920
10323 9394
2644 3324
31 174
10613 9622
4579 4258
8619 7945
4868 4816
22 584
10571 9755
7265 6621
8345 8164
2334 2323
6886 6861
9643 8873
2402 2431
3070 2730
9468 8566
3051 3889
3237 3277
25 767
8673 7979
6273 7162
3196 3955
3136 3573
5297 6107
3287 2920
5273 4702
1654 1115
4514 5263
5212 5065
5379 4872
21 367
2186 2413
8997 8987
8798 8257
13 231
7832 7670
3948 4587
8270 8933
2519 1637
8095 7716
6630 7582
813 1108
1424 1838
7713 8699
2209 1453
2918 3768
9605 8641
5478 6057
24 351
1858 1171
9241 9206
5406 4484
5137 4252
6576 6224
1852 1842
8777 8127
4895 4270
8102 9085
7100 7486
7771 6865
3269 4037
4262 4089
6144 5478
59 483
4415 4931
2538 1630
6461 7446
3412 4320
38 669
6889 6330
4417 3510
5700 6561
1585 1435
2571 2703
4624 4973
5339 5511
5009 4821
7214 6891
2406 1539
8253 8580
9426 8967
6793 6527
4128 3352
4215 3777
88 497
4251 5118
3058 2352
54 331
9142 9199
2430 2319
5503 5657
8771 7843
9742 9080
9046 8488
2587 2957
2276 3118
6359 5650
1363 1045
11 653
3882 3330
3076 3433
9447 9697
4872 3990
7297 7810
2788 3180
9947 9345
8151 8428
6017 6356
2458 3329
909 1327
4013 3795
4755 5270
639 1423
6420 6184
3080 3932
6390 7316
15 266
2016 1503
3040 3192
6130 6090
4216 3511
5487 5532
4638 5029
1449 1063
8213 7914
38 100
8538 8006
6018 5782
3147 3741
1068 1299
3050 2970
10466 9646
2077 1566
7295 7556
5926 5617
2316 2053
3925 4001
1629 2361
2216 1554
4589 3743
7466 7852
4368 4994
2823 3182
6781 7196
1440 2396
2601 3125
42 901
1979 1410
6713 7505
1787 2438
57 368
6379 5396
96 444
57 185
7202 7693
4476 4517
5704 5539
3023 2358
3276 3553
99 688
2162 2214
8248 8750
8693 9519
1778 2631
3012 2904
2083 1485
2923 3395
6640 7396
3314 3342
7012 7018
769 1669
8871 9625
379 1261
1359 1900
5061 5551
1081 1771
5491 5044
3695 3077
3675 3249
4042 4209
10573 9965
4857 4151
5838 5436
956 1340
8064 8381
9739 9891
82 979
26 69
6764 6072
5118 4675
4145 4399
7906 7586
8168 7553
7823 8672
9744 8817
7274 7204
3807 2821
2140 2491
6366 5975
5912 5590
1857 1059
1161 1022
253 1127
4696 4901
3628 2654
9180 8879
1224 1028
7891 8822
3339 3349
9417 9629
3714 3910
5406 6278
8162 8523
8172 8610
2051 1636
82 26
93 818
2802 3499
52 278
5035 5751
89 350
39 691
8943 8137
755 1039
8973 9846
3077 2725
1664 2635
5189 5273
3100 2266
3476 3129
5527 6436
6533 7504
2206 2324
19 919
25 797
2675 2277
4100 4018
6717 6284
8805 9117
5493 5733
1915 2447
10366 9553
8288 7541
4447 4730
6678 6956
4094 4139
1114 1093
3947 3340
3612 2662
3611 4264
6186 7145
6671 5944
8293 8583
6473 5794
8411 9236
7286 6539
2402 1546
7028 7829
5406 5667
5248 6031
6864 6446
9223 8602
8550 9358
51 482
3239 2489
63 365
9463 9397
95 417
4716 5229
6830 6182
13 730
8602 8266
5691 5304
1000 1432
10423 9677
8210 7421
80 656
7783 7938
6788 6421
5808 6252
4882 5205
4046 3794
6444 6094
4686 5020
7047 7438
663 1157
7426 8164
5140 4772
8871 9853
5451 5023
6993 6680
1077 1571
4699 5010
4115 4723
4894 5423
7081 6266
6849 6917
3447 2884
2371 2457
3597 3418
53 481
7595 8319
4086 4693
75 507
4131 3899
6559 6684
2004 2784
1758 2390
6451 6060
1268 1986
2110 1177
6104 6146
1383 1842
1944 1023
3474 3372
5223 5538
9715 8877
6389 7026
3162 4022
2102 2387
9523 8792
8769 8425
2569 3023
14 593
9108 9526
58 882
10268 9346
5328 4488
7642 8082
1000 1211
84 789
7470 6671
2925 2256
6833 7243
5866 6491
3273 4243
50 148
3037 3790
4373 4242
1538 1831
4173 5088
2444 2988
5130 5869
3947 3089
3818 3826
4869 5243
7792 8215
7964 7635
483 1286
3496 3789
9246 8985
6168 6955
4052 3594
3627 2925
10150 9520
3529 2958
6270 5388
5314 4976
1074 1718
5319 5863
5780 6506
1474 1788
8897 8564
3424 2996
6221 6461
3474 3052
8812 9265
66 611
1818 1366
8444 8555
6187 5719
461 1170
7817 7353
5430 4730
8704 8989
1846 2552
1888 1511
9329 8374
9312 8831
7914 8065
7727 7473
8534 8283
4771 4951
5250 4373
1311 1954
4242 4232
6542 7083
3815 4269
9116 9816
4170 3464
9618 9996
9410 9698
8175 8886
5517 5629
43 878
64 472
5242 5052
97 774
4236 4724
7827 8485
4367 3385
2515 2397
8171 7187
3564 4054
7666 7024
43 66
6708 6914
5207 5094
7211 6351
9250 9856
8468 9368
5878 6746
3163 3227
2740 2576
8717 7981
57 180
9145 8488
4714 3822
7672 8196
9736 9748
13 892
8217 8536
4593 5040
5957 6031
2584 2267
81 438
7399 6831
1953 1875
6562 6476
6522 6778
2453 2458
4056 4182
9430 8782
5763 6436
3011 3413
3873 4795
8080 7310
4473 3725
8453 7794
6464 6908
8241 8648
3834 2922
7462 6965
1229 1238
3200 3395
2664 2903
7180 7049
2327 2724
543 1354
8677 9389
6203 6321
2260 1324
2635 1822
4076 3532
1408 1860
16 976
2553 3384
3371 3547
1925 2237
2515 3124
3368 3647
2045 2720
68 598
7366 6583
653 1173
3929 4522
836 1592
8304 8425
9413 9620
9143 8333
32 652
7849 7889
6321 6715
9776 9242
76 691
8372 8451
8080 8987
1299 1746
7938 8689
8006 7871
8690 8759
8082 8028
5500 4908
8848 8417
7529 7773
3390 3154
7723 8719
3861 4164
7634 7963
3456 2700
5173 4614
3590 3627
7389 7610
8990 8579
9647 9598
9824 9954
7045 7506
3321 3724
10181 9745
46 829
5568 4943
4501 4254
7751 8504
9859 9448
54 685
6782 7333
8868 8725
6639 5900
1432 1310
3202 2343
1806 1642
7517 7366
1386 1540
7314 8018
8761 9017
9001 9349
1791 1582
7977 7874
8293 8655
1452 2111
7923 7737
8608 8328
2627 2533
9761 9249
9892 8925
1612 2261
2087 1963
2352 2212
7505 6556
6230 6500
7115 7663
2610 2705
8797 8507
3870 3670
4910 4440
1285 2216
6143 6431
2844 3794
7319 6533
2621 3288
3993 3982
6132 6914
5721 6316
77 870
2062 1639
8739 8738
8395 8025
57 67
5997 5493
7656 6789
5180 4212
5879 5863
70 31
2167 2255
81 436
7107 7610
4478 5463
8110 8176
9154 9256
7824 8063
5430 5885
7285 8115
7727 8145
2699 2955
8903 8515
71 85
9519 9391
3353 4011
9478 9275
5713 5232
4231 3447
8527 7694
27 786
6110 6748
3986 3483
8676 9663
53 47
3033 3145
3557 4357
9141 8790
7392 7189
5222 4278
8815 7878
4988 4220
48 412
9352 9927
8620 8809
1678 1265
1602 1913
6616 7431
49 707
71 645
1620 1771
4965 5502
2939 3399
1645 1124
4345 3859
7241 6241
5948 5954
8449 8212
8644 9378
9523 9002
9515 9373
41 17
6575 6001
2822 2337
7810 8321
3204 3491
5713 5729
6116 5854
6480 5714
3604 2898
5022 5106
8395 9086
7155 6491
4095 3102
56 140
3582 4524
1696 2098
5090 6063
8664 8570
1941 2030
32 486
1472 1161
6819 6046
5348 4852
97 964
4068 4664
71 669
1861 2020
8041 7283
9586 8897
7727 7086
2828 1942
44 932
2991 2591
8012 7786
6422 6758
6593 6242
4945 4489
9095 8720
8513 7576
10437 9456
4003 4759
5041 4926
2474 2161
5168 4420
2417 2189
4837 4724
5782 5840
4113 4938
9476 8553
2239 2816
2788 3383
4866 4115
2135 1201
38 450
6633 5788
5972 5088
3429 3266
4430 4193
6573 5964
2698 2540
9483 9097
54 491
8888 9716
26 643
64 188
15 162
4365 4657
69 824
984 1070
9367 9888
9388 9684
2751 1940
4319 5313
2741 3631
4923 5886
6972 7263
8015 8242
8030 7641
8734 9711
624 1609
3613 2671
8519 7698
6635 7380
1891 2105
3151 3544
2564 1570
3519 2752
3980 3267
6237 6379
5629 4796
5839 6531
4707 3807
9514 8653
55 450
2021 2609
7898 8758
4860 4552
4950 5559
3655 3334
3170 2225
8736 8542
1539 1944
6356 5634
9081 8295
51 473
7515 7958
6085 5743
3911 4269
27 946
1135 1479
7682 6783
7348 7552
6111 6616
5496 4934
1219 1748
601 1502
761 1218
6155 6839
9121 8164
6086 5405
2831 2776
4186 4754
3408 3715
7926 8791
5951 5395
2512 1729
80 20
1524 1850
32 146
5845 5861
4494 4899
2931 2265
5121 5910
2441 1936
3294 4031
5441 6184
80 379
9291 8609
13 737
7637 7799
1079 1533
7676 7054
8727 8327
3820 4190
22 845
33 196
1866 1261
7324 8001
2999 3479
8605 8669
77 530
17 214
5855 6732
90 671
658 1549
7146 6621
2793 3582
2775 2205
3955 3510
95 517
8569 8005
4443 4804
6827 7298
9831 9002
6353 6997
10021 9860
2053 2363
4630 5285
9990 9863
3593 4322
9766 8888
7193 6958
2656 1765
8999 8759
7923 7731
10140 9908
3585 3575
77 156
3038 2898
8086 8293
7227 6544
9487 9241
92 580
8495 8706
1745 2199
2714 1786
2721 2325
5814 5845
3839 4388
8752 9175
8441 7451
8276 7334
6020 6000
522 1472
6064 6270
5896 6893
4612 4848
1421 1054
7499 7660
2821 2995
57 660
1152 1400
3435 3484
4072 3379
56 680
2243 3123
18 173
2971 3471
7063 6773
9915 9159
28 76
6224 5750
4292 3924
6626 6109
46 207
4983 4191
958 1511
1311 1649
854 1557
10228 9426
7084 7656
2414 2157
3772 3181
4265 4081
5050 4876
5595 5775
22 848
6977 6979
10010 9777
7010 7959
10119 9799
50 445
2940 2005
3097 4036
8296 7508
71 56
1212 2113
2460 3002
7300 8138
8728 7988
6666 7452
4441 4811
7455 7951
5425 5588
9459 9223
9847 9875
9353 8842
5770 6105
6547 6579
10064 9221
6936 7500
1160 1190
3094 3417
1594 1826
6180 5548
5149 4515
2833 2450
4979 4276
9327 8665
7988 8112
5616 5077
2794 2315
4811 4517
2044 1933
1989 1468
2787 3451
5025 4181
8729 9206
9012 8079
7754 7403
5481 5712
7803 8692
3209 3984
3291 3665
2569 2715
3505 3941
4223 3409
3947 3491
6642 6177
6900 6266
6027 6339
4239 4639
5979 5361
3637 3946
14 260
8993 8431
3478 3319
5065 5736
8392 8633
82 57
88 211
4981 5294
3520 3335
27 566
8990 9035
5962 5044
9586 9364
6673 6486
10222 9419
1639 1820
2676 1706
3461 2828
9430 9064
6379 6092
5754 6349
1472 1819
8192 8965
7113 6539
5011 4901
3768 3062
7461 7860
3984 3644
7854 8131
6473 6454
5757 4918
6036 5794
9059 9808
5242 5774
7976 7130
7506 6512
5155 4395
9042 9718
5437 5552
3639 3660
3298 4126
6062 6166
1449 2184
15 287
7032 6457
12 915
2619 2010
7395 7032
2675 3403
4969 5898
4292 4046
8945 8249
81 382
10334 9765
4004 4718
2956 3149
3139 2964
6839 7014
2564 3149
7919 8724
940 1503
7609 6924
34 34
9321 8812
4354 4091
4882 5184
2166 1497
79 250
7829 6918
1750 1065
7025 7017
6128 5879
7140 7034
2103 2195
9403 9292
7851 8006
9996 9620
3336 4025
6023 5702
8455 8729
4709 4232
81 601
10597 9974
7735 7477
2934 3548
6198 6894
6182 6950
3769 2896
5506 5037
9975 9261
2167 2360
3765 4021
5275 5983
8433 9340
2499 2220
4998 5659
6421 6635
5886 5630
9892 9475
4323 4087
5097 4792
5074 5870
3346 3032
5027 4811
1904 1437
4402 4576
6953 6627
3930 3966
22 934
2420 3011
3377 3962
3309 4251
5019 4125
8301 7814
2509 1672
2957 3205
1272 1157
1777 1707
5541 6174
6948 7822
5609 5857
7378 8349
7026 7956
1996 1590
1410 1164
8344 7416
10173 9654
10590 9650
97 765
8396 8842
856 1409
6069 6566
1036 1577
4477 3894
4040 3406
916 1783
7822 7519
6994 6517
9291 9078
3479 2714
5197 5620
4431 5428
7588 6818
8142 7902
6328 5683
6528 6807
6636 7553
1315 1451
10326 9927
6189 5255
57 601
3316 3607
5425 5684
5022 5605
63 781
51 893
4063 3477
6236 6831
1751 1545
5222 5035
2287 2332
2443 1720
2161 1866
4397 5392
7825 7171
5716 5387
4288 5001
1929 1431
86 419
8260 8337
8477 8494
56 741
75 745
4195 4057
2801 3183
2734 3414
80 691
5346 5046
4306 4616
79 441
95 37
9077 9659
1472 1727
7076 6517
5481 5139
6762 7476
3406 4078
3054 3386
6269 7115
2429 2135
6444 6099
9242 9526
5456 4522
1370 1251
5254 4526
7915 8773
5207 4496
3618 3350
6589 7177
2336 1886
3600 2672
8181 8508
8352 7830
710 1297
3104 2777
6496 5688
1264 1809
9957 9450
7472 8398
6408 5653
6562 6271
2768 2496
8742 8578
8142 7492
2339 1460
6309 6725
74 636
5037 4489
9233 9903
9002 9163
6382 6387
4649 5519
5747 5080
6043 5393
3805 2879
1990 1417
8378 8590
777 1047
2405 1681
4948 4047
8098 7478
8459 8050
3278 2329
1010 1214
6000 6543
4275 4203
1793 1673
3543 3503
52 654
24 637
6026 5929
7264 8154
7264 6906
7836 7247
39 869
1945 2027
85 213
7016 6439
4452 4779
5809 5209
2274 2851
95 1026
1647 1852
3886 4776
9482 9877
2543 3086
5007 5128
42 803
1929 2598
2296 1525
2426 2190
9031 8554
21 66
6435 6166
6786 7173
51 575
8339 9066
7144 7549
2486 1682
5566 5086
7232 6904
6992 7639
4293 4180
7388 7618
3690 4215
7421 8378
5916 5758
2198 2895
8625 9286
4877 4125
4930 4620
2901 1901
592 1549
9489 9635
2997 3900
7182 6442
8196 7221
9655 9122
5379 5931
8113 8980
7063 6342
2418 2877
9350 8457
5247 5871
1757 2195
5785 5374
3655 4633
4629 4540
75 294
2291 2125
5998 6489
1395 1255
1026 1165
9671 8976
9511 9777
1345 1983
5618 4715
3890 3671
5622 6234
4395 4962
9284 9911
5744 5231
2522 3340
8246 7717
1063 1722
3505 3502
3832 4540
839 1384
9883 9209
5707 6396
6250 6094
7935 8724
5990 6245
87 868
7039 6976
4504 4264
10339 9739
2422 1609
5364 4659
7920 7730
1526 2332
52 960
6706 6314
2417 1549
5690 5178
6039 6538
3029 3000
8374 8140
3670 4221
5670 5684
6504 5864
8762 8827
6376 5710
7745 8121
6417 6877
3756 3551
9405 9007
99 167
6739 6455
6866 7571
4381 4787
8440 7992
8017 8710
7981 8707
8594 8243
1166 1633
4526 3811
5117 4134
86 461
4335 4939
6421 6951
10283 9888
83 320
1300 1307
6368 7358
10248 9685
3448 3163
5423 5570
7921 7922
9303 8550
2428 2864
7766 8672
3827 4415
2417 2314
7256 6919
3665 3899
3850 3060
6392 6425
5050 4616
40 579
5862 5511
4180 5176
6215 7109
5085 5203
5196 6186
3450 2511
5143 5323
953 1921
4740 5311
1777 2344
8918 9191
22 223
8026 8961
5174 5570
4711 4351
10068 9572
9358 8741
1427 1086
2767 2057
81 399
8702 8139
5877 5351
3033 2368
7917 8683
3741 3378
5259 5862
5810 6219
9307 9144
3162 3987
3372 3386
3154 2691
10029 9050
87 492
3193 3064
2561 2897
7969 8762
9185 8947
1508 1868
8632 9473
6110 6290
9625 9578
8922 9593
4476 4984
5929 5137
7679 7351
10333 9454
4269 5142
3354 3324
2652 2998
7305 6445
7504 7504
8620 7794
15 462
8299 8007
2611 2976
4062 4989
6389 7059
3598 3923
10234 9550
7851 8020
1421 2208
4636 5288
9213 8653
9280 8640
654 1176
6808 7523
884 1448
1111 1855
9712 10000
25 374
3841 3003
4350 4531
5652 6098
1659 2392
7357 6367
40 85
4903 5443
84 563
8910 9786
1818 1517
5621 4766
9834 9599
4322 4027
43 652
7015 7789
8361 8126
3843 4355
4848 4378
3426 4194
1506 1579
8446 8840
9378 9048
20 935
2004 1792
3029 2967
8589 8071
62 142
9654 9824
5279 5526
8662 8477
3115 2798
3420 3641
9815 9168
7214 7100
5418 5407
3795 4634
8736 8986
2571 3355
6311 6888
8388 8563
3765 3894
2503 1514
2616 2469
8492 7939
3730 4339
6751 5846
3329 3797
65 22
8514 8209
2158 1202
5650 5953
4238 4230
1266 1313
5939 6144
7868 8703
2596 1978
1684 1494
5185 5200
3055 2959
5032 5338
4647 3884
4507 3553
8816 9097
10467 9662
4252 4368
9553 9790
7763 6956
5738 6199
10454 9495
7122 6185
7639 8208
2974 2047
2365 2901
7469 6477
2395 2720
9157 9518
6158 6977
7911 7594
12 498
4055 3327
1829 1596
5654 4762
33 988
2472 2411
9508 9253
95 435
1433 1682
8342 9059
1144 1862
5827 5378
2380 2792
2260 1746
6806 6593
4788 5544
62 243
8945 8325
7847 7697
2367 2791
2701 2727
3003 2996
6449 6846
9082 9381
8276 8487
6488 6964
2105 1328
818 1691
34 996
10059 9424
9221 9763
2513 2787
4186 4724
6420 7229
4535 3778
8519 9419
1483 1063
5152 4695
9243 9428
2249 1666
5605 5873
7160 6346
98 757
9025 8226
8791 9421
4642 3952
4152 5096
8017 7645
707 1593
4003 3983
3095 2777
1515 1639
5592 4637
82 604
8491 8927
4675 3806
5988 6036
1621 1418
70 130
4093 3547
3168 2312
9734 9561
1466 1764
87 131
3647 3977
5692 5792
7123 7524
3600 3507
4692 4062
3658 4018
9753 8960
7466 8024
6281 6874
2529 3249
5440 4643
2026 2368
8010 8933
8155 8271
9329 9671
647 1434
1556 1423
9724 9230
4976 4920
10914 9981
3553 4313
7208 6935
3670 4568
2989 2711
3251 2680
9146 8307
6585 6815
8654 7695
6182 6954
3179 2539
3545 4036
1184 1184
2985 2535
4357 4111
4307 5168
1055 1088
9161 8441
8815 8503
25 867
4854 4916
2478 3146
38 195
3122 2707
78 289
2428 2864
9266 8929
3749 3351
2803 2198
12 145
28 506
8148 8061
10145 9780
4901 4033
5002 5009
3235 4230
8467 7996
3071 3954
7897 7295
5259 4293
24 130
660 1207
6804 5953
2484 1643
3171 4158
9687 9163
5141 5095
6949 7462
5014 5384
9598 8722
2612 3061
8007 7973
6481 5541
10304 9903
32 964
6013 5998
79 965
4701 4516
32 294
7784 8561
9017 9357
2771 3480
4785 4372
4497 3653
2932 2806
1681 2595
6829 7304
5637 5335
7871 8868
58 727
76 200
5459 4959
8535 7917
7899 7808
2387 1508
20 824
7578 7838
2735 3417
2000 1666
9204 8360
2633 2301
2875 3035
3775 3063
7067 6132
4449 3669
2683 1877
4926 4365
62 106
9457 9323
2929 1984
9249 8891
8080 7161
7170 6977
8644 8742
5211 4841
3909 3452
75 258
5284 5627
2799 2479
4485 5135
3987 3059
2934 2835
4720 5700
8249 8345
2291 2177
3732 4050
2560 2403
4459 4082
9461 9169
740 1469
7457 8149
2994 3402
6619 6780
3705 3874
4185 4076
10093 9659
4446 3691
1700 1311
47 128
8961 9435
3815 3022
10095 9940
91 348
6502 7122
57 501
8057 7927
8760 8518
8944 7998
7212 8207
8290 7300
70 547
5017 5728
8981 8171
2156 2239
3351 3002
2682 2082
2829 2950
25 842
4359 3861
1337 1431
5446 4627
4519 3976
2531 1901
624 1175
917 1200
2864 3435
8945 9001
7005 6196
9757 9161
2822 2419
9735 9779
6660 7126
5155 4949
4021 4697
8706 8326
4942 5348
50 964
2011 2436
9713 9290
80 575
8569 9389
9944 9440
3570 2616
8702 7968
719 1549
2489 3256
7191 6370
45 930
6257 5361
5879 6753
6047 5579
2053 1812
857 1537
4694 4565
60 508
4519 5483
51 617
28 305
5412 6268
2066 1871
3996 3767
893 1165
2260 1430
2931 2759
2524 2230
4427 5068
2363 3042
352 1046
21 202
2352 3196
8382 7895
50 531
2137 1865
1798 1816
4458 4096
7913 8556
5238 5663
3979 4106
3012 3385
3653 4039
3354 3236
62 448
5509 5901
5177 4913
8488 8401
4019 3022
6445 5493
8579 8423
64 21
5240 4953
7023 7509
6548 5775
2054 2709
9991 9932
7250 6650
8738 8432
6377 7286
17 974
6216 5526
2573 2455
8345 8090
8245 8794
2333 3322
7044 6053
8149 8584
3366 2751
9623 9865
5936 5372
4870 4382
6507 7498
40 665
8911 9482
81 69
4762 4742
2543 2919
8157 8064
7164 8148
4855 5744
1869 2489
4932 5452
9499 8933
5546 4608
9581 8868
4908 4952
5781 5414
2941 3048
4296 4461
5250 5179
7052 6086
5068 4962
4863 3892
9739 9792
2769 1778
1755 2375
9253 9175
7163 6544
3014 3976
2693 2661
1265 1704
4156 3854
5749 4968
6492 6288
7457 7073
4443 4629
5245 5785
7769 7951
6503 7316
10309 9688
7441 6588
6787 7203
1327 1397
1442 1054
4722 4986
6666 7559
9082 9185
85 992
7817 6895
7530 8288
5507 5040
8478 8285
4398 4243
4656 4226
4571 5163
451 1239
2717 2212
8846 8602
7216 6663
4507 3719
24 637
3974 4444
8127 8319
8802 9786
1992 1709
1552 2438
5001 4817
2629 1889
9173 8868
92 919
6627 5634
9411 8864
87 920
1912 2885
3940 3129
6587 7512
3950 3974
2178 2101
1801 1200
5151 5009
9073 8481
3068 2688
45 605
5627 5153
7318 8008
4023 3571
9146 9651
1598 2380
7257 7640
58 945
16 388
4685 4436
8565 8957
5872 6641
8398 7466
1078 1484
33 537
8484 8278
9667 8857
7402 6547
5260 4784
6918 7851
4170 3258
87 828
7784 8766
6684 5725
7886 7550
9201 8736
4002 3608
7124 6695
5697 5879
6471 7316
5171 5015
4262 5028
10018 9038
1874 1693
6743 6052
5548 6164
5598 5180
5647 6338
8694 8401
80 966
11 795
2511 3003
4430 4089
30 273
7678 7663
2486 2668
1162 1654
6642 6114
3550 2650
4798 4987
9740 9529
1903 1732
2054 2298
5158 5895
88 314
30 261
5179 4600
65 278
1608 1567
5947 6521
16 558
944 1046
6618 6952
4129 3488
2533 3068
6047 5459
10221 9714
5540 6364
8163 8889
8938 8165
7496 6541
7094 6360
4853 5446
4666 4326
3776 4755
64 52
4415 3949
5496 4547
8345 7757
8532 8733
3483 4215
4290 3916
8736 7842
1651 1518
8834 9409
5206 5508
4032 3177
3056 2683
6509 5736
5246 4619
3435 3765
6125 5751
3397 3990
10174 9618
8856 8976
2330 3118
3253 4015
6712 6005
7544 8062
7211 6326
6051 6075
10 830
9712 9816
2646 3035
3541 3781
6317 7099
7429 6575
32 171
5541 4689
51 782
3675 3733
7562 7779
4512 5452
8093 8224
6666 5880
2037 2207
8092 8631
6102 7098
8994 8479
32 699
4527 5483
3912 4649
4328 5302
5529 4671
2662 1838
1626 1480
1590 1771
6301 7122
5763 5043
9222 8787
1291 1508
8760 8410
5214 5095
2872 3485
8061 8344
3984 4442
43 11
3150 3678
3751 2773
5287 4685
8142 7746
2768 2673
8145 8556
5969 5816
4696 4531
7581 6597
4488 3917
9416 9567
6467 6508
11 448
8056 7224
20 122
9883 8909
3534 3400
8423 8153
55 91
79 527
5490 6429
9238 8273
3261 3098
4339 5066
6104 6576
95 26
9673 8901
73 297
9302 8419
8940 8897
77 743
58 976
24 268
2783 3076
4829 4459
10462 9630
7547 7470
7543 7288
2589 3284
97 466
6699 6099
6476 5514
3889 3929
7489 8193
4624 5580
4767 4292
9064 8091
5499 5021
7025 6578
1882 2642
6717 7130
1323 1713
28 321
3358 4125
9872 9016
6295 6261
8592 9009
2095 2943
6934 7100
49 223
2167 1647
7417 8384
1025 1120
6762 5919
51 809
8950 8539
3943 4612
6905 7829
9040 9003
2253 1474
538 1341
4240 3343
2165 1617
1508 1604
5913 5778
74 728
5338 4686
2613 3257
10343 9592
950 1635
8752 7868
313 1304
952 1526
7463 7045
266 1142
2801 2798
8238 7933
3418 3105
7971 7676
1622 1906
4031 3410
10242 9958
1524 1869
8484 8946
725 1494
7993 8546
6664 6020
2260 2074
8574 7966
8495 8941
3082 2992
6681 6669
82 1058
3101 3347
9272 8450
4779 5515
8948 8823
3152 3026
7444 6630
3895 4193
4504 5165
4749 4524
5623 5146
3502 3902
9805 8831
3815 3738
4057 4825
2754 1843
9240 9500
8089 7886
5809 6704
79 721
4521 5179
9363 9718
10517 9729
2898 3752
3090 2738
9402 9511
3950 4589
7690 6999
8634 8013
2350 2174
975 1129
6387 6331
5163 6152
3606 2805
3377 3327
7223 8073
8160 7563
10089 9209
10167 9938
1390 1845
3871 4067
608 1348
1238 1338
10017 9194
5748 6639
8751 8163
7943 7813
9939 9184
23 991
6452 6002
8636 9635
5811 6312
8064 7970
870 1493
4022 4679
6814 7282
3450 3547
5443 6025
703 1306
1737 2605
447 1393
6254 6653
5144 4334
535 1401
1092 2037
5051 4056
9894 9708
8197 8841
4751 4611
7636 7715
8031 8142
3237 2873
1225 1093
10357 9943
44 60
5474 5841
77 737
5857 6330
1681 2106
2851 2864
7905 7799
6297 5575
6691 7636
5575 5888
3012 2964
17 596
5482 5030
5782 5699
3275 3582
8560 9300
5185 5444
6055 5187
3375 2826
18 329
5926 5614
8997 8415
7539 7308
9097 8612
9661 9640
4433 3615
10841 9891
84 551
8293 8651
6681 5741
28 645
2840 3411
2597 2818
4249 3575
3894 4253
3131 4074
4349 5230
48 74
1653 2110
7663 8081
58 465
1877 2445
37 969
7338 7907
2399 3340
7057 7342
2211 1650
6365 6587
3887 4042
4066 3857
5768 6025
2061 2425
24 497
5126 4441
9972 9288
9115 8564
2874 2139
50 291
2101 2485
1955 1578
8828 8026
21 578
5378 4380
1710 1135
10053 9783
8647 9374
2608 1893
64 40
7341 6368
9322 8993
2170 1710
2529 1997
2401 2917
6944 6609
34 734
7337 7810
4851 5169
3147 2993
4328 5157
4216 3705
552 1454
3439 4399
6618 6397
9336 9263
68 557
8672 9166
7713 7845
4006 4595
3093 2984
4641 3750
37 988
6768 6001
9237 9641
620 1364
6548 6732
5590 5104
5603 6367
9248 8375
1807 1687
4585 4077
4149 3628
3603 3800
4638 3929
3497 2988
10656 9947
3123 3577
4744 4218
8704 8250
5596 4748
6572 6042
2694 2239
4563 4671
1240 1387
1475 1724
10590 9620
6409 6857
7107 6687
6129 6137
2982 2457
2303 1604
6947 7132
1918 2395
4221 3475
5396 6087
4794 4328
7061 7387
7490 8045
3354 3936
2791 2170
8399 8983
7162 6698
54 357
80 295
6629 5770
9257 9410
2165 1558
1670 1578
7260 6645
2353 1557
5852 6492
8571 8615
1246 1779
1754 1896
8931 9900
9595 8922
55 469
7162 6648
5073 4952
1651 1994
8256 8959
30 160
3897 3313
19 51
6426 5884
7443 8316
7328 8322
4199 4429
6401 5898
9828 9344
2710 3180
67 365
4319 4246
10223 9379
7808 7776
8956 9206
4240 3380
7154 7418
2620 3617
9771 9505
6696 7125
7516 8513
5741 6060
6534 6381
9244 9208
2347 3246
8394 7438
2393 3099
3753 4608
7659 7525
50 140
2370 2210
5128 5129
6488 7154
2423 1501
3652 3103
8282 7287
8943 8527
4359 4197
3031 3503
9833 9727
6764 7149
4473 5458
8724 8160
5366 5212
89 536
65 826
7172 6466
5767 5954
3438 3798
3683 4151
2340 1663
2914 3424
4822 5701
8058 8547
4525 3769
3521 2834
4162 4078
9455 9815
40 565
4139 4650
2546 1903
8780 9649
