5041
50
13644288
102 102 104 94 101 93 108 96 103 99 109 105 94 95 101 107 96 100 102 102 92 99 95 108 95 109 102 103 107 96 96 100 109 98 101 98 91 104 91 110 110 103 106 100 110 104 97 109 95 90 
-226445 -207827 -223097 -182934 -232080 -210155 -220975 -209942 -212085 -209294 -235692 -245965 -203971 -196923 -242713 -246070 -227139 -212993 -211638 -211141 -200340 -219899 -206329 -227546 -207888 -257400 -212484 -229167 -216737 -213748 -202374 -232777 -224864 -188643 -249327 -189470 -202546 -218788 -192344 -250195 -210196 -232164 -233339 -210423 -256658 -209248 -195643 -244677 -197718 -204419 
193475 178273 194729 157859 198544 181618 192633 181898 186277 183535 200991 211208 178322 168646 208506 206916 199326 183511 185124 182656 172520 193475 180574 199863 178831 220873 184270 198817 187999 180475 174753 201887 198950 165648 215607 166618 178448 193112 168900 216271 188212 203004 205338 181651 228335 180193 168780 209941 168650 179252 
8869 8630
92 991
1986 2111
2711 3239
10257 9524
7501 8332
4229 3242
7055 8040
4552 5332
6303 6468
2000 1478
8720 8875
50 864
6173 5735
1993 2127
9299 9509
8102 7726
5532 4732
1803 1185
21 481
4014 4168
66 279
5892 6248
8220 7835
6806 7118
49 495
6146 5558
6526 5848
8973 8496
5234 6149
4586 3673
8777 9499
3968 4202
42 762
4388 4121
8276 9031
4079 4806
10901 9935
3384 3984
6635 7218
4279 3596
7575 7319
2211 2459
4368 3479
29 517
9699 9872
8801 9373
25 376
1883 2294
42 762
2598 2752
5966 6137
5210 5835
3083 4049
40 545
4877 4792
3861 2940
3413 3594
5794 4884
2242 2118
5399 5226
2212 1454
3772 4414
5373 4646
7339 7869
6073 6665
7329 7233
8155 7558
8546 9223
7637 6887
4227 3240
11 394
8061 7489
5612 4779
2902 3844
6207 5463
4437 3699
3443 3748
3525 3339
7012 6425
6043 5727
3954 4354
6518 6798
9104 9532
7243 6970
5822 4894
8612 7654
53 390
4038 3774
1245 1137
6039 5290
6937 6448
6016 5324
7516 8324
10298 9773
10396 9426
8254 7619
2355 2176
7188 6266
5830 5743
5167 4750
3924 4447
8691 8128
7732 7890
7131 7960
14 571
2480 2842
6452 7233
100 104
7307 7286
1925 2045
1611 1459
857 1686
580 1121
3019 3057
9213 8283
10205 9934
2873 3237
5653 5295
2562 3219
3594 4583
8918 8577
6148 6547
6772 6592
2410 3198
4703 4908
4231 3700
74 840
9641 9762
2209 1836
2303 1694
9128 8130
6399 5460
5799 5102
4199 3342
85 689
6029 5965
7053 7554
3374 2846
48 805
5026 4532
3367 2482
3531 3410
5285 4544
3623 4138
7029 7215
8883 9199
30 683
9224 9786
5499 5576
33 766
2041 2263
3887 4189
8397 8819
6952 6559
6443 5665
4563 4328
4456 4449
1129 1378
6947 5950
6905 5971
4848 4844
4800 5322
56 833
56 194
5023 5819
10540 9691
2061 1400
6333 6231
6740 6444
8330 7658
8023 7821
760 1244
3474 2652
964 1200
78 66
6369 5892
9271 8371
27 864
6628 6395
6671 6451
8387 9260
8132 7354
8008 7275
1960 2181
8528 8023
3056 3790
3095 3549
5987 5100
3819 3630
39 943
5662 5392
9302 8518
1610 1312
8311 7592
3749 3297
2942 3546
2391 2608
2491 3145
5568 5059
5881 5910
5024 5513
1136 1967
6371 5856
4791 5139
3662 2961
8217 8492
4583 4529
6908 6388
72 408
9104 8590
2867 2641
7575 7804
8862 8799
8614 7759
986 1283
6404 5546
4332 4881
39 559
8851 9581
3747 4504
6729 5859
6314 5804
1723 2644
50 113
1961 2696
1620 2378
1988 1102
1340 2225
21 606
3211 4114
88 68
2057 1838
1217 1682
3455 2677
3772 4273
27 458
3388 3437
9848 9255
5234 5464
8823 9693
9295 9599
6078 5897
2329 1613
6192 5913
8339 8208
25 607
6115 5347
2319 2392
5634 6139
9811 9406
6423 6102
3812 3290
4237 3269
5402 5181
7794 7440
3237 4227
63 661
6472 6349
8250 8747
6245 5378
5104 4531
7783 7312
9207 8370
3705 3901
6379 6110
7648 8283
1358 2027
6245 5317
1682 2480
69 616
10525 9753
7151 6598
9017 9389
4215 4942
8255 8062
8421 9111
8944 9868
10241 9822
2440 2832
731 1520
2234 2155
7853 8028
1499 1264
8848 9173
38 897
8635 8373
2778 3584
5798 5379
4700 4036
74 811
71 283
58 77
2699 3004
6619 6474
6972 7667
6281 5339
9713 9576
7864 8132
7394 7929
9992 9891
9200 9757
4653 4913
2520 3499
3111 2940
3727 4126
1834 2209
7503 7120
3910 3031
8767 8996
4661 4393
10440 9792
4469 3597
41 457
8657 8729
7788 8573
98 843
6273 5591
7457 7007
3255 2639
1543 2090
2761 2712
7175 7296
4231 4678
3113 4098
9219 8912
7862 7021
2828 2472
9957 8998
5094 5528
6055 5851
2732 3701
6804 6579
3332 2534
9286 9278
5448 6040
3775 4538
9732 9508
3352 2771
4768 3831
1769 1319
2255 2458
6806 7018
4986 4391
5239 5350
82 937
8790 9195
4142 3151
3637 4273
934 1282
66 644
1673 1294
7298 6703
2480 3132
8890 9070
2694 2283
3369 2824
6558 5854
7406 7526
9855 9524
2813 2744
5890 6667
2990 2020
2888 2504
3654 3366
8283 8325
455 1108
6693 7044
1225 2016
7681 7734
91 71
3257 2289
8761 8761
43 254
3074 2498
20 499
7705 6974
10787 9953
2862 3337
16 665
2315 1385
5010 5687
9606 9268
3650 3313
9771 9533
94 852
1437 2352
3063 3957
5595 4632
555 1544
3338 4194
61 822
3361 3458
5131 4865
71 445
6434 6938
6579 7147
2879 2236
35 200
2484 3388
2349 1772
3288 4006
3530 4133
5634 5086
4738 3840
2986 3389
9441 9573
7083 7657
5161 5034
2944 2043
7848 8358
4995 4456
3651 3636
4286 4888
40 761
5351 4878
7971 7155
2371 2141
1898 2675
2392 2514
9835 9944
2371 1980
5170 5357
4435 3523
6101 5890
4181 3914
7981 8587
2805 2948
6899 6081
6071 6008
2217 2222
9675 9087
8280 8834
6089 5658
1276 1958
2645 2206
4215 3740
4539 3880
9401 8896
7660 8570
10284 9505
7090 7689
4458 3590
10083 9908
99 64
9230 9225
9387 9758
10802 9819
7802 8768
9669 9675
1804 1838
6238 6826
6237 6290
70 131
2854 3668
7988 8493
4535 4249
4192 3749
2185 2750
10810 9961
4562 5101
3633 4083
5085 6061
4331 3427
58 728
9486 9484
5540 5696
3162 2166
8152 8319
5636 5868
8285 9074
3132 2627
10019 9934
6971 6663
9305 8601
6124 5671
6195 5673
4535 4634
4303 3727
2501 2345
9596 9912
2416 2311
2344 2093
4418 3754
1875 2346
5644 5380
7316 7518
5576 5423
10 570
4200 4099
1379 2212
7479 6839
902 1071
9212 8514
5261 4955
3533 3299
988 1293
6294 6802
9596 9152
2578 2823
6156 6183
1645 2272
3553 3514
8175 7475
5940 5583
6854 7205
7204 6394
7051 7968
2834 2583
7835 8007
68 782
3851 2922
5046 4881
3699 4286
7389 6782
41 528
6181 5584
1575 2407
5009 4245
8489 8271
8679 8731
7253 8079
4009 4848
1281 2218
1592 2456
7554 6638
6663 7646
3877 3471
5949 6934
8960 9400
7656 6734
6665 5828
4559 4080
52 807
7727 7371
4800 4605
42 859
2516 2337
9189 8373
9433 9737
2024 1109
4245 4369
4925 4055
10556 9678
9073 9118
4531 4910
6449 6691
5504 5500
8021 7033
8285 8469
4569 5152
1876 2694
9280 9254
2024 1608
5990 6270
3405 4095
10001 9342
7661 7360
6353 6254
92 321
74 605
83 217
1055 1839
2201 2515
3047 3239
3873 3320
2725 2997
2223 2641
5669 5012
2150 2415
9983 9532
9273 9824
9163 8897
2886 3430
9605 9708
9785 9556
35 745
10379 9960
924 1630
3896 3835
7441 7201
44 488
2670 2744
4943 4909
6833 6740
3614 2756
4905 5077
6199 5991
7600 7633
6107 5934
9691 8864
5815 5881
94 652
7785 7331
6750 7581
2538 2483
5692 5090
26 881
6894 6504
2912 3885
7155 6550
9733 9809
3636 3092
2149 2336
6394 6424
37 510
9263 8923
9694 9482
8651 8744
8456 8630
7126 7889
13 502
7910 7054
2497 3138
1556 2391
3360 4042
4401 5219
8512 9273
30 91
6895 7442
7431 7215
1726 2613
75 101
7538 7756
8908 8578
2204 1316
6708 6058
9747 9443
3923 4150
63 242
3253 4178
6767 6134
61 367
3770 2959
17 154
54 1010
7874 7306
2487 1921
10014 9806
15 59
2735 2596
2456 1838
425 1255
3234 3436
3149 2500
7325 6489
74 154
9878 8989
5222 5073
620 1170
4217 4324
7147 6554
1998 2032
3630 3335
9441 9451
5317 4870
83 1003
1571 2079
1735 1040
2192 2825
34 407
5702 5636
10522 9613
6424 6206
5861 5731
3683 3456
4229 4742
3930 4748
7740 7066
6824 6223
4537 4963
5617 5674
4652 4978
4163 4083
2515 2453
1381 1888
1954 2675
7631 8450
97 674
2678 2765
5070 4818
9771 9967
2541 2816
10639 9651
22 963
9662 8756
5312 5526
4063 3271
6662 6120
6046 6109
5471 6098
7639 8319
2308 2569
2575 2457
9417 8944
8893 8699
2873 3161
9179 9910
767 1396
5066 5261
3951 4858
6798 6895
6035 6580
8457 8048
592 1226
6117 5362
78 773
1148 1554
6957 7788
1385 1124
35 521
2916 2039
6584 6200
2533 2823
1645 2402
66 244
7073 6579
94 336
6023 5221
7355 7830
10522 9923
3540 2565
4707 5459
3394 3763
3854 4072
8348 8495
6589 6285
5391 6138
6277 6794
9006 8753
4743 4017
7218 7364
3974 3461
4190 4049
8998 9372
36 975
10336 9465
4901 4142
6872 6423
3164 3638
4729 5701
7919 7453
6304 6136
3552 2985
81 443
8564 7892
7164 8138
6197 6617
7075 6695
10130 9957
7445 8275
3871 4653
2066 1748
3989 3526
6439 6425
22 166
2542 2302
4852 5584
2496 1535
1310 1511
4877 3919
4305 4908
7644 8311
2690 2127
5799 5238
5090 5333
4048 4267
5715 4814
8214 8518
4366 5310
8234 7690
4015 3123
97 313
8092 8942
2396 3340
7525 8113
5179 5434
12 591
10503 9635
2259 2302
10456 9793
5984 6228
6025 6853
5103 5694
4127 4210
8011 8004
1999 2452
2473 1540
6751 7693
7852 8563
6707 6589
8004 8407
3097 2792
1728 1541
8898 9455
5176 5715
3080 2957
9971 9277
6269 5274
5952 5082
3815 2842
4993 5167
2711 2439
6308 5358
4169 4389
3293 2997
1817 2508
9361 8801
7374 7528
3277 2291
9075 9713
7782 7917
6113 5705
40 929
5541 5978
7997 8452
3003 3188
4149 4643
6745 7512
7757 8011
8693 8791
10095 9899
612 1129
2163 2034
4320 4352
8949 9655
7534 8044
6106 5534
25 576
8011 7150
10870 9964
9671 9695
4408 5028
3246 2644
1154 1690
92 953
6537 7359
3972 3653
27 437
6713 7541
691 1254
1172 1964
3355 2988
4439 3576
2597 2238
8581 8710
50 322
6246 5338
5377 4454
5985 6572
5533 4748
6159 5993
5279 6131
2195 1582
2412 2040
1437 1713
7410 7943
52 200
3222 2350
5723 6718
6348 6707
3396 3720
5064 4711
7459 8411
7483 7929
6828 6282
3915 4689
1030 1011
1677 1168
5471 4793
68 167
3123 2226
3739 4033
7132 6802
1948 2526
6545 7281
57 503
7586 8419
407 1136
3647 3955
9434 9497
7336 8151
3310 2409
4538 5084
5716 6300
9273 9832
39 643
6232 5853
1197 2128
5217 5143
951 1492
8704 7882
4463 3877
74 188
6353 6209
5861 6154
8430 8099
6889 6784
6403 6653
944 1736
3579 4244
3070 3717
9683 9072
5172 6007
4230 5037
74 26
10170 9802
2440 2590
92 221
5495 4888
4196 4377
8862 7914
8191 8136
7575 7229
5094 4572
8867 9395
68 798
38 178
5074 6040
3926 4825
9945 9161
5154 4327
4351 4813
8723 8518
2346 2050
1414 2129
27 849
3274 3433
16 614
7988 7342
5501 4746
7807 7386
5771 6022
8010 7998
6350 6312
3344 4063
4161 4996
6029 6951
1669 1632
9849 9307
1642 1814
5704 5545
54 53
2754 2725
4955 5253
2585 3274
4541 4754
4060 4925
4022 4868
7468 7829
10052 9842
8337 8703
1497 1295
6652 7295
7354 7412
7982 7563
4732 5722
3932 3963
70 206
72 173
5885 6099
951 1841
7282 7968
4643 4098
46 299
9542 9072
75 761
5287 5920
6421 6197
33 130
8321 8095
8348 8872
5616 4846
7084 7243
2872 3451
1550 2187
3850 3472
42 255
8723 8472
6378 6137
7793 7120
1828 1883
4261 4492
6461 6287
6663 5691
93 564
1927 2703
5913 6486
9881 9480
7106 6231
37 284
2097 2476
6667 6261
10506 9573
9287 8675
6819 7173
5501 5290
3357 3989
6200 5606
90 291
7514 8361
7935 7403
1376 1581
16 448
1748 2068
1551 2247
23 121
58 981
8073 7845
6451 5463
8682 7760
64 215
32 579
4998 5217
6514 6539
54 470
9096 8777
7674 7721
5015 5209
5411 4422
7983 7557
2920 2540
4362 4057
5362 6360
2700 3093
9761 9530
444 1361
2495 1852
6427 6667
10344 9740
6927 7699
6961 6451
6848 6694
1251 1726
8662 8863
1238 1536
6323 5819
7587 7173
6235 6964
7920 8579
6685 5888
8042 8008
7396 6743
1275 1654
8140 7221
1674 2147
7076 7296
7349 7339
7143 6330
3481 4066
6231 6215
4997 5570
7032 7524
7763 6900
1090 1266
8382 8047
4441 4050
615 1527
4628 5397
6743 7615
54 639
3500 2834
9846 9993
4604 4723
9973 8994
67 488
4109 4540
8160 7460
6495 6612
5479 5427
2827 2391
8862 8517
4240 3542
2697 2913
9785 9000
5833 5709
4069 4752
9164 8258
3509 3012
2958 2769
1762 1659
4676 4587
58 485
3424 2886
8310 7618
5510 4958
7665 7475
4037 3603
9678 9405
6624 6533
28 540
24 46
33 133
752 1523
4379 3888
5630 4855
2060 2580
4508 4272
8764 7988
7121 7940
3751 3834
9085 9193
9066 8172
2992 3464
3547 3595
3249 2401
7346 6804
7668 7255
4698 4061
71 680
8748 8468
1561 1992
14 421
2502 1509
4622 5196
8254 7681
2596 1953
4448 4049
7833 6843
1526 1897
1129 1611
3835 3298
7639 6830
7628 7217
4762 3860
2807 2406
8870 8621
9568 9593
5851 5655
5784 6249
3509 3559
8522 9216
10141 9981
5613 6492
6670 7416
9070 9004
96 280
2868 2349
4323 4472
9971 9209
9274 9006
7409 6660
4985 4408
73 721
3453 2958
9780 9714
10 497
5857 6729
7503 7977
8196 8209
7588 7287
2418 1808
7096 6908
29 597
1731 2325
3921 4069
5054 5991
5692 5354
5451 5798
1960 2023
1550 1846
6440 6297
3667 3885
4634 3671
10243 9537
10863 9879
3634 3608
483 1316
7349 6716
8249 7390
6032 6794
5498 5063
8336 8803
8678 7695
8651 8079
8957 9854
2544 2046
4055 3203
1232 1625
5862 6702
7917 7230
8317 7481
3620 3499
3269 3611
6596 6936
17 794
3909 3058
3642 4472
1795 2500
843 1313
4643 5632
10486 9688
5989 6337
2616 2459
5146 4291
7783 8613
3086 4001
7323 6683
8808 9295
7997 8528
8832 8793
4019 3269
7738 7022
6155 6011
7906 7721
6222 7044
7010 7694
4761 4353
1568 1127
4456 5281
2751 3636
2563 3342
9458 9511
9219 9243
4999 4350
6949 6732
2445 3186
9301 9447
1114 1433
8986 9117
8912 9817
9161 8887
3968 3583
1349 2132
9581 8908
7355 7245
7541 7766
8620 9369
8714 8205
1779 1175
7335 6411
21 180
1966 2791
4188 4811
2883 3011
4834 4506
5179 5105
8133 7647
10 308
7743 7108
9073 8484
8628 8619
7046 7005
8372 9144
9167 8897
2582 3401
4162 4131
3855 4434
5784 5450
8238 8848
4288 4208
5776 6295
4234 4488
8223 7712
6058 6858
3799 4132
4943 5714
1808 1135
8004 7915
93 248
92 842
49 32
1644 1553
2718 2593
2214 2899
1598 1846
3242 3145
8894 8827
6205 6051
3989 3352
98 541
4707 4578
6397 6572
2264 2180
2224 2444
34 996
4609 3911
3046 2457
3188 3038
8525 9228
10000 9649
10430 9626
5377 6304
1526 2113
10445 9866
5392 5604
9960 9442
3848 3025
5869 6564
3834 2987
9535 8920
9682 9905
5652 5661
3470 3650
1343 2153
5978 5750
9701 9800
2266 2666
5467 5041
6190 6787
99 454
5729 5579
2043 2780
2019 2220
5878 5264
5351 4836
5192 5806
97 403
2277 3229
2779 3289
3743 3798
9179 8872
5230 4658
8627 7861
4043 3287
1858 2850
2464 2209
3908 3806
449 1425
3123 3152
6611 7517
3181 3970
8576 7683
4807 5289
5845 5959
3427 2502
828 1482
10308 9356
2411 3406
2312 2697
2217 2906
6016 6982
4066 3072
33 28
79 447
9132 9718
1834 2601
8842 8552
3922 3735
10601 9978
8583 9041
1577 1982
6000 6259
1837 2131
9751 9740
3750 2758
2291 3093
3891 3546
6390 6077
7335 6755
3019 3160
5272 4828
8934 8462
86 276
7455 6959
1658 1113
7106 8006
86 334
26 254
7722 7491
6137 6129
4910 5724
2255 2260
5289 4407
4092 4187
6199 6090
2619 3590
3541 2871
10270 9696
4707 3707
2231 1699
3990 3518
5240 4556
2711 2288
1512 2202
778 1102
3870 4176
7833 7232
3784 4572
99 231
8557 7776
10139 9405
5807 6754
28 773
3137 3151
7879 6955
5996 5288
87 718
38 65
2191 1228
3952 3912
7749 7094
8386 9039
7359 6915
2188 1482
2814 3239
6383 5866
7715 7747
8910 9862
4902 5451
8957 9653
7833 7214
8986 9415
6238 5586
3494 3023
9991 9116
6576 7103
10715 9955
9440 9143
5481 4597
10215 9429
66 229
4564 4033
6442 7147
7599 7091
7091 6112
5139 5102
8493 8970
8406 8778
4544 3569
8543 8725
6682 7050
1340 2077
7063 7809
6155 5987
5280 5980
48 851
8689 9400
2064 1971
9226 8525
1927 1064
7787 8712
9131 8799
8419 7644
10393 9424
1823 1976
5968 6699
48 638
5556 5495
6086 6059
1979 2787
2046 1287
1268 1696
2863 2112
8500 7558
8127 7926
6254 5679
7304 7576
8532 8426
3279 2419
6499 7253
5980 5484
7706 7605
6721 6415
7083 6793
7354 7942
7776 6985
26 669
3495 3941
49 681
1042 1990
3441 4242
40 130
1897 1059
7983 7977
9864 9993
3396 4343
5832 5805
2353 2779
1284 1846
6721 6155
8297 7542
1708 2334
8324 8425
9106 8755
9163 8210
5222 5713
1485 1200
4692 3958
5847 5506
8472 8600
7955 8915
95 713
3288 3756
75 524
6615 7502
6393 5709
7359 6429
7058 7185
8096 8928
8963 9536
7747 8701
3759 3675
7933 6973
10345 9534
5444 4533
395 1129
55 416
3422 2981
3286 3579
6366 6652
9292 8879
6595 6406
3740 4337
4268 3668
2844 2534
1716 1562
2245 1631
26 904
10100 9238
6413 6007
8614 7945
4609 5411
1444 1588
9473 8641
2619 2091
7227 6738
3517 3416
9331 9878
3017 3032
92 146
4142 4536
3514 2815
7784 7565
9328 9383
2195 2060
7531 7462
2633 2915
9122 8203
7856 8331
4292 3328
8814 9009
5077 4224
5656 5412
8050 8027
7290 6840
9956 9056
8421 7538
8737 7899
7677 7381
3359 3510
8759 8473
4100 4008
2018 1123
5782 5923
10289 9567
4764 3882
7828 7643
2663 2303
3588 4385
3446 4347
10099 9433
6000 6073
1980 1137
7406 6437
3962 4073
10668 9870
8918 9261
1165 1862
5800 5596
5291 4722
45 170
2245 1684
5961 5159
5089 4352
32 235
63 819
1505 2083
7019 6969
9270 8654
1690 1926
93 190
9138 9203
9370 8988
5256 6003
1823 2312
5513 6394
5142 5769
850 1615
2332 1433
5921 6406
6304 5778
2124 1668
6840 6557
9767 9361
3687 3013
8943 8790
4587 3627
4368 4283
4443 3692
7006 6761
7105 7439
4976 5368
2909 3584
7746 7512
9850 9106
4766 5273
59 264
5314 5831
94 819
2092 2863
4362 4441
1861 1786
3426 2835
4852 3874
2035 2972
9993 9946
8559 8254
8576 9152
3474 4125
1536 1805
8628 7868
10055 9157
22 487
3577 4262
9109 9733
6413 6358
6321 5637
4668 4092
4033 4413
7702 8424
7240 7093
3446 3634
7776 8232
9000 8347
5436 4787
3351 4102
2135 1996
7527 7234
6763 7743
6738 7179
7896 7096
3341 4249
5180 5116
3379 2988
6989 7756
7232 6833
9115 9183
1873 2196
3463 3643
3381 3663
33 324
4326 4745
5686 5788
2383 2430
9926 9309
4277 4856
7338 7597
5361 5671
44 477
6396 5912
6831 6934
2591 1750
9657 9757
4468 3995
5522 4633
7286 7894
4821 4405
8980 9057
6203 6276
7296 6638
8793 9780
8308 8720
8601 8264
10308 9554
8717 8171
1204 1121
3538 3896
8666 9370
9302 8940
5436 6111
7963 7413
3455 3136
7695 7650
8226 8980
6433 5504
6472 7364
2872 2489
8530 8656
1592 2372
3255 2411
6414 7000
1475 1707
1971 2314
7837 8547
2533 3314
8990 9571
8622 8371
7428 7770
4718 5005
3154 3108
97 536
4610 4614
1483 1743
1449 1478
8330 8277
3235 4013
4562 5249
4685 4518
4215 4959
1024 1366
6050 5421
625 1566
5546 5356
9741 9666
7782 6975
7839 8207
34 963
5277 5320
5880 5543
4617 3623
2254 2706
6253 5652
1284 1013
1680 1545
9126 9540
7340 6384
4698 5601
7289 6934
3311 3106
3781 4284
2721 2311
2422 1443
14 643
4980 4279
5725 6313
8230 8786
84 645
1382 1079
3311 3493
9421 9843
5205 5860
4860 5468
8102 8580
5869 5450
3403 3593
26 305
97 95
10188 9754
7819 8746
3091 2737
6339 6001
3329 2643
7612 7424
2502 2079
1525 1956
2773 3542
2819 3681
5320 6284
6280 5532
3525 2694
5943 5733
1972 1690
3713 2988
6229 5440
2051 2002
7759 8680
21 372
2932 3128
2299 1958
4732 5047
7895 7608
3378 4133
98 828
8043 7776
7479 7103
6065 5769
8751 9163
8589 9195
4523 4989
10084 9710
93 493
4826 5536
7296 8167
3820 3855
4701 5044
8391 8070
4552 4587
5426 5302
3974 3241
10408 9612
4028 3088
2704 3078
9505 9770
15 699
77 208
4421 4949
7749 8453
25 901
1219 1327
8349 8055
8086 9072
8210 7251
67 479
3728 2739
8188 7786
1258 1893
4157 4187
9185 9672
8069 7895
10071 9414
7098 6202
5279 4766
5007 5411
584 1146
7226 6513
5347 5015
10046 9255
6910 5935
8674 8824
9162 9677
2937 3274
1093 1913
6862 6396
1929 1728
4474 4933
5910 6185
3812 3036
6182 7167
8223 7441
1254 1901
2631 1737
6736 7240
3880 4333
3494 3511
1945 1773
5351 5806
1488 1276
6220 5692
3992 4256
7821 8772
68 257
97 516
43 748
5529 6509
17 272
3717 3005
92 740
8063 7438
8639 8052
6490 7061
7652 8140
2582 3072
7293 7287
2587 2117
5713 5769
1884 2690
3130 2499
3737 3980
7809 7864
99 685
10479 9568
3286 3794
2131 2688
8629 8233
9769 9716
3520 2545
9085 9715
7772 8321
7292 6618
2843 2412
4014 3670
100 144
3586 3920
4003 4113
5731 5327
4675 4040
8559 9453
4578 4983
6025 5419
4060 3640
4775 4050
43 964
58 27
2755 3549
8814 8324
9151 8909
8894 9472
8022 7958
82 472
8288 8181
7001 6516
7305 7483
8246 7650
2698 2866
9172 8172
6230 6207
5634 5618
6755 6896
59 239
7100 8066
85 419
4547 3567
1389 2217
8721 8063
4995 4472
56 402
1714 2680
2872 3045
7854 8182
5063 4192
6551 7313
7015 7232
2043 1461
7550 8501
4135 4295
4926 5086
10 249
8381 8936
4884 4791
2705 3257
35 727
5864 4980
83 699
1344 1507
6161 6397
2621 3171
1104 1801
2118 1648
8077 7563
3078 3270
4539 4225
5139 4457
2845 2530
45 152
3014 3002
5252 4942
79 538
3627 3985
6490 6761
6472 5675
9574 9685
4624 3638
4402 4331
3579 3726
24 863
9301 8482
15 51
5949 6297
8998 9033
5107 5277
8948 8184
6003 5483
1685 1202
3268 2882
9813 9291
2890 3736
63 131
73 881
9064 9752
69 559
4144 4714
5146 5188
8750 9546
7076 6986
9784 8942
1277 1435
8820 8639
68 593
9534 8934
6136 7042
5170 4987
1750 2111
5956 5841
75 653
1085 1170
8478 9411
8180 7916
53 470
2123 2777
4635 5075
4288 4815
1635 2373
7068 6318
5329 5832
8559 8157
6902 6240
3345 2375
2019 1745
9730 9998
6087 5292
1618 1318
5040 5850
1512 2171
7121 6916
5666 6196
3547 2964
5483 4798
7846 7455
8465 8203
3405 2532
6566 6877
2755 2749
7759 7001
575 1520
9505 9472
8088 8888
10874 9951
5226 4708
6649 6304
6437 6716
1745 1694
4867 4696
4975 4358
4875 5404
7007 7263
7783 7535
3314 4146
5424 6306
9065 8610
48 315
98 442
6907 6841
74 516
1309 1858
4136 4042
6266 7102
9216 9631
2992 2893
73 24
1817 2650
3562 2941
6785 6593
7116 6992
7308 6613
790 1228
6970 6223
2042 2641
9830 9744
9266 9375
2089 1716
8892 8770
5939 5217
56 138
7689 8383
4373 4340
7217 7081
4543 5093
1869 2035
7044 6891
9071 8629
1710 1057
6046 6209
1685 2270
4521 5480
1974 2119
6576 7390
7636 7566
2725 3467
9139 9286
4675 5388
8758 9025
2472 2768
7883 7927
4918 4417
7030 8030
9070 8192
7750 7850
3038 3934
2886 2717
2411 2810
1793 2201
4003 4614
4384 4653
5478 4924
3133 4077
1008 1314
8740 7913
4869 4208
10019 9190
1718 1522
7941 7079
6252 5651
3818 3572
3778 2874
10132 9425
9127 8416
2398 3348
38 556
9539 8794
2597 2381
3324 3043
5626 5562
8381 8023
4015 4649
6643 6167
69 983
10259 9292
4925 5064
7820 8524
1890 1104
9350 8375
74 23
36 950
7953 8228
440 1277
3913 3429
6392 5557
19 115
8449 7872
4660 3889
4287 3627
6241 6685
6143 5710
7169 8126
48 823
2187 1915
8855 8064
8436 8734
8902 9198
9369 9003
7813 8451
733 1441
4425 3770
2070 2108
2220 2549
6325 6681
5263 5253
7787 7787
7990 8804
1794 2466
88 742
7794 8768
7135 6148
4995 5540
8726 8266
5214 5551
2598 3227
7514 7056
1172 1699
7485 6959
6038 6543
6329 7270
67 514
4588 4857
4673 5258
3616 3200
5668 5135
1228 2069
8486 8730
10116 9773
41 631
5661 5509
99 646
35 816
25 543
8713 8579
7298 6507
1289 1390
2012 1104
9089 8130
1498 1712
8910 9270
5196 5575
5954 5826
9412 9965
8855 9127
95 332
3181 3785
2033 1174
5498 6211
9024 9554
5383 5090
3899 4095
27 457
7955 7901
1709 2011
2900 3464
1630 1663
6638 7019
3068 2897
7022 7213
844 1381
1603 1116
4873 4594
17 873
27 196
3204 3963
7206 7139
2954 3786
6050 6888
7221 6385
9400 8840
7356 8201
2531 2559
8166 7495
6322 5998
7945 8506
7756 7909
7738 7957
9111 9698
4422 5121
9044 9852
5894 5077
1258 1148
6882 6137
10422 9626
9490 9046
7439 6463
6343 5875
1826 1562
8755 7898
4467 4989
6535 7325
2227 2753
9128 9920
1309 1660
100 403
9945 9033
3482 2995
4481 4579
58 757
3572 2579
2134 2002
47 945
792 1304
6768 7072
3596 3052
6661 6661
3265 2616
71 115
5622 4785
5066 6033
8163 7487
8264 7726
1283 1132
7314 8090
5718 5842
4914 5611
8241 9128
2714 2319
8612 9020
10203 9788
4855 5048
993 1266
4278 5033
4520 4547
8256 8606
7836 7037
10535 10000
4928 5869
3366 3970
4946 5401
20 136
2962 2580
4649 4832
1174 1858
5124 4876
9755 8982
8564 8396
6007 6481
6020 6528
10425 9748
498 1409
8224 7254
6097 6520
3699 2938
3675 3995
5616 5362
4645 5134
8605 7775
37 892
7861 7591
5926 6788
4359 3403
6617 6801
58 749
2359 1552
8705 9219
6693 7301
3604 4330
6891 7112
2774 2993
8126 9102
1394 2035
9449 9751
5939 5916
3242 3551
2280 2992
6376 6545
1404 2278
2659 2148
4424 5368
7938 7788
4214 3699
9610 8911
65 635
8412 8392
4537 4400
7922 7514
8639 8106
5326 5084
4041 4279
8325 7338
72 837
7582 7069
5224 4577
6641 7587
87 112
6942 7482
17 962
9983 9988
1329 1424
10265 9645
7292 7108
5217 4543
5960 5920
6602 6652
58 903
2438 1501
8239 7394
4950 5358
3503 3078
57 134
100 497
8490 9256
2330 1696
3894 4732
5574 5996
4397 4510
52 435
1040 1840
9819 9264
4646 3740
1893 2627
916 1392
2556 2953
28 289
6818 6172
3589 3928
8662 7915
4986 5080
6759 6266
9719 9632
287 1281
4448 3767
3291 2732
10274 9685
2908 3220
8361 8539
624 1475
1980 2894
81 356
3846 4763
9357 9810
6398 5457
73 724
7684 6985
6914 6668
4664 4899
760 1296
3991 4526
50 259
5326 6104
8521 8348
3983 4590
5485 6038
1326 2147
7560 7248
1896 2127
3437 4347
7489 8406
8305 9297
6445 7118
8219 8149
1855 2115
6928 6364
4221 4020
9372 8906
6690 7677
3476 3169
6789 6218
8274 8555
2564 3414
8228 7424
4143 4187
7699 8103
6669 6903
37 710
4305 5071
4789 4915
9821 9660
82 362
95 642
69 798
5414 5200
10426 9483
3356 2505
4765 4677
5530 5479
6218 5487
5099 5086
39 681
7564 8357
2807 2348
7694 8451
6588 6656
1246 1574
2742 3566
6779 7296
9829 8897
8567 7744
92 513
8377 7998
8520 7586
4160 3693
7537 7134
1719 2281
479 1244
609 1067
5899 5722
82 537
10160 9755
7539 7357
6275 6751
1794 1150
1881 1991
5081 6027
2608 3222
5825 6096
3004 3701
3445 2924
6074 5650
5056 5055
2394 2095
2979 3587
59 59
9359 9501
3557 2666
54 36
3577 3057
9263 8773
9540 8605
100 215
1592 2085
5597 6369
8210 7937
7631 6695
7924 8148
1720 2567
4724 4205
9473 8618
10182 9559
4910 4780
10047 9303
10444 9898
4590 4262
87 909
5975 5217
5191 5809
4403 4378
6963 7500
6963 7495
6323 5465
6019 5734
9356 9842
8383 9016
6245 5907
6766 6935
6069 5760
7412 6450
1592 1564
8274 7682
8562 8511
5188 4325
3730 4451
51 340
9753 9832
706 1017
1285 2030
1340 1417
2801 1990
3456 3451
68 999
4643 5388
5889 6848
2457 3293
4330 3953
8690 9349
5738 5537
5046 4326
93 252
9067 9758
3394 3076
4793 4819
50 490
9099 9165
4000 3702
42 1002
3841 4171
1158 1249
6075 6957
10904 9952
3615 3225
6087 5371
7530 7388
7072 6225
6752 6962
5826 5114
6081 6145
8590 8475
8135 7314
5351 4725
4523 4106
6660 6239
6907 6183
9178 9130
3809 3539
69 164
37 596
7424 8067
2360 2737
2728 1918
5241 5290
3814 3717
1774 1887
9500 8920
59 395
9608 9843
4766 4458
6706 7165
1421 2274
70 129
8013 7642
2879 3488
6026 5627
4319 5042
4279 5066
9343 9179
9663 9039
2294 1993
4733 4170
81 174
92 332
554 1027
14 79
7087 6834
7926 7366
6440 6258
9499 9473
5254 4617
7943 7369
4676 4617
8353 7830
3610 3405
10539 9651
5966 5417
56 260
7245 7830
4851 5217
1631 1158
6907 6523
8509 9251
2842 1946
8878 9805
5421 5736
4368 4809
3334 3490
6698 6287
3672 4531
5669 5234
7581 7692
8517 7610
83 84
9525 9641
57 1006
8598 8801
3794 4179
5647 5021
4938 3975
7561 7433
4496 4273
9003 9053
6015 5344
9200 9746
5370 5046
9181 9808
6398 6657
2979 2413
3529 4202
1698 1431
8149 8130
1949 2856
8235 7489
7061 6592
7294 7081
6034 5458
31 741
4618 4782
8613 9269
8415 8092
9077 9231
9022 8875
8507 7562
2035 2919
4751 4354
5222 6191
3714 3687
7895 8127
5438 5510
6531 5702
6981 7913
7932 7121
4087 3709
8845 9197
6316 7163
3325 4127
1890 2601
4388 4230
9038 8499
9886 9366
6451 6546
10051 9524
5445 4940
1417 2070
67 779
3903 4197
9862 9088
4495 3538
4811 3838
7654 7460
1488 1756
6353 7076
440 1062
5581 5701
1321 1541
9501 9144
9603 9066
3655 2792
2557 3036
6150 5825
4115 4202
3449 4178
2254 2684
4857 5160
21 842
9821 9593
6482 6177
3957 3386
646 1121
2407 1416
5233 4852
3822 4034
3381 3742
7030 6039
1711 2061
7492 8094
9629 9145
2212 3042
4862 4393
1961 1308
7159 7073
5094 5442
22 621
3248 2308
3313 2841
7209 7512
1691 1950
7028 7551
75 799
8042 7670
8102 7945
7033 6560
3828 2949
5415 5016
8713 8808
4697 4167
3722 4713
8029 8668
5080 4800
6728 6060
2959 3299
4112 4429
4455 3901
9403 8517
58 664
5866 5497
7359 7956
5786 5733
8230 9172
7409 7094
2805 3457
8727 9141
1705 1481
5248 5363
2762 3207
4866 5861
5179 5951
7117 7645
5301 5689
6512 5969
2642 2818
3849 3445
4760 4567
2498 2902
2496 3368
7218 6284
7073 7866
4192 4747
3114 3519
25 89
8691 7714
7690 7933
2426 1431
7860 8517
2438 3133
90 998
2075 1343
5337 5474
91 717
4464 5401
8612 7729
4094 3671
6135 6005
10381 9472
4693 3802
2375 2611
7084 8045
1885 2792
7348 7328
9387 9541
2438 3116
7136 6260
3452 4031
74 24
6155 6149
2302 1869
89 751
4431 5157
8663 8052
7686 7879
6726 6025
5974 5658
7632 7892
997 1583
3481 2741
20 433
9960 9242
5540 5338
4557 4422
5026 5663
8485 9304
6021 5529
57 943
7593 8093
7742 8498
6454 7418
5691 5040
7654 8579
37 154
2199 1673
3127 3949
5594 5694
1946 1968
4328 4981
2043 2113
7760 6895
3460 2689
8922 9078
85 297
8533 8090
8971 9566
49 478
4113 4957
1180 2058
6727 6201
5917 6760
1984 1145
8989 8168
589 1394
1459 1452
9374 8879
6116 6339
9706 9104
6038 6090
5366 5233
7464 7272
8099 8927
755 1697
8474 7577
6224 6083
5188 4821
1936 1480
8036 8686
2401 2252
8204 7963
5458 5471
6231 7100
8139 7385
6029 6008
3838 4144
4139 4280
4545 4009
3112 3803
7975 7260
7580 8250
5325 6185
7231 7824
2128 1141
8924 8512
8280 8509
20 148
1367 1336
8850 7873
56 839
7632 7957
4066 3557
4151 4739
8137 7211
8976 9053
2695 1708
8641 8354
8891 8008
68 917
1043 1284
36 89
5323 5760
8681 7843
5847 6026
3704 3792
4713 3795
8639 8105
3073 3236
7760 7869
5377 5299
7013 6360
1722 1664
2154 2058
2459 1723
34 956
60 383
8840 9047
6070 6217
10019 9077
4956 5301
6574 6862
2425 2733
94 259
7314 6565
1905 2790
7997 7425
4042 3501
97 57
3427 2574
10791 9995
8309 8926
94 456
79 436
6237 6237
3448 2730
3734 2831
5141 5299
8689 7694
457 1318
3729 4060
1899 2052
53 453
9103 9593
1697 2550
2612 2714
2320 1800
690 1336
73 46
8578 9416
4361 4979
1927 1188
3967 3426
7927 7601
5818 6308
5095 5865
47 201
7014 6496
5020 5652
2300 3040
559 1312
2431 2410
5829 6791
3139 3955
5809 5497
5344 6089
7108 6126
3853 3649
28 88
6941 6965
5563 5312
10505 9568
1789 1444
6543 6166
3924 4762
6283 5338
6692 7318
6148 6318
7936 7938
7025 6579
3464 2775
10507 9994
2133 2892
5762 6607
1183 1224
9104 9236
6918 7770
5842 5249
3095 3639
218 1023
146 1144
9732 9398
6273 5313
8766 8643
8995 9554
7500 7343
6181 5233
1684 1422
5805 5847
6159 6764
1427 2131
5220 4587
83 837
8688 8136
1322 2020
70 524
2641 2531
9586 9265
4255 4841
8845 7876
1306 2181
5695 5888
5730 6334
9090 8371
6721 6871
7068 6306
3613 3637
10697 9922
1727 2449
9054 9413
9099 8556
7524 7736
13 1006
9579 8846
1526 1172
3860 3548
12 348
3893 4488
9078 9286
3465 3558
6021 5259
3328 2927
9827 9146
1560 1362
562 1187
8498 9134
9938 9204
3559 3174
40 249
7817 8396
4597 3852
7673 7422
6001 5201
2964 2757
2534 1913
3599 2723
2591 2361
307 1231
1175 1553
9120 9827
10429 9747
8441 7562
8873 9551
1387 1312
6021 5490
2772 2221
3818 3052
4133 4014
8067 7600
8035 8748
6707 6916
3746 3276
5390 4882
7390 6798
4116 5047
2893 3881
37 494
6798 7137
5550 5683
95 184
4501 5492
3586 2747
3184 2614
3198 2569
6701 6534
6884 7706
6651 5858
8460 8981
4874 5601
9890 9197
6260 6761
4431 3806
4454 3862
7589 6984
3255 3725
8531 7883
1855 1482
26 256
7441 8219
4321 3397
3079 2372
9922 9512
9066 8770
3123 2199
4516 4619
1763 2511
2753 2394
1880 1422
5766 5038
371 1312
7966 7486
1826 2340
8637 8450
5304 5207
4804 3899
586 1369
8629 7894
3116 3226
2073 1260
6920 7566
21 609
3324 3342
4674 4586
78 898
9425 8996
10310 9991
7791 8720
2341 1653
6424 7062
1647 1449
64 99
8995 9041
4315 4597
4971 5356
6454 5511
9985 9821
41 903
5088 4727
7496 6761
2395 2835
3444 2884
3640 4289
2558 3180
4933 4291
9201 8463
9977 9711
6898 6669
6624 6244
3391 3599
1891 1248
8391 7435
8813 7844
5414 6189
30 499
4754 4184
2021 1650
1229 1503
4665 4705
9115 9348
5216 4245
97 508
4672 3933
1811 1582
7937 8345
9410 8925
9242 8342
1814 2415
1501 2335
8910 9909
5164 5220
3386 4241
4649 4421
4601 5281
2413 2375
7565 8194
6356 6928
3561 4423
48 295
9461 9346
3469 2575
6266 7049
43 533
8987 9292
4653 4736
6244 5388
5545 5162
58 654
946 1635
5118 4283
4080 3256
4010 3424
35 138
8900 9729
5456 6260
5781 5906
27 581
7582 7082
8135 7269
6449 5640
6105 6401
4324 5060
4761 4922
3904 4221
5063 4754
9453 9177
6987 6279
62 501
9013 8114
19 289
6341 7210
4968 5213
3943 4519
96 509
9481 8554
7063 7994
2150 1642
6628 7333
8973 9182
6568 6070
7321 6723
10248 9744
89 141
9341 8469
2025 1219
3785 4388
9067 9286
6415 7303
7036 6061
7164 6619
3165 3954
2325 1732
5404 5700
4066 4224
6562 7500
3139 4075
8581 8413
4007 4187
4801 5164
9106 8768
3726 3498
9574 9844
4534 3912
2069 2428
1877 2039
3862 4708
7120 8105
9751 9828
9771 9171
6614 6650
8478 9439
5642 4992
9217 9986
9117 9353
8820 8958
6024 6061
7278 7955
2562 1777
3321 2402
30 682
6749 6264
1943 1744
7460 8393
8979 7985
3986 3428
10025 9661
9122 8546
8025 7723
90 638
5696 5338
9186 9713
6114 5714
6226 6886
2864 2679
2614 3150
9410 9245
6641 6444
3894 3434
10425 9708
9776 8952
2227 2247
4039 3691
1042 1769
7252 6675
1909 1361
1213 1322
4586 4811
6543 5684
5263 5712
2016 1432
2489 2925
1282 1239
66 622
3656 4009
1884 2550
1197 1977
3264 2983
58 823
4470 4699
5662 6341
10316 9368
3487 4179
6123 7082
2243 2696
6607 7351
6541 7208
1716 2010
8893 8102
8810 9291
5194 4835
11 135
7350 6555
5134 4983
6190 6236
3028 2622
5907 6904
9732 8879
5045 5884
1485 2242
10367 9416
56 559
8814 7966
10478 9910
3357 3046
8387 9322
4749 4225
2635 3569
8495 7725
5042 5696
8870 8019
9205 9217
51 142
3674 4395
1973 2876
1788 2313
10196 9214
8595 8997
7003 6960
3183 3910
1886 1526
1885 1500
3289 3275
8133 8773
5187 5593
88 854
7988 8869
5407 6167
9336 9461
5807 6104
7016 7758
2347 2759
5033 5544
963 1358
2602 3117
16 1007
2512 2569
3332 3551
5124 5109
4182 3564
1840 2636
1612 1671
6925 6277
3985 3705
3159 3013
4875 5396
69 420
4018 4423
3290 4145
62 30
53 116
8429 8369
8524 8023
5360 4429
3801 2913
33 849
5375 5684
5516 5334
3295 2407
632 1173
61 99
7078 6402
7147 7176
4970 5397
7663 7873
8160 8057
4033 3532
3227 4083
8913 9234
9281 9280
3532 2660
1530 1438
6396 7280
4941 4462
4608 4758
8299 8752
3057 3757
400 1282
8803 9554
1875 2741
4671 3913
7170 7948
2230 1247
6256 5594
8838 8987
1700 2382
2424 3266
1905 1406
7008 7184
94 651
6331 5748
9453 9397
7897 8432
4192 4430
6744 7403
6338 6883
1991 2463
6141 6295
2468 2945
3789 3012
5811 5880
2549 2776
8462 8057
6575 7375
8018 8808
6164 6207
7039 6317
2543 3233
99 786
6331 5633
5705 5260
7996 8827
10258 9760
4787 4554
10479 9597
4408 4347
5427 4754
2233 1672
535 1185
8317 9284
9353 8844
9465 9344
3044 2768
35 171
2957 2218
8720 9396
5281 4886
5661 5744
1389 1917
86 174
46 981
6989 6724
49 920
9346 8492
65 499
5388 5176
6159 6527
6200 5941
8288 7392
76 619
67 576
997 1355
2069 1104
3843 3576
2541 2757
9300 8792
6377 5539
3231 3634
4568 4875
99 873
8694 7917
3361 2942
3075 3356
9859 9892
5992 5453
4915 5890
3791 4134
1286 2074
3056 2269
85 882
7549 8198
1255 1084
7168 7898
33 1003
31 501
2846 3499
7228 7932
3822 4443
6187 6956
2931 3483
4006 3190
1574 1096
7078 6819
1478 2113
28 429
4682 4239
2400 2430
5012 5735
4509 3942
3544 2938
28 490
945 1564
2268 3025
21 848
4006 3502
9803 9624
3348 3412
6172 5737
7791 8225
8830 9760
36 361
6870 6876
4108 3324
6809 7611
5634 6313
2888 2582
9741 9326
2283 1740
7023 7153
73 233
6507 7196
5802 6024
6096 6482
1727 1071
8470 9232
6553 6218
10233 9936
6346 6222
1910 1642
5210 5466
8520 9240
3375 3980
30 281
10100 9479
1965 2588
4605 4448
7034 7141
5684 6415
6486 7383
10276 9305
3879 4468
5673 6213
8832 7971
8475 8545
2264 2634
9805 8945
4635 5382
6757 5891
6136 5353
2669 2156
2917 2362
10630 9956
7650 7824
3145 2765
6209 6755
10364 9848
4086 4168
2700 2669
5718 5637
4159 4463
4447 4701
8792 9527
6267 6897
4947 5046
6229 5824
33 861
9085 8683
5659 4909
2188 1569
1831 1963
9394 9036
4839 4295
4610 4456
9522 9138
6746 7411
99 637
2791 2081
9978 9127
10441 9959
7745 8047
6159 6277
3385 2483
84 81
1828 2593
53 947
3378 3077
8564 8988
7795 8561
6733 6254
1864 2686
3279 2363
3816 3656
5640 5416
3586 4514
6458 6693
7553 8037
7209 7990
29 429
5184 4959
9277 8415
6894 6427
9302 9870
6882 6262
5529 6390
10558 9655
7218 6308
91 131
3619 4550
9976 9838
8218 8068
4655 5104
86 560
20 261
4271 3992
9377 9790
5769 5673
2933 3366
10208 9743
9667 9882
8264 8672
7892 8312
5290 5093
7473 7836
6209 5533
6614 5890
1513 2279
2029 2805
7085 6445
9088 9130
10210 9213
1091 1128
6957 7234
5395 5274
3461 4333
2291 1986
30 358
6597 6820
5218 4726
9439 9808
5959 5358
4796 4910
492 1308
2145 1889
7111 7060
7314 7591
9913 9721
4412 3961
2436 1695
55 889
71 610
4904 5490
6512 6255
3592 4561
4212 4770
2657 3031
4613 4543
7218 6396
6780 6518
5134 5736
2244 2955
3839 4695
8098 7842
2267 1799
12 21
8960 8300
7780 7844
9759 8962
8920 8058
3343 3073
8156 7218
5620 6529
1776 2524
8255 8964
38 268
10172 9308
8857 9551
42 477
10122 9314
1928 2134
4602 4850
5442 5357
2671 3326
1586 2519
2076 2514
4891 5023
5190 5283
7948 8518
5343 4801
4760 4933
9626 9118
30 57
2768 1824
2658 1707
8195 8324
26 847
5283 5839
3431 3446
5610 4633
2675 3629
565 1318
1723 2102
1569 1204
86 48
63 154
8398 8137
22 991
1788 2577
4721 5719
86 415
5371 6287
16 578
3180 3209
6381 5570
31 498
4126 4372
4071 4702
7600 7046
3874 3971
131 1036
44 26
7715 8289
2901 3666
58 786
9638 9038
9115 9131
2213 1765
2352 3096
9421 9851
7015 7248
8807 8478
9011 9239
4827 4316
8900 9447
8366 8110
4486 4834
58 845
10496 9529
2724 3181
1988 2718
8574 7852
4641 5548
7827 8590
4151 4616
2769 2247
1307 1881
10164 9420
5520 6235
4322 5166
3894 4767
6099 5372
3469 4173
7576 7322
7969 8588
7589 8282
9100 8809
7901 6917
25 135
4093 3801
3461 3266
2240 2168
6353 7022
3398 3057
4097 3348
62 654
6897 6332
7208 7388
3053 2629
4014 3238
3757 4701
1392 1265
7801 8275
64 272
5051 4242
7197 8093
1365 1755
6234 5607
2537 2592
1326 1531
767 1423
1260 1824
5027 5268
7826 8542
6723 7368
7050 6078
8873 7881
3787 4661
3845 4394
1538 2083
9159 9427
13 903
4851 4367
9353 8996
63 377
4368 4437
21 766
9136 9485
8381 9034
4716 4509
6442 6972
1956 2083
6422 5799
9781 9763
4770 4742
61 710
7450 7122
7522 6615
9427 9268
5166 5415
9110 9244
5649 5755
4000 4303
8307 9160
6373 5540
4793 4458
6059 5872
5042 5483
5594 5120
4041 4493
2961 3781
991 1308
4209 3666
9898 9494
7057 6892
4948 5369
5536 6072
3022 2979
1912 1146
27 122
7397 6899
4400 4292
2045 2425
8600 7779
8727 8728
5663 4686
60 326
7123 6649
5146 4378
8705 8504
8683 8991
3875 3470
1704 2249
4046 3256
81 994
6992 6551
7192 7233
3190 3529
1216 2099
8141 8721
8708 8131
7862 7852
5463 6144
77 62
1626 1115
6354 5829
2638 3588
3257 2373
9796 9982
5971 6668
2025 2242
4733 4354
5788 5781
1833 1259
5339 6228
8706 9422
2426 2017
9216 9949
3161 4086
5691 6668
4698 4244
8073 8480
5131 6028
1482 2030
2535 2779
7622 8569
10546 9918
6517 6250
5594 6072
2448 2829
2969 2941
4299 4864
3365 3491
3205 2964
10 625
75 312
10485 9739
5750 6251
1087 2027
4010 4089
8507 8812
2557 2224
2013 1370
3265 2665
40 645
5303 6287
7346 7495
6070 6465
5944 5954
6559 6050
3695 3524
4711 5409
4407 5396
7654 8532
4835 5288
3172 3633
5521 4874
4095 4821
2438 3292
3704 3458
2700 3502
52 703
3382 3453
8017 7262
9383 9688
8749 9110
2384 1867
4737 4510
39 933
5843 6382
1699 1069
2909 3387
7853 8433
90 891
5088 4803
6033 5108
1569 1811
4139 3685
4222 3521
7916 8059
7911 7171
4006 4691
8988 8464
16 893
3023 2581
41 16
2994 3548
7256 6779
5874 6339
3187 3361
6531 7218
4625 5113
4106 3668
4339 4028
9264 9870
9866 9910
1443 1869
8600 9203
6005 6708
5555 6402
8505 9251
4578 4841
8048 7783
8614 9074
5219 4274
862 1254
5467 6016
338 1188
5866 5385
9791 9371
8238 7456
4842 5552
1798 2305
91 281
2557 2709
4033 4357
5086 5026
3379 4256
1463 1546
2670 3057
3118 2514
9165 8795
7844 8591
4367 4753
9265 9558
7508 8311
8166 8578
1638 1185
10187 9598
1338 1529
2017 1779
7591 6642
4284 3891
8240 7324
2649 2108
9666 9504
96 772
3374 3772
7680 8437
2528 3053
3951 3395
4639 4451
4261 3995
28 793
6561 6641
5532 5830
6853 6756
100 57
9299 9188
4792 4359
8066 8209
6443 6593
7235 8185
7405 6549
67 734
42 978
6126 5910
828 1279
8638 8070
10354 9644
5202 4296
5704 5013
1669 2409
5745 6157
7083 7813
5216 5493
7538 7423
1994 1046
10139 9160
3934 3393
37 312
6733 6945
10276 9847
6340 5451
6892 5998
7778 8543
4293 3693
8829 9816
1366 1410
9939 9520
8147 9080
3051 3276
6320 5364
26 534
3033 3669
2398 2714
4721 4424
2992 3926
3447 3950
1253 1868
9526 9647
4704 4451
8100 8154
9075 8673
2732 3075
3506 3036
3868 4791
3645 3334
4798 4069
8573 8465
2042 1635
6180 6973
9170 9195
4274 5062
3837 3986
9526 9128
10494 9660
9443 8499
9638 9861
9823 8827
8349 7987
5473 5105
8741 7766
927 1902
6190 6242
7530 6802
3484 3698
7516 7467
9026 8876
6199 6129
8348 7537
92 728
3861 3629
7865 8780
2544 1914
1376 2273
10341 9372
4802 4544
5910 6540
52 81
3515 4424
3329 3582
2973 3818
524 1143
10087 9332
455 1066
5409 6217
46 170
734 1223
5619 5479
1491 2378
5315 5751
8847 9094
33 502
7622 7418
3147 3292
8806 9773
7885 7918
5542 5651
1647 1143
7191 7053
6628 7003
1602 1132
5022 5519
3184 2570
1876 2081
5373 5892
6560 6216
5959 5721
4973 5652
5958 4975
3664 3830
5330 5824
22 574
4051 3587
3817 2859
6840 7673
3935 4636
5366 5539
3175 3070
9510 9342
1735 2053
6109 5323
34 745
2668 3004
2738 3604
2288 1667
5326 5897
5094 5031
3956 4432
2091 2388
3520 3494
523 1174
2754 3182
8727 8781
2601 2900
87 983
7004 7035
7192 7652
7220 6607
6523 6242
12 939
3086 3267
3076 3891
8873 9757
558 1016
50 509
7079 7204
17 48
3041 3806
1082 1812
17 111
4990 4164
2030 1194
43 524
6696 7696
3240 2998
6042 6905
7163 6959
8534 7968
1871 1419
89 667
89 629
71 26
3149 3345
2448 2301
1593 1478
7985 7493
8569 7932
3303 2560
529 1325
5816 5606
5814 5356
9013 8818
7546 7896
10509 9684
7707 8009
7894 8231
7961 8580
9829 9711
1995 2580
5780 5790
7508 7379
21 396
5180 5058
10200 9594
5813 6666
6210 6754
5243 6063
3322 2734
8777 9260
37 629
2980 3434
48 511
44 660
8636 8473
2052 1767
7382 7631
8053 8613
10179 9938
8327 8931
3752 4271
2512 1645
8492 9152
6268 7212
55 488
4334 4050
7948 7579
9354 9835
1986 2557
5346 6117
1681 2454
9214 9893
35 365
8913 9893
4412 4857
2440 2903
573 1255
2754 2360
3064 2380
4500 4322
3314 2915
2499 2287
2961 2960
8507 8425
648 1014
1774 1444
4965 5809
3738 4534
4556 4817
3374 3466
8296 7355
9855 9889
8402 8898
43 777
8139 8660
10284 9371
7676 7496
5633 4703
5134 4707
7214 7542
7521 6952
8757 9556
4364 5318
6355 6915
4900 4405
8496 7803
5458 5346
1622 1069
1989 2503
10569 9754
8304 7702
34 876
3652 4421
5668 6026
7859 7812
1755 1316
4004 4044
9885 9178
6371 6569
4458 3677
4696 4939
4652 5207
5850 6672
5294 5470
5566 5991
4077 4993
945 1570
7488 6845
78 705
7581 8162
2533 3248
2852 1919
8337 9174
8494 8234
7064 7285
7236 7444
8452 9129
6549 7208
1358 1458
5948 6295
34 94
5560 4638
6112 6708
7228 7065
7127 6829
33 145
1906 2127
2248 2719
23 911
9678 9853
7734 7371
9015 8774
2919 1919
6488 6313
3283 2747
8675 9359
3722 3042
1591 1087
5964 6714
10098 9624
3602 2614
3371 3643
8488 9479
3339 4334
9282 8314
8623 8831
8077 8190
1256 1408
98 268
3733 2821
8306 7735
9305 9759
2336 2841
3314 2467
2970 3480
3364 3663
1550 2392
9230 9582
611 1047
14 225
2176 2185
1725 1854
6803 7328
34 887
2224 1838
8025 7950
7665 7495
9811 8950
14 737
9778 9314
8990 8423
7033 6730
3124 3334
1530 2164
4993 5769
8217 8618
9128 8312
9691 9276
4124 4781
1596 2297
2001 2829
7013 6858
1543 2466
1653 1141
4414 4868
8366 9101
9945 9620
6698 7335
7881 8317
2472 3430
3110 2511
9233 9594
8756 8200
8517 9425
4430 4741
2711 2064
5248 5358
82 316
4685 4512
75 777
8018 8696
7006 7725
5661 5879
4696 3733
83 566
6088 6637
8035 7248
8917 8237
1355 1998
8960 9103
8702 8310
4813 4388
6987 6451
984 1238
8916 8440
9519 9497
4247 4025
426 1162
3441 3562
5224 6069
500 1376
60 716
25 218
1666 2126
2859 2040
2743 3369
8616 9089
8182 7193
6700 7548
1166 1733
3954 4432
6624 7084
9813 8976
3774 3182
9169 9890
1154 1016
2320 3253
6504 5745
5491 5486
2905 2370
7610 7554
60 581
3300 2359
8945 8362
8477 8231
6575 6669
8020 7703
6430 6342
3808 4122
6751 7314
6624 7047
10375 9791
4350 3817
4098 4601
3679 3785
7519 7349
877 1032
4970 5533
54 749
4543 4771
1569 2472
7656 7460
93 681
8921 8024
8019 7822
9558 8589
30 951
1500 2469
83 911
3821 4684
8611 8351
2663 3007
7216 6670
1314 2080
4402 3628
8186 7556
9650 9780
67 110
3741 3013
6518 7252
7408 7611
6441 6277
3578 3765
3472 3403
4676 4956
2309 2793
47 855
5802 6767
4375 4831
1111 1632
1325 2287
3618 3001
8903 8544
2879 2552
8600 8954
8202 7415
10462 9837
7711 8076
3449 3050
3819 4104
6668 5852
2689 2798
9015 8481
6609 5950
4097 3627
2406 1612
40 689
3560 3222
6507 5577
9436 8819
81 410
8271 7944
56 129
9259 9011
8822 8153
6424 5583
582 1341
2434 2776
5585 6062
6826 7646
5022 4722
757 1393
13 625
3566 2853
5420 6022
2015 2271
7034 7424
84 366
5399 4824
4924 5237
8057 7581
7381 6741
6504 7078
9253 9708
5535 4867
10019 9513
9738 9734
8282 8622
9724 9030
1765 1027
4128 3499
8626 9510
1459 1765
1865 1084
2594 1643
4663 4226
9402 8585
5135 4760
38 496
10095 9895
7343 8010
6278 6737
2375 1399
1483 1323
1206 1820
2765 2256
3572 4522
775 1193
7873 7733
944 1466
6690 7280
307 1136
51 741
9275 9193
4139 5052
10202 9503
4238 3240
6844 7494
8284 8635
71 228
4576 4644
1338 1937
3354 4017
4985 5065
55 777
8117 8490
9540 9798
4057 4210
8581 9360
9175 9507
7733 8646
8288 9076
9238 9294
9395 9491
2944 3649
7342 6945
100 720
2103 2048
3467 2988
7731 7282
89 473
98 313
6322 6396
86 633
25 540
9887 9400
6610 6324
4085 3300
5491 5518
68 950
4695 5371
7816 8118
6154 6075
6794 6487
3587 3114
8578 9358
8177 8998
7817 8417
23 953
2880 2313
4281 4923
10190 9939
3902 3953
9134 8538
54 857
8840 9610
1700 1551
6930 7243
9470 9642
4943 5303
5801 6581
2647 2797
3360 2686
1541 1141
8317 9310
1745 1826
8918 8095
29 924
6832 7709
4856 5565
8939 9388
9300 8784
7311 7256
8862 7977
1574 2459
6495 6553
6825 7226
8276 7372
34 948
80 691
7038 7910
8602 9284
84 308
59 281
7431 6901
6857 6209
5889 5768
6396 6650
5928 6744
7303 7910
8056 8886
78 97
5828 5247
6977 6961
51 969
8953 9095
8446 9287
4669 4549
10048 9681
9179 9288
7199 7683
8775 8305
8375 9020
10 668
6781 7318
2314 1594
6729 6277
7613 7513
4845 5223
2183 2012
6590 7350
1628 1898
5016 5030
9747 8753
3603 2915
2446 2353
6788 7016
811 1694
6806 7802
1362 1740
1631 1320
7724 8090
1460 1106
8796 8735
4031 4307
4405 3428
6471 7084
3066 3135
2031 2413
2175 2883
2445 2186
8323 9118
5357 4921
6434 6312
8464 7709
7984 7557
2766 2540
6730 6035
3207 4134
6657 6022
9605 9165
2177 1237
100 726
2178 1182
4751 4993
2250 1606
2145 1265
8575 7982
54 960
7442 6675
8241 7965
5041 5936
8986 9780
26 136
2932 2034
2182 1912
8696 8520
7949 8751
50 799
3286 4197
76 840
5624 5648
94 186
4459 3752
1891 2166
662 1287
3612 3525
3995 4849
6421 6190
8297 8293
3395 4215
4534 5225
2821 2870
9580 9288
1645 2522
4368 4684
2599 1874
2922 3794
7712 7486
69 184
1366 2163
10593 9633
3840 3784
8824 8533
1950 2637
1444 1899
5641 4990
9689 9614
2440 2475
6313 6404
3157 2939
50 337
3376 3315
73 195
1913 2188
2410 2919
3045 3193
8934 9211
7037 6781
1715 2431
4172 4195
10090 9338
4318 4928
1227 1968
4232 3585
38 228
1613 1164
7919 8110
4712 4880
4771 4652
2844 1955
7316 8172
2161 2251
9649 9161
9212 8553
9487 9784
7433 7386
5258 4897
13 359
7216 7828
7271 7904
7909 7719
6932 6595
4140 3252
2676 1678
8748 8128
2322 3004
5253 4383
9837 8843
5084 5564
8775 9626
1610 2278
3058 2291
1092 1649
82 556
5017 5356
1629 1864
7628 7554
9110 8563
1170 1014
74 856
5233 5675
4978 4688
2555 1641
2901 2837
1899 2440
3820 4757
4620 3907
4347 4763
5388 6161
4662 4333
5799 4864
4643 5600
6205 6241
66 352
608 1412
4944 4734
82 437
8566 7932
3775 3997
75 30
4717 4754
9767 9222
6517 6659
66 359
2426 2029
1375 1815
28 69
6172 6536
9294 9239
9561 8694
8353 7574
10304 9322
58 314
4044 3568
7306 7882
9453 9679
5207 5957
4536 4718
5372 4432
6019 5482
1408 2096
7679 6958
2611 3205
4895 4322
2764 1864
9529 9865
9992 9152
8270 8203
9967 9545
9860 9855
2312 2171
3916 3093
97 767
3060 3655
9000 8129
992 1378
2598 3147
10 196
6461 6986
5327 4433
78 367
3604 4080
3454 3209
4477 4357
5723 6028
10592 9711
5639 6565
1338 2007
6444 5803
4547 4232
67 1002
10 316
2996 3274
7059 6781
9343 9208
8174 7721
7886 8581
6434 6057
3729 3204
1941 2108
838 1285
5150 5584
3961 3006
9296 8325
5696 6163
13 892
5193 5749
5671 4920
2649 1963
2238 2379
1417 1338
8397 7808
2483 2857
6778 7191
10190 9717
9028 9078
6288 5714
6626 5807
4514 4638
57 91
4551 4178
7251 7015
3349 3966
9220 8620
1928 1258
6031 5850
2458 2219
7503 8248
7772 7215
8104 7350
4019 4657
9043 8590
7708 7261
2188 2672
4864 5729
3706 3112
42 908
2675 3340
8882 9459
50 859
5396 4470
21 43
32 706
9685 9264
8311 8918
7115 6781
7337 6512
9380 9865
9530 8786
1161 2067
7937 7618
1176 2077
8858 9642
8269 7391
6625 6061
3050 2175
2680 3083
8453 8814
3272 2863
26 160
8499 8566
6782 6863
2851 3312
5265 5953
5231 4908
5060 5224
9610 8877
10828 9868
5282 5166
7327 8013
4823 5256
6948 6216
8625 8661
2730 1830
8516 9324
49 152
1606 2386
6960 6333
9482 9195
3928 4567
9388 9833
85 969
2751 3510
4497 5447
8420 8114
8740 8108
2464 3284
4769 3895
8783 8779
10461 9728
25 132
7818 7491
1501 1116
8393 7655
2133 2832
5854 4907
4645 3705
5264 5442
2826 2184
5517 6376
5071 5419
3818 3100
3101 4081
4231 3690
6413 6242
1282 1507
2735 2120
4046 3835
1741 1485
9160 9764
2901 3400
3487 3899
2027 2075
5950 5339
90 654
5426 6158
54 416
4642 3730
9454 8660
6680 5685
1426 1185
9062 8572
6931 7607
1456 1648
7258 6572
3539 3601
7938 7218
2085 1133
1549 2068
5832 5946
7464 8252
7468 7231
7150 7949
3966 3820
2328 1591
5628 4777
2685 2571
1997 1518
3467 3567
6589 6343
5415 5191
6764 6447
4068 4616
6187 6471
5922 6038
3402 3043
7335 7234
4443 4007
2338 2331
61 700
8019 8861
3375 3129
7156 7884
2698 3336
2443 2453
8668 9115
6494 6363
53 152
78 547
3077 2788
2579 2581
30 136
12 933
3282 3528
3082 2103
3051 2165
7371 7210
7704 6843
1888 2380
1489 1666
4123 3124
7091 6928
6218 6746
5620 5351
2791 1914
8883 9271
5994 5952
5387 5662
6066 6478
6080 6835
8520 9075
43 700
3709 3902
4637 5080
7184 7660
9705 8738
9930 9613
6996 6123
4401 4243
8895 7953
5113 5946
2758 3323
2425 1545
9711 9894
5736 5046
8115 8233
3228 2335
2211 1447
4551 5278
7483 6549
5300 5290
7856 7541
5686 5771
7717 6904
3612 4020
1378 1893
1941 1321
2866 3820
3450 3695
8784 9703
8841 8707
7998 7573
1187 1764
10100 9395
4649 4335
4513 3879
7430 6893
1169 2017
3794 2801
7169 7987
5005 5159
9167 8300
8121 7809
3320 3844
8872 9834
8954 9436
1885 2269
3130 2515
4571 5274
9260 9533
87 543
1179 1019
3506 4084
8757 7965
2813 2846
2587 3230
2872 3190
5170 4986
2204 2573
2412 2630
97 1004
2792 3013
3247 4061
2020 1071
7629 8272
9117 9225
9227 8534
4637 5278
2594 2441
5716 6240
9006 9999
3826 4364
2974 3085
4403 4251
4242 4668
6752 6150
1619 2578
1529 1266
9116 9437
7314 6944
6397 6016
8112 8839
520 1115
5413 6292
4834 5217
747 1065
7164 6482
8352 8901
10086 9999
4515 3827
8773 9602
3234 4143
2532 2444
839 1370
2254 3080
4351 5097
7656 7890
1460 1767
9071 9657
4756 5375
14 202
8618 9027
4520 4424
10688 9974
7416 6592
5358 4958
9145 9173
83 865
1290 1260
7667 7399
9304 8602
1194 2053
10151 9179
9497 8779
4261 3415
3835 3026
8826 8420
71 602
9081 8103
