4982
50
14778213
98 90 99 109 107 106 109 103 107 96 96 96 92 101 99 104 100 104 100 100 93 93 101 103 102 91 103 106 98 90 97 98 93 100 100 104 90 92 96 96 105 90 92 106 101 97 104 110 106 109 
-33408 -27954 -28938 -34564 -33315 -34002 -37538 -35135 -32945 -34449 -28268 -29868 -29271 -33008 -33351 -31278 -34068 -32873 -31534 -32260 -26993 -29814 -33888 -32804 -34035 -29590 -34265 -35459 -32088 -28021 -33993 -31796 -30524 -29380 -33067 -30951 -29631 -28515 -31036 -34416 -32307 -29512 -30425 -31244 -34836 -34071 -32631 -35866 -30054 -35786 
28424 24025 24788 29493 28256 28878 31891 30050 28032 29556 24121 26062 25192 28322 28107 26468 28796 28308 26727 27269 23853 25529 28655 28274 29283 25189 28975 30246 27460 24043 29139 27351 26183 25325 27944 26615 25192 24266 26239 29635 27578 25308 25864 27303 29577 28843 28111 30723 25908 30463 
7159 7467
3578 3679
4787 4046
4956 5452
6741 7065
32 917
3869 3190
7991 8989
8098 8787
8957 9027
3228 3755
8599 8156
1653 1128
6315 6345
2457 2786
7720 8139
3475 3719
4858 5507
1019 1633
5761 6269
7627 8268
3045 3099
5193 4415
4422 5222
3364 3160
5941 5616
6009 5691
3537 3071
6742 5808
10032 9151
8948 8497
3768 3343
6047 6239
45 746
8584 8858
8935 9157
5408 5916
4980 4239
7647 7179
10028 9369
1782 1177
1979 2236
85 506
7582 6800
89 732
5021 4885
7864 7800
2610 1696
3777 3693
6832 7775
3637 3291
4252 4777
7174 6895
8005 8033
7061 6284
8069 7460
8512 8563
5082 4937
9867 9560
2271 2974
5958 6539
6410 5568
8381 9348
9513 9320
7241 7987
4754 5235
8849 9221
6286 5526
8061 7172
2228 2834
6989 7307
959 1028
3045 2133
4800 4008
8490 8690
84 969
7267 7697
3171 3993
7236 6464
5559 4817
9853 9431
7554 6603
3951 4887
3026 3865
6349 5801
6914 6869
4158 4254
5977 5683
2201 1443
4877 5699
19 481
8045 9016
2539 1776
1948 2683
3057 3702
2416 1827
69 113
632 1031
60 452
6557 6220
1155 1444
6100 6309
8567 8536
5718 6003
63 791
4865 3883
7944 7261
4685 5143
4034 4219
1391 1303
93 873
4019 4728
2713 2887
7586 7558
8535 7877
3797 2936
2301 3249
1872 2434
7679 6687
3181 3562
8795 9031
4274 3783
8946 9554
10157 9630
6652 6758
8920 8304
3385 3230
9894 9394
6358 6921
2020 1340
4133 4331
7468 8366
5862 6596
2092 2844
442 1175
1715 1672
10142 9976
2820 3003
5311 5901
2598 2459
2962 3225
3769 3512
67 93
4630 5302
50 185
8544 8389
4533 4252
7070 7010
8626 7968
5166 4911
9271 8734
5856 5051
7898 8152
6714 6980
2057 2958
565 1525
3742 3600
6556 5874
3011 3385
4153 4710
9893 9082
3918 4208
31 255
9816 9782
1499 1239
7522 7556
4726 4410
7834 8351
1600 1797
10142 9181
5918 6673
4208 4909
950 1544
6360 6069
8697 9458
9417 9241
1190 1282
82 78
40 793
4643 3931
8448 7578
5806 6224
2981 3232
1561 1404
3177 2819
2296 2569
2040 2736
3469 3782
942 1639
3713 3564
77 170
9123 9410
2161 1307
5544 5043
9190 8516
2834 3002
54 559
5112 4186
54 547
2624 3333
8992 8146
7971 8189
7039 6728
8306 7530
3517 3713
4694 4498
2785 2977
1646 2080
22 926
5482 5370
2534 3512
3099 2883
8693 7818
3060 2460
8692 8619
6143 5417
5047 5500
9759 9722
8652 9092
3174 2737
5321 5452
4450 5240
29 311
9170 8370
39 582
39 459
6252 6028
8531 9463
20 325
5613 6363
2194 2441
3663 4102
3142 3406
4220 3976
36 138
2357 1618
846 1171
3453 3972
2786 3304
75 1035
6902 6493
5155 4265
28 952
21 626
8689 9331
4642 4661
10249 9532
6441 7078
6975 6261
7557 8224
2344 3087
9851 9376
6061 5318
4006 4680
2025 1869
24 479
3351 3619
60 337
74 157
6547 6930
8568 7686
6199 5925
1597 1100
58 645
4644 4272
5615 4658
7812 7119
9557 9127
5363 5920
3043 3469
4717 5513
8838 8236
2360 1510
5248 5304
1364 1899
8705 9692
3758 3573
7113 6890
5810 5832
9234 8788
20 457
9453 8488
2039 2866
9761 9884
5821 6160
24 81
2775 3118
8681 8788
1070 1847
8583 9131
7668 6817
6160 6813
4689 3861
10033 9324
8240 8636
21 293
6485 7348
14 192
1910 2232
4892 5280
8703 7835
7634 6933
4583 4206
8374 8370
3650 4012
1124 1349
7217 6594
7782 7672
7881 7378
9534 9737
16 867
375 1110
2288 1322
9630 9054
6246 6895
7222 6874
1859 1262
6674 5926
4139 4282
50 1009
32 538
5017 5139
3810 4566
3081 2744
8697 7920
3723 3399
7919 8398
9627 9797
8968 8728
6247 6739
3891 3252
8101 9087
2668 1799
2259 2057
681 1466
4585 3884
2320 2274
2973 2980
3800 3799
100 410
25 625
1567 1634
375 1197
7639 8243
9851 9016
10124 9401
9517 8714
2230 1391
2600 2774
7795 7521
3142 3062
7903 7862
4064 3187
6832 7252
2424 2162
72 548
3174 3054
44 517
2709 3054
5795 5078
4236 3299
8112 8450
8072 7730
2608 2822
4741 4532
5727 5865
8876 8340
6037 5294
3628 3062
2904 3885
66 289
90 137
40 721
2079 1702
3782 3218
9412 9946
5625 6575
5731 6727
5317 5353
10075 9821
6279 6136
3944 4857
3545 4454
6061 6920
7856 7260
2278 2864
3171 3750
59 444
41 647
8979 9400
7783 8109
10146 9519
7117 6708
3366 3783
2376 3009
9724 9402
5972 6776
6077 6981
4801 4778
2646 3560
5943 5395
8410 9305
2319 1470
34 180
9176 9541
3995 3342
4438 4699
5278 4541
4644 4726
6881 6092
4793 4564
2641 3215
4297 4556
7768 7846
2828 2677
3354 2671
79 958
2190 1239
5292 5850
7809 7387
26 95
5930 5583
5084 4769
31 583
2261 2757
8496 9186
8633 7894
4999 4448
10120 9320
6196 5492
5574 5133
52 246
3555 4189
8587 7649
3764 4631
6900 6943
4150 4193
2340 2416
8848 9310
7326 8086
6347 6908
100 227
2597 2246
1300 1185
8928 9153
4050 4566
73 118
5637 6292
1566 1956
9538 9370
3069 3481
8172 7317
3706 3473
5135 5902
1824 2288
3993 4108
70 466
4762 4363
5442 5926
1805 1492
8245 8545
7895 7453
5033 5821
2766 1902
14 770
7386 6999
2465 3261
74 428
6580 7268
9310 8515
26 230
4944 3952
1001 1522
4990 4163
3803 3349
57 196
7684 7552
3750 3169
6088 5765
6005 5718
2662 2789
5145 5299
6764 5910
72 974
4868 5129
6854 6857
2388 2272
8440 8825
7345 8334
10687 9716
5869 4946
7478 6534
9341 8588
3809 4680
7021 7909
7675 6750
8136 8041
9659 9688
3696 3244
2769 3260
2975 2084
45 295
6089 6352
4071 3195
2678 2815
5212 4487
7300 8105
7139 7167
3779 3335
8719 7856
2050 2220
7105 6886
3323 2728
9074 8816
5880 5729
5782 6621
1854 1755
2090 3004
47 377
62 106
47 1032
3842 4106
5915 5236
3515 3042
6743 6438
6759 6633
5002 5402
6057 5453
2138 2663
44 126
2516 2315
963 1951
7032 6516
9822 9550
6108 5262
7166 8135
8254 7354
4198 4527
6887 5944
10625 9995
10681 9929
2115 1117
3291 3842
6726 7138
1057 1326
44 361
5087 5407
8242 7339
4602 3776
39 199
6951 7823
5509 5103
2993 2347
25 582
5000 4832
6278 6628
9677 9083
9619 9793
4698 4650
8670 7920
6653 5959
4713 5371
100 191
1320 1381
9306 9853
5243 4668
3171 3024
6597 7296
3670 3812
3818 3852
4170 4712
9573 8627
2394 2034
6125 6548
5633 5739
2497 1557
92 906
4997 5693
7847 7402
8748 8711
5851 5942
990 1249
1563 1088
7913 8731
54 523
8407 8280
8968 9253
700 1263
9042 9804
4023 4471
1058 1557
7105 7935
8402 7798
8093 7907
1880 2652
7041 7374
320 1275
6238 5955
6403 5464
6558 7158
2497 2000
8699 9009
3607 3574
9414 8857
4551 4471
5760 6230
1563 2517
4181 3997
2435 2660
5062 4741
1571 1399
9686 8901
16 567
5853 5068
5821 5741
4442 3480
6012 5891
4560 5493
1422 2251
1795 2555
5779 5822
1390 1593
6043 6256
4759 5577
5379 6059
4275 4419
5052 5759
4479 4163
3474 3218
3032 2756
9679 9086
7376 6655
24 622
17 393
2549 3263
959 1917
9459 8677
3678 4268
29 92
8933 9927
5932 6601
5815 6650
2090 2534
10817 9817
6327 6175
4610 3757
8342 8674
3983 4649
2015 2664
2571 3308
5183 4606
9050 9832
9757 9453
4153 3659
7711 8432
9211 9640
4906 4933
5407 5537
9017 9970
9999 9633
10320 9416
8162 8769
5922 6780
9191 8818
6748 5853
7290 6572
8884 8853
4630 4914
5482 4518
2980 3389
5476 6123
4490 3920
1828 2150
7518 6761
5216 4705
9391 9456
1722 1077
9418 9971
6281 7272
2914 1977
8208 8177
1943 2626
3058 2330
1778 2692
7294 7155
10777 9803
3147 3589
3179 3900
4188 4476
2642 2876
3702 4507
19 857
6166 5300
6964 7196
6252 6691
8832 8154
9596 9335
8344 7780
2768 2427
7152 6239
2525 2170
2681 2201
8572 7799
4724 5488
6633 5760
2721 2007
6240 5782
7815 7535
2595 1660
47 222
54 782
2228 3129
4713 4166
3090 2408
8870 9386
7910 7201
7874 7844
6605 6852
1612 2334
3741 2898
5055 4563
4950 4274
8886 9624
3331 3318
5951 6570
9312 8673
8638 7969
7813 7138
4751 4012
3445 2667
7307 8015
444 1145
10 132
6165 5616
9124 8398
4120 3236
7668 8116
9157 8814
5643 5321
4845 4130
7626 8563
4575 3635
7745 7385
4847 5679
2433 3071
3524 3236
3948 3722
2445 2840
4549 4549
8005 8667
4002 4203
8120 8918
10016 9717
4219 4245
2414 1592
4629 3940
3187 3009
8192 8328
3261 3836
3180 3125
3550 2915
8587 7862
23 763
6371 6746
2031 2215
1011 1043
7031 6528
7911 8805
9090 9540
7353 7454
8202 8618
6880 7266
3553 2703
761 1060
87 746
9987 9815
6821 6241
100 27
6695 7339
3302 3555
1642 2315
9221 9540
7203 6212
7579 8319
3051 3676
8204 8516
2692 2320
9756 9279
2993 2574
2722 2596
34 948
7603 8388
9829 8876
4476 4552
1128 1854
9791 9922
5526 6374
6174 6377
3155 3975
2253 1590
7857 7194
26 625
7012 6217
1911 1957
2622 2097
7881 8086
10116 9922
1246 1298
7756 7838
7301 7527
9930 9685
4165 4627
5520 5934
3501 4068
35 870
8489 8563
7262 7856
3381 4373
7860 8445
5353 5940
1955 1836
4496 4877
8371 7776
499 1087
3304 3431
5657 5934
1333 1329
4755 4797
798 1017
3960 3338
46 498
3975 3279
7486 6898
1161 1609
6059 5406
4710 3958
8806 7839
363 1263
6778 6171
4201 4594
6386 5726
42 896
2502 1612
1894 2852
5402 6079
14 137
5482 6304
7109 6441
1108 1321
4888 4929
2827 3477
2765 2373
52 649
493 1357
7761 8717
9521 9318
7635 7605
6796 6186
7741 6988
3199 2339
3883 3760
2033 2037
39 198
10187 9811
5734 5269
5007 5036
9001 9260
3029 2824
5583 5369
8051 8387
6484 5652
4676 5439
8531 9208
4164 4360
2468 2991
945 1480
9911 9933
5097 4522
2554 3277
3204 3315
8341 9120
4168 3629
6438 7295
4695 4499
2895 3594
7148 6631
964 1702
4371 3456
9072 9369
6226 6632
2905 2259
1312 1180
1520 2355
8994 8615
63 226
634 1386
48 40
6054 6492
4013 4938
5644 5202
96 214
6902 7800
10509 9882
8965 9784
8056 7622
5218 5053
5042 5361
8915 8239
2745 1834
7508 7025
8413 7927
974 1198
7392 7083
6187 5356
7253 7255
5875 5098
9090 8485
4064 4333
3866 4130
8750 8137
26 980
9572 8695
3976 4773
1716 1883
4630 4720
5242 5630
7413 6753
23 713
36 281
5556 5503
5843 5029
7321 8271
51 429
8415 7653
3110 2820
2904 2701
8735 7857
6634 7623
8417 8182
9052 8643
3737 3468
7077 6783
1118 1152
87 418
8431 7690
2352 2841
1657 1710
3641 2986
473 1367
8963 9023
457 1246
7093 7084
6288 5470
3500 3127
1983 1892
4637 4105
6595 7577
7048 6771
5811 5707
575 1039
5699 6399
8818 8968
10646 9859
9318 8679
1154 1494
7675 7971
8632 8302
1465 1433
8074 8862
8927 9579
6892 7280
4567 5308
8832 8034
9472 9090
7593 8437
2897 2790
2014 3005
5313 5515
9268 9032
7614 8008
4344 3558
10164 9567
8431 8497
8777 9679
1935 2277
7757 8264
5375 6292
8172 8562
2138 2705
6519 5736
5328 6059
6076 6251
18 757
9099 9774
7723 7358
4141 3356
5421 5696
35 342
5385 5245
6260 5692
6332 5648
2592 1957
7484 7941
3918 4138
7411 6897
4663 5094
1613 1183
7228 7803
7510 7676
9956 9417
8758 9643
9277 9107
7701 6969
5651 5471
6867 6840
2573 3525
2998 3121
2616 3439
8219 8428
47 661
5153 5087
25 414
7156 7686
6623 6371
9162 9178
1762 2681
4850 5603
4789 3957
71 675
6226 5431
3411 3720
3913 3269
4099 3935
8201 8337
66 485
817 1346
9254 8426
6935 6846
6843 6945
8751 7922
2997 3282
97 539
74 274
1547 1732
99 943
7938 8351
7033 6764
7257 6721
4932 4753
2204 1605
10379 9530
3097 2677
3684 3666
64 202
7973 8972
1739 1792
9351 9170
4987 4639
4697 5446
9543 9382
7708 7166
100 959
5180 5438
2447 2860
2453 1490
2676 2260
2291 2298
3757 4747
37 187
4776 4976
58 870
7018 7164
6169 5900
974 1430
7722 7063
9522 8528
4214 4660
43 499
8466 7558
8809 8452
8923 9780
3967 3846
4967 5450
3002 3720
6298 6802
9808 9652
8100 8692
1791 1076
2779 2025
9177 8809
8037 7697
100 149
1407 1816
2016 2671
7462 7187
2468 2098
62 576
4778 5443
563 1344
3262 4050
5716 4743
2019 2554
4825 3946
7787 8013
3502 3310
21 867
7522 7261
2740 2104
4486 5290
6189 6281
9332 8904
3335 4230
1985 1070
2426 2503
8181 8991
7237 6629
3903 3773
4364 4284
1737 2312
3668 2708
8562 9324
9510 9235
10449 9749
8509 7865
699 1035
10449 9766
4655 4282
5223 5228
7010 7224
89 777
7653 8114
5175 4877
4876 4802
4289 4760
2466 3305
5265 5705
6408 5598
3671 4020
3959 4870
2551 3524
6633 6576
9173 9015
1857 1066
8415 8971
8202 7332
2475 1510
3401 2856
8788 9284
2619 3448
9369 8883
6320 6231
1810 2178
1540 1995
4362 5047
4542 3669
8181 8624
659 1393
9906 8975
8283 8760
4297 4998
31 27
6976 6862
3620 3650
834 1461
5432 5785
6873 7061
7937 6973
1587 1166
6370 5793
33 524
6845 5946
65 229
99 946
3637 4394
7282 8280
1561 2279
7002 6207
6178 6182
6342 6059
6171 5824
44 234
8345 7897
6106 6019
5878 6222
6428 6960
2558 2650
89 317
4480 4801
89 932
1491 2292
665 1378
8046 7628
10318 9910
8135 8014
2381 2812
2759 3534
1506 2236
1416 1956
4199 4000
4185 5096
2579 3457
6232 6855
6081 5707
4458 3593
7870 8133
8056 8530
911 1858
5429 5493
35 957
9621 8955
84 400
8061 8114
7438 7419
32 995
3224 3318
1331 2292
8059 8924
5113 4595
6828 5993
5477 4860
38 728
1963 2564
6767 6164
3507 3515
3253 4129
6795 7789
4795 5433
9421 9459
8006 8379
9690 9246
8116 7858
4167 3692
10041 9058
4783 4221
68 410
3015 2697
3793 3902
3579 3013
9823 9739
7301 6642
2336 1813
2127 1812
6954 6883
9143 8154
8657 9196
7989 7334
4997 5900
3966 2979
5833 5937
3454 3551
4194 4887
2322 1927
9077 9398
7553 7624
879 1462
4393 4519
2508 3129
3946 4769
3787 4129
1915 2459
7995 7509
3622 4136
3087 3643
67 782
1805 1875
80 217
1760 1839
49 808
3322 4028
4848 4637
4946 4178
63 513
4754 5697
10151 9497
10046 9058
6722 7644
81 445
5032 4180
7331 6872
4275 3865
5312 5350
5809 6598
4498 3627
6541 5809
7019 6899
5385 5916
76 690
2501 2415
3402 3939
1521 1694
8124 8962
700 1613
4068 4287
8853 8211
58 744
2343 2420
5033 5728
6049 6424
1700 2127
836 1764
9360 8425
10231 9668
4429 4932
2880 3631
8108 8481
8058 7245
9319 9962
5904 5880
3990 4249
5441 4483
3184 2348
9220 8582
3869 3250
3234 3039
8407 7422
4021 4599
3368 3405
7302 8243
7495 7846
6217 5644
90 842
1415 2098
1148 1543
7805 7560
5139 5413
1977 2881
2504 2289
5337 4476
4307 4695
7085 7895
7095 7775
8182 7242
5063 4203
87 165
9991 9228
3519 3948
2041 1045
3936 3276
8864 9353
2572 3345
4397 5122
5233 6216
6416 6342
1600 1378
7036 7460
91 809
3635 3410
5019 5634
4168 4073
5275 6254
548 1184
6566 7045
67 98
6402 6298
3853 3652
11 540
5688 6150
9408 8665
5944 6835
2112 3109
5956 6461
6156 5451
3751 4600
6221 6654
8976 8166
3683 3205
1886 1013
5874 6334
1996 2916
6663 7149
9167 9824
1211 2066
7556 7503
1435 1629
9505 9715
10174 9199
4710 4862
77 964
2120 2673
8354 8817
3665 2884
8259 8739
9466 9416
7819 7707
5560 5185
7866 8636
6357 6288
2968 2241
8422 7485
1504 1979
6449 6203
40 856
9031 8090
9480 9284
3977 3932
6508 5829
2484 3445
9023 8841
2953 2458
8547 7630
46 771
5227 5585
8477 7538
4290 3417
8620 9091
1586 2455
5972 6633
7311 6730
1097 1156
2698 2141
1219 1750
4715 4427
1455 1076
3157 2943
4636 4219
1383 2052
5585 4937
9454 9316
8638 7683
6989 7852
9684 9096
4000 3958
3518 4253
10085 9537
3591 3615
6588 7363
2317 2592
4456 3690
9173 9837
3879 4253
7256 8133
6845 5987
9360 9412
2624 3519
6754 6189
6954 6184
6630 5928
5720 4944
1895 2255
2878 2308
4486 5024
4955 5019
8583 7794
14 786
7782 7042
6404 6158
7013 6086
6746 6958
4653 4426
8019 7126
5567 5194
7307 6910
2345 1785
7830 7496
79 218
7919 8580
10639 9872
55 992
7876 8464
4945 4913
37 20
5608 5034
6769 6066
3367 2893
2203 1889
4418 4509
5448 5581
6049 5400
8889 8438
4166 4330
9098 8521
47 737
3320 2908
9204 9912
79 483
8270 8547
7354 8307
5239 5324
3956 3639
7932 8161
4594 5128
3847 3838
2977 2452
4246 4281
3923 3816
5789 6642
5476 5389
3466 4461
9092 9961
10285 9501
8233 7820
9347 8376
679 1184
6533 6732
935 1184
1432 2253
9594 9451
9801 9356
1482 1503
4128 4200
6747 5924
3356 4096
1051 1636
3524 3051
1727 2652
2915 2001
5656 6492
1465 2094
3516 2950
9449 8495
2130 1424
2691 2126
1775 2311
7802 7207
3920 4679
5093 5955
983 1248
2569 2808
6804 6034
9567 9048
5703 5850
9829 9365
5212 5974
1615 1528
2317 1613
6969 5979
7687 7531
7060 6436
1669 1841
57 913
7224 7405
3230 2957
1722 1623
5474 5808
5906 5882
371 1210
9453 8683
9276 9576
1780 2045
3048 2354
97 29
1616 2239
1808 2259
4105 4667
8713 8176
3164 2450
1979 2571
6449 6957
5413 5897
1872 1867
8065 8997
7030 6099
60 30
2620 2280
5485 5646
9542 8745
7381 6849
7689 8420
9215 9190
6243 5585
6289 5724
50 361
5319 5931
3776 3143
4279 4866
7904 7211
5406 5160
1486 2154
2661 1751
3602 4051
1763 2460
1849 1830
2066 2153
2611 2226
6778 6422
5403 4740
7562 7266
6949 6256
7980 8584
48 469
3577 3719
1505 1779
4145 4423
44 236
10148 9495
3905 3932
3767 2991
5981 6487
7273 7790
1088 1837
5540 5937
1981 1281
4124 5002
4225 3662
3404 3413
1228 1403
3905 3830
7058 6088
10358 9627
9480 9102
6241 7005
8480 8839
6008 6285
1873 2023
76 542
5834 6577
6866 7713
1185 2140
2240 1316
3273 3501
9279 8929
1015 1341
1033 1054
4335 4911
9945 9907
91 233
221 1084
7940 7899
8192 7766
8607 7861
6981 6642
6933 6875
33 275
7887 7390
745 1715
4533 4912
8404 9043
7154 7310
9879 9526
65 570
9968 9931
990 1016
7666 8568
9058 8194
1322 1385
4356 5353
5119 5148
5834 5936
85 520
3974 4023
7764 7046
7895 7094
6190 5392
4505 3930
5999 5168
3766 3583
5800 5337
47 837
4692 3799
4712 3996
1432 1584
9313 9524
7277 6420
12 712
17 991
4444 4540
7250 7032
5632 6394
5550 5514
8074 8344
4873 5192
5598 5498
4162 4806
9121 9744
1089 1132
5410 5669
2831 2142
3724 3326
9980 9444
10128 9813
3065 3692
9541 9737
84 615
6709 7301
645 1287
2687 3635
3828 3063
3815 2921
8803 8996
71 625
10305 9792
1997 1536
6019 6672
7116 6294
9772 9762
9581 8594
6486 5604
9497 9094
4513 4424
8329 8655
3466 3043
9509 9530
6186 5701
1030 1699
7342 7259
1979 1324
930 1014
3525 3259
2049 2426
3220 2657
8504 8797
6654 6428
5446 5438
6488 6172
9830 8890
7039 6971
2562 2555
2349 2262
10 406
8403 8747
5576 6303
8492 8698
4694 5596
5329 6164
6581 7339
3939 3411
7213 7642
2929 2478
4906 4258
7969 8311
3101 4091
3435 4127
5907 4972
7387 6418
1216 1617
2165 1811
9069 9488
5713 5296
3326 3404
5932 5668
10 296
10199 9904
4274 4083
2598 3542
2366 1648
3625 2909
7017 6418
98 127
9873 9927
2876 3692
5749 6220
2297 1949
3175 4054
3059 3876
7994 7985
52 874
86 342
4458 3580
2170 3115
7655 7376
60 777
4158 3938
1375 1313
9373 9658
8978 8926
6538 6098
1745 2078
1676 1412
5053 5876
2438 2791
2978 2637
4176 5027
8411 8329
437 1130
5209 5397
1106 1388
4215 3697
8508 9189
9332 9520
3115 3509
3913 2968
6598 6594
3969 3954
4615 3784
5207 6049
3522 2832
6296 7169
6352 6510
9898 9261
4259 4924
907 1515
1006 1806
9007 9830
70 709
5779 6045
7451 6798
54 321
62 638
8835 8946
1120 1782
9233 9286
8427 8730
1795 1171
5661 4936
2108 1901
1589 2535
5403 6218
8179 9127
9538 8793
4637 4807
8977 9263
10813 9942
2346 2927
6497 5739
7832 7255
6087 5821
7385 7129
3715 4562
7400 7044
7708 6950
5843 5832
5316 4706
6919 6571
7061 7881
3482 2544
1591 1305
6172 5625
1776 2012
6461 6166
6139 5508
7111 6803
9973 9063
82 486
4256 4958
2128 1519
4923 4119
8938 9485
4719 4060
7032 7236
5054 4873
10636 9755
7076 6532
8595 7674
1200 1964
9495 9326
6426 7007
5343 4414
2752 2217
3610 4023
9158 9048
3777 4030
5274 4866
10738 9810
3675 3292
6283 6348
9500 8821
4832 5211
51 635
81 821
1330 1488
7089 7761
7437 7635
42 909
4800 5489
1798 1557
5997 6216
9597 9386
6918 6403
36 493
2233 1717
46 835
3261 2517
5446 5407
1583 1708
4826 4554
5611 5348
21 11
7807 7601
5127 5020
1767 2599
547 1217
3347 2819
7231 6597
3560 3969
7019 6254
4863 4975
32 911
4962 4485
6943 6074
8605 9095
5044 4611
6172 6348
4910 4830
2319 2924
9426 8666
14 844
5531 4535
9302 9588
8677 9267
9692 9070
9232 9835
1134 1667
1598 1777
4199 3741
1397 1563
3330 4024
4345 4317
996 1491
3747 3842
786 1443
3606 2674
4188 4846
9088 8114
5348 5503
3180 4139
3693 4133
8442 8906
8407 8171
228 1072
52 809
4086 4229
5586 5235
1546 2321
8128 9068
8418 7663
4264 3479
4741 5449
5627 5742
9478 9290
5466 5258
3639 3662
1771 2308
6510 6817
4622 3761
61 702
3109 3175
8235 8283
70 389
6216 6633
2225 2924
21 383
1904 1519
6409 6050
8264 8452
60 62
7826 7251
6544 6694
6719 6229
2575 2901
8699 9279
8006 8724
3776 4267
3735 4699
4873 5083
7656 7797
4896 4499
3943 3346
8746 7838
5895 4936
1670 2393
3180 2998
7843 7527
1882 2278
6678 6097
2493 3445
7217 7728
4943 5592
3143 3616
4743 4373
1697 1088
7933 8244
40 827
5256 4725
4576 5526
5758 5395
6505 5837
2910 2290
2883 3430
5863 5103
5450 5250
5260 4531
3534 2712
3694 3603
4176 4039
3196 2564
8969 8067
3356 4341
1424 2324
90 98
5983 6243
5636 4849
2356 2674
7470 7560
8843 9210
9473 9916
4800 4006
4438 5437
2112 1757
5139 4249
8963 9540
2185 2837
9682 9434
9577 9377
7284 7881
5594 4629
7519 7457
2780 2151
7588 7148
3364 2690
3551 2658
7776 7195
2617 3219
8076 8180
1226 1958
4515 3969
4579 5044
72 598
5845 5271
5303 5005
4966 4570
3304 3695
6649 5743
7408 7377
9576 9720
1303 1355
8157 8270
6304 5553
1338 1051
7005 6492
7586 8108
3481 4027
3617 3550
8841 9414
1090 1421
1626 2620
5626 6246
10599 9762
1138 1105
1806 2402
6587 6160
1970 2735
7214 7753
8956 8225
3237 3299
4539 5096
7016 6479
6589 5652
1356 2088
2265 2449
2456 3451
2357 2641
1612 2232
4766 5689
5415 6186
31 648
7548 6727
6250 6554
952 1790
3993 4560
1713 1416
2303 2468
3999 3247
5136 4492
7467 7192
2877 2716
4572 3737
8138 7817
7455 7969
8163 8322
1951 1814
7272 8102
9997 9699
5774 6320
38 459
1050 1883
92 987
3797 2911
10230 9846
87 575
4037 3330
5015 5601
9915 9381
9287 8827
2753 3617
1603 2477
2347 2953
7866 7404
4664 4798
56 847
1646 1694
8086 8685
592 1554
9489 9978
5702 6156
2754 3692
8239 8043
5493 5953
5961 6684
7157 6209
6861 6679
4998 5448
1081 1601
7105 6573
3391 4325
3360 4094
23 668
410 1146
2657 2966
6418 7186
3986 4751
4913 4817
23 776
79 499
2504 1912
2821 3459
9745 9066
2002 1820
5769 6162
5578 5542
5178 5339
4491 4707
7489 8189
3292 3082
59 205
5444 5226
8516 8490
8516 7884
6093 6389
2988 3111
9153 9918
5787 6494
100 240
2288 2796
2983 3611
1152 1304
10198 9479
5314 5375
38 559
3142 3486
6118 6422
8581 7984
986 1345
2313 2564
1876 1433
2384 3342
66 564
8783 8044
6762 7253
4972 4242
1749 2253
6732 5933
8731 8932
7675 7037
1604 2021
60 948
5543 4864
8289 8219
10119 9988
7674 6760
4151 3572
6801 6610
6344 7238
5961 6960
8738 8714
97 568
2848 3623
5788 5320
2285 2125
8278 8326
9352 9929
9188 9067
4164 3987
9821 9207
87 685
8071 7293
3722 3793
3070 3080
1162 1177
42 623
2877 3336
9236 9870
2132 1330
10633 9947
4885 4098
9299 8963
397 1296
4131 4603
1033 1404
9127 8341
5981 5577
7087 7369
8083 7669
2817 2460
8035 7957
5006 5668
7466 7141
7847 7012
4887 5628
87 929
5980 6405
51 809
2483 3235
5849 5353
1590 1091
4621 4203
7815 7761
6602 6974
2805 2347
4207 4081
1783 1898
3425 4097
5428 5043
7395 7524
10144 9576
56 109
7120 7224
4375 4452
8349 9321
7796 8767
8563 7620
7981 8272
843 1396
4849 3921
6376 6568
3289 3791
3926 3590
4709 4748
5562 4798
5767 5061
10188 9253
4887 4397
6155 5207
3882 4716
9073 8661
6116 5825
8117 7635
4531 3732
8216 8614
6903 6424
1390 1520
6349 6986
2106 1460
8095 8713
47 809
4197 5073
4017 4177
5997 6864
4122 3387
7178 6970
4172 4107
62 345
9447 9357
3083 3445
4026 4153
7961 8201
2826 2835
3998 3926
74 412
7917 8185
3741 3672
9735 8893
7972 8123
3757 4345
4067 3818
2743 2138
3212 2585
1658 1558
5170 5176
4247 3284
4275 5250
9936 9434
4527 4374
8240 8078
3748 4457
6036 5572
2597 2375
7142 8115
9892 9640
53 251
4552 4240
3071 3235
1174 1607
66 16
7709 8585
1552 1856
8042 8449
4823 4005
6257 5494
21 999
5014 4368
91 84
8140 7977
4562 4777
7180 6593
8487 8140
3726 4721
6794 6381
7085 7434
9065 8647
549 1094
7557 7769
6489 7406
4919 4902
6225 6270
3433 4177
1989 1544
3477 2632
4733 4261
7935 8448
5774 6387
8313 8135
2592 2420
2956 2063
8637 7707
6874 7812
8911 7957
2906 3098
9598 9555
8844 9732
37 671
3435 3929
2718 2193
9232 9242
5868 6618
7197 8152
43 514
3973 4157
9467 9388
2140 1606
1789 2491
5845 6812
5153 4263
7693 8421
1637 1060
6693 7457
67 315
5861 5425
95 829
9443 9205
4786 5021
627 1435
8219 7947
7749 8311
5779 6457
6105 6817
5863 4927
8315 8136
3924 4318
54 543
2326 1588
27 614
5482 5082
9273 8948
4935 4074
6384 5715
89 948
8622 8357
5963 6266
2472 2984
3083 2809
9376 8891
6750 7372
7331 7442
10671 9702
3476 4141
3374 2418
3994 3162
90 462
2144 1159
6783 6715
3558 4281
2127 1435
4091 5073
4587 5452
45 770
8965 9481
1262 1325
3557 4260
7547 6585
6944 7392
8276 7324
6739 6869
84 579
4528 4884
23 290
91 537
9391 9871
7533 6972
1800 1303
1337 1657
7807 8523
1335 1214
3412 2767
9059 9990
6700 6694
3067 2847
6703 6200
9630 9921
8072 8061
4656 4151
5769 6166
5815 4885
8526 8654
80 762
1888 1873
9261 9792
8897 9594
2391 2693
6371 7265
5666 5782
2258 1540
2113 2491
2764 2517
2755 2206
4741 4264
2275 2935
9522 9966
3210 3761
6997 6258
5039 4865
2234 2691
2398 2439
6660 5927
7942 8803
1900 1971
6994 6718
5582 5110
1733 1598
5814 4891
5018 4035
9808 9295
8095 7493
1595 1630
5482 4872
71 804
3211 2673
4964 5781
61 181
3716 3118
4368 3406
5286 4368
5680 6233
656 1264
94 62
7904 8754
4893 4584
7954 8500
9191 9942
4164 4933
9693 9387
4682 3953
7704 8307
6892 7821
4140 4994
1839 2555
10296 9676
7517 7342
5280 5354
5422 6231
8621 9003
4539 3812
8689 9116
6610 7060
5492 5030
1487 1091
5844 6132
2630 2933
7226 8221
1150 1513
8495 8165
3316 4312
4559 5219
4326 5155
7383 8265
3156 4101
5125 5667
4052 3774
10512 9724
8140 8719
8799 9360
5733 5438
6587 6966
484 1163
10094 9470
6677 7594
7712 6718
2843 1922
8213 7945
4334 3852
6902 5909
62 371
3830 4340
2189 1844
7040 7759
1962 2572
3881 4384
5077 5928
88 480
2255 1449
3617 4227
7799 7925
2172 2624
52 543
4730 4481
9751 9077
2659 2753
6991 6612
1391 1275
4998 4020
7823 8453
7609 7517
7273 6292
2709 2751
1208 1447
8222 8913
6031 5836
6654 6916
2077 3056
1723 1830
6918 5957
70 417
8743 8142
2933 2117
5059 5932
8404 8408
7508 6847
9218 8972
41 750
8349 7974
3873 3987
6012 5174
2837 2681
5065 6048
8592 8077
456 1253
8393 7989
19 433
58 117
1581 2399
6862 6836
5281 5935
8314 7405
2434 2275
1873 1174
2083 2021
8910 8591
5377 4818
8358 7365
1735 1531
6276 6432
5726 6473
10048 9863
8068 7829
4307 3875
8376 9329
2240 1913
1859 2043
8881 9367
7768 7035
8638 7854
30 228
2865 3443
7700 7814
3196 4021
21 314
51 661
7695 7139
5115 4262
1509 2196
7250 7618
2005 1092
1396 1427
828 1241
1876 1632
70 241
5133 5388
10343 9979
4146 4786
8813 9811
3782 3384
4943 4371
3844 3743
3614 3616
8032 8250
4738 4957
6698 6741
8821 9047
2717 2940
9940 9144
7763 8172
2489 1491
74 586
5346 5933
10638 9670
5517 5480
9034 9506
3267 3064
9208 9079
4457 4500
9722 9466
6684 7587
4560 4969
5443 5551
9204 9040
2830 3808
6662 6783
697 1671
2432 3208
997 1157
461 1213
4880 5480
8005 8292
7824 7129
46 925
7039 7437
3277 4110
5725 5650
8713 8849
5422 5385
4098 3151
8762 9107
4969 5678
5741 5276
4555 4286
3803 3717
4134 5014
33 152
4650 4796
3482 3507
6107 5151
6751 7704
6415 5614
3892 3164
1179 1356
1313 2037
4051 3230
7344 6910
9739 8990
3358 3768
78 140
7562 8514
9429 8738
8099 8997
3929 3107
6734 6647
4838 4111
6259 6803
5698 4885
88 780
9105 9365
41 855
8171 8289
1518 2200
3205 3540
2146 1265
8951 8309
9426 9347
89 294
10393 9849
9488 9681
8787 8337
4325 3495
2901 2347
8623 9013
804 1134
8376 8653
9470 8868
3801 3780
9018 9588
7971 7887
509 1173
3048 2131
3837 4313
1216 1455
2254 3099
3878 3112
4229 3978
7458 8421
1937 2765
4960 4043
6695 6689
8809 8365
10094 9967
10302 9523
7963 8234
6235 5485
2672 2557
1976 1015
6223 6776
6358 5955
4818 4800
1275 1048
8322 7570
1830 1726
5114 5082
6749 5818
4399 4818
49 332
7819 8610
5757 4786
74 627
45 839
7849 7450
5313 6176
2470 2982
3033 3845
3682 2952
5652 6440
1721 1506
9048 8890
10235 9667
4115 3262
10151 9893
3073 4072
9455 8906
21 153
2600 3536
1880 2798
5556 5230
9192 8979
595 1271
10865 9938
65 624
6464 5594
2647 1878
1967 1206
6616 6779
73 896
7410 6985
7260 6271
8488 9188
6641 6411
4741 4217
8246 8940
8089 8536
7932 7146
7256 7762
9110 8296
1186 1311
8761 9045
2434 3320
2188 1695
6512 6702
7164 7271
6963 6861
3918 4838
3187 3262
6506 6148
5961 5032
6341 7087
4303 3700
7266 6639
4350 4637
2203 2728
19 280
7666 6872
6564 7312
45 930
2018 2588
10087 9467
9093 8774
7687 7462
44 726
6285 6650
7330 7764
7755 7532
9427 8541
8234 7621
2785 2840
87 171
2231 2917
5504 6483
2059 1541
29 681
3972 3894
7897 8421
7030 6436
8930 9812
3213 3917
5433 5565
2254 2438
3154 3859
1785 1854
1925 2578
6881 7384
10626 9872
2458 2536
18 134
600 1185
9047 8627
2671 3181
8895 8254
8669 8280
2344 1517
8164 8989
9482 9951
4384 3414
1759 1140
3919 4750
8729 8900
5060 4074
3708 2868
2084 2156
59 129
1215 1942
5628 5168
6279 6388
6396 6733
7908 7120
9587 9378
8233 8467
4308 4373
3542 2957
9265 9704
5056 4551
68 529
90 908
10105 9898
42 137
2353 1647
8855 8293
9706 8853
8551 8173
4754 5388
4796 4810
2654 2627
69 674
8102 8195
2283 2848
6839 7169
2787 2533
6531 6156
4297 3444
5609 5955
50 547
2000 2855
7103 6284
8932 9514
8913 9098
9090 8646
5470 6034
6465 7086
8109 9061
4938 4389
10298 9501
8430 7700
9526 9021
3488 2914
3565 4281
7260 7199
7973 8725
5251 5553
9657 9605
90 609
8482 9389
4011 3720
1025 1752
1414 2356
7858 7099
7492 6658
2772 2346
1848 1137
3603 3804
2163 2690
3218 2267
9299 9317
1491 1081
7549 7070
7522 8124
6528 6388
5693 6066
8813 8720
6865 7835
2605 1926
5505 6277
8659 8167
4021 4120
1138 1795
9555 8639
7095 7069
8776 9657
5706 5761
1799 1739
1667 1467
3224 2507
1689 2146
90 313
4552 4484
7098 7033
2694 1712
1918 2324
3444 4379
92 91
5051 4735
8866 8327
9450 9988
2774 2106
8822 8937
8430 7864
91 943
8069 9006
2708 1930
1052 2037
4796 4866
8818 9624
1722 1537
1673 2438
56 429
65 883
2507 2953
9246 9907
1564 1047
9268 8722
10 812
9437 8618
3457 4102
7544 7946
3221 3767
8953 8315
4919 4981
6024 6302
3045 2182
3230 2957
6971 7803
5371 5169
8608 9534
3561 3469
4646 5019
5825 5966
4822 5241
8188 8289
6545 5621
3041 2284
2708 1788
7330 6810
38 553
14 294
1769 1162
32 879
96 138
58 280
8499 8265
6191 6115
2505 2028
5142 4439
7396 6505
9026 8407
7305 8233
8844 8492
65 195
8597 8854
3713 4271
3756 3627
4137 4968
9234 9718
1199 1549
3331 3811
97 980
6503 7466
8157 7214
65 80
3264 2759
8387 8047
4132 4627
8407 8829
7971 6984
1340 1971
2900 1975
21 142
6481 7234
952 1775
7635 7355
72 164
8835 9278
3599 2972
3205 3378
3648 4244
2180 3169
8548 9354
31 302
5981 6654
3777 4451
7859 6893
4709 3859
6134 6796
7316 6985
4246 4340
3978 4442
7370 7300
5266 6034
85 941
844 1060
6436 7324
8612 7735
1634 1289
8554 9505
67 283
9800 9167
3537 2593
2611 3552
7647 6712
4067 3323
8221 8247
8962 8822
6445 6506
3336 3621
4561 5354
6834 7775
3502 3402
10047 9408
9805 8924
7850 7451
7090 6433
6143 6067
4819 4539
36 494
8072 7672
1678 2307
6738 6445
8631 9196
7154 7974
7258 7260
6113 5165
8797 9416
10034 9066
4306 5191
2245 3136
2926 3537
7734 7672
6778 6038
67 375
2348 2666
6115 6308
4506 5444
4335 3998
830 1185
9864 9543
6763 6752
2787 3778
5097 4262
6204 5670
6453 6625
1068 1576
5192 5452
6204 6010
6514 6691
7555 6567
9393 9981
6790 5995
5857 5438
6348 6736
1408 1278
3966 4157
8411 8096
6444 7236
6994 7707
4029 3088
5512 4532
8368 8866
6765 7498
5149 4504
6244 5439
6258 5520
3014 2441
2818 2443
4646 4837
2337 2590
15 854
27 748
49 172
5049 5520
8869 9505
3509 3712
5906 5708
2995 3449
6350 5547
3063 3953
4755 3877
87 927
6337 5803
8263 8935
4947 4823
4361 3828
8469 7826
10071 9649
732 1300
7324 7297
8645 9292
9821 9551
9251 9677
2266 2075
4415 4966
1723 1071
5132 6015
8065 8890
3790 4605
5989 5691
3850 3572
1176 1646
4338 5015
5540 5610
7704 8564
6248 6263
20 56
10317 9417
9748 9320
5507 4873
5689 6412
3802 3797
3469 4426
59 811
3189 4071
6781 6277
8936 9626
6117 6769
70 597
5728 5804
6248 5268
5330 5689
4560 5064
2321 2297
8087 8818
8459 8717
7123 6218
6216 7198
3048 2923
8147 8887
5582 5201
8239 8521
4684 4751
4921 4246
74 887
6444 6409
2767 2487
77 605
2488 1574
3106 3520
8324 8145
6829 6357
8510 7708
3269 3575
5746 5582
7174 7685
3624 4456
21 599
4992 5485
6472 6427
662 1405
7960 7224
7912 8868
5754 4903
9064 8773
9486 9813
4686 3821
5752 6602
8341 7614
5602 5653
10445 9562
2962 2460
7335 6469
4100 4685
6556 6173
3523 3018
82 742
6402 5465
5572 6463
4176 4432
6594 6799
8525 7659
80 401
3074 3574
7206 6433
44 791
3748 4048
7839 8517
7726 7775
3816 3750
47 625
6597 6290
4838 5084
1206 1217
10275 9783
1803 2774
35 362
3260 2462
2215 1454
7981 8297
5277 6199
46 831
3025 2270
8697 9141
2736 1774
4053 4234
1278 1671
9198 9874
4732 4912
6017 6571
20 164
5115 5945
4862 4601
6618 6816
3784 4175
6831 6127
8174 8464
5556 6181
2911 3140
2158 1906
1892 2282
7046 6272
4238 3264
7014 7910
44 296
5183 4252
5447 5916
9456 9752
5616 6479
4540 5513
3456 3645
6048 6063
4256 4502
3319 3132
6230 6749
6563 5998
10049 9376
2288 1508
9239 9638
1057 1839
95 286
9032 9727
6679 6749
5744 5608
2146 2560
5977 5736
10328 9632
10129 9693
4543 4287
45 534
4258 3896
2571 3057
1388 1403
8010 8822
4340 3766
2438 1462
6888 7293
8946 8780
2149 2642
5874 6513
6677 7203
2567 3425
2851 2443
1986 2557
2461 1856
6252 6060
7334 7197
7056 7179
4357 4326
3393 4247
8853 9010
8854 9445
3154 4003
5206 4371
8523 7964
5727 5888
6442 5810
3226 4215
4881 3911
9305 8637
9072 9232
6855 7337
828 1537
3339 3326
7989 7171
68 119
319 1165
2586 2897
9918 9730
4697 3930
15 189
6124 6741
6408 7331
1730 1751
8747 7913
6828 7034
5459 4505
4310 4245
9752 9859
3213 3764
2879 2118
4563 5476
2367 2676
3325 2341
7337 7371
5963 6948
15 383
5458 5131
88 343
2125 1677
8805 8088
3136 3469
4249 3956
11 395
4647 5556
7277 8204
4375 4423
2712 2368
3610 4551
3283 3268
22 628
5766 5938
32 277
31 268
1456 1921
3318 3256
7583 7877
5846 5676
9604 9674
9331 8901
4016 3177
6898 7445
6517 7257
3154 4129
44 177
6439 5475
6370 5801
6070 5145
9232 9932
79 611
60 182
4970 5792
4865 5776
3686 3404
2633 3211
7088 7795
2522 2928
9048 9134
6383 5540
97 930
6016 5275
99 537
6224 6525
6118 5235
913 1573
97 412
6636 6880
2918 2939
820 1781
4419 3670
6594 6685
76 772
4861 4209
84 409
2140 2224
84 296
1990 2664
6942 6743
4559 3584
1824 1551
2528 2485
14 387
65 324
5814 5825
34 609
8895 8795
6316 7067
10060 9156
3151 2886
4456 4058
8338 7730
9626 9233
10199 9263
8075 7492
9629 9558
3341 3907
2370 2797
6446 6836
1428 1099
6467 6505
5420 6250
2989 3630
6603 6754
8590 7767
1929 1824
8485 7562
7297 8168
8030 8417
6415 6696
16 637
6454 7096
8643 7794
9677 9006
90 195
5588 6049
3017 3202
7403 7440
7789 8446
2983 3568
1330 1447
3988 4446
2889 2639
6835 6556
7493 7586
2451 3107
5622 6475
4523 4133
3857 3859
4811 3963
5505 4943
7788 7756
9441 8710
2783 3698
6311 5791
6060 6310
3644 3058
8018 7106
2527 2630
32 453
4598 4083
5037 4617
8067 7932
6416 6296
6962 7049
5272 5260
4116 4446
8682 8954
5537 4891
7653 8054
6208 5688
7968 7274
1612 2064
5926 5666
7860 7452
2525 2143
4327 4506
7586 7900
2550 1984
9320 8860
2220 2199
9143 8483
2796 3290
5564 5917
7181 6918
2896 3531
6512 7386
2648 2193
3531 3980
2495 2838
9275 8986
4565 5033
7762 7388
9666 8986
7547 6634
3657 2793
9106 8154
71 524
29 287
7547 7894
51 989
3135 3132
42 848
4937 5688
3804 4461
4111 5025
5328 5529
6534 5850
6045 5490
9719 8920
4720 4622
9430 8680
71 118
5909 5924
5575 5315
7182 8062
8665 8764
9299 9195
4101 3720
8336 7980
1536 1509
8015 8246
2410 1818
2225 1589
8720 9478
6043 5460
7606 8287
2937 2263
2018 2290
7714 7767
64 222
24 381
47 335
2611 3348
2324 3082
2038 2582
7690 7605
6630 5729
3374 2639
5664 5026
4899 5896
9006 8036
10499 9741
1846 2269
1001 1417
5546 5458
1037 1773
3824 4374
9494 8628
4195 4244
4946 5074
9282 9126
4718 5589
2759 3725
1247 1199
5039 4756
9866 9741
5506 5983
4553 3831
3353 4066
627 1231
9371 9150
3290 2442
7969 7855
567 1456
7663 8409
1691 1953
3933 4093
99 142
2261 1615
4068 4291
3951 3679
6947 6479
83 302
4440 3960
8927 9620
9389 9798
5107 4400
2086 1172
9186 8670
4735 4810
24 471
5659 4887
1794 1749
2138 1551
1716 1039
1830 2767
99 544
6535 6082
6579 6510
4563 4476
42 585
1901 2692
9399 8974
9191 8983
90 762
8060 8154
3209 3901
7659 7825
6481 6345
65 524
5267 5218
6835 6472
963 1433
1731 1923
5246 5452
22 772
10474 9778
5712 5967
1907 2612
54 506
4395 3403
5027 4367
7174 7897
5009 4348
9089 9129
2665 3557
4453 5132
8625 8020
9357 9716
7123 6578
2758 1973
3672 3746
1085 1147
2386 1834
951 1933
5271 6122
4051 3892
35 771
3103 4037
9268 9640
5532 4946
4620 5441
8333 8089
2167 2584
1228 1690
8759 7802
9214 9356
883 1171
6049 6633
7442 7237
1315 2217
5554 5958
8742 9577
8557 8812
5213 4496
3187 3544
492 1347
3562 4068
6189 6873
2026 2813
2879 2402
4997 5210
5247 5727
373 1232
4022 3393
4383 5347
2781 2408
99 719
7602 7041
8220 9049
4656 5391
5461 4943
5538 4807
1805 2309
7168 7942
1354 1070
8735 8688
8296 8573
2203 2754
1489 1176
3040 2852
3048 2049
7285 7954
8458 9180
7802 8679
2786 2207
5249 5219
4572 5071
2670 2360
3664 3897
8795 8424
3565 4131
1949 1157
3217 3163
5506 5000
8274 8952
8099 8087
5453 4561
84 232
3869 3962
67 194
8984 8184
5689 4978
5238 5596
8903 8889
6364 7242
7406 6594
1542 2005
9697 8987
1384 1680
3058 2548
3995 3532
8249 8294
1996 2980
9242 9361
7779 8072
3467 3512
3575 2990
9503 8647
7383 6798
4956 5535
8830 8072
5226 5179
7714 7321
3578 4150
3489 4189
9627 8792
3300 3547
2240 1683
8693 9109
10206 9373
75 131
3201 3825
6079 5803
8522 7919
5077 5728
888 1142
6545 5599
3024 3464
4557 3666
6533 5621
7049 7652
7737 8417
80 401
9304 8458
94 679
8281 7389
5668 5072
1566 1437
1083 1824
5857 5971
3232 3432
3171 4036
8037 8782
6868 7342
2600 1713
5742 5651
8732 8782
8848 9306
6512 6261
10262 9765
8477 7639
8016 7694
4219 3734
4446 3503
7792 6958
3921 3271
2514 3051
3143 3450
8592 9393
6316 6261
8263 7996
2273 1919
9268 9092
4506 5218
9533 8756
4433 5391
21 396
5968 6882
455 1244
9541 9579
8494 8482
3707 4307
5028 4643
7936 8874
2393 1641
3679 4646
6682 6447
6021 5101
1214 1409
7036 6082
4798 5359
7508 6815
1474 1432
7480 6841
5927 5165
6706 7589
2850 2884
2653 3310
5865 5017
5470 6354
35 38
3784 3246
5074 4393
4194 3556
565 1076
3012 2438
74 407
4371 3778
7737 7436
5350 5860
4264 5032
26 930
2207 2757
94 826
72 667
4320 5141
3397 3303
2002 2117
5082 5152
4054 3652
3500 4301
4548 4145
2949 3369
9493 9005
20 176
6496 5797
3808 3838
7629 8081
5498 5508
2951 2295
2429 1979
2615 2489
7664 8208
4880 4862
2644 1981
5854 5447
2371 2001
3831 4083
1631 1216
1294 1426
9858 9156
7752 7806
3936 4597
2906 2482
4368 4552
1628 1169
10106 9909
8463 8455
3232 3511
5895 5315
9530 9454
7760 6844
7108 7325
637 1523
8973 8659
71 178
8705 8108
1974 2768
7794 7899
4382 4602
2561 3267
2249 2184
10415 9445
1303 2282
5535 4605
2354 2848
8032 7165
61 836
5613 6483
2385 2223
4469 4402
5658 4903
2817 2851
4079 4531
3265 4231
5096 4864
5150 4874
9699 9669
7258 8236
2829 2744
5683 5053
5700 6079
5885 5287
2018 1027
3080 3777
4978 5152
10040 9099
32 893
8528 9005
6802 6873
7619 6828
54 968
53 817
9877 9505
1195 1530
7692 8611
7575 6669
9922 9427
8781 9587
5728 5222
1613 1709
5904 5472
8768 8013
1367 1380
9336 9031
5886 6133
1442 1091
650 1048
9310 9032
4826 3998
2843 3242
2641 2286
5800 4932
79 211
4634 5295
5588 5889
5506 6397
12 29
2715 3251
9641 8656
3324 3663
8337 7790
7387 6737
1993 2315
2576 3101
2284 2916
4633 4034
9218 9430
3374 3210
1937 2041
1810 2533
9724 8779
8158 7251
9216 9689
7444 7793
3433 2989
7479 7304
5371 5589
2255 2992
9577 9843
3095 2684
3984 3178
8482 9058
5617 5937
9962 9580
7260 7990
5336 5050
9147 9419
8584 8393
9494 9002
7673 8590
2716 3158
3371 2629
5691 5271
94 513
7413 7364
3932 4148
11 390
8658 8667
9763 9818
5794 6595
10636 9905
3019 2566
9043 8294
94 79
3149 4113
7174 7742
88 609
4314 3920
85 625
53 751
1248 1361
6315 6876
4733 5484
9336 9566
8566 8629
6407 5753
6706 7484
4301 5100
5186 5816
1157 1025
4063 3624
7977 7439
2739 1928
3697 4267
5402 5845
4780 5266
7458 7854
3650 3101
6915 5947
7350 7329
7524 6795
7555 6956
7715 7586
3066 3660
3235 3288
6798 6726
9831 9791
9538 9866
9885 9365
5227 5447
9688 9995
15 367
8537 8556
1765 2060
6377 6938
7598 8231
5861 5905
37 500
23 908
1739 1336
7569 7941
6562 5900
9866 9761
5771 5870
4834 5801
9512 8532
1382 2181
26 951
4618 5610
4297 3880
6055 5732
8408 8511
5018 5424
3800 4052
29 883
8039 8862
3583 4387
733 1152
10319 9906
10727 9939
4711 3932
3217 3057
4819 5045
5064 4268
6875 7141
8495 8992
7706 8245
7586 6882
6821 7805
62 659
1498 1464
9355 9150
16 472
3538 2548
21 30
8160 8530
27 448
4869 3914
1056 1654
2319 1422
3992 4391
4653 3903
9491 9544
5757 6666
67 751
3825 3899
1801 1241
7233 6903
3592 2645
1464 1125
1304 1523
6793 5992
6180 5582
1862 1975
4559 3620
7359 8018
5419 5084
7014 7883
4195 3342
783 1783
4094 4427
6273 6956
5553 4638
9911 8977
5820 6556
8192 8905
2307 2583
9262 9107
5693 5539
55 497
6639 6604
2453 2683
6728 6352
8696 8750
4263 4845
2857 3226
2314 2491
4598 5138
2577 3039
3072 3014
8645 8319
9342 9886
3543 3795
6379 6522
4476 5311
8580 9491
3938 2953
94 305
1050 1351
3502 2683
1912 1632
7997 7632
60 174
12 93
28 882
3936 3059
7159 7734
882 1067
4876 4080
8568 9244
2997 3242
6675 7278
3778 2879
3500 4229
9873 9212
7583 7974
6823 5893
2795 3732
9347 9218
5676 4921
1628 1285
30 147
5174 5062
4536 4704
9600 9348
62 642
8218 8842
9680 9048
3216 2781
3284 3395
5762 5584
6500 7349
2215 2513
5056 5431
6135 6070
5589 5013
3259 3455
2693 2206
9052 9288
4243 4878
7132 7185
2797 2890
8742 8608
10688 9821
7074 7978
7692 7354
6382 6064
2869 3817
6049 6111
9297 8582
8789 9709
83 986
2636 1771
8177 7709
6793 6736
2522 3347
5379 5402
3223 3722
3269 4237
4531 4314
10002 9125
7600 7789
1738 2043
7296 6414
9860 9827
7483 7100
18 407
2813 1912
964 1875
4739 5615
3141 3404
2628 3168
7855 8758
3646 3119
2443 1537
1463 2375
8760 8704
5205 5981
5666 5603
2318 3163
2259 3044
39 475
2299 1479
37 992
8453 8356
9028 8343
40 133
8056 7192
6721 6224
9420 8483
7254 7046
8226 8106
9611 9316
10724 9920
1402 2173
4265 3359
3386 3642
20 436
12 657
9067 8497
6227 7137
72 469
6958 7304
5275 5345
909 1788
5684 6242
7710 7500
5769 6673
7146 6973
6025 5251
81 649
7270 6406
6776 6463
2439 1691
7433 8331
6913 6889
2088 1247
411 1384
5254 6117
18 1007
3796 4244
4165 3416
3019 2294
94 234
80 696
2010 2059
2960 3050
4226 5072
5913 6611
2232 2300
1770 1450
10663 9673
6896 7122
7807 8265
6552 5605
6341 5539
6873 7528
6670 7193
1163 1464
9655 9929
8195 7292
73 349
4971 4569
5059 4862
1934 1736
5108 4467
7657 8631
3340 4213
5447 4751
1755 1587
4095 4786
1719 1414
3734 3001
4262 3459
4409 4041
2246 2596
4412 4448
10625 9722
9009 9947
2358 1855
1820 1326
7722 7757
7257 7590
3931 4882
6693 7123
5661 5298
8188 8897
8822 8458
6577 6992
7770 7838
42 588
1141 1077
9981 9474
5416 4757
9190 8308
35 476
6674 7541
3729 4024
5458 4953
2975 3362
7780 7007
2557 2891
7754 7449
57 768
8396 7820
5621 5007
9054 9436
21 249
7922 7317
9819 9309
9241 9053
3885 4030
5455 5837
9446 9150
5074 4564
7761 8168
5005 5314
6522 7081
1774 1519
2701 3659
7079 7911
4427 4212
2131 1685
1399 1802
7733 7912
8282 7448
7724 7121
99 369
5252 4871
8640 9620
2294 2838
6203 7173
9298 8647
1509 2037
11 161
7773 7126
9799 9057
809 1270
4652 4939
4612 5092
35 101
3409 2838
5947 5472
3036 3172
4854 4137
4609 5553
8899 9437
54 332
6148 5454
3423 3957
4146 4626
516 1500
5518 5290
95 674
4750 5325
4998 5960
7906 7485
3307 3649
43 514
5298 4514
5187 4596
3778 3044
4351 3946
3121 3199
77 180
7888 7217
97 487
1372 2218
6797 6020
6453 7434
9074 9636
5475 4603
6409 6824
7181 7226
8931 8146
7561 6942
3451 3502
1797 2229
8482 9033
533 1513
733 1673
7162 7854
2950 3274
7841 8355
6587 5976
1297 1883
6395 6538
2026 1966
3304 2835
2843 3705
4611 3744
7473 7676
8765 8961
9108 9454
6562 6474
3153 3621
4925 5576
1222 1340
2616 1869
6798 7459
8020 8334
99 804
7834 8799
7201 6749
8590 8076
7636 7718
2534 3032
5309 5865
2981 3548
8769 9090
6033 5767
6247 6538
4036 3305
3892 2946
5398 5841
3424 3561
92 527
6516 6306
16 195
94 814
633 1192
7940 8242
5373 6159
8977 9939
100 164
2116 1192
2882 2920
3997 4178
7291 7962
9603 9203
44 857
4505 3949
5921 6623
2370 3048
1717 1668
2284 2257
8469 8511
5667 5517
4380 5060
3341 3607
6607 6164
7833 7581
7049 7585
24 997
5367 5006
4714 4957
2208 2282
10037 9340
4470 4513
79 1001
92 25
27 467
5814 6340
10084 9404
10330 9884
7110 8021
98 975
2527 1632
4105 4842
7139 7282
3230 2940
9688 9141
3981 4213
4958 5659
9988 9650
573 1547
7143 7582
5416 4922
5868 6439
2527 2598
8531 8830
5131 5143
5696 5879
7903 7830
9122 9564
4212 3855
7215 7053
7778 7037
1648 1270
4491 4761
5286 6147
5088 5887
6977 7731
9326 9195
8460 9423
8336 9113
2712 3580
7828 7045
5409 4796
3911 3751
4159 4767
4051 4206
9890 9966
44 565
5573 5558
4281 4515
4073 4096
7421 6462
3679 2969
2980 2288
8283 7586
84 855
4291 4290
7594 7190
1222 1924
5982 6058
9011 9486
7518 6969
7050 6922
6406 5601
4643 3828
6356 5821
13 265
9818 9672
8130 8751
4029 3453
7461 7185
68 75
7324 6582
5811 5408
6124 5364
3890 3172
2637 2189
5142 5410
18 735
7322 6645
3202 3988
1852 2064
10175 9339
3478 4265
9675 8936
10261 9443
1691 1167
6207 5599
1962 1469
1899 2638
5075 5758
4965 4113
3747 3555
6482 6269
8741 9395
9103 8897
5495 5058
4986 4019
2039 2063
3527 3220
3297 2553
1405 1304
30 672
9022 8357
76 628
6777 7037
1546 2354
8020 7558
8481 8340
4058 3066
7153 6501
9899 9265
4195 3895
5846 6454
3280 3548
70 474
1937 2681
8049 7560
4439 4403
3877 4483
3550 3593
8342 7499
9152 9829
3596 3529
6987 6589
5026 5241
8808 7850
7681 7360
16 789
2310 2002
17 927
8696 7717
3857 3178
8822 9764
9864 9736
7065 8035
2251 1958
6717 7678
2978 2034
2861 2744
7144 7249
4792 4660
6083 5314
93 688
26 64
7862 7469
806 1485
8350 9118
8557 8449
8458 7803
9943 9601
5422 5188
2813 2917
7855 8358
2616 2648
4773 4077
6906 7073
8011 8339
9730 9618
3491 4051
7311 7297
9085 9799
3940 4091
774 1145
712 1050
6145 6482
1747 1992
8870 8974
8871 8912
5059 5608
8674 9051
8582 8709
5764 6713
8644 8494
7926 7829
5686 4692
4067 3668
3662 4448
9081 8764
2198 2623
6678 6891
10 195
7269 6468
8600 9078
2444 1545
8979 9480
3732 3714
4751 4136
3040 3908
7893 8392
6612 5978
5086 5251
5897 6656
9845 9355
6224 5795
5714 5027
7821 7110
3953 3765
55 857
3755 4570
4209 5137
3634 3858
4150 4312
7553 7625
1631 1098
7312 7286
2281 1765
76 603
1999 2468
4452 3981
26 71
7578 7598
9719 9837
3045 2287
6561 6403
2350 3065
6530 5681
3209 2447
3595 2855
5916 5452
49 691
1730 1646
1693 1376
7140 6536
8058 7611
6867 7586
1341 1905
4885 5639
3208 4207
6654 7115
8613 8065
4143 3515
6421 7296
6650 6689
8817 9740
7759 8403
3461 3497
2339 1944
885 1557
6846 5905
4727 4600
7980 8235
6022 6604
3030 3129
7502 8087
5863 4931
5604 6547
2919 3556
1786 2246
2754 3314
2904 3367
1522 2446
27 598
3028 2757
5548 5146
7316 8242
7757 8027
3111 2237
8355 8905
10635 9719
9911 9161
6607 7492
8671 8671
9507 9488
3609 3209
7483 7388
1116 1934
6049 6963
7128 6964
7558 7777
9690 9273
2780 3182
2179 3088
1322 1459
8114 7187
4314 4042
594 1021
2257 2119
6705 6036
6105 5139
3180 3842
6130 6252
2601 2226
7746 7433
33 153
3233 3695
2092 2868
5160 5240
2527 3324
4557 4102
3390 3691
58 14
5315 4793
6736 6188
8090 7403
10363 9928
2685 3382
748 1259
4517 4052
2446 1771
6788 6151
68 734
8439 8542
8545 8858
8623 9603
96 245
186 1097
8389 8356
8238 7666
5923 5580
6777 6201
4193 3443
8827 8535
10033 9609
1301 2071
7675 7735
8074 7893
2280 2833
8326 8257
5404 5254
50 491
6078 6000
5861 5328
79 613
2494 2045
4222 4565
4935 5517
2352 3124
9374 9702
1812 1472
9040 9545
2600 1804
4841 5364
8429 8934
10235 9566
911 1876
3556 3380
1592 1693
52 633
52 922
5924 5570
2803 2028
8420 8143
8729 9096
9585 9586
2230 1425
3707 3940
7431 7487
4178 3990
59 95
4629 4409
1484 2280
10676 9743
3410 2666
6491 6376
5488 4939
3419 4127
7329 7742
39 555
9516 9831
4494 4478
85 923
6732 7571
7661 7621
3765 4605
9059 9839
5277 4875
5151 4381
5489 5331
8579 7903
3173 2305
2933 3721
8388 9164
5978 6107
85 212
27 811
1295 1540
8327 9191
4803 5348
7632 6887
8657 9391
7786 8533
10201 9789
3618 4131
7112 7458
2263 1978
6144 5676
5484 5807
3541 4161
8148 7277
2275 2988
948 1274
1018 1022
5897 5459
2752 3438
9795 9190
88 69
55 768
8248 7806
7127 6528
3363 2775
3003 3426
9754 9859
7444 7729
15 287
6163 6960
84 629
8737 8194
9700 9863
1962 2068
10021 9644
8530 8187
6930 6553
9073 8082
597 1156
6297 5628
8103 8368
4195 3826
8125 8639
85 980
95 181
6121 6516
90 256
9516 9725
4262 4741
21 139
31 272
9158 9137
91 997
9429 8745
4592 5108
3252 2456
2850 2613
8034 8543
4815 5798
3351 3160
5392 4834
5878 6754
6843 7342
4209 3727
2968 2906
5163 4963
5981 5926
6639 6406
5057 5594
2034 2638
2107 2629
4451 5084
2026 2274
1872 2481
8068 7363
7853 7335
4682 3775
8364 9353
4369 3489
73 694
45 402
22 495
7129 6463
9608 9921
8517 7638
8013 7479
44 589
345 1142
4610 4299
10043 9417
4565 3605
1601 2264
5341 4812
8748 7921
4356 4235
1496 2395
4162 5028
63 544
4661 4388
3099 3765
31 777
78 450
3327 3774
2009 1884
1924 1895
44 703
6609 6651
86 69
9976 9254
4438 4855
9920 9503
60 125
7552 6571
54 554
3494 3396
23 897
66 626
3720 4599
4958 4552
8532 8545
4385 3800
2795 2419
100 553
5498 6096
1804 2233
3289 4201
2969 2100
100 903
2184 1401
7008 6636
8146 8315
3376 2936
2202 1314
5263 4358
2638 2014
6604 6235
2914 3572
8358 7629
451 1266
8578 9361
4731 4432
1917 1584
8338 7963
7879 7099
2249 2013
1803 2386
7848 7102
8915 8455
8628 9200
3958 3120
6603 6808
7868 7864
10857 9936
8595 8904
3335 3719
7417 7188
4691 3914
7199 6626
8552 8677
96 380
9174 9186
6096 6298
7729 8286
92 170
3384 3926
3699 4265
7179 8161
97 797
9503 9710
77 690
9047 8513
81 77
3512 2896
4505 5440
4501 3691
2637 1768
5132 5249
6927 6628
7716 8583
4261 3777
1382 1761
7005 7620
2223 2437
8556 8650
3664 4248
6343 5783
6205 5987
6338 6563
8381 7843
4843 5587
8374 8815
3730 2843
1160 1487
66 877
8565 8658
1332 1386
3931 4571
6808 7340
8829 7950
3733 4365
2509 2427
42 343
3878 4870
4146 3373
7537 7217
5108 5560
9016 8766
4673 4776
5306 5928
6961 7711
5638 4968
8582 8666
3253 2928
2932 3809
50 775
7551 7892
5719 6223
5447 4727
2999 2069
8350 7675
6668 6545
4423 4785
74 275
8219 8577
3138 3876
5887 5466
736 1467
5640 4844
7890 7642
7134 7127
6495 6937
9567 9123
9078 9581
3038 2994
65 89
4976 4212
2379 2262
2755 3488
1242 1081
3796 2817
218 1195
