5149
100
11809436
60 55 46 56 50 41 44 57 53 48 57 48 54 42 60 52 56 59 59 53 53 60 46 58 56 56 53 41 45 44 46 46 60 56 53 51 53 50 51 40 53 48 52 54 60 58 50 42 47 41 58 45 60 53 51 54 45 56 49 48 45 53 43 46 51 46 57 59 53 42 50 53 59 46 59 44 59 57 49 54 43 59 59 46 56 48 46 49 49 43 54 59 50 51 55 59 59 46 49 52 
-37072 -34174 -28887 -34837 -30299 -28298 -25043 -35826 -31404 -29138 -33113 -27633 -30060 -23562 -32562 -31341 -29464 -33477 -36150 -32619 -33986 -33495 -31098 -31964 -35723 -30615 -31476 -23591 -28972 -26174 -27324 -29860 -38689 -34887 -35564 -34277 -29119 -36232 -31484 -24617 -30913 -31188 -31601 -37895 -34290 -43032 -32448 -28748 -26487 -25351 -31495 -23044 -35552 -32368 -33899 -33802 -28911 -34828 -30654 -26829 -29863 -28877 -24077 -33561 -32426 -27524 -37618 -38141 -33331 -26574 -33330 -27828 -36027 -26375 -34595 -25131 -40955 -35843 -27588 -31070 -28206 -34458 -32983 -28518 -35377 -31049 -32256 -32049 -24913 -28219 -35433 -34707 -27779 -33397 -37186 -38958 -37137 -26642 -28915 -30837 
31268 29527 24725 29632 26235 24414 21501 30105 26286 24984 28807 23241 25771 20035 28892 26892 25778 28960 30491 28070 29091 29039 26569 27356 30664 26698 26621 20304 24394 22209 23855 25206 33343 30477 30514 29878 25008 30040 26209 21156 26706 27179 27351 32475 29763 35874 27815 24603 21997 22010 26913 19413 29819 27674 28713 28806 24743 29330 25729 23573 25008 23861 21319 28902 26945 23063 32213 32203 29263 22904 28320 23906 30428 23248 29751 21674 34155 31245 24104 26850 24157 29377 28025 23743 30215 26875 27200 28236 21117 23944 29006 29683 24264 28237 31603 32912 32822 23112 24982 26460 
3667 3859
845 1118
7487 7918
1733 2218
1207 1881
1612 1237
1787 2175
10395 9770
4632 3700
5475 5399
7673 7828
9724 9531
9045 8503
9335 9985
6203 5603
10082 9180
7155 6210
3684 3706
3558 3872
9179 8847
14 233
45 149
5708 5323
7158 6292
698 1642
4166 3277
4533 3747
7571 6597
16 855
6381 5898
6363 7080
4144 5077
3990 3099
9174 9038
8666 7906
6164 6303
6780 6504
9821 9936
4907 4766
8015 8616
5914 5262
3321 2803
1721 2641
16 377
4626 3657
54 796
67 498
9173 8425
7703 7930
14 657
80 786
8921 8222
2014 2972
25 440
6554 6604
7100 7616
7067 6771
6605 7273
5925 5093
7036 7098
2557 2142
8495 7829
1506 1985
99 270
6298 5676
4594 5520
38 756
3976 3802
2628 2042
2827 2260
6884 6387
2766 2772
8347 8205
942 1208
2834 2359
34 201
1804 2315
6552 7295
99 725
9241 8921
9093 9045
5488 5120
9438 8910
3350 2484
6168 6601
1290 1989
5135 5770
3563 3394
3758 3637
9004 8613
8004 8510
3122 3799
7918 8072
5116 5496
7814 8057
1729 1620
9074 8111
7169 7923
9699 9979
6501 7382
4723 4951
9885 9700
6887 6371
3808 4309
8341 9052
6547 6849
7006 7546
8900 8696
2911 2452
1411 1592
5885 6814
924 1560
5055 5506
3495 2734
8334 8745
4842 5205
8272 9027
5615 6083
3694 3801
3240 2577
3527 2570
4234 4401
8243 7537
76 729
8392 8122
2699 2521
4640 4329
4344 3411
2596 3288
8994 8848
2370 2233
7568 6806
6872 7063
1166 2097
69 851
6449 6724
10439 9679
3740 4593
72 1001
2899 3040
3616 3239
3207 3060
10618 9914
10026 9519
8041 7576
7301 7386
4252 4727
5535 6368
40 718
3759 2992
4160 4515
4268 4715
7240 7365
8893 9602
9685 9346
7470 7412
6171 5550
5623 6110
4903 5211
49 81
5984 5921
3557 3109
4871 4985
4136 3702
6304 6512
3706 2803
9319 9669
4452 5411
3400 4133
7182 6841
7448 7762
5614 5378
87 39
6166 5985
8675 9589
5144 4828
65 511
66 147
2790 3005
5048 5067
8262 8586
5857 5671
7535 6749
2762 2700
9951 9905
7252 6579
1691 1386
8420 7983
4417 3848
1750 1671
1996 2809
29 784
3291 4190
6636 7451
9005 9751
9240 9608
3448 2641
1478 1755
1930 1184
8384 8551
8112 8704
2888 3812
6433 5801
4639 5615
7531 7630
5039 4189
21 720
13 402
3209 2436
6759 6908
4877 4306
10568 9620
6358 5588
4682 3787
6968 7648
6378 6964
8638 7659
8534 9527
9666 8675
6559 7253
3068 3105
3112 3695
1452 2417
4691 5556
6411 5556
5645 5397
618 1420
8016 7076
8464 9402
36 891
7188 7083
2057 2975
2744 2989
4578 5305
8404 9305
6547 6559
2376 1596
6487 7224
4217 4563
5262 4696
5750 5746
100 125
8331 9199
2649 1748
2356 2282
5260 5870
10224 9831
5359 6096
9213 8303
3750 4484
5033 4499
4498 4576
1126 1282
5177 4645
2913 2474
5868 5006
2198 1791
2035 2758
7458 7875
5855 5528
51 299
95 302
8093 8768
8582 7742
8358 8535
2760 2625
8203 7734
5261 6169
6753 5854
5846 5193
8332 8789
419 1057
9439 9989
6347 5954
8502 8581
1749 2292
7431 6951
8167 8397
3230 3704
6501 6338
7708 7357
5634 5761
8696 7831
9356 9634
4852 5009
1787 1830
7050 6696
3496 4444
7931 7750
12 180
7171 6898
3179 3287
2228 1899
7370 7813
7316 7256
6152 6234
9058 9351
2669 3308
4788 4953
7249 7188
8636 9038
68 221
7657 7776
3040 3259
8868 9637
3704 3233
5923 6154
1512 1602
6416 6175
6977 6993
6891 6464
95 408
28 181
2100 2469
7240 6324
7491 6546
6369 5669
3438 4341
2962 2461
1164 1503
7445 7855
30 267
2321 2324
7863 8460
6132 6739
8233 8651
5592 5660
8182 8589
8811 8808
4476 4529
4346 5078
1045 1431
3445 3810
8508 8078
8205 8206
5961 5815
9948 9410
4990 4929
9831 8878
91 113
7726 8173
94 55
2250 2161
5367 5300
39 514
2742 2578
2386 2437
70 158
4141 4330
5995 6210
628 1363
6443 6404
11 1003
6675 5775
8680 7784
34 163
9033 9786
2489 2625
6916 6079
8683 9464
2166 2680
8295 8016
8946 8021
6238 6875
9320 9766
4034 3820
18 101
3211 2893
8632 8568
8081 7209
2777 2088
8143 8170
2028 2083
3254 3460
9154 9317
1153 1301
45 207
4800 3810
40 676
77 438
6815 6442
8437 7987
6586 6313
8605 8405
8546 8615
4882 4079
399 1182
1926 1793
8346 7799
9504 8763
4604 4644
2071 2736
4651 5418
7293 6583
5299 4443
8530 8634
1990 2196
5739 6148
6992 7235
6908 6014
5343 5666
10270 9839
4730 4118
8379 8553
2806 2741
3473 3325
2125 2565
1666 2056
2709 3145
2561 1603
3520 4514
6012 6946
5293 6090
1934 1089
2109 1161
4216 5191
5600 4996
20 486
2020 1160
346 1313
8340 7920
5203 5073
4749 4684
66 68
3000 2451
6694 7568
6098 5512
2700 2314
5621 5295
9660 9202
7268 7723
5792 5451
2068 2197
6316 6061
3020 2138
9410 9764
2200 2789
87 717
6063 6314
1954 1176
7651 7237
5422 4692
4139 4880
5823 5412
3732 3047
7710 8479
2846 2303
9029 9692
6034 5847
6640 5737
7359 6938
4245 4410
6777 6523
3720 3709
5553 5563
4910 5538
5314 4444
6911 7274
4542 4880
2286 3080
7870 7060
7992 7169
7876 8233
30 373
51 967
4069 4066
2164 2949
8014 7554
5519 5185
5220 4890
3540 4219
3701 4361
6695 6737
9923 9183
9523 8836
9918 9586
53 518
6304 5764
6111 6743
1940 1953
9758 8827
3273 3253
3784 4557
7763 7278
6900 5968
3550 4264
18 683
3666 2937
538 1387
7815 7403
9221 8237
6438 5813
3448 4001
3647 3632
6678 6319
3012 3209
5536 6295
3824 4663
4341 3632
7593 7919
78 972
1404 2170
8585 8256
2653 1723
8454 8731
2282 2284
7137 6465
8612 9156
63 493
7222 7711
526 1235
91 859
4416 4939
8088 7162
5602 6379
7746 7235
3917 3647
5799 5027
5521 5103
4421 5324
9645 8916
3095 3665
5242 4895
2412 2690
1738 2265
2100 2362
74 568
876 1429
1963 2480
9311 9667
3694 3803
1393 1227
7502 7977
986 1881
2989 2593
99 156
4367 4165
1852 1596
3482 3293
4078 3892
701 1101
7785 6828
5359 4446
2752 3253
8266 8838
7951 8545
9103 8448
8788 8816
1143 1267
7519 8438
6657 6174
4682 4169
26 462
541 1505
8914 7934
10471 9583
7089 7071
8000 8736
5571 5860
9256 9341
2571 3470
6880 7657
8483 8575
4586 5481
4744 3918
9507 9823
31 963
9773 9150
7932 7113
1908 1665
3157 2465
1723 2601
5673 5695
6286 5332
4501 4821
2139 2021
6652 6795
59 498
5166 4270
9309 8990
2533 1733
7528 8237
9446 9005
5138 4344
1313 1668
411 1380
5973 5083
57 273
4716 5708
2147 1255
1784 1240
4313 5135
3621 3450
9255 9691
9958 9475
8921 8460
11 522
3158 2274
2906 3094
8891 8677
7130 6684
5143 4537
387 1109
9908 9371
38 908
8094 8696
4132 3602
4013 4773
44 400
17 945
5700 6167
3657 2847
4588 4984
7059 6814
9384 9625
1417 2109
2498 2166
5273 5987
90 892
1800 1639
7939 7151
1967 1922
3739 4068
5799 6787
40 618
7312 8270
44 667
6537 7099
8323 7781
1935 1628
4516 5460
9045 8045
4607 4848
9829 9205
1995 1122
1112 1484
7587 6668
32 580
4170 4151
7291 7202
5614 5488
8679 8185
3079 2211
63 407
3663 4296
646 1150
1982 1978
2789 2632
8670 9210
5571 4605
6597 6847
7071 6667
5962 5006
72 753
6112 6299
10091 9451
8314 8619
4625 4109
3863 4599
8057 8784
6024 5853
6087 5916
6391 7375
3554 3524
3329 3119
50 513
10208 9552
45 651
3365 2579
6696 6489
5137 4912
3707 3118
1467 1191
5212 4411
16 242
6880 6991
4558 3740
6775 7739
6215 5320
5718 5699
8450 9032
8172 7732
6911 6482
9278 9878
2275 1537
8194 7276
1344 1817
9631 9273
3318 2736
2060 2533
801 1681
6313 6041
91 139
42 480
7418 7597
37 90
5075 4878
4035 4237
8191 7654
95 130
4110 5097
6279 7014
10032 9457
5683 6487
3808 4085
2963 3737
2220 1410
6263 6070
90 385
5278 6226
1574 1698
7721 8076
7669 8152
220 1052
6683 6370
38 891
8066 8537
1428 1347
880 1354
51 227
7894 7772
446 1213
1330 2014
8833 8247
1494 2275
4975 5582
5301 5278
7684 8610
40 351
22 180
4413 4363
31 1002
7282 8272
7197 8072
20 306
6342 6503
5051 4902
8141 8692
5306 5268
6459 6519
7685 7896
5272 5961
2285 1675
3713 3948
2766 2816
2142 2199
5923 5619
2066 2103
7591 6803
3239 3334
4201 3752
8681 9633
2566 2334
2051 2505
7546 7517
2313 1757
9566 9840
3776 4054
7428 7337
1693 1676
3229 3949
9075 9353
994 1041
8030 8608
9694 9972
1646 1340
94 147
54 189
27 536
10699 9774
8840 8847
8369 8255
4877 4940
6462 6591
8076 7168
89 783
9356 9602
7752 8552
4363 4919
6427 5732
8921 9078
6983 7124
8105 8776
5697 6070
5916 6599
783 1258
4458 4087
1886 2263
2198 1298
1744 1183
4714 4511
6981 6137
5273 4441
60 1002
7995 8319
2923 3561
1542 2212
25 1004
3334 3093
6867 5875
3607 4580
8656 7882
5544 5338
3747 4182
20 403
9122 9864
67 468
8189 7455
6781 6509
4475 3874
4183 3401
2867 2887
8577 9166
4686 4706
3849 3921
7793 7140
8661 8928
1687 1606
4210 4430
7628 8295
5146 4967
2736 3233
1522 1036
4293 5120
3158 2629
6243 5257
6229 6889
2479 3008
95 948
1433 2261
6394 6431
1510 1625
5837 5072
3755 3379
105 1095
4689 3798
6535 7144
90 435
4232 5190
84 768
7190 7524
3274 3356
5287 5643
2645 3244
7972 7846
1850 1441
9559 9438
2895 2675
4799 4274
32 656
5357 6155
8302 8053
8383 7978
5663 6273
7920 7092
5234 4886
3775 4012
2142 2914
1964 1693
6607 6840
6130 6618
7812 8131
91 886
5222 5309
1216 1440
5293 5357
3944 3558
2285 3221
10113 9245
1538 1969
2348 1368
5021 5665
3768 4467
5919 6909
7282 7038
37 257
2445 1601
7813 7376
4313 4529
1735 2134
6880 6051
79 863
8605 8754
6684 7413
9230 8656
9532 9047
3558 4093
6474 7262
6323 5885
1617 1425
88 802
21 854
3331 4158
4535 4983
7709 7872
5855 5268
2702 3609
29 1006
6252 6303
5265 6257
1960 2817
4872 4952
6359 5843
4621 3795
3324 4226
2210 2629
4641 4892
3123 3647
4213 4156
3946 3418
3333 3489
8413 8219
4784 5628
4113 3175
6203 5943
2561 2283
2238 1527
2914 3622
10021 9483
2801 3146
3850 4226
3593 3198
6694 7381
980 1570
5857 5109
1537 1824
8396 8421
6411 5743
5302 5117
1951 1504
4474 4636
8633 8866
77 13
8516 8409
9208 8617
6643 5831
8044 7641
56 912
1151 1286
6293 6206
7776 6923
3965 3299
92 165
10163 9446
8600 7652
7145 6415
10463 9714
1521 1356
43 672
6373 5769
5519 6348
100 186
1817 1616
9273 9863
7097 7309
8706 7835
10172 9876
8010 7980
4106 4398
1219 1546
2193 2200
4320 4657
1809 2695
8732 7827
77 156
3398 3990
6713 7234
7464 8437
10501 9753
4017 4167
3324 4132
7263 7730
9808 9622
3934 4062
2303 1349
5038 4802
7892 7633
8675 9263
59 198
3042 2173
1989 2979
2492 2399
2991 2680
968 1141
9284 8717
2233 2242
89 454
7018 6862
8715 7962
1998 1304
7527 8338
1465 2078
2775 3297
7851 7898
10028 9415
3200 2545
4410 5074
1530 1697
2618 2744
8449 8966
8046 8628
8049 7285
1646 2265
5772 5299
3905 2981
2909 3336
9204 9038
7700 7671
10217 9980
10078 9287
1122 1734
2231 1301
2567 3458
2972 2929
48 751
2767 2554
2750 1823
10627 9823
38 476
3855 3857
9614 8886
7766 7848
6785 6029
8103 7678
4951 5102
82 561
7424 6604
3576 3049
929 1833
33 932
8241 8781
4840 4703
3892 4201
6240 7167
10032 9675
4166 3465
5937 6351
5701 6414
8845 8993
3227 3528
8763 8712
25 160
6001 6839
3005 3790
8852 8775
3645 4626
4897 5654
1916 1501
6951 7711
2833 2591
8100 8026
2724 1826
4963 5234
7236 7809
10140 9868
4754 3972
6233 6669
3023 3599
95 200
7528 6670
7279 7985
2811 2956
8677 8468
6500 5664
3105 3104
8594 8593
78 631
1228 2017
8018 7660
8387 8383
7803 8192
8706 8361
1812 1975
263 1034
6926 5947
1877 2789
8854 9023
4391 4608
3584 4318
9663 9477
3333 2652
5356 5876
4458 4609
7973 7994
7810 7157
4856 5640
5335 5977
8060 8964
9862 9428
144 1084
2535 2125
10493 9859
9112 8224
830 1278
4322 4306
62 326
1892 2783
2030 1922
7368 7661
31 849
6007 5185
3549 3081
8759 7824
2579 2978
34 956
3989 3176
4949 5071
1504 1588
4879 4749
9237 9740
98 471
44 289
5013 4721
9988 9965
82 361
7359 8319
1407 1758
7451 7667
7577 7587
6831 7070
87 351
8922 9919
2748 2834
3003 3692
4331 4375
4806 4944
4777 5299
2211 2637
1916 1621
2003 2862
3905 3055
8184 8447
4783 5551
3921 3306
7228 6482
4770 4545
9149 9481
3990 4564
9265 8711
5061 5764
5784 6304
2650 2867
6979 6349
774 1575
4255 4979
4152 4038
8586 8055
85 828
2706 1899
2278 1347
1322 1085
94 541
6672 6842
3927 3784
4423 4558
3630 3067
4298 3312
9681 9475
8920 9475
6636 7140
2604 2024
6735 6975
8246 7932
10139 9691
34 761
7984 7356
5301 6007
10013 9487
7003 6070
5989 6750
8125 7716
3628 4359
7638 8290
7306 6378
8255 7862
3196 2770
5776 5621
6022 6949
8367 7547
5359 6065
3505 3614
48 729
8990 8250
9454 9656
4282 4614
2652 2888
5997 5319
10303 9481
2180 2078
1683 1305
9343 9018
5630 6022
983 1726
7692 6895
7071 7527
4833 4303
37 962
75 299
9277 9634
717 1050
8226 8652
1357 2038
2087 2813
9052 9911
10516 9675
8812 8256
6088 5182
72 650
2851 3378
79 18
1185 1778
62 545
4933 4162
8623 8332
8753 8400
7938 7087
90 214
3907 4255
2775 3757
9029 9724
4628 5391
9135 8750
10556 9566
9386 9099
1715 1978
1015 1699
4291 3718
1786 2513
8829 9314
7521 6688
7329 7671
3662 4129
96 687
8507 7691
54 300
9565 9100
8004 7865
4691 4680
99 988
2989 3391
1938 2014
6774 6139
10370 9937
1537 1341
10197 9431
30 106
3894 4880
8368 7779
1856 2335
7368 7347
6954 7034
73 49
4512 3907
3115 2971
1720 2479
1359 1450
8936 8980
76 231
3597 3449
5683 5173
10 482
10315 9316
98 623
94 490
61 539
1479 1249
9377 9950
1924 2906
8850 8141
1926 2049
1671 2371
4407 4023
7531 6810
7231 7633
65 257
8112 8375
2573 2206
8520 7554
3276 3373
2745 1881
6482 6858
50 710
3251 2709
3921 4872
9356 8784
2649 1690
2629 2987
5201 5427
94 627
9810 9357
6346 6067
8056 7766
3939 4274
2267 3009
9179 9775
10204 9615
8944 9384
9219 9272
4961 5071
1471 1659
4935 4866
5581 5472
7058 7966
7974 7769
3869 3908
12 701
7301 6793
6858 6545
5454 5220
9025 9146
4591 5412
7378 7149
2820 3549
7752 8618
2532 1956
9125 8478
2348 1889
5251 5336
5616 6547
3007 2778
8567 8919
7719 7478
80 1008
1712 1790
2902 3186
9107 8437
2124 1557
3036 3037
7325 7059
9425 8703
7136 6972
6113 5218
3084 3241
86 872
2639 2288
1248 1969
6482 7234
5462 4932
5903 5493
1981 1365
8995 9253
2345 2895
30 245
2805 3712
6109 6572
3189 3522
4592 5433
3326 2909
2011 1879
3003 3972
3687 3514
2032 2858
4513 3527
5387 6065
1202 1330
7909 7616
2332 2254
7225 7193
87 814
1279 2251
3489 4087
947 1808
5766 6464
8111 8669
10537 9839
10478 9561
3611 3492
8272 8111
5408 5996
5415 5253
9268 9416
99 544
35 885
4563 5358
5174 5107
1777 1677
8976 9562
1875 2016
8377 7830
6875 6512
8477 9393
9029 8833
3054 3579
6619 7034
37 949
7073 6241
6555 7305
9073 8679
3004 2792
9540 8572
824 1362
3426 4204
1769 1922
7804 8126
2477 1489
3044 2442
1629 2143
4941 4378
10057 9956
2089 1123
6497 5849
33 529
3412 4390
4785 4932
10955 9969
51 359
6032 6822
25 325
1698 1317
9045 9095
6574 7277
4688 4485
3593 4203
3705 3556
5297 5223
7461 6696
3218 2875
7911 7856
1992 1106
9437 9324
8560 8391
2972 3308
10713 9733
6882 6649
72 947
5536 4656
6012 5356
1708 2003
922 1159
77 499
5922 6013
3853 4167
8228 9150
4479 3849
3655 4182
5206 4924
3945 4654
86 961
4098 4303
8028 8419
4192 4456
7617 8156
9453 8684
2251 1306
9851 9272
4887 5139
8079 8089
5153 4375
7093 6342
5857 5149
10646 9764
57 286
8407 8363
3060 2751
4123 4333
2579 3324
2846 2496
7602 8509
8475 8249
1904 2055
82 494
9102 9005
2592 3015
2166 2575
73 868
96 423
8079 7729
2338 2279
2170 2256
4333 3680
10 11
5150 6063
4602 5396
2076 1117
4657 4204
3657 3235
1972 2373
4841 4589
2849 2745
2784 3583
8832 9532
5676 6324
332 1168
3254 2274
1557 1466
3338 4165
8411 7540
6405 6818
4861 4477
6096 6253
8100 8496
1478 1835
8229 7608
5807 5397
2613 1643
6814 6627
86 616
9668 8708
7254 6391
3950 4648
3079 3453
568 1187
4231 4238
2640 2383
5282 6230
9434 9152
5402 5387
8169 7760
6877 6921
9379 8556
7759 8589
8852 8290
7241 6982
7592 6791
2955 3657
8146 9023
3923 3673
9463 8568
10203 9296
851 1107
4179 4952
33 358
9449 8508
7083 7154
7032 7859
5664 4730
4314 4606
2562 2912
74 43
7954 7567
3151 2860
7452 6600
6439 6789
3461 3290
596 1536
10935 9952
3589 3405
11 103
1488 1374
2090 2587
4117 3982
3635 4437
2060 2651
7754 7309
6092 6716
9714 9722
996 1673
9249 8298
2844 2398
6552 6015
6773 6100
4965 4190
7497 8325
5233 5077
4864 5281
8115 8174
10183 9545
1342 2026
6670 6569
23 95
6438 7329
11 159
7309 8232
23 1007
92 596
6640 6468
4149 4582
2568 2640
5217 6193
2910 2509
5677 4848
4201 5039
6079 5680
9228 9223
6723 7491
8302 9204
1797 1543
9171 8519
3958 4841
38 948
5473 6451
6961 6772
5695 5486
6229 5478
34 368
4670 5503
6477 5655
4843 5780
5809 4852
1820 1825
3003 2049
1696 1781
6680 6369
4660 5193
2757 2570
10947 9986
4562 4103
6352 7115
4105 3845
7137 7367
9559 9497
4593 4681
1262 2236
8489 8972
3767 4319
5416 5224
1877 1377
4174 5077
4419 4223
55 73
6265 7036
1812 1630
9248 8464
7132 6355
9624 9501
46 929
7509 8035
3069 3472
3347 2504
2042 2208
9968 9518
3447 3278
7457 6869
67 873
10196 9381
7328 6967
6921 6841
5923 6084
1864 1374
5570 6060
9968 9487
2899 3686
6907 6329
10366 9582
5167 4843
5699 5798
4000 3065
5389 5951
5252 5648
38 717
57 535
3004 3179
6365 6571
81 621
9493 9848
5270 6228
8478 8122
7705 7102
8475 8123
3873 4056
7989 8332
1642 1086
5052 4923
7364 6978
2650 2833
1922 2031
9687 9224
2904 2830
46 472
8147 7843
8607 9562
9885 9976
8662 9201
9460 9806
7886 8045
9094 8932
5016 5858
7166 7851
5005 4145
9254 9570
2884 3215
9654 9196
5991 6904
3947 4267
6854 6680
1712 2056
9157 9747
1681 1869
3810 3945
6447 6512
4727 4547
4886 5823
39 997
8554 7614
8380 7937
8395 9291
7343 7089
5491 5831
2112 2141
4678 4344
63 116
3757 3163
4531 4973
4560 3794
2651 2716
5840 5106
3300 3391
4703 5201
6514 6998
8320 9309
5092 4895
2681 3410
6589 6163
2656 2070
2841 2606
5335 5182
6510 5572
9346 8816
2632 3413
18 261
4424 4270
5933 5849
61 138
5449 5166
5227 5531
3581 3434
72 987
6329 6240
1664 2153
7582 6741
3327 3360
4795 5234
1190 1955
6628 6644
6422 7200
6709 6400
2584 1956
7869 8159
7102 7552
9121 8215
3167 3413
7281 6857
4658 5000
5237 6014
7824 7952
3304 3432
5575 5783
5522 5114
3266 3879
7477 7290
5701 6115
6571 7235
96 23
8791 8323
6571 7529
2140 1152
6721 5844
4330 3529
4040 4499
8733 8163
3324 3732
7127 8079
94 551
6192 7046
9172 9970
2111 2064
8108 8702
7505 7087
4541 3827
2775 3401
7566 7390
859 1469
8355 9214
8222 8879
42 720
4147 4959
85 559
3070 2517
5611 5192
8778 8932
3336 4038
3638 3247
80 593
90 560
7254 7890
5686 5402
9215 9472
7957 8904
5705 6632
7354 6771
6800 5812
2990 3580
6780 6582
5676 5102
3149 3983
4314 4679
8858 9745
87 1077
5758 5379
5329 5450
2855 3656
8023 7890
1476 1211
3885 2905
2221 1816
4817 3975
2607 2000
6476 7068
9766 9571
5980 5584
7666 7257
10027 9776
36 221
5220 6078
6566 5746
4290 4134
6294 5955
7066 7793
7574 7671
25 177
10522 9920
2587 3539
5945 6915
8042 7228
4563 4924
5425 4521
2765 2225
2994 3862
9690 9209
6335 7170
9610 8848
9776 9840
9235 9964
8374 7837
3183 3578
7454 8214
10459 9938
7363 7983
2484 2079
3390 3513
17 170
2396 2730
8219 8390
5693 6225
5096 5074
5247 4614
3909 3173
6543 6192
6751 7257
6976 6603
2593 3467
5512 5706
4185 4808
5540 5129
9284 8802
76 980
2327 3180
6832 6856
3543 4135
7503 7682
820 1702
8894 8664
9767 8924
6152 6449
10205 9480
8028 7545
8627 8983
71 686
11 952
9803 9759
38 879
7413 8409
9792 9177
8022 8705
3474 3078
8896 9109
6204 7091
1692 1764
1491 2180
5530 6132
3458 2483
5900 5916
6290 5767
8378 9287
7978 7783
5581 5809
7090 7295
8431 8219
1915 2397
980 1652
6872 7452
9198 8900
3867 4230
6347 6124
7196 7966
5576 5511
75 45
7977 7074
6987 7477
3321 2656
7285 6831
11 632
44 423
2923 2618
4127 3394
44 964
8632 8697
4568 4843
5947 5964
2541 2221
23 703
1259 1040
2434 2704
44 610
2930 2829
3275 4136
3976 3472
5799 4900
10 490
8471 8468
4843 4680
387 1181
7651 7892
9113 8692
6609 6956
4692 4631
3570 3824
7869 7814
3855 3281
4762 4349
2892 2222
9139 9834
19 447
3233 2504
4650 4978
1314 1422
9454 9347
84 336
4105 3389
7593 8347
4653 3932
6077 5264
5246 6048
10065 9650
10394 9501
6977 6106
10490 9985
3607 3538
9355 9452
8001 7108
6037 6207
4154 4219
8612 8653
5772 5818
4735 4929
3459 3733
1581 2107
6979 6269
325 1011
3797 4383
5516 4950
8167 7420
6620 6002
5633 4700
8403 7491
3223 2769
9246 9816
8382 7970
9939 9609
9631 9071
1811 1185
9733 9895
8534 8930
3423 3175
6967 6749
54 883
2894 3241
8926 8218
4117 3827
7707 7264
9104 9102
8309 7373
10435 9611
12 564
2158 3119
4801 5435
29 639
2574 1739
7491 8043
9425 8536
8651 9088
2272 2125
32 260
6934 6514
7150 6512
3903 3311
8125 8681
5942 6814
82 988
4036 4145
7478 6972
8879 7898
80 892
4166 3959
7119 6414
7907 7899
10689 9756
7127 6785
77 508
3177 2401
2858 3768
3818 3409
4245 4737
6169 6035
5259 5162
5581 5159
4235 4040
5965 5410
968 1345
2246 1810
10123 9144
5036 4230
72 792
5958 5234
5260 6117
3103 2912
75 572
4817 4118
2275 2177
8524 8333
3903 4515
8376 9111
9322 8539
80 26
4923 4869
8016 8094
2636 2917
9945 9324
91 48
9722 9272
8208 8739
10461 9933
83 589
993 1017
5972 5543
5950 6762
1693 1625
6575 7454
9062 8303
889 1549
8921 9632
4841 4142
1368 2100
4051 3169
8669 8284
5125 5678
4806 5080
2531 3006
5192 4284
2844 2927
5665 6512
9395 8847
8226 8736
9758 9760
2811 3216
5005 4431
3980 4600
5400 4504
16 742
2529 2807
5429 5287
3892 3583
3121 2319
8312 7452
8170 9138
8657 9644
99 744
2511 2071
2330 1659
1124 2010
5512 4874
2595 3288
7617 7932
5824 6308
9078 9829
1638 2066
3999 4601
4998 5537
1912 1374
1474 1770
2024 1129
6680 6264
5124 5364
8745 8237
8397 8419
55 708
8707 8102
9092 9441
1437 1259
6117 6637
7024 7712
4529 3616
7517 6696
4136 4025
6002 5150
687 1171
4595 4485
37 611
8512 9035
1672 2029
7600 7469
7973 7907
7393 7025
1051 1714
9095 9779
7719 7700
64 403
1483 1265
5801 4868
2367 2378
9812 8859
6227 6666
1420 2334
1775 1294
7368 8017
4568 4377
7120 6270
3110 3620
38 942
7722 8237
3544 4451
9281 9385
4495 5127
8912 9774
7116 7376
8621 8212
3459 4373
8976 8315
6825 6349
4528 3746
1328 2216
8913 8870
27 202
2675 3122
1241 1990
6394 7326
4619 5381
5730 6245
1380 1071
3086 3534
60 432
6039 6092
6202 6971
8836 7854
2232 2316
4457 4672
5642 6340
4573 4077
7627 8178
6969 6059
97 557
2869 2297
9878 9402
7048 7323
549 1532
3504 3989
9852 9860
2588 3239
5288 4659
9186 9068
6857 6105
2665 3445
9286 8903
2844 2487
1375 2325
8635 8293
8317 7810
6636 6726
6969 7845
9193 9411
79 410
6370 6824
4910 4411
2770 1878
9068 8441
4056 3131
2542 2030
456 1393
274 1149
10521 9784
4269 4792
2153 2246
7149 8117
6902 7478
3922 4097
1075 1537
7058 6647
95 437
3848 4216
7988 8626
3255 4247
2970 2212
9616 9342
1980 2059
9041 9843
2917 2314
1862 1100
8006 8421
5316 4934
7995 8954
1915 2099
5093 5382
6035 5823
7284 7738
7922 8133
10085 9199
4569 4668
1304 1492
6435 7118
5421 6323
865 1808
2027 1656
7148 6401
9550 8749
6486 7323
8047 8332
1115 1526
5202 5733
3968 3439
2468 1990
7457 7707
42 916
5227 5570
6979 6841
2429 2358
10334 9784
2417 3246
10047 9993
2806 3320
5716 6414
6821 7642
82 110
519 1440
2876 1984
6919 7911
8475 7628
10389 9546
6173 5933
3515 4291
4711 4086
6035 5769
3981 3144
52 201
6248 6963
9885 9305
1494 2389
3228 3026
387 1016
7947 7242
5611 6310
4732 5051
3398 3394
10194 9815
9546 8944
5495 5063
2893 3752
3104 3661
8995 9714
7589 7461
8836 9831
6962 6130
7609 6984
8859 8058
10738 9822
7733 8646
2346 2607
4777 5041
9322 9799
6889 6742
7517 8071
2820 2445
7381 6531
5935 5503
7812 8558
6624 6416
5895 5297
9382 9363
2978 1981
1663 2093
24 622
1531 1883
1529 2134
5162 5106
7365 6885
6141 6549
4053 4949
24 238
4207 3949
588 1516
3546 4161
5959 6167
9154 9007
3041 3796
8322 8586
5235 4882
20 124
7010 6673
3844 4348
3680 4656
2964 3405
8833 8930
8785 9514
5740 6366
9496 9358
6798 7030
80 278
7586 7664
2718 1942
4187 3580
1998 1153
9257 9754
4567 5426
6212 6825
3593 3042
2442 2468
5612 6158
6440 6907
2108 1457
2692 2134
9395 8730
562 1423
6132 5670
2322 2637
3355 3735
9211 8727
2865 2292
5655 5496
7090 6459
10537 9605
37 96
2563 3391
3115 3824
6287 6362
7253 7540
1173 1980
7597 6608
3329 3880
9389 8932
3800 3346
5530 5785
4455 4903
2618 2829
7930 8542
4942 5594
10288 9992
1361 2142
6297 5773
2619 2390
4950 4232
9746 9243
10272 9283
6007 6053
3044 2591
8411 8516
7798 8011
6286 5593
2007 1194
8095 7743
40 873
6853 6561
7046 6184
3673 3650
5958 6699
6833 6014
10585 9789
8327 8310
1592 2152
9486 8905
5340 4708
4130 3767
8102 8871
5863 5613
7859 7032
6814 7216
6707 6860
7128 6265
8238 8835
7670 6976
10026 9754
2595 2989
3650 3688
6588 6321
2012 1884
10465 9873
9077 9437
6106 6410
8487 7736
4433 5022
9176 9640
5995 6521
3363 2854
2542 2583
1872 1945
3796 3190
4820 5588
9109 8434
2920 3913
9176 9428
3613 3965
3493 3012
7881 8750
7676 8497
5432 5431
9320 9664
37 333
3996 3455
5314 4469
7555 6761
6020 5584
8940 9756
3007 3307
8875 7910
302 1114
1571 1373
5885 6824
10064 9765
3901 3780
10281 9573
4880 4158
3486 3616
3336 3977
2445 1841
8775 8278
9170 9847
4238 5046
8121 7924
51 909
7876 7415
3505 2779
2720 2292
1613 1684
7690 7089
8278 8537
7477 7092
9998 9825
72 593
7481 6815
2504 2757
2691 3210
1908 1770
8294 9248
89 881
5293 6125
5910 6707
8681 8064
1413 2314
5485 5028
9804 8957
9959 9773
711 1386
7655 8469
15 941
5248 5935
1768 1783
9311 9174
5966 5522
1570 1304
4156 3714
8492 7914
69 987
6296 6725
5055 5053
7614 7410
10756 9813
60 429
6736 7395
2488 2183
3658 4063
6097 5880
2508 2599
6909 7769
8121 8647
2454 2887
10284 9999
8184 7936
4167 3534
6020 5454
8360 7464
8364 8070
7871 8199
7777 8305
6315 6295
5513 5296
69 262
6865 7048
4561 5469
78 883
4508 3875
2205 1628
5573 6445
9123 9892
1454 1659
5970 6775
1532 1235
3383 3093
3052 3231
2676 3627
2112 2034
3891 4265
49 111
5572 6241
2304 1837
9718 8879
7906 8002
33 872
3782 2950
3691 4366
5566 4788
3859 3177
8529 7621
8942 8315
4318 4493
6438 5489
6650 6289
3909 3061
2989 3602
3274 2695
3557 4274
7029 6309
4460 3518
1618 2190
4361 3630
6344 5585
5936 5331
5305 4613
2321 2034
2724 2720
9704 9449
5215 6184
8314 8393
6719 5897
5043 4594
3540 2885
1513 2095
68 454
1767 1684
3443 3032
5876 5179
8304 9165
5924 5609
1089 1515
7588 7740
9885 9246
755 1161
9140 8670
7176 7896
7765 8035
1738 1097
5973 6300
3700 3901
23 822
2687 2702
9090 9399
9216 9523
2035 2475
6095 5505
9264 9912
487 1125
6991 7704
5156 5324
57 961
6896 6561
4363 4540
2835 2291
5776 6474
8154 7249
4824 4647
7659 7479
6598 6581
7210 7321
6641 7229
9701 9473
17 783
9512 9346
4193 3306
4278 3858
4781 4450
3957 3352
5174 5166
8069 8599
6412 5941
88 568
2100 2986
2719 3631
3690 2937
2688 1719
4093 3561
6641 6068
8796 8802
2107 2065
2539 2306
7869 8809
8591 8681
1119 2076
7619 6738
7684 8517
70 134
6707 7416
8249 8968
2378 2740
3617 2897
7175 6716
8895 9745
9421 9506
6235 7125
3211 2221
4490 4604
85 608
843 1418
3530 2850
5524 5171
943 1099
2163 1927
4919 4271
2452 2149
4132 4090
6631 6660
6803 6692
6115 6794
3546 3921
3288 4028
98 852
27 269
47 625
3082 3041
10375 9467
3923 4313
1899 1046
3938 3650
7589 7954
70 463
5743 5774
8356 7555
4580 4175
8733 8789
2956 3055
2079 2861
8786 8931
2942 2817
2674 3517
4385 4402
2192 1438
5324 6285
3910 3244
3838 2996
1236 1272
1720 1345
8796 9455
7402 7644
2522 2610
1616 1591
6238 5849
6927 5929
3189 2801
65 459
93 844
746 1362
6355 5449
4340 5048
4208 3554
1704 1709
4342 3875
5870 6189
8195 7195
8785 8855
47 306
2715 1852
7654 7858
2828 1863
2802 2022
461 1449
8320 7754
4017 4011
6089 6861
1629 2351
772 1556
5965 4988
5364 5330
3382 4229
2326 2516
3707 4259
3522 3018
8778 8505
7328 6546
1435 1567
8282 8877
72 285
8950 9496
3746 3700
5794 5521
7759 7114
898 1837
9929 9035
2437 1605
6022 5914
84 171
3040 3644
39 830
2567 3383
2258 1567
4423 3512
4693 5386
7325 7560
3678 3204
8756 8919
1300 1610
7581 7316
8128 8621
6279 6597
4755 5239
4705 5018
1640 1389
6569 6438
1517 1469
6069 5612
3347 2353
90 255
8949 9864
6430 7254
3668 3527
6734 5868
5798 5201
1532 2118
5381 4775
2568 3355
5886 5150
6955 7773
6259 5496
6192 5564
3419 3437
5907 4999
10895 9998
1807 1671
8005 7938
6871 6330
2525 2116
8468 8505
4941 4084
2206 1419
6639 6167
255 1014
5812 6731
3133 3793
5210 4769
9804 9263
6748 6080
3286 3942
3712 3365
2055 2656
7981 7577
4679 4106
6464 6781
9183 9746
4827 5541
54 489
63 152
2623 1634
4667 4791
6413 6059
3533 3446
3425 3033
9746 9918
8405 7418
8207 8312
38 329
4782 5198
5569 5335
8839 9765
9203 9234
3087 3285
5318 4977
9364 9805
1154 1646
2536 2977
7790 7893
2609 1900
85 146
2570 2077
5808 6477
8942 9166
1980 2599
1805 1743
3225 2668
8285 8989
10445 9668
1873 2517
4793 5622
6815 5900
4867 5527
2618 3079
4543 4186
9170 9835
3379 3647
9449 9048
2459 2442
5681 5574
3552 4168
7328 7063
4404 3474
6665 6823
2982 2537
9532 8854
9260 9770
5696 6695
6676 6521
3477 4257
47 721
5787 5370
6416 6035
4684 5211
4989 5747
2592 1723
5309 4556
7873 7333
8569 8112
4733 3872
7076 7675
8103 8944
10140 9519
3578 2874
8437 9192
7632 7011
1796 2172
9460 9273
9902 9972
53 330
2068 2187
5901 6214
9889 9080
37 10
723 1382
3608 3774
8277 8532
5291 5766
10 176
2499 1715
1984 2082
9466 8981
6989 7535
6034 5176
4941 5324
6134 5735
8558 9423
6862 6145
7411 7896
3164 2584
36 850
4248 4782
7237 8020
4334 4026
1880 2183
9282 9274
4828 4862
1000 1837
2467 2397
14 11
5121 5288
4321 4647
9867 9772
5133 5448
2149 2909
64 995
6061 5410
4297 3566
10816 9854
1484 1598
1906 1503
8110 8420
5178 4186
6339 6295
1700 1775
10218 9822
6219 6274
9560 9497
2665 3566
9284 8985
4094 4661
10050 9068
9749 9933
5419 5762
2312 1477
6144 5636
8145 7191
5908 6884
2167 1570
6880 6608
4823 4518
2254 2289
5195 4901
1185 1923
2453 2505
9195 9707
4957 4587
2210 2745
458 1087
3610 2669
3683 4011
6874 7152
3491 3457
1934 1617
7890 8882
2823 3349
4501 4630
2711 2743
4784 5378
1812 1893
8988 9150
3261 4006
9710 9015
1362 1513
9478 9244
2827 1986
3303 3012
7370 7396
9086 8470
7567 7949
4137 4854
1787 1094
1433 2213
6080 6606
9825 9266
5292 6208
5430 5785
6747 6053
1868 1969
3970 4934
9628 8698
7411 8106
9315 8987
9904 9914
5911 4923
65 580
3161 3968
3200 2303
3845 4523
8136 7240
7343 6497
5616 6456
8460 8251
1856 1658
1873 2051
3851 2891
2648 1686
3113 2533
10807 9889
1113 1827
81 317
7798 6937
4988 5185
3094 4074
6048 5423
80 357
8568 8040
6957 6426
3091 2810
96 1003
8994 9109
8544 9220
35 715
4258 4751
4094 4712
5362 5582
3540 3172
62 49
8718 8377
7198 7814
8783 8760
6850 6015
43 695
8901 9685
7024 7062
7987 8555
8540 8852
2210 1704
8541 9162
7577 6826
6529 6354
7217 7703
2981 1981
5582 5805
3738 4118
10139 9819
5913 6595
5352 4721
3870 3908
8250 7713
5220 4658
5527 5156
8344 7800
5071 4274
83 797
61 387
6499 6243
5610 5705
5099 4495
6972 7072
4787 4177
1179 2057
9300 9453
1919 1433
36 19
2941 3654
2495 2110
9731 8820
4087 4156
9909 9468
7955 7317
7117 7231
2168 3086
6133 5270
5939 6923
1530 1748
2452 1981
2390 1666
7088 7185
57 324
3593 2675
6657 5801
6546 6383
2919 2755
2868 2322
8405 8784
1704 1943
4672 5603
8615 8869
3752 3889
3706 4148
4101 5020
5515 4974
4965 5697
4730 5233
7403 7987
9592 8668
8340 8683
4461 4753
6867 6172
5725 5508
3394 3819
8469 8186
5213 4642
2599 2482
3720 3149
10354 9667
5256 4555
4080 5013
73 799
1418 2037
3476 3839
7472 7456
4589 4526
5492 5641
5317 4726
4934 4021
9122 8863
2725 3560
6571 7538
4983 5878
10298 9305
78 767
1650 2114
6817 6707
3954 4083
8487 7597
7988 7209
9652 9546
4132 3712
47 567
4642 4549
6317 6392
67 450
6944 7648
4520 4512
3664 4067
1192 1592
8871 8157
6144 6428
38 99
8044 8098
7679 8433
5373 5480
6065 5612
1469 1395
2941 2671
60 705
7590 7343
5012 5604
844 1714
7007 7529
5253 5361
4069 4880
81 529
1850 2028
4220 3738
947 1027
8698 7948
6454 6708
2606 2400
8762 8049
7557 7345
6908 6776
13 549
3852 3555
5408 6037
6163 6233
8892 8244
43 328
4254 3353
6938 7523
3552 3696
8231 8003
1770 2059
10123 9823
7683 6764
3536 2889
5871 5924
937 1751
3585 3532
9091 9576
9382 9154
6782 7448
9085 8133
6879 6998
8134 7846
8037 7128
3199 2685
88 979
224 1132
7531 7729
2584 3579
2279 2299
8317 8435
7644 6829
7468 7857
6258 5491
2257 2117
6199 5928
5424 4982
1442 1156
2481 2011
5866 5141
5713 5626
29 198
37 118
5640 5323
3354 4207
3890 4024
4162 3859
4308 3354
9273 8687
5693 5585
4752 4254
9247 8446
77 788
2189 2134
1835 1889
8461 8804
2571 1827
9168 8220
1310 1783
7797 8117
15 12
5402 5029
4125 4341
4667 4275
8301 8887
9286 8886
8066 8087
89 67
629 1230
10606 9980
7719 7112
355 1243
5385 5049
4944 4130
4895 4344
5486 5481
3408 3204
9371 9436
3663 4014
57 424
2847 3272
7811 8132
3158 4105
4450 5050
4914 4033
3833 3167
1969 1558
2668 1918
4974 4020
3420 3514
8803 9332
7356 7717
2595 2039
3839 4386
8507 9011
1935 1922
81 619
6646 5972
5789 5802
9289 9345
6132 5873
6154 6811
7049 7012
24 728
7783 8055
6458 7043
4999 4784
2375 1874
1338 1436
2536 3526
2870 3530
15 595
1929 1915
13 297
8404 9333
1855 1813
6072 6230
6821 7727
51 441
1093 1635
7389 8023
49 668
2146 2359
5626 5485
8470 7865
7027 7567
3076 3414
4402 4022
10208 9693
6437 6611
46 801
6102 5844
6827 5941
8118 8790
9645 9983
9952 9616
7486 7534
1226 1777
10438 9511
83 970
4929 4790
4161 3768
8137 7718
4864 5054
8915 9359
5009 5147
3316 4042
9666 9447
8372 7511
8494 8284
1552 1163
5661 6006
9653 9461
1576 1890
1833 2755
7184 8106
3204 3209
813 1736
2544 3355
53 579
7547 6738
8580 9272
6499 7275
9730 9748
4568 4260
9313 8393
7735 8088
67 824
8140 8265
9741 9744
42 58
4486 4475
9529 9169
7427 6868
6826 6403
2671 2043
6520 7394
7597 7775
10162 9688
9062 8958
5052 5846
4018 4085
9873 8963
1773 1370
5333 6333
2027 2306
10294 9891
3674 3774
6557 6650
6388 6976
6487 6506
2557 2212
5080 4759
4295 3802
2779 2471
3343 3799
6756 5874
2073 2515
4158 3339
4755 5123
4872 5541
1503 1260
6349 6712
3321 3690
95 58
7227 6403
1238 1223
6404 6308
4529 5304
4707 4290
4115 4666
2159 1518
8994 9332
4106 3964
9594 8827
5666 5357
7547 7609
8701 8308
7447 6913
8468 7531
6367 5829
8017 7347
8015 7912
4770 3854
4782 5086
7359 7842
2108 2329
7424 6549
79 558
2494 1544
4602 4470
9583 8751
4399 3926
64 27
1513 1877
4890 5872
3812 4270
10659 9882
65 89
3101 3931
3613 3067
515 1256
4574 4039
3712 3692
5184 4981
7516 7721
5448 4695
7675 8139
7201 6549
1060 1675
3912 4014
6735 7261
67 854
52 948
5040 4519
1553 2139
3284 2573
1552 1122
3433 3348
9694 8809
5637 4907
3333 2540
9029 9562
6615 7568
7635 7984
3596 4272
6048 6367
8825 9021
4990 4182
8768 8113
2862 2118
10273 9600
3952 3887
5066 4226
4801 5027
8823 8000
9972 9606
5405 6080
4387 5337
10719 9969
7255 7268
5557 5508
3506 2670
7117 7556
1742 2401
2318 1652
7787 6847
2018 1186
6038 6980
6808 7039
8466 9214
8541 8033
749 1597
7675 7967
7989 7971
8362 7748
7494 8255
3335 3723
3235 3279
7479 7008
9747 9912
4210 4189
2047 1529
6227 6566
4318 3940
5118 5703
8620 9501
6911 6489
10523 9596
5434 4996
20 453
4476 4317
5041 5343
9072 8793
5083 5924
1949 1953
5158 5737
7937 7671
59 282
3858 3279
5825 6709
10078 9646
1182 1336
57 179
7745 7856
5282 5750
42 374
4860 5240
2980 2431
3286 3220
5378 5000
5527 5685
5184 5402
4797 5785
9531 9942
4653 4808
2631 2378
8244 9086
4867 4593
7965 7427
7074 7322
7736 7199
8194 7678
10010 9497
7077 6600
6424 6368
2016 2410
7086 6327
6875 7389
30 596
6545 5872
9059 8875
9181 9040
92 220
2714 2918
7211 7520
4898 5177
2480 1749
3035 3533
6245 5783
8181 7816
3255 3714
10480 9783
8978 9188
5780 4833
5965 5764
5958 6037
1847 1930
2978 2937
8194 8183
6465 7170
15 12
7336 7537
3134 2209
5724 5282
3479 3539
6482 6332
7106 7106
12 211
5252 5672
1236 1850
3769 3825
8490 8114
7809 7810
10436 9725
100 284
6197 5366
57 385
1288 1757
28 923
8730 7857
27 559
3559 4317
8826 8321
33 548
4605 4680
3784 3174
7191 7844
7330 7301
3920 3197
8832 9686
9802 9102
5919 5364
7863 8417
8488 8705
9541 9589
9369 8869
4957 5144
1144 2045
7630 6925
7005 7878
3866 4491
8605 9087
7462 8131
3945 3954
8563 9497
8482 9074
1675 2536
5538 5474
62 669
73 776
9083 8189
7079 7735
3655 4474
2657 3352
9063 9470
4357 3570
3099 4032
3848 3868
6518 6793
47 227
3424 3206
1241 1921
3618 4101
8589 8215
24 896
52 949
10107 9509
6668 6229
3289 3676
3438 2857
3338 2665
6143 5295
1649 2636
3130 2860
8147 9005
8683 9529
8702 8919
2464 2680
8686 8996
7665 8369
8464 8148
7517 7061
1411 1063
7989 7683
662 1465
18 568
4703 5020
1295 1259
7163 6413
5556 4811
3924 4189
900 1550
7588 7191
790 1510
10302 9804
4460 4917
8298 8366
3927 4281
3413 2782
76 29
8796 9198
2063 2833
3331 2628
8548 9522
2564 3032
2941 2599
9844 9600
5970 5121
5893 6799
2558 1702
4342 4109
6961 7475
7585 6642
1449 1180
8659 8959
2701 3331
6580 7492
7197 7015
3409 3081
8397 7661
5787 5152
8043 7467
2191 2488
65 12
1401 2320
8325 7495
5858 5683
8526 8328
4065 3232
6690 6813
8825 8032
6651 6838
7615 7301
7474 6530
7986 7994
3848 4614
10323 9658
4626 4176
6286 5484
10139 9744
3994 4839
2295 2880
6073 7062
1764 1899
5427 4613
3276 2923
9928 9338
7134 8052
4845 4927
7562 7966
8489 7709
6469 7418
7226 7447
20 802
32 35
40 51
1287 1560
2598 3191
8372 8873
4130 4853
5839 4958
8295 9202
695 1208
1155 2134
10008 9404
4912 4491
2840 1908
9819 9102
1228 1956
9161 8186
9856 9959
4201 4548
2804 3447
2927 2130
8643 8931
397 1315
6946 7016
5704 5615
6010 6159
4506 4102
7673 8132
6427 6153
3723 2870
7896 7439
53 490
9193 8831
2839 2801
1547 1276
2238 2451
2124 1920
7580 7857
3011 3522
3545 2643
2323 3295
2440 1959
8462 8703
5122 5909
6805 7327
1787 2634
6724 7193
7038 6255
94 945
3275 2438
7344 7995
6295 7057
1003 1123
3286 2781
3193 2347
2569 2141
19 943
4428 4734
2623 3063
3321 4052
91 360
24 350
1485 2171
5867 5425
7124 6980
1612 1044
8195 7528
9407 9717
7192 8109
1933 2216
1785 1297
8153 7516
9776 9989
5994 5251
5531 5494
966 1306
9741 9141
5440 5617
5159 5051
3403 3196
9383 9021
10275 9604
4785 4502
2000 1585
2052 1594
7567 6955
9343 9652
63 90
36 933
6244 5759
1004 1297
7585 7936
2607 2885
6087 6041
73 32
13 373
9678 9917
1991 1213
6309 5816
2259 1327
504 1316
7819 7932
2572 1627
3500 2634
7389 7831
3467 3529
2265 2170
9981 9700
1601 1587
6779 7771
8451 8916
4004 3725
31 992
2820 3605
3276 2730
841 1314
2854 2440
8213 7865
6119 6413
8625 8276
4959 5801
1571 2244
7074 7657
7443 7261
10014 9425
3763 4399
9263 9470
1448 1114
9475 8945
1721 2661
4322 3883
4337 4411
10436 9770
6781 7414
9146 9463
4206 4819
2065 2596
2643 3234
7756 7139
3269 3383
1303 1052
4795 4910
3783 4198
9431 9614
997 1671
88 872
8969 9088
989 1554
7359 7199
7924 8521
9595 9890
5597 6438
3933 3836
5089 5867
3694 2855
6336 6507
9163 8178
3618 2707
73 730
68 327
4413 5307
4804 5093
2242 1839
9900 9389
965 1926
4206 4991
3690 4664
2245 2497
4970 5235
100 208
4413 3785
9788 9345
2421 2479
4185 4106
77 443
6387 5637
6890 7829
5785 5886
10025 9349
3178 2323
6320 6826
2655 2020
1571 2282
754 1627
5775 4923
1000 1906
3609 3401
6001 6480
6402 7373
2510 1932
10821 9944
4126 4863
5992 6975
8651 8669
7261 8082
3745 2913
9020 9116
6391 5858
6872 7423
95 372
7419 7326
7378 7535
4300 3563
3578 3069
4272 4311
3493 4307
59 41
5859 6700
97 150
68 745
1593 1094
6680 6279
2925 2196
3396 3221
8995 8818
8120 7624
2265 2332
7980 7465
3131 3576
4775 5032
2284 2201
9826 9804
8816 9713
4977 5753
3569 3029
5242 4977
4278 5072
54 608
6975 6983
1796 2304
1120 1390
8243 8324
8848 8220
2372 1989
3842 4731
3050 2454
3334 3912
9512 9362
5645 4709
54 801
5809 5839
1625 1280
7212 6242
2025 1355
4701 4431
8073 8028
7705 8231
1245 2204
3349 3947
2617 2800
2768 2909
8125 8071
3080 2859
7592 7986
4321 4588
7336 7287
8594 7774
7686 7907
2269 1873
8584 9527
1941 2888
96 487
3067 4002
2936 2857
6199 5252
2009 1567
3633 3906
7985 7930
55 914
2281 2994
6955 7335
6799 6188
1043 1716
9487 9448
9972 9114
8420 8333
8311 8827
8586 8473
71 417
3117 2788
9325 9958
3521 3407
7077 6837
9066 8199
2694 3155
2267 2202
4289 3359
41 277
9935 9915
7592 7034
3434 3338
6658 7390
8239 7848
4522 4655
7136 7779
4047 3719
8779 8666
5659 5404
5170 4959
9231 9377
921 1101
3581 3208
5016 4260
55 737
6194 5339
5089 4501
5429 4477
8501 9046
7912 7129
5242 5690
4532 4827
7836 7593
9579 8993
4868 4208
8453 8528
3781 3922
4620 4601
86 85
7067 6345
5343 5729
4465 4975
3429 4427
9493 9123
6754 5863
96 218
2997 3590
6635 6899
6965 7829
7231 6753
5498 4679
9734 8798
38 22
9839 9648
4708 5529
5203 6053
4990 5870
3362 2936
3817 4195
4684 4554
7904 8478
9211 8676
44 154
1141 1541
7827 7052
1258 1115
8680 8227
3837 4686
4967 5237
8181 7259
3653 3092
2324 3283
7953 7948
8267 8749
8724 9334
1994 2156
9301 9646
2172 1965
740 1718
4694 4674
3284 2649
7990 7157
6093 5666
4236 4856
8609 9329
2427 3050
5552 5559
3840 3076
10472 9834
7656 8003
308 1111
37 846
9626 9459
3434 3707
380 1045
6018 6818
8813 8089
2511 3338
9276 9239
99 391
1348 1229
8024 8943
6348 7124
1339 1799
9638 9025
4720 5019
10861 9893
2043 2371
3649 4331
10178 9675
4250 3821
6189 7128
46 776
1707 1159
25 584
52 719
7847 8530
4496 4854
5364 4631
8513 9247
4539 5242
2780 2907
1398 1522
7267 6982
5957 5641
6779 6281
2593 1719
5213 5984
4729 4918
3875 3428
2250 2805
91 496
3159 2953
6779 7085
6136 6071
8228 7808
6740 6999
6851 7252
8005 7238
4838 4367
70 648
8823 9122
62 817
3662 4017
5505 5469
6959 6601
6675 6631
5714 6466
6744 6140
72 127
9447 9144
888 1283
3552 4477
95 792
4866 5292
1441 1518
6973 6325
7246 7894
6504 7213
7542 6586
5848 5556
9931 8963
5533 4787
4991 5161
7858 7612
99 208
4950 5235
1734 1603
2001 1915
3217 3886
8078 7977
8765 9160
1839 1603
5644 6546
8121 7724
8887 8773
7222 7153
95 397
4650 4479
7826 7086
9659 9106
87 907
1702 2493
10324 9630
8364 8875
1733 2495
4679 5302
1617 2184
4531 4122
1399 2268
1011 1714
2247 1924
765 1147
10424 9520
1446 1517
3738 4390
3111 3147
3533 3821
9101 9125
7529 7327
1039 2033
2407 2943
6329 6724
2474 3060
3273 3664
4422 5372
3469 2606
7594 7130
5248 5297
3780 2973
3123 3556
4015 3554
9681 9476
2579 3081
2659 2776
3412 3037
2940 3820
7846 8269
89 741
453 1066
7414 8053
7413 6490
8168 8153
6753 6952
9993 9520
1644 2499
3219 4095
59 702
7073 7280
4814 5011
4647 3947
8921 9373
4402 4841
9764 8785
3308 2422
915 1875
2174 2797
6724 6256
6682 6291
9616 8962
7034 6991
6346 6368
3412 2977
10057 9340
2416 2997
9663 9435
5780 6413
1750 2007
10271 9478
5696 6495
2010 2157
6506 5842
6389 5855
5010 5484
2022 1626
8478 8098
6391 6818
9253 8784
1737 1677
6444 5454
3568 2813
2270 2857
8346 8459
4642 5591
7252 7540
5379 5072
4507 4227
7393 7693
3306 3600
34 361
3397 3207
8688 8410
6130 5272
1965 2038
3509 2978
3009 2698
7704 6946
280 1244
5502 4999
6555 7258
2226 1473
5039 5726
95 520
80 579
4012 3500
5790 5674
8216 7360
3296 4101
7120 7817
980 1378
1102 1124
5461 4942
6418 6716
2512 1601
5180 6113
12 713
2961 2344
7325 7643
91 261
2630 3603
8564 8386
7365 7301
92 375
4904 4031
8644 8543
8849 8957
8144 7497
7583 7661
6621 6987
3154 3010
5864 6676
5513 5999
8464 7826
2903 3135
3521 4494
9785 9369
5625 5406
7669 8074
24 502
8976 8898
49 358
5908 5329
8860 8214
25 281
1902 2671
4398 3627
1425 2060
6104 5494
3455 3000
6482 5608
2563 1753
8527 8049
6156 6942
7497 6635
51 52
1498 1138
2549 1919
9693 9831
6549 6120
1142 1561
97 709
4346 4567
36 952
6874 7272
4448 3665
6857 6971
6021 5804
467 1342
57 902
9337 8625
50 647
3810 4283
2126 2405
794 1035
33 540
6590 6154
3686 3291
5985 5784
7653 7204
4122 3665
3961 3799
4814 5323
8147 8899
4922 5434
7172 7284
6554 7114
7681 6842
8741 8139
2884 3681
6050 5328
6982 6901
3322 2628
8680 8847
6747 7710
2168 2339
8984 8545
7344 8146
8561 7744
3304 2799
7524 7442
7324 6700
6856 6253
5589 5663
4122 3168
5761 4987
8025 7631
1065 1476
3167 2308
7393 6899
9334 9411
7137 7529
61 216
687 1639
6983 7179
8379 7780
7775 7538
6312 5988
2854 3578
6174 5264
7997 7380
94 918
3170 3818
4432 4438
6303 5359
4876 4488
2726 3010
1672 1030
21 672
1571 2415
4836 3846
9102 8196
17 577
1184 1505
90 322
10831 9987
6118 6779
698 1517
10032 9548
4049 4020
10043 9818
2306 2891
1901 2828
7390 7069
29 148
6434 5834
8809 9008
1709 1223
2892 2678
9143 9642
4507 4371
2935 2772
82 71
6216 5794
4067 4367
5596 5385
3450 2985
9770 9524
95 408
57 620
1913 1862
49 80
9524 9956
22 125
7165 7534
6536 5545
10863 9901
6568 5679
4819 5674
2153 2425
3029 3103
7382 7115
4192 3417
8746 8369
8052 7288
5854 6176
5262 4915
9026 9278
15 779
8581 9425
3845 4294
6468 7055
6958 7824
8816 9366
3509 4359
9716 9375
3565 3298
9075 8364
9662 9302
1463 1180
29 807
83 624
8366 9197
10154 9545
3457 3211
283 1245
9758 9877
8847 8379
25 525
6096 7021
9806 9145
8315 9308
2720 2863
5759 6682
1645 2606
8480 8452
5518 5986
3127 3096
8724 8979
8237 8499
8001 8954
7275 7610
69 733
4848 4552
2639 2910
5428 5419
5908 5419
4756 5394
5061 4774
5642 6589
7641 7291
3633 3958
2366 3154
68 289
10092 9463
7808 8284
4413 3480
8886 8044
7855 8657
10 34
8417 7897
27 269
7918 8087
9811 9026
4461 3887
7551 6672
2525 3378
5696 5836
881 1569
6423 7180
6008 5349
40 430
7616 6730
9040 8886
3871 3209
2409 1972
8646 9609
6981 7535
7206 7624
4159 3959
4123 3590
39 853
5936 5084
2041 2161
6474 6250
4386 4279
6475 6400
2407 1817
9503 9086
5381 4900
5641 4704
6619 7123
9301 8836
6324 5533
8261 7942
5410 5625
7874 7250
10517 9935
3659 3614
1380 1720
6124 7096
6352 5786
5806 6644
6426 6637
6171 6379
9300 9000
6215 7116
4404 3827
7073 8070
4580 4551
8020 7480
5417 5670
4153 4221
6750 7191
3608 3904
3630 3726
3981 3374
3636 3663
7021 6479
45 158
9471 8482
6482 6783
42 378
1189 1520
3754 4675
6030 6408
6347 6000
6615 7073
7126 6810
5736 6568
9099 8403
10148 9553
1790 1221
10274 9649
8037 8251
2729 3093
4322 4711
7050 8030
19 381
4334 5238
1516 2421
10195 9292
8959 9916
7251 7611
5643 6525
8451 8223
3329 3518
3607 2906
6073 6469
9912 9575
7744 8650
6908 6465
3475 4278
6794 7187
737 1539
6142 6072
6194 5907
94 452
7200 8174
4938 4505
6154 6929
6276 6448
5747 5607
6538 6998
3906 4529
3856 3591
1789 1850
3263 3676
3848 3892
1452 1124
9083 9345
88 288
39 997
6303 5879
10151 9222
45 873
8513 7774
2987 3339
4861 3907
45 563
10742 9782
6574 6681
7860 8371
2063 1195
100 708
2789 2057
7128 7804
4981 5349
3081 2768
4984 4590
3011 3292
2546 1846
5989 6471
5461 4785
5635 5893
988 1942
1976 1500
8611 9265
64 61
8073 7293
3946 2995
317 1207
5904 4941
7406 8170
6744 6108
5983 6400
82 549
4655 4199
6304 5409
23 871
6015 6222
4191 5079
1110 1140
5200 5057
6485 6179
3296 2396
1603 1700
6360 6868
2086 2897
46 270
64 247
2668 3089
8191 7603
4249 4081
2392 2014
2881 3244
6590 5722
8714 8172
5879 5977
10326 9568
59 468
4275 4279
7078 6234
3731 3642
4581 4398
8001 8033
7693 7664
3384 3666
5295 4317
7244 7986
4752 3973
1033 1627
6494 7441
9656 9985
7044 6708
8095 8839
5837 6726
9911 9821
1727 1540
5747 6165
4832 4213
4343 3843
8466 8448
9221 9745
821 1229
1976 1371
9937 9179
43 448
5960 6546
8482 8786
2143 2608
3827 3838
6797 6868
3302 2432
7946 8629
8496 9069
4868 3974
10042 9113
6913 6926
7203 6317
41 132
2661 1739
6278 6539
9034 9619
5279 5975
2714 1832
2242 2053
8982 8335
1706 2444
6679 6366
2651 1940
6459 5692
7352 7213
7681 7943
6224 7000
6141 5216
10219 9576
5768 5604
2458 3116
4251 4448
1480 1242
7230 6824
5680 5158
5962 5955
2942 2350
3578 3811
96 355
5698 5480
9860 9219
80 631
8388 7880
2194 3041
5519 5118
4908 3919
9048 8417
5769 5750
5151 4426
6788 6572
3463 2895
9206 9675
2524 2359
64 250
7250 6942
10296 9834
7429 6577
1305 2067
3849 3055
88 266
8773 8814
5549 5290
5111 4112
4030 3944
7036 6431
683 1524
6569 7563
3359 3936
1245 1462
3460 3695
8787 9538
75 129
9353 8966
2529 2047
53 389
69 949
3442 3650
9042 9888
7376 7021
5175 4637
4214 4044
6896 7040
2955 2336
6519 6418
3557 3344
7006 6329
8742 9006
10136 9959
4191 3257
8698 8434
631 1508
3946 3433
6911 7288
9495 8628
2251 1829
9399 9714
3020 3219
7408 7972
6592 7369
2870 2099
4320 4494
7499 7842
7445 7844
4367 3771
97 537
9480 9108
7130 8009
2819 2657
2653 2864
5513 4663
38 113
3706 3039
6605 7309
4844 4987
3480 4345
419 1184
1806 1175
3955 4141
9622 9827
35 794
3716 2949
5966 6240
7827 7989
6657 6463
9615 9269
39 77
4795 5554
1454 1945
4807 5324
2731 3136
8507 8807
3202 4045
1810 1719
3957 3872
7422 7173
9499 9887
3866 3514
2261 2633
2107 3037
10384 9863
7336 8066
4651 3731
1929 1864
1962 1127
4952 5579
4853 5362
7944 8522
49 793
58 93
4066 3346
9005 8597
1488 2446
4754 4680
87 198
4643 5500
5661 6454
8280 8382
5884 5965
50 297
5072 5985
100 339
6726 5841
3135 3339
2199 2700
9955 9633
2280 1281
5936 5114
3511 4073
3102 3064
2949 2249
8950 9559
2446 3233
9788 9294
4838 3868
10580 9659
86 420
3907 3019
7015 7955
2051 2298
8283 8428
31 233
10071 9152
7960 7321
9538 9704
9232 9926
8957 8914
4010 4990
1750 1144
4356 4014
7166 7479
4264 3422
8658 8886
4285 4031
2371 3300
695 1492
6473 7172
5307 5089
5503 5483
5805 5496
90 320
6642 7077
6258 5957
1376 1201
1047 1991
6230 6430
7384 7172
2085 2818
3900 3718
14 26
8864 8334
8829 8021
8437 7457
4574 5283
2703 2616
8812 9692
9778 9613
7939 7349
3890 3211
3443 3066
54 54
6578 7447
85 56
1565 1692
5506 5264
4903 5297
9770 8846
8857 8168
7829 7904
8207 7245
4839 5582
7814 8471
2595 3404
3730 4685
5145 4892
6794 7740
6776 6512
7126 6476
8078 8437
8186 7859
8118 8690
2126 3015
54 270
9705 9831
9174 8224
8576 9458
7672 6691
10186 9954
5808 5180
7124 6634
5659 5823
5852 5225
706 1476
3521 2711
3364 2384
8395 8216
3751 4658
3784 3671
7855 6883
4360 4225
5427 5307
4759 5338
8068 8506
663 1599
39 19
7023 6405
4028 3692
7284 6370
8014 8013
5463 6315
5300 5377
80 443
6540 6836
3353 2473
7391 8086
7350 7134
7978 7857
10855 9881
9955 9849
2924 2363
4916 4580
10405 9911
30 732
4428 4587
1291 1666
43 949
96 152
7496 7388
8765 8807
5733 5932
8094 9057
5393 5864
9094 9004
7736 7094
8675 8343
8173 9064
7800 8263
79 685
6692 6464
48 610
10442 9485
66 992
6365 6004
5995 5053
5614 4645
19 59
9393 8921
1820 2222
3188 2392
86 251
10687 9721
3660 3851
39 911
8216 8056
5507 5176
6690 6109
8790 8423
5204 4788
9440 9445
79 796
5120 4799
5917 4946
8661 9571
5389 5479
44 411
2055 1618
61 779
4823 5068
2528 2299
9738 9637
4856 5423
10292 9815
7428 7697
5867 5542
4868 5633
623 1176
4725 5395
10800 9858
4081 4586
7724 7349
9403 9200
8539 9489
7498 6691
36 317
1658 2494
56 769
9342 9636
7431 8305
4009 4252
10278 9591
5502 5822
5476 4907
6757 7739
299 1104
1895 2248
1513 1187
1633 2609
3525 4324
5086 5691
5299 5982
5435 5143
7890 7198
9489 9619
6141 5748
9768 8811
79 91
3499 4300
4328 4569
8607 9138
4218 3961
8599 9515
5640 6266
4879 5142
2599 2246
4443 5349
8686 8831
5738 6343
1502 1322
9228 9903
30 229
8295 9058
1849 2709
13 495
9026 8635
5343 5358
2657 3621
9127 8372
8109 7925
6396 5568
7136 7685
3701 3820
42 217
2712 2212
56 211
5026 4214
4155 3363
5806 5002
3848 4297
9594 9497
5316 5648
8630 9284
2079 1674
5659 5726
1251 2195
4773 4608
6746 5922
4511 4963
4667 4092
7131 7328
9377 9565
7238 8200
6110 6536
4979 5230
5291 4909
2501 2974
69 78
3062 3203
6428 7087
7190 7676
1639 1441
57 178
6686 6951
2038 2300
7635 6760
8376 8761
1582 1542
8224 8548
8788 9148
2768 2453
2881 3143
79 712
2180 1974
8758 9042
4566 5455
1775 1638
3666 3662
6556 6959
6712 6504
1103 1692
2507 2322
9165 8326
7792 8498
6184 5709
4628 5449
1379 1867
33 162
9509 9010
339 1332
46 156
6042 6428
3524 2656
1352 2080
2579 3263
2227 2111
6453 6579
9412 9728
2972 2310
2627 3338
73 930
5951 6162
7812 8392
7488 7354
10523 9935
1720 2235
6664 6782
6591 6529
45 869
5600 5240
5304 5494
7631 7659
1468 1549
618 1367
5792 5892
1392 1145
7467 7145
8340 7849
8075 8103
7902 7674
48 473
5264 6218
5508 5042
2849 3580
6783 6384
5885 5149
7738 7223
25 501
6581 6663
10211 9470
1703 1126
3638 3151
9126 8499
54 538
5541 5772
7260 6445
83 919
4103 5101
6321 7064
3679 2705
371 1257
78 503
5264 4950
10 884
6556 6818
87 424
42 394
24 492
3621 2839
2373 2833
1908 1639
6493 7221
7564 8431
6808 7789
6674 5903
3850 3366
2275 2124
2453 2872
9563 9734
3561 2943
9964 9368
7852 7305
4219 4157
3916 4829
9241 8572
9435 8880
6953 6921
813 1785
1302 1331
9862 9591
8775 7915
8680 9365
6962 7428
8559 8120
7159 6248
3906 4845
3475 3996
32 444
8009 7791
9962 9434
3592 3478
8062 8009
