4994
50
13966100
109 104 106 96 105 100 94 103 97 94 105 99 94 99 96 96 108 94 90 101 99 99 108 107 98 95 100 105 96 94 95 98 102 103 97 93 100 95 106 92 109 93 110 104 102 90 102 104 102 106 
-128130 -129162 -132813 -116731 -133730 -132517 -124933 -119106 -125041 -119258 -121608 -111080 -121812 -117978 -110358 -114196 -135655 -111040 -89592 -115323 -114355 -126684 -127780 -121200 -101679 -99449 -123794 -117455 -119162 -116372 -118100 -123490 -127633 -128946 -119549 -120850 -115099 -132231 -112382 -103825 -127644 -108736 -134634 -122896 -117620 -108405 -122633 -129174 -111780 -103746 
85665 85304 90389 78340 88107 89733 84432 80865 84357 80056 81299 75012 80536 79961 74656 76869 92348 72711 61159 76990 76139 85547 87249 84203 69853 67282 82911 78987 80302 78348 77390 83571 85225 85990 81049 80455 78300 88602 77036 71542 85486 74568 89138 84299 78742 73622 83013 85881 75834 70184 
5205 5867
3893 4680
7633 7206
74 545
6296 5898
2787 3232
9801 8958
16 354
9339 8933
4107 4162
1342 2188
6079 5191
9124 8379
45 519
61 803
1110 1541
9839 9592
3706 2855
1062 1135
6374 6519
97 948
8432 8450
7733 6825
8711 8233
10736 9754
5597 6301
9590 9182
6932 6679
4651 3673
68 678
8347 9237
7388 7431
5844 5375
7887 7887
3095 2336
6655 6109
4286 3546
2271 2240
5011 4431
9762 9824
4231 4440
71 987
1727 2704
4976 5227
6334 5534
1195 1042
5278 4612
3589 4569
7932 6960
960 1301
14 625
6582 6356
2636 2838
8437 9338
4978 4786
5422 6209
10875 9932
5804 5612
418 1117
7924 7998
2841 2318
6103 6723
9415 9437
3542 4088
7348 6847
964 1154
7471 6873
7672 7177
904 1578
4083 4743
4962 4338
2400 2038
32 279
4639 4996
9811 8912
6259 6894
7936 7956
5883 5511
6826 7018
4144 4628
12 603
6677 7151
3706 3943
10348 9577
3236 2689
89 36
4046 3404
3530 3977
911 1529
7683 7434
4545 4699
4041 4780
6122 6974
2826 2764
80 375
7085 6264
3772 3956
3568 3713
1616 2220
1255 1173
2383 2624
3375 2959
7909 7362
8848 8293
5749 5955
6510 7081
2896 3597
6226 6267
3823 3177
5544 4643
83 713
6923 7156
6775 5807
7795 7144
8636 9336
81 205
13 749
1043 1970
5624 4849
10685 9923
5984 6299
3295 3127
8250 7623
83 33
93 657
3649 3527
3253 3772
7346 6626
2317 1584
1296 2218
4691 3867
7172 8056
7343 7334
2091 2444
5316 4962
5469 4931
5809 5597
1467 1954
9377 9414
6786 6890
4436 4753
3098 3755
8322 8958
1448 2363
8096 7745
5013 5558
8330 8716
2629 1656
6499 7021
9002 8070
7581 7088
69 127
4719 4114
9507 9194
2061 2239
1139 1344
4584 3616
4531 4706
7364 8188
10095 9777
4042 4599
5565 5397
8276 8939
1515 1700
7021 7764
7495 7357
4077 4077
4856 4572
3069 2247
8667 9195
1454 1715
5356 6152
9092 8350
4959 4202
7939 7085
48 976
10371 9793
65 448
6029 6385
10742 9803
5328 4364
8876 9501
9984 9016
8242 8623
9485 8820
6185 5384
8752 7876
2934 2699
58 879
1027 1120
3183 3014
2428 2710
7991 8163
3636 3832
6318 6141
4609 3920
6915 7040
6528 6098
7726 8008
5322 5456
3055 2981
6451 5839
1425 1044
1789 2054
69 503
5862 5968
2709 1941
4024 3725
3015 3858
7379 7375
4803 4557
1827 1179
9329 8903
4335 4362
8955 8552
2351 2520
7100 8008
8428 8464
4357 5314
6646 5877
8189 9069
5445 5861
1229 1236
70 317
1919 2136
8112 7798
3193 2629
7971 7028
10348 9676
8660 8175
2300 2925
9688 9801
2580 3038
2498 2159
1326 1433
6420 7101
9385 8391
3010 3855
6814 7660
1074 1488
6703 7458
7435 8362
7952 8026
6209 6363
5442 4685
1196 1175
5668 6121
3092 2280
6136 5965
5611 5482
9066 9385
8881 9257
3115 3712
100 700
7373 6927
6265 6522
53 10
1938 1355
2665 3552
3991 4821
4374 4724
3708 3806
1849 2363
2881 2336
2014 2055
6271 5739
31 971
9011 9843
9096 8359
6502 6182
2345 2197
7019 6246
85 1003
5338 4713
1804 2728
4630 5127
6928 6452
9560 9024
3531 2813
7208 7091
5144 4549
1097 2071
7302 6683
1923 2537
2492 2930
7501 8272
2558 2088
9758 9652
3523 3461
4153 4195
3507 3158
8684 8000
6608 6773
8701 8677
3234 3922
4791 4470
4849 5341
8586 8562
630 1414
2068 2133
7405 7373
7769 8769
8018 7681
1488 1917
5557 6495
6337 6806
8263 8603
6313 6798
5838 6737
7707 7047
9369 8774
5813 6260
5127 5376
7934 8845
4617 4566
5831 6367
3014 2376
1320 1937
5408 4664
9310 9194
8523 8805
5472 5553
1539 1715
3023 2469
4438 4312
4132 4959
8020 8247
2822 2090
65 115
1488 2247
3922 4292
2930 2687
6676 6762
3741 4255
9648 9171
3579 3259
2511 2633
5286 4926
1859 2115
4825 5233
5032 4643
4039 4454
7336 6613
2899 2593
1749 1382
4970 5423
7582 7486
4059 3089
4451 5154
2276 1300
8064 8319
1765 2544
8934 9563
1938 1448
6537 7521
641 1598
2918 3689
9183 8312
3115 3118
243 1176
5196 4215
7277 8119
1790 2604
6033 6927
9668 9014
5938 5331
9127 9734
7996 8595
950 1017
9361 8507
7951 8658
1204 1778
1993 1981
2024 2270
1947 1095
5392 4537
6248 5736
893 1423
6706 7528
23 818
9206 9776
4268 4991
9625 9971
564 1371
5456 6184
8661 9465
1106 1621
4777 3777
3190 4106
3421 2454
6286 6160
7005 6159
8310 8223
7615 6667
2019 1444
9454 8794
70 903
6070 5208
10064 9144
9228 8504
8746 9666
3563 3656
4093 4661
8883 8192
9501 9402
2213 1336
5411 4661
9514 9934
3597 4175
2140 1550
6920 5968
7969 8333
66 760
6071 5313
5298 5941
5187 5445
3575 3764
9259 9000
3395 3013
4418 4599
2351 2063
5184 5775
3567 3596
2375 3356
9828 8866
10046 9477
1889 1459
6074 5587
9243 8706
8176 8998
4649 4134
7057 7765
86 23
6712 6336
3280 2929
1765 1336
7614 8336
2031 2478
7895 7219
1553 1672
7997 8712
1141 2122
6670 7052
97 822
7230 6892
7071 6396
1979 1592
8143 8011
7162 6785
8038 7568
4772 5727
5870 6307
2710 3395
811 1243
9046 8947
7513 7090
7997 7623
9507 8776
95 389
6981 6191
2336 1859
10232 9953
9279 9402
7066 6436
9010 9930
6489 6460
4996 5102
8860 8998
3367 2456
4678 3851
7329 8326
5495 4524
3592 3625
9678 9132
7053 6125
9276 8803
87 199
1067 1023
26 341
3237 3188
4113 4907
9422 9847
4885 4900
5672 4688
8965 8250
6304 6089
4171 3928
1498 1313
7093 7622
1875 2458
6285 7010
2891 2325
2924 1937
2773 2297
15 804
6950 5958
60 900
5713 6179
6036 6101
2929 2094
8696 7730
968 1379
8065 7535
3659 2861
6668 6781
10099 9415
5036 5949
4677 3975
5974 5894
6264 5785
2857 3369
4135 4357
7186 6424
4375 4122
7699 8369
8701 7881
999 1632
7325 7506
4248 4694
84 446
47 54
3503 3853
4004 4716
7807 7317
6599 7513
2605 3038
65 80
2365 2838
75 144
7356 7773
7923 8181
44 406
1245 1490
6516 6085
8295 7952
8136 7750
2463 3394
6775 7644
9152 8894
6160 5618
8371 9368
7774 7742
8033 7544
2416 2516
8312 8472
10225 9724
356 1323
71 413
4148 4990
7083 7258
8543 7819
5927 5983
3665 2833
4248 3554
5172 4789
953 1486
2169 1518
951 1634
4299 4922
7774 7626
2035 2827
2671 2910
6041 6422
7754 7032
8099 7232
5173 4717
8203 9026
4706 5115
8747 8187
4689 4271
4349 3682
7877 7017
8203 8184
7316 7127
2517 1870
9150 8694
2664 3094
6744 6957
8892 8659
5015 4299
7477 7334
7184 6895
7814 8056
5819 6230
5320 6136
9276 9974
1116 1328
2893 3403
6838 7525
4560 5451
8914 9271
8217 7697
7404 6637
2995 2695
8909 9626
10143 9378
5125 5116
6128 6276
9182 8776
2770 2526
1887 2589
7083 7012
6921 7730
10373 9555
8500 9230
1129 1384
2087 1949
10061 9586
8744 9088
73 878
8484 7941
80 606
8885 9344
6227 6281
6751 6448
5173 5918
5723 6377
5402 5784
289 1285
70 148
5642 5881
2841 2208
7135 7819
9227 9832
7806 8069
2655 2624
2170 1235
6885 7509
3430 3399
8600 9434
9080 9827
6355 6733
8499 8983
38 599
5659 5355
9473 9969
7228 8070
1519 1616
5123 4264
9797 9805
6302 6149
3724 3224
3447 4251
6875 7809
1297 1626
2337 3232
9741 8954
5544 5771
1894 1071
2493 1770
6509 7064
5132 5226
7059 7564
7249 7924
10080 9947
2498 1796
6906 6635
3740 4020
8701 7915
6887 6683
3539 4378
5932 6228
5809 5042
5125 5309
9916 9221
9021 9693
4401 3715
4504 4377
8386 8242
6756 6713
529 1294
10652 9856
1866 1541
2822 1869
4054 4866
1953 2921
92 924
10162 9177
2755 3390
4439 4660
6587 7297
6847 7448
9652 8738
2871 3670
6472 7118
1937 2083
4396 5240
6133 6723
4677 4767
10333 9357
5951 6284
7626 8359
98 865
2983 2354
9091 9496
3399 3329
6941 7358
8443 8421
2485 1838
7487 7742
8502 8455
2002 1169
6027 5984
1895 1926
2181 2517
3859 2918
5913 6260
7845 6972
19 254
9236 9114
4475 5164
3930 3043
2926 2960
9826 9871
4186 4589
1814 2361
7947 7680
36 244
7671 7946
94 726
4678 4507
8914 8527
333 1094
31 312
7362 8263
2875 3534
4697 5619
3670 4221
5983 5789
4348 5146
4726 5169
8400 7733
5701 4965
2808 2932
10478 9696
6883 6691
388 1111
3655 3726
726 1701
9450 9131
9085 8914
2698 2735
6007 5019
6271 6941
9825 8894
7104 6897
7688 7590
9079 9000
2048 1161
4153 4344
9318 8322
863 1164
4571 4021
8454 7908
420 1252
381 1372
2164 2014
1931 2812
1101 1153
10351 9389
3107 3457
6916 7013
6815 7224
6361 6997
8281 8590
48 280
3222 2863
2772 2565
4191 3456
8286 7637
9824 9332
935 1260
8629 8249
9264 9178
84 853
3958 4629
8682 8755
6162 6455
7623 7214
83 967
8237 8464
6636 7020
3737 3805
3183 3311
3539 3158
6526 6885
9067 8089
6321 6934
5897 6313
8273 7605
6500 5734
4229 4284
6484 6855
3008 3026
3613 4022
22 137
3860 3196
26 70
3326 3287
2933 3518
2260 2653
4989 5586
1850 1196
8014 8340
2321 2264
1821 2126
4883 4770
8431 8697
4689 5460
5749 6194
72 805
7792 7130
4450 3559
39 805
1899 2827
6573 6790
1534 2183
1648 2383
5843 6294
9247 9164
2789 2844
10200 9313
6659 5947
6567 7277
4482 4505
5821 5156
1764 1974
4385 3484
7139 6142
2047 2601
7571 7248
8699 8153
8456 9112
4962 3982
5485 6165
5689 5223
1256 1302
7148 7007
6897 7298
7833 7492
5709 6084
1845 1991
7049 7463
2556 1957
3036 2691
7328 7163
7908 8181
3305 3709
9546 9835
3622 4235
7675 7016
2221 2799
8229 7836
6501 7216
5663 6320
6751 7303
9798 9564
8097 7608
5032 4400
5440 5503
5075 5209
7683 8152
9738 9361
2811 2627
5770 6747
6937 7701
3674 3798
3133 3364
6556 6585
3070 3659
72 645
2249 1298
6523 6926
6534 5756
26 395
7113 7322
3650 4132
6416 7251
5001 4257
9227 9602
4724 5276
6205 5780
6189 5979
5371 5549
4000 3815
1643 1519
6664 6447
2615 3312
3513 4341
2060 1340
87 121
6542 7369
10090 9964
3226 2643
92 597
4115 3968
8400 7700
829 1794
1645 2472
5304 5476
7131 6879
6855 6856
7310 7040
2121 3022
6222 6764
7330 6875
5111 4954
72 636
6561 7015
9019 8031
34 346
5658 5977
7272 7210
8613 9114
2936 2298
2525 2268
4579 4853
6308 5972
1541 1295
8995 8313
7117 6182
400 1089
7694 7347
72 178
4611 5223
4894 5765
8223 8601
4586 4015
8110 9106
5176 5859
4261 4581
7031 7308
6167 5905
4570 4881
3301 3101
6566 6232
9124 9493
9539 9080
4028 3553
6314 7130
3195 3481
6566 5870
5354 5596
989 1168
4432 3492
7815 7798
7476 7366
2939 3667
6212 5659
6062 6297
4894 4911
91 472
3649 3055
8890 8602
3891 3690
5259 5354
7265 8238
6240 7221
4846 5064
62 185
6908 6025
8171 8072
1785 2022
3620 4587
1578 1235
8202 8902
6359 6417
23 629
9380 9794
4254 3748
6151 6770
5364 4487
6158 5986
2629 2377
8186 8496
6294 6914
10207 9562
4748 4477
3755 3949
1455 1965
6745 6459
4329 3345
985 1878
17 733
8336 8687
3405 2909
3249 2818
4405 3569
5728 5854
2282 1365
4940 5409
2945 2160
5570 5603
3288 3582
7667 7289
7692 7667
4266 3633
5306 6215
7524 7146
7734 7213
6019 6664
9193 9912
9724 9361
9261 9229
3881 3875
1501 2133
5802 6563
8203 8901
5839 5200
3983 4387
8990 9530
8555 8991
52 698
8541 8981
6605 6810
3287 2382
7069 7842
4078 3895
8988 8831
7039 7217
2454 2220
2410 2242
6252 6994
5143 4186
3005 3581
9552 9964
3259 2444
3197 2746
5254 4900
25 494
5064 4757
46 906
6328 5868
5299 4690
1138 1509
2856 1948
7608 6943
86 469
4291 4233
8358 7857
8717 7875
1960 1810
1141 1325
1251 2191
7645 7271
3528 3596
5167 4335
6606 6751
7523 6930
11 994
4486 5337
4704 4782
2314 1973
8095 7101
7437 8147
3931 4546
9479 8855
6514 5973
5472 5512
24 23
50 327
4783 3890
5786 5870
74 952
6304 6746
4747 3997
3246 3505
2616 1705
23 759
3218 2335
4616 4866
2229 2855
3080 3609
8500 8626
4090 3830
2635 2908
7338 6560
2583 2430
2029 2257
3707 4430
6439 6573
30 352
8759 8448
4101 4907
9573 9410
3684 4070
6521 6704
8557 8719
7024 7707
1327 1977
2198 1434
8325 8778
2439 1786
7411 7330
5245 4533
8232 8614
5776 6705
98 639
6114 6080
6084 5688
49 117
6578 5918
8867 9794
1726 1852
6894 6295
9091 8468
9685 9670
4303 3557
9257 9340
3355 3441
5108 5421
65 527
4451 4708
7247 7520
1165 1244
5344 5856
1855 1441
6894 7838
4595 3950
5106 5477
6562 5779
56 607
1514 2368
9179 8554
6651 6184
4692 5074
6488 7461
2501 2593
6847 5881
10516 9676
1299 1647
9426 9487
2080 1566
6622 7454
2132 1181
2527 2944
297 1018
78 970
1482 1385
9986 9950
86 22
6212 5782
5949 6608
4245 4969
7808 8034
8742 9740
8249 8387
3864 4480
18 809
4898 5111
4194 4879
7974 7783
1644 2604
6291 5741
26 875
51 422
2951 2523
6892 7629
6176 6130
39 868
3289 3134
6928 7766
45 682
1016 1395
883 1320
1994 1893
3836 2879
6630 7603
4211 3957
9451 9293
8484 7979
8271 8974
3583 3347
2876 3006
1970 1097
4564 3989
8621 8897
4981 4983
2924 3671
5209 4775
8608 8599
5145 4445
676 1335
1646 1836
3584 2877
7436 7337
3967 3228
7583 6633
6181 5820
8922 8229
1676 1796
9486 9402
2935 3118
6042 6178
6912 6730
9536 8556
3534 3322
7339 7690
75 293
4832 4584
7972 8459
4378 3637
13 556
5222 5549
1320 1310
57 392
10148 9558
8095 8865
56 619
29 95
5157 4473
8638 7653
9781 9265
9429 9427
10102 9159
2880 2498
4218 5204
8359 8445
4852 5735
7077 7248
4510 4762
5991 5731
2978 2152
1438 1081
4079 3544
2957 2614
7970 8778
1102 1972
3204 2465
3965 3194
3382 4371
10176 9934
2640 3477
2087 2561
4305 4231
7906 7421
2637 3533
66 364
4847 5701
4283 3454
9003 9038
6161 5619
6255 6100
3555 2956
6448 6091
10769 9796
28 542
4141 4975
5030 5758
5008 5231
6701 7194
8821 8750
6896 6038
5476 5223
9451 8881
6995 6139
8590 8025
3320 3090
4149 3349
5018 5257
9778 9945
6587 6307
4725 3812
7974 7492
7414 7223
4898 4010
3454 4041
1737 2257
3381 3353
9433 8668
1301 2128
3321 3999
1942 1690
6797 6425
5614 5997
4478 4328
34 781
1440 1054
8058 8040
97 71
6820 7675
6856 7343
6815 6641
5603 4628
6855 6960
3097 2720
6023 7023
8228 7457
7632 7862
2098 2178
7366 7496
5851 5152
6996 6068
5372 4442
5536 6224
1879 2180
7498 8018
5953 6021
4685 4013
3763 3140
6213 6250
4944 4932
5839 6204
7780 8675
3639 3139
5671 5920
2394 3338
8839 8629
34 495
1745 1108
7599 8458
4483 4710
3633 3734
7454 6904
3124 3583
66 957
1919 2454
1296 1675
2709 1989
2718 2853
6986 6681
5771 4975
6595 6774
7478 8179
1537 1980
9933 9260
2554 3079
4472 3630
2940 3940
1980 2603
6575 7417
2571 2899
8571 8196
5386 5790
3038 2744
10390 9964
1253 2000
9051 9005
2477 1737
7665 6993
1693 2303
5300 4913
7591 7062
4527 4177
9724 8871
9117 8963
5706 5661
1821 2230
8776 8077
8271 8959
2611 1942
2087 1114
4849 4431
6573 6467
6423 6562
314 1058
7864 8525
3942 4341
6046 6255
6010 5690
1011 1094
6571 6730
3761 3932
5026 5462
1711 2536
4896 4597
1121 1164
5232 5513
2091 1729
6381 7076
5133 5566
4746 4085
79 84
1159 1046
7944 8462
10073 9898
9727 9475
10 452
7451 7802
7904 8782
5109 5536
8270 8512
5617 4961
8599 8885
5048 4255
8535 8086
9892 9723
2688 1996
8770 8306
2597 3402
4567 4914
4109 5034
4668 3834
5883 6396
3684 3892
1055 1956
66 359
7300 6475
3365 4027
3157 3590
7004 7510
949 1201
87 885
7783 8159
9447 9102
4017 4700
7147 7325
2481 2927
6322 5616
1449 1233
9398 8640
5102 4696
2148 3114
5766 6303
3274 4022
7036 6036
6193 5215
25 899
10225 9713
7750 7341
7416 6429
7413 6838
6621 6230
5025 5223
3491 4463
6745 7393
7493 8466
2912 2385
2664 2146
7637 7124
99 601
3750 4362
75 759
10507 9815
2678 2472
8923 8293
6826 7761
9313 8996
5131 6098
2368 1828
5600 6468
5052 5510
18 67
8034 7560
9656 9036
87 97
1154 1697
8254 7890
2083 2445
1195 1914
8057 7467
4452 3818
1335 2233
1684 1248
5782 6605
3632 4544
6157 5929
2292 2887
25 934
992 1855
4383 5031
2716 1956
3214 3639
8998 8477
5542 5174
4880 4351
9537 9315
2894 3114
844 1463
4353 4860
7039 6856
2546 3388
4478 4659
6729 7082
36 90
4391 3440
2037 2460
6095 5274
4686 4332
2582 2117
9540 8921
4970 5872
2536 3072
592 1034
4414 5371
5862 5269
6537 6068
8579 9144
2543 2501
1283 1844
5659 6340
6013 5872
1248 1963
14 129
64 219
7659 7937
9801 9421
3759 4619
5884 5260
7086 6951
10467 9569
5133 4216
4681 5062
1487 1315
1629 2027
5971 5349
365 1177
6543 7037
1762 2431
4751 4397
3445 3998
4172 3755
297 1289
7179 6878
5770 5342
53 704
4335 4948
7745 7028
566 1067
1601 2009
8295 7303
7040 6374
87 545
4277 3469
2932 2729
6756 7420
5574 6075
9869 8992
6684 7512
8990 9724
6425 5696
5329 5548
7312 7971
1722 2073
9002 8923
65 152
1459 1958
18 40
7548 7164
2949 2712
3203 2344
10 998
5852 5824
6765 6309
10079 9599
2400 1836
4970 4049
7968 7566
6106 6183
2395 1826
2834 2182
7716 8428
4323 3892
8950 9334
9043 9453
8529 8681
8603 8464
1750 2676
6193 6532
2215 2003
668 1531
74 260
2719 2715
8900 9690
2534 2247
8272 8245
799 1681
2895 3340
8159 7439
9174 9997
5121 4967
8932 9000
2396 2235
6920 6680
7306 7584
7403 8386
2322 2710
6669 6051
8779 7865
1145 1016
8788 8076
7931 7900
49 572
2801 2693
9611 9967
3876 4205
5580 5485
8248 8863
7426 6683
9193 8624
712 1330
8111 8953
3798 3056
2322 1454
1050 1821
3293 3704
5520 6146
10124 9391
7612 8307
17 838
7960 7187
7314 7614
796 1310
6357 7329
5461 6340
2613 2237
8530 7728
10525 9869
9360 9326
8884 9004
1722 2706
10406 9976
4521 4599
4222 4177
3089 4056
6676 6316
6726 7485
7505 7230
7374 8261
3612 3980
6727 6620
178 1129
3085 3018
2403 2302
5953 5250
1964 1060
8772 9762
3320 2704
21 154
3026 2833
10302 9629
7793 8477
493 1460
10464 9894
2853 2666
1330 1825
9006 9220
58 904
1559 2011
5607 5421
5231 5152
9465 9353
58 435
6508 6429
10448 9725
5571 5536
7803 8245
1190 1042
2862 3724
5873 6120
2888 3266
2612 2834
5215 6196
8121 7970
6241 5665
4344 3959
2782 2468
9711 9358
9777 9885
9713 9348
7017 7085
2164 2232
6202 7026
4544 5539
7192 6723
9630 8751
5712 5651
5792 5737
4657 4257
3508 3910
4548 3762
5756 4785
94 559
2891 2428
3288 3823
6059 7047
9800 9831
7413 7273
2780 3324
9213 8392
7985 7979
8153 8249
5509 6031
3156 4072
6764 7640
2782 3441
43 675
6256 6929
85 954
2382 2027
6146 6770
10502 9942
4101 4529
5973 5353
8406 8449
4724 3961
34 822
409 1259
7341 6373
1456 2288
7289 6402
301 1113
2079 2841
2717 2333
1804 2277
14 805
4149 4246
9493 8895
5220 5963
1854 2585
6084 5548
5425 4847
74 968
8013 7572
8388 7766
4561 3599
2720 2965
3669 3002
8054 8993
4293 5088
7591 6988
676 1046
4750 3787
4346 3815
6734 6618
1067 1554
9932 9736
8967 8843
2539 3115
6725 5903
4997 4626
6695 7028
8675 9640
3431 2890
6462 6745
10185 9794
8161 7510
92 200
88 854
7476 6653
64 145
3167 2186
1401 2364
4919 3926
2103 1252
7849 7290
8527 9097
69 767
3277 3188
3913 4357
5498 5661
67 438
8263 9053
5448 5703
3926 4250
8396 7915
2374 1997
2434 1589
5608 4623
4919 4795
3035 2442
7248 7572
2281 1312
8569 7755
10191 9763
13 262
7854 8493
5763 6286
19 798
5251 4485
98 524
2960 2095
4570 3743
8751 8201
4440 4788
8150 7369
7139 6238
3026 2536
4844 4258
9815 9162
4777 3969
3646 4053
2296 3070
2937 2048
71 624
9572 8804
23 881
6949 7841
9048 9014
1011 1861
9889 8901
9295 9685
4863 4607
5446 6358
3711 4096
3524 4278
5614 4782
3155 2264
2585 2133
9351 8377
3340 4014
6618 6127
66 500
3443 2512
1209 1080
930 1045
4733 5709
95 587
4336 5107
6962 6207
86 991
33 849
1481 1151
6693 6909
6487 7170
6900 7235
10512 9837
7128 6408
8571 8002
4452 5293
3971 4332
17 518
4597 4578
69 770
6589 5850
53 665
4448 3891
4488 5230
5158 5192
1680 2102
7117 8077
5455 4633
1972 2460
1941 1265
2914 3561
2768 3147
2525 3103
4613 5379
8897 8781
1702 1971
89 283
6700 7342
11 838
1971 1810
2509 1832
5768 5286
3297 2410
2870 3089
8094 7190
5024 4618
1731 2141
7499 7881
97 335
3274 2420
2637 3067
92 892
6812 6678
4302 5012
63 468
4765 4504
9741 9584
8729 8748
6786 6759
1772 2349
3207 2556
6943 7612
2869 2003
1203 2201
2132 1328
879 1217
2083 2006
3569 3821
8402 7551
5109 5932
5817 5454
67 22
7620 7518
59 763
8522 9297
4178 4712
8768 9395
2871 3651
5684 5722
29 812
6016 5560
10238 9307
1314 1054
7900 6920
3614 4367
6143 5282
5878 6290
4972 4949
7863 8601
85 55
5734 6493
9772 9440
6668 7321
5208 4663
7911 8894
2260 2962
3510 3320
14 636
4022 3648
30 517
5226 5148
9416 8850
3891 3407
1128 1372
9319 9892
6666 7033
94 604
3000 2841
3906 4699
2696 2355
9454 8648
3438 3019
6126 5535
4335 4008
2584 3226
7010 7405
4699 4316
3567 3069
6393 7310
7029 6649
51 253
9960 9540
5645 5567
1899 1033
3627 3149
7169 6908
4269 5250
4324 4604
6173 6316
1828 1022
4229 4961
7102 7204
31 347
95 409
2719 2430
2795 3780
4950 4589
2701 3580
35 882
5111 5077
6805 6629
3837 2869
5363 4586
7347 6891
1283 1049
2557 3492
87 210
10096 9981
3412 3428
5255 4283
5670 6384
5478 6441
8247 7988
3311 4039
1729 2032
5497 5348
8286 7871
3339 3578
8214 7338
3183 2998
5373 6335
2313 3153
3432 3365
5477 5281
8591 7642
2620 1851
8893 8105
3459 3129
4030 4025
5691 6396
6285 6419
3944 4468
8170 7734
1623 1801
6418 6870
6633 5650
6596 7022
83 371
2628 3199
9064 9207
8549 7607
5913 5274
3476 3101
4420 3443
888 1091
5524 5174
4442 3684
7004 6980
9005 8971
9944 9711
3646 4446
1326 2145
4721 5223
4453 3696
96 668
7950 7991
9556 9665
8803 8988
10657 9801
2251 1663
4571 3786
1996 1444
7308 6659
4891 5054
3031 3361
19 693
7513 6793
1849 1100
8620 8298
6103 5788
4582 4762
7160 6937
8655 7891
96 903
5810 4937
7864 7969
5790 6117
4712 5197
5095 4353
5749 5124
5389 6386
3736 4507
5232 4704
9250 9102
2221 2998
4900 4577
5637 6341
9316 9535
3687 3070
71 988
5305 5568
1416 2254
4968 4032
1390 1891
7771 7414
1648 2134
14 649
8969 9260
2219 2017
1227 1715
4848 5456
2922 2408
3390 3400
3409 3024
20 454
35 656
4317 3434
5235 4314
5017 5501
8115 8799
7484 7640
5462 6462
6559 7096
8268 7833
6779 6316
95 59
7678 7940
1678 1676
7652 8200
7958 7393
4116 4315
4686 4961
2788 2524
9089 8463
3243 3347
3640 3107
1525 1018
3377 3660
9604 8723
3324 3428
3952 3581
2366 2502
3930 3020
2508 2176
5148 4623
7767 8325
3942 4070
5509 5144
29 195
2519 3437
4740 5207
528 1187
9891 9277
2044 2496
3054 2472
7480 6790
10202 9394
4538 4318
6831 7442
2369 2855
3211 3041
2911 3846
8047 7557
3454 2946
767 1169
4011 4874
8770 9517
8725 8179
2291 2988
5441 5603
2512 2395
2377 1630
4608 4516
8693 9523
7636 6897
9941 9703
1471 1475
10683 9773
4501 5428
1207 1855
9034 9014
1255 2207
7293 7999
1882 1792
8867 8767
2312 2502
88 909
2529 1768
2936 2159
3472 4076
7232 7561
9390 8405
4106 3763
9971 9156
6516 6335
705 1179
3990 4459
9146 8543
9133 9482
2226 3023
6678 6866
3765 3172
3359 4079
2750 3694
2277 2480
8019 7547
2080 2437
7178 7943
3300 3216
8796 9165
2754 1975
6150 6149
1290 1902
1049 1944
4885 4089
6239 6382
8415 9409
7167 6414
5703 6250
75 717
5408 5892
5656 5317
2579 2213
8764 9682
3346 3100
7031 7456
6142 5531
3571 3098
4100 3773
6114 6694
10117 9665
8757 8235
7107 7131
9767 9174
7874 7544
2012 2388
4227 4045
4648 4786
6594 7448
6894 6165
9315 8461
63 227
6530 6306
9710 9932
9997 9717
5406 5684
9801 9912
1878 2498
8249 8744
1254 2063
8258 9105
56 183
2587 2171
29 256
5908 6386
6291 5561
2878 2389
8675 9185
4682 4089
1721 2497
9038 9767
92 112
4524 3645
61 334
8123 7823
6202 6287
788 1547
6161 5815
8922 9208
2720 2098
9355 8883
2729 2877
8966 9289
9379 9016
5640 5148
2519 3211
10071 9263
5001 4276
3865 3372
63 835
65 412
943 1422
862 1037
5919 6166
3683 3267
2262 2167
10120 9704
10374 9486
5535 4985
8460 8476
2577 3086
7382 7867
13 161
6970 7630
4579 4971
8855 7984
5359 5541
7520 6891
66 807
9084 9958
9866 9705
6997 6047
4272 4938
30 724
3246 2935
46 829
3360 2796
620 1437
6727 7489
7812 8241
5725 4950
7809 7628
8390 8184
3477 3906
44 56
4147 4205
1463 1614
2735 3476
982 1674
30 52
1210 1912
1879 2363
5470 5836
1845 2563
5422 5224
4996 5737
5641 5925
5890 6682
8229 7505
81 375
4964 4818
510 1046
6417 7243
4572 4377
4882 4478
7907 8230
8541 8407
1301 1484
7112 7917
10191 9762
4596 5075
2596 2773
3555 4277
566 1428
618 1139
3078 3331
8336 8929
1602 2095
7778 8710
8621 8196
8674 8794
8349 9286
2513 3055
6286 5848
4846 4540
9568 8945
6338 5618
7656 8240
96 82
6377 5774
8713 9139
4434 4758
690 1572
21 245
6909 6922
7704 7089
9143 9389
8123 7351
9968 9081
7984 8272
38 126
2386 2241
6734 7617
8721 8933
7978 8639
1476 1311
9037 9358
3130 3611
4797 4753
5983 6100
3303 3064
6255 6648
10937 9959
2990 3166
8217 8657
2946 2036
6542 6793
4966 5881
8864 9624
20 662
58 915
9098 9874
5900 5751
8644 8240
1596 2395
6691 6493
1551 1340
10375 9408
7154 7189
6419 6475
8044 8360
2216 2792
9620 9281
5026 4160
7508 8035
3222 2511
1902 2872
29 301
4878 5744
6313 5948
83 627
3107 3603
71 160
6718 6180
8619 9470
6277 6434
4791 4057
6257 6874
7423 6688
8368 9352
1877 2496
1148 1736
3073 3210
67 596
92 768
2419 2261
33 178
8163 8628
6419 7058
5299 6030
53 602
4725 5082
6375 5858
2841 2761
3597 4404
6008 6755
57 594
2906 3572
1440 2314
81 805
8230 9101
5072 4268
37 735
2323 2705
8843 9093
55 913
6797 6114
8390 8855
15 628
11 196
3561 3124
7989 7452
8942 8945
8616 9473
4495 4663
5469 4569
6589 6491
4407 5121
2126 2696
3884 3280
7799 7382
1688 2514
7182 7640
3464 4409
1871 2204
2529 2372
3075 3309
98 57
3949 4314
9348 8481
8455 7867
2333 3084
75 905
78 507
74 165
8437 9379
1958 1707
6271 6243
3337 2342
6506 6240
5720 5244
7916 8202
5895 6546
881 1108
1812 2575
65 403
2916 3317
6661 7411
1317 1071
97 156
1479 2376
91 569
6888 6198
8655 8813
7501 7380
233 1057
4748 5744
1370 1580
76 853
7154 6545
21 99
1185 1026
4157 3949
3920 4364
6483 5580
6467 6247
1192 1926
7234 8155
10492 9543
6701 5823
3833 3296
39 989
6533 5741
5997 5580
8579 7925
2861 3601
8397 8773
2032 1877
3410 3729
5782 5981
987 1876
9522 8890
2939 3425
2676 2303
85 976
7978 6988
4310 4239
82 906
9296 8918
1612 2078
2851 2880
6523 6859
89 605
7462 7900
5174 5326
8614 8672
8862 9513
2162 1189
9358 9734
3535 3879
1677 2536
8970 8613
81 512
9548 9333
38 834
2725 3179
2664 3585
4476 5357
3707 3821
6563 6043
5020 5920
8273 7630
546 1175
2073 2891
7015 7067
4342 3733
7282 7078
6901 6774
3631 4254
90 585
6637 7524
4992 5024
47 561
2061 1115
1485 2235
2159 1207
7007 6500
7658 8569
7522 7701
5968 6762
4315 3882
2481 2121
7838 8644
52 913
4181 3405
7108 7862
896 1876
51 542
6337 5998
5945 5982
1635 1638
2736 2253
829 1667
1343 1365
2019 2206
473 1196
3274 2765
5352 6122
848 1657
2299 1392
8034 7944
72 652
4796 5126
75 206
8386 9335
50 163
4218 4872
4387 3874
3160 3239
5595 5731
8155 8877
6641 7164
7248 6630
406 1167
4708 5342
4641 3716
9639 9042
2316 1880
4331 4960
26 889
5760 5976
1237 1030
3548 4420
1367 1260
5861 6015
10044 9994
1926 2776
45 116
9756 9312
1425 1379
6599 5725
1317 1732
9114 8673
3516 3566
2511 2182
3280 3687
5381 4806
26 313
2105 2501
7809 7699
7802 6990
2670 2125
37 247
6563 5889
438 1405
7038 6214
3892 3979
1063 1319
3181 2359
3340 3033
2149 1529
7560 7643
10220 9779
1458 2214
4137 4898
5977 5302
3198 3682
9648 9226
6507 6199
7820 7814
2639 1964
3203 2433
6174 7162
2957 2681
10076 9597
6085 5857
5304 6141
6628 6184
4007 4019
64 329
10002 9513
6119 6459
9144 8369
5965 5320
3770 3096
2983 2847
9634 9486
4100 4327
4950 4147
10134 9918
7124 7811
3575 3887
68 233
8402 9051
8260 9050
7976 8950
8548 8101
703 1076
4109 3641
6985 5991
5006 4433
3461 2816
51 595
1758 2501
6609 6958
2119 1612
3586 3286
1763 2667
4429 4835
2120 2478
7494 7271
9552 9591
4103 4189
7678 7597
9473 9045
8020 7210
4207 3701
7321 7402
8370 8780
5424 4554
52 180
10540 9623
4040 4025
8579 9555
2292 2444
3198 3005
2023 2836
4344 3587
9030 8876
9065 9624
2467 2531
5157 5989
8651 7800
5594 5565
96 246
6883 6021
3010 2085
6662 7123
10384 9459
5053 5499
44 614
2035 1566
2979 2258
6961 6860
8231 7427
73 997
92 650
3318 3849
6401 5961
5725 5379
5718 6172
6043 6863
73 43
5308 5837
2440 1766
8651 8497
7117 7610
84 987
7646 8300
7851 8089
1383 2144
95 901
7854 8342
10755 9818
10215 9287
5014 5864
2260 2511
7485 8038
7616 7754
2051 1974
3707 3416
3799 3560
7075 7111
2507 2799
53 415
2674 2787
3701 3566
7601 7690
10342 9977
3846 4399
5676 5247
62 777
3406 3893
6942 7334
3330 3724
1318 2280
4414 3729
78 932
7276 7260
10082 9633
893 1048
61 939
6499 6665
5259 4931
4420 5116
1063 1963
8107 8924
1666 1649
1958 2437
1952 2301
4021 3323
25 470
2831 2286
7069 7010
7150 6917
9926 9729
6559 7061
3945 3105
6724 7444
3750 4636
8666 9222
2139 1656
75 711
3658 4648
6767 6265
87 105
5857 6146
8287 8640
3331 3540
6584 6775
10280 9925
45 763
2787 3039
50 897
3319 2858
7340 6659
816 1434
1856 1473
4665 4016
2160 1740
7418 6814
5304 4570
7329 7139
93 39
6516 6526
8195 8402
8208 7420
1668 1987
1605 1541
4339 4358
93 510
7275 6739
3758 4147
8421 7470
5080 4127
4491 4485
5766 5117
2688 3265
6631 6796
15 718
1984 2112
4423 4326
4054 4092
5738 4922
8822 9270
6651 6232
2150 1157
7824 7536
3008 3161
3798 3311
8567 8569
2750 3386
9073 8824
8621 7683
6534 5562
39 495
5273 4997
3406 2862
8411 8624
6129 6578
1715 1268
1908 2435
8556 7566
7655 8053
5133 5873
5765 5271
8493 8617
7227 8012
7022 7839
782 1341
2094 3072
8310 9140
1592 1554
1202 1690
6986 6443
5063 4496
1468 1024
7284 6313
5394 5054
4223 4279
89 633
3569 2737
8459 7969
8421 7817
5356 5919
7361 8055
5489 4816
9147 9667
5540 5280
1703 2163
2668 2768
5997 6059
8327 8706
8165 8044
6724 6720
5857 6673
8407 7954
4346 3777
9610 9168
3146 2403
3407 3836
5522 5465
4842 4732
3796 4358
5989 5964
4175 3317
9062 9383
48 584
9238 8856
8539 8298
76 314
13 609
9958 9657
9716 9812
6003 5427
98 494
6057 5749
2868 2849
9263 8825
4709 3888
9269 9871
7422 6727
9290 8918
9060 9784
4902 4770
9741 8748
3236 2357
4097 4978
1637 2147
7171 6328
1086 1945
92 264
6525 5638
6083 5819
7750 6849
6375 5384
4633 5413
7567 7652
6060 5330
3874 4799
34 723
1765 1846
2863 2501
941 1915
4959 5834
1839 1815
21 643
4098 5051
1197 2192
2455 1799
9041 9169
6604 7525
4883 5377
3989 3170
520 1485
8955 9826
4909 5512
6444 7233
8464 9065
621 1024
97 173
4653 5221
81 642
8698 8334
7148 6623
6177 7011
9255 9648
2612 2055
8417 9040
3705 3048
4224 4947
58 690
5367 4669
6548 7456
5069 5405
5936 5369
3180 2251
5897 6511
8210 7992
2334 3191
3255 3282
2968 3814
98 699
5383 6278
3779 2932
1937 1234
6784 6453
5123 6093
5512 5596
5593 6345
5653 5823
3273 4120
2099 1825
6409 5586
69 812
5920 5042
81 699
7382 8048
64 832
6884 6211
11 472
2914 3782
5243 5427
8509 9126
7458 7415
9089 8159
4351 3506
4033 4230
7953 8855
5427 5476
7131 6628
10103 9388
45 729
5667 6144
3652 2950
9052 9083
2290 2055
4246 4132
3094 3985
9254 9598
1294 2234
4087 3719
4404 4992
6102 6793
8902 8387
49 250
2387 2065
5979 5467
3221 3337
10493 9957
3797 4396
9816 9417
9629 9942
3243 3947
6214 5632
7712 8675
4916 4708
1280 1189
6311 6336
5536 5628
8225 8273
8603 9128
7847 7465
1811 1220
3934 3695
9675 8862
8136 8979
6568 6087
3828 3554
3635 3254
9890 9059
7559 8060
1772 2613
100 297
6582 6882
8653 7908
77 908
29 76
9161 8727
10468 9751
3535 3686
4544 5459
4987 4049
4878 4392
7507 7325
1969 1285
3853 3771
2854 2842
10072 9094
2838 1888
8726 7907
5813 5274
2098 2137
10602 9960
3482 2856
4622 5417
3328 3442
4669 4934
15 90
8971 9541
5277 6167
2618 2549
7832 7498
10007 9304
2907 2214
3196 3368
5970 6381
5948 6545
6963 6281
9649 8798
1033 1787
3849 3394
2591 1624
1728 2256
5836 5164
5330 5401
2136 2801
6133 6836
3376 2566
6639 5793
751 1504
1985 2357
6399 6422
8177 7628
647 1182
2217 1464
1974 2281
7891 7721
5598 6473
1996 1501
2686 3103
582 1557
2733 2139
4212 3805
7468 8357
8316 8699
71 995
7370 6711
9038 9700
7303 7956
18 692
6509 5763
8912 8034
4331 4129
2507 2679
5589 6049
5676 5557
2493 1638
7794 8211
9574 8825
916 1528
8400 7669
4145 4132
3204 3576
5974 6838
8713 7820
7472 7449
3464 2667
2279 1887
2580 2138
4821 5060
9791 9578
6249 7163
9856 9468
7286 7261
4027 3835
2268 3148
4996 4029
2077 2165
4075 3701
3978 3159
9629 9277
9103 8572
660 1487
9034 9250
5314 4673
9098 9730
9718 8792
3151 2793
5227 4450
8153 7155
1679 1275
8707 8747
8201 9146
8298 7473
8715 8952
6105 5323
1927 1886
9445 9164
9246 9039
2324 2581
4908 4498
5332 5357
1609 2406
4629 5175
4777 4763
59 528
6555 6756
2210 2974
5905 5866
7030 7089
4315 3969
5807 6459
4947 4452
3610 3893
56 851
8013 8116
3524 3189
8590 9539
43 536
8080 7879
2486 2610
29 291
3789 3388
28 691
9113 8909
54 892
5774 5214
9119 9353
2254 2152
1960 1937
8617 8693
8807 8874
4132 4328
7046 7311
8369 8805
9370 9437
68 199
6861 7346
7649 7951
3923 3763
8847 8216
10114 9587
4394 4160
6658 5827
78 751
8791 8773
9150 8865
2124 2232
5401 5238
1804 2121
2019 1406
4682 5668
7168 7178
1236 1787
65 486
9487 8812
2591 2753
4412 4691
3024 3918
4931 5760
7658 7790
1431 1620
4952 5217
6173 6520
6861 6613
1594 1507
8388 8472
4404 3887
6700 6842
50 565
10243 9456
38 551
1926 1351
7561 6946
8976 8202
3188 3309
9564 8989
9394 8631
6288 6390
7650 8298
5187 6028
1857 1482
57 158
7282 7989
4677 4693
6615 6879
6696 6809
4412 4932
8195 7959
2113 1167
9553 9140
2448 2488
2681 2717
9474 9737
5936 5998
5956 5156
3169 3302
7406 7271
6908 6198
5485 6129
3457 2526
4108 4721
6185 6546
15 403
4056 3458
5303 4566
3087 3119
6565 6153
3320 3861
9311 8661
5863 6417
53 449
4777 4201
6805 6660
10097 9280
1022 1445
3348 3459
1634 1716
8830 8122
53 674
4451 3994
5897 6296
7669 7108
4756 3864
7284 7058
5363 5948
8630 8180
8299 8689
8484 8676
69 722
7450 6675
72 760
8655 8500
7561 7844
2215 2908
3273 2830
10414 9498
5645 4739
4117 4984
5905 6403
3655 4097
955 1769
8662 8844
6685 6511
63 768
2926 2178
60 587
7935 8748
3066 2469
5982 6119
8136 9108
10052 9860
97 492
6815 6955
9352 9147
4362 4141
5737 6585
6211 5651
3872 4251
8196 8672
8555 8634
6601 7407
6378 7018
6138 6266
2303 2192
7531 7962
4905 4203
4118 4327
1226 1477
1661 1420
3100 2799
6828 6525
7051 7302
5735 4981
8607 8400
7605 7400
2611 2854
2663 2875
5059 5872
6072 5091
6023 6488
8616 9374
56 652
933 1341
8057 7760
3272 3374
7443 7532
5368 4776
2698 2440
3827 3282
5343 4865
6180 6509
3382 3682
7031 7072
5254 4428
3002 3611
10631 9922
86 832
7966 8749
7720 8387
1604 2324
3943 3666
966 1429
10013 9555
4257 4370
1849 1795
35 310
2893 3059
8037 8413
3580 3927
6467 6884
6545 7374
9865 9973
2020 1645
9170 9081
4974 5080
5370 4402
8260 8032
6929 7887
5297 6203
1530 1576
7434 7488
10074 9190
7994 8581
30 213
8510 8117
9596 8982
6035 6394
6761 6368
2264 1929
8117 8095
5888 6249
9267 8725
10126 9585
4460 5347
1251 1983
8989 8898
2123 1360
3913 3334
2358 2435
3639 3140
8515 7786
5403 6069
85 457
2791 2394
6035 6825
4919 5848
5182 4553
5071 4077
5283 4851
63 567
8886 8620
78 418
96 736
8154 8537
4340 3489
5880 5221
6116 6425
9417 8863
25 516
5442 4601
7934 8918
50 746
5604 5444
5798 5207
9813 9889
10138 9326
8662 7683
74 779
7988 8792
3687 3497
6227 6118
8656 9519
3347 2611
6943 6075
4114 4677
5657 5986
3752 2878
5547 6033
6058 6061
4379 3559
2968 3284
3926 3861
3596 3770
6611 6334
6944 7369
2911 2906
5836 5419
1810 1587
1318 1836
2623 1762
2899 2456
8398 8023
90 123
3116 3031
7865 8106
8168 8268
2551 1665
878 1615
1953 2644
8228 8934
3034 3840
5529 6235
5977 6904
6343 7150
6624 7038
10081 9881
7211 7701
5799 6424
79 118
32 115
2371 1967
811 1070
4854 5170
5237 5397
67 545
6941 7533
2498 2916
3257 3319
2118 1192
8436 9166
5291 6155
7847 7928
9362 9940
5893 6232
4118 4083
71 329
7904 7066
2798 2577
1844 2247
7566 6844
2834 2813
3793 4319
8468 8248
77 918
6713 6519
5437 6065
8406 8138
6379 6291
1258 1301
4364 4423
41 671
1513 1611
1139 1801
2974 3111
7579 6635
6858 6224
1338 2093
8849 9136
8307 7825
8408 8258
8857 8339
8024 7995
6938 7603
3790 4507
5089 5311
8297 7427
1889 1327
5250 5556
44 972
7219 7306
5469 6442
5844 5084
4118 5039
10825 9969
8428 9203
1508 1135
62 1033
9952 9394
72 658
9940 9557
2055 1310
6198 6332
9327 9675
4890 5682
2129 2890
1714 1138
9255 9866
6371 5726
6712 5741
9986 9673
96 314
9114 8441
7669 6918
3922 3537
6560 6184
2251 2119
6207 5525
1364 2199
6473 5540
9821 9105
4334 3495
981 1062
7908 7345
7222 6761
7414 6919
7208 8097
1681 2368
4422 5007
6683 6578
5725 5557
5294 5181
9645 8836
5218 4925
3486 3086
4328 4917
4647 4504
9396 9145
9398 9824
9900 9211
5103 5579
21 325
8028 7550
10301 9893
7370 7782
987 1115
6787 6660
1580 2126
7653 8572
2846 3654
9186 8921
697 1432
5957 5866
7248 6498
5465 4482
8368 8047
1983 1650
8958 7963
74 362
2556 2625
5740 6175
7317 7001
5251 4762
91 170
4409 4440
9640 9761
6934 6396
27 672
13 301
9248 8341
4197 4540
8730 9263
2937 2567
5633 6115
8742 8588
4783 5133
8118 7875
5620 6263
9201 9504
5432 5776
4696 5447
2729 3329
1926 1303
791 1069
4040 3722
8616 8442
6719 7161
6193 5576
4786 4985
2009 1497
930 1874
4044 3995
2784 1874
8064 7505
7143 6954
5123 5089
9649 9666
4215 3337
6112 6267
7263 7104
5526 5748
4596 4820
5527 5364
39 73
8213 7787
7868 7662
3383 4209
8525 8413
6085 6712
6585 6629
3326 3579
1222 1053
2399 2653
7314 7397
2754 1985
7513 7177
5286 5678
2605 3419
8765 9568
8018 8295
3776 3335
5234 5714
417 1032
2416 3346
5440 6396
8810 9396
5610 5133
4559 4031
6508 7439
3264 3370
5475 4773
8174 8296
1701 2021
7353 6962
4550 4371
1253 1711
6376 6537
5880 5179
3223 2523
4009 3836
4659 4424
7105 7687
38 453
2363 1681
7279 7564
6441 7131
4974 5824
4228 5002
3215 2409
3457 2514
4483 4758
9490 9108
6868 6300
7479 8061
16 588
2856 2843
4529 5228
5007 5805
1123 2093
6319 6390
6894 7493
5664 5717
2665 1735
1083 1436
658 1180
9076 8525
147 1102
7646 7702
9068 8683
3017 2373
2142 3107
3679 2884
8587 9363
2029 3020
7178 6779
3648 3236
9607 9431
7506 7083
6231 6669
6496 5918
4051 3945
6207 5808
3568 3595
1061 1599
988 1443
19 555
1981 2347
3155 2288
6223 6338
6510 5760
3142 2828
3041 3609
22 582
9540 9681
5955 5152
5085 5937
2728 3122
25 728
8711 8828
7113 7935
59 528
8051 7369
7768 8465
9029 8290
7982 7274
29 485
8305 8481
5145 4567
5808 6638
1402 1130
2955 2778
1104 1146
5709 5482
6538 7040
2885 2492
7761 8730
5398 6302
2961 2170
5822 5050
3303 3704
8584 7727
10019 9150
9336 8373
8726 9200
6411 6627
9599 9169
2190 2268
9070 8814
7056 7773
6090 5964
8231 7367
2485 1991
9604 8628
7148 7426
3425 3470
47 549
5086 4119
3464 3717
8601 9451
6677 6696
8026 8935
5872 6689
6563 6153
30 862
4678 5499
9860 9963
8698 9489
5744 6677
4398 4127
4300 3581
5090 4175
9292 9811
7595 8243
4214 4584
8946 8715
8205 7365
2291 1972
2431 2210
2221 1903
6086 5735
9269 9517
5227 5184
5999 6979
54 845
505 1385
5864 6096
13 377
30 684
2041 2957
10625 9785
44 775
5446 5332
3711 3125
41 280
3521 4118
7416 6627
8607 9213
7951 8051
8251 8829
7305 7269
3767 3981
6957 6259
3017 2195
7019 6039
35 318
1435 2356
7984 8254
3075 4042
1417 1464
7509 8392
9146 8881
8157 7418
979 1039
1515 1574
9046 9610
9035 8729
9548 9450
9636 9051
7348 7007
7430 7353
8946 9669
8626 7923
8571 9184
3394 2750
9352 8998
7771 7415
4720 4548
7411 7168
4039 3959
1691 2283
3425 3894
5020 5845
23 744
9589 9055
6834 7741
9384 9316
5230 6036
2282 1637
10074 9368
2152 2516
7875 8171
5874 6837
3919 4069
53 83
4464 5343
3491 3903
793 1389
9746 9690
10 431
9000 8603
41 780
8120 7976
4976 4136
815 1542
9060 9842
869 1539
10896 9903
2318 2775
2035 2574
42 182
66 363
3045 2859
7015 6486
90 368
8571 9364
6343 6371
7678 7921
10074 9502
1398 2102
3265 2758
6824 5879
8396 7596
4219 4164
9105 8155
7604 6914
6487 6265
85 241
30 217
347 1160
7909 8245
23 616
40 180
2287 2569
1177 1758
8819 8889
1170 1191
1142 1822
904 1768
72 492
2413 2681
583 1170
5239 4542
3791 3524
73 373
7930 7225
5252 5631
5533 5667
22 756
4227 3915
3085 2678
5274 6182
7870 7061
8455 8778
6502 6420
3590 4255
77 182
10031 9125
3332 3067
58 540
8146 7811
3203 2259
7774 8461
8561 9138
96 540
16 38
3213 2889
2824 2188
1716 2531
4055 3875
7247 7608
6292 6366
5906 5099
8760 8468
1456 2374
2748 2573
7603 8494
6829 7774
6243 6448
8497 8311
2506 2853
23 133
1437 2055
5547 6032
8498 8311
4947 3969
1468 1380
90 112
9903 9262
6733 7353
2698 3670
7004 6423
84 617
699 1453
8000 8880
7874 6894
5145 5100
1991 2087
6836 6128
3360 3593
2720 3578
5429 5579
3085 3640
1881 1026
7460 7659
6303 5490
1306 2176
8671 9133
9616 8757
941 1327
8584 9376
45 355
1823 1861
1603 2488
69 441
4720 5206
7166 7722
86 611
3050 2206
7678 7620
3487 3294
44 275
2940 3056
23 637
9518 9003
25 472
3749 4132
3569 3492
61 388
4601 4853
6145 7068
6893 5991
655 1592
8518 7668
9141 9100
32 279
9242 9799
3262 4047
7977 8146
7289 6803
7380 6803
5603 6398
1746 1533
2442 2763
8038 7682
8491 9445
10077 9084
7385 7964
8288 8205
10538 9673
1723 1479
5967 6442
72 34
1316 2266
97 902
3197 3822
1523 1741
6689 7200
9031 8249
7847 8755
3351 2441
5491 5227
3501 3484
4323 3985
7499 8488
6650 7474
6756 6599
1749 1707
2961 3533
610 1171
2159 2354
4245 4286
8544 9087
7926 8539
1716 1638
4403 4122
7263 8261
8718 8791
4807 4955
56 569
2992 2731
39 300
2478 2808
91 169
927 1890
8934 7939
6425 6694
4891 5547
9951 9453
3922 4258
3523 3405
8091 8810
6176 6149
50 491
7336 7012
10939 9940
5734 5087
1684 2003
4288 3381
1056 1798
8593 9487
2507 1954
9857 9041
8481 8582
8726 7874
6006 6796
6217 6390
7327 8184
3475 3668
84 925
3149 3511
5833 6144
10441 9609
5161 4566
8975 9273
48 626
3391 2394
4300 4785
4658 3903
2820 2610
5222 5188
4057 3681
7896 8702
2169 1905
5456 5158
2935 2046
3974 3789
4637 4120
6069 5323
3042 3216
8666 9368
6576 6298
6673 7152
3198 4165
7033 7728
5893 5213
8739 9419
4417 4784
4562 4298
4762 4393
9944 9742
1428 2161
5175 5319
73 138
1622 1233
8243 8069
4204 4712
62 343
9236 9713
4486 4019
8165 7795
27 67
6988 6823
6018 6109
3941 3113
43 284
27 537
10323 9573
10212 9616
9974 9986
6277 5649
4865 5355
907 1144
71 620
3409 3725
7413 7468
2343 2555
1670 2388
6535 6125
5425 4473
948 1440
1358 1813
8361 8557
2581 2593
6127 6718
4368 3653
87 743
9998 9835
8025 7099
4889 4919
13 46
8110 7909
67 805
1243 1028
4561 3851
7433 8021
6787 7324
3033 3447
4841 5740
8469 8326
2516 3363
2686 2834
3747 3060
74 153
2034 2858
3541 3393
8179 8726
52 70
2057 2252
8036 8389
10184 9952
3537 4396
5536 4984
8900 8658
8128 7189
3232 4050
87 989
2928 2709
1429 1986
3612 2818
6545 6792
10203 9982
9222 8525
8925 9107
2443 3234
4234 4996
9405 9601
2310 1499
3816 4143
8870 8366
2293 2387
4690 4281
8158 8432
1134 1011
3234 2928
5867 6426
3485 4424
38 243
7528 7932
8313 8209
5182 5145
3863 3242
5181 6052
1347 2100
93 882
29 241
5978 6006
4576 4001
4329 4849
3055 2945
4500 3860
6849 7739
4827 5384
7955 8051
4694 5322
3414 4384
2228 2755
4322 4151
9678 9104
16 305
7534 7744
5359 5931
719 1333
1423 1787
3949 3766
606 1163
5001 4131
8244 9081
15 827
2644 2945
6773 6629
4407 3743
3886 3391
5136 5645
10508 9537
4715 5459
4151 3920
5843 6130
8280 7655
7180 7028
9139 9501
4382 4843
8557 8330
5324 5119
6042 6544
5938 5979
1701 1822
7896 8422
3014 3577
8751 8215
7882 7741
6784 6299
10034 9704
97 204
9032 8633
30 866
3027 2414
2523 2776
6421 6097
59 247
9250 9528
6913 6102
4363 3680
7364 7979
9498 9928
2252 1378
7952 8370
98 1009
9529 9094
351 1096
3846 3869
9202 9751
75 26
3866 3753
7720 7542
6193 6811
3433 3094
43 25
6903 6994
3782 3901
9421 9566
10160 9525
6903 7219
9396 9229
6113 5712
6533 6419
5395 5500
36 244
6892 6452
10 191
7639 6753
5672 5199
4572 4275
4547 3574
2479 2648
3412 3250
7275 8265
6996 7792
3943 4739
2166 1971
9790 9439
10371 9902
6593 7040
2521 3268
8130 7212
9111 8747
41 256
5067 4550
36 597
56 758
5972 6187
3710 3230
2731 2505
6345 6241
4246 4563
6110 6357
3591 4223
5598 5562
10042 9099
7762 7823
8948 8183
9492 9221
6733 6264
5831 6736
7600 6605
87 843
1719 1834
8343 7355
7917 7197
3575 3551
8931 9925
1931 2803
1907 2375
2282 2390
10429 9435
4699 4698
93 574
8696 8060
4726 4101
8609 8272
1856 1418
8239 8972
3358 2681
1477 1949
5548 5414
5336 5122
28 463
87 106
2558 1609
213 1068
846 1667
3430 3433
3350 3092
5947 5061
3530 4009
7007 7026
3025 2811
4140 4746
7185 6383
7584 6926
64 876
1622 1213
7421 8210
8213 8131
1476 1736
5522 4843
9470 9882
830 1211
9150 9896
4297 3559
7667 7148
950 1153
2271 3133
7620 7922
4627 5502
1678 1096
1707 2097
18 954
1038 1571
1302 1030
5690 4691
3504 3850
6304 6424
1235 1706
2635 1670
3324 3758
6370 6836
27 737
8121 8429
5977 5918
65 234
3882 4598
3531 3262
28 76
1653 1348
677 1612
7838 7463
7761 7025
4285 5046
9320 8597
5073 5522
2342 1359
7022 6629
5464 5609
1504 1741
7543 8131
11 764
2451 2868
7508 6993
2400 2832
8519 9030
8032 8302
2528 3502
6074 6543
4452 3527
9589 8686
8024 8776
2595 1923
7184 7802
4878 5232
4610 4698
5599 6295
8346 8099
75 458
8388 7554
4922 5630
5242 5051
3413 4243
9303 9090
7662 8381
7611 6969
8455 7816
604 1131
1437 1100
9257 9183
1056 1323
5658 5070
6715 6733
9715 9343
7205 6410
4396 3636
6358 7322
7443 7822
9790 9950
7246 8170
8282 9192
3284 3558
9694 9686
7108 7937
9515 9610
3457 3784
3282 3627
4705 3844
8768 8768
2449 3299
36 333
87 914
5801 6540
5518 5163
6475 6940
8691 9583
3053 3030
68 12
1823 2037
4742 5306
816 1146
1690 2120
2346 1413
77 779
2578 2205
7525 7311
3379 3816
6096 6275
88 647
9500 9845
6469 6868
3138 2940
4634 3767
2777 2323
8302 9239
42 891
7403 7313
1343 1939
1831 2216
4348 3466
9119 9568
7345 7997
6998 7698
3822 2861
1005 1332
9256 9588
1956 1912
631 1245
4708 3811
9455 9678
4835 5696
98 451
3522 2917
78 460
1780 1097
1818 1032
4714 4289
6907 7154
3328 2628
9267 9132
8885 9265
2451 1625
3044 2143
555 1025
2171 2034
5193 4262
7550 7919
7049 6202
6197 7002
7435 7159
6305 6139
3740 4125
7764 8569
1743 1354
5884 5175
2456 1630
25 1000
6090 6434
1078 1185
3515 4211
5975 5985
2270 2463
10098 9388
4730 5577
9119 9868
1596 1619
7253 7017
2556 3141
5283 5263
6696 6988
2601 3010
797 1335
1621 1880
9080 9758
8331 7523
3940 3223
3112 2569
3032 2251
59 821
9159 8553
5636 4770
1844 2380
8059 7843
5177 4764
6879 6595
9687 9237
8999 9990
5878 6644
9651 8974
3922 4921
4301 4210
2681 2987
2239 2410
10139 9575
9090 8444
7002 7690
1982 1537
5619 6238
2670 1684
5477 5570
10151 9780
6166 5276
9162 8828
4189 5110
77 409
3912 3799
87 491
3436 4035
5051 5551
5993 6511
9513 9765
3747 2926
8610 8350
4368 3845
4426 4628
37 742
1490 1301
6903 7158
5633 6339
7327 6993
9006 9934
1750 2278
3961 3723
2685 3543
2727 2559
1197 1037
4208 3816
7453 8099
77 878
8680 9533
21 644
10285 9846
41 717
4383 3947
8209 8295
2152 1187
5811 5817
3430 3725
10027 9904
8124 7191
100 399
857 1337
7117 7366
2928 3188
6989 7549
7892 7837
26 503
5580 5042
3790 4006
6363 5430
21 574
9424 9148
5143 5096
1188 2056
2515 3443
2840 2952
6489 7071
3914 2971
6809 7701
8315 7511
9929 8953
4346 5291
3492 3537
6439 6919
5611 6240
7584 7732
5122 4840
3612 3163
2808 2709
4413 4128
4457 4905
10293 9557
8459 9124
687 1149
4098 3662
96 288
2565 2552
2673 2765
9527 9166
6382 7301
8387 8862
10086 9427
8063 7584
8568 7598
7991 8889
7369 6741
8352 8699
41 683
90 113
5037 5370
6193 5891
6842 6292
4923 4461
3108 3779
4231 5061
8640 8650
2042 2141
5091 5403
476 1308
6853 7201
1366 1845
6128 6759
9146 9178
7225 7410
2565 2594
4978 5170
4495 5419
7998 8685
7706 8264
9174 9802
3080 2659
1739 1474
4429 4735
8812 7872
4552 4870
9826 9740
29 463
3642 4344
6188 5239
48 221
8946 9486
63 474
940 1219
68 361
98 267
8436 8868
5594 4999
10459 9540
31 484
3464 2574
3941 3338
4840 5085
1141 1076
4251 5112
6693 7308
3054 3628
6825 6212
3743 2812
6195 7117
5131 5213
6741 5810
8166 7930
8426 8855
9209 9734
913 1250
5364 4789
5010 5413
1497 1341
2683 2765
7639 6896
7886 7191
3216 2319
7586 7751
1764 2315
9966 9492
2688 2384
90 945
87 393
6702 5901
9980 9416
7737 7987
8499 9121
3034 3059
8932 8179
4493 5010
7211 7517
5216 5751
3328 3374
3318 3547
9532 9965
4725 5453
3290 2562
3634 4466
9569 9512
3917 4294
5958 6006
2409 1566
5863 6765
78 1013
6041 5496
6173 5271
3194 2975
6503 7235
4490 3770
7036 6713
4112 3585
5554 5098
9125 9441
1132 1063
80 454
2669 2515
4366 5199
7809 8560
3085 2545
3122 3653
3529 4298
6048 6796
56 705
9707 9598
4463 3622
6896 6351
2232 1998
5521 6337
8014 8304
3179 2375
7902 8383
6745 7375
2622 3222
42 823
6881 7727
3648 3434
40 488
6581 5917
11 743
6790 6341
4078 3869
3552 2677
2060 1308
1996 2183
7802 7247
2422 3088
2159 1868
8469 7580
10181 9770
4623 4346
59 296
2308 1520
839 1066
7482 7402
6161 6533
7811 8167
1598 2568
4683 4764
621 1294
5881 5526
44 98
5567 5906
5400 4847
3974 3210
7901 8697
8781 7818
10189 9721
9770 9871
6657 6536
4827 4214
3266 3204
5156 5180
1874 2154
5216 5111
9295 9411
5985 6254
8835 8819
2231 2322
1490 2093
4290 5272
3724 3753
8630 8980
8951 8258
3866 4289
8585 9343
3322 2685
9482 9933
10016 9126
2088 1258
3415 3565
7171 6523
2763 2856
8142 7310
8838 9774
3504 2627
12 894
9426 9619
7967 7130
4660 4930
4617 3924
7034 6942
988 1675
4335 3863
2138 2878
6799 6440
8399 7420
8906 9005
8175 9163
7843 8185
6360 7247
8620 8028
526 1165
9409 9158
5705 5531
4101 3516
3174 2288
7816 7462
2599 1891
1917 2820
2054 1785
2208 2270
9830 8944
7255 6434
54 26
9434 8554
20 221
7821 8595
7429 8358
7169 6962
1994 1869
7221 8043
62 210
100 143
6837 7218
3095 2634
33 615
4433 4325
3472 2921
733 1575
3336 4005
84 330
9750 9005
6636 7629
55 13
8169 8878
7868 7439
3671 2854
7343 6790
4272 4975
7461 7129
10372 9533
3286 2298
2674 1929
44 765
6125 5798
7711 7662
6678 6039
3148 3062
1402 1780
6527 6286
28 934
5862 6164
6018 5557
4264 3975
2119 3080
9580 9684
5480 6158
6548 6224
9207 9679
3790 3443
997 1638
1209 1637
6037 5293
6088 6258
8032 7112
6609 7389
5788 6542
5604 6288
3617 3330
2388 2403
7866 7128
99 241
1739 2144
972 1294
7139 6932
2468 2718
786 1306
5958 5575
42 372
6569 6470
9023 9811
1435 1981
10012 9706
1758 1695
6365 6044
5518 5629
2678 3662
1471 2144
8055 7860
52 987
7884 7396
3080 3151
66 644
3793 3186
2765 3471
1895 2187
8336 7936
6078 5725
3149 2722
3837 4351
268 1216
1436 1297
744 1325
8009 7631
3237 3125
7826 7412
9258 9945
7417 7603
7104 7734
3305 3153
8074 8534
3747 3025
18 952
4922 4266
6320 5427
88 850
2256 2830
1030 1644
3777 4628
2480 2830
4964 4200
3580 3651
9081 8833
372 1027
3261 3744
3688 3840
3084 3965
10 123
4223 4600
39 595
39 248
3799 3569
5797 6235
4383 3914
7292 7361
4979 4753
606 1049
3813 2948
4721 5280
2869 2917
4390 4851
418 1188
4780 4699
7819 7612
1821 1349
56 827
2221 3120
7045 6910
6605 7092
3174 3068
3905 4328
6066 5469
35 955
9065 9698
1893 2204
32 93
6136 5459
7502 7692
8404 8045
2721 2551
5541 5007
5679 6493
4470 4615
89 242
58 552
1947 2562
1720 1127
8779 8082
6421 6597
1904 1888
2298 1838
5575 5465
4730 3737
5795 5189
6247 6094
3491 3713
42 480
6003 5263
46 143
3651 2935
4067 4766
2224 2236
6512 7352
2908 2301
5354 4609
3286 2556
8364 8042
7926 7510
5401 5718
4995 5307
4100 4369
7910 7217
9020 8929
91 41
3143 3558
5992 6640
1540 1645
3956 3000
8376 9022
1248 2004
833 1026
6262 6705
6376 6838
6393 5466
5253 5622
347 1164
51 328
6227 7217
3345 3399
5511 4784
3707 4685
8736 8969
6399 5624
2535 1907
7178 6232
6340 6260
1831 1779
68 489
4163 4636
3188 2312
