10013
100
24892065
104 109 96 90 102 107 96 91 96 98 100 109 108 100 109 109 101 107 93 100 108 98 106 96 94 104 105 90 108 92 97 90 100 99 99 96 98 104 93 100 97 103 91 104 106 104 96 98 102 91 103 96 100 110 105 109 90 105 93 94 99 110 90 92 110 106 108 110 94 105 96 101 99 109 108 105 95 105 91 95 93 104 97 99 94 102 103 109 97 96 103 91 99 96 94 99 101 103 100 106 
-164434 -180669 -149996 -137774 -165508 -168507 -148920 -152863 -150986 -165514 -157926 -184558 -170181 -152140 -171521 -167828 -160222 -170602 -155121 -154424 -190697 -144608 -180110 -147776 -155056 -163689 -149895 -137130 -182222 -148067 -162865 -144932 -152364 -167621 -154906 -153578 -166178 -162860 -155829 -161753 -133699 -176574 -132206 -160965 -183302 -164888 -158887 -141628 -161404 -160343 -180610 -154822 -160443 -183453 -166747 -174003 -137535 -150555 -166975 -146497 -147197 -186305 -130239 -129415 -188737 -176901 -175323 -178440 -160387 -174854 -135173 -175691 -163562 -199943 -169039 -182598 -166894 -175694 -148934 -152318 -136907 -146621 -165024 -169452 -154830 -169145 -173124 -165555 -156776 -150208 -146835 -151015 -177536 -164258 -136488 -172712 -155192 -161082 -144285 -175182 
147832 167882 135007 125820 152921 155034 137938 139365 140024 151686 144194 168837 157009 141498 156488 156214 148422 156282 137839 141919 174988 133466 162391 136091 141705 150507 135504 128741 165506 134801 148603 131878 139112 153953 141577 139579 148764 150220 142451 145820 123187 161741 120411 149596 164931 152961 141724 133147 147759 141968 165551 142267 148615 167352 152821 159966 126403 141967 152510 133044 136148 172366 120637 120780 173888 162072 159711 161270 146762 162716 125620 162452 152111 181143 156347 164777 151812 164333 137247 139019 126275 134531 149859 158456 141037 154404 159752 150822 143847 138786 137668 138298 160486 148859 123247 156079 145374 145882 132751 158638 
62 512
6035 5596
7187 6278
17 164
10282 9945
7589 8587
6671 6577
4049 3149
8482 8234
8605 8879
99 550
2011 1356
7868 7784
3851 3196
3731 4407
9146 9166
2240 2741
1783 2068
7768 7205
9647 8816
49 764
5446 5247
5390 5460
3616 3953
3364 3827
8291 7949
1990 1392
6002 5412
3423 4261
8892 7956
7792 6898
9951 9750
3175 3658
1895 1747
6942 5970
4130 3348
5502 5557
5165 4275
3220 3709
28 927
1676 2613
8248 7912
1200 2050
2993 2125
7913 8913
3517 2694
3310 2359
7831 7863
2192 2710
9733 9618
10098 9455
7825 7344
8853 8042
3978 4197
4637 4851
7766 8214
77 698
9776 9822
5363 5320
6696 6885
2341 1874
3630 3561
26 667
2927 2763
5786 5038
1919 2373
32 400
82 715
5676 5062
3814 3761
3385 2741
7714 7110
4880 4049
3894 2983
1254 1076
6178 6124
5298 5359
3668 3039
7089 7367
7882 6960
6296 6758
5417 4996
7134 6497
6900 7514
7205 6459
5404 4965
3203 3930
7710 8556
1451 1703
1154 1464
1427 2373
4871 3950
5095 5416
1507 1539
9038 9250
2330 2429
63 344
5907 6543
4271 3840
8001 8706
2754 3445
9168 9521
229 1097
6244 5404
10194 9610
9048 9261
4297 5181
6988 7407
6798 7354
6758 7147
4605 4687
20 494
9115 9886
3502 4065
6075 5765
5443 5000
8604 8708
2720 2428
9960 9751
10648 9777
7916 7688
88 803
583 1502
7807 7679
88 1047
5650 6281
3562 3047
2005 2041
3344 3971
9608 9486
8296 7350
7728 7460
54 493
1254 1479
5100 5744
8349 8412
5507 5684
7952 6957
2584 2277
4443 5107
6944 7106
1830 2557
8042 7799
5917 5725
1889 2290
7428 7617
84 204
9997 9478
2834 2182
2364 2541
2542 2966
8408 7779
10784 9794
2305 2826
5694 6012
8035 8258
5314 6188
2583 3142
175 1049
1686 1293
9777 8844
73 493
4546 4837
2347 1695
3407 2797
9114 8115
910 1379
1203 1902
3302 2432
81 479
2630 3376
10242 9546
7320 6436
4915 4325
5422 5999
80 837
2420 3129
8942 9590
751 1592
8803 8468
9104 8968
732 1113
9257 9591
6584 6964
7433 8363
2509 3200
879 1554
2362 2543
9123 8947
61 500
6254 6150
7987 8483
5296 5907
7087 7914
6509 7481
1967 2193
1181 1178
8463 9079
4391 5355
7722 6744
6721 7084
6882 7104
7432 8242
5656 4884
7510 6940
1652 1338
7541 6943
6341 6614
7132 7519
1315 1547
9290 8548
3780 4239
1226 1248
2617 1792
7254 7827
3102 2804
21 165
3330 4115
10025 9466
6458 5682
4026 4275
4825 3871
7053 6647
2882 3448
9681 9775
4898 5818
8494 7884
5602 5083
1210 2071
1941 2697
3255 3295
2532 1878
6841 5954
42 611
6894 6461
5500 4628
47 149
99 555
60 676
8093 7699
2848 3097
7812 7274
5625 5656
5875 6088
678 1264
95 638
9881 8943
9534 8536
1495 2065
5889 6306
7734 7728
1633 2277
10390 9434
11 174
5262 5695
4664 4046
38 905
2662 2024
7716 7388
6542 5547
2936 3476
2064 1661
8311 8715
9813 9774
3769 3289
7036 7962
3008 2471
3657 3840
4308 3532
1120 1318
4805 5310
3494 2787
86 284
2149 1268
4584 4751
26 792
77 714
28 805
69 83
5350 5857
9747 8890
3197 4063
8202 7449
2608 2849
5089 4384
9712 9433
3888 4112
2620 2210
88 837
8232 8163
7867 7703
80 489
8571 7980
9284 9022
7709 6764
8129 7813
3599 4064
3898 4492
8392 8403
9346 8701
10475 9781
4629 5262
2423 1757
9815 9246
5509 5224
9194 8825
3173 3281
9017 9934
6604 7010
2559 1965
6632 6149
6671 6049
3516 3096
6941 7773
2680 2288
85 705
7932 7804
2048 1854
473 1235
10799 9831
7587 8225
9432 9683
5512 5170
9880 9085
1899 1889
30 919
6076 6029
49 448
2557 2620
7559 6598
4287 4426
1870 2048
6840 6815
2941 3147
10103 9614
2047 2476
9718 8803
6709 7121
4540 5510
9150 8483
8762 8577
4860 4390
59 443
17 691
6985 7493
4182 3272
2172 2430
3004 3825
62 41
6369 6685
8849 8090
4658 4578
6331 6968
457 1103
6109 6575
16 716
4245 3703
3366 4092
2859 2690
7698 8178
1031 1215
71 370
7477 8243
94 94
5625 4771
3850 3593
4038 4205
5918 6210
4668 5138
7966 7419
9339 9132
8991 8066
79 165
2087 1456
3679 3006
46 733
8306 8542
6095 7069
1386 1964
1744 2717
2328 2913
9843 8855
4955 4285
42 662
7609 7997
1705 1927
3752 4046
97 837
5789 5844
8440 9171
3923 3156
9142 9142
10921 9953
2778 2988
6959 6040
69 895
5130 4800
8330 7880
8908 8231
9880 8994
4860 4729
6917 6264
3693 3867
2452 1909
6520 7452
9302 8760
5642 5857
2345 2647
5120 5645
4071 4749
187 1184
3202 3951
2982 2998
3152 2949
5786 5741
7605 8089
6724 7291
8446 9082
8635 8315
5173 5539
3265 2872
5862 5272
5014 4761
9621 8957
3860 3247
6119 5499
963 1381
5275 5228
3015 2567
4623 4821
4027 4827
8537 8169
6313 6356
5930 5058
6352 7135
4253 3853
7409 6769
3132 2497
4384 3623
6871 6877
6259 5882
9689 9179
6660 6511
99 573
26 256
9616 8777
7517 7106
76 888
4198 4455
4942 4393
9789 9892
2434 3180
8249 8098
9238 9519
8009 7027
5145 5437
4558 4293
4041 4133
8567 9116
6137 5544
2305 2814
6399 7398
2143 2347
5510 5706
4281 4573
6663 7069
3417 3371
2257 2878
8623 8960
1123 1118
4086 4657
8710 9599
2845 3542
1658 2370
5373 5782
1869 2251
2869 3804
4084 3167
8882 8813
1395 2161
5323 5782
5348 6086
69 712
2655 2718
4672 5214
10467 9496
5965 6757
8566 7601
6809 6791
6573 6002
2881 3000
61 883
3117 3684
5304 5655
3273 4262
4667 4284
4760 4734
3302 3733
2967 2892
2570 2720
2011 2485
43 655
9634 9552
6479 6549
2003 1952
3640 3616
9482 9027
29 718
54 275
2559 2681
14 150
68 358
4941 4206
8128 7538
9096 8596
1776 2699
4038 4033
7995 8231
71 970
3362 2580
18 704
2123 1650
7488 6932
3948 4822
9060 8764
7011 7373
8503 8773
5739 4992
4485 4127
4053 4369
3919 2953
1939 1145
7944 7542
8800 9739
5424 4752
8501 9429
5861 5963
6173 7150
52 35
1785 2251
6464 6840
3226 3398
8639 8210
1637 1143
8196 8749
1420 1749
6759 7383
3459 3574
5880 5736
6597 6580
37 709
4780 4078
8911 9480
6920 7514
6500 7378
2017 2413
4172 4543
2299 1836
8294 9076
2864 2270
4634 4758
8456 9210
7816 8032
8456 8708
7497 7360
5662 6125
2075 2296
10037 9406
1500 1747
19 784
795 1019
6066 6021
3362 2593
8165 7705
9708 9266
8292 8719
3609 3300
9625 9013
4532 3991
4029 4249
4065 3823
1244 1955
1535 1512
8389 8358
3011 3666
7739 8026
4543 4188
5058 4653
5435 4658
4076 4632
5365 5264
607 1358
3687 3870
5996 6299
2596 2460
1079 1276
2014 1200
5788 5222
97 716
41 142
8664 9598
9376 9689
4043 3337
5465 6187
10411 9969
8391 7936
5928 6101
3550 4162
7893 7500
2785 2123
57 830
3811 2875
9547 9275
9621 9756
4125 3525
9261 9310
5940 6862
8143 9020
7063 6775
1862 2623
8164 8064
910 1704
1586 2349
4438 3438
8394 8076
2960 3707
5977 6410
7289 6438
8634 8569
59 252
5948 5422
2733 3394
36 817
2717 2360
5232 5227
4832 5413
9211 8835
7668 7365
3414 3075
7989 8952
8415 8981
1183 1994
10131 9878
8261 8677
30 931
56 106
8945 8255
2534 3462
6349 5814
9374 9369
3076 3784
72 548
1861 2014
7247 7288
5688 6261
358 1296
9643 9604
2935 2816
6357 7343
3995 3240
84 851
1379 1787
7931 7819
62 466
5587 6560
4067 3559
5327 5569
9032 8785
8848 8250
9298 9242
5126 4930
2897 2418
2950 3800
3458 3249
61 238
5521 5927
2320 1713
2739 1769
10195 9475
8091 7844
1439 1153
81 801
1304 2244
5119 5526
6813 7451
831 1667
7187 7074
5092 4704
32 665
3122 3342
5127 4677
22 535
7939 8325
7603 7631
1501 1574
8869 9136
6329 5871
5986 6264
5559 6320
1306 1512
9498 8507
2234 1323
4802 3847
69 767
7609 8284
8795 9427
4782 4995
2849 3500
25 934
1830 1794
18 162
2583 2300
4801 4838
1974 2694
8003 8371
9819 9997
2823 2591
5160 5898
4361 5264
483 1310
9971 9404
5948 6790
1827 2454
4153 3258
5730 5623
9782 9260
4044 4226
4097 3311
8444 8890
7103 6803
4841 4785
4269 3590
7558 6764
21 829
7356 6374
6825 6415
7954 7512
4857 4202
6371 7186
9939 9290
3943 4467
1326 2228
6766 6059
8147 8459
4223 4829
91 811
8482 8093
8167 9062
5307 5656
91 610
9268 9221
2472 2625
5171 4675
46 44
2740 2603
8601 8062
6157 5670
5915 6261
10203 9540
2700 2218
4929 4496
2133 1921
7013 7415
3751 3083
9777 8865
7693 6842
2752 3723
9938 9668
11 942
7773 6917
2462 3254
36 677
14 900
6750 6066
5322 5974
76 948
6845 6085
10642 9999
8804 8925
6667 6387
3624 3428
6719 6253
4841 4047
3361 4026
3402 3791
8702 9060
5856 6467
9693 9278
7665 6817
3060 2517
9257 9110
39 368
2718 2607
8152 8767
2465 1861
2948 3246
4198 4704
8993 8210
5142 5029
5938 6774
6229 5795
3556 4296
4922 4390
4144 4265
7626 7100
2566 3000
8208 7673
8452 9291
6859 7338
6289 6907
4887 4662
10066 9288
38 814
5526 5908
51 645
2352 1971
6172 6558
42 427
1930 2123
4769 5327
5317 6276
8181 8012
1062 1162
8206 8285
5237 5913
5515 5066
4734 5667
4682 4042
9165 9451
6806 6337
7899 8873
2871 2810
4022 4893
5810 5720
7016 6525
7163 6797
8666 9646
7278 7908
3993 3854
1935 2031
67 791
45 834
41 851
2446 2639
5989 6434
3186 2505
3073 3902
4663 3762
10070 9859
3336 3559
7150 8022
2974 2486
2361 1730
9900 9476
16 304
86 849
7559 6785
3803 4434
8117 8006
3909 3508
3517 3901
6999 7813
2754 2734
2254 2102
7590 8391
2439 2817
4147 3785
7828 7751
5071 5171
10602 9744
3120 2151
8759 8831
56 46
727 1437
10 885
2097 1451
84 154
8830 9665
8416 7760
2678 2455
6021 6935
5778 4816
5243 5235
6583 6527
1892 1678
7626 7652
6584 7371
6937 6875
2376 1598
4976 5504
5747 5253
2092 1245
8848 8793
9171 8529
3488 2598
7850 8246
3866 4362
6572 7076
7499 6537
7238 6752
2625 2856
81 713
5669 5045
2081 2953
9190 8444
8876 9758
30 276
4959 4318
2650 3525
8366 9328
4259 5189
7766 7046
2621 2283
8806 9649
8972 8000
4956 5021
3494 3769
2778 1800
4304 4940
96 492
1820 2043
9986 9199
2524 3458
7407 8253
10138 9396
5532 6402
7365 7514
7857 8695
9104 9447
9317 9731
9146 9138
38 145
3679 4623
5638 4955
88 290
8346 8959
7275 8112
1737 2604
1193 2127
8021 8691
1012 1423
5704 6086
6818 6507
9045 8765
5425 5762
3067 2605
4156 4311
43 609
8183 8739
7607 6820
9101 8493
36 988
2604 2763
8663 7723
411 1287
7757 8627
7981 7765
6394 6777
4725 4089
4711 5069
4301 3717
9753 9300
4552 4539
15 242
8283 8483
5043 4051
5586 5720
4378 4178
2250 2131
1254 1768
3342 3742
2469 1617
10736 9890
10122 9392
5102 4484
2811 3458
5753 5762
50 889
7252 6808
4058 5022
5406 5481
10835 9857
6368 5858
3884 4643
7538 6755
2601 1938
4608 4044
1413 1039
21 389
5188 5323
1499 2008
6191 5734
62 44
1867 1532
8604 7853
3118 3737
5359 6300
5161 4243
7205 7193
2915 2328
3815 4154
6838 7322
4005 3788
1188 2028
8932 8201
4416 5285
1818 2035
1423 1961
9152 8377
1363 1544
6789 7225
3864 4360
3760 3662
1844 1411
43 983
8781 8503
5316 4356
9305 9390
19 85
10056 9627
8444 9170
13 498
22 968
7916 7163
7168 7899
4294 3661
34 169
7247 6984
5413 6349
84 504
6546 6919
6887 6955
2019 2449
1389 1052
51 628
1698 1252
2232 1920
2815 3363
2066 2035
4234 4442
1253 1630
2519 3484
9246 8377
9416 9077
6268 5474
5100 5568
7471 6877
45 743
6557 6902
7972 8333
4399 5154
8059 8177
7011 7388
2718 2333
3208 3914
5117 4417
6770 6142
6011 5027
8674 8685
6583 6909
3096 2903
5191 4925
7140 7308
2456 1559
7856 7020
7307 6368
6159 7142
8706 8774
9194 8810
746 1167
3559 2591
7661 8308
7327 7144
7924 7807
7588 7936
3527 4006
4145 4245
3351 3622
9900 8934
3228 3934
5642 5963
2564 3251
1691 2555
5613 4698
10630 9894
764 1145
7597 6679
9849 9532
44 552
5780 5128
5858 6644
9723 8889
8322 7764
3533 3699
8334 7512
9266 9934
6244 5367
8254 8655
6789 7178
9116 9874
292 1259
1877 1363
6971 7326
9309 8760
90 1002
25 472
8860 9712
1583 2457
5114 5168
1516 2009
62 124
6092 5445
9939 9326
6440 7235
6050 5425
8701 9111
1393 1449
8176 8674
4611 4332
7800 8109
1620 2086
5229 6189
7883 7314
8270 7817
6978 6507
2983 2123
1049 1747
9575 8618
5611 5295
6502 5526
7485 6697
7364 7425
3484 4318
6072 5726
6382 6047
6638 7205
7100 7402
6690 6196
1424 1284
974 1125
5184 4329
8529 7805
1263 2219
4430 3663
2916 2336
6722 6712
5544 4916
5684 4709
8659 8895
2774 2051
3390 2478
2831 2713
56 178
6379 5706
8618 8899
3052 3242
5290 6087
4337 4978
4618 4876
97 253
1759 2593
6787 6479
7035 7358
6446 7041
9032 9158
3783 4783
33 715
2578 2077
7317 7568
84 499
83 651
8054 7637
4650 5446
4878 5096
3026 3617
6443 7276
682 1011
6315 6263
5223 5419
9977 9539
46 313
7352 8055
6729 6541
27 291
6431 5716
7251 7050
4085 4584
6132 5391
9533 9477
4101 5091
9085 9444
6557 5631
4915 4238
7444 7553
7060 7809
5669 5497
1269 1376
3486 4440
8903 8666
1418 1897
5344 4402
5827 6247
2476 1797
6089 5336
2599 3172
6616 6860
3971 4667
77 465
5733 6671
2527 1748
2443 2377
5485 5053
1625 2000
9704 8733
1700 2611
3810 3712
5265 6061
2835 2429
3295 3398
4634 5610
8283 7411
5217 5002
8725 9622
6266 6164
1012 1750
6158 5843
7121 7700
4493 3985
8357 7852
4378 3788
5790 6600
1867 2743
3574 2599
2477 1926
9138 9095
2417 2083
2802 3250
2005 2816
3267 2419
1221 1986
4146 3904
5937 6292
4528 4403
7209 8077
4202 3362
7953 7954
6046 6722
3735 3880
45 148
8073 7884
6321 6905
2591 2617
8295 7788
9892 9160
7420 6883
7194 6462
9156 9352
6897 7834
1780 2477
10161 9907
3406 2906
2990 2516
9747 9686
5238 5928
1533 1885
5024 5431
6577 7174
7080 6527
2660 2219
7013 7561
6235 5642
2086 2060
5194 5706
7448 6784
1595 1440
3016 3778
26 954
4165 4368
1539 1598
76 863
7403 7499
6247 6312
4767 4976
7699 8681
6760 7672
2508 2596
26 110
9798 9988
4145 4391
59 241
4334 4507
8593 9010
8950 8440
3179 2806
1761 1828
9065 8346
7994 7015
8771 9230
7821 7206
7398 8369
2926 3062
8136 9106
98 567
74 867
1561 1792
1736 1558
23 919
5648 6216
6471 7272
62 437
42 821
1928 2474
7286 7545
7390 6835
7073 6114
129 1057
3216 2622
8389 8110
7927 7316
4021 4181
5015 5976
2576 3025
8793 8138
6039 6989
9497 9483
2259 1905
3737 4488
9032 8652
5699 5806
96 819
2583 3246
4261 4737
13 414
6604 5658
7737 8187
8067 7834
4544 3902
16 814
4708 5672
3921 3762
6355 6287
3772 2783
3370 3196
3926 2931
3525 4276
3249 3592
8779 8139
7188 6470
2552 1607
4460 5280
8894 7965
6502 5918
2923 2127
386 1332
6967 7264
66 868
3874 3479
88 891
3571 4075
9442 9020
4768 5678
10102 9301
5136 5413
786 1238
3959 3152
1037 1880
4710 5413
7008 7723
40 625
3909 4145
1132 1434
4119 4561
6585 6227
1324 2126
3241 3159
6026 5121
5614 5761
5382 6175
4435 5414
8185 7947
8201 8102
7782 7347
5223 4532
88 924
8999 8444
3083 3427
5646 6144
5604 6396
1894 2477
4663 4142
2988 2406
2628 2446
9155 8443
3007 3992
4347 4955
5639 6585
2445 3307
9847 9730
8431 8341
7824 8400
4175 4111
6202 6260
4304 4496
3746 2991
36 447
9393 8961
2812 3168
4676 5428
10349 9847
8936 7981
8441 7530
10193 9439
4825 4368
4966 4063
5294 4962
2198 1973
552 1494
38 1008
12 391
1045 1776
3633 3645
2036 2144
7615 6673
1784 2234
9265 9906
1891 1021
9456 8968
9712 9296
9616 8743
9151 8553
3404 3642
3711 4311
9348 8853
2241 3171
9564 9724
2521 2267
3424 2628
2637 2594
17 885
9166 9341
8124 7354
2821 3603
3594 2801
7674 7828
5904 5282
3155 3978
9945 9885
6482 7073
7898 7759
9249 8645
4344 3636
10291 9379
1921 1395
4943 4483
94 703
1125 1716
8683 8379
6115 5792
4147 4330
63 387
1781 2129
6724 6517
3991 4387
416 1068
1360 1667
3868 4450
8097 7624
1346 1896
1914 2139
4836 5229
17 677
7045 7155
5306 6091
10134 9691
2029 1263
1000 1044
6350 5584
8151 8699
3490 4443
2571 3241
9429 9858
40 230
2362 2356
4554 4053
39 923
3787 3049
4081 4694
1536 2120
2477 1604
4542 4484
10042 9692
2458 1780
4094 4409
6651 6850
5570 5719
9464 9794
5259 4783
6664 6554
7808 6993
5117 4627
7160 7568
6619 6960
7154 8090
5022 5653
92 416
6653 6968
21 947
2422 1842
4225 4360
1894 2058
4247 3895
7267 7514
43 787
7854 7313
8927 9619
7067 7992
22 340
5362 4534
8255 7285
7597 7835
2702 3465
6491 6615
7484 6962
33 136
15 719
33 984
1590 2395
7957 7466
8576 9265
7030 7959
906 1346
7487 8289
55 727
7406 8145
75 687
1788 1889
3040 3017
5462 4782
8024 8985
8746 9367
6207 6992
4481 5034
8310 8702
2927 3109
1616 1029
7312 7061
9392 9958
7744 6920
4016 3982
8532 8444
4321 4251
3411 3347
3993 4671
8347 7583
3078 2701
2517 2000
1519 2335
9224 8365
5913 5563
6915 7468
9405 8665
4025 4949
3153 2762
7630 7616
7707 6730
10551 9932
9843 9751
6712 7055
4573 4052
6071 6860
2938 3862
8532 8621
2703 2503
6207 6481
3165 2701
5227 4608
2497 3186
6147 6503
2801 3352
28 388
6654 6175
1218 2206
4763 4908
4211 4063
8670 9102
5048 4135
1348 1559
80 578
4254 4490
22 892
5596 5995
6550 5948
4953 5586
2847 1931
62 778
4655 5555
2396 2543
1027 1073
3482 2540
6820 6524
9405 9826
97 252
4423 4006
4329 4932
7636 7825
5214 5644
6557 6172
7057 6152
7514 8362
4697 4672
4757 4439
55 376
4341 4212
1726 2715
6172 5417
4381 4526
7952 8792
66 998
3109 2618
4816 4421
6815 7560
3707 4661
28 10
3348 2617
4974 4749
31 213
8559 8386
86 840
7296 6567
4470 3923
3229 2376
4197 4572
8014 8198
4581 4232
5020 5095
2656 2035
7060 6129
300 1183
9355 8638
4900 5186
4297 3331
25 834
2760 3042
75 29
4598 3994
8296 7327
2127 2835
7464 7726
1608 2529
6121 5562
4331 5027
7934 8779
8547 9004
53 652
7594 6987
6857 7737
3448 3312
5218 4270
5725 6363
5027 4656
41 695
2403 2024
5738 5356
798 1590
9246 9933
75 194
5578 6271
6692 7193
1905 2870
48 73
7321 7231
9914 9209
3394 4223
8173 8184
4336 4400
13 516
8978 8646
3554 2747
2497 3305
1850 1361
6457 6719
3712 4198
1943 2092
4519 4042
9140 9945
6282 6379
1369 1925
9118 9661
7061 7161
2730 3396
8273 8448
9270 9643
5993 5290
96 661
8925 8650
9152 9378
6513 5665
6777 6580
4386 4817
71 991
4635 5435
7527 8407
6854 7798
7615 8197
2968 2903
7638 7930
4401 4745
65 725
6007 5630
4398 4928
4923 5085
7443 6493
4553 5433
2459 1725
5581 5410
5886 5663
1484 2205
8884 8100
8395 7960
4212 4927
7050 7610
5651 5644
884 1433
9762 8916
1929 1392
63 390
6574 5730
3514 4006
1295 1656
29 57
1252 2177
4675 5147
9443 9338
4382 5184
71 452
6416 5887
9363 8764
5603 5467
2865 3432
8600 7868
4115 3959
9715 9727
4774 4579
4610 4538
8846 8165
6889 5960
4700 3746
8833 8203
3394 2766
626 1514
3042 3230
2486 2817
2358 1942
4707 5317
9478 9190
5305 5438
8525 9469
3224 3813
7510 8125
5202 4373
8069 9015
3620 3349
7795 7412
49 398
8618 8880
719 1311
6158 6429
6033 5618
37 894
8589 7939
1931 2343
2966 2885
1769 1802
3500 2917
4529 5478
63 654
7270 7243
2088 1339
7224 7161
79 399
2240 2068
10614 9649
8546 8978
3480 4170
6369 7075
3916 4325
7258 8095
2622 3339
10520 9829
8318 8191
1424 1695
62 526
9920 9993
62 927
2087 2387
1699 1496
7433 6852
6342 6419
59 459
5691 5832
9951 9389
4795 5002
6578 6269
2991 3582
9364 8533
7239 7333
8725 8470
5692 5616
4305 5086
6363 7057
3284 2732
5917 5205
2609 1760
9436 8911
4399 4035
2027 1745
4505 5251
5757 5056
4928 4267
8140 7241
4218 4850
8917 9061
4513 4299
2789 2803
8950 8536
2624 1953
8068 8794
97 929
2518 2470
6585 7449
4207 5185
1531 2228
5108 5484
5003 4681
27 716
8922 8091
8544 8008
4384 3904
23 819
5674 4878
7325 7132
3232 4088
88 88
9946 9908
9557 9109
7709 7996
74 528
4967 5288
8960 8133
3236 3535
4874 5541
3103 2328
8246 8169
6641 6367
6394 5519
7297 6395
2302 2578
6276 6211
3602 2997
3563 4340
44 262
1391 2241
18 760
1980 2247
1885 1169
9008 8926
2118 1402
1843 2612
7898 7724
8209 7795
2735 3447
9754 8758
5137 5477
7389 6484
8795 8185
7072 6570
3782 2831
7164 7425
5527 5575
6294 5414
6916 6431
22 578
6164 6584
9998 9574
2414 1720
7172 7589
2657 1808
15 986
7291 6323
7401 6784
1244 2140
6211 7141
69 536
6154 5762
44 593
9593 9065
2012 1105
986 1629
7845 8585
5691 5669
3544 3126
5482 4749
8792 8169
6369 5800
10269 9800
7605 7461
4209 4218
2943 2072
18 399
3837 2929
3797 4562
9160 9961
4545 5369
1492 1435
7896 6973
8134 8972
23 112
4266 3523
5073 4438
9882 9598
9978 9080
8772 8930
4931 4344
10536 9995
2129 2080
2406 2574
4514 5496
6913 6121
3895 3570
8557 8036
1968 2844
8882 9766
4086 3861
10290 9363
3205 2601
1409 1533
1983 2445
1437 1378
9213 9331
880 1572
4695 5487
6053 5899
90 109
6133 5833
2487 2225
3756 3331
9322 9806
961 1213
761 1128
6519 7181
4418 4862
6090 5805
1012 1900
6479 5986
5776 6243
61 16
9555 9944
4155 4552
3335 3225
7342 6451
88 677
7634 8410
2837 2074
9949 9727
7754 8487
8239 8438
617 1100
6686 7310
5811 6299
1644 1331
8012 8469
9376 8648
1953 1968
1725 2129
5829 5994
2428 2167
8948 7972
62 296
7230 6601
2918 3909
8241 7469
9763 9315
3275 3114
4768 5073
1359 1556
4283 3398
5136 5066
4268 4077
2127 2687
3667 3593
8472 8071
1754 1335
3660 3630
4186 3269
4995 5079
46 886
1768 1191
8648 9123
2062 2298
8446 8443
8306 8484
9325 9452
1806 1522
8019 7073
5355 5506
1859 1753
4722 4301
7045 7221
2904 2404
8611 8267
8482 8718
4535 4636
5113 5877
8330 8470
6535 6660
2920 3465
5415 5675
8406 8324
37 434
1739 1866
2641 1968
98 703
46 662
4437 5375
8572 9469
630 1140
4994 5863
8501 8524
67 273
4319 4970
8701 8946
5395 5779
4336 4525
4561 4700
5825 6507
2722 2603
561 1117
2978 3630
8758 9645
3982 3541
4160 3334
5959 5758
8563 7662
1351 1959
2178 2137
9822 9786
9661 8975
3191 3133
3767 3237
7492 8432
1042 1394
1092 1448
6096 6631
6377 6138
5684 5998
6172 5542
2285 3189
8448 8421
9150 9841
39 496
75 945
7609 7767
10206 9724
1645 2067
1696 2389
7702 7560
8937 9445
7344 6835
9147 8359
4207 5002
5697 6097
18 627
7365 6592
6938 7028
7024 7252
386 1032
7097 6205
8787 8377
8208 8433
5580 6103
2742 2815
9300 9201
6871 7477
7323 8111
2028 1644
7223 7880
7699 6940
3953 3339
5212 5308
5650 5980
4722 3957
3413 2741
5042 6006
4002 4058
2558 2945
2226 3065
5503 5168
7386 7414
3447 3707
7139 7424
3652 3383
5164 4522
3254 2430
2816 2428
5725 5745
9846 8970
9455 9326
9389 9157
4116 3167
4412 4155
80 460
1583 2236
9335 9153
10453 9478
8807 8423
2584 3138
8879 8169
3471 3578
8138 8640
7854 8693
5692 4989
2298 2777
3533 2687
4246 4373
4366 4112
6527 6850
8011 8355
9391 9747
10238 9860
132 1044
7712 7173
7032 7665
9873 9471
73 133
10813 9965
2694 1867
7724 7499
8118 8428
787 1669
4884 4478
6667 7495
5813 4916
25 707
8117 7274
8302 7996
1889 1435
2129 2114
1679 1893
9867 9673
2793 3662
4321 3497
4206 4903
4101 3284
855 1528
8663 7826
6193 6717
1514 1846
2582 2072
680 1463
3930 2997
7471 8387
2458 2159
1981 2759
6037 6127
4998 4004
4448 4432
3623 2860
58 145
5359 5921
2568 1713
5561 5116
1962 2626
58 413
4933 4702
9199 8866
8822 8164
1635 2634
40 643
9233 9930
8938 9340
8132 8995
3111 3445
8574 7772
8292 7560
6265 6418
90 534
10859 10000
25 906
59 809
2527 2452
8630 7734
4297 5176
6142 6682
4629 4415
5258 6217
4306 4972
7814 8788
1486 1283
1998 2688
8830 7930
44 411
2999 2162
7028 6527
1890 1680
3180 4099
1946 1122
7628 7862
3981 3100
8901 8476
8502 7844
98 672
8469 8944
7571 8406
7592 7537
6169 6466
1212 2208
2728 3607
636 1404
4489 5213
7810 8735
5465 6425
6505 5618
6170 5680
2004 1748
16 118
3989 3970
99 547
2583 3311
5243 4326
4945 5445
4377 5306
6910 6264
2978 2778
9011 9881
3897 4564
3675 4274
1922 1476
7825 8358
4955 5424
5388 5015
1841 2619
5786 5043
1559 2048
2370 2346
9570 8788
7028 6727
8938 8252
4301 5013
6847 6962
6433 5584
6975 6983
6797 6826
6951 7917
6250 5869
8437 8916
5171 4380
3176 2623
8655 8314
53 637
5705 5998
10332 9771
4583 5082
58 585
8643 8478
7752 6917
4967 5649
7518 7116
10387 9462
8200 8241
1751 1761
3419 3546
4818 4238
8124 8047
5908 6599
51 544
5703 4849
8000 8745
1220 2035
2580 2445
7887 7414
7560 6773
4105 3968
5207 4741
1120 1351
4146 3526
3201 3543
4477 5142
6997 6357
7978 8670
9074 9373
7734 7911
2220 1642
5443 5409
7328 7704
5640 4859
9485 8908
8146 8304
4555 5296
2155 1982
7870 7504
3866 3061
9249 8890
6333 7095
99 215
5205 4261
6676 7399
8604 9038
2926 2520
1518 1579
4487 5020
2784 2737
8804 7921
2104 1465
2403 2799
1300 1121
6957 7909
4135 4033
2623 2423
2298 2924
7401 6631
7457 8421
4956 4366
2486 3350
9932 9139
4044 4501
3640 3480
1743 1804
5565 5704
6045 6027
3823 3301
8658 8458
2933 3864
4522 5262
2164 1316
3856 2905
4217 3305
1935 1375
3777 3428
7367 7283
4627 5257
42 713
2502 3029
8105 7979
6398 6180
5844 4945
1715 1469
3030 3026
9722 9344
7491 8132
5025 4061
203 1031
1775 2635
4271 5248
2101 1290
5789 5442
6552 6100
3299 2808
5638 6582
3574 3423
7998 8154
9307 8373
2891 3700
8482 8006
7464 8153
999 1722
2632 3068
3778 3611
8602 8294
6010 6157
2957 3511
5479 5192
6997 6280
2936 2163
9936 9706
1074 1283
8233 8661
8266 9221
70 735
4088 4961
8692 7731
50 419
3514 3640
9428 8971
7771 6995
4432 4558
6633 6005
9568 9939
5360 6202
64 667
4216 4436
4693 5162
4535 4999
4635 4433
4848 4740
5068 4747
3420 3059
8676 8040
6072 6302
4580 4152
2597 3595
8426 8024
4873 5549
4975 5873
86 736
2099 2726
41 259
4634 4212
4216 3647
1056 1897
80 602
45 669
46 861
10411 9573
7536 6817
6499 5642
2224 2624
83 88
4290 4821
3185 2257
3590 3432
7477 8006
7005 6055
8696 9272
4475 5080
2720 2291
9743 9162
6984 7084
43 252
4222 4942
7699 8318
8866 9215
27 699
1880 1080
3481 3196
9406 9554
8191 7596
10191 9813
2955 2870
8992 8894
1566 1476
64 564
1038 2026
2997 3781
5097 5843
32 486
2593 2838
8001 7031
5493 6110
7390 6851
7223 6264
4577 3803
2238 2060
2672 2827
5374 5191
9605 9974
8741 8054
2082 2376
1295 1551
3113 3568
3145 3794
7382 7525
2370 3238
5419 5821
7739 6838
9673 9384
8664 8657
82 636
2486 2882
7651 7119
8784 9652
4254 5126
7567 8334
2711 2286
8719 9458
779 1367
9950 9283
1596 1183
3050 3303
10863 9936
71 52
8760 9432
5903 5739
7402 7428
6956 6513
6596 7168
2749 2383
4546 3801
5766 5723
6798 6509
2061 2712
2446 2329
3909 3379
4731 4067
7276 6569
4591 4915
1950 2791
3288 4086
7989 7376
3077 3771
25 390
7490 7076
5737 6355
5729 6107
2351 2525
6513 7100
9969 9310
1674 1300
1107 2073
9676 9580
3990 3997
8478 8452
27 394
2954 2418
5116 4657
2996 2675
1361 1514
9330 9158
1752 1077
5917 6678
7352 6558
8388 9075
3011 3463
8433 7799
5729 5605
7255 6886
8310 7931
1674 2610
5658 5922
3693 3393
40 697
2965 2324
49 994
7538 6951
2919 3811
6621 6592
2619 2032
9334 8814
6933 6341
9377 8522
8779 8611
9444 8889
8510 7734
5479 4599
13 311
6844 7630
2927 2521
9739 9207
3928 4193
4379 4581
5174 5533
12 701
83 508
8459 8948
7501 7340
3223 3009
7841 6886
4881 4372
4298 5028
3299 3862
4011 4745
1012 1542
6597 6732
6949 5998
9470 8754
3446 3966
8613 9311
2110 3083
5355 6316
7655 8140
10801 9953
10784 9898
2580 2787
1902 1043
2777 3512
8296 8968
1630 1583
9730 9327
4180 3586
7292 7373
5924 5932
54 731
4461 4881
5422 4886
4148 4279
17 579
8495 9168
6851 7197
4830 3885
4461 3835
6130 6613
7710 7655
8490 8718
38 513
5760 5409
48 466
1033 1774
94 524
7252 6776
9063 8462
2124 2990
5265 4908
2258 1599
2224 2671
3587 4470
2379 3219
3760 2782
3796 2917
2739 3454
3432 3427
5527 5140
6415 6429
8895 8468
5773 6537
9338 9294
8989 8822
1139 2049
19 913
8600 8219
7471 8464
8382 7812
57 436
1047 1549
3358 3454
37 577
7327 7202
980 1527
1309 1304
50 770
6612 6487
4110 4518
8003 7573
84 740
70 351
6220 5844
2565 2595
9241 8265
8421 8743
1836 1518
8668 7795
10322 9787
75 27
48 458
3681 3925
8919 8539
1982 1023
2414 1838
60 691
2173 1968
76 827
76 931
2212 2565
10638 9671
1823 2520
7767 8555
98 661
2781 1889
798 1015
8168 7311
7804 7974
1076 1011
3606 3281
9856 8901
7797 7036
4454 4964
1519 2264
1449 1685
4017 3217
5870 5607
5096 4678
4366 3887
7287 7819
8677 8281
10009 9312
9234 9167
6384 7080
2117 1461
49 422
6457 6181
1544 1443
8336 9334
8958 8683
2573 1710
4014 4527
3174 2525
1398 1902
8191 7246
7061 6522
2238 2359
34 267
2766 3208
1498 2275
44 233
4348 3876
3901 3220
7248 6582
4329 4163
3024 3483
3554 3929
2140 1166
7673 7759
6235 6888
55 35
5209 5099
5262 4780
1462 1384
6578 7352
2520 1912
2788 2623
9481 8579
2865 2607
8024 8507
275 1240
6954 7875
9043 8055
35 680
20 853
1503 2257
9050 9240
2913 3395
60 261
8466 8003
7078 7517
3448 3120
2318 2685
6194 6669
4779 4489
3179 3124
3306 4223
4381 5008
6494 5562
7568 7302
4972 4690
9193 9229
7594 7687
31 153
4922 5151
2385 2299
9444 8682
6595 7034
3409 3815
71 868
6069 6572
32 521
6921 6962
43 199
4767 5509
4524 5040
3874 4628
4822 4166
7358 6359
3502 3580
4697 4007
791 1395
3969 4012
807 1703
69 926
25 896
2548 3023
8172 8762
11 533
464 1165
6311 6616
2414 1872
7468 6865
5520 4791
3440 2742
3072 3531
9700 9030
8697 8176
97 189
7266 6956
2867 2979
8568 9041
71 999
1475 1158
9276 9742
9258 8731
4371 4303
1460 1132
9510 9057
10727 9756
6764 7231
8800 8247
3473 4210
7692 8537
5827 6166
5378 5418
4545 4682
11 138
1401 2203
3775 4304
5488 4586
8462 9196
6755 7152
8976 8730
5556 6010
1720 1737
3346 4320
5369 6079
8278 7514
1630 2308
5276 4665
84 487
8279 8574
7009 7526
6094 6955
9927 9556
47 446
1529 1406
5978 6727
9072 8126
7520 8139
1975 1745
26 952
6652 6384
6878 7334
6101 5945
26 344
3335 4195
4196 5151
1417 1226
8869 8213
8160 8775
2296 2682
9485 9808
999 1568
9658 9896
3677 2874
6842 7404
2151 2591
2984 3651
9090 8245
7611 7143
2287 2545
7774 7565
5648 5942
2277 2260
3959 3151
879 1681
4873 5532
2946 3331
2127 1850
7415 7318
6270 5571
3181 2339
8086 8577
5952 5074
2628 2312
29 669
9948 9397
1903 1143
5276 4593
3237 3684
7372 7784
8254 8554
9151 9958
7047 7321
3259 3349
4239 3894
3935 3840
8197 8423
1648 2483
5277 4976
7090 6806
9577 9025
165 1092
3273 4233
8142 9002
4065 3818
7412 7343
4644 4093
4492 5067
3726 3132
5642 5534
4149 4050
4367 3991
2667 2511
4444 4483
1748 1415
9308 8599
2510 2427
2250 3088
3345 4197
6750 6649
7527 7711
9529 9548
2340 3172
6916 7247
5571 6105
7408 6751
8400 7725
371 1266
7210 7510
7304 7388
6008 5046
8851 8029
19 985
7287 7713
2975 3161
9634 9558
9646 9319
9505 9510
5560 5430
6772 6829
6689 5739
4282 4433
4605 3869
9438 8886
4873 5060
7326 7667
80 487
50 283
8641 8584
8905 8520
8380 8551
4649 3939
2118 1610
2787 3407
4702 4771
1858 2002
72 677
9263 9519
7591 7244
8840 9264
1998 1790
6208 6940
1367 1409
4085 3126
2571 1685
5025 5139
8031 8974
8171 7464
68 657
1626 1361
9138 9373
7896 7223
73 777
2430 2421
2554 3047
8876 9208
1237 1087
7272 7093
4013 3101
4314 3652
1203 1103
2868 2799
2917 3360
4370 4002
9112 9784
5892 6868
5864 6048
5573 5169
4618 4053
10075 9743
34 172
5742 6149
1578 2444
8869 9218
4014 4228
3512 4047
7422 6743
20 620
5490 5846
4690 4267
2214 2882
1147 2101
80 893
4246 5213
1624 2493
7132 6191
1929 2010
6878 6456
8955 9592
60 232
5638 5394
6820 6756
6779 7349
7989 7744
5813 6290
9553 9253
1641 1808
7010 7852
6750 7173
2965 2547
8257 7708
2257 1270
3668 3120
8727 7869
7885 7008
7480 7896
10129 9595
9311 9256
9692 9342
5821 6192
7618 7012
8689 8866
82 795
6682 6791
7173 7812
5195 5252
6784 6888
2560 3526
5671 5062
9606 9060
4184 3345
2135 1145
62 902
6763 6144
5356 4531
7421 6611
7168 7976
3738 3137
43 679
76 854
7617 7103
921 1157
2121 2195
66 56
97 160
5178 4999
10594 9948
76 337
9882 9818
4558 5457
3055 2444
3737 3352
10380 9850
8269 7825
1462 2088
3627 3000
315 1248
2304 1485
10487 9668
1946 2193
6860 6799
4900 4116
4442 5160
5140 4308
13 719
3034 3916
3868 4524
4010 4647
3704 3979
9930 9039
4209 5011
8489 7711
13 250
9915 8917
4074 3944
5283 6219
5337 4372
5553 6052
8627 8536
2058 2460
7748 7334
5306 5957
1834 2619
7570 6784
2049 1639
4676 5668
85 136
7765 8327
2231 1477
2233 2904
10013 9954
1836 1035
9605 9104
4632 5241
4078 4642
3493 4233
8257 7457
4840 3884
6894 6885
7407 6683
6434 6686
837 1677
3461 2825
6561 7204
4556 4414
34 602
1385 1347
3543 2696
2149 2804
4192 4313
6513 7247
2755 3735
9741 8752
8158 7905
4066 4568
4471 4187
6971 6454
2630 2827
9354 9947
5219 5087
6234 6777
3263 2930
6184 5464
56 954
8005 7689
7664 6855
9117 8277
620 1580
3659 4615
4231 4536
84 401
5829 5341
3786 4323
4030 3823
8193 7380
3784 4069
10431 9943
9249 9914
8240 8419
6855 6946
9087 8689
10377 9860
4364 3899
3746 4123
7146 7488
4822 5724
8921 9445
8132 7359
559 1190
2750 2852
9298 9931
4106 3892
10106 9444
79 422
1217 1783
2883 3090
7324 8080
4396 5320
6267 6303
5513 4810
8200 7726
10651 9860
5365 6272
89 250
29 193
9270 9649
29 402
3471 2629
47 357
1540 2070
1804 2207
2671 2928
1270 2067
5209 4590
4301 5287
3374 3315
3866 3551
1423 1458
8905 8166
98 77
2955 2353
3012 3850
8850 9024
6334 6178
5708 6276
8281 8727
6672 5913
8053 8768
3813 4126
6966 6185
2934 2071
6453 6813
3389 3329
3949 3477
8485 9187
2041 1765
6935 6167
271 1196
7497 8372
2547 1601
4314 4300
2155 2275
7394 8047
5613 5473
5909 5075
2889 2211
9053 8419
4658 4229
9344 9573
4137 4804
10048 9884
4640 4682
8083 8520
8930 9423
6194 6000
5581 5726
9870 9676
2612 2035
8135 8550
7772 7823
10815 9974
23 326
8042 7794
9884 9990
5735 6338
6086 6306
2929 2161
56 273
8658 8118
7315 8256
92 618
4042 3783
6464 5536
3688 3075
3863 4828
48 680
2045 1595
3868 2963
3708 2946
9319 8816
93 464
56 458
8830 8176
5993 5174
1187 1460
2880 2353
35 973
1204 1112
7135 7835
2949 2820
1670 1881
7440 8150
59 842
2267 1846
1977 1854
5715 6541
3472 4133
3966 3784
1756 1859
6892 7244
3850 4444
6785 6202
5108 5789
1489 1472
1268 1129
6729 6142
4248 4150
7199 7628
3873 4591
775 1656
4989 4915
5486 5995
6883 6556
4027 3983
2340 1648
6938 6729
2478 3286
2679 2851
6287 6043
34 891
927 1372
1264 1203
7060 6171
1673 1540
331 1114
7695 7908
8845 9081
8417 9030
8869 7921
9451 8582
4688 5123
4815 5296
49 106
5238 5347
5044 5770
5006 4617
8698 9063
9215 9051
1582 1837
4571 5518
7104 6811
5290 4675
1945 2447
7360 6720
2305 2063
6093 5097
6767 7329
1612 1152
1833 1135
4277 4291
2769 3154
5390 6146
3670 2970
9088 9348
2839 2327
6801 6053
6289 6383
7765 7374
8709 9069
8025 8592
2591 1994
3499 4393
5598 5079
9010 9299
2133 1221
8120 7141
8271 8638
389 1139
7741 8063
6378 6828
6479 5937
3518 3335
8635 7856
4662 4384
1193 1211
6243 5595
6135 6403
3540 2865
6366 7101
8133 8543
22 562
1574 1169
3568 3996
6841 6173
5056 5421
8828 9609
1418 1993
5635 4720
72 23
3053 3950
5951 5882
8189 8520
2311 2491
8502 8427
91 361
8491 9103
7296 7390
66 558
7512 7810
4095 4843
8712 9107
9349 9852
9494 9577
7145 6283
3046 3897
9152 9414
2631 2354
9526 8938
1231 1544
6611 5760
5802 5357
8866 9038
35 517
6400 6579
3201 4029
10111 9732
10180 9732
6572 6591
6870 6808
4756 4196
8007 8571
4050 4074
9554 9028
9322 9663
4716 4432
2217 2026
2766 3540
3710 4163
5936 6033
3485 3095
7363 7325
41 223
7656 7373
6078 6634
1919 2035
847 1667
58 644
5287 4490
6545 5812
6672 6747
3913 3628
4897 4809
6736 7300
7905 7721
5061 4538
5228 4525
8171 8463
3806 3818
6528 5614
3607 2786
6507 7428
10274 9818
6189 6499
5110 5936
1475 1241
4481 4276
8156 7321
4525 5025
31 427
8814 9600
3149 3753
9158 9694
5238 6044
2200 3127
8249 8475
7275 7183
19 597
2725 1850
3058 2392
7020 6930
9073 8498
4997 4027
6115 5372
25 259
10172 9771
86 739
2426 2869
93 631
10439 9956
4421 4700
6511 5727
7186 6454
3000 2268
6206 5768
3059 2824
9769 9247
36 793
2783 2559
6061 5189
6945 7622
8421 7579
11 804
1199 1354
3723 3286
20 283
1655 1778
4539 5127
9236 8426
4292 4424
6345 7075
5856 6004
2828 3753
8142 9132
7538 7616
6120 6420
7117 7805
77 756
1859 1917
4656 4244
2399 3326
3446 2794
423 1142
1737 2466
7921 8196
1591 1980
3670 3767
9074 8953
2551 2873
5305 4711
5189 4531
6386 6363
79 733
2757 2909
3924 4112
2103 2464
7589 7773
2564 2246
2800 1897
43 454
3688 3332
3828 4185
4715 4204
8667 8774
7471 8236
5811 5389
2523 3111
3614 4614
4872 4417
9665 8867
2315 3144
9439 9583
3511 3847
3304 3377
87 499
9644 9977
9890 9913
2430 3043
5590 6495
9293 9277
94 73
7027 6107
4612 4716
1806 1511
7323 7004
5584 6103
4717 4022
5023 5313
4075 4464
5024 4366
6867 5888
2311 1797
5494 6113
76 693
9354 9150
10139 9460
7863 8423
5298 4672
8716 8386
9362 9772
9279 8922
2790 2584
8337 8217
1044 1698
6994 7072
86 882
2116 1272
2672 1948
3426 3147
8984 9672
4460 4479
7077 6650
3321 3852
447 1350
6883 7698
1748 1188
1870 2385
8980 8739
9297 9798
3975 3310
2098 2150
8160 7884
3729 2832
5070 5727
63 657
5348 6020
7567 8031
3481 3931
2363 3249
6317 6498
5416 5859
5804 5806
7341 6553
4947 4318
3912 3425
8217 7999
5942 5000
4577 4183
6656 6103
9455 9563
2506 3336
2485 1886
3182 4082
6427 5843
1732 1537
88 675
3296 4150
2469 1532
3900 4743
2922 2372
5706 4797
4459 3613
5747 4755
7189 6626
7560 6631
3676 4310
6370 7099
5632 4957
8911 8306
9317 9448
2963 3859
6234 5823
5159 4224
8525 8247
9213 8426
8863 9449
8437 8744
6654 7357
83 199
8770 8634
6309 7239
3700 2742
7261 7122
1386 1206
7332 6408
18 443
3805 3716
93 652
7072 6207
3804 2901
4915 5863
74 632
10131 9740
1077 1759
5139 4318
4471 4694
3875 4424
41 782
9074 8626
8529 8419
7132 6962
2064 1753
2636 3595
1287 1684
5588 6146
2233 2450
2823 3224
5046 4153
4255 5038
9703 9237
2920 3787
7159 6475
1781 2732
3819 3880
4488 5033
5950 5156
5051 5251
3099 2400
5477 5794
7163 6454
5835 5143
6190 6495
8691 8683
5228 5743
1736 2589
5300 5134
5119 5435
8118 8011
5975 5424
3743 3997
8523 7917
4937 4765
8494 8843
1436 1519
6800 6822
28 700
7687 7349
5724 5348
8740 7742
53 295
33 668
2135 3128
6031 5725
7034 7070
4581 5332
5080 4489
5026 4770
5292 5073
1872 1644
5645 5112
6832 6342
6974 7610
5210 5119
2977 2993
4891 5605
3239 3800
4370 3406
2958 2923
7749 6879
7426 7206
1511 1370
9679 9047
1720 1230
9448 8917
2547 2993
9256 8738
3307 2930
8112 7988
8980 9704
6081 5365
2574 2019
5257 5176
4359 4021
2275 2886
6924 7026
1969 2817
26 1003
8155 7766
7058 6648
6755 6921
3479 4105
3013 2067
5985 6245
9209 8324
3499 3789
2681 3182
5283 4718
2135 2311
5025 4491
3530 3038
7925 7401
9450 9234
5362 4568
8745 8470
8928 8470
1883 1016
5086 6078
3296 2569
8745 8056
3567 4365
9790 9048
5544 4987
6943 6701
9356 9920
1901 1983
36 898
6553 6529
6338 5389
5752 6483
4389 4197
6238 6749
82 951
6055 5555
5251 5244
56 184
1926 2837
9401 9846
4150 3780
3168 2475
876 1182
10106 9866
35 282
7079 6679
8891 9803
2546 1820
4953 4639
8150 8407
6730 6038
2285 1523
3554 3984
3219 4195
60 93
5511 6475
4460 3567
1091 1679
7165 8116
6814 6882
98 750
16 763
6556 5985
1279 1167
196 1117
10564 9967
8373 8393
5944 5045
3436 4233
3079 3779
6008 5544
8434 9192
1174 1775
6270 5858
73 219
1482 2222
9901 9769
3810 3244
984 1217
95 29
7357 7725
3029 3816
3769 3487
1506 1493
3088 3930
2828 2521
5366 4950
8301 8520
1447 2042
8435 8207
5984 6866
5748 5241
5487 6077
6821 7124
3128 2486
8448 7834
2811 2558
7697 8317
9354 9367
1572 1632
8006 7066
5114 5319
4892 4682
3942 3050
1518 2401
6760 7423
8621 8842
3489 3612
3076 2756
8979 8427
7555 8291
7893 7023
8304 9257
6020 5125
4792 4416
4369 5058
2977 2307
2394 2034
7007 6956
8058 8681
86 614
6480 7252
10127 9392
2817 2772
1811 2121
7460 6863
8060 8732
1914 2165
3464 2915
30 229
8346 8647
4765 5185
5245 6165
4157 4958
7425 6437
1121 1528
9367 9473
7048 7115
3515 3863
2433 3255
4446 4120
3156 2767
5210 4782
5383 5562
2140 2849
61 1003
79 311
46 485
8954 9435
1141 1187
7346 7915
7399 7354
6411 6202
8072 8686
8205 7638
8323 9303
77 564
4995 4736
76 136
3540 3799
8151 9114
2024 1382
37 620
7699 7917
6675 6559
2186 2796
17 40
6485 6264
7047 6367
3649 3362
7409 6522
7922 7262
6086 5237
7595 8579
5604 4955
6439 6299
4041 3226
7319 7969
7748 7222
6711 5880
1763 1754
2967 2821
2018 1446
6117 6741
8355 9227
3158 3921
1869 1480
2301 3297
6589 7576
8219 7639
7155 7414
3971 3399
1348 1033
4006 4975
68 793
4341 5229
6618 5754
2868 2984
8839 9027
4615 4332
9521 9628
7329 6817
1783 2760
7344 8177
6690 7311
6550 6141
5409 5160
3554 3340
5644 6215
1717 1631
9977 9630
8708 8409
5354 4940
8982 9066
10313 9419
6659 7125
9081 9130
2209 2423
7677 7938
4111 3563
9522 8712
5375 4672
9792 9176
2924 2122
3007 3023
6510 7364
5653 5532
2159 2960
58 828
5941 5301
4154 4378
9649 9057
3147 2493
7217 6946
10487 9961
2843 2678
1069 1053
8638 8492
126 1061
9056 9491
7973 7344
5221 5511
1679 1708
7616 6952
6289 5471
5105 5975
68 657
7568 7297
8568 7608
8356 9043
44 299
17 648
2643 1716
6394 5623
9519 9243
3197 3398
2538 1984
5065 5287
2027 1127
7947 8099
5301 5121
9018 8357
1249 1914
8004 7267
10046 9800
8476 8251
1491 2259
7469 7196
9868 9344
9275 9800
2428 1948
9981 9383
1465 2180
61 259
3691 4258
9235 8564
3428 3290
8898 9639
2032 2197
6009 6293
1164 2130
6244 6665
6125 5672
50 617
51 524
2187 1519
8674 9091
94 969
2461 2308
6780 5825
2712 2903
3843 2997
46 1008
4455 4366
8629 8270
6567 6247
8539 8694
2603 2388
2407 2705
8379 8888
37 137
3718 3246
8417 9160
7365 7013
8947 8282
4489 4108
6211 5361
8165 8427
4661 4222
7941 8671
2153 1621
4415 3718
7732 8686
5053 5135
43 109
1600 1463
4279 3925
1727 1887
4508 4689
3892 3785
7249 8174
8563 9076
2312 2044
2472 1926
9726 9190
84 363
9015 9872
3120 2419
2283 2389
3159 3090
5090 5581
8804 7824
40 885
6820 6071
2075 1939
1580 2578
2087 2405
1379 1948
2648 2991
2641 2963
5020 5389
1103 1792
5033 4126
2927 2061
8828 7845
4152 3475
4409 4519
512 1169
5374 6184
71 575
5863 5259
6274 6611
12 417
2971 3690
402 1373
5090 5983
7624 7904
7854 7110
2893 1987
3996 4968
78 571
4732 4500
7228 7518
7756 7426
6530 5977
3107 3309
33 921
4631 4755
7740 7047
2336 3193
51 778
5111 4623
10082 9352
2243 1851
18 280
4156 4531
82 954
69 901
3428 4394
3785 3477
3789 3517
4894 4449
4944 4833
7735 8599
5357 4725
2972 2306
10846 9864
4803 4425
5163 5056
9234 9452
4770 5136
3923 4282
49 184
2810 2080
7981 8317
99 552
8365 7856
6794 6317
4099 3863
1737 1395
7709 7283
1631 2518
3989 4915
1443 1429
2693 2772
8153 7849
10239 9558
3024 2621
6816 6172
1233 1312
8498 8949
2549 2386
7197 6445
75 733
3330 2413
4301 4296
9423 8537
3957 4456
87 15
2800 3226
4307 5170
8852 8887
8252 7568
8608 8132
10 780
5267 5549
5100 5914
4179 4652
3908 4889
25 182
5987 5826
2007 2603
7229 8195
82 845
5326 5511
5369 4836
7528 7240
9730 9402
8089 8401
9148 8402
3475 3505
3657 4620
4201 3550
9375 8871
6140 5696
6903 6313
9868 9207
3799 3484
5998 5046
6275 6295
3237 3427
10009 9591
8158 8014
7036 6452
5599 5864
7796 7017
100 476
9211 9861
2929 3762
1417 1290
9419 9756
7709 7162
2414 2069
2013 2156
8998 8405
8392 8305
9553 9755
8455 8042
10629 9712
9412 9938
2464 3006
4133 4390
8987 9443
977 1901
5684 6271
7087 7204
7328 7790
2862 3062
3467 3675
9243 9314
8628 9057
5806 5813
20 607
6960 7179
3716 3338
2829 2840
4231 4511
74 589
1293 1316
5235 6078
1798 2104
3079 3158
8208 8690
1661 1389
9108 9936
7759 8024
2801 2435
5483 5331
5903 6159
41 442
9337 9281
8488 9140
8395 8919
9049 8900
2502 2894
6796 7167
76 75
1676 1318
8842 7912
5008 5505
729 1146
7406 7316
2599 3317
5358 4684
1076 1171
8572 8007
3150 3081
2929 2834
6532 6294
6270 6263
5556 5808
2589 2036
5583 5623
2276 1450
5891 5054
45 575
90 639
9513 8679
7057 7051
5368 6095
4211 4990
96 423
8381 7539
8930 8023
2053 2892
4743 5102
516 1030
4739 4273
7125 6796
6457 5545
2518 3014
1474 1399
1853 1049
8535 8686
10137 9902
3332 3560
8073 8085
4705 4245
1391 2130
4926 5104
9866 9286
1391 1400
21 919
3417 3125
14 806
2846 3176
6991 7868
2914 2280
5429 5517
7082 6243
8358 7818
73 138
1827 1924
7683 7689
19 103
24 705
6164 6296
2443 1977
87 12
6674 7527
6780 6577
8530 7779
3318 2401
23 885
5207 5360
2546 1795
4093 4875
71 534
7972 6976
4393 4588
8745 9122
271 1211
2579 2762
557 1289
91 92
7831 8754
1029 1053
4969 5627
5229 5009
5794 5176
9962 9795
6468 7223
7277 7819
1312 2180
1989 1624
9351 8931
30 365
4381 4506
1073 1940
5530 4611
8773 8816
5242 4619
7412 7971
10271 9792
9041 8394
9333 9634
7155 6245
2350 1412
9601 8751
1476 2455
7209 7009
4686 4580
4599 3954
5122 4592
742 1379
5405 4805
4603 4537
54 460
92 70
12 337
1825 2823
1958 2400
8707 8730
8948 9540
22 907
48 388
1531 1066
4216 4105
6447 6731
6182 5278
6140 7009
8385 8710
9861 9409
2535 3175
1706 2594
2144 1487
8219 8573
78 476
7773 7782
2331 2676
5691 5057
9055 9037
34 484
7263 7568
7676 6782
2184 3023
2813 2076
8648 9614
2143 2615
39 796
2828 3723
5833 5121
2601 3547
7100 7613
7570 7011
6063 6526
5906 6259
8231 7892
1928 1337
4236 4865
7060 7149
5940 6912
2429 1877
4255 3955
3707 4292
9862 9107
6572 7461
3929 3799
68 506
7822 7231
2706 2984
9129 8777
19 611
2911 3543
8003 7732
10716 9727
936 1692
9748 9154
7997 8548
4916 5672
2892 2230
4870 3983
6351 6314
7334 8324
4660 5440
5538 5037
9525 9068
2805 2600
10746 9771
50 767
2604 1884
9949 9433
619 1238
2870 2051
4132 5010
5360 4435
63 727
2052 1573
5027 5740
1289 1794
899 1528
913 1329
7117 6174
8847 9776
644 1297
7831 8321
4299 5084
3573 4416
6952 6098
89 691
58 995
9197 8894
8177 8039
4152 3922
1673 1317
7778 7196
4939 5763
8769 9204
8989 8817
47 217
10412 9576
4549 3620
4707 5694
50 155
99 646
4356 4985
3676 3897
9487 8857
8892 9312
5571 5473
5810 6478
9423 9887
3110 3534
8953 8948
8866 7900
10820 9831
10426 9904
5567 5579
808 1707
5844 5951
5199 4959
7241 7062
4802 4376
3738 4322
76 384
47 31
9040 8639
6102 5315
9660 9907
1180 1231
8117 8869
3811 3332
93 66
1525 1960
5834 6528
4242 5196
7506 6668
9024 8619
4722 5656
70 11
5888 5297
11 71
7728 8527
8203 7340
2818 1964
76 116
7693 7127
5016 4946
10574 9720
58 668
5230 6190
6866 7585
5562 5244
4746 4185
8004 8142
7808 6865
3863 3199
4954 5854
9830 9059
5156 5303
10780 9961
5220 4337
8961 8632
10320 9856
8102 8828
6207 6259
9954 9483
3169 4066
88 396
3501 3206
5823 6525
10221 9640
4190 3519
1909 2903
6499 6874
9157 9317
9051 8290
51 962
2695 2304
1705 2551
935 1545
4028 3607
4115 4656
5236 5049
8523 8566
10743 9814
6025 6454
3620 4234
9211 8702
79 754
5524 4581
8449 8031
2271 1779
10310 9877
96 100
1825 1901
3037 2784
6888 6565
4094 3436
1471 2254
6385 5671
5728 5030
6535 6872
2436 1827
3693 4634
5594 4607
1747 1594
1204 1508
4306 5176
7769 7769
1150 1015
4832 3867
2153 2526
9795 8862
4298 4874
5191 6118
2359 2284
1777 2309
3045 3451
19 108
6597 7241
2124 1628
1263 2072
6486 6020
8446 8774
3076 2299
6825 6378
7420 7692
445 1289
9094 9580
10451 9842
6753 6565
8713 9144
6702 6001
86 93
2788 2329
3156 3138
6887 6728
548 1328
8701 7736
8720 9190
4895 5395
3879 3155
9102 9956
67 436
2920 2879
3499 3742
5455 4658
9314 8645
2082 2266
1926 2156
3189 3988
8181 9156
9665 9903
8885 8354
6096 6987
5439 5003
28 217
4668 5126
1975 1481
7744 7340
3767 4613
3833 4647
8300 8766
2470 1867
6447 5997
5214 4478
6348 5915
91 532
2387 2818
2345 1443
1604 1983
4444 4996
7067 6741
79 950
1750 1719
8866 9274
4247 3406
81 601
7602 7875
4299 4667
5065 4227
8045 7499
4329 4290
5430 6074
4931 5149
3177 4049
9314 9654
7637 6919
48 639
3649 3480
3721 3609
6617 7485
6867 6679
6702 7555
6044 6327
8811 9571
3357 2798
8703 9667
8662 8874
9869 9779
86 629
447 1361
3515 3122
8189 8444
16 128
9755 8782
5761 6356
756 1298
9327 9462
1612 2131
4070 3998
603 1381
9526 9374
4319 3363
5678 6270
64 421
6873 6174
97 438
8969 8423
1713 2252
2149 2118
2355 2345
6411 6907
90 853
7436 7516
6130 5532
3261 3676
7018 6304
11 957
3730 2879
3110 3460
2295 2236
2311 1368
1310 1141
779 1356
10461 9947
7006 7289
9412 8500
3863 3720
3229 3204
3576 3964
8793 7822
9011 8438
9180 9039
7843 7058
8387 9352
5985 4994
85 19
8740 9056
5079 4689
9074 8476
9039 8264
4276 3573
5610 6516
40 517
1852 1391
5857 6221
1623 1012
3762 3100
3791 4615
8264 8849
2264 2025
1848 1629
2738 3247
5024 4553
6948 7258
4655 3757
6837 6675
3066 2911
3791 3281
7846 7334
6061 6160
3440 3366
4722 5631
6097 5744
8065 7929
17 737
6425 6260
8976 7984
7281 6714
9003 9177
8328 7497
3908 4107
976 1121
8306 7499
544 1494
5950 5676
2134 2396
2443 2215
73 719
7462 8394
7025 6286
6953 7404
98 431
2213 1754
1296 2281
10021 9275
7179 6772
8770 8046
6321 6520
8400 8266
6867 6323
58 888
4768 3860
9019 8977
9726 8845
2614 3039
7408 8032
7157 7150
6506 5608
8978 9267
1784 1917
9317 9703
3171 4119
5595 6388
4567 4768
9058 8708
2406 2136
6075 6775
59 972
2469 2227
3567 4016
2382 1913
3077 3651
6848 6793
82 638
7251 7569
7056 7653
7666 8114
4978 4899
4777 4998
7426 6542
8662 8478
8586 8347
7867 7099
5467 5596
4818 5177
1422 1233
4714 5312
1215 1212
2718 3120
6051 5632
6630 6539
5637 6240
3603 2611
39 916
6257 5819
5047 5181
5685 6591
7071 6703
5222 5927
75 394
3768 3609
1139 1969
61 546
798 1428
76 843
1437 1563
8146 8042
2144 1987
8939 8609
9616 8995
1348 1150
23 358
6848 6842
9534 9032
1742 1596
6288 5376
4702 4563
9017 9756
2025 2342
5954 5282
9658 9380
4731 4723
1625 1662
1164 2120
2182 2332
5690 6602
3972 4246
1499 2434
6601 6128
5022 4258
2101 2592
2445 2539
5637 6301
3580 3633
2410 2377
5649 5943
4782 5315
6422 6208
7317 6753
6141 6078
1355 1887
4310 4430
41 423
3488 3640
3645 3414
2730 3155
8069 8550
2991 3000
1700 2315
35 289
88 825
9185 9769
26 823
7440 8236
4258 4295
4338 5185
6088 5320
8604 9164
86 675
2802 3285
64 44
10083 9635
6718 6888
84 986
5707 6333
4383 3918
3977 3442
4569 4455
4770 5499
7985 8939
4883 5551
10046 9894
55 615
3058 2066
2480 2463
8362 8469
5796 4889
1730 1343
3139 2538
8598 7884
6510 5533
6042 6159
2843 2067
26 831
8895 9424
2416 2479
4872 5306
6263 5919
972 1550
5910 6769
9209 8304
5262 5340
6214 6463
1669 1755
9179 9478
5721 5987
5957 5854
6321 5363
9140 8397
4190 4183
9574 9525
7507 7608
4055 3970
8555 9108
6488 6597
8057 7397
4757 5671
9784 9892
1081 1271
4708 4343
2060 1304
7426 7604
8346 7852
3388 4149
6332 5880
9531 8979
2234 2391
5861 6569
740 1141
31 379
4570 4706
1311 1721
5295 4855
8197 9196
5644 5330
45 280
3000 3037
1820 1849
6920 7101
5390 4566
2766 2325
65 314
7854 7025
6691 7620
8767 8848
1753 2631
29 109
6096 6899
6562 6189
4166 4889
1951 1043
7824 8569
1388 1308
7421 7281
1264 1069
6702 6864
1302 1822
4121 4737
3309 3928
5232 5123
8851 8135
34 759
3979 3336
4182 5164
4180 3690
3244 3016
9372 9779
2911 2147
5445 5750
8854 8818
5606 5620
1751 1227
8909 8607
9347 8453
997 1107
8978 8312
6567 7110
8031 7968
3628 2706
6701 6389
765 1359
10512 9939
90 461
5708 5076
8036 7297
78 65
2918 2599
6861 6389
10911 9920
6486 6098
8464 9016
9010 9173
34 229
48 653
5238 5802
1885 2393
8900 8225
39 641
5870 4894
7729 7085
8861 7986
6526 6839
9650 9720
7716 7069
9369 9041
3062 2419
7400 7152
2251 3172
95 433
4215 3508
8029 8969
5342 6264
9996 9104
6253 5664
7731 7251
5512 5781
51 213
1923 2074
6287 7115
1612 1903
3262 3519
8182 7392
5227 6141
7074 7807
8009 7268
2560 1694
2552 1642
3737 3562
5419 5191
6613 5745
5688 6596
7840 8527
5072 5000
4035 4083
4287 3289
8964 8884
7281 6427
3761 4262
3842 3667
5995 6890
4204 3346
4873 4039
5853 5960
5298 5756
5184 4632
9105 8452
2631 3478
5737 4817
3637 3706
3373 2606
5842 5318
8341 8017
1990 1527
8570 8534
4063 3896
7404 8206
1503 1919
4622 3722
10388 9491
6720 7340
2032 1977
8718 9651
6220 6734
6357 6431
3667 4220
10221 9797
913 1491
6366 6002
3326 3055
6398 7337
6203 6312
1409 1921
5075 4923
7105 8063
2713 3693
4580 4345
6007 6290
6642 6874
9110 9325
5917 5648
9865 9334
22 220
9394 8464
1257 2222
6318 6116
4067 4668
9774 9536
4721 5294
1977 2895
4230 3426
7488 8310
4639 4323
7061 6940
6960 6525
3243 2643
10212 9641
18 65
9200 8808
6830 5857
6315 6139
4041 4716
8073 7528
8312 9159
9177 9918
8237 7941
2780 2562
6335 6511
9080 8740
8428 7597
6850 7179
4777 5014
3531 3192
8233 7710
10031 9252
5685 5260
2319 1842
3183 3335
5153 5277
3401 2874
4431 3646
6760 7282
5516 6475
8725 9389
3072 2885
5886 5802
2902 3578
6619 6493
4816 4120
2659 3497
8879 9233
9217 9695
8357 8485
7876 6880
2796 2329
8034 7384
8186 8723
731 1239
2166 1757
7758 8283
7554 7812
57 705
1497 1782
9294 9001
6665 7276
3676 3107
9125 9685
2003 2678
1284 1507
3091 3547
92 817
2613 1732
5462 4705
7493 7145
6448 6854
989 1107
1444 2345
10513 9929
6454 6415
3287 3093
6399 6085
65 777
3861 3164
48 358
2068 2741
7144 6462
7942 8678
7609 8497
6679 7033
4085 3923
1869 2213
3751 3154
1990 2562
6180 6022
1092 1239
1828 1729
2936 2300
9182 8429
18 265
1484 1609
7440 8026
7194 7833
10034 9980
2537 3106
4678 3684
4411 4246
7822 8339
7336 8047
9601 9286
7614 7568
2608 3580
5567 5860
6836 6561
8255 7792
3580 3307
48 826
906 1487
6833 7330
2585 3403
1501 2135
39 44
2843 3639
50 679
9582 8695
9270 8434
2544 2545
4553 5429
5684 5673
1979 2449
2931 2374
3490 3524
4609 5562
1051 1235
7746 7080
1324 1501
5996 5027
6320 5778
5362 6306
9660 9005
10796 9846
5588 5520
8653 9249
9359 8444
1339 2150
24 404
87 349
1956 1014
7733 7204
3714 3419
5697 6104
2815 2161
3245 3882
5898 6055
8612 8781
5562 6451
8927 8860
44 1026
7700 8241
7555 7094
3999 3926
2245 2853
852 1771
2133 1510
8625 9234
6893 6753
8841 9031
3720 4621
4077 4961
6954 6047
70 555
9153 9381
4198 4460
10729 9785
8013 7042
5028 5192
9968 9124
3175 2607
6203 6435
2165 2463
3245 2899
3984 3436
3169 2916
7920 8256
2452 1952
6925 5952
17 527
9549 9608
329 1242
2099 1133
5633 5536
4728 5455
6640 7217
4184 4585
5040 4891
1004 1945
7186 6804
1858 2534
10 472
7256 7553
8258 7759
8888 8363
6622 7594
5136 6004
7660 7428
9385 9020
7612 6927
9902 9366
8793 9771
2527 2715
7750 7118
9092 9095
8148 7466
2717 2834
86 322
1303 1964
5374 4665
3544 2612
2793 3723
86 216
5963 5624
512 1150
1287 2123
6272 6022
9366 8811
5494 4600
6443 6968
82 702
1139 1074
9497 8988
4413 4718
50 354
4577 4284
9080 9226
7082 7566
3508 3918
2814 3201
1441 1071
7308 7997
4103 3175
8757 8250
60 298
2698 3550
47 129
3009 2316
6901 7021
2299 2681
8560 8203
8861 9529
64 814
2676 3192
6703 6684
10487 9719
54 938
3095 3888
9159 9568
7083 7576
6324 7164
5711 5154
1671 1889
8340 9317
4274 3315
9903 9675
5048 4249
4966 5615
855 1771
1236 1304
5326 5191
10166 9455
10362 9727
4290 4202
9191 9162
1320 1100
9662 9923
7807 8085
743 1720
3142 3718
8149 8723
80 659
5131 4388
6665 7482
74 873
5689 6071
1560 1637
3501 4490
4037 3803
7743 8471
2187 2306
8105 8508
9508 9465
4598 4107
6539 5880
1952 1995
91 350
36 413
9111 8610
9679 9964
2917 2682
4617 3946
1164 1143
8269 8023
6327 6085
840 1519
7463 6642
4392 4949
7199 7329
68 118
5320 4671
8897 9307
944 1272
1187 1268
3758 4223
45 394
6150 6621
4647 4591
9806 9602
3392 2814
6657 5927
4815 5791
6126 5284
4647 5395
4819 5293
3789 3819
8583 7984
1258 2119
7508 7924
7669 7279
7526 8152
9179 8396
4816 3855
6934 6104
6008 5605
2092 3084
3271 2408
6056 5313
6853 7437
10 902
6102 6482
8823 8553
7672 7920
5142 4612
7481 8217
2699 2226
8190 8629
1347 1572
7268 6408
9621 9614
8137 7593
58 181
9729 9203
3054 2850
5457 6261
4099 4388
6497 6800
7027 6957
5225 4817
6735 7617
7469 7488
7863 8779
3703 4615
9134 9714
87 497
4796 3885
36 39
36 389
2242 2801
7480 6679
2356 3342
8024 7661
3869 4191
92 46
4600 4629
7535 6704
5525 4744
6183 6112
5866 5869
8596 8357
15 238
9663 8791
9493 9487
4238 4928
41 964
9120 8304
81 31
9193 9225
6240 5571
3830 4705
5346 6248
3152 3139
4901 4837
8586 7663
3659 3873
6264 6036
3962 2982
5977 6914
3982 4186
7659 7459
8629 7972
7787 8273
3287 3112
1713 2093
2758 2920
2134 1400
6730 7339
1912 1256
3694 4459
31 669
2401 2144
2624 2813
8406 9390
24 847
8400 9098
6935 7319
7337 6427
5904 5452
5286 4607
5183 5803
3811 3696
10120 9390
4236 3290
73 861
3859 3211
4706 4327
9275 9788
2377 1964
96 234
8986 8344
6212 5568
8051 8929
1120 2087
316 1069
1430 2026
3204 3708
8273 7956
1283 1463
4761 5333
4794 5608
949 1609
2153 1665
5563 5305
7421 7714
9100 9009
2208 2979
6813 6239
3354 2785
9731 9572
8145 8747
5204 5557
5766 5303
2965 3188
9875 9329
10054 9156
5834 5726
2487 2181
9267 8314
8257 8280
2224 3068
5593 4679
4189 4147
2830 2902
8849 8458
97 678
6282 6863
7373 6740
10259 9900
2507 2791
5582 6249
4444 4291
1645 2579
7239 7947
4063 3485
8513 7590
79 81
2490 1908
65 469
749 1351
2897 3486
1520 2352
95 660
10217 9410
7850 7983
9699 9594
5680 5248
11 83
8553 9094
3451 3143
4624 4423
2094 1637
6216 7120
9285 9455
3973 3320
6850 7149
8186 8490
48 910
3598 4556
2872 2700
8491 8104
3072 2680
7162 6958
78 888
2200 2785
5414 5440
43 571
3949 3274
10 214
49 261
7874 8347
2327 2014
10315 9666
1770 2113
2060 2953
6016 6163
7778 8627
76 981
3718 3134
8546 7929
8622 8710
9024 8068
1291 1674
7900 7765
5569 5321
8888 8853
8544 7991
4423 4240
3613 3466
3793 4772
4881 3934
6841 6421
8426 7577
8334 8197
5957 6371
5001 5492
7441 7896
8541 8199
7058 6381
1343 2223
7468 7508
2242 1622
8391 7924
8781 9395
64 225
1919 1868
8333 8058
6514 6602
9668 9476
68 39
6873 7253
59 412
4031 3840
4926 5579
525 1427
9032 9863
78 942
4002 3556
7988 7514
2827 3534
6526 6176
5370 4795
4110 3405
7284 7853
1824 1251
5896 4982
8832 9693
3866 4610
4250 3394
3490 3651
3810 3185
4254 3515
8442 7836
8410 8745
3664 3198
3335 2462
6551 6545
8932 7968
2409 2679
3637 3914
4376 4947
7618 8507
6001 6911
75 522
25 635
6330 6365
1253 1116
2182 1734
5969 5419
2808 3168
4176 4440
4957 5826
4836 5810
5665 5268
1540 1528
3376 3397
3185 3581
7896 7237
6164 6802
3236 3831
8460 8653
94 94
5495 6363
9015 8308
7647 7716
7727 8619
48 500
8440 8456
3654 4568
5850 6407
3270 2399
2745 2455
1545 1600
9643 9192
9456 9135
758 1660
2185 2535
8531 8571
2477 2251
5909 5483
4763 5527
1894 1031
7593 7742
5490 6410
7212 6298
99 258
6338 5556
7049 7151
8962 8463
1053 1283
6715 7292
4542 4193
5517 6481
49 753
5106 6077
9291 8739
94 736
8277 8414
5102 4246
2288 3012
8763 9104
4286 4974
3559 3393
6889 7145
4836 4901
5372 5806
5155 4761
3128 3270
3278 2891
7906 7823
6999 7744
4476 3816
5317 5852
8611 8984
7065 7388
3591 2829
2556 2258
8128 7359
76 818
2102 3054
82 710
684 1097
7412 6444
4776 3874
2698 3351
6955 6393
4386 4767
9716 8961
2672 3091
72 243
6867 7141
10735 9945
2660 1929
7133 6347
1303 2287
66 660
4528 4397
40 750
2041 2832
6992 7467
3700 3120
1554 1296
6765 6356
42 803
3365 3799
8846 8872
8647 9163
942 1669
5498 5756
5698 5779
4449 4431
8227 7982
7019 6404
3642 3345
6925 6099
2360 2981
9825 9562
3765 4241
84 284
3441 4359
6841 7192
3894 4204
1469 2030
5648 6418
6241 6126
1801 2671
798 1725
3645 4081
92 780
6931 6435
43 426
942 1039
8704 7856
1183 1135
8996 9159
80 757
9020 9083
7597 7528
20 903
770 1356
7098 7838
9734 9232
9003 9016
9297 8946
8343 9095
3381 3904
4127 4099
8600 8457
689 1081
39 643
6509 5763
3079 3048
47 722
8691 7899
43 713
6820 6962
1909 1979
3857 4740
5986 5787
9075 8486
711 1704
6442 6083
5293 4797
10378 9955
4207 4096
930 1821
972 1876
1157 1546
6782 6717
64 282
8433 7982
2639 2368
7610 6894
9032 8501
3067 4064
1358 1852
5762 6443
7875 6971
6130 6573
270 1136
5223 5233
1323 2190
7643 8558
7091 7561
7880 7417
10561 9987
5176 5615
4708 4081
79 255
1520 2240
8369 7742
8871 8291
5021 5044
3365 3643
88 997
9569 9191
48 155
6241 5875
1959 2580
78 38
78 458
21 449
40 322
6521 6847
4528 4925
3421 3075
7300 7818
3807 3521
4949 5693
1326 2157
6807 7458
6908 6974
829 1660
1840 1403
8680 8335
10603 9675
2019 2348
7612 6880
7195 7177
47 857
3582 3923
57 697
1300 1449
59 248
8174 8797
3633 3429
136 1047
7985 8547
7234 7648
8194 7808
3903 3342
7304 7443
4711 4919
4274 4876
6964 6853
4280 3322
6706 6559
8554 8491
4941 4546
4486 5025
4597 4876
991 1112
8358 9080
5715 6554
5767 6068
35 744
35 732
8892 9126
9913 9942
5366 5336
5256 4443
9414 9546
5914 6159
3753 2911
2438 1858
8485 9156
9268 8951
2929 3854
2571 1946
3444 2583
4837 5307
8016 8538
3606 3707
3013 2683
72 95
73 235
6194 5225
4208 3387
9296 8460
9883 9582
5064 5501
6627 6638
1093 1945
7792 7314
8445 7826
9246 8597
8404 8720
9064 8920
5804 5841
4985 4916
6475 6982
9011 9607
4321 5203
9924 8996
6727 7381
7743 7045
3143 2233
6193 5460
8080 8080
6450 6839
4443 4907
7156 6381
6219 6722
7919 7240
7812 7912
7891 7850
5816 5004
1479 1541
6747 6382
2008 2637
4004 3352
9124 9978
8278 8739
1405 1148
6250 6677
8343 8815
97 94
6116 5307
1327 1560
7160 7883
4322 5172
9670 9540
2032 2722
4022 4008
5533 5454
698 1162
859 1342
6163 6896
43 134
6641 6656
5209 5233
6066 5767
7874 8583
3157 3392
2815 3299
8533 7959
8080 7983
3289 2587
1910 1855
35 630
72 554
3355 3610
7477 8409
90 978
5781 6020
3154 2280
7701 8409
7503 8150
1943 2013
5946 6816
3313 4258
10294 9690
8549 7709
3709 4483
7664 8458
1418 1331
2517 1996
5117 5599
1418 1737
2499 1982
2569 2459
7651 8229
3792 2800
3247 3456
6823 6118
2875 2990
7676 7272
7742 8475
5690 4863
91 992
5668 5964
5557 4680
7978 7563
5668 6384
8094 7566
9379 8728
4538 4867
8522 8076
2739 3633
6461 5881
2018 1044
8428 8613
6801 7287
7482 6624
5156 4882
6192 6800
7959 8407
58 589
8962 8365
5735 5675
57 708
4077 3223
5321 4648
7995 8355
8299 7481
2623 2270
3600 3364
7250 7581
96 333
61 495
3591 3044
8403 7490
4362 4193
7684 6684
7978 7029
2116 2810
3700 4221
8076 7205
7416 7240
39 712
6740 6459
3618 4003
2347 2175
7495 7959
2811 2661
7368 6561
4903 4760
997 1312
2244 2566
57 180
2228 2242
1925 2787
2019 1090
5066 4350
7723 6756
2249 3213
6236 6789
7045 7939
8096 9019
555 1306
3932 3099
3771 3002
3644 4525
8338 8243
6606 7300
1397 2269
85 208
1702 1964
54 742
77 911
4354 5310
5943 5271
5364 6274
1594 1419
4599 3632
5688 5542
2996 2042
8339 8569
2908 2796
2675 2231
10944 9953
7427 7313
3261 2339
9024 8244
4513 4201
7785 7581
6036 6910
10513 9524
5067 5038
2967 2960
7016 6243
4733 5019
532 1299
8323 9265
5107 4182
8514 8910
8555 8486
3109 2358
3076 4034
6947 7002
3325 3741
5530 6392
4437 4819
10013 9178
915 1025
6369 6198
9838 9786
78 496
1930 2737
99 681
1327 2314
1533 1031
8473 8857
4619 4812
6052 6647
6279 5307
3108 2110
76 895
63 969
1150 1069
3149 3301
88 135
8628 8517
4028 4744
5664 6064
1905 2715
8067 8568
1259 1517
6526 6391
3067 2632
7811 7863
5694 6395
8413 7426
7096 6338
5339 4531
8844 9730
1980 1057
7910 8757
1510 2283
3639 2979
23 350
10012 9577
41 812
3746 3285
1936 2851
17 853
8693 9519
8739 8307
42 1042
2429 2961
4337 3869
8925 7930
4141 4745
4774 4278
4888 4561
6906 6287
6066 6994
8696 7935
4636 4952
7472 7546
7037 6439
7651 8279
214 1114
1455 1549
5892 5673
5878 5381
1322 1630
8142 8641
3879 4553
5933 5623
7282 8001
1899 1087
2407 2118
39 611
7138 7142
5482 6018
4220 5182
10049 9369
4325 3566
7331 7259
3707 3717
4285 4431
1638 1358
7467 7681
3268 3574
6671 6341
10013 9282
6868 7769
4470 4390
6686 7411
4254 5164
10707 9768
6218 7070
665 1289
73 554
6899 6946
2712 2493
2250 2224
67 709
9734 8781
1918 1422
7078 6997
5192 4545
7086 7751
15 639
4158 3785
7641 7254
10790 9806
5864 6509
2697 3630
9122 9642
24 375
3385 4153
8078 8436
34 239
2931 3539
4702 5339
3595 3248
2946 2021
6719 7374
5097 4255
6836 7664
6830 7227
9006 9144
84 120
8215 7333
8523 8547
9929 9044
7998 7223
2860 2500
10 421
7180 8155
8100 8401
7361 6438
6972 6905
2507 3127
8387 8484
6676 7534
8644 9097
5761 6076
6822 6602
7891 8698
5244 4869
2289 2566
2621 3119
47 773
8391 7845
6204 5847
5293 5984
5355 5888
6728 6595
4975 4230
1977 2847
7465 7979
473 1261
7569 7975
1978 1425
5619 5793
23 352
5818 6458
6068 6849
83 317
4984 5077
6481 6341
2118 3038
8387 8397
762 1131
2802 2479
9708 9714
6529 5691
9761 9389
8238 7775
4827 3975
5120 5454
5352 4593
43 594
7256 7472
6226 6108
5070 4493
38 878
58 809
1585 2162
5810 6417
4949 4452
1096 1315
2935 3234
8064 7312
3069 3750
45 747
8752 8679
5091 4852
56 43
7831 7737
8458 8000
830 1698
3839 2895
49 899
1184 1588
5115 5769
974 1772
3384 3314
2549 2938
9117 9797
7156 8146
2871 3562
91 892
2446 1757
5329 6260
2966 2335
3808 3326
5944 6829
882 1407
8356 8709
7979 7527
7475 7153
8556 7984
5370 5564
6364 5409
3476 2607
8026 7737
1703 2252
67 914
9275 9294
8403 8638
3652 4486
593 1524
10097 9550
3688 3830
4359 4930
5940 6778
2849 2292
4185 3462
2848 2717
4072 3486
8460 8326
2431 3206
3527 3576
5259 5118
7389 6812
2480 2212
9039 9586
66 140
4451 3513
9206 8904
5210 5947
8947 9008
18 968
21 958
2630 1785
1296 1788
2357 2274
2094 3009
6523 6654
2797 2409
5326 4601
4981 5382
2580 1628
2073 2877
6367 6088
701 1467
60 269
1282 2056
8257 9026
6087 6880
2857 2042
6051 5968
1664 1731
5552 5745
68 175
2343 3239
1288 2111
8533 9432
5579 6111
5476 4678
1620 1746
7396 7647
9980 9057
5118 4704
8895 9318
7016 6262
94 462
424 1206
8778 8250
6592 6650
4759 5411
3087 2871
8218 8207
2926 2040
3374 3561
1830 2068
5802 5919
45 700
6620 7513
5387 5276
6626 6062
1350 1424
3067 3832
2219 1531
7360 8129
1679 2431
72 711
3881 4630
4916 4540
76 188
8772 8486
6926 7575
5855 6411
7792 7805
7163 7169
9481 8803
8303 8355
3005 2942
51 64
2712 2723
5682 5144
2644 2287
3461 4401
82 748
2183 1949
77 466
3388 3650
5386 6102
8337 8764
9157 8846
2014 1425
1929 2401
6821 5838
78 956
1845 1141
9322 9343
4703 5149
8254 7461
2092 2221
7748 7535
533 1490
2589 1641
76 590
7570 8540
7461 7168
87 636
4324 4309
2780 2970
9276 9629
3924 4549
4695 5399
5451 5497
5252 5387
5020 5925
7406 7749
2041 2107
3036 2504
7517 6865
6503 5573
6198 5799
6304 7155
8493 9097
5371 5954
1946 1397
8963 9290
1293 1185
7055 6299
5950 5511
2484 2455
5917 6848
96 485
7190 6776
4805 5358
4059 3521
26 284
7359 7667
5694 6206
10550 9761
17 569
4062 4976
9790 9681
2788 3289
5064 4544
8485 7868
7515 8397
8692 9109
3009 2314
13 53
4891 5786
4119 3574
4701 4560
5962 5288
7541 7234
941 1216
4011 4375
8799 8041
367 1167
85 223
8160 8857
6564 6421
7335 8162
4127 5107
7078 8055
8810 8254
6886 7654
6772 7397
8153 7158
5442 4482
1868 2304
3151 2238
6090 6427
8306 8723
67 965
8717 8003
3291 4018
8124 7986
4231 4892
3901 3651
6271 5543
7422 7934
5300 5202
5231 5275
10120 9710
1074 1347
9587 9971
8939 9605
85 476
2355 3092
59 852
1006 1118
3428 3101
9006 9847
9537 8838
2630 2400
44 434
4706 4261
8789 9728
6915 6595
4154 3243
7548 7121
6085 6668
6858 7834
6925 6875
9117 9254
30 324
4740 5223
2780 2463
10202 9770
10194 9746
2683 2439
8785 8963
1118 1086
5876 5124
1589 1510
5109 4752
5553 5173
7386 6552
4011 4982
8236 8870
6562 7036
1782 2323
1991 1802
6426 6919
3878 2981
8058 7303
7959 7204
5973 5886
4860 3910
7253 7816
8115 9064
4739 5212
40 239
92 848
2865 2680
3813 3207
7708 8106
7568 8027
5085 4166
3975 4743
4823 4735
2942 2334
1840 1229
6927 7900
6998 6542
8886 8461
55 452
2108 1328
8151 7997
8014 8442
10235 9242
2080 2030
6958 6456
4102 4719
47 641
375 1117
6007 5498
5877 5789
8562 8064
4773 5715
3392 4215
3356 2971
7765 7783
10011 9657
4602 3733
2678 3675
2255 1489
7514 8418
9114 8995
3770 3233
33 317
6984 7204
6169 6547
9145 9825
8565 7756
4043 3944
5277 5420
3398 3011
2122 2898
5795 6790
7866 7390
8008 8887
2351 3272
7513 6897
8519 7671
8651 8317
6590 6785
9087 8836
8873 8889
3970 4471
9587 9137
9164 8608
3885 3050
2985 3327
15 946
3613 3666
37 64
8280 7940
8870 9155
4650 4854
6202 6878
8042 8270
2910 3756
4880 4220
1664 2042
5556 5576
51 918
5736 5061
11 823
2772 1940
8266 8397
1303 1984
4028 4195
10591 9665
5010 5310
8417 7834
4448 3539
616 1421
2977 3445
8859 9855
5420 5825
1939 2491
4551 5141
7394 7950
18 52
4969 4110
5721 5665
3331 2362
23 563
27 916
1062 1289
6044 6191
4313 5258
9638 9672
5559 6090
5315 5249
6584 6281
5471 5083
8237 8483
4953 4066
7335 7801
4361 4388
6278 6848
7594 7153
7073 6128
7998 8088
1627 1107
7740 8732
4061 3452
6514 7461
1821 1911
6663 6157
72 371
9095 8318
6826 7266
4662 5462
4636 4858
9122 8206
9103 9833
260 1037
8568 7587
4247 4685
1751 1553
10511 9515
3025 3290
7062 6241
1853 1902
1764 1427
4914 4897
6937 6653
2847 2745
6387 7014
1204 2005
4369 4962
63 1004
4380 3744
1711 1594
46 720
3433 3794
7228 6813
5846 5045
4062 5036
7569 7888
1377 1612
8325 8264
7419 6652
8717 7813
9205 8377
2509 3049
1220 1106
2431 2041
7305 6787
9134 9675
2851 3006
4010 3872
58 951
3781 3992
9768 9591
6722 7692
6798 5893
9852 8898
7185 7149
4324 4374
50 210
6228 6892
3700 3627
9134 9882
22 107
2551 2236
2446 1599
6371 7053
4405 4038
2247 2294
76 826
2039 2697
7543 7954
6155 5674
5328 4808
4132 5028
4486 3955
8501 8630
2507 2035
7547 7994
8739 7869
6942 7456
9441 9433
6412 6370
7832 8584
2663 1834
1292 1455
5520 5807
3873 3303
1561 1127
7154 7479
4696 3726
10317 9796
5005 4790
3098 2885
2418 3081
7946 7763
5652 6632
8503 9053
6268 5851
5879 5943
394 1108
1062 1925
5124 5204
8441 7952
4744 4784
6629 7597
4509 4126
1866 1721
5775 5795
5271 4568
1601 1172
6875 6805
1735 1148
8694 7894
10358 9846
2963 3423
6187 5695
3598 2919
5278 5998
89 240
7012 7357
1624 1755
5983 5803
4105 3138
8186 8958
6482 5964
95 293
9283 9155
2083 1585
7823 7014
5004 5864
8396 8524
5386 5683
1632 1144
792 1400
3319 3851
7563 8327
8226 8298
4255 5184
2316 1848
8361 8596
2919 2162
5992 5510
6196 5630
5361 6187
6770 6535
4166 3627
4637 4202
10714 9741
5151 5502
8421 7795
6895 6043
8545 8549
34 258
66 624
3101 3055
3077 2762
7285 6475
35 565
2571 2270
1072 1764
79 358
9223 9118
3267 2363
2856 1943
6789 7383
3648 3324
1667 1412
6811 7180
7394 7283
7433 6862
3830 3246
3540 3372
5009 5742
7206 8134
4580 4316
4733 5526
4356 5108
1456 1595
8692 7960
4898 4506
3942 4699
5769 4933
51 194
4944 4410
3094 2299
4648 4009
3900 4846
9648 9996
6258 5675
2403 2701
10092 9934
7739 8672
5722 6470
7946 8882
5642 6158
92 387
6453 6805
8032 8044
2612 1906
3664 4223
3843 3448
7876 7613
4079 4953
8891 8396
9218 9014
1467 1029
3797 3478
28 950
6941 5989
6850 7687
2616 3015
8013 7575
8337 8478
5160 4250
6343 6256
2058 2111
3638 3765
3396 2847
94 44
10384 9930
2086 2456
8636 9321
8457 9388
7100 7200
2266 2026
4244 5006
41 318
5827 5975
8452 7815
3690 4517
7483 6629
7024 6534
8524 8362
3934 3123
99 602
7001 6207
7258 6370
5972 5347
1166 1233
8733 8926
8430 8260
10008 9342
4312 4881
8224 8960
23 336
5315 4963
9007 8387
8945 9116
8652 9189
4231 4589
2217 1400
4664 5488
4288 3598
6582 6934
99 439
8573 7630
64 188
4416 4654
8082 8228
6375 5931
2236 3038
7463 8254
7196 6590
75 919
6210 6402
5225 5499
8901 9397
4365 4323
9837 9465
6795 6597
2057 1647
26 923
8311 8230
4704 4844
2238 1444
7926 7285
6345 6795
10745 9987
5091 5537
5204 6203
5552 5672
957 1289
9696 9522
7330 6603
13 127
7199 7684
87 283
2015 2097
6558 7546
7005 7189
23 837
27 958
8278 8947
3598 4010
5513 6394
2035 1579
9349 8791
76 836
9797 9573
8467 9037
4870 4914
1965 1521
4787 4587
2951 3380
3031 2104
8484 9232
3630 3867
5728 5740
5640 6149
10809 9974
8715 9517
7643 7843
3482 2727
6900 6661
2421 2533
8386 8565
6461 5603
5548 5090
7374 8369
73 952
1218 1021
7883 6909
6709 7149
2498 2450
2181 2615
7682 7842
8538 8177
3390 2693
7322 7076
9818 9526
7942 7616
8232 9149
8893 8997
6170 7131
7399 7475
6639 6074
7244 6654
7151 6949
6444 6995
3575 4089
8364 8696
1457 1463
6551 7200
8835 9823
8359 8213
2049 2218
2497 3077
9073 9749
3419 2821
6701 7274
61 879
5030 4922
5519 5825
3085 3315
4785 4986
3285 2542
5402 6376
2179 2246
69 797
4879 5250
8587 9044
1920 2281
52 952
7125 7087
7963 7464
1390 2214
4183 5082
7282 8235
3391 4364
44 92
7218 7849
8952 9252
3136 3983
9727 9219
3609 3266
5669 5037
6432 6852
6471 7250
100 676
1389 1921
52 454
9309 9809
4102 4125
7196 7252
4573 4342
5098 4325
4713 5546
1180 1154
2674 2074
3927 3135
2467 2431
940 1801
2142 1490
1360 1122
6584 6759
5494 4913
9806 9337
4824 5091
2130 2292
18 32
86 309
5635 5633
7459 7376
5803 5478
77 674
5972 5933
7663 7858
1392 1948
6061 5515
6705 7675
2063 2776
1738 2333
28 192
1443 2111
2520 3371
3001 3751
3478 3162
6775 7149
3345 2650
4371 4613
4004 4750
52 537
3535 4247
5095 4717
4458 3709
3610 3004
5816 5971
8112 7604
2207 1342
73 659
8976 8891
5141 6089
4649 4957
2657 2141
7473 7791
3820 4670
7084 8016
85 541
2752 3517
8781 9515
3991 3430
6093 6992
2030 1312
4793 4618
8683 7923
3516 4038
1345 1104
95 956
69 639
5492 5974
1678 1280
2212 2668
7676 6769
1585 1831
4109 3113
9581 9212
2021 1214
9580 9268
8858 8081
2517 3091
6298 7146
7351 7154
3006 2574
2969 2975
25 183
6372 6925
66 656
4492 4480
3181 3447
7556 7428
4781 5004
3448 4086
786 1328
5658 5645
5133 5852
10080 9879
6840 7101
2325 2875
2260 2108
2121 1556
6949 7312
3018 3610
5430 5199
2811 3176
8017 7236
8098 7613
5790 5454
45 551
8949 8601
6398 5863
9165 9320
4892 5129
8983 8683
40 287
8439 8376
1040 1806
3840 2872
3722 4270
6857 6492
6731 6198
1291 2045
3145 3107
82 592
4892 5873
5059 5300
7187 6893
8965 9254
5604 4801
3462 2742
7258 7801
4668 4392
2705 3520
2809 3635
9147 8773
8387 9332
7522 7956
88 630
5393 5678
5982 6190
17 230
71 463
4896 4745
5792 5604
2599 3094
5129 6007
2153 2042
10096 9297
8414 9087
1931 2348
2886 2951
4000 3658
3530 3653
1558 2180
5768 6137
7786 7356
9548 9379
5937 6103
2429 2465
8924 9484
10470 9697
9265 9370
7081 7188
4863 4757
97 267
7721 8283
5832 6439
8633 8355
9075 8105
7438 6566
52 600
6007 5810
2881 1990
28 843
761 1144
407 1096
7871 8470
5538 6107
59 760
6582 6840
6383 6687
4500 5379
1537 1956
9332 8406
9358 8780
3284 2364
2322 2790
5953 5501
2724 2529
5947 5790
2580 3186
9215 8744
7747 8023
8119 7268
2773 3704
6509 6797
5576 6394
2640 2100
8562 9225
8027 7100
10012 9360
4102 4604
4697 5169
4032 4664
5854 6582
8853 8322
8035 8481
5513 5095
9718 9702
8769 8305
8803 9207
8507 8150
4832 3897
29 847
6784 7602
9887 9984
4661 4267
2503 3471
6702 6801
4638 5523
3140 3804
10118 9346
5940 5667
5391 5682
5077 5867
8428 8771
8536 8083
3206 3042
9781 8806
9051 9470
5732 4825
8594 8094
1545 1270
2853 3539
3521 3568
9381 9036
79 463
3936 4235
5282 6254
8513 9504
4901 4524
3391 2831
9168 8763
5840 5009
1831 1259
6998 6293
188 1141
4033 4192
4896 5018
87 796
3776 3589
5690 6088
5332 6004
2609 3247
1739 1304
3859 3998
3568 4339
7112 7983
3214 3737
4502 4888
7544 6870
7362 7568
965 1275
9065 9984
1153 1708
8460 8138
9440 9465
7627 8580
2424 2390
8831 8373
93 618
3848 4164
62 922
9940 9631
1858 1884
52 647
9871 9706
2664 3359
2424 2655
3038 4008
4080 4362
4257 5107
9396 8849
8034 7486
8802 8357
8233 9220
1530 1170
2848 3375
2981 3889
7423 6914
3200 3614
1642 1567
8871 8608
2972 2325
4301 4590
5129 5824
1969 2123
8392 8603
8935 9178
4160 3704
3205 2960
10544 9589
3282 4197
10570 9578
84 872
10026 9925
5378 5226
2277 3139
8814 9063
9698 9095
6989 7551
900 1054
2076 1561
1531 1265
4050 4893
9733 9460
7815 7810
3531 2774
7606 8532
7192 7394
5894 6446
7597 7583
5091 5440
46 586
10215 9756
7665 7551
4817 5777
7311 6873
1976 1377
5265 5889
10449 9506
3510 2730
1706 1837
4184 3878
2540 3398
8013 7905
6142 5611
6492 6309
67 981
2844 1960
28 446
7818 7816
77 335
8188 7686
8865 9278
9355 8868
699 1309
5258 6202
7175 6676
3109 3048
7485 8079
49 640
4790 4281
4486 4013
3649 3185
1942 1237
8910 9886
5029 5595
1901 1435
34 50
2642 1814
4643 4704
9270 8563
8993 8889
6640 7531
8932 8428
5697 5752
5893 5433
1944 2277
10071 9763
2003 1423
5585 5765
3121 3609
5306 5380
6777 6183
8943 7974
2971 2003
5179 5902
4060 4406
7765 8551
5550 6438
4951 5110
7608 7487
6124 5997
5464 6257
75 855
96 611
9653 8776
3632 3339
5960 5234
8864 9197
9144 9230
8952 8260
7088 6502
4568 3880
8684 9179
8891 9671
8684 8986
5627 6555
3305 3910
6371 6379
7495 6826
3109 2737
6062 6900
2054 1492
4853 5299
8808 8023
7633 6911
9138 8457
24 452
5266 4294
4529 4257
9190 9062
9480 9404
10689 9819
4564 4751
10687 9704
7468 7461
7599 8588
3654 4545
4824 5472
6573 5729
1901 2354
6570 7325
4614 4163
1173 1745
9025 8292
2817 1869
8835 8723
4388 5280
1690 2222
6872 6408
3508 3461
8732 9120
5590 6544
2781 2432
1506 2094
5224 5871
3750 3693
2592 3208
967 1412
16 189
6496 6171
12 57
2854 1865
5455 4511
5764 5575
3046 2882
4150 4738
7360 7309
7361 7865
1177 1632
1194 1739
1184 2071
8795 8229
4668 5583
2288 2415
9583 9738
64 693
2548 3289
6124 6139
8958 9690
8934 9035
6501 6642
2425 2459
2060 2163
7649 8484
7745 7445
6407 5490
45 649
3904 3023
3447 2526
1539 2432
10203 9532
3902 3621
6451 6757
9739 9933
25 161
7313 7848
1025 1331
8992 8386
1190 1705
5540 4717
94 106
5179 4891
6141 5644
28 437
2158 2332
4652 3766
1590 2000
1884 2335
3897 4454
9907 9665
9628 9495
5892 6851
87 397
9602 8895
6397 7295
8672 9490
7084 7734
3850 4723
6175 5765
8468 8155
4099 5039
876 1829
9371 9982
49 430
1642 2540
6607 6542
8306 8858
1004 1343
8419 9282
6704 6569
79 399
6196 5628
7780 7470
5422 5765
8806 8123
4718 4656
4806 5466
10787 9997
1251 1817
9058 9734
7904 7238
8073 7204
5266 4697
88 625
5971 5038
5789 5674
2151 1987
2717 2356
5951 5541
9086 9242
1619 2502
3179 3743
39 866
2489 2623
6213 6771
5628 5963
9547 9485
8510 9438
9087 8594
10004 9739
8556 7575
4802 4140
5938 5785
6545 5950
1933 1656
7165 6306
7417 8166
7802 7257
23 660
4455 5143
11 642
4253 3820
2695 1878
10206 9581
5880 6866
5357 5820
5053 5220
9551 9228
10390 9673
7701 7024
7276 6934
2318 1768
9215 8931
6330 6640
9291 8394
63 54
9580 9414
832 1461
7573 6702
8468 9127
3715 3562
748 1684
33 25
7204 6303
53 95
9343 9680
5743 5697
2350 2556
67 529
7309 7293
7071 6652
1675 1071
43 494
4770 4850
6051 5958
6417 5922
9461 8749
61 37
2967 2346
4188 4952
41 792
8239 8117
6922 6905
5879 6431
5623 6443
8503 8783
3172 2904
2278 1639
2674 3259
5348 4862
1067 1805
6035 6804
8601 7805
1514 1755
9758 9073
5059 4714
5656 5258
5918 5638
8135 8454
5662 6392
2747 1875
5356 4588
1700 2389
8371 8817
8608 7986
3067 2935
3732 4574
8105 8209
6513 6215
9460 9546
3448 2577
9469 9175
91 926
3507 3641
188 1110
8087 8329
5563 6007
8075 7246
8292 7885
3212 2217
7348 7120
6406 7181
4036 3044
8327 7405
5147 5526
8850 9040
4522 4410
8954 8042
2081 2427
9248 8513
4660 5074
1355 2232
5188 5828
3602 3093
61 401
4374 3714
8631 8463
2407 2986
7116 6147
6521 5643
8209 8741
4926 4511
56 553
2299 1820
2600 3441
7435 7309
5158 4629
7938 7734
1501 2471
8085 7813
5846 6452
3637 4399
1094 1256
6378 6022
10354 9443
8503 8410
9382 9270
4473 4130
5925 5860
3651 3907
8265 8153
7094 7605
3729 3490
7727 7480
8604 8874
1641 2366
2757 3336
73 438
9323 8370
20 454
10251 9746
10139 9255
44 900
9393 9427
6117 6211
4366 3943
5434 4461
5609 6240
2984 3967
3511 4279
6464 7352
7059 6779
4184 4152
4493 4660
6675 6264
8805 8943
3729 2989
5187 4360
9943 9781
56 888
8941 9815
4540 4051
6588 6415
7796 8214
6044 7001
5444 4973
8708 8252
8702 7912
9051 8194
6541 6389
8104 8282
2512 2527
8591 9334
4935 5200
8051 8841
2336 2242
7657 7484
9164 8795
2348 2007
3806 3741
2150 1727
5632 5970
6775 7019
4188 3505
3628 2867
2716 3133
88 663
1439 1925
2562 2806
6749 6246
7234 8147
8114 8566
1197 1849
8914 9800
3776 4100
4144 3317
7527 7704
4951 4404
18 29
3819 4442
3421 2436
4308 4826
2591 2490
4895 4604
1042 1408
3400 4018
4026 4463
3675 3253
969 1205
2582 2388
9062 9759
2030 2192
6523 7285
3224 4022
8180 7926
10446 9915
5483 6182
6056 6413
42 130
4224 4346
7818 7758
5522 5024
5156 5808
27 51
10333 9906
6160 5962
95 252
8243 8446
8351 8591
5335 5434
2046 2735
3145 3900
8735 8929
7284 6980
8353 9315
6169 6088
6789 6251
6703 6485
6736 7498
4454 4134
7669 6873
5636 6292
6544 5595
1939 2020
8787 9212
3604 3726
3994 4860
8766 8432
6565 6770
22 567
100 903
29 477
3096 3614
2990 3593
5549 6303
10137 9906
6807 7711
7207 7670
8982 8393
2838 2359
2100 1674
5911 6051
3613 4496
5802 6117
9497 9366
8286 8420
1926 2765
8039 7870
7520 6786
8517 8910
81 153
1939 1214
3054 3694
3152 4024
1036 1967
78 997
8635 9482
3069 3094
8243 7352
4257 4334
8829 9501
8031 8364
7321 7051
9378 8670
2642 1764
1995 2022
9642 9645
7829 7309
94 324
9067 9494
9436 9952
25 797
5007 5717
4536 4499
4427 3858
8282 8050
8152 9149
5117 5223
7299 6855
66 635
7106 8106
3029 3847
3086 2484
1901 2606
8375 9184
1355 1343
2722 3454
5295 4880
1525 1374
4683 3687
6635 6576
7730 7942
59 883
3195 2557
8801 8287
10 753
9471 8663
10170 9170
8437 8210
2383 2656
6616 7470
7082 6479
2456 2405
2039 2997
9554 9993
2631 3472
3521 3191
7047 7545
5305 5369
8908 9543
3992 4442
8817 8801
5705 6253
3566 3011
7245 6928
5944 5437
92 660
5222 5535
935 1354
7862 8598
930 1055
7762 8504
2669 2113
7694 7170
10026 9387
2416 1554
6733 7048
6242 6744
5370 4567
9009 8800
8459 7834
1532 1538
608 1400
9309 9873
1589 1874
8089 8052
6456 6680
8985 8428
3019 2888
2314 1412
6736 6134
2689 2338
2672 3572
7089 6392
7436 7252
1907 2849
2496 2188
1919 2367
9147 8400
2448 2101
5180 4235
6639 7527
4689 3847
2697 3576
50 798
4819 4144
2634 3552
5438 5745
4691 5229
7569 7945
3347 4152
9852 9806
4076 4418
6551 6921
1855 2504
2008 1243
4531 5343
3262 2296
6211 5213
3905 3971
9975 9779
4071 3970
4565 5221
5269 4480
8996 9472
8794 9636
8727 8863
6513 5759
4424 4595
7722 6784
7870 8734
8522 8625
4168 3320
1150 1102
3440 3573
9704 9755
6511 5668
3939 2949
44 970
5705 4730
9600 9697
7016 6812
6431 5564
3527 4434
6912 6179
4080 3286
3381 4052
1184 2156
3751 4118
2760 3018
8895 9759
5625 5379
9233 8938
25 1008
7716 7716
36 351
2350 2658
5943 6579
9866 9090
9795 9290
13 85
3803 2918
6759 6579
10699 9729
1609 1476
4254 4120
4334 4401
4207 3512
2954 3499
9803 9273
42 899
47 362
6723 6229
79 955
7067 7137
8896 9657
9764 9448
3114 2547
6239 6996
363 1254
1938 1678
4422 4935
8284 7622
2514 2230
2843 3651
4677 5615
5744 5208
2320 2663
7854 8085
374 1205
6500 5600
2195 3014
2819 2440
79 344
61 834
3265 2673
1963 2259
3337 4157
869 1203
2676 2393
9891 8946
4787 5736
9197 9894
7816 7382
6087 6449
5534 5397
9292 8665
6915 7445
1856 1915
3056 3981
4889 5187
4615 4976
7771 7284
4378 4318
5269 5140
83 855
2698 1767
1891 1399
4882 4055
2769 2858
5319 5535
2175 2663
7162 7128
4268 4310
69 801
5002 5790
51 322
4862 4559
5163 5531
7200 6463
7014 6430
1807 1347
8291 8944
2045 2965
4642 3655
8944 9793
4226 4780
2489 3346
1656 1195
98 439
6411 5464
5119 5627
3035 3968
4262 4121
2302 2442
7060 7646
3003 3043
93 616
3341 2792
1842 1999
3890 4537
4474 4452
487 1389
2825 3002
4609 5347
1145 1427
3561 2924
3397 3502
9797 9025
6205 6179
7206 6917
6311 5509
4744 3811
49 677
11 956
5035 5624
3706 3268
5321 4690
5449 6277
9619 9909
7940 8377
8549 8405
3116 2308
5169 6124
6170 5495
51 227
4386 4389
5311 6097
2678 3474
9472 9822
9135 8160
5217 5467
963 1259
4347 3923
7664 6718
4011 3904
9695 9734
24 863
4217 4551
4691 3834
7545 8001
8215 8055
8231 8617
4136 4375
94 303
4219 5020
7254 6918
4997 4155
4903 4809
6215 6808
5779 5730
4139 3950
6158 6820
1932 2811
8929 8488
9282 8612
6472 7394
2858 3541
2059 2221
68 464
2253 2229
2251 3073
5979 6863
52 291
8875 8396
95 641
5951 5241
2107 2217
9606 9639
8380 8670
4121 4311
5055 6006
3348 2595
4426 4896
2155 1477
4410 3912
3001 2362
4801 5437
42 786
5515 5262
1717 2017
8218 8938
3962 3283
7564 6573
8748 9424
5123 4507
2488 2456
3001 3461
3819 3905
6748 7335
1233 1243
89 543
7975 8330
8515 8483
48 492
6181 6593
5251 5061
7772 7238
1490 1099
7528 8373
3127 3171
4342 3516
2030 2562
2422 2592
1806 1527
1671 2170
6218 5645
3377 4300
2154 2431
3411 3155
5929 6367
2298 1506
1751 2723
7384 6803
5909 6180
3433 3062
5277 5548
1342 1411
5861 4984
3326 4306
2448 2572
6909 6410
8399 7971
5064 5582
7135 6367
8405 7554
59 556
9909 9968
4385 4646
2845 2509
1707 1145
5717 5620
6361 5544
5634 5007
8337 8306
1743 1063
2746 1976
1358 1091
6816 7569
1871 1447
9598 9257
10 103
3222 2880
8598 9298
4767 4860
1896 2644
27 418
78 88
2223 1474
6932 6760
7121 8041
2120 2538
7892 7673
81 470
36 350
6262 6658
7309 8065
9002 8301
5305 5358
6613 7506
2228 2452
7174 6480
1717 2426
8468 7723
2490 2679
2604 3431
96 177
6990 7269
7135 6552
1856 2082
10004 9008
8064 8918
2666 2575
10708 9988
8910 8865
56 922
25 459
6202 5917
9595 8883
7399 8181
7383 7060
2966 2220
9193 9917
5452 5003
618 1058
3355 2599
6614 6573
2620 2352
4396 3809
2529 2401
7469 6805
5731 5590
3687 3051
4815 4302
858 1228
7368 7501
2674 3373
9370 9508
1465 1686
5312 4718
10601 9805
5239 4909
16 694
7499 7691
3425 3417
1176 2001
7913 7960
6129 6611
5427 5965
3170 3548
9448 9472
10191 9421
1219 2124
3659 3587
4469 3915
10262 9578
7793 8522
8019 8802
2128 2693
7253 7164
6771 6789
6047 7044
6557 6244
94 213
6093 5467
9123 9735
4840 3909
2733 2220
2941 2410
9661 9725
7711 8508
2463 1737
10553 9883
11 899
5580 6486
81 257
8238 7615
6485 6413
10203 9249
2444 2885
6675 5897
4611 4279
25 217
1349 1550
42 858
6245 6359
1539 1039
7973 8361
1710 2421
7989 8760
6606 7032
4802 4650
8698 7930
6022 5714
8811 9636
2644 2257
1838 1847
6504 6397
2111 1161
3653 3263
10010 9823
6214 6885
2655 2791
9539 9125
1600 2393
5188 5039
5286 5260
7716 8652
82 221
9418 9142
2408 2606
1588 1886
5965 5916
2151 2336
9888 9616
1654 1990
8328 8466
4602 5387
5046 5447
2812 3387
5759 5922
5323 5028
7339 8281
6389 6878
3331 4158
7719 8497
10164 9464
3146 3870
4164 4466
1264 2006
5894 5170
9588 9516
2798 3393
9385 9850
6911 6730
73 775
10048 9418
3574 3758
15 955
5122 4795
6531 6596
4512 5405
7981 8128
2472 2298
3766 4754
4553 4053
6653 5921
5375 6232
6791 6841
876 1271
8048 8844
3630 4561
6417 6181
5592 6308
9988 9505
4226 3276
8629 7890
56 349
5070 4499
4815 5176
4111 4604
6679 6052
2314 2741
7900 8326
1142 2030
5916 5181
4982 5162
9453 9072
6563 6965
8753 9575
4589 4872
28 557
7092 7442
6208 6135
9498 9972
9561 9602
75 704
1211 2129
9268 9376
9255 9698
3212 2608
2548 3013
4106 4112
6666 7019
48 115
4408 5142
8729 8995
4596 3848
2545 2084
7821 7998
5160 5577
9468 9811
5139 4193
10186 9494
62 370
6160 5940
74 961
2948 2684
6205 5968
8880 8687
84 987
4423 3801
2331 1788
3541 3782
2761 2231
5659 5670
8063 7365
9113 8344
9857 9127
9760 9480
8566 8398
9170 8198
3392 4294
5198 5938
1780 2714
82 605
1904 2813
7384 7684
7827 7452
7427 7306
5265 5590
8834 8950
6967 6297
84 530
10052 9902
4469 3599
3994 4480
10648 9897
8890 9713
55 128
7612 7215
6143 6244
4602 4700
2522 2684
1252 1931
2620 2614
48 929
4638 3846
5971 6601
43 719
4347 4578
6720 6024
7042 7007
8361 9104
7007 7990
2615 2889
4698 4932
6403 6403
7605 8454
10351 9507
1522 1940
9882 9852
3041 2119
7254 7726
4933 5345
6461 6013
3702 3498
7160 6281
5661 6098
51 49
84 934
26 476
9813 9404
7576 7556
5480 5393
4334 4053
8269 7497
7687 8170
3563 4500
2140 1297
4541 3938
2994 3297
3257 3346
73 977
6921 6274
4477 5354
4199 4469
78 321
9806 9146
8090 8496
2834 2737
3538 2730
5184 4976
3720 3022
3918 2993
1784 2617
9060 9231
9559 8852
5990 6983
4200 3349
5550 6519
3963 3845
5216 5555
4645 4700
3889 4569
7811 7323
5444 5065
2530 2286
8499 8857
2146 1804
6932 6596
1117 1297
8437 8021
1026 1611
8414 8715
1730 1929
5728 5401
5083 5897
7327 6694
635 1131
76 881
1562 2559
7899 8752
4217 5100
8401 8007
4538 5318
7387 6488
4038 4548
1550 1248
2466 2173
6316 5755
30 283
6728 7211
3668 3310
1470 2223
8132 7235
1591 2471
22 265
4546 4315
6694 7298
6456 6502
7357 6505
9082 9558
10288 9496
6123 6612
16 574
6096 6061
7079 6631
8445 8061
3964 4307
1942 1973
2198 2548
5673 5059
10426 9561
9582 8728
7356 7874
8594 9560
3286 2304
10451 9791
7381 6846
6746 7446
5239 4371
9838 9803
3090 3397
27 100
5443 4965
10385 9676
8787 9657
1705 1485
5248 5002
738 1182
3377 3075
5184 4941
5470 5195
6151 5230
908 1572
44 370
9619 9018
1132 1392
33 669
9549 9972
7694 8270
9808 9532
1011 1811
1264 1160
5187 5893
10187 9334
8917 9295
3417 2638
9759 9559
40 632
3984 4096
8630 9475
88 445
1779 1359
2923 2692
8089 8028
7615 7728
1697 1480
7780 8437
7662 8132
1554 1787
5501 5451
9518 8960
5831 5320
9269 9503
1138 1977
3214 3102
7197 6991
4030 4016
3929 4011
8122 8746
3388 3714
7338 8148
8338 7486
2200 3133
3795 3077
8704 9545
2448 3371
9142 8328
8557 8899
2289 3077
94 16
8818 8896
7191 7928
97 930
9336 8459
6880 6732
63 302
7985 8921
1338 2027
4447 5364
3108 3114
2337 1511
3181 3445
91 218
3016 3293
4266 3542
6403 6016
2599 2330
7637 7678
81 713
5491 4493
4165 4379
8441 9047
5258 5721
3782 4601
6494 7296
4032 4122
96 437
5046 4158
8640 9620
6506 6501
915 1608
8233 7401
33 223
9546 8963
7085 7747
8985 8400
6560 6450
24 623
4601 5553
5125 5233
25 786
19 605
1721 2625
3936 3023
7586 7289
8687 8500
9325 9211
8313 8644
1331 1643
93 651
9462 8692
6749 6607
9710 8840
8971 9284
10250 9917
6059 5301
9361 9964
6024 5422
89 217
6656 6426
8035 7110
7884 8189
8125 7674
7083 6993
9930 9175
4008 3909
3292 3358
3109 3240
4115 3488
7601 7920
8220 7347
6905 7277
2886 2470
4699 5413
68 652
3420 2831
5892 6667
668 1127
2749 3338
2158 2364
6100 6891
2412 2272
8342 8008
3407 3769
2370 3020
7427 6945
6647 6016
3938 2960
4735 3988
2079 2033
1535 2347
8312 8295
9345 9256
1243 1055
1301 1542
5052 5473
5430 5752
1372 2225
5916 5701
1913 2855
3283 3240
8835 9497
2085 2907
6957 7003
3170 3622
2503 2094
2066 2249
6558 5725
17 403
6785 7337
1854 1274
5965 6526
7134 6796
5731 4878
2315 2890
3325 2369
2299 1874
3693 4125
7641 8250
6343 6230
8813 8259
6402 6515
8485 8121
8329 9043
6576 5953
7177 7006
7031 7810
6199 6439
48 894
2250 1369
6404 6239
5330 5183
1513 1863
5166 4241
5468 5322
9328 8370
5108 5738
1430 1543
9226 8343
5753 5903
66 270
7444 7491
6598 5820
1656 2556
6429 7354
51 462
2742 2540
27 925
1779 1354
7932 7566
6183 6543
2372 1402
2543 2666
3546 4285
7152 8130
613 1397
6919 6203
3036 2134
73 645
4668 5631
6257 6277
6064 5133
5129 5833
2450 1748
3788 4044
1784 1058
2659 3045
8140 7579
5638 6299
8006 8034
7627 7417
61 70
8036 8313
9092 8275
1930 2383
1447 1409
3748 3888
5095 4723
6711 7400
2164 1197
5235 6216
9981 9396
6664 6561
6660 6847
5913 6248
6133 5383
4850 4336
47 106
2424 3027
5775 5508
4668 4413
4511 5505
6734 6359
9154 9229
2781 3226
9682 9422
5694 4915
8922 9689
4156 4440
20 260
8904 7941
5473 6027
6351 5953
9254 9988
6052 6354
86 507
5318 5696
9940 9788
5481 5803
5978 6506
9317 9543
8347 7650
11 545
5649 4729
5036 5273
5503 5935
8289 7710
6220 6615
5827 6166
2306 2941
9596 8887
4850 3980
64 27
93 441
6911 6130
1478 2172
2256 3165
6594 6964
6426 5634
6413 6394
3989 4045
4019 4576
3870 4664
5315 5448
3996 4319
5817 5424
6143 5756
2312 1790
3896 4601
78 711
8137 7785
3124 3134
6785 7202
5816 5417
7194 7895
4847 5717
96 793
6034 5166
5425 5222
6664 7342
5092 4901
9098 8508
1856 1145
1622 2206
1367 1302
9182 8988
6055 5277
7446 8288
4471 5158
5738 5298
6645 5839
2248 1436
7312 7716
52 291
3594 3590
2145 1749
6836 5901
18 196
282 1056
6218 5918
1822 1514
4844 5559
8952 8594
3975 3495
1113 1379
3028 3146
5565 5410
8634 8957
3980 4891
4287 5235
5329 6185
2591 2485
7993 7691
2046 1804
8251 7608
5679 6624
6986 7838
5308 5231
5699 5423
10519 9594
1213 1806
6831 7506
4294 4406
3374 2826
7772 7937
7597 6706
4250 3944
2006 2092
9473 9005
5919 6870
1689 2606
7576 6882
957 1024
2902 3797
3413 2448
3710 4610
515 1377
2466 2260
1924 2326
5815 6492
8628 9301
4331 4202
7056 6320
7715 7761
66 127
9534 9438
6894 7683
8548 8174
4685 5428
46 903
7327 7703
6646 5835
15 989
4533 5106
10001 9234
6837 7575
1690 2594
4782 5481
1183 1012
7581 7278
5203 4272
9320 8563
85 443
6986 7939
3943 3139
6840 6898
370 1045
5034 4242
4089 3643
7422 6920
91 1010
6025 6007
4635 4725
2378 1384
7775 8700
3612 4086
5318 4768
8270 8648
5332 4880
9634 9104
2853 2478
5074 4733
26 156
7043 7339
6130 6234
4024 4417
95 521
72 411
6600 5823
3907 3829
5734 5714
7384 7425
3594 3898
5032 4602
7144 7451
3611 3927
5958 5473
7237 6793
9010 8625
8494 9297
56 682
3827 3790
4062 4894
50 551
1216 1221
30 489
9943 9209
4505 3877
8844 8868
1649 2357
53 767
4967 4434
3586 4500
1619 1591
1421 1327
96 443
1600 2050
6187 5250
4910 4831
9013 8083
9109 8900
3207 3463
3159 3672
3416 3521
8173 7283
6821 7201
4862 5053
7060 6895
3494 2973
772 1108
57 685
2631 3093
4675 4378
4626 4405
22 75
8562 7993
1874 2629
87 529
34 491
2467 2578
4236 4896
68 587
5592 5381
99 980
5424 6394
3686 4290
3696 4686
5009 4925
8178 8180
2542 2864
7605 7650
9393 9976
9487 9074
7665 7985
2478 3340
4853 5367
2940 2563
10127 9143
3648 4188
7073 6976
1585 1522
7732 8405
1954 1562
59 396
5795 5666
3849 3514
8547 8806
2380 1941
4203 4058
9722 9635
8438 9410
6812 6667
4874 5421
866 1293
4631 4700
5000 5549
9024 9925
4271 4151
9261 8931
6993 6966
1397 1839
5193 5687
1827 1563
6787 6348
79 438
4370 5340
34 96
9241 9641
7843 7722
773 1660
3590 4552
4761 5613
5354 4907
5622 4685
9029 9053
6272 5576
5162 5678
1732 2214
5466 4972
91 296
1525 1926
99 625
3900 4115
9738 9638
2957 3412
2359 1866
3970 4681
5600 4915
6498 6876
4761 4041
590 1502
1549 1959
16 626
4750 4794
2994 3804
4875 5701
5955 6753
36 1026
6777 5781
1918 2249
7688 7142
3306 3145
7576 7840
7058 7484
8664 9307
6018 6613
7411 7585
2175 1571
6001 5660
3362 2483
3879 4174
1899 2727
8538 7846
7415 6853
9286 9767
7059 6933
3937 3548
2341 1739
634 1381
64 756
13 176
8368 8465
80 586
9021 9156
5796 5076
3077 2819
1789 1069
5294 5733
1756 1702
7169 7019
6350 7086
8972 9735
8504 9427
2320 1629
525 1040
4076 4112
8844 8214
5344 6328
7879 8182
27 362
9874 9815
2033 3012
3120 3879
7855 7052
642 1509
2189 3045
5730 5092
24 340
8304 7490
6148 6186
5920 6459
45 365
9894 9247
9640 9722
9766 9316
3174 2378
5935 6319
5479 4735
3897 3688
1053 1145
9866 9026
86 230
3491 3193
5998 5130
7894 8008
5658 5973
3701 4393
7727 8238
3983 4651
5130 4935
8688 9478
9286 8907
3531 3729
33 118
47 283
6189 6060
8561 8730
6790 6373
7983 7722
9254 8779
7340 8163
5681 5188
5355 4474
4125 3368
4894 4659
6813 6512
2578 1707
1478 1306
919 1187
8503 8453
90 282
5985 6647
5018 4018
7032 7661
4166 3993
9679 9887
4988 4412
7731 7375
7502 6905
2081 2340
9462 9937
2606 2796
3365 2947
7329 7573
6328 7244
6655 6657
8651 7899
8894 8388
3346 2435
5257 4763
3311 2445
7493 8466
3088 2175
7056 7993
3527 2809
5856 4901
8409 8395
6074 6272
3655 3037
2086 2380
30 555
6911 7615
3721 3329
3500 3889
5732 6360
7979 8766
446 1390
2916 2309
9459 9309
8312 7875
4913 4379
5581 6046
29 306
6538 6901
7429 6586
3025 3346
8091 8170
8455 9210
33 452
6081 6612
9922 9444
9310 8952
7139 6990
7224 7937
8623 9371
9351 8719
6268 5497
36 34
8391 8963
6495 6035
3751 4303
8298 8427
2345 1695
4496 4284
8991 8815
5111 5731
6983 7719
8777 9272
6312 6289
6609 6353
4065 4727
8127 7899
8454 9379
2316 1463
3186 2992
2934 2517
4521 3868
48 238
3316 3486
8506 9244
7424 6757
30 80
3665 3140
6681 7184
5896 5004
9212 9240
8190 7856
1760 1213
8108 8311
7955 8925
7597 7137
928 1113
10793 9904
1247 1423
6568 6072
4218 4116
6780 6040
3649 2805
3713 3649
6633 6574
1835 1100
4210 5016
3931 4628
5331 5151
7424 6749
10201 9365
2656 2060
3967 3909
3103 3099
6496 6004
2195 2325
7120 6893
4923 4687
5596 6561
5899 6378
5683 5434
3778 3615
5020 4633
9495 9333
8018 8077
35 465
7921 7001
8640 9518
6681 7087
3928 3491
8415 8256
2285 3213
4959 5807
1729 1431
40 268
7020 6506
9507 8749
5248 4334
6066 6445
15 438
6397 6003
6616 5767
12 656
9880 9691
4908 5190
6751 5759
7958 7520
7879 7655
1743 2547
8398 7599
6372 6262
2061 1833
7503 7807
2510 2382
6030 6751
9305 9404
8195 8945
3925 3996
9068 9395
4874 5550
2089 2733
5493 5967
8914 9891
8652 9113
8751 7792
7715 7405
9607 9182
2835 3376
2052 2114
3015 3722
835 1239
7680 7329
9660 9320
2555 2081
24 495
2468 2755
2913 3485
6234 5245
5375 4510
2448 3321
8531 8882
39 138
9824 8985
4474 3485
5403 5642
2402 3308
4378 4543
2397 2805
6457 5897
7882 7060
4323 5297
4856 5105
1457 1137
2670 2942
9055 9859
1794 2419
2980 3212
8134 7768
5041 4823
3624 2754
1134 1744
26 294
4837 5613
4262 3326
8874 8671
3178 4046
1514 1344
3684 4365
38 260
5711 4714
5122 5342
2520 2605
24 807
7816 7978
26 491
7759 7154
2329 2338
3725 3602
6120 6501
7604 7272
2361 2313
8421 7723
1769 2414
1742 1679
48 860
96 588
4197 4220
4654 4778
10444 9826
1745 1974
7621 7751
1914 2801
5979 6781
3345 2384
5182 4546
67 206
719 1685
9498 8545
92 60
8215 8870
45 145
1467 1110
7285 7971
3915 4212
77 112
5777 6237
7388 7630
3002 3264
1966 1293
5450 5476
4266 4109
930 1369
8141 7336
10339 9616
2272 1399
3380 3115
8634 8808
2453 1781
4379 3501
8635 8474
286 1255
5453 5108
3824 4328
2787 1798
3433 3126
6103 5863
64 586
9626 9645
9594 8646
7295 7850
2033 2728
3848 4652
3469 2627
8698 7760
3522 4070
9702 9285
8443 8679
10838 9973
7610 8200
8099 7423
10407 9835
8531 7931
3064 3478
1347 1335
8918 8577
1961 1149
1914 2404
60 553
2725 2145
6673 5861
3086 2563
8365 8483
5018 4196
97 345
2343 2820
2485 2356
7699 7903
5012 5821
5538 4848
7900 7201
9939 9142
6488 6420
8645 9229
7471 7243
5265 5638
6273 7073
10230 9654
42 250
26 318
6675 5691
6057 5940
4448 4445
3773 3633
2405 2364
4944 4408
58 808
8947 9205
10898 9974
5609 5908
7732 6972
5137 5438
5680 5112
8407 7438
4679 5125
9871 8872
1474 1751
3653 2955
7930 8851
767 1646
8234 7595
4403 3812
6429 6484
4895 4083
6261 5635
7991 8198
5595 5080
9982 9054
4766 4539
5072 5125
1816 2604
8862 8054
9691 9521
2257 2258
2088 1473
3629 3985
9323 8656
530 1336
2868 3521
4932 4654
7132 6966
8563 9477
1275 1298
3917 3225
7751 8702
1631 2346
2440 2843
4483 4762
3985 4547
5724 6625
6737 7731
6589 6881
22 889
2550 3209
1318 1728
4901 5209
9697 9540
1401 1202
5289 6239
5254 4993
10661 9821
6049 6807
3444 4120
5211 5157
28 406
54 806
2415 2912
5935 5297
5255 5415
6499 6204
2172 1368
5785 6694
9249 8358
6002 5578
8259 7869
10400 9840
5300 5530
9435 8828
10586 9619
705 1656
5148 5161
5056 4090
5807 6107
3823 4349
8864 8566
9342 9509
5360 6204
3676 3106
2785 3693
7100 6972
4240 3428
10750 9931
5519 6351
56 217
4199 4011
34 637
360 1240
7350 7953
5904 6282
3864 4587
3992 4146
6701 6875
1777 2105
5645 4798
3418 3953
2768 2136
3067 3915
2122 1955
9193 8981
8850 8163
7583 8300
3086 3913
1165 1247
2205 1819
8308 8501
6124 5628
3474 4128
4318 4996
6597 5724
7463 8115
4343 5222
7216 7461
8955 9903
11 529
6433 7212
4960 4313
7616 7670
1439 1097
2730 3667
3593 3672
38 780
9041 8498
3704 2920
93 603
9217 9206
57 1002
9822 9604
9276 8749
4936 4289
7985 8345
2755 2170
4657 5408
6346 5353
4890 3943
7824 8235
3577 3709
1594 2571
21 397
6319 5567
6857 6813
2662 3658
6562 6671
476 1170
4281 3924
7661 6963
1539 2241
8349 8613
57 813
10 465
6148 6367
5887 6527
26 337
2928 3494
7334 7932
2645 3609
2563 2816
8360 7919
9156 9507
57 394
1366 2126
3123 2791
77 643
9589 8670
6999 6959
4787 4192
6060 6531
4307 4431
8934 9386
3731 2967
7142 7879
3550 4030
8353 8999
56 624
7995 8386
3423 2775
7905 8432
9702 9464
1551 1899
3326 3654
5506 4602
6441 5699
7409 7330
6846 5909
7596 7344
6506 6728
6858 6248
1793 2341
5670 6090
1901 1021
33 954
3270 3110
2156 1301
5751 5047
4470 4778
1711 2228
5882 4963
2923 2072
2198 1638
4322 4916
7148 7671
2479 3263
3615 4138
2488 2607
6875 7160
3528 2649
76 215
6807 7581
8452 8863
4784 4143
2581 1587
6945 7215
4215 4205
1585 1544
4425 3634
5028 5411
786 1426
62 251
3189 2214
8900 7905
10148 9306
98 430
9055 9815
9897 9594
5163 5626
7502 6678
7585 7237
4503 4076
45 174
81 1006
4508 4503
3045 2330
8528 9269
3993 3042
3890 4514
6613 7333
6813 7583
4497 5123
5746 6206
1748 2007
2296 1761
4952 3958
1982 1260
9319 8752
4680 5109
9742 9977
8008 7607
7386 6818
6940 6413
8675 8557
8070 7482
587 1106
6404 6668
8359 8225
82 387
3514 3562
6111 6510
8138 8206
4272 3478
6064 6141
6031 6004
2386 2830
8714 9269
48 148
6837 7193
25 449
6717 6471
4669 5532
2489 3442
9150 8893
2257 2046
3047 3091
3617 2982
923 1628
8411 7585
4602 4101
41 283
7700 7889
5260 6064
1248 1252
61 339
50 810
1912 2254
8402 8388
8712 8992
5294 5612
1776 1130
9118 9678
15 358
5118 4649
8224 9110
9202 9620
5139 4188
80 15
1794 1766
5106 5793
9413 9390
3871 4665
32 347
6771 6456
1483 1367
3019 2255
7353 7617
6625 5969
3939 3457
20 59
10 866
40 138
10709 9811
6456 5789
64 588
88 897
3946 4200
7665 7746
6375 6043
7258 6601
3698 3797
3552 3998
10468 9752
2482 3393
1711 1696
1219 1492
4530 4373
4225 3819
10005 9701
2518 2612
10043 9876
7197 7571
3274 3849
2100 2130
2277 1520
7195 7228
957 1481
4401 4327
71 374
7105 8016
1003 1093
2792 2950
7645 8308
4966 5825
24 220
6131 5914
56 682
4669 3702
4671 5271
8088 7949
3160 4158
7695 7308
8178 7275
5513 5151
2277 2551
3673 3131
1430 2003
2426 3176
6789 7540
8785 8638
825 1065
58 155
3442 3966
5045 4572
5113 5034
7238 7675
22 179
2481 3048
1950 1191
1493 2122
8137 8854
8061 7113
6998 7613
6739 6901
4591 4878
9241 8554
3780 2871
6785 5824
5135 5291
8611 7778
3073 2979
4880 4054
8820 8532
4737 3793
4937 4770
7551 8186
3071 2245
3149 3161
5198 5759
93 139
4971 4272
10067 9875
1080 1740
85 348
64 307
7450 6533
6242 6098
1722 1879
4178 3215
4437 5319
4473 4388
2424 2784
6523 6220
2870 1896
5676 5802
1157 1294
8593 8306
8802 8900
5946 5226
9110 9731
8084 7197
5364 6298
67 111
1849 2532
8218 9009
7397 6980
4627 5083
34 15
4014 3328
9984 9844
9625 9932
21 333
4514 3601
7375 7122
6885 6946
92 880
5798 5167
7831 8240
6623 7340
7795 6985
2486 3145
2910 3182
8290 9099
6224 7212
4578 5339
5032 5075
2440 1978
2325 1477
5859 5195
7161 6281
3377 3855
3581 4177
6451 6487
6869 7252
861 1035
8152 8978
33 635
8025 8297
3521 4307
4830 5197
7987 7121
2892 3161
5683 5530
22 655
8763 9731
5730 5503
7515 6912
7426 7209
3670 4104
5598 4935
4075 4078
4953 4201
9229 8263
10668 9745
3263 3515
2660 2811
7303 6792
9119 9618
5550 5041
10145 9632
6904 6690
5032 5502
8874 8251
1495 1956
5397 5136
2378 1972
2244 2613
70 795
2685 2766
6287 6989
6107 6512
2949 3242
5601 5219
5749 5109
