9933
100
29424536
99 98 108 105 91 95 108 105 108 104 91 107 98 100 97 110 109 91 105 108 105 94 100 94 110 95 93 108 108 92 97 105 100 98 109 90 96 110 94 90 98 95 96 104 102 94 99 90 91 95 92 90 93 109 99 91 97 102 98 99 103 93 103 91 94 92 101 110 104 110 96 92 109 92 91 107 106 109 106 109 92 97 99 107 94 102 107 92 103 101 96 102 95 109 90 94 92 93 99 92 
-33625 -29766 -34298 -35030 -27581 -29473 -35662 -36028 -39705 -37744 -28597 -37312 -30452 -35174 -31660 -36059 -38728 -28946 -30990 -35001 -32297 -33313 -30912 -32707 -38570 -33451 -31706 -33862 -37603 -33480 -34317 -37901 -31050 -33527 -33746 -30568 -29918 -37104 -32423 -31706 -30625 -34280 -30879 -36406 -35936 -30818 -33684 -29971 -28670 -35110 -28110 -29546 -34881 -36453 -29927 -28458 -32746 -35927 -34929 -36565 -32156 -31647 -33672 -31205 -28630 -30811 -32344 -35035 -40615 -36438 -33099 -29804 -37154 -28946 -29011 -37527 -37079 -37107 -34652 -36251 -28325 -35882 -33299 -36149 -28403 -34329 -35787 -28607 -33819 -35097 -31489 -33693 -27783 -34402 -30887 -27775 -33885 -29777 -32128 -29763 
26521 23276 27453 27301 22177 23729 28432 28394 31521 29710 22793 29485 24347 27826 25059 28511 29751 23284 24462 27732 26002 25673 25102 25922 31001 26571 25247 26925 29671 26058 27258 30298 24220 26386 27012 24114 23737 29475 25902 25093 24212 26989 24373 28214 28547 24221 26579 23499 23039 27399 21983 22717 27351 28711 23853 22794 25472 28030 27815 29462 25705 25115 26475 24926 22367 24199 25700 27577 31597 28731 26334 23384 29204 23118 22986 29393 29330 29110 27506 29077 22911 28233 26277 28485 22812 27042 28773 22457 27221 27125 25235 26636 22648 27686 24287 22565 26673 23239 25277 23637 
8116 8719
1531 2437
10348 9913
6785 5850
2726 3534
82 283
55 612
6984 6766
7800 8784
7737 8485
1856 2632
4202 4185
5543 5587
9097 8407
2906 3791
6119 5715
4118 3531
9218 9293
2245 1970
7915 7376
2267 3116
9374 9613
5467 4558
2548 2313
8527 9389
4848 5370
6229 5341
1980 1703
1526 1061
1765 1654
2762 2206
8383 8947
81 235
7996 7189
1900 1978
2350 3270
4543 4872
2812 3027
4462 4819
3197 4033
1514 2258
4835 4966
6185 6561
7447 7274
2728 2308
89 695
4894 4483
9301 8996
28 77
4398 4455
9272 9139
5647 6366
7446 8258
5814 6162
8836 9635
5595 4758
1248 1135
23 909
9717 8994
5109 5613
5060 5361
7005 7706
919 1714
2197 1328
6110 5322
8917 9131
1426 1462
77 122
7377 7774
3300 2655
7805 8779
8994 8745
8343 7365
4309 4882
6126 5480
2987 3284
5749 6410
8868 8140
4946 4628
4655 5293
9521 8649
7195 7857
5174 4879
6797 6770
4022 4990
4765 4890
5237 4444
47 385
10637 9787
7343 6752
5033 4426
4164 4462
5530 4867
5882 5403
9758 9248
1302 1057
3222 2871
3695 3710
5690 5751
43 655
8472 9077
5650 4991
2943 3310
2625 1792
7445 8441
2474 1907
8556 8135
2235 2095
7501 7545
7741 8191
7977 8882
4811 5532
7167 6522
711 1559
9011 8818
3318 2823
9040 8406
100 432
4598 3651
3440 2505
1431 1955
2255 1704
6659 5971
6096 5271
674 1328
2529 1741
5829 4915
1814 2394
6474 6176
6148 5700
8849 8414
944 1943
4171 3360
6577 6067
3325 3511
3133 3279
8825 9464
2793 3603
4998 4633
8451 8710
6959 6237
3898 3112
3213 3438
7158 7005
2415 2928
61 423
3076 3520
9373 8740
4537 4081
885 1238
6094 6188
7144 6539
2270 2581
2176 3064
2522 1912
3734 4393
2362 1978
81 229
2197 2421
5906 5654
7391 8303
1498 2180
16 748
3178 2516
739 1624
9640 9023
3104 3153
5586 5109
2394 2551
4531 5178
3020 2537
4017 3455
5328 5253
3644 2864
4615 3622
7904 8789
8082 7602
822 1432
7498 8310
3959 3988
1782 1764
6721 7720
3828 3669
7156 7995
9275 9049
7285 6592
1070 1256
6963 7331
5705 5263
7309 7436
2670 1842
2147 1273
2578 2515
1270 1249
4126 4673
4042 4600
6691 7359
6583 6957
1799 1762
669 1134
7000 6340
47 723
8263 8359
3707 2764
3317 2891
9333 9664
3909 3097
3748 4245
8715 8194
3689 3330
8730 9183
65 539
3225 2515
7929 8585
6780 5938
5157 5858
2767 2206
3079 2970
3759 4192
6824 6796
4632 4759
6307 6925
577 1171
7586 7932
3757 4547
6392 5852
8715 9625
22 832
5125 4446
7111 7412
5488 5715
8126 9054
6224 6790
7459 7967
100 752
10 649
4095 3332
2311 1526
2553 3092
4176 4695
6527 6982
88 997
4880 4952
6176 5974
48 479
7933 8887
81 113
1340 1414
9539 9111
2683 3662
8863 8465
8095 9047
6679 5880
3260 3592
7214 8108
1300 1275
8981 9209
2965 2091
52 493
4406 5311
8652 9264
3833 4519
3260 3821
3588 3058
10292 9985
2642 2361
17 334
5563 6053
6157 5844
3340 3212
17 694
2596 3489
4852 5839
7986 8938
559 1139
8411 7424
5990 6232
2796 2557
1858 2607
9501 9219
5442 6294
4580 3756
4940 4548
8419 8048
37 377
5521 5262
5599 5346
10158 9512
9111 8374
4308 3518
3334 3108
6610 7365
4175 4831
1105 1361
7082 7507
3965 3410
10205 9339
5693 5315
2846 1878
5775 4974
2646 2774
7607 7192
3511 3901
2735 2787
417 1312
3922 2997
9865 9480
2189 1955
4357 3386
8660 7855
10102 9594
2852 2427
6643 5760
93 275
7747 6875
10371 9462
1462 1268
47 65
2251 2665
10178 9304
7255 8076
44 838
8918 8256
3897 4077
4743 5648
6165 6111
2456 2208
877 1482
1289 1501
1715 2351
7356 6590
9738 9886
1979 2191
2196 2752
5516 5744
5914 5632
7548 8536
4019 4166
9090 8183
18 223
9379 8638
8010 7244
2093 2799
6997 7522
9791 9096
2254 3009
1685 1283
5128 5594
1642 1513
5311 5564
3521 4492
8112 7807
6802 6569
3600 3847
1955 1390
18 118
1289 1106
6815 5889
7287 7750
9383 8812
2358 2101
5278 6089
2401 2350
42 794
2372 1805
9276 9802
6094 6762
1372 1905
8741 7869
4960 5198
6566 7081
7926 7124
4696 4679
5226 4300
8531 9199
6278 5568
5979 6247
94 759
10103 9382
8992 9729
6448 7177
7304 7262
1073 1050
2200 2031
2478 3359
9401 9893
2432 2600
7259 6280
4500 4251
31 954
10886 9955
4795 4909
8903 9759
979 1629
3854 3045
10211 9657
6549 7206
7179 6716
6415 5771
1679 2062
7139 6568
1897 1260
5543 6085
1822 2129
2364 2441
8970 8383
5532 5735
53 37
98 614
1727 1721
48 184
89 375
7115 6462
2951 2345
9922 9495
7136 7357
2642 3256
8247 8342
5554 6522
22 846
7085 6916
99 207
2206 2640
594 1209
7074 6197
7385 7628
7818 8738
9152 9229
3239 2743
7217 7495
10700 9759
2737 2997
6160 7079
1598 1722
3925 3276
7050 7138
40 152
1927 1788
56 515
4935 4778
7987 7202
8451 7661
8876 8108
7605 7387
7879 7827
6550 5953
3927 4562
1600 2390
4319 3820
10001 9336
8883 9526
1679 2213
7704 7318
3031 2449
4634 4291
9594 8890
4900 5830
3312 4078
2768 3513
81 899
59 657
46 835
4314 5301
4152 4866
4746 4083
5682 5927
39 507
1532 1793
4825 5653
44 981
1292 1017
4324 4317
10054 9858
2716 3451
3296 3490
5405 5751
33 305
10181 9892
1319 1704
4075 4447
1165 2158
2811 3556
6641 6690
2203 1971
4327 3469
5905 5088
6656 6101
31 370
8205 8424
2203 3051
2744 3451
799 1579
5209 5157
9119 8745
2657 2251
5818 5705
5345 5230
6140 6440
84 459
8467 8057
5908 6662
4594 4608
4430 4204
5475 5561
3355 2408
414 1027
9781 9900
43 661
55 835
1289 1851
7798 7479
49 92
3240 3890
4700 4976
5641 6116
8634 8442
6521 6914
3247 3670
878 1032
2082 2294
7568 8328
1369 1841
9037 9569
8400 7747
7032 6927
9539 9640
9487 9060
7729 8186
3296 3904
2634 2711
4996 4219
63 241
1010 1177
8075 7187
8235 7410
5571 6401
4339 4763
4642 4749
6439 6331
94 631
5216 5821
3496 3294
5637 5888
5625 5225
98 762
1008 1640
8690 8046
5474 5666
8263 8863
6699 5859
1101 1864
6146 6157
9693 9125
1260 2234
2235 2473
2279 1791
1389 1374
5744 6573
7119 6183
3161 2612
3788 4017
3804 3258
3232 2881
70 539
8920 9806
70 201
9106 8888
1358 1470
1779 2181
459 1427
5434 6091
6321 6321
2266 3213
4334 5270
273 1108
5801 6773
4340 4065
4523 3619
5035 4891
2884 2324
7950 8438
8991 9814
9195 9480
4891 4543
7426 7569
5036 5819
3621 2816
5645 6031
6196 5348
6970 7105
6365 6329
8445 7457
49 846
56 506
4299 4882
6092 5739
521 1222
5436 5978
4552 4521
5017 5892
7500 7996
7948 8691
9963 9535
3190 3662
7250 7921
4613 4236
7327 8165
7982 8326
57 920
4380 3440
9275 9971
6195 6120
9149 8197
9187 8411
9495 9068
6372 5377
8126 8610
9011 9400
2687 2570
2727 2456
2790 1988
2558 3228
7390 7761
2617 2686
2433 2713
55 1007
3431 3899
1641 1013
3096 3146
3041 3384
6208 5599
4477 5303
5106 6102
6248 6705
4932 4716
13 493
5423 5263
7658 8032
1837 1864
4910 5704
65 904
4554 5306
4220 5213
8227 8973
5138 5384
6679 6870
6460 5485
10145 9692
3907 3060
5848 5508
2328 2771
1673 1995
74 427
2951 2646
3287 2444
4063 3909
896 1471
4790 5414
3908 4735
9040 8777
6157 5680
4797 5467
4693 4294
4118 4507
35 852
3968 4467
8714 8517
7339 6698
4624 5036
8430 7956
4578 3803
9244 8575
1762 2355
3906 4443
10061 9803
50 550
5486 5820
7539 7579
5249 4711
6142 5856
1267 1032
1275 1892
63 230
9795 9414
5884 5924
3724 2994
6673 7585
5102 4639
7651 7163
7110 7300
8128 8198
8715 8807
9097 9543
6561 6328
26 436
2393 1471
1619 2312
3457 3033
6242 5676
1689 2402
3444 3269
2021 2752
2380 1548
5644 5392
6200 6481
3293 3200
1702 1037
8404 8697
5761 4884
4353 5200
7453 6664
2400 3245
7787 7957
7735 6844
6139 7004
711 1494
4535 3759
73 304
5748 5164
6528 7133
942 1399
6994 7823
5115 5630
7409 7325
1547 1067
7766 7825
6853 7297
7521 8112
2033 2007
1631 1099
4723 5361
80 219
22 753
961 1760
3158 2236
3894 3748
8998 9376
2186 1711
5328 5239
7682 8355
10439 9666
90 736
4098 4965
2321 2608
6678 7374
2996 3604
3937 4698
8490 7569
1553 1792
3838 3417
2843 2943
8084 8703
4641 4611
6028 6631
2657 2968
3589 2945
7729 7752
9083 8879
89 367
8687 8444
4821 4194
3273 4226
3968 3361
2038 1108
5226 4710
4230 4182
4991 5201
3183 3975
7227 7758
1221 1435
9641 8655
7246 6766
8299 8356
89 780
4537 4554
10851 9997
9962 9191
8438 8375
10118 9269
4213 3915
7358 7530
8805 7845
37 116
9893 9263
5697 5590
7717 8499
5559 4793
2403 2328
6701 6654
5149 5607
9260 9475
3960 3504
4706 5475
7372 7702
6094 5334
5967 5904
7795 7350
4320 4620
4390 4147
1875 1093
96 628
6962 7525
17 505
9204 9585
8117 7982
1964 1847
8142 7908
2813 3615
6876 7334
7432 8176
46 86
5476 4823
8381 9327
4886 5611
4578 4886
1666 1535
6981 6861
8534 9498
7066 6601
5784 4997
6873 7514
9517 9117
8961 8479
4029 3162
4592 5058
7697 8551
4623 4808
4711 4262
8124 8360
5867 6491
7115 6302
6946 7787
3040 2695
9916 9800
4833 5140
8250 7302
9143 8265
7125 7264
8091 8020
2357 1512
2263 2566
4100 4623
1191 2062
6411 7282
7624 7864
7783 7403
29 173
3281 2370
90 980
4121 4685
25 404
5796 6255
2320 2975
5691 6624
8215 7379
3822 4562
6739 7551
9243 8573
7956 8040
2321 2931
17 815
9579 9755
23 501
5767 4949
8662 8260
66 472
9324 9519
1542 1446
8786 8050
8783 7895
3077 2804
9742 8951
8102 7142
1170 1330
5649 5602
41 978
8840 8239
10 866
8108 9078
8204 8046
5187 4992
8409 7487
10064 9452
1645 1489
6793 6851
6054 5933
9334 8920
5761 5642
3402 3733
1856 2633
2084 1430
1043 1990
8277 7315
9835 9129
735 1528
3896 4615
9637 8911
3048 3234
6279 7052
5684 5495
6095 6573
4528 4776
856 1598
7996 8391
4382 4666
3773 4247
7869 7094
2964 3488
7103 6953
5671 6578
8521 8062
5519 5446
21 986
7083 6303
8649 8409
3514 4351
8168 9041
6587 6379
8543 9351
4189 5187
37 794
6453 7180
8689 8398
5912 5566
5007 5695
5657 5154
2218 2030
10147 9261
5172 5890
4413 3467
9070 8607
4685 5132
1668 1578
4998 5135
3493 3423
4889 5562
8537 9466
3345 3743
2488 3239
4377 4806
8591 8445
3146 2200
4222 4023
2784 1955
7176 8047
9767 9528
4713 3879
9203 8214
8357 7701
2326 2155
2490 3375
3161 2773
4494 5154
57 736
1784 1913
53 23
6087 6865
2658 2811
6360 6016
3652 3858
2232 2661
7595 6899
7251 8056
6645 7128
2597 1893
8831 8033
7257 7572
6371 6403
5889 5294
5931 5028
7897 8664
10087 9218
884 1376
2406 2538
4449 5004
8541 7800
1624 1908
8376 8172
8139 8451
8872 9548
8986 9613
96 533
2158 3056
453 1205
6907 6373
8877 7914
1419 1388
5397 5942
7605 7372
2923 2760
1787 1471
6221 6504
4374 3791
7560 7818
8819 9799
3543 3535
6123 7075
6845 6543
4430 5054
3823 3085
3338 3001
9578 9312
6720 6171
2217 2815
3626 3213
4176 3342
5469 5235
1319 1801
9717 9058
10884 9964
8008 8186
5730 6598
8943 9082
5725 4893
8866 8073
9430 9271
33 921
6539 6949
4759 4888
3553 3815
9294 9011
8196 9009
10155 9537
6894 5988
4168 3275
2361 2875
7376 6956
6946 6802
3260 2781
8543 8942
5634 5671
6048 6088
4922 5601
5491 5734
933 1580
6277 5439
1689 1428
2173 2658
1966 2010
4814 5790
29 325
5737 6301
4548 4632
41 205
6030 6260
7534 6938
8588 8204
6581 7083
2678 3506
5201 4383
2644 2793
4832 4771
50 489
2807 2007
2692 2796
4969 5061
3395 3190
6361 6364
603 1064
2253 3210
8409 8588
10046 9371
4881 5022
2033 2954
1039 1535
90 429
5999 5397
8362 9220
1245 1917
6229 6851
2907 2817
10516 9944
6321 6755
5023 4971
8842 8111
1616 1502
59 989
6608 7350
5405 5791
1769 2102
2644 3300
4278 4559
8317 8657
8007 7490
9610 9096
5636 5254
4630 4638
7598 7233
7468 6654
62 763
7163 7311
1446 2084
87 545
4291 4842
8616 8101
1634 2264
1173 1341
81 386
1618 2222
4121 4877
7341 7552
7776 8080
25 551
5719 5865
5302 5618
7506 6724
4873 3956
6107 5422
7199 6904
82 511
2005 1364
8906 8233
5301 6240
5218 4843
6779 6592
30 167
4448 5385
8701 7978
2266 2938
34 136
3171 3965
5135 5311
5368 5056
7142 7294
1232 1059
14 371
9388 8926
6118 6976
4443 4107
74 744
4310 4369
10471 9906
3804 4223
6227 6815
1947 2370
2301 1600
10339 9374
5392 5150
729 1681
1457 1491
6507 5858
10104 9238
7327 6488
1625 2593
7458 7056
1905 2705
9360 9667
1640 2545
7282 6401
3022 2716
5695 5626
1536 2464
2537 1790
7326 7049
2669 3367
2651 2555
4155 4238
1054 1109
5319 4974
3205 2658
3190 2341
839 1570
4817 4025
6918 6997
3906 4686
7924 8010
6457 7007
7061 7862
5876 6498
3158 3190
8804 8614
8209 9127
9061 8569
1619 1245
8995 9862
5940 5719
10469 9509
9230 8547
42 559
2252 1672
6530 6573
8194 9154
6583 6469
4456 4305
5536 6139
6256 7175
4726 4423
5099 4494
7268 7216
3438 4233
6737 7178
1330 2315
6813 7291
6466 5967
3366 3248
8671 8439
9803 9897
6837 7295
4510 4328
4804 3881
5732 5516
1167 1409
6606 6748
4465 4560
4426 3730
8471 7530
9742 8843
5106 5820
4644 5374
4548 4490
5860 5445
7831 8614
6146 6466
8211 8045
2535 2658
6667 6623
2589 2653
2328 2503
9923 9711
2803 3679
8540 8412
37 676
6641 7398
7182 7536
8428 8567
7306 8135
4963 5498
8959 8756
4760 3944
10447 9589
5266 5394
8524 8203
2051 1395
4225 3268
93 433
4413 3868
9249 9754
6331 6081
5543 5142
4087 4597
392 1376
3018 3289
26 315
1537 1284
15 624
9965 9731
5029 5867
7063 6957
3658 4626
3604 3588
5237 4882
76 530
1267 1383
9525 9946
9422 9564
605 1221
4039 3373
8319 7645
10776 9894
6013 5938
5068 5825
3066 2985
8655 8636
96 752
8457 8158
6085 6433
7657 7437
8797 8127
6614 7189
4810 4779
4083 4766
3810 3098
13 194
89 732
15 795
3996 4220
8771 8122
8113 8805
9380 8483
7792 7741
3579 3935
3010 2739
672 1485
4005 4682
1379 1563
1869 1466
9606 9503
7854 7683
3887 3981
1987 1192
7313 8286
9904 9898
3320 2366
2785 2156
4322 5156
5046 5645
26 249
6956 6040
3808 3573
2083 2481
2123 1481
1321 1640
322 1257
33 453
2245 3025
3355 3786
4350 3869
55 776
8412 7465
5573 5460
1927 1582
1147 1567
9147 9952
323 1227
3642 4534
6573 6929
2894 2485
7380 7619
538 1398
6847 6036
8375 7520
4019 3612
2541 3343
6551 5643
2580 3186
4036 4473
2198 1975
3981 3400
1914 1338
9857 9982
4199 3420
4810 4189
10018 9590
10255 9334
4659 5312
9904 9930
3225 3349
7790 8689
7957 7054
6946 7376
4134 3140
652 1470
9025 8641
9137 9613
1887 1755
6730 5849
10101 9844
5758 5946
3907 3091
968 1908
8364 8175
2988 2751
1773 1636
2417 2109
3675 2924
8921 8617
8820 9424
6846 6947
4288 5179
9202 9669
3718 4667
4551 4923
2507 1537
1710 1571
6410 6218
98 845
44 166
39 687
7599 7821
9558 9874
6726 6708
73 990
1504 2426
8840 7898
23 527
6139 6896
6148 5642
97 23
9870 9286
7491 7317
5118 5395
10 719
6509 6345
6300 6539
4918 5190
7182 7126
6214 6580
8544 9236
2651 3432
3969 3820
7396 7717
94 783
4128 4363
3008 2179
9019 8610
8134 7687
4350 4919
6143 6033
6176 5308
72 133
8721 8720
8553 8391
6383 6849
9018 9816
1553 1614
8744 9130
75 215
9079 8260
9528 8580
1829 1985
5446 6377
35 567
5495 6147
7814 8470
8984 9619
5184 5335
1990 2425
6116 6848
4710 4248
3160 2655
4968 4504
9990 9913
63 424
8799 8064
9923 9458
10002 9686
5384 4958
3474 2983
6485 6188
4208 4273
8873 9083
1505 1356
9653 9339
1104 1946
2752 3613
6765 7061
8213 8102
10131 9598
59 745
7594 7939
2053 2252
1664 2001
87 313
5447 4820
8296 8182
4034 3952
4091 3493
3867 4726
44 114
7670 6986
68 457
3770 3941
2321 2209
2840 3412
5416 5926
9939 9853
2760 3283
3196 3739
3016 2338
7294 8153
4826 5585
86 877
5230 4681
6875 6847
7046 7714
7263 6404
7782 7446
12 794
2319 2232
7473 8055
4581 4780
8678 9126
6858 6427
3943 3820
10129 9905
83 112
6078 5106
8501 8318
1882 1526
10406 9575
3532 4530
7426 7259
800 1309
631 1558
52 72
10407 9677
1273 1533
9717 9180
4017 3429
2911 2718
1861 2091
4858 4398
2724 3655
21 654
6555 6602
9192 8980
5213 4724
8183 7943
4189 4745
3525 3816
4862 5373
3965 3353
5609 5744
1815 2360
633 1419
9557 9960
9528 9194
9540 9176
3341 3234
3565 3122
34 991
88 918
96 697
7997 7812
7035 6777
17 792
9054 9618
7395 7581
2894 1950
6089 6693
1757 1302
5472 5858
1891 1163
10027 9643
5611 6298
9308 8339
9132 8640
3135 3005
1390 2240
9083 8375
2172 1760
52 15
7265 7752
5306 4364
4632 3835
2055 2288
3318 3299
9494 9552
6851 6477
3721 4639
6324 6670
10268 9804
8931 9375
100 880
4733 4618
4797 5039
2672 2242
3398 2760
7323 8094
2555 2511
6742 7400
3480 3242
2490 3186
5696 4768
9614 9287
6973 7019
8076 8585
6577 6217
4931 4444
6606 6546
2452 2375
4272 5030
776 1297
6397 6460
3165 2534
3946 3535
8780 9654
8360 7806
3153 4014
7040 7687
69 757
10715 9997
6238 6632
963 1077
9612 9632
12 304
4772 5574
6115 5734
5698 6430
6006 5977
57 848
1981 2016
8213 8015
6424 6344
5290 5630
2855 2670
5912 6755
8227 8300
9473 9966
4248 4598
3651 4578
2710 2372
88 474
4947 3985
3340 4180
7261 6852
6905 6862
4841 5171
2614 1706
883 1257
5345 5529
2221 3020
54 670
3955 3001
3102 2922
3286 3338
8782 8425
8471 7975
5177 4507
7036 7068
9145 8344
5536 5089
4428 3917
1992 2406
87 743
10522 9546
1677 2667
3857 3649
1810 2538
2836 2528
619 1192
662 1523
9233 9035
72 421
1658 1034
4614 3779
7259 6949
1443 1957
1890 1317
8891 8113
10093 9524
4281 3330
9762 8826
6458 5814
33 589
9594 9800
5338 4429
5914 6512
4641 3907
10271 9578
32 556
21 966
6583 6717
77 96
5160 5113
8177 9083
8611 7623
9412 9355
7587 7983
710 1454
5764 4913
2609 3288
8718 8592
7572 8194
8627 9340
6390 7094
92 111
5398 5244
2365 2952
3695 4054
2347 2010
4638 4714
3230 2451
49 268
7566 6947
8167 8716
8655 9159
77 749
6048 5770
3313 2473
9063 8259
9077 9187
7471 6849
5473 6244
68 505
1927 1574
5972 6026
3674 2934
9463 8883
4869 5565
8066 8887
8859 8492
3461 2635
2221 2989
7594 6595
74 796
8699 8525
7468 6575
1602 1977
47 89
2316 1619
4835 4685
3003 2760
9851 9629
1657 1762
6909 7841
5420 6304
3331 3356
4932 4974
6134 6632
9911 9204
9165 9541
2583 3142
4291 4124
1484 1819
9005 8487
1025 1610
9616 9026
4051 4037
62 384
5033 4399
6950 6737
4489 4869
4736 4192
6375 5598
10044 9329
5036 4520
9257 8464
8968 8553
3518 3253
2788 1819
1856 2843
8513 8132
43 885
7338 6927
5522 5759
2006 1111
5562 4622
9946 9264
4602 4031
10445 9586
7514 8316
5297 4384
8575 8110
9901 9115
1592 1347
2120 2591
7856 8735
5572 6440
9635 9462
5608 6385
4662 5514
8039 7477
9057 9026
2917 3326
7432 7878
7607 8511
5984 6152
6081 6191
7937 8658
4543 5023
7363 8331
2406 1599
1530 2144
8120 8661
5785 5876
7336 6627
8854 8142
5213 5108
7995 8481
98 89
4165 3885
85 840
79 342
90 111
5624 5484
4183 4198
2079 1217
6270 6783
10 85
8857 8181
1651 1774
89 634
693 1297
2586 3085
1582 2502
51 140
8119 8999
6997 6672
7854 8378
647 1193
2512 1751
8125 8808
8824 8053
22 996
4289 4478
4490 4377
5540 4594
5527 5360
5473 5097
85 724
6551 6420
2287 2433
5844 6283
1523 1356
4941 5464
5481 5398
2847 3079
3927 4590
7721 8272
497 1025
2690 2160
8173 7174
7666 8475
3456 2961
4880 4491
37 841
100 453
10163 9885
7168 7919
4990 5493
7461 6495
7134 7079
864 1223
3905 3792
9215 8579
4861 5274
321 1166
1400 1717
3932 3746
2371 3323
3559 3457
6778 6091
10165 9919
4071 4435
7420 8191
9117 8666
4223 4892
8228 8525
3628 3870
5945 5272
2132 2785
2760 2117
1392 2178
78 831
1122 2099
815 1766
43 910
7263 7472
8609 8180
8995 9457
3831 4772
3412 2575
5957 5108
7633 6975
7398 7973
3858 3605
3389 4347
4842 5407
3800 2932
2131 2570
9478 8804
5831 5786
8713 9233
8220 9172
4254 4016
100 33
2549 2804
4715 5569
5044 4117
4716 5073
2301 2021
6468 5571
3099 3063
4976 4228
951 1642
4060 3549
2574 1655
3067 3136
1540 2214
1407 1827
3883 3172
4722 4095
4454 4410
3132 3821
7409 6720
4421 4989
36 993
3890 3011
9888 9331
2736 1987
2614 3116
1671 2457
97 565
6921 6357
9438 9914
3891 3001
2470 2235
3253 3767
10471 9609
8421 8624
7247 7391
2535 2061
9137 8473
72 50
3433 2792
7220 8020
1857 1811
10923 9989
56 918
4603 3618
59 488
8922 8567
5450 6022
8760 8122
1588 1726
7366 7295
4566 4041
2040 2728
5925 4942
4428 4386
3922 4918
6843 7620
3480 3239
5782 6256
3999 3360
4354 4009
64 684
83 267
3695 3801
8192 8387
2924 3088
9314 9017
54 332
3298 2846
68 285
1928 2223
4023 4149
1457 1865
6289 6748
77 164
3562 3319
3748 4010
8754 8304
9253 9370
9314 9915
4510 4256
5199 5625
5020 5235
8847 9706
8652 7999
7258 8084
4910 4770
3858 4224
66 227
8751 8194
9170 8857
4505 5481
5135 5427
8764 8858
8465 8763
1219 1520
2321 2315
70 467
1520 1247
8765 9533
2920 3275
8453 7469
3150 3690
8366 8699
3464 3881
3003 2892
9487 9896
4529 3784
6291 6467
2369 1566
6414 6972
7732 6755
9261 8754
2212 3103
8234 8527
6468 5864
2017 1706
24 16
3002 3082
5243 4942
5353 4362
3671 4542
4434 4872
2474 2751
9205 8682
5343 6320
71 345
7986 8314
4962 5497
2480 2321
9085 9019
2707 1710
1862 1999
5461 5583
2685 2480
5168 4888
6529 6043
5047 5789
2999 2811
1958 1183
5898 5559
7889 8038
2593 1673
4420 4907
1281 1942
1391 2077
6666 6486
6438 6707
4376 4661
2297 2529
1804 2588
77 738
32 273
3292 3356
9654 9003
7560 7420
5814 6533
3710 3815
8221 8482
1587 1122
3969 3238
10 234
9532 9869
4228 3790
4522 4484
10133 9663
4105 3116
4081 4133
137 1109
90 950
4710 4010
4283 5157
8603 7887
4973 5111
1609 2572
5140 5099
7579 7005
80 505
1939 2833
7985 7263
6293 5908
3543 4130
6662 6130
3048 2533
8997 9047
62 937
6657 6438
3979 3107
8010 8612
67 508
5346 5066
1720 2593
2264 1425
3847 4418
4183 4350
4787 5738
7646 7059
6152 6083
3444 3621
7568 7642
4631 4456
3481 4219
9631 9007
3430 4146
2666 2035
5463 5887
4854 5531
4063 4988
8945 9847
8705 9526
18 120
96 719
7666 7132
7248 7629
9144 8887
7478 6754
52 804
7507 6850
1439 1281
1998 1286
9833 9433
3003 3006
3734 4260
7980 7782
3803 3271
774 1660
3660 4370
6521 7061
9160 9616
4347 4381
3122 2572
5933 6010
41 968
70 200
6399 6211
8876 9611
35 337
9951 9782
18 95
3068 2734
10 893
2634 2404
3910 4606
7641 7111
6624 7389
2422 2711
46 925
5820 5883
3753 2765
4029 3832
6850 7766
268 1057
9005 8182
1732 2179
5762 5790
4238 3464
2954 3690
2492 2803
89 414
6905 6163
33 84
4881 5754
842 1600
7181 6670
2931 2935
68 642
4963 4539
1477 2243
6611 5961
9413 9805
7266 8089
2845 2485
6269 6297
8359 7417
2194 1207
9691 8829
5424 6414
4618 5162
4294 5092
1484 2267
5450 4452
3051 3878
4564 5282
10099 9796
6953 7047
4044 4672
49 415
35 569
8624 8053
8606 8388
4966 4591
4539 4483
3635 3361
8635 8140
49 581
10766 9913
6709 6108
5910 5844
3907 3518
1159 2017
1327 1136
4473 4212
33 831
8299 8857
1979 2875
8352 7678
4489 4035
4211 5115
3766 4711
3419 3259
6524 6713
4510 5148
63 422
6494 5683
4538 3587
6862 7545
6575 6233
8039 7970
6512 5893
3861 3648
7857 7850
10486 9535
5930 6197
8015 8139
1795 2200
5623 5830
3806 3633
7481 7670
6808 5924
2605 1754
1587 1724
3433 3526
5829 4844
5316 4661
6763 5821
82 76
7318 6576
19 707
7316 7958
5771 5610
5865 5502
9341 8928
5017 4410
4202 3343
9340 9266
1502 1782
9241 9281
6458 6368
1985 1039
12 810
2526 2945
4957 5643
9326 8399
8751 7814
9113 9911
1344 1493
9703 9642
6190 5786
1408 1328
2707 3627
79 700
1118 1205
6422 7350
5288 4865
7790 8166
8188 7712
1872 1270
8413 7481
9743 9906
2745 3238
6967 6817
3870 2981
5909 6903
8814 8167
7842 7311
6070 5986
7582 7545
6375 6295
10634 9691
3620 3638
4734 5491
331 1273
5071 5574
2455 2752
7651 8110
6699 7605
5463 6408
1608 1038
3117 2409
4088 3637
71 664
5885 5033
2703 3230
4760 4824
5456 5950
8745 9488
27 321
7576 8372
6555 6977
59 187
2130 1739
5044 5904
88 206
84 960
97 698
6942 7785
2157 1974
4390 4705
2111 2220
9137 9983
9464 9270
9734 8886
3278 2794
63 850
7339 6411
5648 5641
9605 8790
91 372
4612 4320
6598 5976
3441 2497
3840 4069
328 1105
3073 3939
1425 1700
29 427
993 1345
6522 6117
5533 5573
5492 4761
9696 9032
7328 7975
9314 8906
1397 1785
7440 6566
15 197
2397 2797
1316 2258
8081 8104
27 983
8322 8331
6480 7285
4630 5548
5030 4640
3063 3954
9770 8858
39 17
5761 6441
2211 2009
3397 3956
5476 6076
7079 6405
6842 6555
7978 8845
7913 7532
6023 6192
70 978
6483 7397
8145 9002
4058 3553
3621 3608
5828 5008
818 1462
2654 2226
4220 4784
2702 1883
6903 6695
6763 7634
4610 4801
9688 9314
3022 3669
2339 3124
5201 5380
3930 4831
5178 5456
241 1028
5460 5294
9344 9860
10181 9414
7653 7493
1292 2254
6509 6296
3197 3152
66 903
92 110
1619 2472
52 302
2664 3650
2052 1850
1622 1400
7736 7866
9781 9471
8288 8900
2354 3112
6678 6849
9068 8943
3836 3709
7873 8515
3918 3007
7487 6669
9760 9451
8501 9302
99 280
1291 1325
8390 8027
9764 9283
5266 5500
1661 2397
5636 4683
7970 8090
8053 8436
30 596
7261 6873
7376 7257
8759 9197
8166 8486
9499 9925
7268 6654
3805 4713
9860 9699
6769 6753
7677 7640
9126 8526
7497 6916
1546 1272
11 593
29 84
3440 3150
9927 9427
3559 3317
7529 6718
8905 9025
2422 2324
2855 3457
7398 7396
7700 7825
8380 8179
9069 9101
5490 5267
3034 2529
4071 4345
3924 4613
2224 2351
958 1053
8086 7799
6187 7163
4527 3925
50 533
69 572
6596 7333
1151 1773
1511 1561
4162 3165
2180 1815
6628 6984
9191 9675
8429 8247
7795 8415
9726 9391
3950 3943
7932 7917
6956 6284
4885 5087
1236 1306
4297 4568
9442 9859
6676 6727
55 523
3053 3839
2610 2878
6845 5940
7017 6473
97 585
5617 5279
5211 5735
8750 8293
7834 8360
9832 9534
322 1196
3546 2763
91 916
5558 6354
2586 2091
7905 8773
89 67
3625 4543
5930 6486
61 312
8810 8585
10449 9779
2733 3393
4407 3786
8386 9119
5003 4982
5225 5004
2500 3126
7875 8635
8793 8861
1115 1189
4112 4117
9215 9168
8050 8569
4087 4353
1278 1846
78 848
958 1752
9093 8875
6502 7364
66 960
9223 9533
5205 5104
9405 8890
4344 3881
9219 8229
8577 9329
6098 5130
1711 2007
4184 3464
2334 3035
73 212
5435 6300
6968 7329
6837 6949
9814 9183
1761 2514
6023 6011
9251 9488
30 120
8488 9286
7105 6851
9489 9664
84 781
7427 8093
5038 4678
7664 8312
7886 7246
3938 3962
6249 5672
5479 5339
5861 6554
4747 4456
35 16
5902 6019
6122 6839
9189 9823
4764 4217
7662 7732
6223 5717
2484 2150
6997 6180
4074 4838
7490 8073
6055 6591
5002 5034
3928 3534
7827 8055
1046 1612
2397 2187
2935 2008
99 942
2624 2932
5056 4263
9213 9770
8079 8714
2185 1192
2181 1310
6379 6653
6263 6513
3671 3045
45 612
9511 9227
3132 2357
7708 8657
97 1009
4417 3918
6582 7478
7377 7694
8465 8662
7759 8402
9617 9457
2585 2655
1206 1886
3704 4251
7944 7688
6230 7037
9222 9942
5781 6617
4954 5204
2237 1752
4959 5610
5534 4817
8880 9243
2094 1225
1520 2330
871 1646
4023 4963
3316 3450
3709 4023
69 112
1487 2077
9114 8354
6060 6404
3630 4341
7261 6356
9209 8358
7381 7092
4070 3631
72 705
7958 7007
3400 3656
4978 4567
6858 6940
7390 6623
1982 1694
31 732
2513 2458
40 781
6707 5755
3274 3170
9061 9277
8846 9216
2067 2814
3702 4333
3457 3588
9210 9996
4969 5628
2685 2455
77 465
5981 6700
6130 6923
6686 6051
1812 1443
6522 7372
7331 6887
4646 5256
5770 5273
7060 6518
8925 8873
6466 6157
7753 6789
2362 2285
7935 8879
7219 7485
7099 7822
6212 6593
6583 6194
89 926
1256 1327
1686 1995
1573 1443
7129 7538
2989 2456
4619 3919
9348 8775
4622 3957
4575 4207
9145 9528
8288 8581
4845 4934
7834 7989
6659 5775
3899 3620
9283 9530
8828 9515
10131 9393
8804 9704
9175 9494
3302 2971
9539 8647
1132 2118
28 830
8855 9040
7937 7159
88 557
4422 3707
6897 6465
7528 7355
3447 4201
4805 5733
65 945
3050 3337
3617 3953
30 410
6647 6545
8069 7805
2752 3239
6631 7149
7240 7584
83 55
78 311
7928 7574
6433 6836
99 575
5156 4624
6228 7184
9972 9094
1893 2615
5171 4990
7604 7333
9907 9078
5522 6394
69 607
6408 5863
4124 4209
9753 9580
4794 4920
5260 5675
5058 4597
10046 9759
13 854
8168 9118
50 692
7754 7742
6749 7444
1356 2189
2941 3415
5681 5267
4551 5430
2043 1447
100 167
5118 6108
1947 2599
5905 5596
4812 5598
7591 7131
2072 1386
4338 4845
1277 1566
4240 3997
8729 8150
7486 6976
32 322
1521 2110
9036 9949
8376 8501
7443 6982
8504 7974
2504 2455
7921 7016
5211 5787
10570 9792
7308 7111
4076 4807
2787 1857
2546 2776
1177 2166
8337 7901
82 162
2594 2682
5740 5213
8996 9653
6257 5516
8991 9339
5760 5218
7580 8025
8003 8195
5772 5921
7545 7626
1842 1860
1528 1181
6287 6368
8038 7349
7615 7050
4838 4842
8631 8884
6618 7188
3684 4447
47 545
6063 5378
7583 7682
40 683
10169 9175
1100 1802
2279 2311
6174 6239
53 325
8647 8075
3307 3962
7841 7429
58 943
5200 5724
8931 9449
1527 1542
9968 9065
8635 8520
4377 5131
9433 8458
5911 5408
7672 8425
7237 7357
7259 8058
73 491
2414 1825
3180 3104
4873 4907
5715 5285
83 176
2349 2289
1628 2047
8882 9313
16 376
7781 8081
7767 7515
6510 5935
2864 2317
503 1250
6408 6982
7520 7418
3558 4193
1840 2597
10 576
3766 3694
9737 8977
6067 6009
5855 5834
4041 4795
2355 2240
7858 7835
3847 3276
7747 7922
6558 6819
2323 2150
7778 8699
2769 3731
2350 1716
3989 4710
1638 1923
92 970
4609 5275
6390 5750
1460 1206
6487 5525
6219 6961
8357 8457
4236 5167
5829 5916
406 1025
5804 6117
3491 4449
9331 8752
9126 8953
2712 1940
4319 3980
85 931
3199 3472
3606 3718
4909 5531
1406 1410
9219 9683
1660 1910
64 349
6284 6900
3770 3497
14 201
35 143
2411 1417
71 142
12 42
55 309
5328 6033
5518 5619
8209 8850
3410 3395
9847 9330
5255 5228
9029 9319
2934 3755
5676 5074
9358 8861
7289 7321
3629 3319
7298 7119
7975 7265
7858 7883
2487 1606
6827 6174
5833 4915
4173 3302
3041 3117
7334 7222
7075 6245
2386 1739
7652 7213
6406 5825
9472 8571
3425 2519
10023 9156
54 73
35 825
5231 5548
28 848
2112 2457
2855 2613
8736 8552
6885 6052
6480 6271
4041 3502
6953 7501
2217 2467
1503 1114
2507 2973
90 233
41 437
8767 9692
4811 4442
65 31
9272 8553
4302 4448
8906 8577
4305 4410
7751 7601
8707 9176
9391 9139
8091 8186
3168 3609
8395 8857
3812 3476
6201 6386
8274 8702
2299 3133
9289 9987
505 1059
1988 2872
10487 9531
3916 2933
2940 2238
8484 8535
10160 9544
5771 5026
59 711
9844 9584
2589 1783
2619 2778
9063 9116
5774 5588
86 846
2532 2163
10 900
3272 4249
8920 8185
9031 8303
2729 3519
10142 9965
6579 6277
4328 5276
9427 8790
9584 9506
4945 5037
3347 3657
1589 1694
7090 6278
3735 4211
3958 4889
8622 9016
615 1604
9372 9615
1506 2360
7208 7842
2105 2121
8227 7527
4100 4500
2798 2338
6888 5905
9676 9675
6939 6193
2371 1649
9028 8724
1416 1064
9784 8806
8675 9619
6527 6894
4605 5052
3585 4481
8366 8776
2014 1230
1054 1458
9167 9170
993 1592
73 588
1223 2190
7890 8731
9620 9370
4180 4214
1938 1430
8668 8974
6279 7159
76 935
4606 5063
4697 4441
5935 5275
69 592
4957 4582
7559 6757
7487 8090
4465 5382
5044 4425
7815 8278
8300 8951
8766 8156
1627 1616
97 402
2420 1720
4480 4500
8357 9324
10109 9640
8667 8744
4343 3778
5689 5435
6442 5832
10812 9845
10511 9664
9193 9637
3595 3079
5995 6091
6804 5956
7076 6435
7729 8149
1453 2428
5627 5798
99 870
3449 4358
63 279
6165 5452
2305 2745
7902 8410
6160 6427
8627 8437
3213 3087
3038 2348
5825 5455
1017 1766
36 173
10051 9178
3367 3102
7321 6761
7335 7038
2897 2696
813 1724
6644 6539
1763 2502
7487 8080
7513 6893
64 351
1302 1092
84 211
1287 1027
9305 8482
4789 5326
4769 4832
4105 3892
8980 8056
5889 6208
5289 5229
7048 7815
2352 1881
8056 7451
8392 7890
6053 5107
17 343
36 106
6255 5911
8930 8517
5914 6686
5996 6726
6636 7050
6292 6638
4853 4754
5988 5733
6309 6709
6490 6968
4745 4234
8727 9227
7319 7128
39 861
5631 6360
1778 1224
10456 9720
9467 9029
10680 9992
7036 7524
7585 7130
4907 5670
7187 7133
4288 4856
8007 7650
3693 4222
3883 4427
1535 2298
9586 9108
4877 5637
7850 7791
4633 4480
8238 7727
5323 5016
7342 6476
1766 1230
9190 9634
35 992
4923 5493
4863 4754
8316 8808
2564 2254
1224 1898
1656 2643
2039 2869
1802 1076
3438 3148
7533 7536
2069 1840
7591 7835
4573 3919
6279 6369
2507 3360
25 611
4401 3730
9258 8414
2541 2661
3658 4525
5437 4511
3280 3868
3573 3078
4837 5193
4361 4939
4544 5179
5163 4975
3944 3005
8876 7891
9152 8790
6183 6150
4224 5192
1639 2392
4526 4906
6556 7497
3627 2908
6071 6282
6367 6957
10414 9914
82 864
683 1369
6974 7049
6668 6761
3176 3044
9696 8933
16 993
9445 9641
8777 9524
9101 9995
5371 4817
7732 6825
2789 2419
8737 9624
4748 4013
4722 4982
5354 4563
8040 8952
9402 9991
9540 9728
4979 4559
2554 1934
6031 6725
7020 6802
8629 8711
96 319
91 469
6819 7154
2406 2891
4035 3494
6860 6828
8862 8984
1929 2756
7695 6818
6943 6011
4945 5236
8675 8633
7803 7966
2135 2055
5464 5053
1982 2683
5726 6444
9736 9555
4986 5878
682 1155
98 56
1704 1414
3074 2089
4366 5247
602 1424
3663 2689
32 450
4691 3751
2870 2282
9332 9236
9854 9456
10190 9922
7217 6776
7384 7378
2008 2577
6526 5878
8913 8875
2104 2840
6591 6133
941 1389
5941 5273
6924 7388
68 113
1609 1381
9468 9082
2026 2540
4034 4157
8902 9337
10057 9290
7177 8018
9946 9205
3765 4032
2241 2501
5243 4642
2893 3498
8731 8359
1859 2051
2009 2862
35 105
1907 1248
8480 9355
1487 2376
4650 4952
51 770
6483 5960
6403 7273
5182 4654
7812 7781
8270 9138
4695 4646
8245 7938
5749 6240
7329 7310
6354 6777
9620 9695
7861 8456
7245 7774
3495 4234
2107 2314
10153 9992
6262 6960
3585 2721
7909 8594
8494 7682
2835 3417
7785 7897
7844 8349
5222 6120
1523 1785
3002 3165
5742 5482
6381 5744
6029 6271
9418 9769
8270 9185
7489 8488
4096 4954
9415 9034
1186 1470
1575 2036
7870 8629
7966 7031
5087 4115
2860 2713
9018 9019
7597 7795
8799 8988
6417 6413
8592 8675
6327 6829
991 1316
8550 8442
5481 4852
4633 5570
8314 8106
4070 3123
2140 2830
60 54
2424 3184
9097 8822
509 1421
2287 2729
1886 1926
4472 4176
5670 5768
4757 4674
3022 3434
2566 2827
5011 5050
9282 8389
1781 1529
2900 2013
7150 6316
8803 9226
5335 5480
5858 6108
4376 4548
3285 3437
2989 2613
5085 4540
2218 1729
7007 6149
3093 3889
2265 2119
8533 8827
8101 8363
5887 6565
3983 3251
9144 9344
1225 1770
551 1265
1617 2102
3614 2772
9560 8740
98 390
8948 9227
5655 5519
99 62
4856 5040
9375 9026
89 678
6266 5575
8448 8032
7261 7657
7115 7512
5026 5653
4396 3479
6863 6063
3378 3212
5772 4884
2486 3262
5866 6321
1097 1035
4118 3961
6898 7365
3586 3186
38 931
8272 7638
7045 7299
10380 9587
32 333
10 175
4539 3670
6063 6691
10500 9561
8786 7896
5252 4928
3683 3168
54 789
362 1342
8135 8073
4753 4780
4277 3782
61 623
6566 7528
5035 4803
1288 1759
1447 1257
4219 3855
78 244
2212 1569
6942 6748
4716 4934
4714 5282
4401 5294
5481 5144
5893 5911
7747 6778
3347 2553
3826 4633
3162 2818
923 1821
9286 8358
7336 6639
5026 5778
7092 6394
66 803
7731 8443
5452 6066
2784 1888
7483 6924
5911 5599
7271 6337
2762 2548
14 801
3525 2865
9062 9774
6587 6788
2397 2940
10269 9619
873 1127
6478 6946
5989 5120
5918 6868
4462 5212
6556 7010
8511 9013
3092 3957
1264 1221
9161 9433
49 874
2852 3621
9324 8830
9568 8756
8027 7760
3929 4188
3231 3006
4550 5154
4840 4316
2436 1556
9670 9746
1780 1930
5680 5336
6110 6755
3485 3660
4505 4409
4167 4605
6867 6260
2669 2007
2715 2453
3975 4230
2774 3724
8325 7738
7896 7187
5554 6274
8877 9593
2894 2861
10708 9774
7207 8164
6889 7742
1705 1458
7802 8596
6465 6185
817 1160
81 72
9815 9129
3055 2565
7202 6420
5093 4753
6208 6347
1656 2502
5187 4911
4509 5493
2068 2942
4124 5106
7293 6398
7282 7446
8283 7942
2751 2526
9187 8220
1033 1987
5431 6035
3233 2842
682 1202
5000 4627
9764 8839
2880 3256
10589 9846
7548 7583
3506 3011
5828 6102
32 638
7177 6322
7979 7157
4437 5239
5163 4652
2726 3411
3212 2777
5318 4589
1764 2002
1367 1919
10036 9750
6408 7086
6981 7629
4701 3847
4688 4105
50 30
13 546
8355 8895
2906 3467
6199 6879
4169 4510
5322 4836
9124 9381
6922 5931
8931 8064
7238 6674
48 907
3338 2724
8385 8609
5980 6734
3725 4197
2372 3218
93 130
1681 1663
4918 5763
36 928
2020 2971
3355 2785
5519 6021
2444 1771
67 372
9649 9622
8084 8550
6562 7280
8508 9182
8854 9638
4050 3595
3491 4123
1672 1034
5106 5727
836 1227
3928 4267
1575 1356
4589 3724
7540 8288
5649 6356
8974 9417
6393 5901
2317 2158
3763 2865
7776 8175
10352 9894
6646 6574
6786 7283
6814 6995
3373 2798
7527 7510
4221 4164
3857 4802
6466 5860
1233 1209
2258 2980
2015 1430
32 756
3838 4109
9373 8958
976 1731
52 533
806 1567
7109 7455
9441 9443
95 705
5635 6489
9686 9610
4857 4267
2003 2566
7962 8868
4867 5542
10065 9222
6631 6451
8038 7506
30 1008
9209 8715
69 115
5754 6332
2954 2556
4656 5251
5690 4880
4713 4797
6001 5167
2187 1231
84 715
3295 3690
2684 3425
4061 3890
3065 2176
3808 3673
4195 3254
23 387
3339 2380
3003 3142
3652 3102
74 816
2008 1155
86 739
7450 8439
8543 9252
4696 4333
2528 1975
5091 6027
5782 6321
1814 1158
79 16
5538 4941
9141 9746
9736 9689
9013 9859
8583 8285
2346 1748
5554 5234
8887 8291
49 874
6087 5896
8294 9040
2262 1473
8092 8925
2337 2803
5072 5281
2184 1306
2396 1403
3441 3306
10278 9489
3798 3926
3005 2779
2039 2272
3170 4094
6948 7374
6385 7200
7714 8120
4213 4455
2652 2379
17 549
9415 8627
8403 9055
6502 7431
66 943
7437 8263
9948 8991
2297 2227
5806 5765
6727 6620
65 509
28 602
96 741
9509 9569
29 404
1789 1827
8330 7745
5156 4790
1648 1101
6022 6554
36 35
8250 8808
78 362
83 364
6677 6192
9139 9744
4174 3928
8616 7688
6842 5978
5886 5005
9339 8933
8979 8772
6861 6521
1292 1466
9194 9014
4677 4851
6543 6338
10168 9405
68 317
2716 3502
5874 6804
657 1573
32 631
7695 8135
12 232
90 876
3223 2604
8424 8749
7639 8191
4857 4539
10248 9941
8303 7619
7850 7957
5122 4948
7833 8647
6458 5608
5751 6590
2713 2996
10393 9992
6839 6290
2382 1676
1800 1169
2726 2475
9248 9680
3497 3512
2228 1326
1691 1989
97 354
6856 6372
717 1169
10267 9487
59 578
3810 4286
5925 5714
2121 2201
8072 8410
5495 5788
5883 6657
1555 1193
74 964
2606 3538
5126 5414
10 49
6642 7224
9350 9774
10604 9721
19 413
9860 9541
9387 8610
57 870
3985 3305
2931 3143
4296 4771
6799 7072
6298 5934
85 678
8970 8533
5262 6080
3177 3207
15 163
8324 7785
8754 9620
8440 8476
9873 9099
4715 4948
84 634
8979 8820
8904 9335
5567 5733
3658 4356
8570 8272
3190 3580
11 53
5557 5578
3919 3114
2338 1907
1865 1938
8150 8173
6581 6136
6814 6751
4584 3605
61 907
4806 4950
9342 8565
6588 6112
2877 3351
2101 1811
8683 8497
6975 6688
6327 6768
3919 4576
2623 2838
7549 8444
3909 3906
3355 2492
5230 5025
643 1453
79 501
5795 6330
9768 9237
3487 4226
3652 2815
2506 2183
2708 1772
8205 8804
9897 9707
6020 6734
4035 4679
8602 8181
3273 2774
3770 4215
985 1977
1961 1850
25 998
22 946
2077 1128
2183 2306
8064 8543
3204 2674
1813 1432
7415 6812
2892 3424
4036 3363
1401 1731
5965 6574
1492 1323
9044 8871
2887 2477
4830 4088
366 1175
2665 2404
7072 7022
8105 7504
4621 3887
8676 8737
7194 7996
7641 7672
7008 7254
1674 1930
9604 9347
8561 9020
7354 6460
7900 8096
47 263
762 1663
7399 7376
6800 7719
2916 2828
7541 7743
8991 9981
9827 8938
3392 4291
9282 9790
10571 9589
5988 5676
2283 2208
42 324
4448 4724
6581 6870
5483 5590
2559 3259
7453 7257
32 75
5240 5152
5420 5024
9272 9719
5923 5237
2635 3174
7523 7736
7783 8278
3632 4107
5947 6275
3061 2111
6853 7026
3706 4683
8582 9320
5261 5344
9988 9868
5819 6819
7422 8421
100 480
3980 4144
7189 7265
32 272
7709 6768
8110 7933
4280 5068
4190 3643
4841 5527
6933 6750
9670 9166
4148 3963
9048 9168
13 453
100 403
1940 1762
9031 9220
2326 1589
3595 4172
8209 7802
5279 5854
51 1006
8643 8592
7339 6415
3750 3498
2895 3452
9305 8808
133 1060
1957 1739
8198 7407
2604 2670
3113 2636
85 140
5947 6844
14 696
6246 6744
9170 8357
2266 1807
78 685
5661 5129
1021 1092
65 243
9620 9028
4345 5210
2101 1241
2372 2151
10526 9829
1878 2763
7842 8116
4857 4303
53 465
9028 8040
5799 6490
318 1189
5974 5513
6626 6720
7153 7932
1537 1868
3623 2986
3248 2968
7934 7129
8032 8908
4253 4522
5193 4845
53 641
933 1082
7587 8542
2614 2490
5168 5132
8228 8190
16 817
4126 3844
6709 6504
1968 2623
2887 3109
5775 5632
6120 6904
7414 7095
9700 9420
3642 3833
5710 5893
2800 3502
738 1100
8156 8172
31 227
8356 8463
5241 4332
4289 4776
83 68
6082 6984
5445 6340
5531 4907
8402 7491
8933 9414
9208 9285
34 674
7167 7180
2037 1699
5126 5154
8966 9714
2101 1111
926 1415
4976 5331
2594 3521
7808 7856
6505 7077
3615 3407
7091 6378
7637 7323
4778 4627
5570 5117
4363 5039
4292 4345
5337 6271
6696 6454
7220 7562
8992 9393
9711 9648
2776 3256
6392 7284
7042 8005
2043 1152
2145 1956
6371 6234
27 546
4312 3789
8394 8574
7179 6956
5098 5863
6442 6416
9360 9025
59 877
7894 8571
1512 1451
4140 3662
2682 2031
5154 6115
10061 9934
3813 4055
8204 7790
10072 9730
3223 3426
6045 6101
6160 5277
79 359
88 489
7797 8294
3898 3525
1548 1707
8644 8907
5960 5078
1499 1476
9228 8433
3530 2589
2923 2116
1827 2536
4326 3668
7497 8105
94 704
4792 4017
3812 2962
45 360
2390 2177
1856 1364
9037 8279
3489 4002
7670 8109
6628 6339
6394 6027
10078 9792
7529 8511
6262 6143
7334 7642
7818 8696
2409 3350
9306 8838
8036 8152
9534 9386
7865 8153
3271 2532
5221 4854
6862 7775
1001 1141
4557 4392
7332 6949
2321 1337
7802 8673
8451 8205
8568 8711
5481 5601
8218 7615
3313 2705
6341 6171
9617 9978
33 381
3873 4290
6520 6260
26 681
5024 5247
1080 1754
8867 9404
7144 8023
8628 8502
7489 7517
2884 2218
3925 4444
4071 4714
9245 9117
1001 1787
8671 8551
2786 2731
2940 3526
7731 7643
2854 2939
24 806
1916 2608
9857 9772
6220 5967
9005 8422
7527 7937
5525 6454
1350 1580
1342 1191
8324 8825
6015 5793
7606 8286
6279 5751
8234 8892
2711 2552
3945 3352
2885 3618
9560 9592
1957 2342
5618 4806
57 496
7201 7392
6877 6680
7207 8191
31 622
7419 8054
1139 1423
8737 7853
9133 9473
3755 3975
3363 3691
7707 7457
2632 3468
6368 6917
5815 5636
15 665
5354 5859
97 625
2619 1675
1130 1274
2405 3083
10772 9914
7878 8234
97 279
6531 6902
5568 4660
8805 8350
3248 2248
85 252
3667 4070
98 437
3637 3772
6419 6496
5192 5414
8866 8616
7595 7569
2655 1883
6787 7438
50 969
1707 2003
4960 5723
1732 1386
7668 7736
3062 2177
8079 8335
5930 5194
2221 1939
8221 8410
3439 2872
6642 6701
3378 2541
4461 4319
79 531
56 504
6433 7190
6501 7351
1775 2518
7143 6339
2315 2946
7110 6162
9060 9511
2150 1912
3867 4317
10331 9510
7323 7164
1817 2110
7678 7799
10272 9601
5477 5341
8310 7780
5116 4830
1370 1422
3531 2757
5967 6320
3662 3760
3021 2306
3925 2973
3443 4072
7631 8147
86 531
7528 6728
2270 2839
9742 8959
3998 3638
15 884
7440 7895
42 603
6741 6996
3894 4107
1064 1388
9011 9992
1703 2461
4510 5438
3842 2873
5664 5570
6050 5062
2653 1864
1596 1380
2551 3406
9223 8227
27 755
7743 7494
6207 6347
18 456
7159 7121
100 947
6644 5844
7906 8632
6330 5392
5500 4986
6650 6718
3876 3476
5986 6601
10610 9715
3343 3047
6656 5784
3214 4152
6941 7660
6662 7105
4549 4577
6914 7501
7334 6792
3693 2781
5342 5081
1565 2215
89 739
8956 9368
3526 4216
4799 5424
3484 3111
9816 8922
2854 3025
9122 8629
2558 2911
9129 9410
2962 2481
2776 2807
1752 1768
1293 1604
3603 2799
95 380
8785 9758
7439 6893
8447 8092
2562 2439
6490 5950
6001 5782
3381 4177
4714 3733
24 978
9025 8088
8940 9595
3465 3222
6099 5185
9674 9131
6124 6574
9204 9795
7407 8071
7995 7419
7714 7980
4545 4071
3465 3143
1240 1079
3512 3089
2119 2635
4411 4120
78 771
5433 5713
8046 8442
9723 9982
3145 3832
2574 3173
1279 1681
6808 7728
4185 4618
1681 1872
5290 6202
8956 9125
6216 6546
4296 4685
7462 7315
9538 9967
59 353
8457 7919
2702 1753
9911 9027
7320 6953
7973 8495
6123 5553
7024 7036
7025 6938
5056 5826
9657 9645
2627 2084
9710 9133
7851 7510
2589 2994
3522 3409
97 907
2121 2169
1577 1551
3960 3434
1453 1101
1907 1983
5674 4997
7797 6994
5635 4659
8351 9279
7492 8402
51 779
7394 7484
9870 9820
4774 4297
8255 8813
84 97
9659 9305
1668 2166
74 444
7152 7127
7127 6240
730 1266
4040 4495
6603 6491
2403 1826
30 276
1220 1501
8772 8157
9226 8253
3608 3500
77 290
9269 9006
3366 3492
7380 8061
6948 6864
8093 8048
8382 8912
2115 1469
100 49
24 991
7401 6633
40 248
4150 5147
5611 6247
9003 8311
5447 4739
4426 5186
38 127
7605 7322
5763 6697
5926 5681
7758 8215
1372 1818
3423 2762
7618 7745
7994 8315
1943 2226
5865 5558
6146 6191
9542 9217
3585 3962
1203 1325
1573 1042
6896 6036
4389 3723
1191 1498
6737 6663
8961 8674
5387 5637
5328 5304
6173 6553
808 1316
35 851
5063 4996
8102 8816
53 473
7021 7167
1717 2228
2642 2573
9755 9254
1593 1598
8248 9079
8858 8813
33 608
6899 5911
3941 4529
1592 2537
7136 6724
7074 6167
1872 2804
8827 8401
7447 6663
5733 5112
21 849
7600 8591
4131 3242
79 89
45 475
5024 4217
7872 6920
7198 6671
5197 5891
3467 3372
7176 7411
6944 6015
9299 9710
2761 2396
7481 7726
5466 4907
6565 6726
4881 5618
1843 2218
7851 8482
25 691
8120 8554
4255 4046
7589 7469
6216 5566
8076 9010
8698 7792
5679 4728
8199 9058
6133 6313
3915 3059
2238 2893
2070 1107
7771 8432
9117 9908
6436 5606
8926 9336
3702 4609
3950 3077
9343 8908
3033 3674
3539 2626
3298 2408
6960 6761
3695 3830
4147 3608
6970 7161
5793 5947
5540 4956
38 504
6898 6606
4323 3466
5644 6228
9393 9286
3672 3010
3833 3060
5888 5732
9382 8652
718 1323
9014 8297
2518 3393
9769 9708
693 1041
7143 6371
2227 1835
4205 4076
2982 3235
9054 9808
5448 4490
45 625
10340 9687
2308 1370
84 382
8352 7624
4529 3835
3965 3944
17 830
4479 4154
2989 2724
35 113
410 1164
8963 8044
7015 6684
9974 9483
3941 3912
6884 7186
10073 9426
8650 8483
1707 1375
2105 2134
6200 7152
1621 1882
7379 7968
3797 4656
6920 7664
8876 8897
37 698
7988 7683
9144 8602
7693 7056
77 559
3007 3892
7477 7668
6416 7161
87 606
4434 4352
2371 2311
5371 5380
4828 4315
4216 3588
7269 6916
8791 9474
9390 9098
86 568
3499 3485
3690 4317
4448 4589
3550 3492
99 765
3168 3276
7369 7441
28 496
4536 4081
6891 7682
6945 7482
1365 1671
5752 5594
6610 7427
5891 6838
10249 9985
79 604
9221 9066
6242 6739
1937 2263
8829 8694
1827 1372
8165 8132
7444 7129
19 557
4494 4120
950 1278
3954 4705
6655 6825
5465 5779
2249 2093
2836 3658
63 988
8818 9525
98 342
6985 6583
3742 4170
7823 7364
8872 8315
7092 7338
7338 6627
10039 9391
4330 4341
5653 4910
5350 5653
2704 3107
1297 1314
690 1452
2149 1227
7433 7527
4113 4294
9120 8535
2226 2092
4924 4049
7728 6981
5302 4697
7966 7912
4992 5491
4945 4193
5637 5073
9507 8993
9400 9759
2587 2422
5322 4435
8253 8888
8236 8627
5939 6844
4216 4221
5227 5077
5799 6588
4499 4115
1866 1397
5973 6089
8490 8617
7378 7588
10569 9603
4289 5167
8587 8805
9478 9822
67 379
4739 5206
3873 4258
3053 3280
7886 7669
7609 7372
9696 9241
6137 6613
2807 3739
7133 7158
1748 2219
4482 4237
6694 7066
6283 7274
3727 2902
3200 3158
3394 2592
1141 1023
3051 2787
9848 9700
2937 2530
3556 3712
4022 3407
8766 8385
652 1554
4343 3782
4228 4560
2925 2651
3374 4087
3853 4355
9703 9350
3826 4173
6911 7044
1016 2016
3364 4001
4993 5485
3008 2089
10217 9898
6148 6328
9339 9984
76 737
8480 7555
3193 3886
8414 9193
5103 4429
8771 8642
2225 1412
7736 6893
4519 5192
3461 3470
2549 2181
1942 2079
1446 2021
10499 9987
9059 9128
3119 2495
6913 6954
98 179
5453 4687
5194 4473
8433 9341
31 856
3915 4148
2905 2896
48 413
1919 2578
8687 9406
5083 5103
7227 6968
9326 9944
50 965
7923 8033
7131 6661
4944 4103
3919 3598
5900 5674
73 576
7567 7823
9344 8571
8539 8252
3407 2479
4123 4887
6381 6731
7581 8152
3921 4455
6695 7107
4522 4122
5013 4577
4232 4637
5423 5651
5257 4627
47 346
37 617
4248 3649
3728 4459
2331 3015
7735 7725
24 582
7373 7928
9157 8588
9616 8816
7478 6971
3181 2999
2382 1619
2976 2440
6804 7445
5027 5412
1922 2822
5814 6130
2484 1925
10615 9974
6013 5208
9139 9433
2805 2990
1316 2244
984 1418
7777 7300
4232 4264
7693 6884
8732 8170
6630 5742
5105 4820
8114 8697
2521 2988
48 390
6398 6002
3583 3086
10220 9519
8701 9371
6422 5709
5360 6178
5931 5872
7836 8550
3333 3685
2845 2927
4721 5543
462 1031
2601 3250
8991 8385
4952 4376
9870 9338
7115 7874
16 298
2202 1782
9943 9056
4689 5624
7238 6993
4824 4778
8219 8751
7392 6683
6167 5326
3805 2923
1808 1431
4788 5416
3747 3968
8866 9641
9500 9928
8428 7752
4286 3631
5074 4420
7488 7150
6677 5880
7240 7496
61 217
3284 3362
42 81
5423 5909
3419 4157
3334 2598
9216 9905
2132 1132
9319 8520
10029 9895
7975 7946
45 352
5016 5652
1312 1691
9358 9589
3159 3914
1029 1480
2265 1513
32 563
2806 2260
8412 8103
37 557
9632 9414
7785 8207
1871 2674
9909 9623
4620 4805
2580 3073
1263 2018
5654 4893
2932 3808
8345 8442
2881 3814
64 149
8032 7189
2818 2939
51 992
3486 3331
5644 4663
2627 3180
6186 6995
7727 7171
3948 3647
1083 1837
2238 1688
7148 7958
7630 6752
5849 6175
6337 6055
2662 3457
5019 4155
9278 9437
9549 10000
5328 4426
6943 6821
3139 3159
7909 8369
5567 5866
7906 7222
2090 1201
5950 6217
6520 5763
2249 2357
7977 7794
2280 3188
7448 7141
422 1384
4631 3893
3341 4208
2685 3624
7936 8052
8133 8135
2098 2000
9562 9582
1795 1218
4332 4298
1784 1914
5157 4527
3709 3956
45 711
9047 8167
9146 9561
4948 4928
9292 8757
10412 9813
4202 3497
2880 3837
9818 9985
1564 1657
5849 6622
8301 7605
8192 7973
3724 3380
9841 9895
4216 4997
6978 6532
9731 9306
3114 3024
5469 5803
17 315
2452 2554
5709 4858
2916 3637
5919 6177
5194 4366
5413 5991
79 900
3386 4178
4761 5217
1809 2127
4416 4450
467 1227
5009 4458
3068 2953
4291 4799
63 196
6731 5958
35 755
7761 8697
8202 7387
8146 7374
3705 3069
2751 1884
6840 7768
4519 3715
3296 3524
5104 6014
5731 5254
3088 3425
1430 1040
86 161
9102 9861
1576 2405
2708 2525
8877 9786
8192 7244
1767 1507
51 178
2878 3811
6632 6685
10456 9934
1510 1428
5764 5485
5192 4512
84 23
7750 8277
23 931
9133 9331
6338 5601
6532 6527
2347 1714
1315 1729
14 611
1296 1666
5519 5540
3910 3425
3028 2291
9877 9596
8287 9152
6056 6295
1535 2022
3326 3645
6456 6418
4599 5566
3778 3212
6883 6299
9648 9930
2746 2824
5193 4575
80 73
2460 1842
5505 6311
3391 3382
7021 6887
3076 3915
5064 4070
2156 2939
7205 6690
6815 6722
1713 2047
3265 4184
7141 8014
63 947
2433 2374
8404 8327
39 417
4076 4151
88 193
5844 6184
1191 1538
2327 3084
5577 5945
7828 7371
8816 9616
1324 1632
4048 3770
4232 3558
7858 7880
4463 5201
8767 8017
2205 2955
4538 4968
3367 4344
7119 7858
567 1153
6526 7080
7330 7953
6890 6453
5008 4787
6123 5539
7886 8262
9682 9404
8371 8580
3436 4382
7280 6839
8020 7369
19 330
12 18
4741 5631
6790 6063
3458 3058
3213 3550
2925 2567
6311 6750
7863 8851
3561 3335
7731 7283
6429 7023
5497 5790
50 162
5659 4871
5447 5097
7666 6931
7440 6808
5933 5655
1898 2513
7709 8387
45 159
3697 4606
8811 8712
4859 3978
411 1026
67 418
1991 2370
8078 8239
1381 1018
1544 2165
9058 8552
9405 8950
3064 3660
26 712
5156 5929
5869 5516
6077 5557
7535 7786
6059 5362
2788 3480
3609 4126
2235 2389
9041 8339
4126 4394
8310 8055
4945 5642
5565 5425
3600 3059
4028 4537
7030 7678
6473 6553
2451 3215
7601 6839
6998 7136
1336 2033
8388 8807
2939 2602
6882 7043
9590 9228
1608 1297
8674 8577
6130 5822
2980 2937
9796 9691
9052 8582
3024 2284
8370 7953
5847 5181
2655 1797
9605 9367
8672 8005
9338 8695
49 493
9646 9867
6825 7574
7773 8168
9052 8643
5555 5268
7908 8498
2218 2679
4787 4840
4052 3912
8210 7531
33 92
8050 7216
9787 8930
7671 8513
8889 8754
5078 4744
5572 6299
5797 5687
6153 5210
8156 9065
43 487
8380 7607
6340 6272
85 23
3613 2970
5566 5788
6512 6381
1172 1392
26 657
4713 5644
5258 5074
7170 7088
3722 4523
9127 8479
1121 1978
26 917
8848 8976
6073 6832
7605 6729
7007 7422
7577 6947
3101 3473
3279 3083
3493 2664
3226 3101
1938 1470
8991 8547
8718 7979
2971 2000
7265 6342
6284 6154
2688 2145
9198 9968
82 84
21 391
9718 9228
2517 2149
2052 1325
1977 1029
2444 2660
9544 9359
2080 1750
5348 5379
5142 4462
717 1655
4078 3765
2173 1804
6175 5878
44 280
10119 9459
64 573
822 1555
4180 3961
3890 3687
8502 8451
6318 5853
7056 7140
8944 8418
8374 8264
44 430
897 1090
4005 4215
2804 2654
4059 4319
9658 9314
8726 8056
2091 1323
10316 9359
4855 5768
3604 4495
59 714
5103 4805
2907 3744
8946 7961
2259 1586
4596 4684
4224 4314
3386 4223
39 450
9354 9298
8567 8487
6556 7296
7952 8775
5096 5111
2088 2529
831 1025
5614 4874
47 849
8524 9098
6346 7305
6424 5775
1045 1536
67 110
46 793
5036 4675
5311 4718
2074 2717
5849 5357
4533 4442
1543 1364
5096 4970
5563 5007
5781 5193
8475 9034
6950 6504
6696 7163
8631 8058
10034 9365
3769 4060
5669 6418
2474 1672
4628 4373
9140 8156
3390 2969
8191 8047
5447 4859
8514 8870
3490 2921
34 25
4580 3583
3797 3204
9466 8981
3886 3065
4463 4774
15 611
1496 1530
7492 7122
2919 2223
5771 5513
3136 3358
3702 3283
4140 4718
3789 3954
5037 4039
6933 6335
2959 2664
7724 8372
2070 2327
1778 1247
8526 7967
5931 6511
5162 4471
8642 7843
4334 5302
3519 3960
1919 1301
7398 6905
2175 3059
3749 2916
10603 9998
87 99
41 956
6471 6509
816 1247
1209 2035
4326 4397
6245 6887
5214 5330
1917 1138
5012 4554
6743 6453
3739 3141
9092 8763
5002 5684
4470 3925
8113 7817
2305 2370
97 324
3966 3964
2150 1739
6723 7595
6273 6901
5418 6153
1707 1513
9942 8988
5621 4758
7153 7554
2670 1988
6449 7342
9528 9080
1729 1109
1508 1548
5540 6517
4985 4485
7337 6653
46 891
8321 9017
5294 6045
4337 4697
1561 2373
10249 9875
10306 9728
6253 6524
6588 7553
26 28
6267 5342
7348 7154
7718 7960
9550 9865
5378 5485
1836 1184
1996 2230
10109 9653
8035 8472
7915 7978
8899 8655
3690 3527
36 179
8220 9086
41 716
28 605
7893 7279
5924 6255
6042 6064
7699 7514
5864 6815
9931 8960
9758 8813
2027 1700
4466 3802
4318 3783
4727 5430
2125 2715
6107 5186
6851 7256
59 241
3039 2498
3418 3477
4587 5304
6916 7908
4856 5073
5089 4942
6892 6466
8756 8310
7493 7798
5728 5562
7082 7356
2370 2153
5061 5752
6200 5898
7580 8497
6625 6199
6074 5252
6764 6815
7296 7422
2448 2610
6020 5434
10485 9488
1448 1098
1550 2548
5725 6126
6178 6765
6857 7092
10447 9848
60 987
6887 7375
7430 8017
4597 4034
7445 6462
9007 9221
8515 8274
73 636
7763 7884
8202 7259
37 570
6137 5902
1807 1533
26 109
8979 8893
4437 5146
3953 3690
3077 3190
5871 4978
7326 7565
6741 6262
7089 6589
7844 7060
6515 6498
8794 9633
3016 2842
3611 3909
3277 3899
4608 5152
4885 4895
3270 3242
3577 4060
4535 3904
7516 6799
3647 3228
345 1149
51 684
8745 9504
6880 6487
1845 2637
4808 3938
8091 8282
49 669
6296 5464
7684 7026
6663 6597
8850 8077
97 814
4140 4518
56 792
6329 6619
2485 1854
4670 4538
1561 2507
5801 6469
6762 5940
83 1081
1120 1388
2448 2950
4497 4259
11 889
9323 9397
8391 7399
9585 9108
3613 3824
5762 5202
2188 1393
1803 1931
37 871
9115 9880
10857 9913
2074 1370
6147 6429
3363 3989
8087 7693
5976 5213
84 1044
2905 2714
29 604
4565 4360
9515 9956
3598 4012
7168 7016
7555 7145
650 1221
2346 1872
7302 6984
7437 7884
8091 9080
63 298
8324 7389
3731 3092
7042 7321
5678 5703
6127 5793
80 895
8715 9376
4470 4160
6404 7345
17 614
8895 9095
5039 5791
3333 3792
5600 5350
10363 9997
3778 3519
4058 3889
8033 8507
4941 4573
2316 2829
6139 5207
9541 9408
2692 2815
8292 8300
8887 9540
9592 8761
5799 5916
5468 6332
1371 2334
4584 3627
36 964
3295 2955
4697 5354
8692 8791
4289 5072
15 976
4645 4120
4415 3822
9539 8556
3737 3231
7525 6779
2724 2665
7146 6179
8468 7714
7801 7417
4229 4047
10062 9735
4461 5266
6932 6290
4429 3823
8296 8491
5937 6416
4341 4208
4358 5084
100 971
6955 6025
4384 4819
46 469
68 820
4424 4030
4680 5380
8239 7938
3781 2960
4129 3710
6978 6828
75 774
2933 2328
4958 4156
4854 3954
1396 1436
6784 7768
4498 3792
33 363
3054 2974
8039 8501
23 245
1262 1241
2965 3598
5433 5575
99 274
7294 8033
2113 2567
2219 2002
9226 8307
3839 3825
6067 6495
1316 2151
4302 3794
9738 9925
1357 1738
2362 2467
10036 9537
7514 7829
5288 5859
8200 8310
2940 2768
72 541
96 730
6417 6970
8186 7661
97 633
3283 3263
9345 8869
6953 6695
25 380
4899 4651
7209 7542
10650 9899
1901 2328
8324 9306
3566 3314
8399 9229
1255 2090
6834 7622
2104 2944
2774 3313
6274 5518
3425 3705
2288 1923
6716 6419
3164 3559
2483 2369
8393 7570
4339 4832
5446 5792
547 1425
8486 9119
4490 3783
5999 5589
4135 4025
4436 3533
1883 1111
1926 1316
4091 4007
5585 6263
1806 2122
7148 7074
8334 8273
9543 9587
5905 6413
2311 3272
8652 7731
4284 4844
3481 3432
26 10
3128 3133
3821 4366
7021 6470
3553 3435
6546 7034
2496 2006
1844 2416
7062 7219
5109 6090
4157 3235
2656 2588
1656 1244
7540 7183
9306 9177
71 939
2540 2921
5156 4295
6302 5787
39 922
6833 7041
80 747
2083 3023
6099 6600
659 1395
9391 9007
1805 1739
1758 2701
10723 9986
8059 8808
9227 9891
7030 6876
3466 2912
5844 6032
5146 4611
6166 5897
2598 2994
3474 3262
1764 1973
5998 6442
7378 7845
47 186
9210 9220
7925 8401
1612 2084
2436 2526
3029 2699
963 1510
7131 7293
31 902
35 849
7971 7695
27 33
5951 5944
4677 4126
19 1000
5473 6035
8961 9162
1314 1028
9820 9770
3109 3444
82 277
3341 3221
2132 2947
8586 9115
6040 5060
5077 5241
4139 3912
3173 2958
8312 9021
6564 6892
5485 6445
9210 8495
4711 4681
9491 9647
7982 8712
5072 4334
2708 2885
6466 5661
3370 2983
3309 3320
83 465
8389 7665
1843 1938
3323 3517
5902 5769
7092 6633
2638 3618
7892 7032
3614 2935
8878 9257
1722 2687
3253 3445
1976 1101
3535 4384
4481 3615
6092 5940
1640 1871
9549 9044
5052 4819
3951 4337
6312 6838
6356 6317
10382 9944
2399 1521
5862 6795
7832 7421
74 755
4626 5444
88 749
58 718
9848 9134
5671 5200
4017 3080
5097 4637
5934 6406
2912 2073
7834 7583
90 594
6256 6415
10344 9487
4162 3857
8943 8105
5219 4615
4420 3654
4126 4598
2883 3767
7071 7644
1952 1722
58 953
7070 6429
8348 7738
6016 5099
1174 1345
9533 8620
1124 1542
1257 1643
6165 5165
2538 2224
2235 2350
8058 7595
767 1572
87 41
4402 3921
8161 9042
9757 9970
4644 4288
2319 1808
3435 4149
7192 6828
4707 5544
7905 8508
4317 4392
4997 5045
5163 5403
5315 6177
5622 5994
2172 1322
4726 5507
1411 1094
4374 3530
6182 6177
42 134
7440 7648
8982 8120
9645 9978
9182 9720
4454 4927
9402 8776
47 405
4478 4527
5611 5323
6708 6806
4605 4438
4233 4976
2095 2806
9068 9204
5503 6392
4719 3733
5933 5820
6813 5922
21 15
580 1324
2890 2833
5252 4931
8499 7521
9354 9897
7790 8029
4725 4137
9331 8963
7265 6784
9895 9218
7500 8359
2461 2570
9688 9375
7792 8696
4476 3946
4349 4017
6214 6573
4004 3017
6217 6119
9676 9381
61 442
2677 2323
6301 6172
5817 4963
5192 4578
8452 7571
3031 2305
9093 9198
4847 4217
6085 6299
67 626
2636 2404
5538 5471
47 825
47 305
4245 4290
1210 1757
9839 8888
1795 2537
685 1639
5543 6321
5051 6033
3440 3265
67 65
7430 7099
747 1335
1322 1512
8338 7781
5237 5768
3857 3457
7188 8185
1247 1611
5259 5586
9752 9703
6648 6490
3310 3433
5696 5295
7897 7016
8463 8292
8875 9585
1884 2697
1769 2525
4707 4293
1956 1472
4272 3475
6469 5586
7815 7938
1758 1513
2567 2627
2433 2650
2880 3326
8729 8288
4804 4859
8218 7247
7734 7982
2937 3138
7841 8776
8452 8319
8841 8254
7101 6750
4493 5090
10550 9920
977 1142
2305 2125
1680 1517
9348 9431
5032 5818
1772 1482
6048 6916
2974 2511
6594 6345
6549 5852
7936 7210
6770 6169
4924 4565
6192 5679
7343 7847
3650 3916
1538 2322
63 121
7307 7994
9855 9977
7041 7729
10005 9557
2078 1279
8753 8183
9127 8699
3714 4187
5887 6298
6616 6661
9600 9965
6758 6753
9174 9446
7731 6981
738 1260
4296 4905
2071 1921
1085 1248
5895 6717
3735 3507
2883 2171
6207 6861
6991 7872
4438 3956
4019 4993
1409 1226
2741 3586
6521 6762
6519 7014
8016 8380
3146 3757
7974 7905
1825 1782
2244 2844
30 276
6174 5976
9480 8940
6917 5982
5245 4687
7221 7556
1264 1210
7634 7638
1713 2340
9175 8690
4013 4370
2072 2570
2099 2477
3118 2896
6893 6647
3371 4040
4157 3432
8626 8992
10407 9609
8150 7501
8640 8412
9785 9528
9657 9346
2073 2426
4778 4004
22 871
7141 7147
2826 3695
9043 8493
3752 3915
1046 1919
7246 7631
8119 7587
7517 8396
4946 4593
1801 1965
34 699
2057 1849
2560 2020
2878 3331
9692 9006
2566 2374
3950 4298
7544 7353
7152 7996
72 385
2894 3102
3035 3205
3578 2799
7077 6919
8943 8446
8354 8353
5643 5630
5557 6364
6380 6675
8316 8497
8681 9511
5478 6241
8527 8255
2390 2714
1774 2086
4959 4061
40 987
7383 6719
5016 5378
7629 8270
10819 9964
7637 8605
3117 3278
10664 9827
2474 2350
9610 9201
2987 3542
8423 9032
9572 9698
9421 9622
7207 7844
6214 6739
8080 8542
9407 9144
10820 9955
6438 6392
4108 5036
9201 9693
5011 5543
2833 3413
3250 2255
8672 9521
8169 8445
4049 3846
4300 3795
97 151
4189 4230
7711 8425
5061 4587
2744 3566
7422 7100
541 1434
6573 7000
3462 3687
2662 3053
4094 4356
4594 5318
10168 9746
95 1008
58 432
6732 7614
6785 6914
6103 5650
10377 9545
37 863
9926 9524
8462 7648
3055 3038
8840 9460
3860 4589
5724 5744
9980 9377
3928 3592
2353 1908
6515 6612
9423 9183
4886 5245
21 807
4569 5341
4992 4288
9342 9328
7650 7919
10670 9881
9486 9313
3640 4455
7577 8071
2443 1813
87 621
5747 6119
27 247
6602 7360
7755 8341
9849 9695
3670 3948
5842 6698
8164 9057
4145 4965
8966 8171
2240 1352
6125 6460
8172 8756
5893 6499
6475 5591
2553 1946
4230 5042
4455 4883
3825 4309
69 767
4668 5072
1986 2839
5187 4406
1407 2056
5792 5141
5311 5826
56 47
1593 2136
5395 5128
6414 6589
4273 5177
6618 6678
5123 5862
7920 8755
5620 4812
9255 9220
6924 6454
7932 7502
2354 2270
5060 4262
3701 4340
8381 7727
9363 9934
5721 6350
1284 1682
8741 7995
4280 4187
8807 9131
6203 6886
7698 7428
5901 6210
3492 2553
1378 1025
9300 9647
8946 9863
2192 3133
7565 6798
3346 3875
4290 4696
10005 9101
7841 7340
61 246
7009 6793
43 435
2059 2099
5732 5118
4285 4408
13 493
3193 4049
2766 2497
3072 2831
6838 5997
6504 7049
3725 3993
7091 6849
6882 6331
5692 6494
2927 2662
2009 2733
10 372
7861 8153
2149 2073
3939 3780
6361 6522
6362 6722
6901 6086
6898 7663
67 715
8590 8356
5661 5062
2827 2783
5328 4417
5031 5093
7881 7644
8219 7958
5033 4333
7726 8349
8105 8192
3045 3566
1045 1172
3478 2783
23 556
8332 9209
1508 2476
4298 4353
1977 1240
3091 2711
5708 5664
57 578
9535 8938
217 1190
1706 2197
62 724
4689 4367
2870 3356
8598 8194
715 1386
467 1299
6055 6599
2162 1444
8843 9598
3508 4481
1694 2312
7911 8631
6760 7671
3645 3108
8200 9081
8611 8102
7658 6762
3140 3327
8213 8714
1348 1181
8712 7941
1577 1976
8029 7534
1028 1260
1902 2595
56 103
6325 5916
92 612
44 1032
1650 1475
4630 3720
5188 4386
9111 9122
6801 5866
8742 7928
1763 2286
8704 9320
55 711
7942 8738
5557 5263
9391 8607
61 388
4122 4025
2614 1942
2157 3036
9948 9463
9589 9928
4642 4753
3886 3743
5824 4832
8860 9002
484 1072
3849 3480
6072 5093
8398 9050
1063 1055
2623 1823
9568 9679
4472 4628
7468 7270
2360 1687
8033 8000
8465 8881
4736 4355
19 279
37 157
4340 5269
7009 6589
2147 1391
3821 4394
2427 3030
1806 1573
6525 7050
1816 2182
7338 7656
5468 5344
10250 9597
1850 2343
1055 1849
5860 5151
9776 9547
8426 8006
3448 4204
1655 2336
10099 9115
7561 8470
38 409
8632 8247
6969 7848
6465 5885
5317 4628
3080 3565
6334 7116
5701 5599
8574 7977
642 1433
2833 2495
7426 7660
6508 7310
4140 4213
67 282
2881 1968
3608 4384
3104 3143
5913 6094
2918 3638
8449 8758
7768 8077
9185 9428
1423 1819
811 1402
4571 4338
9021 9187
66 344
7324 8150
9024 8452
6575 7000
38 979
5365 5759
7648 8447
1617 1845
6382 6579
3047 2620
6598 6837
5150 6048
32 33
40 31
1752 1640
3050 3183
6931 7901
10864 9897
2909 2882
4423 5105
1905 1011
4985 5752
8812 9071
7726 7725
4345 4212
3819 4714
3525 3054
6236 5392
6903 7641
3293 4071
7010 6767
6796 7621
3104 3232
9537 9572
3141 2423
1421 2062
7384 8368
1396 1324
4163 4694
4994 5319
22 848
7155 6248
8838 8957
66 462
8326 8717
8642 8477
3618 3668
9807 9346
3782 3556
9034 8851
36 763
5152 4723
6130 6797
4938 5208
10399 9950
6588 7558
7612 6952
7764 7807
8147 8197
4319 4071
3945 4300
3427 3072
2534 2885
7528 6752
8725 7791
4061 4651
3067 3903
8766 8888
4121 4693
2322 2054
6634 7020
7463 7707
4999 4947
4597 4450
5924 5547
6315 6645
6313 5881
3406 3378
2269 1861
5893 5382
9839 8851
9550 9484
7735 7234
645 1366
2572 3115
60 365
2125 1668
3977 3639
2277 2662
1644 2002
3920 4592
5420 5273
2127 1217
6937 6748
7582 6989
3199 2481
723 1060
5506 4725
4708 4063
8635 8235
8164 7635
5978 5395
3479 3171
2032 1212
5824 6287
30 865
8190 7210
6044 5603
5321 5363
22 713
80 969
48 673
91 102
6708 6268
5660 6236
3634 3409
4531 4365
3443 2577
4542 4051
4448 4557
9241 8453
3470 2917
3659 2699
2999 2521
4886 4829
10351 9859
4093 4933
7513 8088
3821 3612
5416 5242
4175 3779
4649 5095
1920 2772
8325 8948
8421 8472
63 546
6586 7243
2982 2170
1718 2259
62 75
9252 8777
3379 3501
7365 7862
4448 5121
5495 6090
6521 6283
4821 4786
7210 8089
5316 5058
78 589
82 952
6094 5464
7549 7282
5414 6066
9524 9525
9558 9206
5662 5404
1853 1312
6228 7166
37 697
3622 3661
9112 8885
6912 7470
7734 8289
5990 6599
7930 8892
1563 2388
6286 6487
4123 4781
756 1542
1097 1937
8196 7905
1867 1971
8331 8547
3717 3653
8742 8754
7933 7655
4463 3684
7347 6985
5849 5725
1800 2749
3935 3102
5494 6224
3251 2305
4728 4832
9466 9942
7762 8139
4512 4081
8179 9048
3143 3745
9845 8910
4393 4562
8368 9322
5843 5080
79 905
5379 5388
4051 3794
5567 5702
3936 4870
4683 4388
1399 2163
4013 3079
3573 4375
4652 4441
6831 5975
3368 3871
79 583
2845 3070
4465 3808
6437 6917
50 113
3606 3550
1691 1131
7961 8729
10635 9866
91 790
6835 6111
4543 3789
2958 2333
4008 3376
1137 1270
5178 5963
3462 4058
9153 9438
12 334
5262 4538
2721 2457
4814 4792
2364 1976
2222 2916
33 911
2147 1504
8813 8172
1594 1615
7479 7656
8610 8110
7072 6370
2014 2503
5560 5624
9137 8233
73 796
5100 6016
87 464
22 888
1223 1734
4009 4971
1406 2180
8850 7891
8520 7829
40 530
6739 6500
3517 2574
48 878
8654 7715
5638 4688
1325 1722
1397 1455
8161 8395
6914 6231
2336 3092
9679 9238
51 365
9649 9721
2681 1809
10329 9436
1945 1759
51 295
3618 3431
7062 6284
7245 7430
3796 4471
55 79
3669 4598
12 611
6370 6257
10365 9984
7523 7448
6665 6882
8591 8112
4497 4649
7747 7139
8822 9189
6560 5953
1946 1017
7459 8203
6109 6405
10 108
2745 3522
7874 8003
28 417
8651 8828
6305 6215
5434 4958
3840 3400
3626 4318
5104 4887
9261 8449
16 826
67 372
5675 4890
5397 5285
7563 7519
7188 7497
8663 7774
1689 2367
1732 1878
17 711
9370 8597
7521 7039
8603 8969
3378 3093
7468 7663
9005 8961
9412 9510
6175 6051
3482 2993
4143 4245
7223 6792
6542 6278
9250 8837
3138 2519
3341 4311
4918 5509
5107 6090
2520 3379
1673 1452
4123 4748
9604 8963
8291 8302
79 677
5059 5242
46 917
4216 3386
4446 4362
3774 4765
9977 9766
3322 3375
2198 1412
1885 1307
3205 2571
8932 9218
8000 7681
3281 3299
8833 8506
4607 4371
1919 1721
8625 8189
89 669
3283 3396
7565 8492
2164 2647
3275 2488
8511 8888
27 474
2031 2195
7564 7989
7181 6644
5035 5512
49 464
1285 1760
3127 3677
7479 6646
10234 9950
7636 7549
4245 3713
3391 4298
4690 4962
80 750
6017 6117
5379 5504
27 834
4810 4311
83 636
8309 7700
3552 3341
6734 6784
3393 2405
4134 3272
4219 4801
5086 4757
8784 8838
8677 8753
5757 6330
4476 4046
3616 3801
5134 4450
7647 7988
5336 4775
5748 5036
6433 7390
9512 9803
46 543
1351 2182
4139 4599
33 399
2807 3153
1878 1924
7693 7758
8178 8404
7548 8363
2243 2993
2227 1571
4251 4557
1546 1392
50 967
8588 9514
5479 5106
9047 8297
8796 9531
8008 7164
5596 5275
3740 3241
3827 3959
1917 1542
9522 8831
2073 1967
9605 9867
14 939
7601 7877
1262 1343
4460 4398
99 375
3073 3697
2863 2953
10517 9631
9489 9818
2133 1452
2566 1817
3126 3508
8361 7580
3400 3279
5178 5819
5141 5427
3072 2902
1595 2259
7674 7961
44 311
6369 5792
3959 4160
88 749
7147 8000
10171 9882
5689 6315
9298 8883
3473 3195
5679 6303
2689 2553
8583 7782
9573 8689
7906 7323
7735 8659
6707 6738
7234 6838
63 548
14 731
9984 9098
1870 2684
10402 9850
6437 7069
2824 2633
7974 7319
1974 1860
972 1484
3249 2613
4558 4047
7460 7291
6390 5987
3071 3423
4543 5470
6726 6913
77 216
5942 6437
3438 4313
5412 4846
7580 7914
8447 9079
6343 6150
784 1123
8078 7669
4806 5763
714 1173
83 832
3286 4135
2929 2039
7912 7115
8943 8722
9278 8334
82 456
53 137
40 741
3314 2512
7349 6520
2801 2295
43 304
91 264
4189 3403
3590 3325
8042 8506
5547 5271
1994 2243
3200 2404
45 738
9805 9364
1618 1422
7183 7821
5158 5503
4173 4978
7538 7885
1488 1899
2739 2101
6758 6334
44 362
1762 1714
1066 1750
3978 4485
1349 2066
1037 1289
2384 2325
4667 3922
8863 8305
6702 6243
934 1373
6257 7136
6097 5293
9299 9737
62 675
8429 8474
2676 3604
5593 5848
3269 3515
10037 9200
7802 8241
6006 5964
2901 2265
2340 1727
8385 8108
1833 2471
8785 9381
9574 9202
5545 6330
2009 1374
7772 7112
2627 2705
7928 8875
9731 9751
1373 1205
9127 9702
9364 9939
9576 8710
3085 2592
7667 7847
2791 1898
6530 6741
7758 7126
7249 6666
1445 2045
7015 7440
9301 8931
8035 7383
7072 6201
93 884
517 1437
1509 1377
5555 5363
5515 4902
62 837
6119 6688
3915 3098
9594 8705
15 883
7191 6918
8277 8768
4511 3677
4580 4997
7744 7220
6197 6146
88 517
9408 9979
4386 5079
7940 7284
3028 2565
2824 2332
6427 6025
53 692
3911 4207
2675 2044
2868 2068
7600 8139
8179 7810
55 992
2782 3623
86 60
2315 2411
5794 5366
5256 5863
49 770
1959 2164
6050 6905
4804 4264
9185 9800
2032 1697
4867 5080
9011 9684
7748 7857
10067 9208
4041 4785
81 437
3996 4391
5972 5178
8961 9132
5526 4942
1610 2166
9620 9635
5114 4621
9635 8853
9680 9986
9193 9605
2288 1681
7231 7019
8063 8575
7858 8480
4114 3596
4414 4343
1900 2527
6962 6431
3818 3250
1449 1057
1044 1321
3508 3717
8243 8096
3217 2996
9949 8956
7049 7644
2744 2889
382 1230
1683 1577
3051 2882
8222 8386
4466 4910
6723 6074
56 945
8675 9123
2743 2576
1915 1819
8079 8330
6120 6206
7559 7442
8770 8970
8751 8195
7689 6932
7739 8137
8017 7406
5749 6409
4454 4339
6505 6826
9251 9433
7944 7110
751 1281
9578 9795
2244 1334
3908 3267
4959 4090
2924 2405
7101 7570
3764 4145
2396 3156
8784 8106
3019 2194
8815 9378
6729 6851
9386 8419
6336 6288
9603 9277
7525 7991
6027 6297
8052 7818
5324 4631
9207 8525
9313 9656
3643 2876
2858 3482
3160 2575
8089 7764
5381 5015
6036 6000
8420 8557
140 1039
6432 6499
4911 5835
1583 2167
2957 3923
9397 9552
8140 8500
7077 6251
6964 6803
3337 2535
3527 3963
7027 7461
1658 1040
6301 6520
4875 4389
4751 5437
6790 6028
9808 9296
9870 9149
5801 5760
3244 2510
10556 9998
3838 4008
3376 3407
7543 8204
3882 4544
10215 9365
3676 3333
9196 9389
6998 7816
1553 2429
3701 3480
5197 4313
3963 4190
10276 9287
6208 6962
3883 3144
6846 7195
6319 6328
57 618
3531 4321
9847 9396
4846 5205
2966 3383
914 1493
6590 7269
2141 1720
2770 2152
71 510
10025 9365
68 669
8916 9609
4152 3410
5598 4722
5802 5211
2279 1341
2555 2297
67 52
4653 3750
8774 9412
6430 6331
39 945
25 689
2605 1883
2397 1994
8151 8368
5244 4977
1993 2662
3409 2951
4528 3688
41 1008
3740 4287
7934 8916
5053 5048
1685 2256
3311 2994
8802 8167
4022 4251
2229 2201
7155 7301
7746 7251
983 1600
2686 2461
4889 4290
6274 6187
4743 4074
8701 9529
6828 7761
91 853
8282 8623
4638 5069
5318 5646
5301 5185
10583 9964
6317 5859
2633 2145
5549 6451
6266 6946
50 757
8951 8181
6096 6214
2682 2043
6332 6369
7763 8100
1629 1217
7700 7631
8569 9447
8496 8799
5025 5550
2967 2386
8789 9440
1181 1500
6669 6780
7608 8220
2897 2474
2118 2115
5612 5350
6398 6459
4642 3822
4110 3223
5349 5090
6685 7069
3166 3732
3468 2944
5736 5209
5825 6279
1267 1253
8602 9298
4536 4916
4734 4929
5035 4244
32 483
9564 9535
7995 7091
7173 8172
4717 4676
6726 6701
73 101
1467 1388
2553 2933
3938 3921
7205 6958
4337 4118
2662 2393
5283 4955
3190 2731
1202 2147
1140 2134
4446 3687
4208 4635
8488 8589
9819 9305
6279 6935
10836 9981
6894 7449
1381 2159
1446 1377
5266 4722
2040 1181
1798 1882
8283 8633
4847 5675
4211 4155
7011 7094
8803 9274
5237 4800
1360 2154
7549 7438
2529 3242
7929 8306
3421 3451
9327 8514
7403 8380
4884 5683
6308 6862
9140 8193
9487 9621
5203 5864
4049 4826
7807 8387
4080 3825
6441 5844
1183 1714
10009 9198
5136 5462
1510 1671
8083 7612
7084 6564
8866 9511
3563 2811
77 169
8645 9154
6974 7283
4624 3947
10001 9190
4746 4504
4492 4729
8894 8859
5764 4765
2632 3244
5716 5493
8298 9184
9511 9934
39 173
86 764
5026 5682
8670 8093
2685 2323
6050 5826
6260 7107
10 143
5166 4934
34 31
752 1560
73 929
6208 6981
6549 6933
7151 7800
75 890
2227 2113
8664 8161
8266 7629
9591 9040
4029 3935
266 1054
3220 2509
9039 8677
3216 3441
4654 4398
1875 2826
10045 9879
1083 2049
4453 4629
2881 3039
77 548
945 1839
4154 3717
10132 9519
3783 3273
8104 7611
10817 9991
2926 2079
5491 4891
61 574
55 682
1852 1592
4384 3844
9558 9671
3397 2406
2843 2274
50 537
4492 3711
3268 4246
41 530
8822 8140
6000 6941
6498 7493
9195 9273
4156 3991
4985 5106
5277 4904
9517 9453
6142 6865
3324 3384
21 660
1631 2094
33 460
7331 7106
7606 7925
9282 8614
48 333
8756 7854
59 151
9417 9657
3823 3972
2210 1440
7448 7022
2495 2043
8652 8455
299 1211
2979 2926
9283 9747
1826 2402
3664 4226
5949 6845
7410 7839
19 38
7980 8320
5392 5617
2908 3149
6746 6000
8749 9013
3321 4009
6601 6708
5974 5277
8909 8688
12 991
3859 3724
2282 2731
5938 5307
5701 4994
1302 1412
9736 9571
8548 8424
3998 3173
10448 9661
9522 9908
6057 6897
2527 1603
1407 1074
1218 1076
6703 6691
4314 4173
4047 4405
1144 1522
8819 9416
6824 5878
4191 4317
909 1846
8202 7714
3263 3261
10016 9872
2860 3643
5354 5351
1514 2323
3700 2922
6953 7542
5474 5929
9648 9422
2076 2728
4228 3533
4319 4228
9717 9267
8124 7384
2621 2296
7018 6820
10432 9579
1194 1663
1849 2326
5588 5542
5735 6088
11 797
9488 8788
4889 5509
5035 4191
7099 6699
52 804
6342 7295
2938 2006
6544 6724
7631 8033
8316 7318
8729 7817
781 1219
2397 2104
1527 2209
51 38
6979 6977
5422 5165
8252 7969
7746 7790
9174 8541
5007 5089
7577 6806
9048 9469
9038 8658
2936 2074
2476 1893
4567 4384
74 81
8636 9039
5504 5622
2929 2054
1100 2076
5481 5829
6499 7146
4489 4018
95 647
3269 3328
10305 9978
2918 3840
1577 1229
2156 1981
1403 1303
8384 9078
9247 8869
8581 8656
5833 5123
3231 2664
5045 5124
6915 7554
1530 2516
4666 5107
52 411
4526 4830
6255 5646
3263 3449
8583 8572
5329 5204
7899 8482
4761 4714
2143 2548
8337 9132
5948 6579
2118 1249
5577 5222
9750 9983
21 457
3180 2495
7243 6615
7048 7657
6461 6616
9735 9710
6766 6496
2529 3123
4337 3695
1568 1838
8058 7175
9222 9621
9066 8246
1839 2324
5393 6133
69 382
2427 1610
6006 6928
638 1231
7897 8742
6972 7243
9257 9177
8846 8338
4333 4268
7193 6301
2312 2776
3862 3404
4577 4766
2321 3239
3091 2556
4931 4553
8622 9237
42 838
6190 5300
45 32
8532 7600
4717 4727
8389 8209
3871 4499
6756 6099
2032 2424
450 1167
3789 3403
1195 1640
5082 5682
7556 8473
10 21
2458 2650
7261 7116
1617 2516
5324 5291
85 471
8601 9499
3653 4394
6080 6755
7118 7198
7656 8497
462 1168
3096 2274
457 1229
4202 3321
8871 9091
8150 8641
5933 5534
4822 5700
69 859
2734 2144
5713 4856
2536 2478
7580 7488
6085 5427
4616 4812
6268 6770
7769 7501
2697 1707
4261 4824
2002 2887
5974 6626
9663 8784
5934 5677
9496 9503
3316 3034
3703 4052
3246 4152
3701 3176
7330 7332
5807 6680
7534 6565
8108 8979
1784 1539
2631 2261
1564 1368
5590 5639
6750 7281
4612 5296
2548 1632
1445 1816
5852 6041
1280 1273
5549 6291
9876 9410
804 1100
3935 4292
93 282
12 321
3069 2433
7483 7444
7017 6890
1094 1991
3613 3355
7866 7592
4230 4349
7323 6961
1420 1071
1886 1983
3536 3879
4198 4171
35 553
2728 2003
6968 6535
9863 9828
5701 4980
6537 6017
7608 7876
8886 9675
7928 8892
9599 8815
9783 9659
100 297
3386 3073
1876 2281
1384 1379
4422 4131
3455 3500
9234 8306
1421 2080
3869 3364
7412 8052
24 480
5463 5605
10261 9392
4852 5750
9318 8977
7096 6425
4708 4757
9289 9755
5267 5621
54 360
2323 1893
4045 3260
62 664
9378 8606
5063 5460
6119 5491
4569 4934
8386 8908
5537 5537
7272 7699
7115 6915
7110 7208
2512 2801
3092 3662
2261 1978
6165 6242
78 698
6652 6785
3989 4757
3982 4456
5736 4785
5544 6429
91 658
8999 8450
4026 4509
47 293
7129 7553
5727 5034
4002 4978
5024 4349
3892 4417
7796 8446
10381 9777
2060 2649
2803 2866
1941 2101
3224 2377
1531 2190
73 555
35 117
5088 5649
10397 9769
2227 2734
9845 9516
4889 4976
1018 1242
2719 3583
8008 8645
2334 1464
6046 5588
2068 1481
6226 6166
2486 2893
41 384
8052 8585
6338 5574
3933 3850
1234 2109
6899 5985
3211 2362
7798 8212
9593 9647
9068 8982
5992 5878
94 1004
7156 7267
1630 1383
2594 1826
771 1223
6038 5524
4331 4597
5716 4944
5251 5101
3990 3896
9521 9430
4183 4781
4002 3303
5533 4712
2593 1915
3734 4669
3340 2877
7493 6989
8245 8569
7364 6540
2166 2214
51 322
7932 7863
8391 8417
6317 6906
8435 8065
38 412
7680 7816
95 933
48 961
6786 6414
2976 3516
4721 5699
1170 1498
4240 3910
2836 3418
9386 8916
10573 9618
8894 9732
5054 4706
2635 3514
9397 9431
4606 5416
4267 4935
7479 6806
8880 8493
2233 2717
8509 8508
4767 4580
1125 2073
1495 1555
3631 3348
9963 9690
775 1630
1259 1530
8812 8771
7082 7835
3825 2869
5245 5643
2145 1324
8067 7642
87 340
7881 7931
6781 7116
9789 8862
9532 9470
3516 2702
426 1053
9597 9559
6465 6946
2093 1180
5631 6090
3518 3702
6733 7328
7040 6453
9545 9290
29 738
3255 3523
3454 2818
7126 6410
7603 8249
678 1230
4615 4460
3244 3862
3298 3046
10437 9663
9866 9231
3405 4306
7916 8333
71 144
4687 4414
3823 3672
2350 2882
9111 8156
6092 6231
8007 7463
9209 8551
6366 6036
5530 5099
5778 6549
3599 4149
7126 7721
7722 7600
3084 3868
2926 3265
3847 4572
42 63
4866 4988
2043 1584
4432 3993
1331 1220
1138 1651
6899 6183
2620 2985
7585 8104
10785 9828
44 408
8774 9481
8310 9090
7327 7152
7851 8127
3643 3882
2679 2372
4031 3572
970 1130
2029 1841
7659 6779
5297 4747
3406 3003
8660 8812
5702 5391
559 1358
2785 1995
5027 4911
7237 7973
7957 8172
2662 2197
8180 8734
7131 6258
7487 8210
41 881
74 811
3493 3518
7829 8171
9360 8462
3009 2757
822 1374
9564 9295
611 1476
39 867
2713 3557
10122 9851
3022 2031
8686 9187
4157 4650
2366 2214
8396 9273
4355 4131
4719 4132
8002 8216
5933 5175
9812 9384
26 458
7992 8794
4049 5042
8710 8170
7178 7489
7011 6320
9317 9575
9366 9304
3734 2933
5445 6374
6630 6765
9456 8952
7650 8063
6352 5411
7857 8138
8904 9399
2312 2471
10105 9152
2208 2165
328 1156
3345 3525
6988 7420
9289 8410
5578 6535
1066 1498
4034 3885
10217 9254
7544 8383
7091 6126
4841 3871
6318 6314
63 935
7494 7311
2106 2833
7420 8419
10084 9280
4384 4433
55 678
2882 2089
2720 2511
1546 1275
9426 9031
2501 2571
9833 8988
5503 4833
4963 4141
3202 4073
19 660
9761 9287
4350 3933
4701 4512
528 1226
3002 3877
1375 1844
5840 6058
6809 7415
6488 6317
10481 9760
7788 7871
85 300
5491 6316
5911 6745
170 1115
4044 3080
3237 2252
8101 7589
1445 1571
7790 8690
5239 6126
5159 4572
2473 2943
3863 4161
1295 2089
4272 3778
2803 2870
7043 7736
3186 2629
7513 7270
6793 6241
77 907
2895 3095
9300 9052
8972 8359
3743 4695
9160 8163
1988 1061
5691 5548
8205 7871
3450 3265
5333 4932
4878 4658
8524 7859
8830 8374
37 881
1252 1925
4585 4402
3796 4416
1621 2160
1087 1289
5300 5785
3413 3375
7786 8051
59 1008
6327 5570
72 840
6524 7353
9565 9253
5921 6751
5459 4786
4737 4921
5476 5635
6990 7482
7576 6771
1453 1741
7839 7449
2473 1944
7411 8015
7339 7144
8958 8368
2114 2605
7784 7036
5343 5803
4932 4682
6108 5835
7864 7104
2046 1214
7014 7778
5385 4965
2533 2511
7264 6516
35 166
20 411
7822 6862
8352 8782
714 1193
70 334
2031 2782
7869 8750
7082 6217
2730 3078
8340 8851
7180 7122
10313 9773
7115 6360
5951 5834
8383 8146
8484 8834
72 247
4397 4096
8430 7901
5107 5319
7296 7224
3831 4725
8965 9437
5200 6186
9182 9889
30 604
10751 9848
6207 6229
9190 8767
6422 6004
1916 1529
4819 4509
78 654
2265 2588
857 1776
3109 3963
8876 8843
2766 3502
5840 4970
8619 8693
4118 4357
2176 2946
8750 9180
9697 9589
7321 7361
2846 3746
65 52
5308 5055
7019 6793
9902 9406
22 637
8567 8725
90 672
549 1434
3674 3274
5243 6144
5904 6002
8670 8951
8523 8844
4757 3797
2208 3178
5771 5613
6666 7270
9839 9321
8148 9004
6190 6027
5976 6975
90 704
22 103
5887 5743
3945 3711
2119 2056
1044 1371
3587 2799
1708 2639
9138 8320
5959 5096
43 582
20 978
6195 6909
58 548
4124 4921
6469 5489
8695 7835
4483 5133
2120 1935
8081 7803
2366 1983
5842 4955
2333 2580
5001 4381
7085 6312
8205 7566
4387 3987
51 335
4023 3223
4243 3337
5359 4574
6676 7635
5631 4851
5728 6579
6612 5638
14 330
1292 1356
6865 7834
8517 7662
9963 9405
4670 3868
6837 7814
5204 4806
6933 6742
47 559
7269 6858
3808 4182
6941 7054
4329 4048
19 170
1535 1446
1042 1463
3031 2998
2912 2079
4032 4530
8030 8478
5749 6095
8258 9033
2777 1976
1976 1076
2750 3623
6084 5442
9035 9389
76 366
8814 9069
6761 7419
5250 5949
2542 1940
4500 4538
5799 5834
13 193
3148 3955
9733 9782
55 331
18 502
2747 3510
1253 1974
6620 6571
8115 8531
1209 1992
8079 8088
5857 5904
7985 7332
4482 5348
4857 4826
8533 8153
7121 7496
8104 7348
3432 2949
7400 7749
57 145
7927 7873
4005 4239
6790 6392
4060 3199
9079 8266
5133 4231
87 674
4415 4797
1853 2690
4839 5742
12 93
3723 3942
9322 8855
3542 3519
2604 1711
8853 8024
8999 8048
47 981
8968 8549
24 950
2025 1658
3879 3891
7033 7869
5601 5819
4721 4872
10144 9915
9142 8823
5344 5960
3161 4106
8684 8146
62 1008
1553 1414
2086 1848
8533 9350
3137 3351
7198 7838
7016 6631
5601 4828
8421 8384
3306 4294
1759 1891
5031 5968
6353 6627
87 501
5755 5581
7886 8153
9328 9521
5595 6498
8429 8817
7311 8214
2725 3689
1980 2258
2904 2627
10351 9904
6431 6220
8108 8060
6756 6043
3577 3689
9243 8562
26 338
9470 9852
2893 2727
6433 7365
97 922
6469 6147
17 629
6589 5853
2104 3023
4516 3685
4630 4359
7030 7267
7875 8369
5899 6152
98 442
54 709
7750 8054
4296 4263
9116 9020
1887 2485
98 354
5888 6598
1167 1317
2859 3597
2991 3135
3552 4363
4659 4730
2103 1851
10048 9411
7505 8153
5254 5791
8532 8404
5732 6121
6435 5917
9321 9885
4955 4423
73 714
7360 7915
7502 8182
8982 8319
5071 5188
327 1195
22 257
1969 1037
854 1200
3209 3102
7342 8204
1857 1609
9559 9831
3239 3243
5155 5704
2243 3205
3969 4207
3986 3052
24 765
6532 7043
3549 4008
8280 7825
9335 9901
3105 3073
5040 4936
2620 3007
4997 4616
65 359
3266 2374
2573 2411
3416 3854
1521 1439
9428 8791
6657 6322
6732 6514
5764 5297
1536 2194
8545 7547
2462 2998
5292 6154
1763 1899
6106 5819
8856 9680
51 781
8189 8736
5518 6438
40 963
4503 4670
10491 9800
2444 2667
10112 9999
2336 2261
2778 3217
4047 3645
2087 1622
4720 5425
21 934
4372 4291
76 445
3661 3995
6327 6044
5726 5677
5413 5136
3390 2914
7750 8651
9155 8692
1496 2457
7790 8061
68 305
2957 3058
4338 4750
3740 3830
9933 9719
1861 2844
7460 8205
3737 4598
71 352
9133 9939
4750 5586
6867 7774
7649 7640
1859 1647
10003 9019
5707 5944
7209 7794
8617 7823
8631 9139
10001 9713
9546 9158
4496 3934
89 404
9285 8966
4593 4750
5096 4148
1310 1249
1432 1622
8548 8372
4432 4547
7145 8022
55 814
950 1183
8950 8145
8652 7707
7935 7619
8995 8393
9328 9997
7052 7448
1578 1979
6447 5800
6252 5531
9277 9960
8950 8420
3734 3924
2532 3017
1749 1815
6858 7063
5969 6495
1783 1778
6885 7170
6747 6186
9948 9023
3473 2487
2582 1890
5256 5991
10461 9539
3877 4760
8012 8290
99 720
2692 3333
48 510
1571 2563
1828 1663
4134 4830
6931 7009
5590 4879
7355 7198
8337 7371
3171 3580
5910 5256
5820 5449
10531 9660
28 42
3463 3373
725 1275
8099 8274
4206 3910
87 737
1119 2114
6269 6680
9115 9859
6521 5954
6551 5721
13 798
9485 8794
90 419
2824 2290
2068 2324
6229 6848
7868 7589
9889 9115
8777 8750
8305 7797
7784 7900
4739 5715
6036 5100
6193 6073
3084 3527
7028 7700
8811 8154
8955 8344
3224 3610
5605 5266
6741 6790
1079 1725
2509 1704
7747 8300
4264 5209
10589 9924
2353 1410
4282 3308
89 329
2046 1456
7180 6236
8405 8827
1014 1862
5663 5615
2078 1896
2041 2909
7481 7881
8734 8362
2023 1302
7325 7868
464 1367
6924 6976
9614 9021
9135 8690
61 867
2818 3671
7097 6181
7069 7205
3586 4440
2286 1891
4818 5682
1205 1082
9867 9042
9751 9789
9239 9442
7281 7331
5312 5189
170 1087
7513 7441
1918 1833
2568 1915
3357 3067
2234 3142
5822 4839
1576 1392
7297 7233
8449 9391
97 120
6088 5190
3185 3561
7983 7028
9715 9501
83 34
1321 2278
4060 4076
8028 8219
5904 5514
2391 2796
9594 9971
8809 8635
91 558
8019 8615
3861 4030
2456 2578
2698 2298
7863 7273
2658 2991
6825 6101
7636 7505
5384 6061
1395 1755
5159 4539
9816 9456
9645 9411
5488 4655
3024 3835
4254 4560
4411 4216
5523 5369
3234 3988
6039 6743
2366 3312
2903 2970
6121 6803
2377 2209
6756 6647
2500 2254
5211 5670
7284 7108
8745 8362
5987 5025
5656 6594
7734 8464
3949 4122
5752 5698
2666 3228
5237 4836
10106 9570
2293 1750
6686 7481
40 83
4503 4496
8992 8127
1305 1959
8737 9712
2192 1478
1303 1180
4353 4057
4151 3749
4745 5324
7147 6776
10491 9737
2923 2358
70 999
6183 6481
3196 3127
8591 8788
3639 3041
4228 3849
7229 7001
6944 7699
2233 2990
6553 6197
3063 2906
2196 2630
7924 7432
3745 4303
7066 6852
3924 3255
3053 2621
2784 2377
5901 5872
4988 4473
37 142
8678 9363
9795 8795
5382 6066
3583 4040
3280 3931
9167 8817
2608 2657
8913 8278
9423 9363
2688 2229
3969 4509
10210 9266
65 912
6066 5508
8611 9243
4248 4148
3237 2562
1299 1659
6516 6364
3323 4003
7509 7368
2547 3504
7975 7112
8912 8121
7472 6524
3286 2512
9909 9909
8019 7313
25 188
9942 9075
6672 5838
6693 5976
4833 5084
7354 7086
98 154
4564 5239
1585 2041
6438 6842
1739 2549
2655 2244
9631 9379
9973 9721
4558 5058
72 360
5885 5154
4793 4728
8917 9757
3428 3908
8175 8532
49 989
64 783
8226 7653
2025 2849
5249 4877
6201 6200
5087 6005
1139 1823
4670 4586
4903 5309
4979 5606
7420 6587
63 757
8138 9045
13 949
3566 4300
5522 5389
9749 9254
64 631
7197 8132
3594 3998
1205 1617
1826 2248
8371 9286
45 351
6280 6766
8294 8633
64 438
8884 8728
1592 2007
30 701
4318 3683
2080 1529
21 191
2493 2822
7988 8365
2983 3137
4239 4881
1470 1716
8448 8901
7328 7075
75 441
2789 2397
789 1352
9280 9942
92 115
3131 3587
8045 8640
9648 9865
4592 4421
5202 4805
4076 4139
4859 4857
841 1601
1531 1740
4833 5640
3194 2831
99 851
4604 4135
5731 5030
8605 8700
2159 2709
5606 6169
7728 6765
1502 2451
5642 6142
8063 7088
3597 3546
3119 2341
1063 1047
5578 4745
3033 2769
2866 3163
9367 8534
1653 2568
9963 9625
4250 4776
8949 8046
2857 2615
2489 2844
5104 5042
3146 4054
6809 6541
8465 8660
93 948
4445 4004
43 828
4242 5165
3612 3780
6999 6966
1932 1250
1560 1775
5081 4112
5034 4271
10423 9651
9812 9960
5746 5887
5072 4739
4656 5472
4868 5453
1065 1761
7681 7589
1010 1410
3119 3418
2250 1976
5826 5889
88 417
10811 9924
1907 2672
3314 4151
5491 5518
9411 9407
8129 8833
7152 7384
7418 7111
1507 1668
7374 8154
441 1168
43 188
7118 6483
4168 4719
8772 9563
3150 3081
8596 9017
1358 2298
3153 2641
8243 8026
8180 8821
6628 6779
2024 1230
2347 3031
8667 7753
3192 3150
4139 3758
8206 7671
7809 6914
752 1309
7914 8214
6715 7289
1937 2144
4621 4667
4180 3416
6932 7638
3158 2465
1262 2012
33 914
6020 5154
4237 4702
31 973
3588 3395
9596 9982
7266 7677
6587 6032
6333 5566
6490 7030
4937 5866
6707 7603
3921 3578
4182 3850
5490 4650
7528 8411
10567 9590
5388 5901
4887 5156
3049 2489
6546 6116
5152 4181
1504 1703
5192 4965
9927 9643
2826 2907
3008 2118
3107 3288
7457 8276
9260 9342
9834 9506
5370 5861
9498 8499
8050 8445
5222 4591
61 501
92 984
6451 5810
4754 3794
8949 8963
5779 5884
3255 2277
7281 6416
1338 2097
83 379
1974 2511
907 1306
3266 2840
2111 1516
4016 3132
10468 9809
6396 7114
50 136
1982 2707
1841 2170
3283 2678
6069 6589
9535 9311
5164 5362
7669 7001
68 101
1348 1507
3996 4893
6088 6811
6388 5939
6428 6725
9847 9982
7369 6783
8617 9572
5581 5790
2777 3224
6506 6409
3994 4181
9415 8796
6859 6739
7296 8175
4749 4022
12 153
8918 9599
4259 4156
7580 7577
5086 5388
894 1838
7989 7579
5579 5868
7832 8143
7795 7020
4381 5235
3496 4416
1959 1356
6360 6733
8129 7828
318 1314
7244 8150
5081 5228
1484 1319
37 504
47 540
66 399
88 761
6520 5920
33 206
4019 4101
3231 3899
1593 1511
1751 1320
4668 4705
7678 7256
6675 6408
8907 9172
7407 7798
8368 9209
49 462
6323 5579
6224 6385
75 449
5228 6205
4485 4005
8424 8568
7060 7098
4389 4770
5110 5909
4559 3565
1920 2059
3671 3814
5639 6626
7681 7651
7961 8255
5113 4538
8983 9393
4860 4941
5476 5919
1934 2072
3300 2419
5955 5837
51 456
5754 5384
4804 5080
8048 7612
10297 9334
3520 2721
8392 8670
2317 2548
53 517
6998 7736
2493 2970
7076 7324
1211 1371
5753 5826
1653 2107
8121 8934
3850 3216
8795 9720
4420 5062
4473 5252
6919 6086
6741 6106
8518 8592
1539 1614
9412 8741
2472 3329
6715 7398
56 596
7455 7243
9686 8918
33 114
6093 7066
7001 7612
8569 7958
5442 4806
71 44
2886 2381
1582 2265
9584 9813
7513 8193
5239 5617
62 939
8498 9091
8405 7635
5808 4963
5069 5572
70 358
5049 4343
2518 2847
4367 5167
2061 1815
1147 1174
8144 7755
5490 5511
9144 8652
2931 2565
4487 4015
98 776
1599 1545
3371 4302
8422 7567
2119 1939
3985 4626
4502 4066
2982 3806
7841 7656
6180 6531
1794 1044
24 821
4283 4794
3318 3113
2148 2747
5284 5449
2447 3158
8589 9184
2632 3036
5758 6476
5406 5352
4900 4057
1065 1886
5225 4273
3507 3879
2468 2851
3456 3258
6003 6333
9638 9712
2606 1998
3949 3688
600 1364
4627 3788
75 404
10035 9480
10315 9506
7311 6780
1821 2677
7820 7755
4215 4542
4981 4998
9728 9843
5749 5342
4767 5547
9717 9495
3985 3729
7274 7252
94 963
3124 2773
2387 2069
2291 3057
2543 2160
6793 6346
2649 1919
4118 4335
3409 3603
3976 4529
9727 8985
8729 8602
3135 3744
2078 1663
4927 4692
2067 1266
3808 3960
954 1162
2573 3360
7844 7697
5022 4894
5791 6649
6330 5616
6721 5886
6127 5315
6653 5984
5886 5834
7643 7304
1413 2250
8956 9184
8763 9290
2861 3152
10292 9928
20 575
2146 2688
5346 6036
6078 6275
2213 2346
5800 5022
8985 8083
4210 5060
8586 9004
4990 5272
2913 2509
2387 3151
6462 6908
6074 6400
9870 9925
5569 6174
8223 9009
9264 8883
3092 3895
5607 6380
3550 3651
5672 6271
5117 5573
37 452
456 1023
5722 6690
9408 9119
3172 4072
1629 1464
9009 8112
2375 1651
16 153
1995 2165
5866 6270
5845 6424
10235 9295
2991 3187
8123 8156
49 677
5761 5545
3308 2424
5758 5781
2171 2519
4217 3271
2611 1751
7723 6723
5186 5218
4500 4356
1746 1019
4950 5643
2500 3334
1596 1343
8888 9480
3514 4094
9261 9782
2874 1903
1544 1378
7592 8364
6757 6625
3573 2808
3337 3512
960 1118
1473 1841
8986 9892
53 406
4913 4859
6380 7305
4286 5208
6564 7416
5347 5175
7069 6707
9476 8505
4314 4961
4296 3303
1502 1904
8008 8809
6152 5762
3758 4422
5556 5720
1266 2257
3752 4467
4827 4817
6884 6972
3837 4837
43 94
11 340
4229 3708
7910 8627
2634 3585
4680 5542
5546 6172
1600 1724
7324 7427
6749 7140
3736 4308
9493 9124
9921 9114
2603 2049
4702 4165
6146 5358
9021 8591
6827 7114
8102 8018
36 964
5954 6558
4305 3639
12 597
43 46
5137 4469
7215 6294
8976 8698
7167 7839
5925 4946
3721 2998
64 704
9411 8820
10338 9829
2353 1931
3704 4606
6702 6809
7193 6673
4483 3581
4199 3407
5506 5736
3358 3380
8087 7598
1979 1081
5848 5586
7630 7246
1603 1281
4995 4489
1004 1132
1507 1745
4625 3692
4842 5251
12 784
3286 2844
9238 8661
6569 6813
5247 4731
6702 6295
4691 5015
3656 3354
7867 8295
6348 7145
8609 8288
1236 1364
875 1293
1914 1352
7062 6418
8428 7436
4771 4857
7597 8112
8620 8353
27 844
8537 8770
2261 1763
6000 5357
8429 9116
3465 2580
10887 9980
5479 5245
2424 2381
59 854
6025 6579
1655 1037
6137 5616
7681 7567
2461 1956
6524 5528
8358 8163
9134 9323
6855 7223
5013 4432
5775 5318
7315 6572
8918 8815
8998 8902
5327 4610
8180 8997
8022 7351
1518 1927
2158 3130
5161 5706
7042 6974
3850 4788
818 1666
95 192
2472 2486
2950 3753
5687 6686
6990 7649
9411 9776
5225 5137
7646 7863
2782 1879
4952 5474
2835 3322
6326 5812
8915 9490
6975 7539
2315 1490
5732 5145
5814 5374
8481 7497
8459 9443
756 1615
100 67
4227 5162
1641 1710
941 1703
4737 4424
7505 7892
2676 3071
2879 2016
7917 7388
7929 8327
1594 1635
3870 4078
3130 2558
39 436
8885 8342
2163 2333
4648 4147
3841 4746
28 373
7034 6456
1368 1446
6123 6100
5524 4603
5833 4922
4899 5475
2553 3446
7375 7276
6679 6359
2062 2835
8701 8735
9939 9538
3756 4686
16 259
3995 4063
6385 6935
6147 6088
8789 9109
7704 7894
6366 6107
8573 8271
5974 6743
9162 9739
4799 5777
8467 9391
3632 3861
2575 2714
5749 6650
4532 3610
96 544
7999 7494
4613 4940
1596 2022
1760 1792
5350 5296
2486 1574
6894 7872
9424 9052
8986 9860
10571 9669
6944 7057
2723 1853
2064 2970
64 750
9002 9049
5702 6035
8538 8596
51 437
8407 8761
78 930
82 189
6861 6238
6010 5889
10212 9783
5641 6292
3005 3247
2516 3218
3113 2411
1923 2845
4536 4581
7229 7986
3920 4349
3954 3559
5909 5832
5656 5678
7750 6787
6457 6200
3673 2888
4827 5651
5441 5526
40 316
2072 1704
5892 6876
9382 8668
9049 8721
2094 1733
9364 8369
8857 9857
7340 8068
3638 3792
4761 4051
2854 1896
9171 8243
2673 3363
2479 3397
8859 9509
3947 3040
6149 6584
7224 7782
6435 6181
6943 6078
2250 1460
658 1341
8725 8058
48 547
53 865
7885 7966
19 353
2912 1984
5786 4953
4340 5048
772 1089
5232 4610
7630 8585
34 291
7557 6600
10035 9611
8270 8887
2223 1807
3012 2867
6737 5778
23 942
86 183
5321 5167
1174 1475
9356 9669
10018 9129
3394 2999
5666 4992
1843 1621
35 425
4690 4183
7596 7199
7833 7862
1990 1434
8038 7810
9051 9840
8727 9257
3501 3104
9596 9367
5672 5629
6711 6167
32 843
8234 8071
7196 6286
5419 4526
1173 1580
7371 7309
2576 2713
6148 5952
2938 3512
2260 3167
4043 3942
4138 4811
5251 6210
4133 3711
2717 2203
6959 7950
8669 9555
4757 4725
8420 8663
3469 4392
1140 1857
1551 2143
5994 6815
3870 4531
69 260
4107 5032
89 620
4181 4135
68 430
9721 9054
7147 7100
3163 2925
7694 7427
69 686
5368 5803
5464 5176
5829 5421
10355 9545
6163 7013
1544 2347
7685 7292
6819 7434
15 902
4269 4386
2086 1966
66 659
3471 3028
434 1139
4921 5106
35 140
5181 4218
5806 6114
3715 4038
3261 2562
7934 8348
7503 8303
3078 2955
7224 8054
3352 3342
5667 6050
72 189
1803 2109
3749 4670
5278 6105
4122 4992
5233 5960
5720 6352
4541 5158
2518 1548
5786 6545
3140 3222
77 114
1304 1230
4802 4757
2388 1947
77 188
4752 4370
4429 4918
7069 8035
5061 4817
1373 1153
8508 8746
6550 6152
8466 8673
7343 8311
3697 2773
6311 6659
4239 4458
6113 6460
5218 5445
5789 5758
5508 5675
2197 3087
6802 7779
4461 4381
9170 8282
75 919
2223 2127
10531 9824
1765 2495
470 1396
1052 1382
5887 6410
2324 2911
26 68
8474 8362
1975 2883
56 173
7693 8384
6741 6804
79 554
5668 5724
5115 5563
4653 4569
2308 2139
87 197
45 44
10294 9852
1905 1626
5111 5576
7936 7591
7586 7093
5362 5925
3658 4243
8583 8077
35 59
4345 4683
4791 4611
13 167
3734 4473
7654 6900
9700 9127
3902 4791
8357 9334
5496 5606
7500 7029
2262 2396
4937 5497
31 631
1357 1359
3957 3998
1968 2773
7603 7277
7793 8334
3472 3992
14 943
6911 6130
3432 3727
702 1651
8102 9056
71 536
3202 3388
3711 3584
904 1739
1887 1747
11 478
74 231
3086 2417
3914 3120
7514 6614
7712 7632
9280 8782
100 764
8604 8230
5658 5525
40 484
10136 9982
1769 1224
4068 3867
5164 4689
3977 4234
5213 5720
3824 2906
7346 8243
5507 6394
86 912
5442 5856
97 248
5234 4566
4490 5408
8767 8498
9760 9194
9799 9017
2796 2954
1074 1484
6008 6684
6757 7690
6020 6456
7294 6457
7450 6478
2305 2190
3547 3106
9518 9546
4156 4318
9102 9238
8933 7939
95 474
2328 2668
982 1379
2090 1522
6075 5798
5479 6360
1545 2271
23 644
10297 9845
7990 8679
134 1123
2881 2585
9053 9879
6657 5776
58 417
6201 6730
8887 9238
5312 5264
2721 1948
6990 7514
6399 6770
5738 5756
7148 8034
1950 2464
7842 8552
5280 5905
7296 8036
8301 7989
90 262
6602 7284
35 287
6684 6168
1458 1036
68 89
5598 6137
8921 9499
91 761
5922 6377
9651 9403
7691 7524
4655 4447
9534 9855
8504 8782
5161 4227
458 1112
5059 4757
3917 4841
6365 5966
2391 2606
5042 5620
3845 3136
6098 6084
6651 6355
678 1626
3163 3223
9168 8782
8099 8451
7100 7735
1273 1214
9322 8844
3754 3698
10861 9980
30 629
9464 8809
2791 1888
1962 1510
7602 6949
3547 3474
1287 2043
2092 3072
2831 2414
8540 8174
10615 9692
8200 9030
8111 8621
2410 3294
2290 1352
4209 4180
9365 9195
8696 8184
7891 7868
7739 7837
4428 3898
18 657
9021 8499
580 1164
4335 5044
4279 3402
2539 2368
3270 4090
4811 5347
6663 6352
6038 6147
3279 2768
3837 4792
86 80
7978 8616
720 1494
33 726
3689 4402
3133 4073
8788 9177
8289 8370
3710 3901
8706 8228
2025 1545
6148 6432
8455 7555
34 59
7792 7163
1622 1252
5125 5547
3741 3868
7795 7875
6005 6782
2375 1849
9128 9131
7336 6645
10812 9995
2854 3045
7703 8437
6004 6689
2618 3459
7322 8248
3527 3877
8450 8298
7372 6424
1617 1289
2458 2039
3413 3592
8054 8719
1507 1141
62 378
2296 3184
8380 8829
2067 2253
6401 5601
7652 6685
8183 8362
3788 2998
3924 3017
73 1000
9702 9182
7369 6978
9485 9158
7210 7662
1426 2280
650 1374
7229 6903
2208 3158
1526 2226
4363 5289
2597 3131
2691 1859
7137 6981
44 892
2213 1589
61 876
2047 1738
4971 4812
4515 4290
4671 5069
41 135
8928 9012
1987 1294
4237 4850
5728 6633
3438 3748
3130 2590
5135 4746
834 1778
5655 5783
9781 9896
4752 4863
9050 9023
9572 8915
2906 3755
10059 9250
832 1644
8888 8432
22 778
9085 9437
6548 6215
4331 3348
8653 9304
7791 8697
85 38
2822 3575
1893 2633
4195 4172
2367 3259
7666 7041
4522 3821
9088 8525
8090 7710
96 200
7602 8448
4057 3730
4280 3740
8907 9772
7133 8125
1434 2120
1737 1563
2212 1979
7292 7957
5083 5650
1331 1954
3370 4329
39 588
4798 5606
1611 1860
1050 1138
1903 2564
6791 5904
3236 3197
8524 9380
4890 5478
8182 7923
67 283
2312 2963
75 391
94 579
5365 5502
2923 2807
379 1120
4802 5583
6925 6254
7720 7036
3200 2532
8820 8951
4086 3506
55 779
4711 3851
7015 6825
3539 3937
48 973
6306 6641
6279 5400
5810 5754
6172 6557
6382 6689
9305 8758
9226 9439
3955 4619
2926 3246
3760 4139
2916 3013
1778 2174
7566 6796
6885 6600
87 643
4200 3442
2636 2762
6872 6930
5170 5910
8310 7871
8082 8215
9461 9826
3437 3202
4879 4577
8944 9791
2326 1873
8075 9051
4208 4483
7110 7345
9215 8347
7209 6330
54 23
5453 5173
3009 2225
4536 4608
8237 8950
4553 3895
733 1236
5408 4481
5358 5739
6574 7337
8859 9435
58 585
7248 6531
4920 5259
4541 5233
6325 6690
10292 9420
2750 1911
68 821
7988 8391
10056 9530
1488 1782
5792 6518
6965 7878
6605 6492
93 763
3228 3285
5781 5411
4469 5380
7375 7635
8001 7698
1027 1664
1755 2601
8874 9599
9304 8934
6388 6569
3011 3899
3054 3753
10235 9601
4061 3460
9995 9262
7437 7079
7446 7860
57 410
9457 8581
4463 3524
7606 7251
5730 4982
9360 9142
9211 9135
4357 3490
5060 4779
8613 7870
3165 2660
4382 5020
7276 7180
60 508
9197 8227
2805 3563
2839 2938
2670 3472
4907 4632
9962 9890
2766 1926
964 1177
1486 1682
6564 7085
7172 7321
4736 5652
6018 5262
2913 2072
6632 7157
5934 5682
8490 8045
38 945
2445 2260
4994 5502
99 51
133 1057
4001 3564
2713 2563
1451 1387
6326 5660
2780 3031
5059 4824
9195 8628
10669 9817
5770 5483
7064 7512
9050 8301
4206 4150
6290 5561
9791 9110
3504 4003
3603 3142
3977 4797
3941 4220
91 800
8662 8938
9670 9606
1143 1085
5382 6245
4387 4009
591 1390
8036 8237
5368 5924
5187 4321
5291 4926
6526 5963
3208 2735
2548 1645
9666 8836
4333 3687
2536 3450
7225 8073
1557 1605
4608 5259
2831 1871
10054 9770
3481 4394
8796 9337
6225 6872
2357 2757
8161 8860
3036 3135
1615 2420
30 430
3920 3112
7340 7460
4902 5078
4417 3877
3489 3249
2503 1759
2028 1086
68 54
1654 1641
3877 3050
6065 5168
75 917
9388 9666
9334 8894
6478 6414
1117 1695
9206 9870
4345 5114
9684 9778
2365 2267
9372 8563
2825 2587
9575 8796
3665 4065
1598 1468
1436 1375
6275 6925
5517 5723
7684 8661
25 500
3278 2470
7471 8420
2126 1330
5966 5821
1107 2009
8789 8348
9463 9679
89 263
6837 6486
10937 9994
76 225
4237 4919
4377 5086
1693 1224
10107 9432
2644 2622
1432 1710
1306 1636
7894 8108
44 345
4018 4777
9048 8619
8794 8934
6069 5925
3154 2760
10292 9555
8961 8768
4306 4193
7300 8197
1633 1186
6920 6243
10563 9723
810 1162
8499 7553
6025 5291
7134 7361
6176 5478
7127 6593
1719 1982
1076 1579
99 848
4379 4915
6917 7771
10154 9856
7039 7373
8547 7758
82 37
1174 1934
2392 2500
6428 6779
7284 6403
1482 1375
8340 8907
8142 8787
6356 6273
5476 4926
77 778
2260 2729
7584 6843
3280 3157
1800 1374
8959 8285
5273 6161
8128 8679
4309 3415
4511 3550
1700 1194
95 120
3385 2419
1350 1576
4802 4935
5326 5537
66 968
7337 6479
6490 6906
38 162
5294 5828
9268 9096
18 52
23 382
8416 8450
4019 3331
5329 4379
78 873
9003 8447
1324 1782
842 1499
44 415
5673 5451
5687 5730
4590 5451
7384 7958
7306 8100
4394 3760
7758 8313
3883 3532
8925 8538
57 827
10397 9495
7480 8123
6111 5224
9422 9809
6302 6995
2079 1751
7153 7105
4644 4890
4267 4144
1692 1191
5238 5859
6964 7961
8587 8114
4521 5153
1589 2218
3058 2796
6910 7584
7732 8732
9148 9992
5264 5768
1798 1735
4810 4375
9815 8905
55 214
8666 8877
5232 5481
32 800
2807 2676
40 594
1632 1217
8722 7807
1677 2663
10267 9766
2823 3326
2004 1600
3540 3504
1834 1645
3492 2622
9919 9088
7383 7808
4763 4441
6898 6135
3684 4251
1818 2613
9778 9572
9554 8974
58 129
7028 6716
2649 3495
7657 7696
2388 3385
938 1890
9758 9046
4478 3651
62 372
5223 5853
8681 9430
6861 7781
491 1225
6184 6232
918 1654
94 845
9963 9091
1907 1068
2579 2309
2676 2200
8793 9614
5083 4997
5609 4643
9686 9616
3593 3679
7812 7190
804 1516
5401 5553
10092 9487
3548 4007
1064 1055
6124 7061
4423 3784
3635 2924
5847 5035
3094 3773
64 901
8066 7532
3328 3126
57 469
4505 4566
1420 1831
4336 4838
