2553
50
6300241
40 55 60 58 50 57 57 45 42 60 60 41 54 48 52 57 46 44 47 57 42 54 57 46 54 52 56 58 57 56 59 59 47 55 47 43 56 41 53 45 43 43 54 49 45 42 43 50 60 57 
-96446 -116841 -153726 -113449 -93411 -117682 -135264 -102307 -85269 -124938 -119700 -106804 -128495 -120184 -131092 -124499 -114323 -93379 -101550 -119271 -97142 -125733 -141498 -94160 -116645 -123006 -127281 -121548 -112099 -119270 -113760 -123873 -98006 -99297 -94269 -96729 -116538 -74846 -107924 -112821 -97436 -102885 -122012 -110170 -104461 -96855 -112846 -106504 -129761 -132853 
87972 110399 144306 108735 87059 113428 128518 98706 80561 119032 116049 95890 121817 112987 121684 119519 107882 88861 95827 116012 92531 118262 132176 91501 110972 117573 121405 114592 106142 110000 110126 117490 93206 98203 89555 89644 112962 74036 103021 104392 89660 96600 115736 102208 97310 90573 102471 101868 123245 125126 
7814 7338
5052 4446
3413 3014
6495 7287
5854 5912
4636 4453
6038 5071
8381 8572
1328 2173
6877 7448
6207 5412
8200 8400
9235 8997
5673 5465
1973 2129
5152 5461
5171 5691
73 282
3924 3346
4186 4374
7401 8198
5982 5237
7041 7186
4702 3760
6949 6035
7171 6329
3709 4279
7438 6532
2119 2368
1118 1145
7139 7172
668 1405
2798 2661
8301 7326
5491 5981
7400 7044
9982 9412
4638 3678
6337 5925
4432 3523
3028 2231
54 443
8221 8083
4780 4043
3942 4126
5922 5616
2138 2859
9471 8511
7662 8097
7049 7450
6838 6937
7996 8397
10853 9932
7059 6965
6148 5277
2614 1753
2575 2209
3272 3354
9727 9336
3049 3638
8362 8382
25 918
5823 5575
54 346
8573 8332
1728 1506
2637 1775
45 521
63 909
5916 5302
3859 3730
5406 5491
7637 6880
6206 6418
7018 6856
1260 1148
6259 6913
5359 5768
10 801
2224 2310
9239 9635
3261 3953
4882 5791
5295 5168
4067 3190
7477 7698
3719 4205
9705 9859
5588 5381
7161 7786
2903 3575
6672 5799
35 116
1357 1825
57 1003
1709 1723
5885 6389
6125 7001
9633 9113
1916 2491
6577 5628
9053 9089
4908 4793
4503 5193
10344 9557
7806 7540
3802 3422
9479 9459
52 635
51 681
8738 8400
7232 8232
8061 8198
5905 5596
10007 9100
8158 7785
8341 9151
2969 2046
84 186
7982 8307
2674 2090
94 376
10156 9204
8823 9642
1175 2107
4365 4742
6791 6305
4130 4326
5546 5047
6808 6851
7031 7784
5088 4188
6349 7260
6919 6131
8106 7542
10017 9810
9955 9024
4656 5275
4884 4717
8177 8602
3097 2772
1411 1794
9535 9023
4725 4997
2692 2853
2321 2486
8174 8743
10508 9690
6839 6714
6127 5514
8464 8495
1107 1829
3188 2461
5802 6262
23 871
4413 5143
5582 5413
3131 2362
7554 7954
7203 6579
6059 5533
3152 4107
1061 2008
5803 5945
1864 1944
43 828
7872 8395
2893 2950
4018 4844
9897 9459
5866 5101
58 898
22 438
2693 1910
1687 1912
3516 4338
3165 3951
13 681
3860 4148
4826 4500
3093 2442
5667 5525
1773 2036
10405 9785
6941 7399
9369 9479
7572 6688
2995 2758
33 863
7523 7830
4964 5794
22 680
4544 5324
5931 5766
3006 3175
2469 2163
10395 9991
63 165
5677 6111
7014 7021
3110 3658
6796 5804
7714 7706
55 177
6805 6549
6110 6229
1688 1299
59 841
6408 6163
7854 6936
4705 4128
3580 4288
4075 4027
825 1215
6574 5993
1800 2227
1389 1575
2368 3290
66 481
6504 6037
8741 8341
838 1371
6246 6031
16 106
1858 2003
5266 4679
2986 3503
3095 2254
3887 3632
8574 8523
2325 3156
4317 3319
48 306
6664 6515
4890 4390
1797 1023
2088 1615
3468 3602
1586 1635
10610 9638
5916 5211
85 299
2198 2954
8571 8693
8233 8523
5596 5149
2792 2083
2689 3206
8848 8002
6128 5172
4188 3413
2726 1887
4226 4359
10079 9851
6641 6422
3071 3700
2571 2839
7544 8248
3991 4027
51 936
6476 7041
4125 4933
4114 4875
11 355
3349 3889
1769 1205
10651 9886
25 410
2193 1542
3290 4070
9827 9261
2406 2509
7015 6805
7643 7242
13 65
7320 7420
4863 5658
1722 1924
2663 3192
7432 6767
8076 8843
72 312
8155 8238
4796 4236
7671 8327
9036 8182
5639 6366
375 1232
2146 2842
2234 1938
5691 6006
4112 3672
3481 4272
6843 5981
3459 3457
3045 2078
6745 7235
3814 2849
4324 4252
2872 3851
5683 6209
2920 3903
5781 5783
8632 8547
7044 7701
1499 1949
1384 1753
8711 9636
3502 3418
4918 5568
3467 3765
1237 1759
8551 8985
7646 8223
2818 1955
2618 2092
5129 5820
7748 8232
3600 2952
6500 6750
84 229
6302 6101
9846 8950
870 1161
1305 1329
4347 4890
5674 6072
8807 8981
4371 4691
7911 8841
7409 6701
5764 5393
4455 5072
8175 8161
4347 4945
5008 5654
8164 7383
3185 3206
3338 3773
3175 2539
3439 2887
9546 8586
3950 3135
39 218
3114 2988
2410 2322
7254 6572
2794 2101
8812 9377
72 698
1573 2308
8220 8976
7044 7238
8423 9261
9655 9106
3434 3018
11 652
8267 8882
7111 7523
7420 6428
83 842
4117 4903
4499 3803
8885 8469
6655 6511
6699 6815
1217 2154
8808 9802
5861 5010
3941 4363
6102 5806
6352 7091
9284 8783
3615 2848
7877 7652
7127 8030
7388 8242
7601 8161
86 694
4251 3284
6078 6426
8857 9166
9303 9517
6809 7496
5489 6238
2659 3511
4197 4185
49 892
3202 2467
5646 6162
8804 8871
3744 3474
5685 5794
4932 5455
5597 6332
6916 7360
6258 6836
4937 5590
7242 6718
6726 7192
8829 8301
2630 2606
7697 7563
3176 2887
8174 9157
4228 4507
50 817
57 485
721 1140
9286 9228
6683 6531
4291 5280
5363 5274
2488 1625
3625 4068
3887 4690
6386 5549
4161 4084
10104 9382
2457 2193
4961 3995
5332 4965
633 1215
1604 1039
6537 5691
4566 5374
36 153
5143 4856
7781 8051
7794 7495
1671 1868
3813 4813
8708 8048
5097 4715
5498 5005
3690 4046
25 645
63 556
883 1572
5735 6173
5308 4754
9406 9348
9798 9041
4033 4767
6682 6239
3558 3198
3390 4282
4646 3663
378 1055
9045 9045
4660 4539
1742 2253
1262 1112
7605 6854
5529 5826
70 947
10265 9849
5326 5788
5281 5206
4568 3751
8323 8329
1737 1456
3177 3254
6342 6867
5154 4586
5217 5576
3192 3662
3903 4405
6633 7118
17 206
4819 4000
9065 8165
1292 1404
4375 4124
3393 4265
10660 9809
8310 7905
7832 8223
6730 7050
7408 7116
3046 2972
7596 7581
2676 2848
6932 7167
4305 3615
9890 9329
1122 2070
2105 1743
5351 5788
7015 6129
9338 9814
5081 5074
3929 4195
3617 4503
1877 2220
4562 5208
66 405
10059 9363
8941 9687
14 562
3790 3584
94 163
4842 4624
1962 2160
2020 1381
5969 6077
7501 6934
4917 5881
2702 2298
73 57
6961 6716
8529 9442
6967 7933
56 517
3901 4570
1336 1280
9930 9222
2595 3015
1832 1258
2953 3748
2820 2987
14 260
5654 6093
7514 6689
2340 2277
8292 9168
6250 6296
29 839
5308 6300
10139 9175
1708 1624
5956 5289
21 925
73 68
7122 7310
6921 5941
6906 7718
37 27
9084 9606
6205 5936
2182 2549
8072 7074
5020 5901
5056 5560
5406 6030
2160 2794
8105 8694
4317 3628
2249 1967
4572 4159
8451 8649
2530 3148
3201 3150
67 725
1277 1243
2382 1955
7678 8179
6336 6311
9414 9267
3627 2817
9827 9487
3605 2718
15 639
5889 5669
4152 3518
8656 8578
38 569
1723 2306
7505 8353
5143 4156
1016 2004
90 981
41 422
5293 5867
3058 3562
8163 8666
1410 1838
3527 4090
8292 8802
942 1686
6863 6664
5091 4637
41 631
9824 9497
4771 4009
8697 8613
2636 2948
5414 5760
7518 6802
5578 4649
9091 8499
7058 6354
10466 9709
6520 5739
9250 8502
6346 7189
6975 7661
10044 9623
4618 3989
227 1182
4969 4709
3594 3236
2795 2541
6686 6903
9278 9132
9079 8835
7864 7262
7972 7384
7591 6763
6414 6558
8405 7791
6427 6279
2481 1754
2372 3009
6675 6501
5712 5469
4474 4037
90 575
6318 5844
5616 6414
2826 2525
6492 5501
4379 4204
3968 3470
2063 1488
7076 6139
3769 4195
4497 5224
2365 2854
5144 4442
7491 8414
4311 5054
65 550
2313 1781
9030 8757
1438 1642
2288 2872
34 496
3056 3908
2292 2489
7805 8692
1695 1495
2171 2444
2201 3140
5199 5931
7723 6828
5376 6371
709 1388
66 748
5513 4679
4696 4773
7935 7162
8208 8516
2982 3856
2774 2848
2554 3117
5853 6183
9293 8363
8569 9181
10194 9778
6133 5274
10273 9823
5525 5227
6956 5961
8272 7995
8176 9153
4882 4651
8891 8010
7845 8374
5265 4949
8263 7871
9777 9456
4512 4476
9322 8899
4256 3678
4971 4728
6564 5847
3367 3713
8505 9045
3691 3791
1587 2133
9610 9354
5681 5082
87 316
98 815
5974 5540
6706 6055
8081 8150
8211 7518
7040 7611
2444 2193
5931 5938
7099 7723
9407 8604
8883 7950
5559 6397
3043 3312
9110 9241
7736 8696
6268 6597
2323 1779
5532 5501
67 329
2364 2456
2302 2654
4848 5174
5763 6640
39 748
7725 7707
37 566
8583 8945
5568 5240
7144 6472
6590 5630
10206 9284
3723 3933
1889 1415
9645 9956
10066 9462
10172 9516
3773 4460
7645 7982
98 16
6428 6708
9655 9684
8017 7079
7335 7963
2465 3302
2971 2450
3756 4511
4171 4166
9959 9029
87 942
2638 2887
6209 6838
5152 5817
4201 5191
3325 2881
7759 8041
4460 3974
10235 9432
6893 7327
2100 1915
9622 9740
15 86
9838 9976
2129 2899
5805 4966
1701 1959
8765 9737
10166 9900
5706 5762
4236 4072
7040 6160
4424 3587
2252 2533
1843 1601
9912 9814
8398 8790
2073 2903
8283 7679
8035 8596
4034 4481
4677 4884
7966 7452
6725 6080
5040 4199
9040 8279
4179 3790
9670 9593
6284 6420
3519 3324
8754 8353
7345 6466
3910 3486
9874 8913
9585 9450
3420 3735
3624 2754
3780 2820
2418 2421
838 1429
9175 9326
5916 6194
8370 8534
7594 8174
10063 9606
5610 5492
3863 3450
74 270
1589 1835
6931 6912
2247 1536
9486 9690
3973 4074
6657 6907
92 342
3674 3107
2251 2607
67 736
2686 3343
2219 2619
2035 1683
3438 3425
1583 1980
4470 4215
3894 4653
7726 8508
4350 3678
95 475
10350 9590
6947 6909
632 1387
41 862
5011 4658
1120 1623
8783 9576
8494 9084
7648 7561
9800 9026
6494 7431
6301 6490
7785 8127
3353 2684
4080 3543
7937 8274
5347 5864
7068 6434
7243 6792
41 459
6116 5908
7799 8553
5677 5664
6914 7650
6024 5880
5301 5872
4051 3526
4518 4013
7248 6721
9900 9410
14 378
6140 6722
5028 5009
1244 1906
8064 8908
2558 1988
6631 7549
6251 6201
1352 1025
4960 5618
7007 7775
1531 2091
7710 8364
5220 6162
10272 9852
4572 4609
7606 7142
5927 5017
5006 5881
9569 9767
7637 7419
7914 7915
8729 8815
5241 4460
7494 6709
8510 7584
9618 8921
5556 4766
8372 8713
2101 2952
8625 8419
31 616
88 752
3172 2874
3356 3866
6283 5331
2658 2238
2240 3134
7192 7116
6629 6065
6201 6294
6602 7509
52 425
4127 4330
87 267
93 250
8944 8019
6412 6051
1820 1134
5251 5849
7813 7908
9043 8959
739 1627
3179 3743
5335 6159
7560 6770
5670 5223
4740 5101
67 227
5696 4972
1494 1216
2053 2789
8054 8762
1438 1624
9899 9582
9134 8711
8994 8523
5186 4349
38 970
6487 6400
2637 3302
9078 8804
2957 3798
3927 3954
3102 4039
5557 6552
9379 9487
9890 9171
5022 4624
2131 2940
8811 9322
3767 3793
4005 4869
3214 2485
1870 1080
4862 4434
2267 2300
3200 3410
21 844
5918 5394
9012 8613
3918 4099
6923 7749
2023 2797
91 719
4502 3969
5618 5852
3393 3011
8665 7890
8586 8921
1871 1523
3160 3239
3797 3378
71 910
6684 7159
9642 8767
3940 4417
3755 4190
5109 5446
2006 1247
2632 2802
4897 4599
3384 2807
5583 5532
6170 5872
7997 8183
9618 9499
774 1419
7944 8620
3487 3258
5257 5674
7132 7356
2906 3249
1965 2074
4002 3020
7274 6715
2808 3547
6005 6605
7281 7711
7973 7239
8530 7538
7012 6400
3152 3698
8719 7889
4815 4680
99 566
5874 5264
1077 1127
3288 3799
6828 7289
57 362
4135 4148
5502 5598
8421 9392
6126 5285
2580 2932
9087 9552
5455 6162
2207 3087
9309 9614
3577 4551
9613 8618
1191 1834
4812 5670
10142 9930
3199 2863
2658 1843
5655 5001
2923 3496
3748 3768
3894 4760
58 342
78 674
4225 4122
1991 2766
8908 9736
3570 3359
7731 7215
2195 2498
2978 3189
596 1373
8046 7580
6118 7014
1143 1576
7115 7872
86 346
9687 9238
1237 1690
8170 8790
1911 1938
749 1153
6632 7392
6708 6904
6874 5974
7061 6190
7142 7373
8489 8138
2162 1676
8386 9125
2697 3228
9038 9897
7946 8724
4075 4935
2175 1770
7447 6636
2687 2412
4458 5180
7010 7572
8469 9417
26 677
2281 1326
21 18
9122 9334
55 419
8996 8791
63 755
3654 3356
9419 8831
3718 3206
89 179
2391 2844
10787 9931
53 406
2078 2957
1726 1552
6791 5908
8934 8307
9658 9873
5705 5009
4371 4364
10 215
6185 7025
7575 7844
7660 7669
9241 8780
7478 8025
7085 7431
6796 6798
5377 4734
4831 5712
7082 7203
5497 5353
7028 6497
7272 6675
56 156
1654 1735
3787 4566
7008 7926
2642 2483
1483 1543
8313 8600
4632 5134
6802 7173
2843 2743
4333 3573
4545 3947
2753 2090
4700 4160
3090 4013
9535 8631
5945 6858
5508 5570
4765 5087
4315 4429
7026 7095
9025 9666
5351 5135
7690 7730
2182 2945
8114 7267
3587 4133
9791 9243
3009 2962
7693 7515
7847 7859
8522 7708
5814 5480
1336 1106
1114 1576
5558 5677
7104 7682
30 879
7508 7105
10115 9196
5740 5501
4141 4872
2321 1521
1807 1884
6568 6068
6652 5744
2341 1622
2451 2772
7952 8444
5625 6339
8009 8754
7208 7864
5224 4228
2869 2136
33 478
10377 9652
8865 9520
10608 9952
5764 5016
7892 7489
6428 6976
2437 3252
52 406
2025 1882
8535 8073
5009 5295
4751 5048
1599 1936
5157 6064
85 900
6460 6630
4306 3380
7045 7864
6751 6183
14 844
6672 6602
6683 5930
5130 4337
1892 1258
3764 3972
7625 7366
7483 8117
9687 9990
1416 1585
2910 2063
8832 9588
4697 5058
8812 7844
8210 8182
1567 2225
9868 9077
6668 6275
10564 9625
3418 2856
8567 8017
4313 4797
1792 2336
9005 9015
9512 9608
8729 9502
8846 9406
5789 4857
7465 7223
63 85
9454 8767
615 1287
3890 4623
8097 8935
3306 2610
5617 6445
8513 9090
1546 2437
3617 4088
4893 4684
4812 4750
10185 9764
3455 3377
2582 2073
6984 7633
7362 6610
7444 6629
1072 1658
854 1049
5529 6051
1677 2596
3095 3440
55 97
6538 6785
8973 9493
29 244
6742 6969
1864 2864
6037 5819
5184 5709
22 466
8567 8243
4260 4555
3670 3609
5899 5557
93 172
7853 7112
39 338
7503 7586
5378 6269
10023 9171
6735 6036
3133 2736
3483 4416
2799 2004
5547 5590
7528 7797
8809 9606
1826 2711
3528 3774
12 809
40 431
9040 9207
3407 4371
6522 7057
2937 3803
2049 3005
1192 2060
3741 2874
3813 3921
4927 3958
8517 7797
5319 4568
8165 8954
67 339
9164 8500
9396 9656
6787 5795
4477 3545
6369 5773
2184 1646
7033 7792
6189 5837
6946 7898
5106 4612
5875 6095
5506 5451
4698 3996
1442 2276
100 927
51 927
3755 3815
3687 3983
1785 2275
8172 8588
2405 2485
5481 6017
15 376
9863 9577
9363 9438
10031 9577
5870 6389
65 836
8122 8128
6019 6310
6194 5440
8018 7537
90 313
8139 8538
1262 1015
2369 1772
7864 7237
5927 5580
6204 6352
80 844
6126 5405
6101 5491
5438 5455
73 853
2605 3268
17 689
6036 6942
38 222
6931 6196
2602 1662
3832 3726
6749 5883
4587 5010
2481 3192
1386 1127
2207 2794
7978 8376
8050 8767
8727 8840
7170 7143
99 177
31 949
6749 6690
15 642
10207 9687
1976 2723
2667 3266
5334 5801
2722 2758
1885 2098
28 532
8858 9060
9363 9030
5797 5136
5343 5773
9384 9819
5996 5961
9307 8997
7764 8023
8705 8407
9257 9448
7244 6551
10362 9563
6549 6326
4394 3841
4925 5139
7461 7930
8489 9091
3705 3735
7386 6928
5945 6799
9037 9366
7350 7415
6580 6611
5949 5763
9857 9501
80 333
971 1284
5939 6279
1869 1813
5602 5518
21 93
5137 4759
9646 8783
6666 6470
5886 5154
5065 4460
1759 2064
9998 9772
5856 5479
3543 4116
7455 7649
2608 2932
6749 5983
1282 2190
4942 5284
2361 3172
4213 5109
7312 6652
93 769
6947 7932
64 431
2734 3223
3320 4016
8776 9451
4560 3635
7222 6521
55 884
31 213
7259 8038
6608 7579
7084 7228
8909 8397
7170 7406
3590 2816
6357 6061
4512 5395
9364 8570
9536 9694
1972 1531
5895 6557
9654 9669
4418 4647
8215 8068
3795 3474
66 333
5683 5723
7130 7554
8663 9450
1000 1024
5620 5641
6118 5982
6581 7168
88 557
4841 4170
6470 7130
7845 7639
1998 1867
5978 5924
8479 8070
4692 4687
6381 6228
66 704
10166 9239
3688 3795
8619 8348
1209 1992
7896 8695
1989 1061
4191 4876
2658 2677
1753 1551
4703 5464
8863 8991
7494 7020
3730 2814
6795 6487
5473 5984
99 740
3070 2857
10135 9342
5360 6222
8214 8119
5607 5266
71 251
5925 5557
77 490
2545 3224
4033 3937
3976 4828
5815 5100
3083 2827
9620 9103
3600 2748
19 530
6074 5928
4134 4156
6880 6872
82 564
7599 7337
410 1345
2000 1862
2174 2435
8124 7719
9120 8358
953 1203
5370 5488
6203 5997
1779 1255
5666 5547
27 65
14 584
7012 6785
8154 9099
4833 4023
6836 6464
2425 2039
4205 4890
2142 2468
53 30
1291 1821
3351 3824
36 126
4655 4653
3699 3022
7881 7810
2258 1281
3792 4109
3418 2598
5661 5654
7428 6743
1516 1236
7291 7815
37 59
1964 2258
4206 4664
5637 4896
1878 2795
7379 7607
48 125
7138 7531
6345 6118
8696 7901
6947 6880
4683 4964
7533 7206
7263 7578
9599 9841
7732 7390
97 490
49 867
20 295
26 851
5825 5678
2939 2423
8958 9295
3705 2791
8722 9063
1828 2296
7760 7738
7826 8189
5933 5923
3865 4800
4831 4130
7966 8286
4876 4289
6224 5369
5973 6712
7348 6657
5918 5836
8755 8167
3028 3336
3823 4682
54 553
7543 7743
7059 7852
3096 2752
7204 6822
9399 8606
1372 1576
6811 6005
7724 6883
2291 1599
3309 4176
2834 2100
9017 8194
5445 4515
7060 7639
912 1337
29 855
5695 5265
6685 7248
4797 3926
1019 1909
4952 4635
2146 2867
73 202
3071 2750
72 739
4331 4780
1391 2188
6065 5987
6552 7024
1911 2294
10481 9489
1917 1337
2340 2651
363 1172
9959 9176
4436 3498
6654 5696
9521 9384
3050 2620
3033 2871
8785 8371
7305 7031
7714 7143
1680 2680
1832 1565
4257 4909
4102 3753
722 1041
4385 3882
8487 8487
2591 2397
9028 9676
5056 5385
7766 8260
4899 4681
71 578
1330 1190
7963 7898
6283 7215
21 818
3730 3990
2233 1292
4029 3548
10057 9652
3457 4319
989 1029
7351 8001
2914 2683
1957 2734
8021 7752
72 13
5647 4935
2043 2632
5016 5634
1256 1782
7622 8385
7601 6954
2396 3241
2891 2283
6552 6038
7998 7553
3511 2606
5794 6219
56 816
6421 6473
1763 1973
51 265
6228 6379
1483 1599
4262 5103
8038 8455
5096 4389
6210 7199
8780 8642
2885 3868
7723 8687
63 302
4262 3499
3505 3911
477 1451
56 118
7437 7216
4411 3569
6058 6110
9071 9667
6256 7033
1986 1305
5124 5728
9061 9427
6478 6078
4369 4596
46 287
83 243
4781 4552
10471 9585
4768 5726
6391 6341
7103 6190
172 1073
44 285
2676 2007
4655 4505
6687 5699
4590 4141
8815 8253
5017 4787
7149 7001
5636 5165
9715 9106
89 842
2874 1982
364 1194
2135 2610
2851 3116
2041 3019
4532 3954
8204 7404
7065 7887
4067 4500
9333 9882
5063 5261
6706 7706
3790 4150
2439 3066
6197 5319
2992 3837
4468 5231
8332 8894
8191 9065
49 624
1805 2212
4195 4675
1393 1266
4391 4547
2289 1967
9759 9176
29 44
4956 4492
7006 6511
9185 9480
5976 5559
2178 1304
1976 1531
2071 1510
5416 5603
7521 7516
5144 4767
4184 4484
4429 4166
39 256
4550 5522
6452 6221
7526 7968
1679 1358
6664 6246
8197 8598
1855 2606
37 631
5759 6428
5066 5557
8861 8280
5763 5885
8705 8905
6625 6111
3598 3510
4029 4471
7817 6977
7769 7455
3636 3814
4783 4489
3000 3111
5830 5076
10110 9419
10114 9797
4798 5511
1416 1749
21 272
7521 7702
62 606
69 801
99 297
8658 8648
1856 2848
3639 3199
2062 2891
6700 6048
2151 2783
88 82
4805 4986
8826 7829
2833 3234
5738 6603
4164 3219
13 203
44 865
8927 8182
78 427
8662 7738
6103 6117
78 562
389 1152
6782 6235
41 846
7363 6459
60 757
9424 9651
985 1644
1731 1828
9454 8655
1908 2000
8689 8448
4727 4333
3308 3336
6866 7207
84 851
9211 9480
1085 1727
8359 9314
2923 3440
3442 4390
4555 5151
45 870
2377 1910
2114 2734
45 650
186 1153
8671 9478
5465 5766
2110 2605
1811 2089
2746 2444
5071 5988
5257 5281
5161 5196
6887 7073
4078 3769
4547 3888
5076 6007
29 227
8937 9349
8934 8708
4196 3557
83 580
2954 3305
8092 8264
2114 1620
2815 2243
10545 9674
6082 6624
63 880
6679 7678
70 378
7737 7807
62 444
70 477
3291 4058
6222 5666
5836 5967
2314 1998
2644 3073
2248 2088
3578 4549
4549 4897
2450 1957
89 595
2200 1886
3323 4019
4599 4473
9760 9124
1364 1464
3046 2229
7084 7993
3233 2431
77 893
1362 2190
4198 4451
4911 5160
7954 7001
41 829
5077 4207
10069 9283
2838 1871
2591 3503
8701 8732
10740 9750
7522 7966
8424 8373
836 1241
7031 7205
9702 9718
5940 6759
9531 8830
3304 3164
2870 2143
1925 1919
2263 1659
6155 5428
7456 8370
8319 8004
7946 8160
9892 9894
5345 6300
9464 9594
2081 2208
1216 1460
3301 3592
9765 9057
2995 2311
10550 9935
6934 6146
6003 5753
4066 4433
2496 2531
10463 9499
4623 3684
951 1214
50 487
4252 5175
4485 4264
8875 7952
5042 4444
929 1729
2795 1922
6029 5209
6612 6707
1710 2560
5648 6213
3997 4114
6036 6258
2775 3125
1195 2051
9853 9297
2551 2652
8181 9110
5734 4740
5382 6329
7508 8351
5084 4697
3290 3885
2501 3127
96 794
53 895
2378 2394
7632 7550
3303 2630
6228 7126
3384 3681
9650 9229
1395 2071
2855 1866
8433 9054
4410 4925
3477 4105
1581 2132
4684 5500
6058 5456
5456 5432
6935 7030
2080 2580
4070 4926
6007 6544
6692 5945
1128 1490
3688 3472
790 1290
4403 3697
2797 2698
8635 9106
1104 1212
8540 8827
3884 3271
6650 6318
5302 4534
7374 6714
8309 8018
8358 8743
4087 4527
4713 4014
4530 4793
4405 4829
49 176
8681 9232
5084 5527
6220 6182
3713 4046
100 402
1379 1325
10276 9707
9001 9410
7257 6937
520 1504
25 212
36 682
5743 6278
7193 7739
1746 1740
4378 3648
6059 6776
7381 7887
5192 5235
4808 3984
77 392
8456 8711
8641 9440
2328 2278
7136 7865
830 1325
87 208
7201 6671
2546 2631
6175 6926
7699 8195
3356 3962
14 997
5925 5221
2610 1681
7515 8241
4872 4603
6253 7134
4510 3644
1941 2653
455 1143
67 303
8666 9428
4367 4550
630 1533
65 368
4141 3669
3621 4076
5784 5581
3013 3230
6470 6286
6496 6189
6290 7134
2694 2097
1761 2262
7337 8063
8165 7486
4848 4242
5262 5473
8230 8291
96 170
4600 4882
1351 1312
5596 4767
5815 6390
3963 3257
8742 8957
2714 3261
3169 2498
2871 3213
99 587
2348 2591
2918 3564
4542 4972
9033 8246
7800 7525
7923 8841
6106 5235
4648 3907
2125 3022
5947 5172
5603 6291
1768 1661
5877 5420
21 131
8478 7701
9605 8991
2104 1303
1049 1950
5210 6119
2655 3273
2172 3055
3566 2589
5108 5818
1288 1988
47 693
3301 3404
8720 7813
9774 9166
2904 3809
6736 7527
13 983
6408 7044
6366 6136
10263 9941
8726 8811
87 74
9912 9062
3092 3902
84 513
79 907
7017 6124
7879 7683
7046 6746
5818 6676
9261 8347
5183 5677
9307 8991
7366 8297
9273 8575
7689 7483
9829 9186
26 838
3176 2528
9343 9500
8169 8640
3122 2812
42 656
7764 7091
6717 6341
3004 2013
6934 7115
2083 1713
9292 8365
10479 9672
2494 3366
9236 9558
5575 5150
4175 3188
9008 9020
23 109
31 83
5421 6335
4353 5065
7781 7486
1623 1056
5158 4801
3424 2907
6891 7349
9921 9703
638 1512
5358 5445
6651 6617
1784 1150
3321 3179
4512 4598
5750 5113
4543 4211
86 116
10177 9806
7715 7248
9033 8751
6487 5654
9200 9205
2338 1408
2539 2448
5120 6089
3237 2438
10438 9486
9049 8772
4978 4523
5799 5613
1317 2134
16 656
4477 5338
8552 8358
1922 1068
6243 7039
9068 8180
37 170
3245 3573
5731 5685
9633 9351
4510 3934
7665 7526
967 1537
5675 4732
5485 5061
1793 2656
2794 3668
6845 6998
4070 3758
13 383
4799 4799
3035 3038
2652 3395
2973 2271
8720 7973
5055 5600
4261 3288
9059 8059
8945 8674
6096 5626
10223 9802
9179 8883
544 1127
7765 6882
65 142
3590 4530
6054 5969
2279 3049
8931 8264
8803 7975
4793 5642
4495 4660
5641 5239
1397 2309
6768 7689
74 307
51 475
6300 5961
4932 5647
7501 7700
8772 9605
7862 7122
6150 6268
9817 9705
3966 4361
8804 8104
7186 6746
3510 3439
64 210
9601 9616
9876 9523
351 1053
9375 9638
63 219
9962 8975
1339 1203
9081 9462
6731 6478
1673 2177
3351 3665
1511 2323
934 1248
1062 1208
4474 5143
34 883
82 537
5022 5197
8469 7539
9897 9156
7292 6549
867 1715
8528 8195
7444 7046
9907 9836
73 766
8141 7800
46 927
2995 3862
4710 4129
2074 2896
9301 8604
8135 9031
9425 9192
1805 1901
5918 5931
8862 8317
8741 8407
4455 5254
7835 8127
3397 3101
3277 3520
5102 5627
5714 5068
3701 3903
9580 8746
2009 1328
52 932
3686 4410
6717 6100
6187 5923
5880 6068
3261 3171
5061 4106
5713 6241
6020 5721
8916 9391
8900 9874
4717 3915
3429 4245
2625 2609
8626 9185
10194 9376
7379 6804
1719 1656
7668 7540
6769 7086
8311 7767
2886 3266
2196 2369
4348 4869
1986 2932
1216 1238
2231 2019
4894 4805
3925 3590
9318 9020
5991 5267
4145 4288
8606 8186
7809 6865
3471 2580
6512 7182
34 570
7848 8152
4104 3159
2926 2497
5911 5934
6219 5855
4195 4263
7533 7432
8010 8534
5660 6375
6864 6950
5795 5597
3158 2527
5873 5176
3149 2627
9495 8495
4015 4621
4052 4135
5401 4765
5379 4863
479 1215
1303 1571
31 681
9289 9430
8457 7804
7103 7083
10749 9989
6210 5839
3986 4341
1713 1038
7089 7670
4628 5190
6659 5659
37 84
4813 4401
4179 4753
7559 7431
3323 3676
1558 1591
2551 3360
6923 7336
2066 1423
6317 6908
9925 9634
919 1295
8047 8416
5566 5141
8254 9017
40 213
8519 8276
3491 3350
345 1162
3408 2605
7705 7291
7149 8014
4125 4374
1436 1293
6033 6696
5773 5513
7302 8009
7003 6938
5491 4572
4927 4426
2896 2135
62 279
2855 2675
10437 9655
7573 6822
10181 9906
5082 5824
42 334
6150 5525
10323 9519
7157 6171
74 844
4744 5311
6661 6955
27 608
6187 5492
35 801
9661 9841
1853 1193
5841 4857
2544 2424
2957 3390
7162 6213
21 480
8742 9149
8133 7442
1940 2561
9960 9885
7458 7487
10302 9457
87 791
2111 2804
7648 7972
6896 6398
9437 9945
537 1522
3252 2296
6500 6883
5559 4989
4206 4591
8830 8619
7654 7215
4658 5153
5473 5274
6304 6241
50 178
4976 4150
10074 9482
9984 9915
9800 8827
5045 4649
4015 4755
4828 4548
2352 2038
7514 8397
3911 4769
7323 7213
1431 2394
10177 9486
6877 6402
8976 8254
1747 1686
7754 6999
8424 8218
9026 9367
6310 6366
1717 1207
4311 3993
6296 5652
2334 2380
2111 1986
9075 9475
7085 6840
3610 3415
5933 5038
10165 9549
5721 5318
9224 9014
8073 7459
3151 3497
3392 3793
6770 5835
2001 1126
8020 8893
5323 4629
6544 6754
1751 1316
4260 3458
4945 5718
5932 5046
1742 1112
81 466
8303 7735
90 894
8602 9357
5145 4756
2609 3601
4704 3976
8931 9902
6433 7282
6292 6201
6728 6696
7260 7973
66 959
5631 4846
8806 8573
5510 6342
2330 1635
8589 7714
5293 5247
44 845
94 288
1361 2255
8059 8528
8888 9508
6628 7094
87 589
4369 4827
5952 6840
8622 7700
5054 4718
2469 2148
9141 8903
8067 7132
5703 6358
16 321
2179 1735
2379 2567
6173 5489
11 835
7338 6364
10613 9652
1174 2157
73 572
6245 6935
4811 4166
5467 4774
8433 7899
3121 3549
3359 3697
96 961
9068 9552
4129 4262
9189 8781
9616 9040
6122 6062
2805 2774
8872 8376
9042 9622
3577 3708
6217 6412
2213 2766
2637 2101
6371 6081
14 844
5813 6729
3213 4087
37 504
5157 5363
4927 5394
7473 7693
8014 7736
6647 6063
1731 1730
20 235
7199 7967
85 943
4230 4112
3439 3068
599 1532
9478 9615
31 785
2229 3193
8636 8128
5349 4494
2061 2727
6545 6385
5824 4900
8933 7979
10166 9369
7083 7480
9251 8975
1580 1438
4200 3273
3142 2884
29 752
5703 6329
1942 1972
5359 4697
1015 1653
9215 8268
2569 2341
3526 4104
2754 1969
3215 3749
6255 6160
6875 6351
5022 5019
7275 7955
7468 7413
7431 7822
2868 2179
5051 5388
6026 5897
6897 6114
6367 5541
8950 9868
2076 1142
7794 7024
7931 8349
77 559
4793 5730
6619 5893
5172 5807
2073 2653
3120 2324
4415 3703
7685 6934
3281 3903
10407 9413
6545 7472
6954 7388
7504 7439
7074 7394
6740 7687
6582 5999
2380 2254
6471 7165
32 793
9521 8800
15 367
3907 3820
5873 6594
7437 7169
2256 3178
3723 2755
5585 5413
2126 1707
7506 7940
2714 1874
8060 8418
3731 3417
100 54
5376 4849
6416 6414
1212 1705
8470 9179
3384 3225
5562 5207
7425 8165
8883 9632
5945 5028
925 1723
8890 9467
7020 6517
66 942
6780 5962
