5012
100
12842473
57 54 40 48 46 55 42 41 50 47 44 41 58 48 56 50 56 55 44 60 50 47 40 58 52 46 40 43 52 44 59 52 58 58 56 54 42 59 47 42 45 53 43 60 55 59 45 59 50 46 58 56 41 51 58 48 57 54 50 44 55 51 40 46 59 59 47 56 46 51 59 50 59 44 58 51 52 57 55 52 46 59 49 42 43 45 42 44 41 48 58 57 43 52 49 41 53 41 41 48 
-87797 -92162 -71274 -89777 -76079 -93888 -55612 -69231 -67208 -81489 -66748 -78508 -108636 -83690 -99306 -85000 -110365 -96986 -83607 -91573 -84709 -74855 -70470 -86808 -83302 -67205 -61058 -84910 -90231 -70759 -76881 -76137 -94939 -91394 -88178 -88145 -67943 -103463 -70385 -73995 -64329 -78144 -71562 -105459 -97262 -103465 -65144 -91768 -93432 -84620 -82113 -92448 -70712 -88603 -112356 -77152 -94617 -98874 -83633 -72102 -87560 -91559 -67758 -89009 -104148 -86784 -81884 -97400 -74060 -83611 -99976 -79746 -93902 -87788 -107605 -89874 -86893 -86920 -92337 -70694 -80589 -101033 -93941 -74927 -86986 -78878 -77100 -81634 -87229 -84118 -95474 -99681 -76552 -92814 -72700 -73867 -89299 -68436 -73088 -83500 
74955 78172 59776 76895 63868 78797 46548 58013 56468 67048 54491 64491 88712 69134 83452 70947 91648 82592 69002 79042 70489 62911 59602 73852 68134 55858 52950 69284 75665 59531 65017 64264 79993 77132 72128 75313 57289 85748 58937 60620 54799 66087 58512 89911 81785 88331 54815 76711 75502 70288 69388 75676 59008 73518 91334 63600 78644 81770 69938 60340 72594 77068 57317 74160 87089 72822 67035 79630 62866 70193 82546 65679 80366 72436 90503 74139 71789 74933 77274 60410 65977 83466 78711 62955 71720 67628 64264 68036 72479 70364 81285 82329 63414 76889 61605 60752 76104 57499 61085 68026 
3319 3975
1388 2180
992 1048
4859 5063
5237 5555
8403 8426
4403 5140
12 398
8434 8904
6064 5734
5019 5684
1618 1375
1950 2195
20 688
6939 7613
3225 3735
6749 6732
3773 3099
9763 9758
9844 9255
6279 6394
7807 7195
3478 3717
1206 1911
703 1334
8418 9246
7042 7818
1754 2579
73 531
7903 7810
7950 7015
9077 8255
2789 2083
7625 7101
10464 9746
5935 5432
2831 3138
75 193
10071 9395
8367 8387
3201 3962
5413 5222
4513 4337
1772 1860
731 1346
2624 3600
552 1528
7430 7963
754 1570
8492 8164
23 23
3474 3694
3688 4109
5615 4922
3187 2599
8645 8955
1141 1179
6927 7410
485 1148
7750 7964
6595 5807
5923 6578
185 1026
9728 9250
3133 2716
92 376
7371 7134
7590 8061
9121 9798
8232 7531
7103 7207
3619 4285
39 509
9056 8346
9308 9645
4725 4201
10 693
2542 2977
714 1588
8897 8961
1159 1197
1218 1886
20 265
2057 1949
6086 6372
2290 1460
10527 9745
9968 9144
8259 7714
9584 9820
8113 8424
3769 3314
6682 6878
3563 3283
3281 3912
3447 4210
6403 5975
8292 8410
3820 4163
8012 8766
6485 6608
69 85
3549 4091
1900 2060
74 301
3073 3382
2437 1812
8749 9701
7706 8541
9834 9680
6624 6137
1089 1095
6103 5533
7797 8304
66 15
7303 7733
2674 3466
8254 8200
3225 3946
4836 5275
5190 5007
4343 4881
5529 5071
52 669
2574 3118
7260 8042
6191 5684
3847 2931
8743 9286
7973 7384
7602 8101
7019 6244
1012 1794
8296 8745
8366 8598
7380 7969
8495 7646
4775 5488
8955 8271
4101 4477
85 477
9556 9026
7217 7340
3206 3367
9968 9420
5045 4454
98 67
2051 1939
2929 3363
9931 9940
4461 3651
88 268
1645 1803
35 22
8029 8039
6361 6140
1123 1033
2869 2209
6979 7542
6024 6085
9410 9488
27 62
4336 4633
9014 8742
9637 9622
10486 9879
7549 7225
8691 9182
8307 8704
6029 6629
6957 7346
7983 8848
2686 3152
10200 9602
5925 6290
7035 7289
5980 6487
4447 5210
4366 4117
5421 6357
6720 7500
8955 9496
2454 2856
691 1519
5293 5044
7101 7236
8493 9363
7872 7529
2885 3695
9197 8397
7116 7653
6112 6414
6111 6284
1187 1160
2059 2649
9522 8833
3646 2727
31 722
5961 6800
8999 9212
7276 7898
3269 3391
79 262
2774 3253
8728 8893
3333 2560
3291 2470
9634 8985
6741 5945
8742 8013
8107 8500
7757 7994
3246 2997
44 356
5255 6111
49 318
8451 7806
4167 3874
9324 9965
6340 5452
5871 5563
4127 4411
7185 8044
8251 8935
2715 3642
88 557
5209 4387
5717 5476
2699 2671
8386 8905
8793 9048
5684 5763
1542 2155
6010 6619
2126 2728
5161 4231
36 889
3351 3391
384 1377
6106 5393
3863 3505
6754 6684
9194 9382
27 606
3112 2188
4448 3695
7394 7639
1954 1213
9406 9510
6578 6454
8579 7722
7165 7489
35 785
74 27
6580 7187
4120 4982
6460 6763
6194 6341
3501 4005
6983 6414
6959 7011
82 918
6714 7710
18 965
4320 4866
4697 4602
3404 3336
7097 7574
10774 9995
3179 4166
4157 4114
81 525
8540 8016
4068 4154
9970 9740
6781 5912
1409 1114
4006 4504
1743 1391
73 371
7779 6860
2742 1972
7812 7985
4466 3933
8439 7653
5595 5227
7758 7305
8156 8001
3855 4480
8008 8102
2010 1759
8254 7696
38 510
2444 3142
9084 9868
6609 7060
4872 4439
9061 9423
5218 5660
1624 2472
1089 1441
4981 5404
1317 1688
4026 4092
1399 1917
5237 5827
90 205
5521 4993
11 810
2101 1805
6431 5616
7017 6665
1193 1735
2450 2587
4866 4185
7885 8210
9441 9658
5788 5831
3534 3642
24 800
2804 1923
3796 3179
8024 7165
4586 4835
3492 3030
9705 9704
4288 3984
7037 6300
2104 1935
39 259
34 581
9786 9824
1127 2071
8336 8625
4731 4890
1228 1036
1655 2471
9247 9703
3310 3157
4243 3807
1644 1252
1044 1374
5641 6480
5066 4817
9567 9561
3262 3668
329 1301
1723 1262
25 362
2877 3722
59 779
7844 7153
5466 5187
7634 8164
6687 6886
3008 2101
1848 2485
9149 9451
6355 5696
8339 7595
3625 3781
9148 8903
5170 5512
5340 5371
1678 1913
75 975
7960 7929
2186 1293
8684 7973
2549 2468
9090 9969
956 1201
87 495
4131 3597
7780 7539
2861 3413
7618 7616
5496 6244
4815 4153
9208 9172
5843 6530
9573 8876
8723 8055
1301 1721
1919 1947
2823 3088
9027 9113
2632 3368
2707 3596
3576 3341
1925 1204
1325 1456
1082 1468
4592 5538
5596 5420
982 1109
6959 6076
7811 7430
8089 8084
11 740
4223 3805
4466 4323
2947 2227
8478 8562
5287 4736
2621 3197
2275 2340
77 489
2023 1302
2167 2334
6122 6918
37 658
7052 6259
34 765
8989 8499
3565 4035
6359 6292
94 915
1339 1440
3861 3664
88 334
2875 2570
3320 3596
1022 1979
5686 4732
2644 2351
8299 8319
8870 9156
10341 9385
6695 7534
6450 6200
6736 6315
4012 4135
5259 5361
4889 4980
605 1053
3637 3417
3822 3038
4593 3957
8894 8737
10045 9253
7095 6831
9600 9371
35 622
3976 4288
4634 4748
6948 7658
9147 9021
8452 7501
5861 5480
6457 6838
10593 9961
2927 2821
3890 3156
4371 3833
2394 3336
7950 8225
8651 9259
39 912
28 55
65 994
3670 3187
7157 6664
2915 2500
9330 9520
9880 8990
8080 7663
4242 4370
6823 7732
6763 7373
40 696
1948 2919
4032 3238
4271 4621
8629 8049
7570 7014
9845 9092
1776 1717
74 858
2308 1387
6916 7013
3073 2409
5764 5046
4802 3959
1860 1131
6609 6583
5161 5543
3915 4749
6867 6604
76 937
9382 8594
4732 5433
8238 8952
2466 1562
34 884
3967 4359
7646 6933
5454 6133
8552 7730
57 311
7469 7856
9832 8910
765 1537
3612 3549
3528 3855
1484 1335
581 1066
5355 4512
3972 3349
4641 5606
6322 6151
7169 6448
2116 2004
4377 4669
3748 4274
2557 1961
3700 3213
5421 6115
7375 6885
95 291
6672 6204
5396 4752
2642 1788
5633 5725
1425 2060
8636 8121
1788 2271
4882 4974
6601 5857
5258 4715
10442 9751
7763 8187
3061 3859
2592 2039
9367 8383
9248 8886
2006 2028
5399 5999
8116 7504
4153 4788
6450 5999
9400 9328
1681 1605
6081 6107
8756 8206
4552 3597
8331 8486
9250 8347
6459 6330
5394 4433
2733 3695
6984 6933
7358 8215
2246 1360
4610 4922
7932 8917
8409 7932
37 657
7114 7774
8101 7856
9314 8968
16 814
3808 4109
3353 2531
6168 6514
7249 6717
3134 3105
8554 8572
8701 9455
9694 9235
8709 8768
9273 8579
9405 9356
4461 3633
6146 7120
6266 5767
8522 7759
5934 4984
7890 8110
3969 4028
3019 2720
3835 4291
2297 1387
6322 6864
8086 8236
9656 8992
8521 7905
1991 1641
9417 9033
6448 5788
72 336
4348 4563
4695 5096
3910 3248
1729 2604
5424 6274
6497 6861
4458 4505
9649 8791
5874 6273
1447 1983
2407 1496
83 219
6241 5865
783 1346
1520 2077
3067 2586
5705 5407
9233 8396
9835 9284
4047 4324
4113 4084
4349 4297
5514 4541
7926 8313
8083 7827
80 907
5862 5068
1887 1682
7919 7686
9256 9667
3508 4495
8544 8441
54 677
2325 1791
2044 2249
7258 7450
7656 7048
10633 9721
9613 8805
1180 1352
8806 8303
8582 8924
6257 6033
4160 3373
4370 4110
1444 2371
10058 9258
8030 8232
5726 5481
7416 7912
1294 1433
27 135
4032 3514
6642 5983
7410 8297
1342 1691
8846 9603
7423 8087
4463 5463
6266 6368
3976 3709
1220 1233
4236 4485
9137 8798
2033 1497
4883 5450
9384 8789
2738 2891
5391 5106
11 242
6218 6881
69 140
3925 3002
273 1039
7322 8149
8747 8047
4504 4208
4784 5130
10080 9580
8518 7796
9507 9840
1813 1521
7030 6052
86 63
7951 8036
3574 3744
620 1096
3165 3501
2526 3402
10264 9639
2624 3560
6234 5779
6225 6770
98 946
1073 1152
4431 3763
4247 4632
1625 2155
3481 3737
1179 1988
8380 9243
1301 2158
7317 8217
8104 8275
2833 3262
7089 7676
7614 7112
8001 7714
9677 9301
88 664
9416 8573
5852 5659
3490 3954
4666 5558
4463 5086
7044 6383
4099 3628
3860 3087
824 1116
3748 4607
7619 7533
7637 6645
6726 5901
6596 6547
10727 9837
8516 7988
4628 5445
9026 8988
6607 5781
9340 8355
9617 9051
7546 8414
6559 6367
37 410
9083 9020
1720 2648
28 146
4494 5288
3520 3763
5507 4558
30 424
1222 1406
5838 6237
5219 6071
2842 2893
4617 5002
2267 2111
4559 4791
1997 2124
9890 9131
28 381
7649 8497
4388 5343
5892 5785
8074 7736
8072 8800
7986 7388
8053 8788
4006 3735
10276 9819
8059 7968
3910 4417
8013 8999
7059 7351
2135 1657
4309 4166
4154 3882
3440 4390
2837 2026
3640 3431
7249 7776
1248 1233
2036 1526
88 869
8311 7446
10559 9742
6736 6050
9367 8931
6861 7748
6205 6087
9837 9341
2446 1671
888 1199
7809 7596
8021 8183
3060 2485
7302 7120
5010 5181
7886 7579
9036 8454
4899 5605
1330 2002
4392 4723
2201 1731
7874 8687
4460 5295
8694 8450
8060 8002
9428 8611
1378 1870
9469 8813
2885 2742
8478 9189
9429 8787
8066 7347
7970 7559
9382 9330
8590 8928
6421 7292
10137 9256
3847 3056
7616 8199
6212 6587
2439 3392
10051 9644
46 1002
1282 1120
3602 2991
85 935
3736 3262
5036 4510
7241 6258
6891 7620
2429 3266
4196 3649
8305 8858
7611 7219
9524 8969
6994 6990
9772 9526
7259 6360
775 1545
2606 3536
8920 8214
8309 9280
2637 3127
9608 9284
2112 3085
71 742
9682 8774
6898 6221
2176 1423
4129 4933
6696 7577
8445 8356
5605 5475
9876 9824
2288 1469
9168 8797
2789 2732
9657 8877
2918 2856
7686 7390
6234 6596
2554 3130
1064 1919
3502 4420
9581 9446
5536 5590
10 985
6902 6286
7939 7264
75 381
7755 7491
5767 5955
4128 5090
3318 3372
79 591
1996 2207
56 715
7830 6889
6367 6641
7221 7260
2009 2171
9693 8824
8712 9607
6899 7657
82 629
9327 8691
1083 1765
3886 3929
5802 6076
4735 4919
6017 6426
5719 5101
7279 8178
7464 8222
2688 2823
8378 8051
9287 9168
5386 5048
4916 5849
1945 2042
50 595
5899 5356
8215 8938
8007 7889
1649 1638
80 550
4061 4480
8222 9055
7792 8248
3420 3771
8423 9106
9168 8862
3212 3297
10781 9855
5941 6417
2319 2068
5366 5323
7094 8020
4471 4048
3327 4200
6022 6468
1601 1487
6946 6273
2295 1868
9906 9241
7140 6606
7003 6658
9170 9119
45 129
9716 10000
5463 4602
4645 5403
8393 8711
8924 8882
2003 1973
8557 8679
4396 4613
8849 8436
7199 6916
5233 5387
45 358
10 112
8203 8428
9879 9278
5644 4733
8304 7325
4297 4349
5342 4387
37 912
7055 7084
8642 8743
4207 4310
3063 2913
37 123
6376 7229
2949 3838
6030 6007
5113 4389
2476 2970
9136 9799
1972 2720
6065 6778
36 637
4105 4934
61 309
3823 3045
7731 8386
1904 1618
8834 8407
1248 2057
9299 8681
6873 6636
3067 3845
8068 7711
5106 4138
3786 3796
3636 4243
6141 6129
5183 4919
2294 3188
6653 6265
10516 9770
5978 6018
627 1070
6204 5959
7894 8044
3462 4025
70 887
5244 4930
7083 7057
2071 1586
5900 6381
27 577
6046 6494
5367 5673
1469 1016
3770 4433
6354 6226
10227 9726
2379 3219
1139 2031
5750 5390
6761 7438
3690 4658
5172 5519
1828 2245
2200 2662
6194 5849
8770 7852
83 948
4233 4216
4691 5484
8271 7287
3434 3754
6256 6766
3998 4530
3779 3195
5957 5608
4030 3653
2232 2334
2260 2818
7202 7434
6075 6835
3285 2912
5929 6477
8524 7923
5831 6728
3650 3113
2733 3170
9591 9255
4585 4823
6576 5602
2476 2461
85 769
7367 7023
6496 7306
5376 4859
1793 1015
5675 5893
2031 3024
2726 3131
8271 8087
4945 4494
7779 7937
2527 2802
8240 7626
5516 6101
8206 7719
9441 8527
8966 8346
4243 5002
1492 1103
878 1043
8432 8907
8212 7872
8279 7469
2350 2954
82 547
3879 4742
6969 6825
2331 1969
5173 4965
8093 8733
7371 7572
1243 1801
6137 5613
8691 9304
5270 5459
4065 3913
4325 4851
4403 3880
2770 3478
27 387
9447 8545
6875 6703
6313 6640
4465 4547
1386 2025
8855 8360
6043 5269
4452 4624
5098 5682
68 541
6697 6949
8933 8898
6259 6634
2274 2938
3558 3547
4254 3581
1463 1788
82 31
9390 9886
7582 7583
5313 5515
64 230
2028 2453
1805 1118
5591 4808
6625 7416
5560 5232
8050 8056
848 1269
1765 1356
7114 7040
5323 4590
7208 7315
4533 5212
2354 3284
2939 2971
7514 7070
7223 6797
7845 7605
6337 5725
5784 6326
3262 3952
2026 1755
753 1408
8779 8411
6679 7317
8279 9049
5996 6223
31 785
1512 1917
2949 3274
6901 6253
2394 2080
4815 4439
10164 9909
9625 9251
6156 5574
2033 2040
6697 7030
2331 2215
91 646
7550 7305
4865 4603
4808 4420
8884 8320
4568 5398
9629 9985
9528 9141
709 1357
5876 6701
2338 3037
9222 9289
2781 3088
6043 6591
6387 7296
1887 1997
2739 2274
8947 8718
3757 4182
6505 6211
7791 7078
4750 4954
7380 6660
8180 7914
3128 2779
4488 5199
7177 6822
4196 3779
36 127
50 458
937 1674
9117 9990
1968 2351
5272 5680
3184 2479
5083 4459
4146 4930
4337 5011
9319 9886
7384 7163
7492 6577
4774 5335
3983 4331
97 529
3615 4264
9744 9351
5422 5837
1185 1510
888 1610
3565 3184
1005 1724
57 825
5023 4265
7346 7193
8080 8331
6271 5289
2157 3091
832 1831
5844 6737
2271 2462
5050 4659
3949 3152
6857 6496
6881 6912
4394 4771
4113 4693
4880 4977
2522 1973
1733 1300
3149 3928
8154 7830
92 27
8852 8687
1978 1493
2660 3564
9076 8175
8039 7238
2206 2946
5079 4991
4903 4839
630 1428
1945 1545
1886 1191
8534 8584
2401 2557
7619 6702
2387 1960
3855 3157
1686 2277
1804 1269
9370 8980
10606 9989
6680 6534
8408 7979
9332 9130
6492 6757
43 453
6976 7248
9115 8711
6056 5710
6343 5973
9946 9098
3377 3406
83 164
8165 8549
2422 2932
1450 1328
7676 7266
7023 7178
595 1344
5907 6320
903 1370
4838 4382
1550 1200
4331 3738
7165 7278
4541 4165
5713 6517
5457 6290
1271 1463
4008 3383
14 926
565 1327
2065 1310
2481 3127
7185 7867
5714 6137
3188 2813
8506 7649
5942 4991
4043 3331
3292 3693
1158 1660
8463 7740
5681 6034
54 551
10583 9781
45 88
41 515
3633 3708
5218 5636
2938 2570
29 900
2343 2845
1169 1557
6093 6238
4678 4288
7163 6430
7920 7422
2890 2100
5307 6134
1338 2206
8676 9061
6141 5389
5257 5838
1877 2123
6771 7106
2236 1965
5436 5233
9776 9139
4695 3840
4937 4730
8816 9012
3102 2734
2068 2100
2382 2603
9446 9789
62 550
2698 2686
3795 2935
4878 5666
70 19
6543 6769
7655 7007
64 806
55 421
1826 2688
2298 2427
9189 8893
3192 4137
2434 3163
8145 8939
9105 8820
4461 4998
8221 8852
6588 6992
10726 9880
1391 1866
6222 5557
7485 7800
2878 3122
2266 2316
6158 5877
6473 7158
2937 2354
3322 3101
8083 8137
7428 7611
2719 3683
5416 4621
1897 2537
8787 9106
5123 5503
2782 3766
3194 3894
4781 4937
906 1101
789 1205
2432 1708
6397 6745
4625 4737
5938 5980
6364 6563
3833 2914
7832 7802
4674 3770
8389 7395
4585 4521
3345 2428
2704 2590
1561 1540
7252 7392
7837 7087
5562 6301
8595 8328
7914 8093
6361 7229
7710 7510
10714 9715
1385 1842
1073 1725
7801 6907
2191 1441
5055 4624
8534 8935
4730 4491
7827 7396
7983 7459
4136 4568
6511 6143
3959 4617
8051 8080
9454 9362
8509 8544
8004 8812
6973 6491
3934 4063
4761 4821
3872 4761
7568 8257
7525 6690
6504 6421
9719 9562
10738 9785
6624 7368
7701 7806
2268 2819
96 893
4598 3935
8456 9380
15 533
4899 5325
7548 6918
5207 6059
8683 8953
8106 7459
2885 2554
5167 5178
2968 3098
332 1240
6951 6685
1754 2032
7934 8579
2936 2596
3339 2944
3705 4302
3627 3657
8169 8719
6954 7138
7261 7738
6122 6037
648 1100
1659 1313
40 648
8589 7703
7471 6843
9141 9425
84 942
10033 9077
7740 8656
3193 3320
5807 5787
6832 6369
8336 7393
1713 1382
1382 1275
2709 2585
8087 7232
1601 2267
3902 4050
6176 6895
3756 3758
10242 9705
8637 8838
9319 9021
2803 2224
8077 7533
39 38
3603 4293
55 382
1336 1076
3883 4466
81 838
3523 3203
8304 8524
6956 7694
7797 7078
7206 6792
5174 5992
476 1441
7859 8197
3390 3069
5698 6361
3734 3269
7916 8904
5247 5267
8203 7963
60 549
3493 2850
9053 9692
2100 2483
9675 8828
6934 6226
3391 2923
96 535
6877 7194
4902 4779
84 204
10777 9974
54 84
625 1108
2946 2376
5816 5841
6668 5876
4923 5404
5524 6453
8739 9292
75 546
3173 2189
2279 3078
6938 6009
402 1303
5274 4712
3901 3753
10127 9739
2852 3246
2914 2324
2542 2705
1788 2094
2276 2699
62 159
6657 5947
7830 8829
4104 3829
8063 7186
28 83
45 767
3833 4825
1802 2188
4248 4982
2865 1958
6914 6121
1658 2299
8484 8728
404 1030
1618 1775
8109 8991
3336 2991
1690 1242
7103 6399
64 452
2322 1351
2416 2064
3128 3421
9308 9395
1050 1848
1893 1088
8883 8993
1005 1542
1575 2449
1632 2449
4093 3662
3372 3257
3112 3565
9187 9729
5868 6553
8298 8356
8751 8070
92 276
5100 5724
2131 2051
4896 4516
9333 9755
6431 7100
802 1159
2262 1408
9532 9585
43 196
857 1611
5029 4242
4130 3597
6030 6615
6647 7043
6530 6078
1451 2134
1526 1117
4000 4164
9274 9563
2669 2291
5697 6493
8548 8858
6677 5994
5480 5414
7715 7344
1725 1271
8252 7572
2592 3408
1696 2209
7901 7889
1056 1479
985 1691
4820 4214
881 1564
9519 9864
4405 4913
6617 6405
27 136
568 1093
9375 8390
6691 6947
9172 8276
27 223
3410 3555
10281 9692
4878 4664
3329 3078
647 1642
79 92
4092 3451
8707 8874
2533 3177
2490 1966
4654 5344
2248 2255
2542 2762
7443 7336
486 1387
2207 3080
3190 2530
9059 8347
8262 8834
4896 5877
3340 3338
6943 7416
75 980
4643 4754
2811 2684
36 631
4690 5151
2683 3269
7955 7059
2267 1529
7843 8502
1703 1594
5817 5299
2072 2252
1625 1739
1205 1034
10234 9250
8326 8490
2912 1977
7195 7446
2141 1367
1592 2076
4332 3953
86 435
7052 6359
4706 4135
6846 7565
3944 4933
7761 7579
6974 7907
5823 6314
7203 7430
1811 1699
1997 2578
8063 7815
8372 8663
8055 7424
3512 4290
53 12
6264 6176
9889 9889
1268 1573
4348 3819
45 909
5542 5799
8188 9158
7045 6634
8886 8573
9053 8366
4231 4947
45 846
6519 7494
4455 3805
8634 8572
1130 1875
7791 8760
2682 3554
10218 9290
17 123
2021 2328
72 368
1661 1779
9672 8963
3118 4039
4516 3558
6179 6135
1562 1435
8616 8411
6010 5957
1900 1041
3449 3354
61 252
4938 5621
2218 3132
635 1534
47 696
4765 5456
5726 5215
7620 8513
1477 1486
7642 7198
5251 6170
5058 4503
7630 7546
7151 7204
920 1122
4031 3629
5384 4831
3834 4527
8393 8677
10249 9339
7244 7098
2436 1519
4051 3409
9910 9188
2034 2582
3484 4274
5986 5514
7037 7091
3622 3865
2597 1671
9644 9264
1623 2323
6937 7314
1367 1889
2694 1948
7720 7949
6948 7583
4798 5258
8142 8442
8591 9435
3383 3500
6716 6136
2579 3099
23 372
1793 1594
2918 2139
7587 7018
7040 6888
4554 4347
2605 2693
7774 7444
7349 7343
7838 7939
9259 9072
4062 3743
75 64
4487 4475
8131 7568
9912 9874
1303 1407
10445 9616
94 836
8035 7962
9894 9025
773 1601
3218 2836
4863 3997
3619 3892
7403 7640
2821 2342
3383 3996
8673 8811
76 59
3242 3607
9197 9784
2927 2060
3408 2859
3255 4012
10392 9705
4928 5463
3148 3067
5995 5214
7079 7916
85 107
8651 8040
3196 3532
6518 6172
41 418
6535 5952
86 795
9473 9838
81 212
4036 3427
6053 5773
1993 1077
4588 4851
44 947
4512 5312
7587 8254
7682 7817
713 1204
2973 3493
2010 1155
4066 4523
6881 7807
9185 9487
8659 9041
8140 7529
7175 7652
7252 8235
7186 6396
7553 7846
3636 4072
7839 7860
7898 6910
1963 1126
7891 7258
8657 8718
5808 6645
3455 3796
6254 6350
1664 2060
891 1559
2155 2886
2540 2563
3713 3748
6099 5137
3910 4493
7700 7218
5555 5960
6025 5624
4613 5527
9799 9497
6422 7307
4076 4501
1934 2058
90 607
6041 5800
7742 7519
4820 5713
49 214
9262 8665
63 106
3573 4062
866 1668
12 146
7502 6633
42 391
6230 6272
166 1047
5626 4699
2808 2657
8628 8645
4777 4460
2252 1390
5252 4881
2389 1817
5643 5223
5181 5118
2677 2644
7428 7931
5646 5318
5579 5957
2043 1792
4524 5251
8939 8833
5145 4798
88 519
8588 9301
8636 8622
3419 4045
8883 8326
3662 3120
6989 7764
7563 7138
769 1759
4828 5370
6525 5532
2326 2525
4066 4848
2722 3493
5845 6647
5808 5231
4561 4089
6304 5443
4087 3987
1609 1305
6044 6831
973 1755
3998 4418
10 920
8535 8571
7864 8755
4223 4688
70 528
2438 3191
5961 6010
6614 6201
4965 4757
6307 6554
5204 4410
6840 7639
6196 7147
6958 5966
32 662
59 117
5294 5425
61 528
4348 3809
3334 3945
6448 6312
8636 9399
5553 5206
758 1300
2424 1948
10455 9490
10357 9442
1545 1958
8657 8221
4756 4189
2534 1866
8688 7805
3282 4167
2951 2373
1014 1873
4544 4003
1649 2627
8523 8487
6248 7178
2168 2152
2781 3640
9276 9889
10608 9711
7730 8516
9531 9058
2961 2195
9701 9336
8821 9804
8468 7780
494 1365
8365 7723
3760 3240
5338 4979
5593 4998
3981 3458
1569 2203
3290 3835
4642 4844
6061 5580
10754 9927
9272 8776
6970 7444
29 726
2336 2847
8376 7599
3572 4563
8421 7877
8035 7164
6164 5343
7148 6828
593 1509
8065 8118
8509 7608
1960 2460
2339 2741
7614 6669
79 764
6930 7132
1282 2106
6498 7426
37 224
5533 5551
3582 3285
4164 3473
4676 4478
9846 8965
1990 1683
6094 6575
8783 9759
3423 3349
1051 1858
2519 2484
5311 5927
2388 2007
8001 8656
7469 6795
3592 3366
4325 3499
4856 5332
3893 4064
4671 5043
1452 1701
6616 7123
3862 4406
2256 1830
7152 6547
929 1174
2692 1770
1819 2583
9402 9352
6181 6865
1594 1285
10931 9956
3493 3023
3637 3726
7388 6632
5567 6007
9596 9682
1734 1744
9078 9455
7366 6795
4548 4500
6776 6730
5998 5996
1919 1336
620 1039
2841 3273
2536 2327
7230 7216
4957 5304
9509 9686
4301 3954
8423 7565
5676 5085
9162 9244
2108 2211
3450 3556
91 846
8850 8903
8916 8365
71 850
1006 1287
1358 1311
3891 3815
72 798
3212 3675
9633 9382
5585 4990
8936 8137
9365 8510
4745 4655
7549 8423
5041 6025
97 286
3898 4073
5797 4820
5153 5681
7072 7536
8260 8346
25 20
3521 2997
6806 6836
3085 2289
4720 5614
4948 5494
46 959
2390 1662
34 770
3290 3239
3043 3461
8061 7554
2981 3775
41 703
6549 5994
9082 9109
2153 2089
4906 4525
3043 2918
4133 3758
2103 1836
5366 4975
3115 2147
8722 9460
656 1131
7596 8238
3305 3329
7687 7930
39 221
7208 7354
7531 8397
4648 5382
5606 5406
83 37
6882 6639
575 1030
5938 5564
6024 5455
4814 5769
5540 4836
9461 9127
1347 1805
2576 3233
2192 1996
1805 1650
4671 4264
5401 5159
7556 7890
4829 4780
5929 6268
1875 2383
1823 2672
38 238
9273 9720
6392 5614
62 91
16 487
5869 6205
2374 3029
6379 6409
82 76
5290 5601
36 301
6094 6841
41 419
2246 3138
2643 2462
6897 6536
6019 6967
2908 2539
3590 2610
6479 7226
2277 3062
3826 4486
6720 7341
7196 6583
3329 3104
6235 6422
4454 4724
8120 7640
5019 4404
9658 9783
8678 7678
5928 5018
7102 6448
4759 5685
63 541
2586 3428
4674 3816
4990 4865
1627 2126
5711 6711
6650 7592
7592 7218
8211 8934
4385 3645
92 635
2647 3292
8660 7787
5637 6493
7900 7252
9943 9600
3924 4245
7671 6766
5944 5318
67 824
3066 2694
1804 1637
5508 5565
1057 1691
3353 3386
9852 9606
4024 3111
57 598
7880 7882
3566 2646
10180 9528
3248 2422
3615 3144
99 426
8996 8434
1479 1431
7378 7857
4073 3303
292 1099
8754 8915
1794 1948
8192 7380
86 160
9744 9681
9810 8890
5873 6202
4019 3375
8102 8470
6494 5980
7228 7383
8485 9404
3821 4161
6392 5682
5639 5442
74 768
1557 1203
4092 3855
1582 1961
8956 8439
2647 2393
5868 6326
8004 8636
10097 9481
5777 5140
6909 7669
5864 6466
4035 3959
4680 3778
60 222
7979 7715
6289 6493
90 397
7030 6544
167 1078
7359 6515
8149 8021
92 79
85 981
10057 9539
2745 3610
4914 4747
7532 8052
6883 6673
6226 6198
1137 1605
3471 3767
4050 3291
5311 5122
8857 9203
8951 9066
55 779
8096 8886
5123 5695
8931 8988
8989 9952
8928 9358
2957 3610
5254 5621
32 559
8790 9310
8471 7762
7017 7671
4891 4567
1700 2317
940 1905
9393 9064
2738 3360
5354 6292
5064 5667
4241 3739
8825 9258
7357 7572
4866 4068
6039 5065
6622 7286
8218 8661
7230 7596
2446 2719
6462 6560
2275 2240
7014 6647
9717 9733
5056 5040
8241 7809
4512 5296
8514 8203
4994 5566
9124 9192
7647 7252
9303 9199
2547 2643
614 1610
1746 2279
6417 6519
28 333
563 1083
8259 8073
3428 3631
92 51
4678 4481
6950 6637
2373 2940
7858 7306
3805 3653
9419 9044
23 587
5197 4905
1690 1885
6904 7586
7264 8142
5090 4335
6936 7765
6680 7395
49 311
6520 5803
2487 1614
9569 8839
3363 4123
6670 6402
5656 5476
23 29
9457 9414
9036 9477
6050 5801
3399 4374
9483 9451
7094 6387
7811 7183
9579 9656
9075 8206
1413 1600
9198 9466
4916 4336
9570 9763
30 501
8153 8344
9092 8404
9109 8839
1700 2073
60 386
2765 2369
1182 1289
7921 8793
5986 6682
49 429
8414 8874
65 144
6084 6374
2706 2333
3475 3756
3933 4773
8121 7661
6816 7401
8714 9059
2258 3251
5143 5333
4672 4272
3521 3056
5091 5372
8754 9696
9353 8710
7140 7891
60 204
6466 7334
5695 4913
8906 8754
4251 4935
4856 5171
2537 2845
2707 3086
4681 5448
2381 1995
6130 6990
3002 3138
6232 6747
3650 4045
8307 8671
5003 4052
53 473
5858 6608
2360 2036
4644 4883
8349 8839
5470 6197
32 415
6181 6106
9035 8945
7142 6699
3786 3138
1691 2419
7408 8202
8686 9205
2834 3282
2294 1416
7812 7928
9871 9081
4643 3765
9611 8629
1854 2492
8233 8823
3201 4107
92 407
36 27
2891 2520
8065 7920
3680 4119
333 1089
3402 2794
4184 4583
3459 3649
979 1707
63 335
8626 8449
1709 1805
2216 2824
11 494
3569 3100
6810 6477
4074 3081
7357 6531
40 503
1349 2126
4706 4502
8639 7717
5645 5461
514 1298
1285 1287
32 513
4843 4445
1802 1291
6634 7037
3529 3153
3882 2942
5034 4824
4313 3314
3010 3567
48 632
7837 7415
8500 7645
7375 7511
7611 6937
2339 2881
2284 2711
2329 2895
5211 5138
7675 7557
5864 6265
5137 6093
1136 1186
5512 5371
4172 3334
4129 3232
2754 3295
15 598
1166 1823
7563 7914
8971 9152
847 1716
5432 6237
10490 9506
2356 1947
3282 3449
8849 8751
8123 8099
10127 9861
4272 3541
2983 3180
7261 8237
1752 2230
1907 1667
5782 5032
4960 4165
5013 5936
9446 9097
9477 9812
3981 4591
5482 5028
1843 1288
5832 6298
5159 5122
5980 6191
2785 3619
4463 5426
2981 2731
2157 2504
6585 5636
8602 8368
8363 7671
2845 2859
1953 1356
5704 5519
6892 6336
9336 8857
3558 3243
2788 2710
7221 6448
3106 2845
37 279
9247 9585
2651 3142
18 594
8292 7603
6763 6545
3165 2546
9842 9493
9195 8770
939 1018
5988 6558
2541 1767
13 351
7776 7687
545 1190
8594 8083
1753 2144
10675 9741
9734 9001
7249 6989
1142 2010
1477 1011
9461 8783
3435 3732
68 808
7109 6376
5628 5532
9310 8516
8690 8718
7135 7911
9056 8193
5258 4264
8656 9068
3530 4283
7517 8015
8190 8495
9164 9307
3204 2891
925 1172
3580 3485
6883 6674
9680 9974
6435 6339
4524 4298
8629 9214
4015 4934
3846 4354
3139 3155
6187 5807
4278 4375
10088 9183
9729 9514
9162 8971
8143 8175
7334 6402
1488 1710
5479 6362
5427 5460
3133 2445
2813 3747
4756 3775
3835 3260
4593 5083
2961 3536
9428 9082
3201 3293
8046 7343
1936 2311
8522 8461
8323 8504
6620 6692
7039 7995
4828 3973
8796 8735
1662 1396
5568 5087
9251 8523
6806 6682
3400 3437
8477 8855
2246 1825
2367 3334
4218 4532
1796 2541
6037 5305
4194 3635
8530 8622
3451 3615
5912 6509
3267 2361
2625 2443
99 82
75 294
8922 8841
972 1892
4333 4207
6829 6317
5408 5947
98 654
6324 6033
3238 2629
45 915
8693 8802
3989 4913
4345 4888
5272 4585
8066 7516
84 1028
1493 2347
1703 1812
4724 4012
4272 4757
6828 7037
10524 9631
6367 6008
4652 4216
1296 1627
6602 7565
88 471
1738 1107
9476 8947
30 533
1356 2338
6835 6540
1229 1674
2026 2263
5462 4504
7477 7647
7960 7359
5631 5191
2325 2458
54 380
7231 7045
58 744
4113 4161
4424 5004
4298 5214
9917 9735
2815 3501
27 466
2637 2835
9603 9593
8833 8515
7568 7283
22 968
6062 5227
7541 6674
8998 9823
5839 5704
1789 1987
44 240
9165 8594
9894 9765
2591 3449
9653 9169
4322 3389
5826 6385
5112 5693
5727 6251
3114 3101
5294 6269
5125 4171
21 176
6410 6078
9267 8517
7726 6810
2372 2737
9176 8741
2325 2429
9644 9132
942 1286
96 445
1682 1296
10095 9308
4413 4439
1691 2602
1414 1141
6815 7513
5034 5463
5564 5064
6006 6322
3606 3094
33 546
76 289
3509 2906
3689 2723
4382 3976
8901 8010
4726 3923
4616 4388
560 1434
1923 2084
6235 7142
2304 2913
6713 5956
10246 9694
7631 6749
4689 5495
8349 8791
55 165
6142 6006
3047 2961
9284 8599
2639 2553
5071 5491
5431 4695
52 369
9029 9250
6839 6046
7581 6638
7958 8158
1731 2722
7134 7301
7824 7174
3762 3743
8678 9257
1528 2171
5286 5211
3631 3909
1670 2097
1961 2804
2962 2896
3432 3907
5614 4842
5081 5062
8584 8935
3559 3409
10076 9715
5367 5674
6770 7586
6583 6352
8908 8375
3943 3399
77 170
7588 8089
6227 6116
8771 8092
395 1081
3293 3430
10276 9354
2218 2006
1201 1899
20 618
5718 5826
6660 6905
5458 5519
10474 9629
6053 5911
6323 7180
2644 2916
4258 4345
4347 4768
8704 9420
7505 7281
4312 3464
9217 8852
1662 1674
2316 3094
2580 2488
5852 5974
6706 6492
4472 4231
7119 7541
4097 3955
6202 5853
6875 6102
73 535
8633 7650
5523 4535
1658 1574
6093 6269
7746 8476
6387 7117
8430 8479
6353 5573
7287 7772
4071 3646
10032 9919
5786 5248
96 594
2024 2010
4496 3721
9396 9744
8577 7902
6351 5729
6002 6628
18 224
3599 3740
29 994
3600 4304
7857 7461
8726 7944
806 1280
1984 1889
5154 5329
8083 9003
93 266
3949 2967
7703 7660
4568 5278
2867 1933
5304 5146
6448 6594
9007 8683
4959 5618
5264 5530
9999 9459
4388 4389
7835 8424
8754 9121
8792 8171
6860 6561
1869 1586
9331 8660
1055 1561
8721 8249
6583 6193
5792 5965
7118 6868
96 691
4138 4455
7827 7038
6730 6002
8297 7706
62 707
48 93
4503 3900
6306 6928
9050 9211
7937 7277
7845 7245
7478 7050
3832 3008
7567 8094
82 638
3263 3307
7055 6802
8325 8928
8709 7865
5857 5392
6904 7441
8166 7166
7438 7190
2952 2710
2182 1686
9574 9660
10692 9728
3928 4357
2161 3048
7901 7002
3609 3292
2752 2484
6172 6190
4064 3387
3890 3672
2191 2082
9759 9545
491 1098
2906 2989
9240 9271
3326 3042
5161 5689
85 111
9289 9522
4506 4416
10319 9364
4498 4484
2494 3143
3581 4049
7189 6382
2041 1756
10090 9536
4278 4213
5429 5184
2616 2837
5080 6011
10279 9403
2471 3291
9833 9058
2572 1734
451 1019
4043 3429
3459 2708
5414 5242
5313 5012
2958 2841
2744 3384
5974 6214
71 812
7749 8012
7445 8176
7266 6760
3951 4905
9410 9096
4623 4275
69 666
2002 2452
2231 2381
5978 5456
5765 6133
7902 8818
32 198
9580 9262
8502 8398
1118 1477
5164 5009
3090 2256
2846 3461
5585 5936
7598 7112
5339 5555
3833 3085
6116 5186
2312 2775
5097 5417
4602 3731
6327 7080
2546 3542
1863 2142
2940 2546
8000 7918
197 1028
5150 4752
7738 7345
8918 9762
6524 5685
38 950
3179 2393
2871 2736
15 666
8059 8075
8759 9110
8956 9769
10349 9366
1945 2580
8823 8783
6193 5382
1385 1231
7654 8116
6996 7753
2796 3603
10205 9894
6860 5918
3790 4137
2597 1957
9120 8338
4398 4615
10490 9714
3635 4518
2569 1593
1125 1529
3289 2829
2559 2748
5647 6439
3236 3563
4214 3791
7990 8396
4492 4388
2943 2205
2042 2112
4126 4770
3445 2620
5581 4848
9232 9756
6393 7136
9841 9873
5851 5548
8138 8444
4316 3411
4172 4128
2060 1235
6792 7012
8843 8251
7744 8640
10209 9432
1171 1975
5190 5707
2854 2872
38 586
35 977
5473 4692
8455 8706
8409 8496
93 494
4208 4794
8595 8125
5840 5472
6183 5823
7886 6985
9191 9013
5377 5273
877 1118
7694 6951
9894 9382
6855 7233
9487 9513
5004 4781
43 950
2752 1765
5163 5947
7877 7298
3533 2583
4437 5386
803 1442
8884 9345
7487 6988
9212 8831
645 1170
7480 7324
7219 7109
7081 6746
4822 3946
8290 9168
2386 1749
84 356
4363 4135
6172 6530
7711 7896
3906 3189
6448 5625
7159 7487
8470 8439
8157 7925
5501 5828
6025 6516
3312 3897
3850 3119
54 523
7085 6584
7287 7929
9043 8836
6645 6949
7906 7162
4805 4009
8416 8751
66 669
6008 6143
3794 4773
2724 3197
7474 6517
6687 6778
82 636
1474 1392
10292 9436
4388 5093
8520 8347
432 1029
3856 2940
6160 6982
4964 5361
4428 4443
798 1358
3706 2909
81 816
6016 6756
7219 6359
1142 1909
7875 6941
4134 4108
2357 1506
9280 9069
8866 7941
6447 6837
8298 9157
55 247
6928 7915
6271 6577
5095 4975
8990 9327
2169 2364
5999 6100
24 819
3196 3144
3975 4318
1540 1337
2969 3760
7009 7774
2087 2454
2783 2564
6969 7268
18 961
3146 2530
7713 7684
6011 5724
4144 4292
3654 3299
4114 3732
4329 3798
6296 5711
6861 7374
3841 3092
2370 1692
9359 8572
1135 1979
4470 5010
10078 9644
9247 9926
99 230
8963 8307
19 812
6896 7184
703 1492
8412 8409
4352 3948
9005 9243
5868 5405
3982 3910
3910 3386
1773 1346
36 636
5534 5697
2238 2808
3753 3950
5935 4969
6776 6309
7303 8021
6097 6333
7921 7666
2447 2721
6584 6905
915 1473
9191 9282
45 735
7085 6313
3363 3685
3721 2773
1691 1581
3069 2532
10181 9254
7303 6317
6290 5844
4269 3745
2511 2006
8034 8492
9177 9527
35 321
24 640
8288 8647
3675 4450
3955 4633
8290 7440
1224 1515
10018 9318
8117 8643
6245 5614
3999 3986
1405 1344
2087 1999
4201 3620
46 570
7086 7603
9911 9694
10 225
6538 7177
3900 3489
3873 4697
5137 5816
36 858
4741 5628
8951 7951
6780 6911
8549 8732
2355 3058
9117 8537
2717 2247
1735 2533
4909 4732
1427 1159
359 1025
4556 4366
4787 4954
2906 2127
7355 6926
3612 3162
2378 2287
4550 3869
5711 5119
8150 8502
9411 8970
8763 8878
9031 8175
6265 6501
8366 8979
4477 4113
5505 5775
8822 9131
73 920
3040 2897
9601 9800
8959 9057
915 1324
1599 1166
3925 3206
4833 4050
7494 7220
93 560
9485 9977
7989 8534
5079 5484
6959 7524
72 131
6323 7008
9408 9417
5024 5228
7607 8013
8309 9061
6141 6910
6434 5928
4412 4436
6219 6115
6687 7040
3154 3448
1919 1287
6019 5730
8143 8760
19 198
7192 7458
9326 9660
93 154
5883 5077
9550 9958
5014 5760
2833 1935
8904 8690
271 1031
6588 5926
2078 1418
4412 5131
4845 4742
4610 4482
3212 3839
8753 8678
8002 8380
4780 5490
8934 8459
8474 8653
1848 2793
2025 1812
9228 9159
2115 1286
8073 8649
39 185
8371 8873
1748 2257
4969 5625
2375 2703
5507 5928
7159 8110
4596 4793
5308 4547
4684 4567
9061 8376
771 1695
8470 8322
7802 8747
8141 8467
20 210
9468 9991
7265 6431
2957 2057
10088 9798
4903 5058
7852 7499
3332 2677
6810 6718
7962 7110
16 535
3480 2501
9437 9862
7818 8619
8203 8697
4762 4328
2731 1852
2553 3314
8487 8238
5466 5994
7240 6880
3647 3664
9595 8816
10262 9729
6586 7115
2042 1418
6363 6450
6288 6341
2280 3008
8821 9663
5620 6346
5695 6695
2374 2310
6475 5667
7929 8926
53 43
5872 5815
8615 7861
7880 7364
9488 9066
8834 8965
38 965
9132 8466
8609 9423
5601 6251
75 537
50 572
4255 3659
9230 9605
3310 4030
10028 9773
5045 4217
99 105
5754 5783
5541 6034
3474 2601
4610 3797
4602 5369
2623 1984
4838 5279
4240 4525
8229 7958
5498 6051
11 533
5478 5656
7445 7510
3043 2189
6270 5486
885 1149
5294 5816
18 406
5854 6370
9536 9287
8407 9103
7147 7309
9821 9709
7355 7081
9703 9075
4970 4823
1407 1387
8038 7724
4000 4004
7644 8530
7348 6726
9390 8687
1586 1861
510 1094
7130 7818
6319 6285
1356 1990
9599 9643
2828 3598
2421 1694
4848 5530
2888 2871
3866 3537
7582 8292
48 337
1273 1540
2757 2121
4235 4115
2190 2285
7877 8703
4679 3759
2428 1747
6154 7099
4584 5166
84 743
2702 2424
6048 6511
3282 4260
3377 3908
10017 9194
3840 4596
3089 3643
4364 3801
20 281
7962 7169
7070 6472
78 624
3832 4166
2381 1764
1442 1041
6864 7523
7342 7819
21 167
2389 2354
1655 1300
27 739
9682 8897
3854 4372
8464 8162
3137 2520
4485 3501
4195 4164
919 1909
4137 5117
7041 7621
1609 1225
8398 8897
3136 3650
2368 1759
45 73
2339 1981
5824 5971
2173 3157
7239 7849
5036 5096
10865 9969
6199 6965
49 15
9887 9067
9316 8818
9322 8908
8665 7837
8600 8604
3336 3615
553 1553
2925 2972
8031 7414
5884 5819
10270 9610
77 387
1839 1338
8754 8587
8010 7551
9354 9369
6469 6539
5757 4887
9701 9657
5320 5538
12 602
4559 4564
9517 9139
6787 7224
5157 4326
64 791
40 774
2133 2418
7809 8731
6087 6210
1492 1723
99 517
7669 7086
6328 6176
25 837
5922 5310
7966 7776
8512 7989
10072 9280
9006 8655
3630 3058
73 134
9326 9901
4005 4505
8459 7492
3592 2686
5254 4444
98 610
10519 9707
2924 2086
3376 4059
4415 4530
6487 6382
8755 8471
7745 7084
5284 4968
7443 7581
6989 6924
7943 8511
1149 1154
6959 6445
7826 8815
7199 7170
64 720
6563 5992
1996 1423
6263 6532
5574 5315
9481 9393
1767 2008
8609 7693
9656 8748
93 728
5824 6017
1649 2222
8145 7558
6938 6111
5404 5031
34 84
2993 3131
3700 3304
4003 3078
3631 2934
6863 7830
3875 3790
7792 7252
5001 5791
6508 5666
2642 1919
4709 5069
2704 3311
9497 8574
4668 4322
7160 7324
4671 3755
370 1226
98 621
6038 6141
8386 7649
7477 6606
4024 4237
3836 4288
70 392
7863 8314
5859 6804
6442 6151
4758 4675
5155 5970
76 261
4494 5354
6346 6163
5756 6458
9973 9873
5966 5656
7233 7765
4937 4015
10665 9997
4687 4970
2329 1846
6752 6774
2619 3105
5826 5518
70 254
1410 1358
2130 1583
1838 2012
7866 7942
8960 9576
72 67
51 750
2113 2004
3787 3474
9591 9936
8466 8158
7498 6524
9267 8300
9926 9262
6059 7054
9220 9964
2151 2571
2043 1866
5930 6840
2920 3086
8510 7778
42 793
2140 3060
3401 4194
1020 1729
3727 3515
6716 7259
4260 4881
5573 6252
2374 1417
81 546
9524 9158
31 61
3327 3682
8982 9287
6623 7238
8624 7734
40 310
7737 8644
53 1001
7084 7260
9489 9479
4345 3783
4689 4895
2913 3805
8526 8601
3117 2320
5011 5518
9100 9253
5927 6038
9912 9572
6973 6286
7527 7271
5364 5034
4314 4574
5034 4837
2039 2115
82 63
6011 5686
1695 2010
3231 3712
43 501
5806 6600
2517 3446
6256 7030
4385 4585
9943 9799
2873 2715
6309 5581
3243 3069
8763 9693
3808 3575
9604 9151
6503 6367
3185 2821
7261 6843
2484 1494
4421 3894
71 312
80 619
5607 5796
7779 7044
5204 6177
3392 2549
9824 9001
9126 9884
4689 4901
69 460
7310 7483
6828 7752
8743 8643
5623 6417
6917 7899
10098 9658
4529 4662
3232 3952
7518 7045
4027 3982
95 891
4611 4368
3755 3306
4957 5489
7811 7440
79 257
6550 6271
4814 4060
1952 1293
3316 2854
93 492
1644 1656
7068 6402
5989 5059
2518 1925
4703 5049
2265 2917
2640 3250
2873 3299
4319 4152
2536 2965
9287 8379
2545 2052
4791 5707
8468 8485
3625 4242
7942 7669
5685 5439
13 693
6825 6402
2150 1528
5428 4791
10283 9313
9829 8977
8268 8301
5787 5346
9058 8448
5824 5575
7612 6800
26 881
581 1426
6087 6946
5173 4967
72 939
6030 5687
9263 9207
2561 3009
846 1028
8691 8404
3225 3745
5154 5914
1115 1125
6218 6158
17 376
7125 6174
4253 3651
3870 3975
8078 8992
2819 2717
1158 1369
7483 7465
3649 3765
6348 5652
3239 3916
5291 4640
4754 4198
3619 3975
3599 2988
6265 6345
8607 7718
1980 2102
3625 4020
8756 9073
4705 5305
83 407
9646 8842
6958 6852
7718 8258
7916 7912
2896 3476
7131 7056
5887 6124
8426 7481
7166 6661
3748 3388
2772 3353
88 409
5432 5803
2267 1772
2323 1538
3910 3225
7030 6194
3866 3709
8499 9112
5564 6129
1969 2160
603 1374
57 976
6822 6676
7618 8049
9135 8233
8567 8899
6874 6852
50 610
3397 4375
7866 7990
911 1316
45 596
5547 6008
847 1812
7238 8069
2681 2511
9276 8712
30 119
5054 4509
10187 9695
7266 7404
3573 2789
65 137
4025 4960
7767 7223
59 981
4159 4236
7010 7517
7072 8054
2926 3520
2032 2227
2441 2106
10915 9985
5627 6070
1006 1246
3839 4035
14 300
6221 6759
58 95
10304 9456
826 1206
7453 8301
9021 8597
4065 4165
3013 2886
4544 4117
1994 1501
7334 8334
7080 7618
4137 3925
7127 6991
8826 9193
4157 4531
3126 2136
9622 9334
2089 2818
7655 6911
1693 1190
4888 3998
6329 5605
9188 9261
9697 8925
1247 1667
8073 8832
2530 3261
5864 6766
7129 6839
8195 7418
6916 7680
8133 7462
10036 9761
7683 7179
5849 6740
8958 9488
9734 9718
7233 6768
5986 6056
4898 4075
36 555
5081 5269
5197 5876
2579 3223
8444 7844
2799 3277
9128 9433
6740 6345
7113 6616
3335 2716
4922 4224
7844 6998
5888 6660
9595 8908
4564 5310
10 64
9364 8971
4025 4043
3733 4533
4631 5030
8055 7457
7905 8744
4608 4544
2217 1878
7884 8207
35 1009
3060 2704
5091 4976
1186 1736
9688 8736
2975 2966
7780 6873
5432 5524
1577 1722
9358 9247
6778 7770
7102 7406
7559 6774
3115 2867
8250 7460
2343 1672
10386 9680
8431 8009
7807 8492
23 685
1534 1583
10380 9426
6363 5413
8881 8329
9559 9507
8776 8474
4218 5070
4248 4066
973 1660
60 866
9734 9581
7712 7293
8042 7543
1323 1837
8897 9120
8991 9664
4091 4381
4096 4660
5253 6088
2283 1422
1037 1770
8146 8812
3703 3834
6069 6756
1864 2532
8265 8388
960 1784
8561 9341
1250 2085
10164 9508
6648 6059
9133 9076
4391 5204
6278 6247
97 265
9243 8390
9044 8585
902 1445
6037 6634
1719 2297
4997 4332
7323 7806
6391 6891
7185 8004
4647 4583
3477 2840
4763 3787
8829 8310
7834 7974
7039 7676
6191 6301
6616 6988
4175 4259
10118 9950
7172 6795
6657 6023
69 225
99 860
5242 4321
4357 4161
4233 3971
8694 8738
6122 6785
1972 1945
5682 5849
4100 3551
7991 7606
4830 4485
1120 1335
3242 2257
7806 7941
2737 3371
5676 5223
3017 3509
8267 7468
10037 9819
9064 9196
7730 8621
3724 2817
45 738
8241 8626
3662 2672
1737 1928
3466 3853
5920 5916
5051 5546
3528 3397
3981 3210
8400 8882
2135 2312
10368 9743
6006 5193
9098 8454
1560 1397
7567 7353
2656 2831
2817 1887
7159 7566
5789 5135
8949 8348
3238 3447
6678 5711
39 364
3990 4601
9067 9656
8885 8309
6965 7840
1449 1570
3160 2406
4076 4762
3043 2716
88 956
3769 3500
3201 2554
1251 1597
4692 5279
5789 6708
7341 7576
7071 6869
7669 8157
4998 5566
9168 9837
6737 5962
2582 2132
3991 3256
2631 2785
9482 9778
5587 4952
83 976
43 150
1418 1476
35 698
9667 9546
9074 9322
1117 1585
6466 5627
10798 9950
7576 7468
8587 9177
6245 6387
4542 3558
8227 8268
29 774
2459 2848
3845 4757
71 476
2990 3554
4332 4354
5979 6416
6825 7131
100 193
6095 5490
3641 3078
3169 3946
2886 3485
70 879
67 933
10273 9773
4811 4856
8136 7292
88 386
8269 7393
90 111
1986 1716
5991 6252
63 206
1517 2391
2830 3481
9149 9621
3382 3057
2169 3004
74 474
5577 6378
8987 8197
2592 3271
9283 8527
5319 4680
9169 9869
7887 8767
7782 8782
8258 8858
7979 7731
7088 6273
7161 6717
7237 8013
5997 6981
2303 1642
5973 6077
47 758
2444 1637
6754 6842
2769 3246
94 890
3222 3471
6539 7273
8659 8848
5384 4768
8075 8734
3306 3885
7727 7462
5015 5154
5355 5102
2764 2285
8913 8676
4531 4284
6521 6791
70 522
4643 3834
98 300
8038 8972
2628 2259
1464 2109
8541 8812
65 382
4446 4233
3887 4311
10238 9263
8834 9686
4827 4512
6980 6252
3034 2349
4504 3811
4013 4032
7936 8686
47 411
5567 6085
5037 5611
2961 2991
70 812
8876 8788
1551 1963
5620 5873
6484 5772
1562 1861
10021 9205
3457 2806
1809 1992
7301 8083
1977 2745
2883 2956
4468 5015
7387 6745
2220 1589
8907 9757
6330 5589
4597 4029
6205 5981
7507 7549
6838 7456
7926 7716
8284 9156
4219 4188
8740 9249
2392 1629
4188 4794
4132 3785
3691 3493
8751 8110
10130 9735
5731 6054
2588 2069
3327 3614
3968 3855
2168 3075
8367 8479
9262 9094
61 415
1587 1829
1117 1487
8593 8609
2340 1591
70 62
6765 7195
7051 7715
9883 9065
4067 4651
2436 3277
85 999
75 501
3309 2958
488 1152
6919 6107
23 39
472 1211
7211 7710
4649 5573
6528 5752
30 701
4381 3568
3222 2912
6457 6638
1528 2252
4023 4502
2307 1713
98 653
1519 1294
6721 7602
2072 1639
1031 1975
766 1708
6109 5161
3387 3458
7200 7717
2338 3038
7041 7305
6482 6338
5282 6204
7292 6688
42 436
5753 5202
2263 1727
9661 9946
6630 5834
3241 2776
4536 3837
1330 1191
5997 5334
42 101
9856 9807
7564 7778
1617 1566
4677 4432
8383 7418
6409 6145
6735 7424
3046 3037
1581 2416
96 173
4785 4975
4905 4227
2929 1991
7354 7777
3490 3598
9502 8881
8014 7843
4268 4414
4304 3376
8211 8929
7291 6645
2149 2015
6283 5911
9751 9079
9807 9412
2945 3606
8583 9507
8377 8663
83 249
7219 7327
6764 7154
7403 7927
2256 2971
5242 5720
1848 1029
2401 2228
4476 5156
5091 4316
9169 8270
8315 7429
59 195
3208 2843
4398 5389
6727 7425
7862 8436
2772 3475
2572 1914
10060 9801
5058 5777
2099 2160
2706 2147
3352 2850
5546 6414
3005 3522
3366 2529
8200 7891
5728 5853
2125 1673
5806 6203
8785 8302
7780 8613
8254 8889
7682 7555
1885 1284
94 147
2298 3285
8843 8268
4885 5863
3154 3075
6061 6135
4700 4065
5347 4534
6195 6939
1921 1454
6737 6663
66 68
8319 7474
3584 2812
7315 7096
3864 3047
7250 6479
6013 6216
8941 8236
7647 7877
4758 5530
73 140
10037 9891
5457 5669
3521 3178
10400 9415
5127 5614
8323 8916
4685 4598
3219 2811
4903 4512
94 497
1834 2811
5607 5826
6801 6468
8473 9240
8839 8582
6502 7373
4142 3683
5990 6177
3826 3149
10182 9490
6965 7251
5957 6825
5096 4332
4796 5760
4988 5061
2603 1999
9227 9155
2874 2372
7637 6764
7096 6703
3397 3416
3986 3924
6645 7549
4774 5584
8055 8189
7740 8574
8896 8589
9227 8564
10406 9456
8042 9024
56 824
10 730
8186 8732
8239 8514
2465 1845
5467 5877
8639 9439
1323 1023
8677 9050
2764 1766
4823 5212
4004 3122
17 173
6084 6699
5081 4130
7909 7788
3216 4031
7533 7910
9530 9111
2031 2402
5432 5330
8104 7244
4824 5139
7259 8015
8649 8903
9772 9040
8557 7709
4773 5511
31 783
5903 5527
5371 6094
1997 1495
9037 9903
2720 3363
5124 4729
8749 9273
9949 9332
11 259
1915 1275
52 808
6155 6013
6033 6807
2023 2399
5388 6280
5733 6158
6971 7905
9080 9274
8820 8745
6369 6458
2699 2040
6516 5612
5069 4195
54 524
9297 8860
5964 5214
2181 2722
9585 9649
1751 1481
8143 7992
6851 7278
22 73
8814 9298
8015 8823
5065 4428
7470 8196
8323 8511
8321 9020
1655 2559
5784 5387
4545 5381
5175 5489
5922 5569
9013 8235
7350 7746
6033 5273
7127 6470
3763 2976
7925 7109
42 500
6876 6180
3495 2773
9382 8507
4053 4913
5025 4716
9928 9447
8947 8029
10344 9491
4950 5826
5951 6845
4396 3936
9151 9610
6027 6839
6348 5724
8026 8527
51 632
3595 2948
2679 3645
7355 8234
19 252
9903 9110
4708 3711
4914 5589
6562 6768
5618 5604
5860 6340
50 353
8058 8840
1559 2424
2188 2311
698 1435
8080 7436
6955 7344
1209 1195
7778 7752
6149 6815
6691 6070
8445 9139
5584 5297
9285 8971
8574 8128
8642 8292
6034 5978
3747 4555
9339 8664
5223 5049
7793 8365
1693 2272
1130 1789
74 978
5342 5126
6610 7210
3972 3664
3848 4521
8145 8465
2586 3300
3452 3331
8433 8308
7304 7749
5237 4993
3481 4053
5379 4969
2162 1804
5260 5798
9679 9506
4090 3819
9340 8707
10588 9829
10518 9717
3871 3750
5225 5503
8554 8857
5029 5269
4423 4377
8108 8634
6343 6026
7544 7742
6556 7221
4654 4843
7449 7384
2812 2908
5768 6247
6477 7129
4066 3766
8583 8711
7034 6923
97 32
5205 4286
8873 9366
5783 5716
7513 7575
9002 8625
7595 7630
43 839
5754 5880
7304 7085
14 82
46 165
5654 5039
1344 1987
2972 3806
2314 1884
5736 6324
1673 1444
7233 7512
7834 7848
8505 8588
8315 9174
9870 9172
83 859
4427 4320
3630 3123
9870 9673
9032 8329
3496 3229
3921 4671
7859 7345
6853 7834
69 86
99 170
10423 9852
7623 7899
4948 5288
5266 5612
3346 3487
3322 4068
7886 8619
7056 6122
3282 3448
1247 1417
7621 7596
1955 1712
5308 5366
3343 3531
6848 7352
8891 9450
6805 7259
82 951
7352 7421
3313 3159
6797 6660
5342 4410
5179 4208
8279 7319
3749 3401
1531 2428
9493 8497
7261 7402
2528 3168
7582 7943
6904 6547
6402 6323
8115 8974
3806 3775
67 552
9131 9548
6200 5505
8326 8958
9469 9204
3419 3656
8199 7862
10409 9541
8999 9804
3812 3465
5151 4603
6174 6460
7849 7814
7725 7345
5035 5988
5186 4667
7506 8060
4084 4456
7539 7134
5520 5032
7096 8050
3664 3993
6270 5427
5947 6380
9066 8609
6991 7293
9162 9500
3699 2933
7558 8518
2792 3049
9862 9451
2131 1783
7598 6951
7573 7319
6865 6285
2185 1372
9793 9396
2249 1270
1352 2231
3414 3746
6555 7303
8379 8674
9861 9782
7582 7396
6774 7526
2765 3249
3751 3101
6137 6128
418 1098
3037 2278
1350 2101
9348 9926
6174 6576
10 75
2641 1841
22 746
97 205
4885 4185
5889 6275
7780 7972
5364 4963
9469 9202
28 617
10296 9628
8644 7726
9718 9070
8091 8769
4440 4723
5254 5626
9049 8479
3482 4130
9936 9825
7396 7537
8001 8580
2547 2932
5335 4363
1859 1317
1808 1657
817 1550
7944 8730
7359 8327
9377 8719
3424 3359
797 1659
6171 6086
4602 5273
4752 5159
4082 4233
7206 8130
7817 8274
1400 1998
4851 4123
4509 3674
5054 5360
15 115
6692 7089
3832 4019
6968 6943
8785 8752
1426 1782
9337 9208
1197 1169
6876 7137
6228 6036
5304 6232
2637 3503
10312 9443
6765 6650
2691 2804
1860 2548
1789 1615
8910 9440
8584 8231
6417 6822
40 108
2758 2957
7195 7764
5981 5093
10047 9715
2420 2488
6742 7454
1262 1643
4151 3754
7359 6696
8684 9414
5364 5712
7791 8416
5711 5939
4705 4072
9538 9137
2594 2034
518 1493
81 10
3645 3366
8877 8885
729 1626
8151 8570
1788 2082
8253 7446
3778 3813
92 553
2356 1457
4681 5412
1064 1682
5654 5879
4198 3273
5553 5585
2327 3115
9824 9029
3179 3684
16 687
2285 2278
7529 6807
3953 3866
1323 1432
9077 9445
2746 3621
8546 8332
3197 2325
8709 8283
9635 9577
7373 6603
2633 2952
2337 1675
9175 8501
3162 2729
9129 9079
26 108
7182 6963
6298 5497
5478 6007
3395 3840
4262 3479
5007 5762
5160 5403
8974 9182
5322 4604
4983 5829
4725 5007
7075 6937
7341 7567
1419 1021
8976 8473
83 258
3162 2782
9605 9942
10373 9789
7125 8001
5214 4936
6821 5873
9793 9899
2673 3449
6671 7418
3435 2962
5100 4527
4358 5108
8970 9206
61 381
6787 7070
4366 3991
4457 5192
1108 1530
39 863
9546 8766
8857 8484
2963 2492
4863 4216
10380 9461
9839 9139
8917 8207
56 510
6338 6100
95 791
73 355
2186 2776
3207 3780
2832 2257
9207 9958
7142 6185
8317 9113
12 92
6937 7911
2474 1512
9862 9654
1826 2525
10031 9137
2072 1302
7962 7382
3745 3622
4825 4424
9183 9902
4454 4439
91 154
2087 2379
8215 7264
5983 6556
6792 7433
6975 6933
8409 9313
7842 8620
8061 7375
8108 9085
3361 3569
7134 7141
4394 4375
8535 8272
5059 4260
9164 9724
938 1477
3164 2324
4876 4795
8631 9520
5253 5002
10440 9673
2212 2210
7004 6330
9559 9700
2385 2017
8257 8894
8352 8430
9065 8819
2659 2856
37 625
84 653
1319 2123
7565 7361
3477 4050
7049 7771
88 635
3504 3467
6338 6207
3625 3073
10881 9958
4744 5348
80 215
100 654
9465 8529
5969 5515
4248 3457
7319 6849
2099 2959
2189 3095
3847 4252
6383 6219
6915 6665
10035 9107
6139 6262
6672 5937
9007 8312
8382 7469
4545 5357
7481 6762
11 503
479 1235
4601 4040
6768 5786
2672 2465
83 387
8279 8190
7306 7684
9924 9357
2902 1973
3682 3307
4313 5236
1893 1148
8794 9329
5075 4403
8671 8410
8935 9704
3231 3050
6655 6984
64 437
3987 4627
6797 6377
8831 8281
58 550
8250 7606
675 1416
7299 7399
5552 5174
6881 7761
7467 6720
87 124
3064 3581
1394 1399
3236 3435
5151 5347
6131 6598
4281 3868
544 1370
44 840
5872 5131
1175 1685
61 807
1674 1946
6205 6042
1450 2227
8182 8943
9001 9736
1144 1481
3021 2145
6030 6888
8685 9401
6560 5618
8417 8795
2767 2260
7376 7177
10531 9754
4644 4448
2593 2660
3633 3587
10247 9286
2417 3155
5528 5854
6182 5742
3014 2725
8482 7946
5856 5776
5754 5488
3704 3525
8944 9124
4678 4797
32 121
7256 7613
8349 8300
698 1195
2643 2005
8917 8759
4345 3411
3197 3700
3898 4530
41 774
1876 1597
9570 8927
7470 7181
2782 2964
8901 7980
3540 4493
8982 8242
5356 6231
4167 3609
8706 9353
628 1443
7687 8087
4202 4286
2483 2768
9262 9875
2387 2000
5677 6649
21 597
8594 8600
5705 6465
1846 1921
3409 3761
38 875
8534 8405
6822 6438
1476 1892
6675 7276
8395 7812
8897 8615
7575 7824
54 122
4773 3914
4296 4714
7910 7315
2157 2824
6485 6361
6649 7058
8332 8656
5980 6365
9356 9222
5936 6651
2060 1432
2781 3304
6475 5970
2431 2803
5923 6237
871 1333
3770 4703
2094 1729
4240 4739
79 1000
3696 4274
9202 9602
8482 8203
7006 7265
5361 4745
10802 9960
3365 2577
33 332
8972 8813
6413 5483
3264 3449
6235 6835
2446 2887
8298 9011
4836 4915
10897 10000
4616 3895
3261 4149
6448 6647
3574 4542
51 510
4693 4616
2135 2922
3070 2590
7752 7972
1429 1476
9530 9173
7551 6962
8370 7957
8518 8290
9081 9265
3651 2797
4395 4710
8287 7391
315 1130
6171 6866
5642 6416
3919 4204
5935 6466
1212 1972
2923 2367
4589 5332
20 552
2093 2080
95 879
47 91
1592 1072
7590 6629
6473 6993
8900 8373
5993 5036
5392 5953
6299 6985
9449 8603
10189 9903
5732 6359
7170 7293
27 942
6186 5792
3609 4225
5842 6024
6274 6746
3586 4288
2622 2893
4157 3500
3778 3836
7179 7289
1729 2292
94 188
2435 2980
1809 2114
5916 4918
10038 9843
8027 7317
8326 8294
10303 9669
4884 5216
6389 5466
9167 9472
9981 9039
72 557
5822 6294
3565 3420
5145 5446
2810 3664
3290 2597
53 260
7297 7482
9396 8688
3926 3950
8523 7979
5901 6521
2495 2079
7172 7498
8117 8417
10246 9376
6705 6485
8517 9330
2943 2213
100 155
8009 8314
4190 4331
7818 7551
85 414
10531 9965
2598 1846
7073 6457
1930 2527
63 425
2671 3171
4734 4044
3477 4062
1087 1164
4522 5246
9393 9471
6831 6110
6946 7014
2413 2128
7235 7530
8452 8442
2576 2673
8367 7606
3891 4772
7059 6062
8038 7106
8140 7594
4260 4760
9191 9201
2513 2092
6729 7359
5702 5446
4428 4049
4212 3871
7126 6376
5086 4292
6158 5252
2205 1718
3597 4557
2119 2534
3723 3778
6387 5567
9173 9577
985 1820
