2526
50
6559215
48 45 54 52 52 51 58 57 51 48 44 44 58 53 53 50 58 44 56 40 57 45 59 48 46 54 60 42 50 40 47 52 45 60 42 55 41 59 54 53 57 46 42 44 49 46 51 50 59 57 
-52060 -47779 -59240 -51406 -47532 -61277 -59807 -51327 -46360 -47657 -40804 -43422 -50680 -53085 -53278 -43171 -59803 -43890 -54867 -33599 -59564 -43714 -56923 -48532 -52788 -48275 -60186 -42298 -44289 -35703 -43895 -49749 -47876 -59247 -44736 -52150 -40789 -63019 -53973 -57461 -51209 -47604 -46783 -48057 -44761 -44636 -47711 -46959 -58893 -61245 
61404 55573 68898 60844 56149 70937 68977 58544 56173 54255 48097 52201 60049 61904 62450 51415 68466 51923 64877 40771 69652 52170 66133 56758 62096 57103 69330 49557 53171 42059 50607 58066 56557 68771 51626 61685 48477 74063 63240 67105 60760 54757 54825 56845 51834 52912 56867 56151 68118 71560 
3696 3487
6088 5315
18 39
4846 4777
7596 7863
1955 1607
9731 9291
4208 4957
2879 3076
5585 6288
1914 1140
2487 2977
9084 9534
7879 8755
3270 2360
5811 5406
7756 7678
3198 2601
5513 5531
7902 8872
2977 2432
5567 6519
461 1019
6651 6001
8912 9080
9553 9312
3424 2879
8042 8282
10 657
2870 2684
2459 2419
6597 7089
6832 7786
10659 10000
8036 8900
35 771
9012 8316
2511 1711
7471 8328
8952 9494
7762 8170
9436 9236
7917 8382
10 752
9482 9444
1011 1129
4496 3868
7464 7617
8431 8656
7935 7562
14 676
8465 8246
1193 1642
2737 3711
2237 1931
9743 9561
8691 8471
6991 6395
1101 1905
7273 8050
5135 5457
1776 1646
1782 1887
5877 6286
7300 7122
5079 4471
1306 1092
9452 9466
1944 2182
3609 2863
7416 8263
2816 3043
2598 3361
7445 7521
7240 7870
28 13
9017 8312
2032 1658
6622 6288
7344 7020
6901 7226
8385 7489
5186 4305
5138 4633
4910 4711
8210 8206
8184 9110
4308 3355
9403 9212
5772 5177
45 408
5144 5066
6427 7252
4128 5126
8626 7963
3807 4572
7413 6977
2714 2476
6137 6577
6286 5424
7696 8441
4887 4493
7664 7193
812 1484
4990 5369
8547 8658
7122 6670
2690 2465
5117 4845
6416 5868
1731 1184
1700 2206
6372 7001
4779 4691
3316 3279
10306 9705
7700 7099
7980 8962
3185 2758
8050 7465
3687 2737
9081 9424
6044 6109
5021 5741
7914 8730
7387 7081
5167 5934
5873 5234
40 706
6766 7183
9675 8768
4277 3522
4693 3700
5573 6571
6820 6672
8044 7996
3821 3685
93 611
8369 8792
3848 3107
1656 2413
8232 8351
4661 4241
8467 8558
7705 7169
2757 3522
42 519
6157 6782
8503 9388
6319 5379
1254 1116
1389 1199
9002 8305
6167 6354
86 615
4708 5472
22 392
3221 2566
4652 4617
8026 8164
5887 6057
246 1188
10164 9497
4284 4741
7377 7552
2806 3094
27 758
5129 5709
7732 7729
7441 6748
80 207
3433 3293
6958 7469
4654 5284
6617 7311
4299 4584
883 1706
4114 3990
4470 4124
27 483
7297 7495
8961 8263
76 950
8778 8290
2618 3146
7452 7791
4940 4656
9564 8573
3193 3519
5815 5342
2338 2573
8157 8062
2376 2675
9577 9010
7289 8070
7025 6639
2838 2186
8067 7705
4261 4606
7224 7084
4885 3987
10192 9848
7996 7016
5051 4246
4356 3545
4469 3715
3616 2834
5796 6276
90 257
3445 4224
2358 2158
1679 1118
87 39
7522 8286
3156 3168
75 680
3437 3984
69 703
3846 3877
9406 9708
7077 7986
1210 1151
4320 3513
4678 4556
5267 5595
87 604
7099 6634
739 1229
6368 6313
7452 8096
1978 2813
3958 4898
72 395
6673 6063
4975 4109
48 969
4095 4961
6849 7285
1810 2240
3536 3800
7788 7689
10956 9988
10102 9678
4265 4541
2436 2688
8189 8797
7828 6841
8843 9407
2136 2829
3801 4315
4020 4513
7376 6654
4074 4171
2198 1978
6509 6558
6766 7228
9922 9865
2601 3387
8967 8705
1904 2687
4566 4717
7575 7072
3550 4423
9440 8632
7085 7440
6131 5905
8754 9450
9245 9065
4186 4647
3725 3821
3226 3370
2881 2689
7149 6624
8085 8146
8691 9279
5691 5497
6016 5664
1773 2558
8040 8526
3530 3419
84 588
5985 6229
6931 7519
3444 3393
4279 4216
8485 7624
64 978
50 749
7485 6720
9676 9462
7741 8266
7166 6739
8975 8456
8265 9083
4286 4052
6325 5646
8570 8085
9962 9226
5974 5108
4590 3735
7903 7437
10162 9299
2259 1808
2234 1651
9478 8671
87 963
4827 4581
7039 6690
1238 2223
8058 8746
8100 7121
1425 1846
1306 1422
4612 4611
10579 9801
8361 8585
5707 6302
2359 1768
4643 4821
5981 6878
8285 7716
2382 2734
476 1350
8226 8501
7102 7756
5779 4957
1647 2539
9403 9593
7153 6721
1408 1146
1998 1244
7412 6489
10248 9495
5635 6346
6653 6964
7937 8195
6589 7361
63 971
9526 8661
3637 3382
3105 2978
3093 2217
6859 6166
7879 7726
2150 1698
7931 7848
35 199
2006 2843
5615 5203
8335 7430
6918 7715
5829 5036
4811 4120
82 165
9132 8867
9224 9786
4397 5086
9418 9095
86 278
1962 1304
53 403
6101 5612
6393 5630
1379 2315
10395 9411
5828 5218
40 425
3218 4036
54 56
2675 2741
4778 4857
10 76
8908 8743
2111 1613
8433 7538
4546 5418
93 372
2164 1969
6922 7106
2444 1606
55 810
9482 9384
2311 2117
7611 7016
6476 5536
5863 5615
3505 3113
7222 7570
5661 6566
5634 5891
7607 7331
95 192
4254 5138
4193 4501
1692 1185
5192 5704
9645 8888
8198 7872
5143 4857
2238 1632
6940 6950
6972 6466
832 1629
5062 4888
7636 7734
894 1227
32 539
2463 1688
7820 6830
3925 4177
1763 1168
5859 6853
3387 3601
2437 1666
7887 7188
8701 8675
5133 4200
4470 5464
8566 8917
9195 9998
4213 4341
10236 9633
6773 7494
104 1047
3132 3524
1980 1946
1730 1084
33 550
9615 8821
5625 6540
64 207
759 1682
75 907
83 737
81 240
6055 5099
1347 2099
5467 6057
6634 5830
8637 7703
9709 9635
2629 2921
50 636
1532 1200
5168 4673
3106 2202
7294 7452
25 519
4877 4296
7821 8789
1569 1408
1761 2125
2791 3364
9419 9586
10598 9952
5997 6096
10007 9663
7288 7943
7096 7482
4193 4046
8542 9264
832 1113
8176 8989
32 878
2802 2128
3218 4053
3828 4681
6319 6341
2331 1811
5845 5888
55 745
6029 5076
3616 3185
4734 3751
3345 2933
5554 5561
2234 2516
4644 5344
2398 2136
3235 2890
3824 3470
4781 4973
6709 7313
5758 5432
9369 9523
6859 6134
1290 1037
6943 7232
8078 8545
5643 6119
56 660
6219 5256
2911 2557
10148 9301
1888 1674
8890 8713
6679 6196
1915 1066
10040 9658
1237 1991
7331 7055
3144 3241
4906 5168
25 134
7366 7177
4654 4305
5179 5715
10353 9816
5059 4132
4866 5611
3304 2622
7354 7740
3155 3829
5974 6252
5983 5485
6125 6144
6372 5676
3576 3541
7214 7549
7447 7255
6685 7302
1894 2473
4943 4492
5316 4676
2564 2539
3676 4456
3652 2894
3107 3286
10553 9907
6838 7656
4184 3695
9969 9095
7177 8058
58 724
8171 8479
7430 7104
4381 4246
4233 4273
8055 7057
6196 6950
3352 3508
2429 1876
5030 5370
8423 9027
1295 2116
1386 1017
6741 6089
3471 4331
6405 7156
2700 3342
3804 3908
3975 4633
1373 1406
37 558
4127 4632
1522 1082
13 403
6596 7101
4789 4012
2643 1704
4669 4998
93 383
3328 3889
9043 9967
5142 5199
2322 3049
4428 3802
4122 3674
3802 3054
5981 5346
2661 3132
1356 1922
7813 7668
8349 8398
2961 3105
6462 7266
9733 9352
3293 4198
4156 3305
5883 6336
3523 3742
3685 2725
4421 4337
841 1628
6529 7402
6143 6510
8477 9149
4137 4949
6226 7057
3690 3652
5838 5047
1569 2219
7208 8068
6471 5709
9504 9978
1816 1561
7571 7031
44 117
3054 3331
7343 8094
4501 4974
9770 8870
3740 4714
5180 5382
4199 3387
6162 5374
6831 6280
1888 2423
3442 3127
2336 2518
1953 1318
9844 9427
3236 3083
7616 8509
4391 4863
6026 6428
3903 4403
52 184
832 1317
5766 5654
2111 2181
7285 7236
9318 9996
1785 1381
2375 2650
8884 9809
2564 1914
5715 5827
1513 2244
1584 1662
3506 4271
8797 9543
7614 7109
4383 4999
9712 9191
2642 3608
1915 2488
9125 8643
5268 4640
3120 2840
6399 6695
6916 7148
2953 2933
4641 4934
10001 9422
40 763
4199 4440
2449 2238
1008 1713
4213 4156
1584 1680
2121 3005
1527 1332
4042 4847
8279 7892
3353 4272
5031 4551
4948 5832
3462 3356
1843 1048
1646 1035
4783 4188
6133 5873
9083 9646
4348 5242
5348 5965
6577 6624
2532 1844
3539 2919
860 1556
3067 2731
9089 8669
6831 7572
7810 8502
2600 3171
5395 4890
7720 7317
519 1058
7489 6628
2140 2974
5675 5065
7382 6655
2360 2523
6030 5398
7137 7206
7147 7564
3940 3396
5968 6577
6994 6740
8661 8785
7116 6501
6111 5218
4735 3767
6294 6834
6098 6579
2113 2383
8495 8685
4074 3600
23 797
9149 9072
2550 2675
5093 6034
8106 7300
4115 4005
1067 1466
3687 3545
4624 4999
10294 9964
5542 4777
3612 3833
9577 8747
82 291
35 653
93 328
83 835
2320 2148
6493 7430
1225 1850
8406 8165
10666 9759
7128 6424
3881 3707
7543 7640
9839 9139
8519 8598
8935 9620
1147 1357
2269 3227
6239 6395
4815 4643
77 218
3087 3136
5263 5336
6063 6113
8432 7923
67 838
1691 2373
7387 7141
8862 9121
6414 6555
1702 2091
5222 5446
5582 4680
4043 3639
2946 3211
3097 2759
601 1227
82 304
4386 5153
8865 8950
4723 5271
4741 3801
57 723
9723 9626
3303 3611
10471 9840
6084 5568
8693 7988
42 398
7231 8206
2687 3635
7928 8252
2509 1527
7092 7712
1091 1236
3441 2488
5860 5551
7140 6574
727 1414
2709 3605
2368 3354
2228 1759
2803 2171
8295 8871
9230 9410
6644 5885
2835 2196
2195 1987
1037 1554
4960 5445
7985 8915
6954 7679
6716 6835
7047 7161
4807 3869
2935 2603
7506 8206
70 856
2406 1447
1596 1488
3442 3141
1490 1711
3805 4441
2826 2296
5173 4294
3259 2685
5196 5852
4883 4234
9943 9592
81 186
19 456
3180 2358
27 622
8697 8787
8624 9096
5148 5738
2909 3721
2792 2780
33 235
6143 6268
3864 4243
9883 9626
6145 6400
8757 7865
4704 5366
175 1062
703 1598
9675 9546
7892 7320
4457 4606
5764 5294
2769 1949
9857 9283
4959 5514
6366 6003
6959 7807
6705 6761
4361 5023
6444 5458
5390 5108
6063 5182
5863 6418
8998 8956
7926 7501
1859 2698
9587 9136
3132 2527
4905 5473
6261 5792
5714 6383
4475 4619
6192 6612
2835 1929
7472 7694
32 78
6096 5378
2997 3277
6666 6288
3827 3616
3767 3621
27 457
7615 7874
9013 9192
3163 2614
8660 9611
1672 1938
687 1113
4073 3594
2770 2119
6217 5250
2119 2352
8791 7877
7655 6873
24 797
6261 6962
6033 6070
6067 5423
2416 2773
9149 9164
8923 9786
2080 2260
948 1328
5009 4044
5504 5382
3574 2683
3657 3330
8635 9248
4007 3777
5225 5286
42 922
2824 2565
1831 1274
7477 6899
6379 6974
8545 8909
1247 1847
1901 2548
2724 2561
6900 6211
2223 2887
9485 9378
1974 1388
99 698
3481 2685
8895 9417
5494 6204
1108 1302
3346 2438
3999 3377
1031 1783
7250 8144
2499 2457
5014 5641
9147 9464
3155 3874
4853 5754
4975 4841
1785 1647
2987 3557
79 890
7254 7086
9780 9210
8625 8269
9426 9134
5924 5849
7961 8039
3533 2965
9256 9863
7783 7003
9061 8828
76 284
30 135
32 42
1999 1818
1799 2365
5550 5651
8890 9028
4471 4369
9520 9247
7782 8747
2087 1262
5010 4979
2651 2865
6118 6375
7491 8303
8588 8629
38 222
3001 2385
12 174
6380 6713
7271 7232
10134 9828
2520 3352
3814 3438
4443 4910
6240 6327
557 1245
5553 4684
3845 4825
3444 3027
9213 9519
4906 4472
6259 7107
4959 5527
7328 6807
7795 8248
9770 9806
6508 6262
7464 6707
25 806
40 58
2560 2201
79 39
7558 7958
7161 8097
5001 4160
8040 7563
6825 6085
4462 4135
7417 8187
7220 6392
59 695
8091 8828
7843 8744
8076 7717
40 169
4986 5963
7239 7216
8266 8724
49 828
2238 2438
9466 8614
7519 8349
9770 8800
6174 6739
4165 4203
1922 2383
2958 2497
3767 3283
5570 6225
6307 6427
54 464
8831 9830
1641 1288
185 1026
4392 5376
36 950
1129 1092
7360 6630
6048 6736
2439 1573
5283 4715
4117 3938
74 253
7871 7999
80 718
1867 2149
1239 1925
7557 7900
3163 3318
3522 2546
4170 5106
1119 1203
4762 4359
3665 3610
6817 7783
5565 4707
9936 9855
4319 4735
2592 1994
9439 9904
5364 4545
2218 2204
7804 8575
2657 2434
24 502
7686 7165
7110 6707
5124 5180
61 254
5935 5412
8343 9028
4184 3926
8709 7865
7631 7574
6047 7008
60 382
7501 7610
7386 7836
6849 6663
6758 6991
5143 5053
8909 8121
7062 6299
6284 5934
8518 8960
6031 6667
338 1082
2697 3042
8138 7840
2296 2013
8851 8280
8035 8877
4193 5023
10519 9743
2080 1387
3724 3789
6783 7515
7818 7435
2380 2338
3721 4649
3498 3103
6357 5697
4118 3387
5593 6280
53 360
6429 6914
2452 2065
3449 3605
20 717
3746 4533
7151 7457
1816 2048
6723 6578
66 577
7682 8460
8518 8042
8210 8576
7997 7713
5774 6166
2383 1927
1827 1760
7696 6854
1550 1307
3667 3524
9559 8628
1627 1240
3219 2353
8554 8979
3722 4118
4739 5448
7609 7524
7889 7322
13 315
17 308
8669 8965
44 442
3683 3234
6901 6771
6828 7486
4742 4562
5154 5266
2110 2314
3573 4544
7127 7658
7761 8382
59 679
7870 8705
2573 2467
7943 8470
1276 2138
8272 8483
2148 1700
1892 2275
7357 7430
3186 2918
6506 7284
3624 4263
3550 3686
8828 8640
5758 5907
7561 6794
2602 3560
3666 3511
4677 5066
82 230
3354 2934
3042 2687
3849 3712
2806 2067
2174 2071
2407 2680
5130 4508
4343 4461
2982 3733
1765 2346
8100 8065
2546 3012
2773 2621
7087 8031
7689 7939
5714 5991
7611 7116
6411 6586
4343 3623
2511 2282
21 915
8442 7923
7956 8528
9899 9206
9125 8299
2137 2394
2035 1984
5537 4846
1246 2089
7469 6642
25 514
9255 9757
6820 7236
2427 2279
7295 6626
3066 2716
4782 4327
35 42
10221 9955
9458 8486
4985 4656
10117 9771
6692 6759
5469 5657
1539 1710
55 803
55 305
5423 6389
7642 7668
2409 2545
9314 9263
3247 3157
9735 9492
7009 6469
9640 9435
72 774
7300 6825
4263 4506
7282 8203
590 1413
1799 1417
31 949
3245 3543
6447 5482
2481 2578
3785 3541
1057 1260
6082 5263
7868 7729
7140 6375
1488 1660
1829 2561
7377 8164
8804 8218
76 844
53 64
6461 6806
4070 4738
4137 5096
3398 3070
6750 6617
8924 8408
3405 3168
7873 7055
3935 3784
8408 7586
4767 5685
7551 7908
10260 9928
10336 9344
8412 8038
5377 5028
83 673
9399 9436
6451 6474
3856 3940
43 762
4357 4160
5450 6242
8007 7128
5124 5199
9307 9474
4390 4915
2208 1612
2033 2765
9274 9070
9872 9879
6388 6067
4864 4624
8060 8724
1692 1645
34 566
6239 6252
6565 6885
8630 8224
607 1312
8837 9729
21 430
3127 3411
4569 4440
2505 2528
8142 8564
6201 5595
10504 9913
7574 7730
3919 4037
4894 4904
4599 3911
8549 8437
42 69
8899 9411
8491 8600
2791 1998
8327 8317
7002 7618
43 149
2149 2812
7000 7225
7464 8049
8555 8747
1499 1685
9524 9317
9498 9296
6131 5961
9512 9580
1986 1386
4474 3921
4463 4036
6393 6093
438 1017
87 465
5873 5559
2908 2547
2637 2431
6734 7368
7426 8042
650 1388
1221 2149
3527 4381
8587 7829
4967 5954
2930 3276
1976 1495
1263 1313
5972 6807
6486 6407
9377 9580
4997 4606
3994 3935
9103 9561
3144 2364
2427 1948
9237 8286
6774 6147
9833 9775
99 666
5111 5503
1119 1252
5967 6493
6132 6912
3961 4347
2927 3337
67 790
48 376
2646 2312
4545 4293
6651 6414
8491 8770
3109 3485
6453 6456
5821 6372
6833 6913
3325 3726
2147 1526
3909 3112
3254 3634
7117 7621
8901 9146
2600 1828
100 58
5347 5053
8086 8869
5006 4276
3111 2607
7789 6870
2617 3217
7988 7577
27 672
1160 1411
1993 2144
7837 7976
2980 3404
5223 6108
8534 8752
771 1068
4282 4885
43 792
6778 6316
2018 2377
10572 9585
6597 6948
4419 4094
6355 6015
7382 6699
8483 7626
9199 8227
4559 3974
8755 9081
8365 7881
6416 5969
4545 4665
3313 4132
7963 8220
6955 6409
4715 4187
5459 5062
3722 3047
2246 2960
9437 9501
8906 8996
3900 3744
1982 2084
1792 1119
8011 8487
38 216
4028 3359
1129 1162
19 257
7620 7297
9265 8802
4988 4228
1702 2501
3899 4430
4523 3685
4695 5070
63 894
8720 8662
6641 7364
7541 6813
2825 3019
3130 3807
6111 5610
8147 8585
4076 4975
9133 9781
8484 9250
4583 3670
4802 4631
6535 5582
9730 9366
3521 3102
1651 2396
2008 2627
91 640
31 39
73 93
9384 9114
10042 9258
8972 8503
10027 9830
4862 5654
6528 7077
4223 3758
3622 2793
2925 2382
6898 6476
6376 7153
3895 3314
2475 2163
71 398
8877 8934
8509 8764
4859 4856
2880 2501
3765 3417
6444 6288
21 547
6254 6737
5902 6870
8448 8040
76 929
7774 8471
6173 6976
10164 9322
5793 6739
9221 9201
66 398
10083 9437
32 422
5755 6013
81 809
1845 1723
4635 5518
4374 5208
2886 2022
5480 5571
7108 7806
1119 1325
1600 1953
4241 4199
1740 2043
3223 2377
9458 9974
6309 6782
63 516
7255 6884
4942 5707
339 1060
5307 4719
3895 4376
1534 1369
8507 8956
3310 2689
2195 2796
1701 1451
2425 2982
8773 8202
7368 7291
6298 5897
4294 4969
5308 4625
3197 2204
31 520
5516 5286
8173 9135
2630 3518
4050 3955
2680 3128
1435 1248
1280 2028
9543 8654
9226 9549
775 1221
9071 8241
9943 9056
1404 2229
7789 8004
6082 6926
8874 8558
7763 8154
4378 5067
2943 2366
4964 5758
1126 1750
4254 4167
81 626
4665 4244
7244 6442
36 359
3797 4136
5084 5189
7840 7019
7938 7686
4378 3840
10 556
87 789
1992 1886
1841 2515
4729 4344
5581 6034
3824 3230
987 1039
6683 6613
20 35
2606 2379
6810 5880
5182 6004
3433 4169
24 391
6913 7045
7951 7216
4065 4356
7071 6139
1262 1237
3104 4084
10554 9696
707 1331
66 976
7701 7819
49 753
5712 5343
2006 1344
7841 7725
6971 6797
5108 5962
5677 6222
10857 9925
100 239
1962 1381
4163 5066
8021 7531
1161 2110
8035 8410
7802 7300
5921 5226
6116 5441
652 1070
5388 5004
7116 6618
65 284
2502 2424
5340 4542
3649 4343
3339 4076
5200 5960
4564 4199
32 594
1292 1084
4069 4172
1888 1077
3592 3027
6309 7089
9750 9495
7335 6937
10069 9619
2756 2328
6960 6021
5342 5064
1536 1790
4003 3956
3689 3672
25 195
8759 9096
2968 2603
8064 8710
4470 3695
4365 3658
10573 9936
5457 5850
3560 3874
7010 6932
91 29
2568 1902
4099 3544
7350 7166
9593 9429
8647 9389
4291 3956
6336 6743
2064 3001
4379 4494
1464 1883
44 814
4557 3576
2183 3029
5090 4477
7002 6013
6051 6782
2066 1605
10547 9707
3424 4193
6751 6168
6893 7775
2269 2838
9774 9626
5667 6071
6426 5717
14 771
7540 8427
5058 4423
3530 2938
4254 3654
2783 3220
2034 1713
8640 9522
7353 7706
2248 2583
5128 5598
3723 3813
2072 1225
7334 8226
7135 6921
44 393
10402 9954
5658 4925
7449 7759
3632 2771
6924 7669
43 129
8350 9083
83 962
4757 4988
8643 9312
4053 4897
9668 8725
2274 2673
8660 9482
10214 9711
7754 7878
4935 4704
6846 7820
50 262
6451 5558
38 206
4292 4328
3019 3874
7230 7473
1285 2218
3669 2886
8258 7686
58 38
3384 3695
2456 2107
5229 5898
7349 6812
7795 8172
3476 3222
2611 3151
7611 8469
6391 6114
1307 1320
9880 9011
7337 7400
10439 9607
4652 4517
8787 7923
9047 9473
7442 7725
2996 2767
38 773
1629 2623
10227 9893
2524 2876
3498 4403
32 791
6123 5413
3423 3584
9917 8991
6798 6526
9506 8959
8124 7833
7146 6476
5162 4193
3424 2853
1721 1695
86 831
4903 4410
8506 7855
3936 4207
3618 3059
3419 3289
4842 4105
9071 9575
642 1231
2525 2882
6476 6580
5718 5010
1588 1730
32 874
32 30
73 148
5357 6334
8511 7557
9193 9128
8936 8032
7674 8551
8618 9219
2977 3779
1897 2209
6769 6784
428 1198
706 1119
3456 3617
5153 5904
8978 8277
85 361
7767 6872
2346 2842
9614 9656
2074 2768
4585 3653
8808 8891
4148 3792
8864 8384
5945 4968
9588 9347
7866 7434
6179 5989
291 1149
1988 1503
8480 9429
5304 4727
24 1001
7109 6782
16 598
6962 7364
1503 2108
3168 3144
8318 8572
15 672
9574 8663
5351 5727
2672 2321
2367 2049
1427 1440
8739 9405
5175 4215
6498 5937
6406 6504
3263 2894
3627 3187
3842 4578
4117 4171
4373 4486
9939 9776
8339 8103
6683 6029
5025 4126
4013 3292
9540 9787
8533 7775
5926 6270
2342 1473
4873 5712
7330 8015
6913 6533
9746 9531
1918 2042
4073 4528
88 893
2772 3392
1004 1987
5183 4703
8818 8429
4384 4765
39 376
5721 5395
1870 1767
7469 7732
2701 3585
4142 4199
8237 9222
2777 2036
8179 8385
5033 5009
3531 4471
39 440
1654 2526
5321 4906
4207 4295
6131 6664
6509 5865
5388 4639
2704 2788
4144 3866
4442 4648
10113 9157
1235 2165
2068 1587
15 926
9325 8394
10517 9789
2520 1681
7899 7556
6303 5673
7548 7580
5647 5149
17 299
6886 6975
95 911
8483 7665
9715 9234
4126 4901
9388 9840
6279 5641
3925 4617
4025 4228
3847 3615
46 1002
6898 7057
7420 7871
7655 7973
6958 7048
79 800
3388 4382
852 1296
2601 3110
5633 6605
6204 5875
5737 5222
8430 7850
9637 9879
4765 4948
7916 8228
1843 2554
49 687
8164 9018
10371 9499
6522 6974
2926 2177
9130 9702
3967 4476
6923 6328
5231 4391
4265 5043
2095 1804
7367 6568
7299 7857
10206 9881
2499 1861
6834 6789
669 1205
2664 3003
48 899
7971 7296
4889 5268
8204 8499
3117 3493
2709 1801
70 31
5115 5339
4864 5107
5517 5493
2720 2880
2794 2380
6320 7134
1348 1282
5531 5476
5061 4881
4019 3205
6967 7830
6408 5741
2837 2939
6347 6420
2727 2095
7038 6464
8143 8449
9333 9386
6729 6962
7861 8675
4691 4720
6889 6814
3973 4636
2398 2414
2824 2808
9765 9684
8859 9146
6911 7479
6993 7448
7256 7761
6975 7304
4987 4941
2253 2219
2194 1276
6701 5821
9295 8966
2317 1336
6216 6952
3918 4545
7561 7476
3004 2348
74 702
6106 6293
10229 9830
7734 8632
1838 2113
6153 6955
9064 9822
6122 5154
7792 8197
6814 6195
15 983
5495 6089
9374 9101
1771 1921
11 930
2995 2623
7247 7201
6075 5523
4058 4364
5342 4872
2287 2428
9727 9561
9921 9484
45 927
7625 7372
2362 2672
5150 5735
788 1526
3963 3049
9406 9362
5119 4711
3879 3009
5383 4522
6884 7712
4840 5140
4831 4497
3742 3179
689 1167
6184 5602
5740 5198
77 921
3577 3888
5523 5249
64 689
4935 4594
2573 2567
1810 1720
5708 5164
6976 6883
5316 5860
7914 7959
5192 5334
879 1570
2056 1252
2685 3140
3704 4136
2651 3103
2108 2496
10066 9771
8165 8218
5830 5896
3089 2560
4055 5011
9645 9485
8099 8524
7349 8002
9478 9748
6549 7453
1544 1152
5954 5983
9901 9847
3740 3346
5297 4927
9746 9265
1045 1582
8682 8845
2853 3657
9562 9915
6800 5952
5238 4404
7946 7144
6003 5727
10093 9731
1649 1990
2668 3567
4438 5270
5966 5551
69 335
16 240
8301 8518
10094 9818
2297 1364
5700 5500
1607 1418
4411 3866
7962 8935
7148 6906
4033 3525
51 780
6521 6215
6562 6626
6459 5753
3581 4000
8130 8945
7957 8952
2269 3204
6540 5934
7104 7108
7360 6824
8917 9078
8363 8331
2393 2634
2965 2276
3038 3951
1992 1452
3777 3662
9298 9911
8354 7947
5253 4600
24 488
4615 5368
9221 9017
4916 4056
6199 6497
5695 6645
1675 1244
5684 5225
8552 9425
2298 2440
5372 6257
4806 3914
2331 1374
2856 3552
4937 3975
7056 7478
6341 6206
574 1292
2405 1808
8248 8295
90 173
3815 3696
1924 2527
1870 2296
5222 5110
2864 3525
9342 9935
4958 5076
2469 1891
18 981
4952 4040
9722 8978
2538 2851
5128 4903
8693 9136
360 1325
3581 4105
1348 1751
6508 6844
3385 4313
5060 5355
6350 5721
6498 6545
5604 6355
3895 4280
2404 3119
8159 8925
7399 7223
3904 4428
1304 1867
944 1591
6006 5549
6701 6073
4810 3897
4362 4160
35 730
1327 1335
76 681
8017 7848
9082 8684
7501 7718
79 657
6092 5830
8878 8311
10113 9420
5165 4713
2492 2837
3110 3371
1340 1278
7842 8303
5403 6276
1655 1591
6270 6545
5452 4589
7769 7100
3782 2869
6216 5278
3778 4619
3956 3538
8240 8266
7682 7461
10036 9975
5890 5968
4721 4220
54 628
90 73
9521 9825
2520 2968
1655 1558
86 559
7905 8294
1725 1185
8442 8126
2493 2971
1923 1312
7763 7051
3847 3150
2427 2452
6698 6531
33 73
2263 2654
8795 9144
9999 9314
7116 7133
9253 9171
3995 4234
2156 2473
7165 7534
10061 9281
8775 7858
5613 5796
9760 9840
3710 3472
1909 2729
68 212
2620 2734
2661 2148
7656 7547
1689 1477
1223 1066
6435 6490
4992 5496
7458 7667
4933 5493
7938 8685
3137 4025
9877 9703
9154 9751
8914 9055
7640 6640
7923 8074
3948 4152
4003 3976
4559 3567
7450 6626
6200 6632
6364 5901
8754 8687
5864 6361
3041 2858
4628 4201
7773 8343
7043 7878
9052 8685
6176 7051
5051 5234
9509 8626
10085 9363
8516 7964
90 989
2299 3004
7433 7896
3127 2718
2767 2385
95 523
10344 9690
4313 5014
6075 6818
10034 9812
1725 1895
32 774
4096 4526
4753 4064
78 872
7056 7421
8248 8203
7500 6516
8693 9611
6028 5040
4762 4816
3147 2288
7145 7512
2447 1510
2722 2668
8734 8998
4978 5578
7102 8058
8531 8559
7146 7705
7660 7339
5333 5358
3827 3291
4859 5627
6862 7246
8475 7590
1217 1243
4773 5561
6962 7700
9861 9375
8868 9298
83 546
241 1060
5116 5953
1830 1133
7147 7053
8910 8769
3934 3110
8290 8520
6183 5385
36 260
3273 2587
5174 5907
5621 5562
3418 3750
2459 2492
2221 2476
5343 5396
2594 2782
3466 3130
5780 6235
4637 5301
5624 6045
5829 4851
6727 6148
3082 3025
4213 3609
9249 9713
2468 1676
1830 2028
7531 7769
3612 3255
2025 2314
19 907
70 776
7282 6619
4738 3826
8277 8052
5998 6747
7608 6934
5673 6542
2659 1837
4858 5399
6393 6043
9365 9324
5410 5954
4862 3875
5224 5237
9833 9814
3246 3843
5238 5936
1661 1079
4199 4498
1432 1920
6252 6204
1841 1430
5465 5298
3572 2922
1544 2209
7653 8544
7290 7850
5939 6540
7640 6761
4146 3957
2845 2551
4833 4239
7335 6400
4398 3416
5975 6586
6723 6151
9920 9615
4877 4174
3677 3835
4048 3694
7100 7452
8934 8601
1228 1503
6758 7037
2667 3538
1846 1098
9461 9258
6978 7496
1890 1149
3549 4388
3456 3495
21 984
3190 2703
3673 4328
1307 2075
7054 7604
46 250
7552 7466
9097 8864
2454 2565
29 101
5690 5702
2499 2738
6058 5755
7746 7404
2244 3232
7994 8750
8366 9330
3233 3427
1980 2530
8864 9568
31 705
2682 2145
7167 6412
6587 6082
2758 2847
5041 5719
9701 9951
442 1108
4833 4070
51 860
90 513
2248 1722
7382 7149
4866 4728
8479 7866
9056 9262
22 29
9158 9890
9555 9668
9162 9586
8594 8850
21 56
8680 9234
8824 9254
1507 1922
2385 2194
7703 8211
58 168
8832 9737
62 450
7392 7131
2833 2671
4268 4769
87 1026
2199 1571
8068 7504
9782 8902
3994 3111
1413 2292
8172 8724
1873 2200
61 705
3322 3533
7429 6757
4273 4892
3832 3417
7509 7331
80 915
6841 6381
32 548
2395 2407
10 811
9356 9204
29 57
4709 5552
25 779
1984 2939
28 810
4445 3601
4560 5535
2806 2810
36 142
1731 2446
7744 7685
6974 7477
5690 6450
7329 6459
4625 4476
4322 4562
5007 5835
1532 1100
8663 7701
8314 8235
7471 7804
3669 4613
10026 9618
7593 7770
3968 3815
81 35
10148 9460
6251 6340
7360 7984
5774 6165
1897 2067
3037 3933
7730 7134
61 675
4936 4732
10496 9691
50 1015
7524 7278
3138 3903
7599 7101
1736 2263
8646 9395
9138 9225
8645 8020
2528 1665
1034 1124
1698 1363
4825 4155
6350 5993
99 383
8364 8675
8480 8079
8482 8607
8058 8323
6110 5310
10234 9345
318 1072
1983 1845
3228 2689
2088 2310
8703 9423
9263 9437
7020 6973
7800 7663
2089 2217
7838 8820
2213 1290
2757 3350
33 20
3131 3065
10611 9961
7113 7259
87 58
2318 2922
2782 2563
7376 6874
4157 4974
2960 2697
7760 7237
52 722
3297 2755
4567 5450
8302 7602
8278 7613
2188 1949
1911 2826
7126 6235
6289 5935
89 348
4563 5029
9333 8439
43 968
3831 3870
27 559
8026 8173
5934 5618
6630 7119
3445 2992
7941 7636
2684 3220
3801 2988
8041 7742
750 1303
5558 5495
6690 7023
10129 9480
9221 8488
4147 4428
6283 6115
566 1470
9863 9976
5935 6121
247 1199
1591 1040
3034 3766
7268 8120
2082 2565
1785 1918
9761 8777
4509 5158
6138 5942
9490 9493
7194 7838
8820 8744
9858 9378
7629 8100
3089 3107
2684 2814
4420 4152
9122 8750
6968 6981
7764 7073
8481 8543
3475 4284
3004 3222
8440 9175
7848 7915
68 641
9448 9805
2600 2157
2163 2231
2866 3724
2659 3050
7155 6291
6251 6179
7275 6823
3796 3951
8644 7862
3376 3764
3670 2722
8946 8126
8822 8062
6003 5775
5286 5088
4724 4259
5360 5895
3843 4358
3390 3804
1931 1457
4456 3492
5362 4738
37 839
7054 7720
