4926
100
12950721
40 59 54 45 45 50 50 44 44 50 44 53 51 57 54 49 46 42 51 50 49 49 50 42 41 50 58 54 49 48 41 41 59 54 58 60 49 46 53 58 41 46 44 43 44 45 46 52 54 40 60 40 42 47 51 49 59 45 45 60 52 52 54 56 42 45 57 48 58 56 53 55 44 60 42 42 60 47 54 41 49 57 53 41 52 48 42 46 43 49 48 58 40 50 40 40 51 50 51 60 
-42641 -79779 -70197 -53956 -50980 -59057 -55763 -50829 -51552 -63152 -50619 -54731 -65814 -68645 -62770 -59384 -52141 -47014 -50064 -60374 -63293 -59694 -53322 -47844 -57484 -60567 -69262 -60918 -50778 -53764 -52054 -55047 -74257 -65802 -76498 -66536 -62308 -51559 -60741 -65526 -49729 -52862 -58162 -55006 -51990 -61930 -53189 -55659 -67490 -44477 -78053 -41897 -50928 -45326 -55995 -67480 -75395 -66089 -55542 -65711 -57956 -59353 -60683 -70346 -50192 -47333 -68333 -72244 -66477 -63664 -62492 -58110 -51772 -70340 -56321 -51889 -76097 -57473 -63107 -46493 -58131 -74533 -70819 -46216 -66412 -55948 -49845 -53173 -54982 -62540 -58299 -68647 -44148 -51935 -53191 -47803 -66415 -61994 -62321 -67529 
41244 79589 68786 54201 51170 57816 56892 52201 51934 63152 49502 54260 66555 67014 62628 58592 52928 49141 50367 60656 61861 59246 54153 48390 57434 60331 69421 61248 51458 54238 50949 54596 72933 65859 76640 66254 62812 52956 60417 65320 50501 54190 58124 55015 53334 62007 54195 56791 65970 43988 77132 41417 51611 46631 55166 68109 75822 64107 55623 66689 58457 59095 59980 70405 51088 47344 69395 71231 66512 62729 62055 58552 50601 70591 55823 51662 77459 57341 63788 45246 58607 73812 70537 45742 65758 55936 50103 53300 55648 61877 59842 69087 43478 53057 53553 46096 66484 60365 62478 67014 
8308 7489
9242 8517
5768 5853
3141 3683
6906 6009
4852 4519
5535 5453
3264 3480
2818 1974
794 1730
1811 1355
8085 7594
5131 4566
3905 4707
5278 4508
3206 3922
1193 1983
755 1424
2729 1892
8153 7278
46 749
2601 3126
3494 3875
2419 1672
3729 4386
6816 5837
7723 8563
94 102
60 923
6382 6076
6998 6341
8337 8402
2475 2601
4143 3383
6405 5466
19 428
3621 3284
6249 6064
6977 7214
4713 3825
8973 8819
3408 3240
7643 7311
5260 5720
4417 4534
3884 3430
9139 8382
59 606
6369 6060
1304 1152
9289 9425
3820 4443
2210 2016
6779 6153
3763 3722
2368 1803
9502 9924
6710 7145
8678 9576
5726 5971
3575 3816
3843 3807
9221 9637
9050 8726
4391 3972
6358 7111
9578 8995
6842 7015
3218 2596
9555 9897
440 1204
5647 5554
3609 3509
8202 7610
7287 6290
9141 9350
5512 4796
3558 3714
744 1717
7879 8427
5051 4834
6162 6761
8333 7617
1783 2532
5743 6496
7874 8241
93 945
3334 4073
1802 2164
7532 7915
9476 8844
7554 6687
5135 4944
2394 1570
22 450
8873 9663
2492 2670
8207 8153
7062 6806
3201 3034
7223 7962
8057 8545
34 24
7039 7931
2074 1675
7772 8567
9515 8889
9345 8595
2369 2026
3081 2606
6490 6597
4494 3722
45 823
683 1064
8404 9129
5751 4925
68 248
68 192
1714 1069
10164 9805
6532 5924
902 1338
3139 2914
6473 6600
10160 9401
6400 6807
6453 6429
9557 8563
8419 8790
10122 9339
5852 6402
8908 8303
8262 8645
5037 4970
10080 9259
6475 5730
5925 6626
1518 1172
1662 2332
4225 3644
2003 2589
3587 3730
9522 8919
22 967
3675 2852
3417 4260
4266 3704
7359 8079
11 61
10235 9513
6050 6784
2198 1915
10697 9958
2766 3137
2039 1179
5591 5168
6555 7531
2374 1737
2676 2995
984 1597
7300 7050
6583 6685
297 1103
9013 9843
3104 3068
1601 2147
2507 3275
8580 8191
6093 6637
5802 5745
2795 3721
5110 5985
6972 6542
46 190
6942 7367
2329 1746
3698 3559
5533 5903
5915 6198
5656 5115
8977 9391
96 776
4503 3591
6269 6822
8904 9299
2987 3135
1453 2162
8183 7692
7209 7915
9274 8427
6706 5796
8922 9392
5236 5196
9533 8536
1442 1200
2214 1802
3880 3007
5746 6186
2785 2584
5235 5897
6459 6550
7527 6584
52 167
5912 5196
5707 5610
3153 3847
10568 9874
1675 2345
8285 8874
5933 5220
3806 2887
1122 1497
7331 6784
464 1055
52 207
3431 2573
16 812
8966 8284
5828 5978
4816 5061
2319 2291
6153 6433
8897 9824
8192 7845
6690 7473
994 1341
4299 3788
6981 7050
3718 3228
26 405
96 512
9885 9555
3379 3555
4516 4417
8713 8778
2881 3543
2821 2056
8729 8861
2554 2978
2628 3038
1408 1814
4633 5549
8604 9006
9627 9998
7542 7168
9264 8669
85 624
5145 5819
2793 3610
8057 8058
1191 2181
1405 2147
1368 1551
2489 2876
5743 6355
5805 5049
7162 6223
4089 3477
5635 6054
5470 6146
9786 8819
2171 1904
4442 3776
2154 2968
3184 2672
79 63
1849 1427
3218 2906
7310 6427
3580 2916
25 502
53 170
8633 7651
4088 3409
10795 9990
3681 3991
9431 9769
7702 7502
3409 3155
6664 5708
3987 4295
9339 9634
6671 7203
1312 1406
6991 7504
8687 8547
6419 5893
5589 5685
7769 7764
1773 1242
1178 1894
3473 2698
2920 3168
79 960
3148 3317
90 354
3387 2475
3235 3734
3806 4736
2264 1569
9580 9309
6470 6928
2847 3541
4168 4154
9856 9416
4731 4070
7613 8246
7508 7781
5519 6251
51 229
659 1369
42 277
69 800
525 1184
408 1407
6422 6830
66 436
5540 5710
6451 6569
6654 6785
6187 6387
5936 5721
1564 1559
896 1428
2334 3218
4942 4630
6270 6780
6964 6807
1516 2046
9609 8688
4308 3943
1454 1873
4783 4373
66 1006
8892 9011
10773 9842
6206 6892
6474 6293
3227 3311
8857 7953
9905 9935
10827 9831
4596 4885
10252 9976
2025 1749
5533 6113
7602 6902
2715 3639
2545 2117
16 947
58 827
8731 9352
5623 6488
4658 4269
7852 7624
2642 3496
6495 7273
2726 2914
1728 1258
7615 7999
3341 2423
8039 8509
3527 4514
3204 3380
7509 8440
3508 3650
1453 1805
10713 9972
6031 6451
6744 6733
6362 6573
4107 4698
7624 6804
5531 5898
93 788
5287 4955
4068 4797
2285 2032
60 343
11 862
3233 3995
5406 4897
8254 7440
9274 8611
5852 6749
2551 2778
4738 4445
1932 1729
5260 5430
42 567
6941 7927
7889 7917
7634 7009
6732 6900
6685 6754
4499 4373
2578 2514
1312 2160
8137 8756
1499 1191
1660 2175
5834 6051
9512 8991
4848 5655
3174 3377
8793 8593
2513 2904
32 235
4909 4218
7005 6994
7837 7852
66 253
9939 9975
4497 3979
6652 7431
4540 3909
7116 7427
5422 5382
8693 9246
4481 4438
2582 2378
2092 1627
3878 4100
2816 2434
69 850
7853 7728
3838 3958
5240 5535
5427 5396
46 596
8073 7469
6186 6221
21 497
3625 4356
10027 9573
1559 1674
1121 1208
5090 4466
3239 3162
2838 2841
6551 7009
10163 9851
5399 5822
9830 9871
17 318
5593 6125
5353 6293
982 1278
6040 6376
836 1025
3755 4692
4520 4706
8870 7986
10191 9197
6913 5951
7443 7545
1021 1730
6991 6800
6199 6838
7867 8598
5483 5948
2704 3218
6657 6569
5431 5677
8008 7783
8311 7831
7046 6144
6965 6718
2922 2773
7910 7894
1155 2135
2341 2173
4101 4203
8266 7657
693 1335
1070 1935
9468 9729
2012 1296
2888 2602
6917 6000
9369 9058
4941 4617
1985 2391
8257 8029
7313 7863
26 992
25 390
6443 7051
6560 5715
7955 7451
2501 1694
2006 1522
6885 5898
935 1627
6463 6384
2417 3178
4980 4507
8468 8228
4542 4148
8009 8699
8763 9151
9440 8902
3415 2525
6241 5671
8234 8851
9146 9062
2466 2705
4719 4459
1559 1780
3525 2610
4784 3985
6259 6217
268 1080
8061 8362
50 188
2273 1463
8358 7789
2288 3009
1059 1435
5946 5058
1415 1796
1654 1481
5108 4988
8062 7721
2959 3669
486 1318
5461 6203
3118 2778
5571 6029
2669 2191
8253 8693
8514 7555
6189 6094
5771 5959
1656 1908
2301 1631
4629 4196
4255 4428
2174 1750
50 475
1104 1132
9258 8965
1143 1281
5485 4978
4318 4667
29 188
79 122
6846 7735
6110 7084
2838 2829
5414 5101
4107 3370
31 522
1560 1773
27 328
7841 7195
6479 6477
2573 2568
2924 2231
5217 6212
9089 9035
7011 6799
2208 1963
1043 1209
7995 8219
9078 8307
91 168
6615 6404
6150 6047
1651 1459
8637 8518
4293 3887
5528 5400
823 1050
1566 1193
8337 7993
28 852
8936 9512
3095 2252
1494 1883
29 529
3376 3558
8965 9647
7459 6824
9331 9641
5615 6043
8496 9103
6969 7316
7568 7975
10565 9898
4052 3765
3540 3309
5956 6750
9479 8803
8666 9209
5394 5270
49 162
2655 2475
3308 3594
8046 8180
9102 8891
3719 4524
6543 7209
2953 2572
6173 7129
7467 7985
19 239
2300 2068
9429 9335
575 1525
9881 9098
7356 7783
1534 1998
3835 4233
983 1975
1058 1136
10774 9848
48 223
2842 3370
5631 5984
4840 4055
6650 6617
1012 1395
10241 9342
10012 9286
7423 8249
6504 6842
5762 5154
57 485
8081 7799
3829 3713
8202 9170
6483 5999
2005 1372
2690 2148
2750 2696
2883 3024
5522 5558
1511 2343
9668 9822
5374 4745
92 95
4180 4244
100 121
5334 5087
7976 7177
6846 6413
8167 8715
3290 2607
7012 6311
2721 2043
7180 7332
2455 2214
5227 5642
3379 3801
6509 6958
6608 5831
7376 7223
8783 9745
6378 5646
4730 5028
29 440
2838 3223
7935 7423
4647 3710
711 1261
4264 4466
6217 5830
4719 4860
5172 4915
2070 1849
8714 8159
8535 8383
3379 3532
6874 7716
9960 9135
4160 3639
68 695
4548 3822
1827 2713
9069 9319
1185 1205
4984 4313
7398 7753
6842 6453
908 1194
5675 4973
7167 7655
4981 4262
2373 1730
6469 7211
58 152
9268 9910
5788 6014
1589 2118
7580 7344
3580 4171
3301 4154
2965 2739
4595 4765
1446 1923
7687 7389
4668 5204
5231 5397
8432 7897
4033 3827
88 658
9534 9190
4997 4310
8177 7669
701 1094
7448 6775
6621 7587
3607 4174
8054 8314
1707 1857
2996 3235
9004 8037
1640 2298
4362 4710
6503 7443
3040 2488
2179 2487
6965 6588
6624 7205
7561 6843
7937 8068
13 294
9331 9056
5007 4941
3909 3251
2038 2864
2678 1804
6261 5306
5334 5543
3212 2808
5954 6421
1505 1658
2438 2693
2087 2022
7416 6883
6951 6139
9267 8549
6525 7488
7521 6756
9651 8953
4867 4731
7215 7126
8017 8658
3639 3674
9431 9562
2584 2838
2317 3182
5289 5400
3498 3345
8298 7799
6741 7337
23 819
77 800
67 83
6416 7068
8010 8589
5298 4327
2321 2164
58 768
2569 1755
9416 9985
4793 5590
62 398
7157 6318
3198 2220
9731 9352
7331 7912
5067 4374
4766 4723
80 761
2479 2737
3177 2931
4224 3986
2473 2306
4945 5116
2648 1873
90 32
9000 8252
5378 6260
4486 4589
4269 3941
9762 9003
3970 4412
8215 7809
50 591
4587 3982
7105 7127
2146 1765
5471 5350
4874 5472
1337 1308
4157 4426
1787 1890
5954 6228
8695 9250
3617 4516
4022 3332
329 1014
8669 9320
2909 2475
4293 4495
5949 5381
9429 8449
501 1063
9020 8676
77 797
1840 1481
5626 4869
6172 6694
7476 8200
5553 5443
7587 7264
4343 3439
5521 5750
5463 6233
8464 8728
5155 4407
2419 2485
950 1236
7495 7577
3681 4467
764 1233
8992 9701
6852 6716
80 879
48 347
3976 4700
4267 4895
7063 7024
4862 5801
6242 7024
4312 3669
36 656
4488 5341
2070 1872
3303 3755
5614 5683
7128 7589
6822 7633
5316 4654
5885 6715
7251 7292
7042 7167
1475 2175
26 189
4407 5271
6833 7541
9081 9322
44 657
6704 6511
54 309
8919 8270
3710 3856
4092 5029
1925 1406
8370 8758
6424 6708
2408 1946
7816 8133
8290 8527
10681 9845
3842 4547
86 571
3676 2819
2137 2934
61 403
3795 4697
96 957
9095 9073
4386 3757
3235 3792
3290 2892
1417 1851
90 907
5088 5907
8212 7344
77 168
6466 6947
4641 4050
11 514
4434 4946
7409 6957
10754 9779
87 853
80 548
84 318
287 1231
3225 2840
2170 2734
2762 1762
8046 7050
7082 7440
7362 6648
7963 8936
99 394
99 370
7239 6345
3011 2166
2905 2251
7738 7357
90 549
5030 4954
22 51
4491 5347
9112 9586
10316 9639
1564 1206
8265 8036
41 924
2765 3726
6881 6563
1111 1214
8127 8071
9583 9089
8586 8566
38 722
4025 4141
2150 3077
2635 1947
1867 2638
3289 3828
2382 2536
23 696
1854 1094
9831 9662
6095 5530
7343 6959
6946 7510
3786 4182
6306 6698
7636 7162
2524 3281
3476 3681
35 68
7481 8077
4629 4474
6801 5953
9530 9323
3299 3528
3374 4140
5962 6307
3953 3979
19 1002
3702 3656
8767 9414
1413 1195
5468 5935
4063 4612
3953 4549
9155 9987
29 162
6589 6649
2173 2661
2937 2102
6321 6260
3978 3705
8205 8957
6032 5583
8088 7461
6600 6791
9683 8885
1630 2096
1233 1107
6240 6286
7001 7063
4772 4074
9170 9110
93 300
1382 2131
4569 5089
9514 8739
2948 2519
6590 7184
1434 1347
7342 7357
7460 7161
60 882
20 910
38 868
8455 7972
3622 3140
8914 9286
7376 7779
7229 6531
8034 7511
6468 5726
8208 7467
3876 3847
9685 9092
7913 7273
58 854
3555 2692
5538 4758
9349 8412
9265 8875
5771 5348
5983 6888
7048 6876
6924 6097
86 858
779 1449
96 521
3256 3142
4803 4089
5584 5350
8908 8501
7052 7510
5743 5399
7922 7664
2954 2043
5348 4737
2928 3804
7902 7784
3106 3433
10121 9728
56 551
6094 6435
2787 3154
4929 5717
7113 7124
4752 4234
7842 6936
5607 5184
5424 6311
9311 9807
2935 2230
10164 9915
8321 8912
1705 1507
6871 7289
9058 8122
4687 4200
6953 7823
23 806
32 431
5041 4754
6117 5515
9861 9654
5605 4946
4207 3428
4881 5447
8066 7515
6211 6156
32 445
1913 1449
7016 6945
8200 8724
620 1592
6509 6195
8147 7294
1125 1152
5136 4334
6628 7551
7303 6820
1990 1467
5576 4828
34 668
7027 6235
7860 8356
92 895
7152 6494
2358 2535
70 973
82 972
8423 9267
42 949
6600 7173
2062 2955
6028 5487
6887 5921
2329 3090
55 179
6191 5869
5625 5245
2643 1789
8911 8782
1604 2398
1623 1963
3644 3501
9032 8179
3947 3913
100 322
1113 2034
4900 5322
1973 2329
35 580
5680 6274
5270 6072
8063 7434
1589 1104
6985 7765
6770 7566
1806 2737
1401 1311
74 759
5763 6015
8666 8780
8275 9083
3581 3762
5049 5951
2850 2206
2025 1780
3679 2849
2284 2471
8790 7812
7171 8035
74 797
959 1264
7174 7510
10205 9369
5134 4487
2555 2860
11 43
10375 9517
3517 2614
8197 9164
5331 5146
59 972
3979 4668
10741 9871
4368 5087
5919 6146
3422 2674
4078 4359
6608 5663
5983 5401
3203 3410
7950 8660
1738 1035
5081 4081
9928 9972
3797 4080
2393 2602
8489 8004
4584 5322
7332 7822
6288 6454
82 191
7161 7710
2815 2862
6784 6812
63 503
776 1437
4025 3277
6814 6440
4213 4986
7743 7685
4153 4628
2176 1940
8616 9403
8580 8581
4568 4029
417 1107
2091 1917
3259 2471
67 941
2826 3481
8332 8846
9369 9367
81 463
2910 3198
6349 6705
5256 5096
6580 7325
6426 5908
9522 9832
36 961
3903 4496
7420 7711
9347 8772
9881 9161
10739 9941
7933 8253
7310 8025
5759 5412
8908 9390
41 596
10028 9249
227 1155
4408 5302
9699 9774
6745 6208
717 1018
8233 9223
3112 2575
4796 4349
7286 8059
2140 3119
3181 2570
6911 6100
2770 1902
8844 8054
3409 3530
79 830
9748 9022
4948 5773
2594 1954
9086 9438
8879 8713
973 1433
6907 6451
7265 7642
2761 2763
4310 4467
4748 4264
2194 1409
1698 2642
2063 1536
5791 5428
378 1372
3551 4186
4098 4224
60 605
8569 8554
1594 1302
4850 5468
8030 8065
4797 3872
1941 2502
7771 6782
6548 7196
2524 1919
6876 7218
9466 8550
4881 5718
7320 6851
91 781
8341 8112
8242 8786
7657 6889
5510 5811
9004 9586
10564 9650
7971 7949
94 126
1992 2150
46 661
4775 3826
6670 6989
9000 9438
9117 8612
4906 4429
5056 4407
3961 4886
1188 1996
5033 5210
9641 9533
2646 2754
2535 3367
3620 3210
6491 5930
9095 9195
95 630
928 1507
5246 5917
7881 6998
9323 8674
7470 8273
2547 1905
2215 1639
1204 1409
8731 8857
6190 7114
5020 4252
5329 6316
5156 4623
78 627
2041 1311
69 994
1533 1462
4019 3479
10175 9348
3683 3316
8770 9093
7403 8242
1986 1972
10745 9921
1959 2000
8186 8616
8071 7724
9829 9699
6694 6565
4194 4286
3943 4749
7297 6499
8917 8857
8540 8645
56 530
2871 2796
6698 7453
1962 1289
393 1347
2812 2161
6828 6116
8811 9154
2056 2937
2829 1959
1357 1590
96 929
2019 1942
7193 7477
3809 3729
6449 7272
4618 4585
7324 7755
5546 6231
4714 4229
3451 3487
3305 4263
3700 3089
8648 9358
2406 2653
3836 3750
9154 9126
1320 2203
2377 1466
9778 8781
7562 7352
5937 5201
8605 9455
1528 1239
3759 4243
7414 8265
3977 4566
7046 6246
8009 7781
84 613
2541 2618
4337 5119
7139 6250
9166 9607
2596 2455
2963 3204
64 427
8866 8023
6884 7115
8567 8188
8388 7534
5445 6144
2981 3058
16 685
7306 6540
4452 5070
1450 1800
3290 3418
4779 5721
10555 9555
2808 2461
38 184
3742 3110
96 191
18 559
4012 4597
5753 5352
8914 8945
2029 1588
5520 6050
8884 8013
1190 1120
5529 6510
9016 9569
4584 4960
531 1308
1583 2357
10 483
4771 5466
29 353
1524 1835
6029 6032
9145 8743
2700 1747
5006 5670
8313 8211
6664 6327
8466 9092
1529 1132
7225 6765
1413 1611
3554 4223
1828 1248
6209 7092
4734 4406
2085 2282
8428 8942
5763 6105
4251 4984
6180 6549
5975 5235
3097 2199
1149 1879
4135 5083
4759 4896
4255 3317
1467 1200
786 1650
6744 7585
4661 5277
8926 8511
6025 6207
2836 3468
4795 5594
3637 3775
47 61
9767 8998
33 481
25 112
5535 6120
5715 5396
4476 3931
3244 3521
66 655
2446 1886
55 168
6912 6395
2206 1311
5117 5748
8613 8738
8245 8384
6792 7726
850 1477
3759 3432
4917 3952
5059 6056
6285 5847
91 895
1185 1248
4725 5173
671 1563
8057 8755
93 15
23 19
10042 9980
6749 5943
8191 8500
2623 2024
2971 3708
8625 9619
6502 5523
9205 8946
6765 6376
20 601
5925 5424
7498 6937
2475 2220
5865 6562
2448 2646
8361 9185
1007 1041
553 1224
7166 8002
6228 5820
5857 5371
91 296
7343 8140
10762 9989
5875 5918
26 307
5520 5972
1782 2453
2444 1760
1985 1780
2020 1286
9379 8806
8682 7856
3677 2700
8535 8560
1569 1327
61 757
92 352
7161 7225
10595 9921
45 133
8467 8213
8834 8710
9360 9909
8214 7667
5343 4969
2683 2547
5133 4642
96 783
7763 7128
9524 8794
6270 6733
98 442
4193 4308
1634 2099
4197 4359
3862 3466
7832 8384
5836 4848
26 749
6359 5903
300 1148
2900 3829
3497 3994
5976 5959
7957 7968
5095 5014
6548 6157
10781 9982
9360 8816
1708 2085
2982 3075
4376 4352
10341 9732
2859 3826
8597 8005
3604 2761
4477 3880
7655 7090
6951 7129
66 868
3167 3538
3587 3027
1930 2061
2241 2331
2090 2104
2132 1740
1159 1184
4555 3855
8729 8863
5541 4894
1511 2115
6882 6490
2737 3340
5750 5420
2903 3176
8739 8252
6942 6584
9228 8793
5743 6699
9400 8426
7047 7659
7365 7196
2802 3294
8402 8596
7024 7213
6159 5540
8756 9502
6343 7170
7031 6812
6899 7715
9225 9499
3906 4640
8025 7452
7073 6323
699 1651
6602 7052
49 509
4003 4124
4867 4931
2484 3331
44 433
5994 5637
8593 7912
5942 5231
1002 1497
52 493
1230 1404
6988 7839
10847 9861
4002 4466
5934 5432
6613 6156
5925 5116
6016 5522
49 216
2859 2777
6110 5123
2644 2905
9382 8613
9021 9932
93 354
1505 2220
8323 8614
5927 5943
5724 5078
6265 6438
62 444
9502 9473
8891 9458
3229 3730
95 864
6462 5902
4075 4267
9424 9638
6545 5866
6495 6923
10282 9457
5406 5431
4900 4882
7155 7643
1223 1291
5872 6173
1986 2397
5854 4937
4160 4287
5792 5027
6753 6968
10646 9768
3669 3532
7528 6555
6428 5566
7677 7326
8635 8230
7411 8405
5555 6055
9972 9050
62 427
4236 3934
5615 6054
55 778
2028 2080
7316 6793
8605 8971
7649 8197
8811 7980
4626 4347
3209 2442
8789 9214
1840 2434
6244 6039
4826 4567
4304 5109
15 253
9438 9917
6044 6112
5087 5274
7235 7561
6391 6733
1863 2206
2310 1474
7537 7527
57 293
1399 2377
2728 2717
6415 6334
8673 8046
9346 9971
2872 2948
6836 6512
7940 7323
6230 6416
4750 4642
60 607
97 91
2925 2177
61 858
5656 6201
62 667
2166 1703
8869 9236
5827 6740
7788 7016
9095 8237
12 455
5534 4806
6660 6520
3134 2161
8674 8476
8618 8545
1544 1971
2384 1946
8241 8026
7903 8131
9247 8363
1721 2660
10616 9977
6521 7093
98 919
4162 4278
8676 9084
3903 3700
805 1056
7564 7587
5295 4835
5221 4754
8525 9048
1169 1856
39 586
7865 7111
4015 4295
6383 6852
9776 9023
545 1304
6567 6017
4436 4266
86 777
6826 6493
49 324
8005 7460
3895 4288
2645 3475
1923 1019
6457 6287
7348 7847
7543 7322
7590 8311
4769 4191
3363 3852
8261 7838
50 903
7815 8124
4672 5345
967 1964
9741 8991
9087 9348
9525 9502
21 887
8792 8896
8792 8720
5901 6057
7345 6788
6282 5932
4415 4984
5914 5641
3338 3078
7275 6650
4717 5237
3032 3478
7770 7478
1259 1058
55 198
1924 1708
8436 7860
5920 6433
7550 7122
8601 8504
9044 8476
7056 7347
3223 3247
1594 2332
8269 7647
9510 9575
61 659
5491 5427
8204 7507
5253 6010
3815 4334
9099 9618
5317 5380
3699 3862
93 904
5747 6437
3852 4132
772 1079
304 1135
2728 1988
3250 3244
4349 3946
3084 2703
3831 3933
1826 1387
6561 6542
3069 3022
9714 9711
3116 3038
6362 5731
5409 6265
6783 7038
2104 1650
4881 4280
5658 5184
28 768
2522 1836
5994 5427
6080 5525
8939 8129
97 457
5150 5414
2057 2615
78 957
424 1376
5188 5904
6303 5870
860 1485
9166 9206
5794 5991
30 950
5223 5934
6417 7291
6860 6259
8143 7683
5390 4926
4713 4168
2716 3242
9031 9757
9846 9524
2754 2798
9711 9502
4603 4736
7046 7135
1978 2640
3868 4432
21 431
7936 8421
24 853
8179 7879
6111 5624
6042 5907
5553 6421
2235 1997
6985 6903
9659 9808
8922 9675
3964 4199
3067 3387
9531 8928
8522 7575
6279 5836
4348 3679
2488 1793
5018 5389
2220 2447
2135 1380
8065 8717
6968 7119
5675 5006
3132 3422
4611 5259
2523 2658
5476 5633
4581 4863
92 417
33 404
7362 8132
4438 4614
3162 3012
5763 5473
3572 3120
5032 4255
100 149
8417 8819
64 797
5300 4364
8088 7903
6457 6725
17 638
924 1715
7234 6803
8368 8032
2765 3429
2673 2760
8532 9285
715 1267
7311 7444
747 1136
7215 7166
4257 5095
9637 9877
8175 9077
7165 7272
7338 8038
7191 7091
4431 4618
8724 9119
24 158
4244 4371
4757 5191
7540 7537
454 1449
67 714
2687 2182
55 1000
8913 8002
2715 1989
9168 9771
2728 2056
94 474
5951 6076
1496 1206
3823 3754
2062 2381
57 614
5275 4836
1076 1982
2032 2809
8296 8896
7307 8100
6522 7058
3947 4074
6371 7110
2576 2109
8205 8899
4479 3925
93 144
5920 5143
6470 6984
5906 5426
4258 3637
9041 8211
9588 9312
1694 1538
4733 4889
40 30
8395 8534
4974 4460
3882 3806
4825 5456
5931 6662
9051 9650
5790 5190
52 755
7803 7695
4328 3639
5696 5448
2347 2567
5163 4875
6613 6733
6025 5523
8303 9201
4737 4569
73 560
3388 3594
5971 5321
1393 1972
6301 5767
5042 5573
3929 2944
789 1719
3322 2633
9414 8793
3307 2693
82 489
5129 4870
6160 5395
4392 5279
6319 5605
8276 9061
6532 7292
4080 4066
54 708
90 58
2284 1927
5825 6457
4776 4050
1742 2641
3970 3738
6095 5272
10618 9743
5288 5164
5608 5175
7938 7688
6617 6327
8760 8446
6394 6582
7780 7216
8052 8462
4144 3637
1360 1671
9558 9657
1525 1465
4458 3514
189 1022
3886 4194
3142 3118
41 886
4763 4752
1259 1260
3275 2613
5933 6559
454 1087
5916 6458
2422 2169
54 493
6626 7548
8126 8743
5077 4373
3803 4622
9144 9663
5187 4277
5128 4464
8635 9119
4583 3746
2350 2116
10034 9776
6089 5763
78 643
83 136
1741 2476
5732 5907
8933 8388
588 1527
8850 8174
64 632
5890 6507
4893 5612
6309 5517
30 279
3411 3819
2917 3504
5819 6524
3878 3180
2675 1935
1379 1569
8681 9550
7708 8238
9578 9302
5384 6383
7550 7582
8203 8674
2624 3164
5415 5241
2685 2324
8273 8048
5987 5908
3360 3818
21 451
8343 7713
217 1084
3709 4446
8030 8362
8793 8829
9691 9881
5412 4605
538 1121
8919 8336
4177 4520
5904 5308
6159 5515
2058 2612
75 283
5122 4814
3332 3688
2557 1946
1572 1639
9897 9443
6443 6160
1436 1534
68 842
7200 7082
2067 2049
8517 9077
3622 4005
2225 1875
7944 7993
1736 1576
5131 5327
7227 7731
3864 4385
4235 3629
11 1006
2695 2475
4017 3519
4466 4942
7456 7925
5191 5641
7126 7185
1029 1510
6462 6766
86 360
4231 4759
6353 5683
3955 3550
6614 5671
8144 8771
6862 7857
7981 8171
3418 4402
8582 9402
1099 1045
8608 8791
4889 5884
10 1007
1569 1171
7096 7851
10578 9820
3202 3736
6707 6879
1135 2043
9013 9243
5552 6525
6528 6757
5743 6286
60 190
7863 7788
8901 9129
6682 6754
7404 7522
9055 8073
2024 1664
6465 5705
8917 8484
7848 7210
876 1634
6315 6516
31 970
6312 5668
354 1095
3461 3474
16 20
9571 9797
4663 4259
8377 9356
4779 5171
9158 8435
5945 5605
9155 9493
2270 1531
4796 5160
1979 1256
8725 9595
10442 9681
5676 5438
5698 5602
3879 4217
6830 6566
47 159
7542 7687
5072 4177
5661 6355
49 764
2703 2304
5656 4680
2452 2135
8221 8100
3799 3700
4467 4476
3031 3172
3790 4050
7653 7139
1605 2586
7564 8414
3412 2948
5384 5087
5517 5936
73 14
9212 9393
7919 7072
8667 9024
10374 9736
7712 8297
6295 5722
6003 6405
3394 3844
7606 8372
2541 2981
3975 4077
2550 2884
7512 7836
7627 7821
6382 7090
4317 4068
6109 5336
1984 1991
89 1048
3906 3626
7271 6359
90 868
3432 3447
3066 3716
5948 5235
8181 7952
8132 8784
9063 9374
5285 4917
1624 2310
775 1480
4003 4993
7819 8307
2983 2643
4918 4428
3869 3899
4975 4855
9654 9047
5582 6446
4171 4222
6290 5628
9182 8452
83 153
26 766
7145 7972
8705 8849
2130 1451
8645 7904
4628 4589
3253 4041
7752 7851
1302 1956
1664 2342
100 33
5573 6247
4927 4771
7815 8551
3182 3291
5981 5093
8286 9188
8166 9016
34 964
1434 1292
4694 5545
7883 7810
6271 5740
6306 7034
5698 4922
7710 7513
9155 9159
1250 2110
1436 2382
4147 5074
4413 4453
2559 3252
7228 6878
4242 4492
4392 4628
52 449
4160 3444
8692 9256
3910 4803
8321 7475
3948 2949
2161 1883
3966 4486
9014 9245
6189 5594
2115 2439
6460 7280
7149 6413
2701 3392
6028 6449
5301 5421
4046 3844
6023 6788
4956 5609
8591 8777
6067 6960
8821 8279
9688 9899
1696 2102
8553 7941
8897 8485
2713 1969
7748 7359
8820 8282
7437 8120
6930 7745
4233 4079
6544 6867
2371 2344
2259 2483
3606 3134
9534 8783
7888 7782
8396 8575
1004 1411
10139 9699
8128 7744
8580 8911
95 764
9689 8966
7946 7544
4209 3660
1169 1150
8700 8380
25 614
5673 4687
6750 7499
6539 7441
1151 1464
8582 9557
1845 2671
6101 7010
2804 2931
8690 9015
6614 7180
7625 7623
2106 2165
3987 4792
3511 3135
9261 9070
2288 2386
3285 3237
4952 5028
4348 3812
7023 6973
5436 6254
3353 2724
8553 9240
10504 9886
2408 1856
558 1254
2368 2690
2563 2310
79 164
91 408
1597 2485
95 189
4559 4114
5326 6120
6955 7500
4134 4663
9984 9249
1377 1909
7762 8156
4635 5470
5531 4921
3551 3949
1226 1837
68 317
38 498
3963 4182
9791 9130
9308 9471
3518 3254
8398 8028
6141 5536
6470 5770
1454 1196
8117 8308
1454 1095
2274 3128
6964 6658
3584 4018
6277 5641
5967 6141
16 589
7528 8298
3322 4191
1087 2053
27 135
2768 3582
204 1194
8951 7964
1281 1660
5166 4579
8428 7786
6985 6794
5539 5776
96 791
4112 4921
919 1154
1781 1133
7309 8250
2262 1525
5372 5575
76 594
5007 5488
3787 3741
6547 7392
8159 8644
2320 1981
6317 6115
6737 6449
4308 3365
70 310
77 187
7960 8607
1692 2354
8905 8053
9510 9164
5431 5787
4711 5221
5368 6167
53 33
83 540
6598 7194
8967 8767
7135 7734
4645 5041
7753 7121
5156 4460
8480 9306
5174 5761
4672 4681
3390 2473
8238 7640
5430 5846
1452 1284
1197 1342
7506 7613
9059 8344
7160 6437
2979 2088
4090 4006
7219 7780
6458 5947
7541 6965
8252 8148
52 697
3571 3492
5005 5094
3466 3906
56 253
8407 8554
9902 9564
6120 5467
8524 8267
4172 3508
3174 2823
89 354
8054 8485
3357 2434
1725 1529
10579 9910
47 752
5921 5015
1723 2285
5250 5586
756 1393
51 670
5430 5525
5073 4392
9263 9451
5492 5131
5204 5098
10218 9927
3768 4498
7780 7034
4212 3371
8506 7980
2378 2638
7287 7502
2193 2862
3258 2317
1262 1031
8594 8199
85 909
3362 3002
4672 5283
2682 1857
391 1301
5998 6973
4526 3957
1524 1218
1182 1288
3435 3323
4851 4940
1368 1322
1520 1674
8582 9097
7950 7186
7732 7946
5017 5500
6663 7021
2937 2150
9502 8746
4092 4024
7359 7029
7930 7684
76 582
8500 8914
5847 5088
7523 8238
7878 7824
2186 1278
2791 3639
8684 8323
3171 3282
1110 1360
4998 4744
4075 3304
4643 5052
790 1769
2436 3011
7142 7470
2738 2524
5007 5687
9485 9227
6137 5167
3539 4469
2936 2083
6141 5792
6060 5400
9592 9441
7453 8249
8859 7978
6438 5724
56 511
48 271
3235 2405
9401 9497
9083 9056
5318 5183
9982 9806
5004 4947
881 1151
1926 2655
8719 9075
7942 8344
7348 6865
8167 8659
8073 8715
6532 6850
5335 5555
1519 1489
4383 4139
9103 9101
8657 7845
2718 3132
8055 8710
7880 8073
7840 7268
1844 1681
1863 1615
2249 1347
47 95
5866 4953
6669 6274
5597 4791
2827 3345
7934 7772
1900 2551
34 773
2825 3389
7150 7556
7340 6441
62 733
61 793
3613 3915
8451 9269
4042 3955
10226 9862
4248 4837
30 982
3956 4466
3596 2688
2723 3279
6168 5854
2702 2837
1923 1072
1142 1546
2638 1890
4527 4795
2178 2012
2973 2311
4938 5489
750 1237
18 177
5941 5596
8254 7893
6624 6481
10430 9547
6027 6070
2769 2044
4867 4466
7119 7029
2709 3432
7554 8057
3340 3766
8270 8113
2280 2754
3026 2808
5739 5848
1712 1298
5462 6401
3268 2936
2945 2174
82 505
9931 9082
2727 1993
8786 8251
7194 7038
1419 1361
1973 1351
5583 6485
2939 3049
5354 5277
5587 6276
1595 1743
42 64
9091 8266
6478 6677
10247 9500
8886 8751
1318 1925
3278 3851
8990 9733
7043 7216
8859 8650
2210 2718
3612 4547
6296 6486
2251 1858
5482 6228
1315 1871
7496 7857
6875 7597
8784 9257
3731 3611
1115 1361
8402 8287
2207 1252
2034 1905
6947 7431
4770 4842
2509 2144
4432 4306
6119 5354
6250 6287
3250 3093
5592 6176
3287 3362
6835 6701
7349 7742
68 277
7285 7158
2324 2290
2010 2956
8984 8418
6541 5600
65 766
1489 2133
3555 4255
8712 8952
77 201
77 759
4432 3605
4658 5206
1426 2245
1196 1802
8376 8889
2033 1932
7309 8050
1546 2423
376 1128
2377 3277
27 976
7345 7332
50 77
4688 4373
8553 8530
4421 3646
26 799
6256 6103
4032 4481
9171 9682
8187 7800
4135 4446
9940 9002
5205 5549
3999 3463
2039 1460
3623 3347
5719 4753
2932 2162
6746 7106
3346 3180
3221 3523
10001 9963
7886 7099
4953 3990
9276 9828
65 549
2210 2366
4449 5260
5858 5114
77 779
599 1108
6873 6261
43 357
29 873
2130 2544
78 595
1554 1972
7954 8443
4417 3478
8657 7734
8810 8427
7808 8345
7662 6903
8158 7467
3217 3180
777 1289
1312 1152
6063 5591
5510 5342
5428 5176
5001 5646
24 776
3811 4186
5090 4461
2497 2520
6697 7596
23 487
649 1498
4816 3896
7142 7193
6417 5523
8652 9366
7183 7725
6882 7029
2886 3656
1262 2207
7478 7676
8920 8701
8402 8487
7076 6661
956 1688
7994 7089
6100 6503
6581 6569
2573 2641
91 52
6049 6226
4266 4485
6681 7205
2830 2248
5335 5462
3247 2936
5937 5692
3655 3778
13 229
9173 9176
7537 7861
3763 4440
592 1386
9942 9009
4043 4125
8003 7357
3598 4095
8025 8066
2957 2647
6653 5962
9797 9766
8567 8494
8101 8685
4184 4743
9357 9863
3618 3450
8740 8989
4095 4562
8771 9114
72 118
4391 4763
7049 7452
66 242
2845 2806
3209 2413
2197 2195
4796 5321
7024 6892
8806 9165
17 271
1363 2336
3684 4516
7354 6932
32 693
10081 9884
8314 8530
7429 7718
45 437
8156 7373
8975 8044
4973 4140
7834 7954
7237 6572
1508 2441
2309 2045
6325 6710
10079 9662
5504 5919
3718 4459
6271 6059
8740 9323
3943 4940
9282 8592
3048 3814
5929 5889
888 1283
8868 8526
7664 6731
8842 9815
7094 6707
63 36
2860 1959
7898 7644
3992 3781
8364 8965
5387 5805
4597 4797
6079 6937
9340 8964
4650 4656
1301 1511
6538 6372
7074 6520
3493 3607
6344 6906
3650 4515
46 945
5490 4862
8580 8546
7350 7236
422 1076
10150 9966
6903 7037
3355 3651
8790 9404
8470 9324
7957 7570
4351 4100
1569 1910
10804 9825
4883 4390
32 840
8858 8391
9747 9070
4171 4237
8301 7362
5057 4853
6390 6969
3919 3796
4802 4328
100 861
8911 8413
9150 9722
9498 9848
4853 4125
7866 8271
28 10
4389 3554
2308 2040
7545 8009
4719 4251
5979 6977
8445 7641
10073 9206
8074 8549
3916 4149
6583 5892
4601 3991
8206 8205
2008 1376
9732 8816
3925 4164
1995 1833
5564 4764
9609 9426
3369 3514
1071 1560
7182 6464
6883 6764
7354 7465
9747 9787
47 204
3836 3553
2301 2891
9364 9676
6317 5442
3518 4366
5956 5245
1233 1499
26 610
17 772
17 103
5513 6310
6965 7304
7466 8355
1055 1557
4475 3595
4831 4456
7979 7531
7319 7435
29 342
2670 3324
8842 8854
7852 8517
9328 8847
8462 8791
2600 2018
896 1343
6724 5788
690 1568
12 297
9980 9061
6698 7337
6224 6453
3816 4031
10485 9945
4657 5038
5548 5148
7501 6685
9915 9453
3471 3826
6958 7087
5327 5888
2755 3592
7149 7550
73 772
3005 2177
8641 9081
7731 8426
2248 2129
5236 5650
5171 5002
962 1169
3731 3617
5225 6196
6324 5462
4582 4753
4059 3064
6801 5882
807 1438
9600 9880
10 563
2277 1653
9439 8845
752 1210
8190 9122
9616 9887
9003 9760
7581 6891
7451 7863
4723 3803
5943 5596
2684 3394
2215 2192
5190 5675
8072 7510
2015 1029
9444 9639
3209 3799
2361 1893
7479 7446
566 1061
3783 4441
1543 1403
10558 9599
3126 3302
29 76
5232 5856
8117 8326
85 457
8646 9319
60 404
2862 3614
751 1714
19 632
4092 3483
3686 2864
1209 1556
84 271
4075 3774
5850 6551
910 1034
2017 2846
1170 1278
8781 8159
4901 3919
9898 9545
37 842
834 1545
9337 9816
6985 7101
34 905
3132 3025
2181 3072
4900 5427
3795 4765
6451 5940
3383 3732
3938 3151
1935 1343
55 912
1880 1294
9289 9424
8040 8059
2040 1879
1809 1948
7799 8442
2731 2479
4375 3887
980 1157
7129 7383
8047 8896
41 860
361 1055
2559 2092
96 470
9497 8894
8997 9081
7710 7451
5133 4190
7608 7649
3895 3723
10152 9810
8388 8685
5826 5861
721 1574
4771 4257
20 308
7116 6387
7318 7735
9153 8170
3931 4854
4649 4998
3196 2712
7860 8568
9144 8666
2796 2863
68 729
4977 5230
1411 2007
3208 3309
7707 8124
73 836
8784 8045
7324 7526
1899 1915
4157 3998
8710 8500
2294 2849
1998 1618
3106 2278
2289 2642
8946 9391
8636 7932
1239 1363
8307 7519
8728 8479
3597 3546
864 1682
3718 3651
5722 5497
8227 7399
4486 3540
7061 6353
56 124
9393 9165
1660 2316
8441 7639
2120 2034
5247 6081
5902 6518
2827 2152
2370 3136
2693 3134
2205 2303
2153 1485
3153 3656
6611 6630
4245 5207
1896 1382
5298 5065
7565 7879
9746 9545
1511 2213
6818 7509
2824 2263
1522 1411
3807 3726
2414 1609
1910 1015
4667 4343
6990 6797
6844 6818
7302 7982
8531 8110
4556 3910
2271 3205
4812 5398
6519 6612
3709 3370
1880 1802
6385 5961
3304 2959
7655 7937
2628 2217
34 399
8454 8894
379 1346
3860 3628
26 491
826 1615
10566 9713
3766 3943
553 1207
8285 8197
5909 5256
25 971
4034 4260
3473 2780
4089 4602
7289 6713
7979 7267
8159 7283
7054 6898
1825 1993
2389 3255
41 891
1287 1274
2289 2148
4927 4260
2737 2857
10455 9502
5811 6783
5592 5831
10058 9124
4246 4519
3295 4180
8199 8793
9430 9278
5488 4576
4694 3814
8708 9343
9159 9608
4297 3866
3831 3715
8925 8442
8901 9235
3400 3007
4974 4312
2518 1645
4464 5178
6943 6563
6163 7105
4929 5123
43 874
8468 8859
10219 9546
9102 9479
77 538
3171 4170
234 1206
38 941
4749 5120
8077 7355
4793 4598
6215 6696
10617 9855
4093 3585
4870 4681
2216 1248
549 1532
8345 7913
9268 9121
2184 2963
3828 3222
2488 3331
9720 9170
2156 2230
7824 7141
8570 8663
1560 2104
8275 8630
2992 3646
7104 7339
9224 8330
4082 3784
28 316
6086 7023
3591 3228
1012 1907
6033 5867
2971 2738
2164 2648
9026 9907
3885 3592
68 816
1054 1580
10788 9946
6635 6638
9154 9155
10460 9608
3554 4418
5070 5205
5378 4650
7878 7307
3880 3957
3049 2790
6903 7150
3125 4028
39 837
3619 3483
3226 3222
7052 8009
8192 8459
1878 2822
78 780
7435 7604
1268 1668
7113 6822
66 858
9113 9390
7944 8123
8063 8580
4269 5001
6693 6467
2497 2985
6572 6673
10098 9299
2508 1680
3716 3930
903 1105
8195 9069
4005 3185
3469 2769
4178 4684
1068 1611
4766 4528
2749 2718
10496 9702
87 305
8209 7905
37 414
6585 7080
8479 7539
12 238
71 671
2169 1389
3404 2707
82 403
2214 2227
3312 3904
549 1496
3322 4313
488 1146
91 651
4353 4414
7247 8232
7371 6762
4768 4533
5127 5995
1865 2430
2590 1839
2818 2793
7549 6998
1757 1442
2804 2562
8676 9643
3885 4541
9124 8153
3700 3489
5922 4977
8105 7597
8607 8976
1218 1045
5170 5334
35 434
1430 1950
7966 8140
7172 7301
9095 8950
5586 4594
7046 7502
8992 8819
6690 6032
7406 7407
3008 3258
3637 4143
2103 2385
5492 4857
9131 9333
6334 6648
5058 4702
7022 6617
2144 1173
6671 7339
2207 2335
8949 9898
4316 3450
3750 4472
5881 5153
2207 3125
3004 3025
5348 6166
18 684
5722 5669
9743 8754
6602 6606
4388 5195
79 521
76 181
8400 8780
6764 6397
1892 1867
2066 1976
8721 8660
8890 9714
5105 4833
2856 2133
6436 7179
5282 6167
4390 3617
7719 7391
3773 3487
1186 2145
10263 9972
2424 2895
8182 9123
53 562
60 781
5774 6678
8858 8046
1946 2684
61 162
8271 8771
5333 5581
53 970
8104 8739
3319 2909
6960 6295
9693 9015
9101 9364
2071 3055
8819 8727
1746 2466
5874 6346
7582 7105
5971 6142
53 605
9044 8127
2072 1754
5595 5833
6814 7153
3857 4799
6318 5577
5337 5055
7806 8147
9080 9953
7196 7123
2585 1689
6819 6895
5582 4826
9817 9710
4653 5079
3990 4245
10128 9711
9211 9343
6432 5570
5312 5024
9337 9170
3543 4389
7837 8178
3116 2248
7907 7144
9179 9712
5213 5380
2838 3417
1697 1396
8792 9015
69 408
8879 9622
6972 6194
7367 7435
6636 5865
9699 9013
7268 6439
9833 9554
357 1021
4455 4794
4326 3950
6325 6537
1851 2026
74 751
3023 2087
8345 8268
2195 1223
78 616
6311 6900
2291 2054
3548 4421
5422 4486
2094 2891
8871 8564
9709 9360
2750 2411
8645 7855
4635 5370
3389 3279
74 962
6493 5498
4317 4755
8249 7314
10010 9274
62 255
10 741
82 159
9153 8185
24 152
76 828
6822 7661
4632 5214
6457 5821
10709 9742
6110 5644
5833 6453
7422 8317
7281 8139
44 987
9251 9542
4817 5619
4036 3343
3377 4065
99 512
5329 4703
3911 3218
8034 7651
10 552
4977 5528
5351 5931
9275 9753
6511 7393
6753 6193
2411 2499
4006 4319
5606 5032
5589 4762
1632 2047
7962 8121
41 193
2998 3244
4903 4109
8629 7824
1990 2163
4829 5573
46 979
3820 3699
8980 9368
2646 2015
7728 7243
2571 2491
4289 3413
3111 2528
8494 7551
5279 4633
5064 5278
1106 1262
6618 6410
9015 9993
6442 6955
4184 3386
5122 5293
5179 4229
8018 7121
7370 7669
57 409
892 1257
1991 2895
6458 6513
2823 2913
5522 4705
2922 3263
5588 5721
8030 8261
6990 6369
5109 5068
1566 2081
7242 7837
1883 2310
7131 6432
3530 3311
863 1431
2768 3666
3602 3788
11 555
6125 5725
5813 6460
10260 9636
4858 5271
2421 1562
4634 3823
2091 2991
10802 9901
4480 5128
3408 3617
2372 2040
4217 3463
3847 3908
6411 5691
4995 5774
8584 8955
3907 4589
2135 2772
6605 7292
28 42
5540 6192
7400 8185
7042 7131
5592 4731
18 818
9787 9657
10689 9882
2024 2982
2298 2974
10928 9985
45 918
8242 9230
4935 4255
90 111
2515 3199
2217 1448
4692 4419
2830 1852
59 108
5447 5893
3017 2374
52 85
6994 7643
4803 5315
10314 9705
26 135
68 1009
6186 6355
9572 9475
9294 9418
65 499
3501 3198
9033 8293
7344 6354
5598 5307
9714 9577
28 107
8179 7960
5683 5605
5315 4396
7096 6108
5509 5379
5067 4361
935 1346
6678 5826
6578 6645
6332 5658
9679 9700
3682 3006
2101 2789
8311 8601
4310 4777
6712 6098
3302 3332
1887 1407
6597 6510
1734 2055
1825 1242
7063 6510
4339 4916
2238 2839
1731 1099
18 169
3131 2602
1969 2355
6510 6759
25 364
7348 7110
2952 3736
3850 3650
73 307
8947 8587
8514 9376
797 1356
1894 2467
7523 8121
8716 9236
1588 2352
7576 7552
3042 2993
3290 3531
7829 8768
854 1363
9238 8789
9413 8689
3635 3840
36 583
34 17
1798 1790
5276 5767
1898 2456
3125 3572
2089 2333
7724 7328
21 12
10020 9674
1994 2004
2998 2447
3665 4632
4556 4163
2966 3888
788 1388
3459 3463
4368 3900
17 406
5678 5783
8750 9713
6224 7201
951 1101
9437 9083
9498 8933
9713 9426
1868 1423
4518 3728
6616 7382
2947 3030
3719 3980
5374 4697
3957 4021
5604 4830
3935 4147
4617 4031
5768 5210
5512 5142
1441 1487
5546 5568
1758 1291
6195 5624
9123 9324
8280 7291
8321 8834
1335 1078
5882 5192
5041 4163
4702 4266
1635 1780
6930 6759
931 1327
9227 9403
5629 6341
8908 7976
5761 5756
52 627
3220 3111
1559 1153
7766 7612
6537 6068
3184 2726
8600 8585
7579 8471
5090 5470
76 668
91 21
2974 2196
811 1104
3921 3485
3114 3476
2714 3194
4260 4243
1922 1219
94 469
5377 4984
55 682
7833 8244
8987 9820
4020 3799
8965 8072
8721 8629
6649 6137
8898 9634
3930 3738
3210 3949
3217 3657
1924 2315
3655 3839
4714 5078
1751 1914
2531 2329
4880 4534
3913 3721
2557 1850
6694 5822
7091 7445
9310 9073
7865 8135
3482 4036
2583 2340
7111 7695
7208 8122
1994 2095
8408 8001
1000 1974
9186 9738
3794 3928
8040 8240
4977 4671
8408 7620
2168 2198
8277 9171
5703 6536
6618 6153
2349 2472
4171 3967
3886 4186
6283 6924
4919 5242
1065 1316
3808 3339
5746 4954
6827 6143
8344 9316
9761 9786
9865 9322
6929 6360
5365 5574
5878 5968
6641 7335
7376 6968
3961 4357
9484 8628
4882 4086
8629 7804
7333 7365
5334 5942
79 64
4308 4919
7524 7889
5103 4324
5499 5043
4774 5291
4036 3827
6133 6962
5037 5982
4438 4293
3008 3413
2929 3690
9498 9396
4871 4528
9163 9796
2381 2507
2816 2521
3006 2481
5960 6017
4132 3747
9558 9325
10508 9970
2084 2428
9928 9467
7260 7642
1399 1664
6343 6910
2306 1715
6766 7400
6495 6108
6624 7319
3149 2368
62 981
62 484
4440 3497
9704 9116
4303 5151
7290 7480
76 719
6370 6076
8368 7685
8009 8913
76 114
4502 3805
5681 6070
7198 6309
10412 9790
1575 2428
3267 3955
6829 7575
5388 5119
6410 6178
1881 2062
10311 9330
1810 2050
6734 7311
1550 1243
61 291
6083 5930
986 1517
7388 7794
6855 7843
5279 5192
7260 6768
299 1014
3410 2571
6942 6854
84 719
24 997
4326 4450
8175 8172
5295 4994
1599 2466
2687 3404
10175 9495
9841 9943
1420 2415
2179 2310
39 330
1973 1467
4808 4499
6915 7675
1405 1683
3025 3288
1227 1845
9216 9645
9936 9161
6688 6236
9664 9876
10015 9508
9231 9608
3330 2883
4728 4713
1759 1868
2407 3281
5118 5118
9655 9495
1940 1848
3701 4013
4293 5228
327 1235
3521 3427
9213 9309
7720 8483
8568 8188
10526 9697
5115 5345
5801 6239
6526 7101
2852 2699
10102 9142
3792 4136
8640 8041
4512 4874
7052 6930
10 761
4486 5213
15 523
8010 7997
9733 9736
8653 7786
1496 1372
7873 7396
54 34
2613 2206
3929 3033
3649 4560
1982 1052
5550 5409
1893 2398
5096 5956
2344 3273
2904 3832
2508 2304
2263 2996
9466 9975
1968 2919
5912 6097
6557 7045
2507 1644
9207 9710
2072 1691
64 685
9397 8903
6479 5862
9374 8900
7718 8149
6777 7625
2228 2571
6501 5568
4355 4667
7362 7883
5835 4856
5589 5042
8419 7662
7960 7383
6715 6480
2282 1724
5417 6349
2699 2737
9637 9590
8425 7879
7522 7164
2761 3687
92 689
4275 5146
6382 6814
8866 8825
6453 6849
8384 7432
7457 7974
3243 2661
1251 2159
4337 4472
7541 6852
6549 7319
6540 6936
2446 3407
2857 3683
4981 5272
2624 1894
3801 3642
1603 2163
5341 4749
5613 5108
3071 2084
9101 8777
22 881
6593 6389
7501 7764
3025 2794
9074 8945
4341 4017
8499 7777
4172 4542
3612 3883
10 133
100 167
94 728
1744 2341
94 828
4305 5271
5275 5769
5780 6511
5364 5382
5521 5498
2260 1721
6830 6315
7172 7945
7463 6727
6045 6597
17 251
5325 5841
8219 7634
8659 9613
6709 6614
3127 3598
3025 2462
1545 2371
3973 4120
10219 9626
2506 1517
7745 8111
5969 6941
8722 8317
8888 8870
5546 5133
2509 1798
3465 2631
6154 5644
2083 2379
67 856
8795 8585
8835 9375
4389 4873
2984 3744
4887 4127
3556 3301
7452 7746
2285 2689
6939 6081
297 1070
7765 6932
8254 7806
2069 2862
4686 4469
4953 4789
2834 2001
3482 4387
8634 9501
4128 3724
2694 1871
3908 2912
1278 1925
55 509
2057 2864
2070 2260
9351 8979
7650 6906
61 208
4866 3919
5042 4161
5233 5923
3040 3592
70 529
4240 4912
9894 9620
5802 5483
6925 6095
4053 4668
2637 1840
8707 7902
5966 6506
9280 9504
2891 2847
979 1248
4792 5495
87 414
3403 2657
6391 6086
10309 9345
5381 4825
5292 4868
2847 3554
7051 6951
4780 5432
2647 3423
1209 1088
261 1067
4636 4323
3375 3737
7175 7302
4324 4972
9622 9154
2742 2005
47 810
5423 5593
32 522
526 1498
8655 9121
4819 4789
8254 8430
8048 7832
6173 6175
4940 4724
4884 5029
7739 8193
5451 5827
4029 4785
7187 6217
5200 5015
2467 1927
2608 3519
6071 5165
7577 8463
4900 5486
4286 4531
7860 6877
7613 7149
8484 8406
9089 8811
4952 4290
4694 4055
2079 2321
18 268
3264 3224
7560 6848
7846 8728
8449 9111
9430 9862
7763 8170
38 797
227 1208
4423 3809
6610 5860
7234 7686
6622 7622
8265 8602
7576 7421
1563 1363
76 76
8979 9250
8177 9044
5834 6750
7745 6766
2536 1875
7296 6300
19 982
3291 2734
2399 2497
2516 2216
7257 8254
9595 8715
6333 6795
9331 8696
5368 6081
5750 5061
2335 3326
56 55
5072 4086
5317 5746
7039 7487
9392 8518
78 368
8306 7610
6772 6290
4755 4629
3253 2904
1700 1798
9477 9006
9102 9393
6094 5564
8761 7965
8681 8431
54 363
2826 3181
9740 9734
4714 5533
7204 6287
7145 6253
4718 5447
7367 8184
6593 6984
8391 9130
6839 6433
4217 4406
8631 9289
2007 2777
3223 3239
7563 7731
4837 5810
6454 7142
6522 5986
548 1510
9166 8720
8597 9500
1642 1528
43 199
2152 1220
5474 4859
7500 7726
81 856
50 41
6913 6130
4955 4239
5086 5433
4446 4953
1217 1538
7881 7090
7505 7758
4536 4811
4995 5005
8206 7362
3103 2795
7899 7684
10428 9462
26 944
9927 9351
5321 5863
416 1048
8303 7482
6131 6368
26 965
1531 2236
7258 7461
1809 1525
15 86
3188 2323
9815 9307
6941 6237
7988 7005
5131 5147
6383 6033
7634 7338
98 350
5258 5860
6396 5899
1125 1663
5677 6487
6111 6506
7926 8655
2559 1709
9830 9765
1687 2397
2256 1299
16 398
2945 3750
83 370
279 1100
7348 8151
3167 2827
4470 3589
1617 1570
8566 7961
8062 8567
4753 4445
9118 9083
4624 4180
958 1335
6174 5418
8303 7958
5522 5497
49 584
1399 1341
1430 1296
87 755
7328 8311
8377 8891
9279 9859
6167 6381
46 252
6617 6978
2123 1803
5767 5781
3890 4485
7145 6908
8794 8759
7585 6631
5571 4766
7893 7356
6245 6876
10008 9191
7676 7794
9124 9585
83 775
10539 9546
7183 6924
1727 1892
3384 2821
55 832
5038 4414
9067 9404
4101 3288
3662 2847
6928 7900
6223 5249
5245 5841
3673 3095
6076 5467
86 18
4920 5590
3236 4076
6915 6429
9977 9699
9287 9216
4544 4371
5369 4493
85 737
9080 9967
1079 2030
4608 4447
9537 8658
4537 3630
2430 3206
9381 9784
2463 1532
5376 5082
5252 4320
24 103
1212 1175
2586 2757
6271 6483
2165 1231
8532 8060
2341 1642
6249 5553
6850 7590
10194 9760
4369 5257
4780 5703
8958 8825
1955 2164
8291 8845
1261 1729
6465 6905
4114 4575
3251 2368
6203 6927
5215 5677
3365 4243
7514 8288
7885 8745
5820 4876
86 736
2419 1476
6673 6685
1296 1551
1415 1803
4566 4775
2050 2812
1743 1938
9414 9437
7783 7131
4528 3770
210 1071
6149 6252
7126 7835
2590 1664
9177 9684
5464 5518
7428 6475
72 90
1712 2096
5365 4530
2118 2985
8580 9480
3649 4467
5074 4238
10446 9895
7053 6204
8594 7713
34 106
2322 1474
2697 3319
9619 9454
8982 9570
2422 1635
6816 7364
6666 7179
3185 2494
16 845
8058 8507
9724 8938
1453 1650
9067 9752
7066 7830
5454 5290
3013 3315
2156 2994
7683 7641
8107 7817
3903 3925
2445 2986
82 537
6365 6577
2473 2033
36 203
42 244
5303 4376
5363 4618
26 1006
3454 4067
8973 9132
8008 8336
4292 4141
1597 1172
8922 8649
6244 7030
5416 4938
3606 4306
4103 3837
4025 3626
6811 6707
2071 2966
3423 3833
2849 2583
12 516
8609 9375
3801 3811
1382 1324
3935 3979
4542 5284
5881 5490
9790 9135
2545 1922
1632 2235
10613 9903
4835 5327
7465 7391
2799 2281
7335 6465
6206 5746
5245 5575
1224 1027
779 1750
2259 2724
9367 9982
8516 9129
2372 3035
1730 1238
5741 6536
9583 9073
5952 5996
4822 5289
6577 7144
6523 5546
7493 7116
2847 2338
1390 1816
35 735
777 1646
7734 7869
7717 8606
5873 6092
10029 9119
8202 8682
6268 6051
7005 7349
1913 2030
5889 5654
2967 2879
6383 6393
4256 5080
1457 2052
6418 6726
1685 1782
8390 8941
54 468
10013 9096
9452 9110
6798 6702
3142 2708
1987 1937
7075 8016
7948 7870
1491 1331
1801 2099
7653 8556
6728 6930
7734 6974
3787 3580
1522 2023
8898 8953
41 731
6512 6023
10338 9772
2651 2285
1533 2052
9138 9882
1980 2853
3616 2735
77 320
9653 9755
4392 5137
4819 5237
6409 5784
5889 5888
1346 1543
9079 8724
6603 5782
100 792
3144 3376
9342 9413
3111 3748
1902 1210
7990 7770
8452 8789
1575 1898
5983 6730
6116 5979
10284 9747
4635 4633
5600 5694
4296 4543
8263 7535
7179 7979
8043 7874
2759 3536
5612 6549
6380 5829
8606 7735
3729 3298
5743 5199
2615 1737
7186 6949
7176 7321
7389 6933
33 746
3342 2374
23 115
9568 9514
2547 2223
980 1237
6734 6162
4360 4607
1585 1435
8398 8434
63 522
7468 8129
6824 7153
5044 5138
6740 6744
4719 4985
7761 8197
2341 2976
4050 3983
8231 8842
8040 7733
7209 8067
2956 2781
6881 7194
4361 5166
7164 6603
42 536
789 1174
2595 3060
3861 3122
6073 6509
1870 1856
2105 2912
8940 9161
8591 9318
5970 5665
4228 4997
4307 5300
8351 7838
3033 3132
3331 3976
6143 6721
4231 4017
5803 4810
2682 3303
3875 3088
3555 3794
8116 8736
8383 8191
2702 2361
1574 1843
6578 7437
4062 3261
7927 8294
7647 8472
8250 7738
4713 3928
1241 2169
3290 3993
2101 1760
2619 3526
4227 4521
10616 9980
46 595
6009 5167
7541 7193
77 180
12 814
16 433
8944 9805
5731 5346
7318 6983
6373 5565
23 193
2176 2792
2739 2255
4762 5549
5663 4877
9942 9309
3659 3079
7174 6310
7532 7698
711 1061
8645 9479
7345 7485
8313 8349
4213 4915
4362 3531
68 648
3326 3383
8422 8121
5709 6106
6321 7033
8435 7782
2268 2636
9997 9124
95 924
6495 6859
8965 9769
94 52
4740 5557
7022 6720
6597 7419
5316 5812
54 175
13 399
4698 4733
61 294
2278 1919
5152 5028
9699 9622
5932 5177
5305 5269
7195 6242
7276 7486
1557 2326
9546 9358
4848 5333
6500 7330
3021 2706
4071 4883
1655 2154
7334 6920
7344 6795
1448 1162
8864 8163
61 269
6373 6005
2575 1769
81 38
3060 3510
8417 8538
6491 7356
19 481
8495 9119
4251 4745
4694 4961
7327 7116
2290 1713
2620 2524
88 627
4150 4777
2248 1962
8243 7288
11 389
6651 6460
7892 7062
6081 6177
2971 2772
1249 2152
3143 2277
3293 3952
3795 4624
4283 3554
6683 7026
4400 4700
9167 9365
8347 7980
3995 3224
6860 6626
3382 3145
2335 3317
2005 2228
8290 8916
2168 2346
7746 7547
4600 5580
3138 3412
1577 1825
43 1002
7528 7523
9187 9433
663 1306
10112 9684
8367 8945
4237 4305
5318 6192
7443 7248
777 1645
4070 3806
7340 8015
49 689
810 1222
2220 1425
4033 3383
6786 6859
1253 1517
3183 3586
2339 1459
22 477
6911 6835
7698 6958
8133 8078
60 984
67 537
5015 4307
7437 7004
8561 9079
1889 2445
4378 4012
4728 4951
5457 6319
3774 4336
5076 4556
60 721
3868 3462
2015 1768
1822 1151
8153 8159
7319 7322
2080 1143
13 833
7099 6726
7943 8029
9089 9474
8322 8927
10133 9183
7876 7790
3993 3070
3107 3277
4126 4354
3292 2566
8290 8805
2528 3413
32 534
1770 2354
6282 6579
3307 3935
17 235
6331 5682
7907 8824
4839 5166
1833 2201
8700 8274
5326 4547
3965 4753
5420 6034
9658 8722
8764 7814
8779 7941
5141 5485
2618 3261
5135 5899
7344 7903
7314 7649
6394 5837
4450 3764
8254 8640
3807 4564
2097 3032
5974 4988
2710 2496
85 674
4378 3647
2943 2393
4771 4195
2664 2180
7900 8007
4099 3161
7331 6866
6220 5390
5525 5676
5472 4987
5158 5621
7526 7370
6323 5755
6383 5916
6386 5639
1102 1307
4393 4143
9433 9466
5482 4612
7222 7030
3321 3338
1432 2080
3221 2756
6005 6684
6195 5834
2328 2823
7789 8043
2101 2616
6538 7069
7174 6540
60 91
2335 3213
6445 6291
3439 3752
50 149
4944 5260
8861 7943
9519 9268
10770 9947
6960 7381
76 432
3730 2970
6228 6644
3168 3687
3678 3906
142 1019
8446 8333
6491 6137
6236 6290
14 683
8956 8710
3770 3694
7285 6762
28 791
10454 9594
6082 5245
8127 8487
4203 4112
5334 5708
7312 7394
3277 2734
9040 9895
3768 2883
8348 8982
5689 6157
5623 6473
1888 1197
8260 9148
54 661
99 539
4217 3721
5427 5837
9427 9389
7334 6549
7374 6635
9636 9136
8158 7704
2221 2112
3273 3787
7835 8409
5869 6639
1968 1742
43 948
8703 9587
9096 8824
2256 1982
4751 5327
46 240
10118 9279
5798 5953
4084 3477
10605 9922
82 604
2452 1565
5516 5150
613 1268
2368 1778
9837 8891
15 818
7133 8124
3361 3896
8900 8967
5450 4594
1045 1828
4011 4630
6787 7387
3803 3513
9518 9992
7035 6269
7792 7164
3986 4124
9443 8814
2480 1781
4952 4267
5694 4702
2832 2116
3898 4515
4131 4644
2659 3499
2617 3021
6574 6733
9501 9772
2088 2835
6694 6643
7250 6793
71 221
4045 4932
4803 4071
5373 5348
5211 4336
75 157
5515 6352
8882 8549
9883 9177
4498 5026
6776 5793
2261 1853
10638 9810
4194 3509
8851 8537
67 959
8251 7374
5029 4397
4246 4113
7185 6358
2606 1880
6794 5989
26 271
1723 2020
5985 5040
3131 3807
5495 5475
5364 6000
4713 4734
4715 4643
17 348
10084 9749
2395 3183
2305 3026
7554 7689
7522 7857
4181 3702
5445 6347
8821 8513
837 1335
8152 8268
4486 5190
93 914
6790 6958
7575 7044
1224 1769
55 512
3350 4151
4671 4542
9069 8232
1915 2309
4958 4877
10109 9258
2540 1585
9447 8609
8640 8977
6928 7120
5294 5885
35 486
5864 6671
7951 8233
3349 4296
35 491
8270 8441
10422 9741
61 646
8014 7302
8521 7684
5616 5233
30 630
3164 2328
76 627
1774 2474
8787 8389
4282 3874
3153 3459
8887 8184
8662 9140
5552 5361
6491 6580
6367 7080
8857 8437
67 512
2392 3255
59 664
9545 9958
6318 6571
34 216
2522 2795
81 564
7596 8406
6770 5871
3289 2527
3514 3454
3764 4238
4780 5595
4963 5815
2075 1596
46 15
3976 4971
7739 6930
2756 2935
9363 9118
8958 9182
3657 3331
8541 7790
1644 2308
4900 4416
82 685
2360 2091
3952 3362
7339 8003
6062 6017
9681 8930
6042 6187
4435 4623
5659 5643
1640 1256
12 340
2702 2903
7049 6245
7009 6250
9170 8660
3575 3229
1423 1745
