9905
100
22878576
106 99 98 90 109 110 99 100 100 91 110 91 108 99 98 102 100 90 103 109 90 94 109 100 94 96 91 105 92 108 105 97 96 96 101 93 93 96 92 92 97 110 99 91 102 92 104 98 90 109 92 97 106 101 110 99 90 109 95 95 99 104 105 110 99 95 94 101 97 91 97 92 101 98 90 92 104 108 105 104 91 100 108 104 110 109 102 92 95 101 92 104 93 106 100 98 99 92 92 93 
-239266 -195703 -231852 -202514 -229682 -246762 -222586 -205165 -229201 -197513 -228776 -193036 -232270 -214597 -220787 -236329 -210309 -202443 -222961 -232273 -209636 -203350 -245715 -219877 -227484 -203941 -188233 -231912 -199902 -234530 -243583 -220649 -213037 -211907 -231554 -224459 -199416 -235936 -196746 -206442 -223157 -260095 -225134 -178562 -226925 -221535 -208036 -189504 -213976 -237067 -221017 -219682 -240777 -197664 -256396 -197799 -205084 -241093 -206278 -202219 -227539 -233523 -240672 -270365 -235454 -232003 -195585 -208651 -216460 -180575 -217532 -205503 -210279 -225555 -216650 -180037 -216601 -230952 -211773 -230138 -222560 -184564 -230480 -231780 -261047 -230982 -224130 -211370 -203001 -212460 -206342 -244377 -221168 -241505 -231998 -209640 -251591 -196657 -198326 -219020 
226221 187160 213755 187693 216870 232019 209639 191629 216427 185862 216040 179271 221161 202516 210673 223447 200689 189240 209620 218584 201485 193798 231495 208558 211047 193179 174977 221499 184776 222798 227463 211748 200310 197415 218414 209168 187196 227448 187954 193551 206762 247062 212153 168537 214806 208053 196884 181868 199150 222349 204815 207468 223406 190321 244884 185412 193690 226553 199131 193851 213226 224517 225601 249969 224765 217799 185672 199952 204833 171983 203075 196826 195774 213893 202642 172071 207430 220780 197548 215859 206644 176824 219295 216018 247115 214973 210664 201123 194008 201118 193818 229041 207138 229973 220221 200559 236154 185119 190016 203611 
10010 9537
9030 9334
7627 7326
88 171
8562 7820
3030 4007
7444 6872
3897 3384
9655 9763
2231 2886
1881 2148
31 533
9933 9467
1985 1665
36 1009
6252 6916
1701 1191
4049 3879
5628 5969
2472 2693
4471 3711
3539 2579
56 613
3611 4060
8619 7919
17 391
6939 7053
9210 8238
7737 8591
4164 4433
6592 6770
4823 5060
6409 6581
6273 5717
6860 6884
6550 6793
8350 8136
22 998
3147 2667
2531 2955
6419 6401
1409 1890
4248 5212
1882 2063
1308 2003
44 50
8932 9058
2398 2417
38 631
8359 8699
1346 1300
4418 4725
2997 3023
4336 3489
6855 6933
1136 1431
8146 7549
3733 3582
4775 4638
7125 6638
6613 6155
9974 9131
53 546
2350 3216
6510 6679
2934 2286
3386 3533
771 1456
8233 7668
8591 9425
5253 4665
6058 7058
7330 7113
5174 4696
3393 3275
8240 7356
2552 2196
6122 5853
8751 8135
6668 7008
8179 8385
2094 2010
48 361
8891 9673
3326 3948
5832 6246
9796 9691
5565 5991
1146 1090
8397 9210
4972 4837
4840 4001
9286 9301
2474 3004
8974 9240
9607 9305
8580 9291
4917 4857
6408 6661
4956 5390
5851 5874
7033 6415
6240 6425
2442 3362
5172 5477
4652 3902
5969 6741
2874 3239
6406 5751
2853 2555
1513 1063
27 803
1572 1904
8039 8907
9471 9551
2271 1408
9491 9658
2977 3302
8269 7642
1598 1511
20 676
7420 7754
2646 2333
1879 1750
5719 6568
84 282
5600 6254
3348 4330
2560 2039
6690 6545
6628 6697
93 670
4764 4917
2098 2102
768 1683
1307 1669
84 156
4237 3759
3040 3068
1126 1962
9200 9384
7339 6974
4399 4943
3536 3118
2603 2105
1702 1228
848 1515
3725 3543
10235 9782
4431 5009
8710 7897
8902 9692
10379 9451
19 693
5451 4930
777 1603
6663 6315
1103 1516
9189 9489
4381 4590
958 1872
87 754
2387 3015
5736 5149
8935 9382
4396 3717
1088 1735
6090 5172
3559 3227
6336 5453
2178 1623
2875 3708
4641 5342
6281 6063
6228 6808
5980 6568
7663 7812
3570 3109
7996 8821
2077 2317
3275 2802
4104 4972
9236 9324
8289 8492
9960 9993
9280 8577
4667 4881
7241 8212
1214 1158
979 1011
3638 3301
5952 6636
2498 2354
1823 1228
4163 4951
5363 5145
3189 2607
6569 7209
6857 7566
27 460
8312 7466
5725 4762
2645 3596
28 143
5647 5114
8482 8584
89 958
3610 4586
8790 7875
7833 7904
2752 2769
4877 3899
2902 1998
5126 4911
5867 6391
9940 9937
7299 6701
3958 3684
5421 4953
7872 7381
4507 4128
5301 5876
1971 1853
9782 9373
4341 3445
5646 5563
1934 2310
4586 4400
9304 9284
7465 6666
95 687
1531 1779
3811 4605
3435 2580
5801 5760
5958 5947
9066 8428
6388 5505
7318 6953
8017 8454
2528 1756
1562 2234
2626 2064
3369 2795
3747 3992
4447 4213
5789 6008
6201 5609
9360 9230
8916 8016
5338 4500
5833 6672
7201 6826
4380 4479
2942 2438
454 1451
6901 7012
2696 3369
4868 3913
7454 7031
3714 4377
1872 1085
62 97
6824 6332
8560 8372
4285 4546
8458 7880
86 208
5592 5034
4058 4657
3831 4512
6660 6540
9130 9763
4398 3525
5030 4036
8811 9323
5451 5857
2986 2053
71 808
3800 4001
8993 9432
6966 6366
2682 3562
8691 7899
6889 6931
5753 4931
23 484
9232 8934
7792 7367
5630 5399
6182 5733
9951 9205
1353 1532
7581 8433
9722 9439
18 242
7403 8360
5371 5837
9392 9726
49 389
8720 7903
28 623
7666 8632
7254 7139
10444 9754
2980 2583
2042 2446
2728 2953
8101 7732
64 477
7306 7020
83 801
1253 1850
5029 5751
7687 8403
45 480
8341 8408
4042 3759
6056 5136
7736 7761
3125 2631
9103 8797
5006 5423
7691 7019
3418 3268
2118 2951
3885 4474
7263 7323
5661 6256
5729 5233
10363 9854
10643 9681
2775 2414
10189 9257
71 40
8171 9144
4840 4999
40 499
9208 9909
3480 2550
2139 2291
5150 4309
7360 6451
1817 1913
6765 6906
2639 1869
2532 1940
2977 3766
1007 1405
3566 3399
2114 2776
8668 8251
9474 8880
13 875
20 741
1995 1335
5475 5206
18 507
2257 2200
4179 4317
8750 8549
8163 7326
9893 9024
7146 7173
10272 9853
5191 5961
6183 6093
6720 6005
5877 6546
6259 5337
6528 6383
87 259
2782 2496
9248 8419
2694 3302
2259 2472
14 492
2825 3281
5444 5206
7035 6253
7499 7387
7593 6857
5245 5556
7679 8215
4315 4399
9437 9187
5919 5928
9645 8777
4893 4056
3913 4440
3606 4040
4689 4546
38 576
2212 3059
9174 9539
6428 6521
3895 3082
3589 3566
8703 9699
5191 4693
982 1739
4001 3546
6384 5595
4701 3728
9416 9375
5111 5834
2962 1997
2052 2339
2980 2386
82 695
5768 6622
33 962
4216 5063
9359 8919
4643 5013
8211 8565
4718 5216
1605 2552
9759 9886
9882 9742
5705 5189
2789 3379
3058 2781
3411 3994
8689 8024
7814 8109
2542 2291
1425 2328
1454 1885
72 865
1679 2011
6829 6122
6357 5907
2625 2722
9036 9142
4766 3875
1859 2207
8026 7436
8235 8327
5258 6198
23 486
3023 2503
2787 2013
18 195
2684 1899
3835 4261
4485 3905
685 1433
2490 2863
6032 6484
2655 3141
3503 4220
3115 3206
4390 4597
6965 7678
10675 9984
5498 5990
66 248
4266 4341
9140 9495
28 249
1770 1474
1305 1026
2133 2038
5744 6564
6957 6403
9383 9593
1468 1826
9253 8386
8386 7409
58 62
3861 3933
4684 3739
2950 2441
4070 4570
8518 7820
2675 2412
8952 9666
5608 6284
1608 1639
87 75
6706 7259
1719 1725
45 382
9205 8610
7133 6450
2371 1871
59 236
1917 1053
98 235
9532 9540
4107 3486
10341 9666
2241 2891
9196 9151
4821 5491
8531 7753
8490 8384
7663 8236
8839 8846
8819 9788
7259 7204
72 301
4832 4128
8468 7852
8860 8209
4080 3639
6186 6424
2386 3010
6295 6487
2657 1703
7839 8452
7305 7147
89 349
4219 3683
2441 2364
2640 2202
3015 3656
5842 5555
6675 5954
3706 4686
4871 4767
8431 7683
4732 3836
2817 2665
93 288
33 75
3547 4213
3618 3521
7787 7357
49 159
2819 3414
7176 6310
10 471
10040 9414
2944 2677
10214 9538
8061 8598
4290 3578
1768 2765
5590 4655
6190 5916
6065 6315
1215 1480
2280 2654
8617 7921
3494 2562
40 258
2683 3369
2398 3129
1495 2200
9423 9736
6098 5612
7622 8353
90 539
68 256
6105 5300
9694 9195
2990 3526
4717 5628
18 301
5762 6382
7309 6915
9255 9335
2491 1894
6211 6972
1760 2081
9206 9287
2728 3688
4173 4782
10014 9758
9900 9161
6177 5762
3495 3952
7663 7189
8877 8291
6668 7414
8196 8464
2747 2402
9411 9408
2803 3306
8040 8898
5863 6603
4730 5618
2157 2868
4507 4149
6164 5444
96 902
8781 8800
2687 2928
9126 9142
9089 9371
6786 6484
7443 7558
1700 1673
2718 2068
541 1314
5537 5231
2598 2370
8644 8269
3904 4094
8661 8765
7558 7821
5633 6174
8700 8836
5062 5654
8171 8078
2079 2293
8936 8737
7262 6766
41 390
4871 3909
6900 7556
8356 7704
2351 2259
8060 8408
3910 3448
80 398
5799 5519
9157 9564
7321 6833
43 149
9789 9149
9097 9976
2044 1050
9552 8864
8474 7557
1225 1308
5326 5413
63 514
8297 8221
9144 9475
89 662
2894 3063
70 562
9773 9064
10113 9811
815 1709
5277 5155
7629 7999
96 256
5149 6027
7708 8557
50 912
6481 5625
10464 9618
6150 5720
6731 7064
9302 8766
6908 7119
60 453
4293 4349
1319 1331
4305 4539
6577 6805
8497 9155
66 988
6599 7340
7739 7200
5172 5801
10234 9509
76 995
10277 9481
9893 9965
3631 3788
8773 9591
2270 3020
6724 5770
7257 7935
3763 3380
3133 2975
3287 4198
92 583
9048 9111
4907 5171
10447 9470
3983 3308
9747 9943
75 229
5460 4647
2089 3030
3059 2175
39 521
2201 3059
1743 2549
8919 9366
4710 3764
3289 3191
78 194
8676 8273
2870 3095
10577 9696
2593 2716
3047 3130
32 464
6509 7363
84 589
1781 1457
26 120
2375 2788
3297 2328
4462 4643
8801 8483
2394 2354
3778 3417
8421 8150
9391 8962
5043 4104
9484 9679
13 794
8601 7740
1553 1662
2853 2331
12 289
1188 1646
78 461
3515 4502
2180 2842
8860 8763
7866 7151
1538 1582
8427 7795
2083 2164
10424 9733
1200 1216
3652 3889
7612 8269
5804 6246
6829 7829
7130 7411
9222 8755
89 259
6076 6580
2778 2692
10393 9804
6224 5499
5228 4750
10 204
69 479
6812 5822
61 832
9907 9619
2776 2025
1778 1318
4783 4928
4154 3813
5935 5454
1044 1752
7387 6978
2484 1676
3475 3009
1461 2000
5812 5534
6725 6419
2775 3164
7988 7714
1810 1803
4783 4512
26 347
924 1616
4153 4303
6714 6794
2980 2244
2584 3273
6730 6194
3980 3118
6456 5689
2490 2666
4903 5220
3104 2874
4037 3723
8435 9395
6409 6638
6897 7042
2481 1781
4494 5410
5421 5005
6304 5596
2776 2587
3981 4081
6270 5909
9212 9445
8889 8194
4209 4280
7888 7317
5475 5322
5191 5486
10042 9048
9793 8952
8050 8122
9654 9395
3290 3673
8820 9556
44 27
8483 9266
1786 1698
159 1093
1755 2279
7898 7698
16 594
3425 4005
4844 4785
2693 1894
4979 4790
4070 4369
5948 5804
1160 1074
27 522
1940 2772
7902 8379
2860 2780
1075 1664
17 423
3954 3325
6392 6760
1915 1970
3041 2342
8200 7799
2641 2735
7982 8718
10828 9882
21 392
39 526
4707 4754
5450 6289
7321 6647
7414 8250
8643 9302
44 719
5918 6238
2779 2999
5773 5344
3958 4494
5311 4745
3000 3760
8933 9727
3197 2396
4939 5639
10171 9767
5270 5079
2698 2477
2973 3109
10413 9861
4675 4028
1900 1322
8041 7627
6110 6082
3939 3614
8069 8451
26 438
7392 8148
3632 3989
79 277
1737 1914
4271 5113
4922 5613
9866 9004
8631 8074
5333 4867
6046 6881
4095 3318
7016 6815
9469 9857
2565 3065
7749 8737
5760 4801
2364 2853
8269 8033
49 389
6114 5523
10316 9739
3570 3032
1245 1644
2711 2036
6257 7152
6810 7127
6136 5620
8311 8463
2612 2394
9202 9496
99 799
8311 8760
6074 5595
3082 2458
54 370
8565 8813
2169 1706
8366 8230
10488 9938
68 569
2959 2176
9706 9638
3953 4830
7688 8340
5576 4961
8885 9398
2492 2368
7863 8730
4859 4871
92 802
4234 3953
9715 9193
8965 8746
3053 2718
4463 4384
9618 8698
6429 6842
7342 7743
5928 5777
100 551
36 851
2047 1792
2945 3266
1605 1115
7262 8065
3632 4181
4112 4424
3806 3488
2509 1959
93 300
3905 3053
9087 9764
6614 6235
4071 4719
8306 9059
8170 8936
7474 8058
3825 4053
9567 9533
2164 2910
7747 7342
7156 6405
9341 9061
1700 1446
9273 8798
883 1276
9362 8966
1077 1633
4449 3549
3447 4066
2272 2051
7830 7992
3183 2398
6892 6202
2606 3185
2457 2456
3864 3536
8317 8468
6558 6238
6111 6667
8825 8830
3393 3614
9040 9059
9382 8485
1687 2072
3551 2759
7228 6662
5061 4609
4193 4518
5195 5937
7365 7840
19 176
382 1086
5830 6638
3082 3078
6791 6197
67 389
9717 8849
2987 3293
3676 2720
10126 9186
5970 6859
24 181
8578 9079
2725 3099
7028 7881
977 1376
7507 7837
3111 3849
5985 6180
2029 2413
77 816
5061 4951
2881 2881
7277 7822
3549 2701
5517 5383
1439 1297
4262 4217
3752 3964
9457 9864
5935 6117
2149 2645
7379 6415
3597 3694
5918 5853
5156 4250
70 243
79 867
3598 2686
7628 6862
8784 8613
3535 3532
8281 8789
8867 7922
5399 5215
2445 2079
9429 9525
6553 6714
7734 8500
5697 6064
3605 4356
8265 7672
6321 5341
7647 8551
6575 5880
3315 2422
4051 4748
5940 5795
51 479
1717 2420
1519 1883
4546 4939
4019 3052
4952 4391
7862 6971
3689 4655
10308 9318
3529 3470
5726 6714
7736 8239
7925 8318
2635 2685
7660 8599
6865 6853
3712 3168
65 550
5321 5883
6815 6182
7113 7751
8682 7706
5230 4977
6200 5210
8517 9504
48 664
9988 9915
30 205
3074 3195
3699 4485
546 1286
895 1843
1405 2210
8950 8097
3961 3197
5045 5018
57 328
6300 6248
11 55
2329 1901
6842 6956
1596 1311
1961 2709
1875 2236
8840 9777
2252 2529
4229 5186
2735 2900
8739 9370
1915 1648
3167 3237
7171 6791
695 1161
3479 3518
1318 1960
8103 7961
47 52
9012 8649
1597 1359
5859 6476
1014 1058
947 1415
3863 4683
8556 8773
1153 1767
8082 8296
7142 7020
4548 4923
5302 4840
8069 7973
592 1455
2900 2940
7874 7321
6114 5864
10327 9925
11 164
6573 5842
2252 1305
1959 1288
10046 9825
1522 1406
8462 8638
4926 4320
7259 6925
98 106
3076 2171
4357 4386
9472 8548
2471 2906
18 757
874 1031
5444 4947
1464 1278
5541 5658
83 1001
6181 5726
7333 7682
1333 1635
4595 4604
9882 9422
91 800
76 404
34 281
1864 1226
4242 3548
6005 5476
5552 6067
2257 1394
4826 5569
6873 7308
5308 4464
55 742
2823 3513
4346 3368
8253 7656
3869 2911
7546 7067
4888 4128
5051 5887
5701 6378
2500 2277
4886 4314
7597 7143
5796 5035
2544 1576
9462 9305
9771 9768
2034 2188
6571 5611
4316 5250
3840 4497
2510 2175
1507 1548
873 1574
10026 9108
9433 8441
1800 1644
2846 3330
71 846
202 1115
5966 5969
9698 8733
8149 7847
6489 7424
28 333
8302 8938
21 498
5616 5236
9835 8883
3702 3638
9846 9884
8545 8068
9236 9461
1766 2762
7426 6601
3109 3357
9253 9141
86 368
6174 5277
3965 3504
5351 4842
1712 1264
3868 3212
9148 9024
9548 9540
2964 2474
8145 7560
77 965
9137 9834
7282 7923
1483 1718
8491 8977
10027 9196
5207 4716
31 381
21 28
9087 9685
4409 4207
4242 4853
2737 3108
4428 4289
75 495
1136 1485
1812 1450
6972 7427
9555 9436
8004 8170
7955 6962
5742 6422
3835 3222
5653 6143
10097 9905
2423 2715
9734 8914
6875 7416
97 774
74 1042
7476 8178
7061 6665
9402 8618
8320 7504
6712 7258
6317 6626
2977 3441
4909 5172
2156 2577
4337 3362
10553 9769
92 640
8624 8465
5637 6263
6376 6636
813 1067
5484 5879
8313 8710
6090 5336
2124 1188
5280 4326
5425 5050
8319 7579
5232 5694
2487 2265
2846 3110
7523 7707
1911 1943
6791 5896
30 439
6504 6968
4049 3172
3673 4402
16 626
4990 4186
1060 1095
7036 7671
4129 4469
1736 1943
10229 9548
4516 4318
5404 4975
1531 1926
6596 6857
6532 5534
87 742
2010 2252
625 1528
3057 2682
4509 4540
4994 5842
5456 5490
6550 5929
1924 1871
574 1272
46 691
14 659
2811 3127
3391 3667
9452 8510
1784 2546
10492 9691
1656 2236
3922 4252
8854 8438
2317 1733
5393 6131
4190 4281
1614 2113
5905 5587
5092 4787
1139 1786
5418 5587
7259 6517
3508 4112
8448 8209
58 273
4783 4057
96 119
2059 2720
6771 6972
5521 6053
3336 3797
8378 9115
3536 4090
8328 8271
3450 4408
9332 9464
7715 8398
8433 8797
6878 6632
3666 4089
4069 4136
4835 5390
18 583
8736 8249
3500 3338
3019 2132
1981 1458
8634 7778
2378 2413
7118 6154
7508 8083
7593 8074
3563 3251
1023 1031
578 1286
7867 7461
8709 8027
3886 4191
1939 2025
420 1215
6372 6952
7643 8186
7700 8163
7259 7478
8307 8020
1932 1440
3509 2946
7664 7213
83 203
6062 5617
1327 1439
7171 7494
3046 3017
8457 7963
8672 7801
29 857
1399 1565
1072 1926
5024 4274
9676 8920
2023 1251
5599 4912
6820 7535
5534 6126
5825 6436
8590 8687
4985 5507
8317 7831
9676 9834
5362 4612
3624 3762
7918 8903
4328 4455
8387 9009
9225 9589
39 17
4571 3881
5275 6004
6299 6657
59 574
9712 9830
8822 8807
4321 5088
10188 9578
9000 8358
97 648
7639 7197
7173 6648
84 285
9242 9713
8404 8432
4663 5183
4288 4806
1312 1914
4458 4165
22 558
7646 8455
4904 4665
34 32
2139 1827
5182 5799
9759 8863
46 148
3596 4243
1423 1728
6095 5679
3490 3892
4011 3238
3876 3840
9255 8720
648 1285
5570 5798
1553 1254
58 151
1995 1545
4820 5372
2867 2686
949 1776
70 585
5905 6625
9426 9625
890 1016
5372 5451
4635 4288
7094 7029
3886 4294
10755 9759
4010 3201
2068 2014
96 678
91 537
2193 1792
7194 6974
9317 9064
4515 4082
64 671
1778 1687
2849 2618
2331 1881
3927 3826
6123 6415
6719 5836
2397 2160
9439 8960
29 13
4838 5636
9013 9528
5353 5384
8892 9402
6859 6960
9003 9161
9853 9113
2285 2507
6689 5784
2446 1924
2485 3231
1560 2156
4442 4774
6509 7239
7005 6606
3823 3029
3468 4053
61 342
6102 6035
78 819
3893 4407
7154 6215
3971 4106
2441 3012
3443 3667
5746 6325
6198 5651
6189 6292
33 708
6353 7171
6534 7117
9283 9083
2118 2677
32 318
79 526
37 392
38 430
7051 7814
8787 8214
5395 6219
9003 9244
2629 2975
8639 8954
15 168
2656 3489
5908 6286
4328 4344
8038 8962
9222 9389
9882 9929
6012 5499
7932 7938
1860 2412
8221 7705
63 155
5332 5431
2774 1904
6867 7411
9087 9891
4713 5267
5866 6802
1583 1290
8053 7692
7977 7044
8106 7820
8859 9015
10173 9179
5452 6286
5546 6462
9991 9526
5904 6787
7756 7550
2874 2562
70 426
8948 9693
4712 3905
97 25
6413 6774
1787 1737
4036 4629
8799 8272
6204 5696
10413 9476
1742 2143
1917 2055
3580 3051
7320 7916
4032 4126
6598 6393
9161 8579
7994 7868
3260 2957
8640 8773
2778 2335
4161 3633
2247 2776
6078 6821
8984 8064
1406 1381
25 951
16 514
6061 5972
40 264
5794 5511
7750 7910
9119 8511
2986 3943
5578 5254
4202 4982
5051 4728
1400 1013
10757 9949
5740 6112
8470 7655
6355 7127
6215 6089
8772 8735
9041 8196
3813 3513
6161 6580
5123 5383
2578 3236
5899 6204
4912 5743
8027 8776
5408 5161
5965 5298
397 1141
6313 5361
1783 1223
3929 4406
9144 9928
5482 5412
4004 4962
6341 5457
2748 3361
8053 8691
96 320
7495 7632
1871 2023
4320 5152
3627 4152
4126 3683
3385 3551
3238 4169
2277 1707
6913 7455
64 882
1352 2205
5768 6145
7780 7897
2599 2799
7130 7378
8836 9173
9033 9987
4896 5076
8039 8033
9222 8787
4560 3918
7747 7420
8378 7764
8357 9258
8563 8457
40 762
9086 8568
80 108
3479 3408
2501 1985
8130 9011
2077 1578
6940 5941
5729 5801
4720 4603
66 702
9262 9572
7859 7050
5993 6480
5836 6171
2810 3667
3239 2636
5703 5747
3060 3656
4739 4643
6348 6782
6749 6866
3341 4171
4028 4496
8752 8750
3205 2807
6367 6456
7627 8475
5607 4886
6533 7330
5233 5672
4310 4548
3160 3756
7606 8082
6443 5993
75 506
3115 2873
4834 4328
2655 2751
3937 3581
7538 8347
3408 3682
5011 4063
9497 8661
5257 5662
98 223
3178 2193
9839 9914
6463 6988
1589 1553
8160 9153
7793 8065
2592 2231
1709 2345
2183 1199
8972 9612
4273 3583
6155 5811
9453 9667
5130 5554
39 348
4604 5139
9169 9848
5665 5041
6090 6440
3220 3649
2420 2370
3188 2235
7766 7100
1962 2025
84 673
1721 1993
4830 5824
5014 5102
3515 3377
8912 9620
6734 6472
3540 3200
27 183
61 76
5056 5854
90 202
3617 3458
6018 5079
6300 6354
7636 7963
5006 4764
6159 6715
7164 6807
7999 8802
1456 1392
8976 9512
2267 2146
4004 4780
100 101
8523 8738
2382 2316
4457 5316
4967 5199
6202 7126
73 523
3492 3194
61 12
5296 4460
6629 7049
4152 4137
4625 3835
9133 9477
3837 4121
52 800
5932 5459
7525 6540
7928 7749
90 90
8651 8910
1661 1123
9777 9073
6505 5547
6555 6698
2420 2196
14 689
2530 3233
54 489
8784 7985
1755 2298
3507 2929
6998 7411
5116 4264
9184 9150
6985 6561
2874 2568
23 176
1097 1668
6445 7074
5302 4476
7844 6911
3052 3028
4190 4755
6162 5271
6340 6882
4442 3465
60 78
7320 7632
5693 5858
1624 2168
868 1452
2614 1674
6345 5854
6770 7345
7255 6663
6243 5587
7393 8009
8405 8290
2456 2026
6296 6308
8331 9161
9743 9307
1145 1869
8433 7779
6872 6793
3820 3185
6682 5986
3499 4007
9308 8864
7333 7846
6666 6673
4674 5116
67 932
7839 7729
5729 5336
10105 9114
2811 2755
3341 3274
89 705
36 588
7649 7763
8494 9203
1359 2175
4610 4440
9639 8908
1318 1819
5913 6866
78 840
5388 4516
5246 5286
4465 5416
9194 9778
1112 1489
5355 6145
10222 9272
10267 9818
6642 6698
69 133
25 582
9409 9053
4443 3882
9028 9900
1820 1350
6214 5795
5804 4840
65 396
5297 4649
5734 6492
2827 3301
6723 7078
7360 7832
75 81
8665 9062
2682 1978
6993 6179
1508 1193
5368 5311
5000 4691
8412 7833
1850 1645
25 563
8627 8838
9846 9409
83 75
8894 9355
7650 8532
5852 6499
7363 7284
10281 9452
1097 2048
20 810
4663 5563
1211 1247
855 1427
2419 3079
6064 6634
2619 1909
4868 5418
3966 3732
2919 3076
1760 1353
4576 3713
10081 9586
5794 5206
7674 6988
4277 4747
3599 2660
2195 2920
3916 4595
972 1799
52 927
9555 8746
7748 8608
13 770
1894 1957
6026 5322
8916 9767
10282 9625
3340 2446
48 822
5638 6141
4247 4916
10251 9942
8940 8165
6077 5922
8573 8100
8802 8230
9311 8510
4265 5224
903 1364
2544 1959
2990 3297
5223 5549
6981 6080
4432 3520
3566 2722
6074 6577
73 70
6496 6133
9778 9619
2599 2504
72 120
8548 8153
6108 6166
40 321
7197 7878
8290 8967
2435 2045
1605 1645
4795 5037
6016 6356
4416 4782
1105 1147
1704 1910
4816 5210
5093 5582
5845 5895
16 359
80 180
7564 6867
8941 9798
2696 1993
5039 4086
4302 4428
7372 6460
6307 6737
8767 8455
3169 3178
8427 7715
6779 7182
4524 5488
1105 1157
61 909
3963 3351
26 488
2483 2162
1675 1769
9508 9899
2726 1906
5649 5098
4457 3636
1363 1442
32 800
7616 8286
3471 2797
10250 9898
6435 7144
6720 6342
5864 6318
2402 2644
3983 4270
1856 1031
6259 6377
7585 7023
8436 9087
3176 3264
2966 2637
5589 5743
2241 2378
6481 6545
1033 1614
6240 6558
9769 9473
3113 2562
88 175
7131 6317
2818 2577
6039 5390
5383 4388
5284 6115
8096 8338
5861 5043
3174 2372
4166 3655
1937 1356
7844 8545
1851 2007
7040 7064
6707 6967
2713 2169
2992 3646
1241 2089
4744 4438
9394 8854
8234 8843
2428 1511
2563 2227
3324 3750
42 830
4917 4712
5245 5884
2934 3426
3694 3448
5960 5522
24 255
3962 4676
8424 7461
6195 6750
2885 3343
8387 8884
6667 7088
5918 6596
5083 5704
8679 9321
6958 6208
4250 4105
7834 8425
6813 6579
9651 9131
5397 4580
6520 6164
27 464
8035 8664
10309 9380
2098 2718
26 167
5932 4969
32 975
5956 6694
5880 6012
8074 8902
4754 4936
94 72
4144 3974
2248 3041
7249 8150
4911 4481
5004 5213
7956 8784
5033 5506
5529 4892
9345 8647
728 1516
7842 7059
3109 2263
4600 5218
3691 3596
55 819
7479 6759
5139 5298
2196 2076
4939 4962
5975 5196
7835 7580
7690 7244
80 732
2896 3838
7611 8246
4006 4611
3403 4136
36 496
3084 3849
6667 5918
30 789
7432 7012
5957 6128
3145 3045
8660 8209
4025 3722
90 475
2994 2496
3924 4220
7589 8353
6458 7291
6090 5648
9041 9178
8721 7926
6102 5467
7725 8554
5641 4852
6511 7005
5287 4698
8634 8234
9787 9611
5172 4571
2859 2621
5221 5709
8891 9540
3247 4039
3086 2681
1575 2295
6914 6833
5289 5367
3269 2570
3308 2704
5767 6043
5802 5309
953 1367
7547 7464
65 76
5300 4476
5754 6118
8931 9693
2143 3005
9987 9706
4481 4913
6041 6238
9161 8590
7888 8266
122 1033
7469 7229
9114 8119
6569 6396
68 670
8827 9003
3135 4072
5735 5034
43 527
7785 8025
2644 2483
7071 8069
4469 5377
2275 2438
8040 8833
4280 4888
8187 8905
21 770
5645 5314
2286 3132
5962 6491
1239 1548
6527 7396
3894 4405
7983 8415
8499 7785
8527 8441
3550 3406
4086 4318
6923 7756
7795 8351
2386 2274
2356 2773
5767 6049
7834 8450
311 1255
30 949
7853 7066
4124 5049
5193 6008
1897 1790
4596 5594
8355 7419
4696 5099
59 398
56 279
10088 9542
1808 2294
7742 7490
10676 9826
2717 3370
9164 8895
4369 4057
8994 9694
7712 7087
3980 3057
10041 9690
4110 4002
64 227
2650 3571
8794 9458
1545 2184
86 996
3127 3580
6002 6500
2974 3665
5856 6453
9757 9427
56 217
10042 9465
5752 5267
9028 9882
49 471
8391 7843
41 158
3844 4782
5421 5798
5246 4732
6742 7073
7916 7996
7633 7699
71 339
926 1184
4292 4278
1046 1632
9139 8199
5121 4199
2881 2886
1863 1789
1972 1566
8165 8229
9295 9371
8582 8863
10335 9362
5197 4781
59 822
3902 3817
7316 7724
1718 2352
1762 1288
5174 4982
6913 7676
2620 2976
7521 7461
6998 6092
1143 1071
8088 8786
5123 4568
9552 8567
3774 4112
1360 1530
5179 4672
8727 9200
3458 3843
9170 8248
4224 5036
29 33
4360 4804
47 304
6898 6282
35 657
6547 6911
6900 6002
5857 5248
3305 3977
1654 2129
42 293
4725 5366
7574 7688
2301 1746
10256 9820
7048 7016
5080 4840
4898 4234
8802 8650
10488 9876
1792 2006
1656 1104
5159 4826
1932 2734
9209 9017
935 1539
8641 8250
9489 8755
8812 7968
23 529
3585 3185
8352 7455
3184 2660
2151 1417
3749 3567
8002 7184
450 1245
7222 6931
5464 4904
13 118
4507 4638
5514 5799
8672 8445
7427 8126
3263 4216
8206 8446
29 298
4550 5443
9099 8893
1982 1759
4121 4527
9254 9906
9674 9464
9718 9793
9037 9141
2593 2811
1525 2154
2681 3315
4766 5411
4246 4398
8085 8923
8266 7266
5133 6001
22 433
8028 8824
6795 6618
1142 1189
3475 2699
8352 8982
1001 1076
5679 5083
1829 2316
59 1007
3942 3400
9784 9697
1836 2764
6686 6344
2544 3001
2811 1891
5096 5316
1394 1047
7146 7288
9747 9400
5129 4890
6476 6369
2921 3729
2999 2930
2738 2213
7396 7517
7728 7088
91 434
6667 6741
5884 5442
6147 5228
5169 5616
3813 3378
1792 1933
7350 8092
6670 5845
5870 5623
4011 4029
6484 6134
15 767
8330 7730
2424 1496
1408 2225
5601 4827
5684 5679
5342 5672
133 1126
6819 7785
9237 9571
9940 9123
3544 4146
4290 4523
8125 8994
9283 9284
1078 1836
1056 1948
7158 7584
65 986
7726 8193
2788 3324
8997 9536
8508 9324
8071 9035
10057 9520
8723 8256
6707 6300
8671 9089
5560 5105
1304 1815
2493 2189
3971 3752
1406 1327
3042 2474
5479 6219
5145 5039
8211 8098
1404 2019
7831 8014
15 871
1977 2615
5764 5134
8863 8594
4328 3548
3868 3355
12 466
1936 2853
6483 6402
2278 2410
5713 6642
930 1365
8292 7679
3702 4202
656 1402
3729 2740
8844 9069
4385 3417
6924 7049
644 1435
8500 8234
62 264
4736 4121
8579 8016
2503 2891
7364 7038
4000 3732
2771 2949
81 137
8573 7713
6067 5381
9237 8992
9057 9227
5556 5176
10423 9804
10268 9592
2285 2448
1412 2260
5443 6266
4284 4895
5046 4715
3897 3602
5530 4813
8253 8300
7307 7611
3278 2813
7306 8147
5124 4648
1885 2266
1557 2445
6428 5974
3585 4034
1342 1803
4488 5473
2181 1289
24 475
4213 3892
100 341
1000 1636
7667 8040
2589 1813
7927 8193
5755 4765
5888 6751
10525 9859
7487 6652
8795 8865
2382 2419
4907 4899
5541 5369
494 1474
2906 3899
7801 8080
7315 7703
2907 2932
5641 5264
7714 8393
82 469
3858 3499
9608 9727
6856 6210
3235 2388
49 638
5848 6366
8961 7995
1899 1968
9249 8655
7186 7035
3270 2554
9390 8934
5953 6020
7160 7072
8359 7430
5598 4893
7848 7743
43 860
7950 7283
3081 2326
8607 8252
6536 7518
2337 1861
5858 5882
4064 4103
3134 2429
732 1063
3706 3107
2303 2042
35 946
7811 8419
94 74
1948 1642
7316 6542
4835 5773
9972 9402
1704 2512
9107 9915
2589 1725
4883 5392
7033 6717
7421 6876
3814 2999
10605 9847
9947 9958
4560 5030
8073 8832
5474 4862
1273 2022
5753 5934
3622 3358
9050 8340
8371 8108
7048 6462
1466 2184
7332 7570
5063 5238
3315 3345
4383 3941
4926 4983
263 1036
7829 8448
6903 6351
5064 5727
43 866
5346 4946
9235 8418
3261 3214
8038 8727
8504 8681
8661 9276
7830 6844
2019 1978
7009 6749
1344 2119
3116 3969
7090 6551
2927 3721
7404 6552
6148 6786
5896 5933
7535 7307
9424 8608
1578 1257
3357 4012
3775 3965
9587 9145
6286 7275
3106 2367
6831 6075
9628 9403
7134 7296
1080 1423
2954 3812
5335 5337
8763 8180
8839 8495
4426 4644
5647 5270
5383 5427
9162 9002
7746 6783
6713 7643
5099 6000
3299 2751
6708 7524
9035 8718
6650 6629
5221 6159
100 966
95 167
2212 2668
2902 2965
3471 4440
1989 1396
4340 3713
4834 5428
7608 6639
8998 8631
1500 1050
8652 8596
4401 3551
950 1446
9078 9794
67 120
8347 8524
4501 4099
3708 3048
7782 7434
2802 3231
6167 6260
43 998
6508 7025
3526 3180
86 253
8950 9857
6380 6728
9000 8694
3597 3473
5075 4336
5432 5881
3194 3148
7038 6864
3248 3692
44 594
3336 2498
4786 5032
9023 8885
6886 7254
1263 1604
1375 1790
3697 4111
6483 5754
2220 2131
84 31
7062 6399
5792 6520
1965 1049
6929 6619
2515 2431
8889 9830
2408 2462
3410 2886
3433 3651
4589 4115
2639 2574
3678 4612
2707 2177
7741 7289
3888 4636
3742 4547
85 291
4714 3758
3477 2836
5603 4704
8786 9285
579 1521
7859 8428
4540 4769
8372 7808
4729 5516
6701 6573
6908 6918
4590 4842
84 799
646 1627
9599 9518
6267 6728
1369 1888
5063 4850
2949 2095
5091 5078
7701 8147
7725 6773
58 848
61 504
2695 2508
18 865
8438 9147
8458 8650
2896 2523
7978 8761
6203 7062
6266 7260
2750 2260
4645 4139
907 1700
9160 8627
7021 7382
2455 2398
43 56
19 523
7674 7134
6024 6278
9257 9315
1698 2169
6133 5934
14 697
7443 6581
1707 2701
52 427
18 407
5234 5404
84 311
3403 3591
7810 7122
10037 9516
63 644
3773 3614
8960 9900
2317 1377
2915 1977
7540 6824
7254 7447
8000 8098
4474 4901
3973 4455
6975 6355
3783 3233
9996 9032
5108 5873
48 238
84 657
4915 4167
6388 6619
7017 6396
9131 8933
3889 3046
5153 4202
2682 2637
1021 1706
19 517
5246 5020
3674 3686
7997 8080
7546 7875
7138 6468
2412 2476
6406 6597
2985 1990
5288 5037
5132 4667
7039 6469
1606 1198
7858 8251
22 625
42 223
1396 2023
10116 9520
8304 7332
5725 5513
3462 3441
3539 3284
7829 8094
4952 4494
5781 5380
10282 9303
992 1229
2570 2614
5590 5255
3573 3676
5237 5200
7842 7891
71 657
8673 9508
2112 2559
6697 6546
5057 5710
6310 6376
5524 6033
2125 1206
4805 5611
4627 4840
3415 3389
10013 9651
3939 2969
2095 2626
6742 5931
3100 3996
1866 1429
701 1480
1734 2397
2888 2429
7979 7195
7030 6462
23 385
7392 7679
5538 5358
2992 3202
7658 8600
2886 2460
7747 7229
3332 2831
8305 7623
9388 9273
6079 6102
1162 2126
8750 8980
629 1328
305 1173
7004 7457
5346 5987
9251 9038
6656 7635
4648 4864
8550 8385
6490 7362
6585 6651
56 321
5512 5271
7284 7531
5545 4724
4399 4063
6131 5879
6947 7673
66 640
8744 9164
3901 4014
8303 7688
2494 2891
6733 6057
54 916
4519 4284
8066 8284
8109 7997
7712 7770
70 787
4577 4168
84 596
4791 5450
5518 4717
1736 2591
4582 5157
245 1226
9766 9752
5235 6235
4510 4318
7420 6556
10283 9626
3725 3902
1822 2595
5183 4356
2850 2174
58 654
7544 7211
65 259
5909 5980
10642 9930
348 1211
5865 4950
7297 8009
4852 5781
2278 1644
9797 9092
1835 2526
5198 5104
1169 1143
6851 7724
3378 3953
9620 9096
9396 9234
4984 4880
1136 1675
5037 5238
3426 2659
6634 7434
6404 6391
2441 2334
4523 5469
9747 9948
3621 3653
5315 6079
4103 3155
5212 5920
895 1345
52 428
7159 6521
5107 5937
5488 4593
1731 2022
6041 5276
889 1428
1895 1921
908 1251
4263 3822
10511 9847
6943 6178
4825 5102
9419 8946
13 825
5860 6095
8737 7752
3330 3048
3821 3315
3351 2904
5447 5885
4645 3722
5771 5306
83 410
8745 8479
5624 4890
546 1273
7532 7751
2427 2740
2079 1706
7826 8130
8068 8335
918 1049
6766 5833
4484 3574
2076 2722
6733 7249
2951 2552
4869 4817
8482 7874
9018 8062
6671 7307
8095 8623
7941 7129
1767 1475
5912 6767
8874 8061
5177 5790
7346 6565
2357 1515
1494 1941
92 327
1549 2237
3194 3827
9846 9285
37 555
9872 9073
8294 7620
9759 9363
1757 1385
3625 3840
6946 6696
1210 1799
1709 1829
9871 9811
3921 3084
7383 8069
4711 5272
3357 2696
2515 2809
10360 9677
4821 4387
4031 4408
2388 2432
475 1250
50 461
5929 5373
7514 7448
5412 5715
5971 5809
4442 4301
6726 5817
5053 5253
45 755
3400 3404
6300 5345
1697 1441
5301 4938
3434 3192
9283 9548
77 626
9571 9987
4046 4483
4150 4804
591 1263
27 138
8335 8626
1802 1602
5237 5373
380 1041
5014 5547
8101 8663
8527 8486
1032 1099
4956 5907
4449 3583
4540 5169
7082 7959
5830 6262
6334 6481
5114 4449
3104 2282
2171 2834
6679 5817
5124 5277
1948 1560
3894 4481
9158 9045
6730 6370
9534 9235
5081 5704
5106 5549
6931 7397
2062 1763
7398 6903
5551 5937
1072 1567
8165 7796
2365 2337
5778 5961
1240 1014
2848 3443
2006 2049
2051 2656
2952 3295
10062 9651
7267 7331
30 1000
7270 6652
7278 6943
6976 6671
8292 8747
6256 6972
7631 6793
912 1690
7108 6556
92 628
3615 2680
26 408
8853 8003
5106 5643
5869 5450
7558 8471
2787 1900
2252 1969
1124 2047
6548 6587
3702 2797
958 1719
7964 8653
7896 7396
5008 5084
1891 2514
7079 6654
10230 9640
4114 3674
7733 6896
7675 8132
3722 3157
669 1163
10227 9584
4635 5117
5619 5685
7811 7876
25 225
79 838
1766 2484
5877 6619
7503 7407
8295 7586
3059 2962
9133 9832
4035 4833
1935 2221
8514 8079
4120 3523
5749 6380
7559 8061
1727 1272
4432 3619
6176 6763
4218 3404
81 111
8003 7517
95 496
9613 9411
3127 2806
2169 2285
6329 6016
8064 7906
2834 2277
8197 8063
3208 2393
1280 1072
9533 8706
3868 4684
5788 5522
7861 7427
7854 8005
7060 6361
9714 9975
5909 5644
4209 4834
8607 8343
5871 5717
85 740
6901 7289
61 668
796 1058
9240 9893
7166 6268
748 1482
43 314
6135 6407
2281 2135
5812 5581
5283 4746
70 48
2201 2726
6756 7028
5988 5382
4832 5626
6419 6756
4377 5289
98 116
10267 9842
9590 9940
50 620
9131 8154
10343 9610
5818 6207
8433 9334
45 186
5238 6171
4076 3484
9792 9651
4541 5075
7539 8220
9831 9861
2941 3569
8602 8626
2530 2979
8172 8120
5442 5725
4894 4015
9655 9140
7072 6826
4490 3653
1176 1519
1275 1896
7061 7952
9257 8759
2630 1674
7328 8101
8632 9499
3399 3390
9868 9569
2612 1910
2973 2689
27 272
6896 6649
5450 4920
7837 8501
8148 8876
3740 3765
4365 4187
9685 9972
23 806
8960 8837
1324 1616
2176 1808
5538 4729
8682 8092
9104 8906
8244 9176
2736 2020
2845 2429
7282 6386
3767 3169
6622 6977
1546 1125
24 219
93 152
4048 4593
3433 2510
7553 7627
5899 5445
7986 8176
1634 2171
1915 1819
5397 5868
6955 6940
6647 7609
5992 6005
3239 2558
5030 4910
6534 6658
73 918
2703 3020
5167 4646
1235 1034
8133 8113
76 989
6172 5457
7945 7137
5892 5691
3714 2976
8879 8328
7874 7502
2029 1615
8915 9452
1679 2118
2673 3066
6646 7175
7150 7891
3044 3869
9235 8529
8498 7845
8404 7982
5709 5991
9069 9890
8555 7567
8455 9157
5559 6052
1020 1278
8425 8440
3526 3189
6089 6928
705 1256
4431 4027
1334 2176
6843 6737
9590 9679
8259 7990
35 405
7743 6892
2324 3303
3903 3642
2067 2312
8329 8118
27 61
3638 4319
1983 2939
4044 3769
5478 6241
3608 3189
6265 7190
2132 2915
2252 1806
6256 6814
63 150
4843 5036
8126 8967
667 1430
7787 7240
7337 6541
8016 8641
30 199
6794 7587
7179 6847
1039 1829
4282 4431
3772 3888
1744 1337
8421 9371
4427 3991
4292 4185
2425 3179
5376 5368
8455 8857
4503 4491
9632 9836
6553 6845
3687 3242
3948 3781
6370 6898
7979 8747
4499 3650
4878 5513
8960 9489
3206 3793
5014 5589
7130 6579
6436 6842
2893 2511
6789 6154
1823 1824
7353 6998
5835 6568
2490 3340
3414 3132
1726 2064
78 643
3491 4154
2926 3198
6498 5961
2707 2838
2759 2798
5976 6744
6434 6433
79 654
82 890
9090 9587
6928 7208
2652 2322
8577 9359
4033 3328
4705 4275
8679 8072
7874 7752
3818 2874
3718 3140
1166 1064
93 873
2314 1695
9217 9425
757 1046
4387 4599
10242 9311
1536 2079
1210 2018
78 789
3750 3278
780 1706
9872 9706
2093 1696
8745 9355
9250 9310
6438 6704
3627 4557
8066 8745
7696 6985
5980 5808
3102 3252
7881 8222
6486 6753
3193 2604
8347 9078
2086 1611
9671 8749
4700 3855
2908 2012
10011 9808
34 914
9888 8996
8433 7822
5602 6039
608 1068
6565 6820
7514 7636
6302 6715
2680 3171
6802 7572
8908 8767
2540 3370
3965 4591
3682 3546
5987 5052
1236 1453
5853 6342
8888 9127
5635 5514
2229 2476
4363 4109
4110 3928
1543 1223
2675 2808
6278 6204
9898 9025
31 291
7028 6449
1935 1738
4078 3569
6536 7233
9532 9348
6959 6222
10486 9545
7429 6755
3685 4220
24 629
6843 7334
2653 2949
10 276
3446 2924
7352 7590
3705 2874
4217 4307
7351 7604
2192 2216
8783 8500
10099 9354
5861 5208
68 509
7578 6583
8645 7964
5565 4955
1017 1918
2367 1742
3774 3979
3397 4075
9576 9435
4477 4200
25 914
5325 5130
6795 6770
1569 1489
2991 3132
8047 8961
2240 2206
8726 8998
4575 4562
3152 2330
7286 6588
8325 8733
8651 9018
7255 6828
7316 6824
1473 1590
3986 4593
8654 8641
2333 2111
4399 4506
2446 3113
6960 5973
8168 8367
9597 9356
4297 4837
3724 4533
6244 6208
10234 9492
7468 8152
6880 6168
5709 6237
1793 1342
2596 3167
8985 9668
46 817
7561 7648
8557 8016
8849 9465
4619 4236
7192 6234
2302 1865
4621 3970
46 567
2031 1237
9656 9163
3988 4171
5805 6111
1859 2334
93 1002
2477 1634
5015 4015
5324 5584
27 101
3218 2968
3646 3659
9344 8441
2317 2644
7798 8677
3771 3817
7307 7408
10430 9980
4257 4002
6142 5825
3581 3070
22 529
5476 4535
2797 1856
14 1001
2184 2540
3025 3889
9919 8924
4302 4594
6099 6915
8849 9513
3398 3245
3354 3120
6306 5920
1860 2518
7061 7695
64 416
5854 5010
6480 5876
6913 7741
9466 9816
5446 4945
8053 8073
3868 3925
4819 4656
6433 5573
50 776
1527 1178
5693 4777
9900 9730
4239 4901
950 1356
2388 2116
4623 3996
9347 9867
5499 5143
2694 3083
6945 6649
65 554
10175 9666
8615 9473
6056 6433
8133 7774
7372 7867
6970 6829
5905 5887
5040 4215
5497 5720
7622 8255
1280 2250
5918 5400
7282 7913
3466 2783
9332 9817
1670 2204
7137 6320
5067 5285
4908 4319
89 982
2117 1699
3064 3305
76 360
8808 9751
5474 4845
8082 8154
9182 9937
3077 2385
2868 2953
8687 8522
482 1231
7463 7891
3236 4214
2768 2625
42 734
7191 7264
4380 4839
4502 4576
8222 7558
7608 7413
2849 2430
6429 6170
5333 5592
77 971
1635 2181
5565 6191
99 11
9209 9725
49 173
5146 4184
6842 5980
7353 7093
9332 8934
4376 3929
1740 1370
3687 4498
4320 4430
1909 2204
4039 3292
89 286
7952 8868
6503 6481
4428 5125
7811 8323
4216 3823
7404 6408
8289 9029
5794 5138
6536 5908
4931 4847
6310 6327
9529 9481
1771 2135
8343 9032
7519 8004
3659 3393
5313 5134
10018 9886
3308 4077
2751 3453
2818 2730
6506 5657
4999 4418
3778 4323
9942 9815
2195 1585
10011 9420
9704 9482
9283 9024
672 1551
1564 1501
5145 5762
6834 6519
2900 2052
5865 6046
5906 5137
8206 7641
5921 5556
3954 4741
9481 9135
1532 1227
9068 9080
2778 2655
910 1504
4432 4784
3050 2772
9087 9306
32 285
1839 1973
4508 4184
8544 9117
9998 9883
9729 9936
2563 1784
50 540
4138 4505
9881 9129
6399 6981
6624 6145
27 956
6969 7829
7975 7018
5820 5440
5379 4674
6861 6603
8266 8811
5574 4824
9069 8953
3962 4388
3574 3044
3867 3684
3419 3004
93 47
4371 5231
2895 2737
84 718
9866 9200
2446 3151
4864 4797
8721 8697
4646 5568
4073 4320
6900 7317
6082 5958
4701 4662
8155 8526
7470 7091
3426 4344
8739 7903
8085 7594
6461 6343
8571 8758
3323 2739
8147 7184
6143 5988
2495 3064
56 277
5265 5328
2549 2252
4811 4310
2428 2450
8151 8575
5607 4656
9891 9723
7149 7418
366 1135
5187 4390
10115 9971
22 918
3190 2776
10196 9721
9695 9711
82 850
3480 4052
6613 6992
1354 2243
6767 5872
10309 9439
85 303
4768 5306
1689 1043
5198 5200
3285 2317
4400 4665
5565 5288
7757 7078
2286 2592
579 1106
67 108
1839 2407
10193 9775
1930 2747
8955 8309
6356 5840
6513 6077
5057 5210
82 954
1834 2407
8258 9145
4911 5451
7235 6936
55 324
58 216
2393 2558
7183 7106
7199 6768
3399 3358
5978 6237
5989 5978
89 482
13 25
72 277
9284 9541
99 356
6263 5502
9529 8539
5559 6294
2690 2365
6268 6320
8697 8288
3567 3433
7158 7331
7557 6954
6139 7064
40 283
7527 7023
8936 8565
5776 6494
5823 5086
3482 3287
4885 4892
2087 2247
2870 2463
2335 1657
76 946
9592 9475
3161 3105
75 813
2270 2568
8498 8142
3887 4709
4386 5134
10506 9666
3025 3778
6312 5669
6441 7162
8892 9409
8152 7454
3846 2848
3319 3699
5228 5112
2818 2991
8682 8744
5312 5878
2955 2137
7869 7602
10060 9801
4483 4230
7197 6717
5960 6856
7431 6636
3778 4621
7398 7616
3637 4540
9764 8862
4231 3807
7341 7992
5929 6616
3181 2941
4978 5803
7820 8383
2691 3189
6474 6295
2292 2394
2829 3567
5311 5607
6084 5594
8289 7616
2026 2902
10142 9891
9200 9719
10410 9893
63 336
9168 8856
8725 9575
90 172
10439 9850
8586 9513
1406 1191
9797 9688
9453 9923
6573 6336
5364 5970
1360 1261
5540 6347
6192 5576
2608 3556
1723 1744
7717 7611
2458 3424
1834 2736
84 578
5387 5258
9242 9032
7012 6448
7115 7684
3051 2837
6794 6726
7455 7602
404 1370
8088 8562
71 655
6349 7107
4164 3786
6955 7487
8393 9013
1997 2266
1669 1755
9809 9404
1031 1117
9841 9849
4859 4046
9580 8838
96 686
5902 5325
37 84
53 445
7745 8679
6828 6838
6759 6409
3507 4022
4773 5401
7367 7295
18 426
97 791
6940 7184
4685 5226
8100 7791
4619 5110
8082 8045
1679 2512
9226 9998
62 135
5758 6390
1824 1607
6770 6091
6603 6649
7820 8055
9860 9806
7389 7141
4760 4206
8906 9752
9589 9916
7876 7618
2750 1975
9456 9282
8829 9755
78 585
8376 9188
8877 8174
8029 7918
2269 2843
4997 4529
7979 7408
4841 5175
6552 6217
971 1522
37 135
48 957
712 1140
82 222
4378 4651
47 388
8677 9189
5192 5946
7923 8677
4884 5858
7707 7332
9491 9126
6553 6852
1518 1706
10455 9628
1262 1975
4687 5295
8546 9168
2837 2266
7083 6585
10257 9839
5073 5370
3865 3353
80 883
8231 9216
58 408
5687 5879
8394 7643
8075 7525
8591 7802
7003 6746
3243 2657
1719 2368
738 1341
7947 8360
5742 5054
5610 6311
4733 5205
7973 8116
28 579
480 1251
1517 1668
1824 2735
11 560
10 343
2014 1225
4901 4637
5342 5530
9038 8751
4937 5512
4935 5701
8762 9148
4581 3782
8707 8561
8113 8668
5246 6113
4245 4974
3656 4270
3098 3674
71 911
6201 6109
3525 3358
1361 1347
7566 7556
6313 5490
3786 3295
4937 4157
7268 6282
9919 9180
2789 3130
6865 6324
82 379
21 400
4584 4818
2344 1797
9430 9165
2781 2110
2482 2704
6191 6592
8798 9260
8329 8224
6141 5453
6197 5829
8535 8174
8964 8065
632 1202
1666 1146
3789 4253
5111 5654
7767 7786
3477 3025
93 1003
7644 8152
9482 9590
6763 5823
8835 8786
3097 3418
8896 9428
9449 8746
4053 4266
2128 2495
75 83
4015 3601
3517 2528
6928 6224
6812 6658
2353 1800
4492 4960
2354 3281
37 668
4530 3569
4283 4787
7130 7215
7904 7908
3037 3960
6840 5913
4363 4855
72 484
2689 3272
2836 2334
7831 8660
3645 3504
7363 7465
7791 7437
10020 9422
8693 9258
9166 9284
7584 7379
2890 1995
2546 2128
2486 3371
1895 1795
1100 1324
6079 6905
52 228
7616 7893
10 273
8600 7722
4254 4213
3266 3119
5959 5621
3640 4323
3312 2597
4588 5182
4418 5047
1770 2028
8019 8649
7789 8582
8276 8985
1399 1369
3246 3864
8629 9137
5362 4599
38 473
34 920
1868 2547
9315 9531
72 389
41 95
9260 8549
5457 5417
10307 9751
1727 1100
8448 8023
6333 5538
7346 7026
2624 3191
6101 5764
4998 4130
3423 2452
9945 9754
8415 8639
5559 6463
85 278
9465 9098
6840 7624
5103 5621
35 607
5933 5244
7743 7508
42 230
1323 1529
72 359
4202 4296
57 784
5680 4817
8665 7968
1052 1375
9706 9530
1650 1029
2125 1767
5453 4994
55 939
2264 1290
3383 4304
9149 8613
7097 7231
8274 8931
2601 1829
3228 3511
9217 8811
7421 7760
99 937
4380 4459
8723 7935
2948 2646
5940 6480
7821 7589
3550 2682
7541 6681
1485 2419
3242 2977
2462 2303
4719 5084
1536 1371
9043 8988
6456 5978
4404 5215
4278 4106
3035 2909
7465 8219
8053 7375
4728 4071
4699 5035
1602 2262
6883 6680
6061 5242
9229 9630
6161 6636
5581 5746
1918 2639
10788 9965
5092 4264
5884 5746
9710 8740
1686 2463
9219 9246
7649 7190
4385 3497
52 738
94 891
5375 4972
5375 5113
3766 2993
8383 9349
9269 9219
6081 5142
79 775
1985 2159
2386 1864
4852 4136
2785 2556
8823 8189
8572 8981
5306 5640
7392 6694
2174 1782
10152 9904
6207 5211
8495 7770
9693 9486
5932 6431
6501 7010
7207 6650
7935 7366
4002 4765
8792 8378
34 864
8796 8243
7148 6865
2287 2926
5092 5856
4684 5327
8690 9229
6019 6259
3024 3419
10197 9570
8810 8362
4959 5621
6777 7074
4061 4277
2518 2936
3046 2832
6120 6237
4390 5223
2820 2079
9020 8160
3516 4240
7255 6492
1524 2410
3713 3349
4526 4402
5294 5381
52 810
2126 1511
7743 7495
8586 9171
4919 4021
3197 2503
7358 7220
4561 5513
7129 8030
7334 8084
9854 9193
3459 4382
5224 5150
6933 6012
6988 7446
8911 9609
9464 9064
6284 6536
2243 1309
7374 8244
3865 4070
5486 4657
5484 4818
3217 3438
6857 6079
3212 3911
29 43
2090 1396
9347 8397
7983 7419
4094 3925
51 712
7539 6728
9753 8806
5575 5646
4881 5803
9897 8975
5680 4983
2401 3221
3127 4031
6138 6891
6444 7077
7427 7531
2392 1997
5263 5984
7984 7453
962 1596
9032 9071
9133 9273
8788 9399
6687 7343
74 32
6385 6649
9399 9089
8290 7407
1524 1673
8054 7901
10439 9644
2509 2447
4425 3709
10087 9698
1750 2700
5211 5796
50 588
34 529
71 904
7053 7176
4744 4794
1029 1749
4824 5390
2801 2786
4623 3697
6181 5830
2771 3633
10074 9244
37 984
5509 5242
1387 2335
5932 5223
28 975
8409 8642
909 1361
7841 8796
9230 9837
3961 4378
97 333
7978 8044
7394 7409
7558 6645
53 355
6771 7149
6158 5715
3983 4597
7033 6196
3467 3702
3581 3493
1734 1180
6299 5914
5010 5507
9595 8842
62 691
7209 6837
8090 8372
438 1085
7934 8071
7409 7990
3384 3154
4581 4357
1597 2285
8807 9605
3929 4211
6051 5144
5871 5628
2230 1744
8891 9856
4583 4201
3152 2649
5921 5932
9883 8890
48 839
9519 8713
6586 7239
5653 5566
3556 2953
6654 6537
8206 8386
3040 3473
3909 3810
10261 9923
3075 3848
1359 1935
8686 7811
3548 4521
8621 8576
86 154
7203 6323
4109 4078
4519 3607
7343 8298
5621 6383
3248 3236
4239 5166
6828 6937
6045 5866
4402 4250
4022 4017
9280 9940
49 173
8481 8570
55 446
6592 6056
3367 4149
2976 3824
4028 4171
1485 1207
81 842
5169 5812
7401 7084
67 393
3098 2924
7461 7835
6019 6865
3487 3727
8812 9755
2926 3074
9416 8616
3756 4630
6332 5716
5463 4847
4539 5195
3921 4400
6820 5984
6805 6201
4675 5496
4105 4367
5239 4899
5018 5141
9347 9186
4448 4414
1999 2023
9494 8831
3291 2869
7382 6473
2457 1913
2625 1767
7723 8332
20 633
1478 1198
3389 3962
3003 3635
4102 3913
6779 5803
6869 5890
4782 5230
2458 2241
6782 6029
7785 7866
1413 1930
20 272
13 133
1567 1071
8425 9362
1022 1828
8191 7967
6668 6203
35 509
77 638
5081 5109
4856 4063
2690 2012
7964 7481
6468 6024
1715 2589
2194 2279
1226 2167
5841 5914
61 973
2492 1708
9882 9590
8555 8568
1625 2035
4019 4801
5087 6024
37 742
1139 1369
5731 5558
50 926
6314 5797
4963 4400
1187 2162
2176 2246
4100 4535
3609 2709
9330 9406
5357 5126
3332 3532
2937 3474
2979 3327
3960 4288
2638 2586
41 518
10151 9405
10333 9642
6197 5937
3297 2638
8225 7945
4036 3904
6883 7190
10221 9500
2045 1972
7049 7423
4212 3832
7317 7885
5554 6138
5501 4821
1206 1048
1540 1679
4886 4785
6822 6290
883 1782
3924 3511
6972 6596
9359 9205
6027 6970
5008 5599
5222 5547
4027 3241
1376 1072
1477 1629
1530 2226
5747 5669
4788 5334
6601 6273
6989 7209
8253 7846
10218 9806
4387 4277
87 212
608 1380
41 668
1511 1942
4381 4242
4759 5759
6255 7120
6640 5927
9756 8987
7317 7938
2192 2774
7994 8753
2929 2397
8849 8625
9031 8997
7825 8732
2030 1310
4616 4135
3340 3372
6210 6939
3285 2875
6898 6998
7939 7729
8134 7913
83 342
75 753
1156 1894
81 685
8159 8557
6789 6242
6399 6454
60 33
3344 3927
7011 6655
7238 6979
6417 7350
36 766
7777 7849
3553 4023
3209 3691
8797 8159
67 139
4933 5788
3809 3211
3235 2271
3636 3391
1937 1974
3331 2878
9141 8232
7842 8731
4036 4276
4430 4439
2223 2848
6995 6356
9381 9546
8189 8444
6332 7221
2688 1995
9319 8691
18 231
4783 5752
4379 4835
7357 6553
4856 3947
9563 8690
7519 7835
2951 3262
5114 4328
6939 7578
6975 6907
2508 1848
7910 8020
93 133
6925 7374
4821 4198
4738 4879
7169 6455
8778 7972
2774 2290
3041 3795
7997 7223
5707 5461
1584 2273
2109 2897
1854 2130
4638 4494
2078 1913
9088 9887
6708 6902
6113 5320
9691 9568
6275 7152
47 264
9096 8659
7739 8013
1059 1753
3732 3505
545 1343
6784 6592
5463 5780
4796 4976
5912 5250
8734 8535
3112 3787
5483 6130
1650 1455
9151 9015
3310 3979
5605 6056
3575 3937
9100 8182
6098 5289
2293 2103
10882 9919
2322 2381
8222 9184
8395 9231
4678 4099
5100 4940
7097 6928
8766 8802
4650 4546
5836 6371
2592 2769
5447 5031
8074 8605
10684 9867
4061 4179
9549 8949
4325 3945
6721 6848
3706 2828
8140 9073
9616 9878
4645 4398
5902 5446
742 1373
8049 7560
8364 9175
41 213
2715 2538
4170 5092
1970 1703
4069 3348
4179 4947
6779 6723
3153 3543
7518 7258
7734 7403
9809 9044
5939 5637
2167 1562
9791 9091
5044 4751
39 359
7271 8247
1796 1853
32 515
8340 7553
2286 1959
6130 6618
5979 5995
8986 8955
2964 3183
23 902
7294 6700
7290 7513
7276 7700
9563 9430
4119 3341
3380 3429
1419 1757
54 371
2686 2225
8057 7216
6939 6064
3558 4488
6980 6942
8448 8633
2128 2631
5715 5405
5582 6457
2057 1902
6286 7218
4349 4113
7229 7576
8573 9084
4138 4510
301 1100
5863 6384
3684 3403
7152 6890
5184 4627
7428 7935
8306 8423
54 519
8013 7373
10619 9953
7389 7345
3074 2143
1477 1912
2888 2228
2625 3515
9422 9126
9373 9466
58 266
6065 6870
1329 1240
42 739
4730 5694
2112 1177
61 791
7151 6524
3797 3349
5360 5489
4379 3774
4654 4299
2408 2639
87 436
1365 1209
194 1065
20 199
6724 5878
2919 3722
4353 4120
86 121
3327 2413
1715 2484
8253 9143
2412 1695
81 215
3650 4401
6388 7057
7783 7187
3666 3353
1184 1843
409 1078
8463 9196
3671 3553
9486 9132
76 934
24 479
8358 8256
4778 4208
3076 3113
7925 7408
5826 6667
9295 9400
10468 9865
2482 2524
1901 1795
9635 9805
2162 2908
3003 2378
3260 2522
1665 2343
7513 6869
7179 7894
92 484
4673 4606
1423 2395
1812 2105
8484 9379
56 428
41 904
8131 8583
5640 5110
6203 5542
5668 6372
8967 9607
3129 3384
9454 8531
7473 7497
4576 4691
6801 6266
6663 6289
5276 4662
6806 6052
46 697
1796 1255
6639 7219
6260 7239
2499 3324
51 981
4369 4216
8034 7073
8194 7613
56 592
2721 1970
2508 3216
9038 9646
57 923
9727 8922
4100 3418
5541 4632
8438 7733
8817 9259
70 861
6432 6981
74 798
1424 1775
5071 5115
5239 5931
6313 6550
3165 3218
4749 4893
5482 4598
3385 3132
84 998
69 718
8499 8378
9753 9430
1722 1464
10 308
4745 4593
7036 7057
7889 8572
4061 4065
7687 8568
3293 2697
2630 2589
1584 1482
928 1273
6071 5332
79 801
4871 4376
9087 8124
3475 4263
7417 8393
4792 4375
7987 8048
3470 2491
1138 1333
4780 4117
2146 2069
6577 6635
1910 1943
5172 5348
1569 1694
675 1594
9190 8791
6867 7513
9699 8733
2221 2868
3089 3720
1595 1088
6656 7641
8120 8103
7797 7909
30 324
3243 4194
27 151
5173 5891
3695 3571
2293 1656
7060 6286
774 1584
5474 5875
3133 2524
2786 3252
1679 1698
4911 4136
1854 2075
60 667
8510 7846
1228 2110
4384 5040
67 639
4628 5401
6729 5736
4503 4816
4857 4880
5426 4803
3254 2385
45 369
33 959
4436 5031
6716 6483
8540 8894
4146 3317
63 259
2554 2166
6903 6140
4645 4187
4000 4381
5258 6059
2827 3041
10614 9845
8678 9446
6720 7440
6618 6361
3473 3659
7460 8234
6773 7588
1322 1532
4067 4945
6676 6624
8369 8959
7551 7844
87 208
9990 9558
3359 2995
5867 6615
2820 2648
2223 1542
9005 8905
7379 8149
6593 5595
4757 3840
4804 4813
3153 3833
8543 9458
1954 1623
8599 8781
3892 4401
9419 9539
3095 2456
8201 7946
7061 6174
3540 4281
1182 1211
6453 5898
7998 8390
8505 7542
5479 6121
5574 5743
4715 4353
6832 7817
68 417
5906 6645
4256 4499
198 1030
7910 7029
5638 4985
3171 2603
7720 6796
9886 9325
8553 8906
5659 6566
6591 6927
3059 2240
8212 7896
4430 3861
2028 2890
5327 4484
8787 8509
4250 4569
6090 6026
10206 9778
2942 2712
10447 9895
4453 3741
1460 2219
8051 7794
1206 1963
3070 3093
4383 3520
1906 1293
4364 3826
2001 1087
4190 4140
10320 9725
4048 3616
5085 5185
73 571
4911 4297
9372 9846
3721 3942
3805 4152
10 387
7515 7256
3434 2701
4156 4768
8264 8011
18 223
3384 3358
7160 7846
9760 8970
9200 9885
9390 9690
5378 5688
2833 2986
8284 7762
1955 2779
2656 2942
93 291
8624 8293
3317 4032
4905 4500
2770 2912
6788 7695
3112 2874
3516 3850
6822 5932
71 697
60 846
6392 6148
3168 4045
36 823
2427 1592
4290 4590
7801 8754
4542 5350
10222 9513
5262 5998
6937 7457
3568 3508
22 26
8544 7745
6879 6099
2588 2765
2180 2997
2918 2249
8919 8641
2240 3104
8030 8936
3479 2621
5775 5094
2637 1698
6470 6778
9932 9889
8858 7998
1581 2532
1901 1422
3583 2659
33 258
8110 7231
7583 7721
10194 9853
4082 3355
2388 2269
4095 3815
3191 2437
3206 4084
5651 4991
2158 1921
7755 7815
9329 9984
3251 2967
5024 5944
6087 5935
2883 2813
66 298
3784 4485
6334 7087
3389 2529
7133 6958
5169 4262
7011 6868
6022 5708
3703 4369
9770 9129
7331 7041
7064 7211
6692 6430
82 953
3294 3194
10008 9661
7680 7901
3429 2810
6493 6698
7071 7059
5551 5127
1682 2155
5372 5222
4929 4289
3814 3489
4940 5531
8503 8797
3807 3881
5989 6548
44 828
1741 1467
31 185
8549 9143
8911 8399
6986 6319
6604 6176
2929 3786
7318 8250
7575 7178
76 170
3294 2584
4352 5207
7586 8580
7123 7503
8901 8435
4162 3716
8690 8452
3198 2203
1063 1994
47 824
4867 4231
5503 4818
8386 9325
3315 2782
7851 7703
3942 3845
6691 6711
2086 1478
2649 3609
7241 7754
4275 3813
5977 5990
6452 6594
1892 2078
2109 1603
9027 8717
5130 4993
6460 5708
2593 2848
3996 3029
91 429
460 1274
8028 7557
4751 4726
7933 7133
220 1102
5945 6298
9153 8849
2183 2139
1824 2276
4461 4147
8890 8014
5308 5007
25 80
35 10
7225 7148
5268 5712
5125 4321
8944 8814
74 673
9947 9387
7958 7537
5691 6580
1293 1586
4478 4296
1776 2526
7907 6967
9757 9447
5385 6095
6149 5448
45 21
1723 1166
8699 9072
4818 4571
9166 8719
6245 5815
2496 2510
8314 7584
9225 8943
2629 3271
9608 9952
10513 9861
7898 8767
8343 8770
7969 7011
8290 7521
9168 8686
4134 4382
7089 7317
3302 4239
4117 3909
2375 3090
4726 4474
4739 4071
3967 4391
5783 4805
6131 6217
8694 8907
6568 6147
1551 1850
6964 7504
6516 7000
6227 5915
6429 5980
9040 9778
712 1140
7679 7171
1321 1285
1996 1034
8857 9618
5125 5355
8282 8094
3941 3876
43 927
9406 8952
5781 6632
5202 5141
6095 6462
5281 5500
6381 5694
7626 8307
6626 5868
3528 3914
1775 2640
2163 1520
8850 8087
8968 9261
3088 3156
2593 1796
65 706
4382 4589
4047 4126
2839 2055
5531 6029
4842 4689
8941 8936
4235 4282
7862 8225
4666 4647
8443 7885
5209 4891
2757 3147
6861 6987
2382 2270
6495 6671
2994 2595
7755 8097
8414 8134
5959 6621
6011 5695
2400 2894
75 441
3959 3999
557 1165
2342 1614
139 1082
4383 4192
5832 5409
6704 6976
8949 8038
85 151
6520 7360
9050 9455
9217 9456
8539 8746
8984 9105
8744 9258
7181 6375
8057 8719
3532 2874
9915 9754
3746 3843
1710 2569
5157 4325
41 960
6224 7140
3911 3438
5012 4158
1757 1148
7870 7771
3732 3316
5199 4245
1461 1821
9549 9268
7592 7111
3541 2541
1572 1496
6209 6428
9086 9663
3009 3062
6003 6809
3077 3499
98 868
8957 9381
3491 3929
3499 3531
605 1378
3372 3551
3257 2875
4110 3160
6543 6705
8853 8983
4400 5027
73 400
8419 7813
8207 8936
4072 3115
59 981
6936 7913
10623 9743
5445 5395
5109 5726
4622 4440
7036 6847
3465 4125
10304 9547
3406 2540
6708 7687
2586 2564
5750 4820
2042 2321
8122 7791
8020 7234
2338 1700
2482 1990
9313 8362
3005 3169
3853 3535
4178 3562
7409 8157
5427 4664
7682 7246
8946 9032
8292 8196
6140 5691
9451 9438
75 704
27 678
7588 6829
2241 1696
7593 6899
748 1158
7547 7500
3074 3440
1565 1561
5186 5015
3577 2671
7629 6856
5406 4444
1263 1095
5378 5775
100 568
9422 9170
6308 5531
8904 8671
7988 7673
8709 9496
4702 5085
97 373
1978 1788
6855 6680
9078 9792
2344 2641
7430 7483
6584 5661
3736 4726
3568 3332
6889 6471
6777 6461
6102 6008
1685 1351
5280 6031
2208 2482
25 904
3313 3653
9679 8894
9469 8612
5358 5280
9532 8630
1901 2520
10428 9616
6609 5887
1739 2600
4857 4547
3406 4243
263 1087
48 99
3671 3061
2704 3545
4067 4240
1856 2650
4303 3925
3612 4503
2277 3258
2619 3233
10498 9942
7389 7084
5646 5479
8789 8074
4202 4689
2327 3015
6878 6298
4004 4115
5509 5412
5007 5520
8223 7724
7968 7036
2571 1607
4426 5254
2160 1697
7965 7484
1710 2416
8992 9676
5695 5684
474 1411
8432 8952
1014 1894
8365 9276
2547 2110
6529 7355
4749 3759
8647 8435
22 181
1952 1918
56 488
4467 5068
5972 6202
2422 2866
7854 7645
5706 5345
8100 8002
4856 4778
28 339
8862 8691
8929 9362
3116 2811
4994 5981
72 188
3924 4779
1269 1777
2446 2737
5363 5427
98 99
5345 4577
8810 9458
7249 7848
2149 1815
64 269
1404 2010
4461 4884
1460 1845
9612 9459
5675 5216
3165 2359
3137 2389
2066 2905
4440 4324
3001 3060
4545 3591
6772 7684
3870 4717
9094 8914
4222 4309
4489 4663
2928 3596
3925 4002
91 954
94 970
6872 7311
5982 6928
3916 4260
7825 6883
236 1014
1491 2227
2909 2016
5890 5929
3945 3753
1941 2107
501 1407
1996 2752
1675 1735
8711 8316
3760 2771
5630 6330
10430 9943
299 1165
5797 6229
8589 8948
2708 2820
4968 5434
1663 1181
7167 7109
6140 6252
1324 1076
3200 2904
2991 2815
2698 1930
6857 7461
77 229
8691 8119
19 856
3584 3556
8475 7912
8318 7986
560 1313
1836 1766
1606 1203
7460 8259
9936 9951
2158 2803
7570 7167
7475 8112
6707 6914
3378 2775
10481 9914
8651 8682
1633 2323
3585 4405
7318 7410
2111 1374
30 888
8239 8071
7477 8053
75 768
7798 7544
7860 8753
76 688
5405 5539
4044 4769
2551 3064
44 924
9026 9356
3207 3981
6768 5807
9472 8819
7841 8553
9349 9836
4301 5200
7749 7660
5125 4125
9443 9988
26 250
9309 9481
3097 2708
6717 7272
2726 2248
8930 9549
9853 9164
3748 4624
29 597
7392 6754
6361 6667
7021 6497
378 1212
7898 7937
4737 3913
5810 4873
54 908
2612 2761
5978 6865
4357 5216
3840 4475
1223 1288
6469 7302
541 1504
1367 1518
9101 8909
5527 5142
88 10
10019 9809
4560 5098
2459 1627
9877 9715
9425 9662
10831 9940
3966 4857
11 595
6214 6063
1944 1807
46 324
7472 7342
2907 1975
9958 9396
4032 3820
6115 5908
5646 5244
5224 5482
6214 5470
5240 6047
21 878
9422 9563
5794 6275
3137 2665
2518 3289
4980 5273
8304 8826
72 498
2550 3157
7967 7299
7145 6766
4883 5064
5975 5731
6833 7321
4777 5344
7422 6858
49 203
8450 7996
6862 6733
8877 8452
7460 8294
9010 8798
3211 3017
3338 3957
7596 6630
6716 6528
4057 3829
6334 5752
2398 2697
5494 5538
6284 6821
8683 9248
3040 2694
2038 2275
5088 6008
5920 5088
5963 5579
7322 8040
4870 5120
9852 9010
7175 7052
4736 3989
4846 5790
8886 8141
1968 2689
5225 6051
9002 9129
3754 4352
2976 3878
2003 1062
5063 4620
85 884
6780 5833
2580 2115
9484 8815
3338 3934
89 305
4931 5152
1420 2121
9858 8873
5289 4435
84 457
7380 6676
8191 8371
82 302
1934 2067
6399 5710
4192 3780
9942 9552
3892 3091
1461 2171
7617 8114
87 323
7580 7461
6092 5168
5958 5070
4186 5090
5133 5884
8602 8268
3759 4078
18 853
4631 4686
4267 3612
7815 8001
28 473
8424 8038
5051 5998
90 131
7162 7201
8646 7693
4870 4874
4201 4866
6638 7354
12 37
80 1000
2773 2939
2140 1249
3911 4301
93 71
2162 1992
6358 5858
3236 3846
3709 3779
4836 5465
1722 1375
2299 2239
2632 2974
7257 6323
10524 9974
4613 3740
1251 1937
44 733
15 685
3340 3685
4575 3818
1043 1757
6540 5761
8079 8452
7601 7357
2002 1421
4724 4086
7097 6412
7608 8015
9382 9182
2597 2945
8582 8843
8736 8872
7099 6824
4441 5043
1301 1895
3626 3615
6947 7433
79 636
2655 2540
2525 2366
99 16
2487 2208
38 797
7360 6388
8355 7749
2787 3170
9303 9930
7759 7342
10129 9439
5942 6243
2687 2269
5407 5515
4690 3770
2831 3192
7977 8947
21 501
5389 6061
6000 5223
8967 8066
7575 7813
8336 8262
9253 9756
1680 2178
4128 4744
41 746
1235 1885
17 186
2791 2362
9758 9850
1411 1259
7807 8632
5644 5582
1593 2422
5163 4818
55 632
4836 5118
7744 7865
493 1490
6391 6105
41 336
2343 3028
3272 2645
2429 1790
3627 2713
9810 9288
9038 8800
9990 9459
1909 2795
5295 4961
570 1180
4264 5225
9934 9076
1524 1903
8200 7626
9755 8890
6673 5791
6382 7257
3399 4332
8553 8879
564 1513
55 229
9692 9543
3733 4665
9545 8691
6365 5937
4559 5033
622 1408
3731 4687
1995 2157
7576 6778
6828 6318
4754 4180
5992 6357
4293 4454
8100 8430
9464 8652
2704 1794
9044 9642
1687 1445
6946 6506
10273 9627
5783 6482
7642 8007
8928 9359
6009 5075
5252 4863
2805 1865
74 650
5274 6206
1165 1339
53 110
7604 7934
2461 2452
6786 6889
6954 6841
1540 1663
3923 4137
9819 9585
5009 5828
5873 6265
7478 7681
1063 1363
7770 8103
2821 2658
4375 3655
9196 9751
3563 4030
7697 7697
8452 8994
2353 1949
9903 9601
6485 5999
6176 5253
9518 9933
47 609
7506 8284
15 840
5436 5346
3788 3996
7255 6562
1617 1183
93 92
5074 4829
3910 4213
3524 2586
3963 3323
6755 5991
2983 2221
9203 8324
9539 9700
3615 4077
3773 4526
8621 8587
3140 2152
6014 5489
11 305
6152 5451
2868 3415
5617 6450
5812 6121
7188 6883
9056 9411
5550 4568
6440 6923
9079 8682
7644 7731
2682 1707
3130 2988
6965 7277
1291 1567
4810 4572
4593 3976
42 191
2004 1398
62 170
5824 6490
3565 4268
63 792
8351 9170
8032 8209
2694 1864
60 264
10026 9615
7815 7973
5982 6834
3557 3690
1969 1260
8676 9091
4958 5731
4289 4790
2541 2572
5019 4721
7756 8149
2609 3415
9382 9991
7483 6881
3251 2709
91 429
3037 3418
7762 7583
9043 9349
3086 4070
40 63
6405 6085
2604 2865
10003 9522
8792 9030
10349 9405
29 782
8531 8773
77 536
4942 4321
5393 5384
7269 7475
1899 1474
2692 1988
6064 6280
28 499
1901 1394
7361 7184
697 1210
5620 5750
87 96
97 246
5906 6008
7548 8158
8917 9011
6832 6050
32 34
2561 2903
18 626
100 402
13 298
35 81
3863 3906
3662 4138
8879 9055
5758 6678
4112 4655
48 198
74 948
3066 3002
6851 5894
6772 7135
3820 3231
5166 5737
84 598
6533 6009
8794 9444
7278 7397
8337 8324
7875 7720
6915 7642
12 699
1319 1286
8668 8504
6718 6693
32 18
5090 5326
9429 9770
8235 9107
1285 1399
4530 3959
4302 5023
7965 8549
2688 3097
8159 8280
8337 9285
3806 3551
19 351
1832 1300
5130 4146
3237 2891
6383 6199
1602 1130
26 899
6003 6286
8655 8901
6161 5815
5606 6239
8782 8567
4856 4478
24 86
8386 9219
8830 9089
1314 1848
9806 9828
2368 2857
77 741
2638 2400
8247 7808
7095 7523
4127 4069
5760 6485
9251 9357
7513 7805
7417 6519
5867 6788
4541 5080
6521 7137
5890 4942
5039 4323
5872 5074
3264 3792
631 1396
5959 6074
6064 6103
4243 4718
5336 5012
6397 6939
2912 3300
5808 5542
7566 8276
4851 5382
6914 7414
9329 9154
2232 3127
7633 7957
8675 8577
6393 6721
989 1723
5349 5221
5331 6267
9577 9935
49 171
5139 5292
9240 9171
3375 4045
5017 4971
9780 9759
725 1651
5952 5588
6511 5554
7402 7636
9200 8753
3030 3901
3778 4660
9749 9747
6167 6505
90 114
4548 5453
10259 9407
9402 8927
8099 7471
2200 2615
3742 4377
53 501
3420 3801
7552 8239
30 759
5886 6831
1387 1386
7702 7030
4179 3890
85 947
3686 4378
10300 9783
44 66
11 300
4805 5332
37 203
6138 5474
5831 6478
7864 7265
4350 3665
8017 7396
8595 9299
9540 8703
8801 8629
1486 1256
1275 1181
5053 4106
3031 2229
929 1254
1787 2212
2380 1709
2314 2944
7851 8267
9020 9476
2310 3243
4218 4467
6012 6698
4557 3898
5636 6195
2438 2567
1016 1308
6042 6665
5176 4922
94 589
2554 3319
3249 4155
26 950
6151 5781
6272 6670
5011 5424
5361 5801
8955 8192
8030 7558
4632 4217
49 197
9124 8781
867 1637
5770 5594
5420 4970
2254 2892
6441 5504
6856 6976
3463 3756
4358 5184
2556 1758
3348 2447
6139 6715
1700 2170
7695 7428
4698 5105
2539 1608
10257 9484
8891 8434
83 102
2631 2095
2022 2413
8154 7481
9212 9353
10561 9784
5220 4419
26 892
10230 9485
8098 7816
6057 6250
3513 2820
9698 8780
8946 9141
2554 1951
8398 8354
242 1142
8173 8205
8017 8101
352 1186
6583 5923
7812 7027
90 866
19 417
86 594
9255 9476
5421 5838
2981 3681
4442 3923
7573 6741
1740 2396
7315 7143
55 172
7469 7029
6748 7180
5265 6093
99 447
8785 8471
7799 7498
8540 7833
2288 1839
4686 5249
8518 9423
63 252
3261 4251
98 167
1910 2492
9958 9396
1795 2489
7245 6575
10236 9652
7034 7188
5177 5518
4828 4779
6499 6097
1816 2686
6492 6587
5323 4377
4712 4203
3408 4250
7045 6557
3835 3371
8862 9832
6904 6284
2493 1513
5538 4859
6777 6866
8487 7789
3101 3107
6680 7346
888 1732
10212 9943
9537 8833
45 53
2786 2779
6065 6157
7579 8571
2729 2213
7039 6652
8152 9076
6439 6975
6376 6821
2249 3104
8965 8494
1967 1475
1258 1249
4154 4666
1659 2403
1617 1973
2676 3499
6833 6167
1352 1545
8619 9203
8178 7180
576 1400
4179 5146
1649 1379
8896 8918
6496 7364
8041 8571
5776 6737
55 934
96 145
5388 4609
6244 6956
3006 3426
3408 4048
3481 2932
7355 7921
7210 7500
8981 9643
6415 6396
493 1286
3799 4362
10081 9407
6012 6136
1679 2610
2908 3045
6272 6636
15 803
31 606
8124 8113
7710 7523
9945 9255
5331 6055
3185 2888
66 663
2895 2911
5009 4078
2901 2532
2079 2560
7241 7667
6513 6473
9027 9250
4268 4566
9759 9398
9602 9059
8843 8337
2463 2759
7931 8711
7168 8069
2843 3182
45 987
4812 3841
69 45
7287 8259
2113 2682
52 440
62 771
8023 9018
2006 2924
3069 3975
4949 4881
77 153
7174 6395
7274 7958
649 1109
6562 6906
7178 6260
10029 9773
8287 8852
10048 9979
3132 2452
9433 9099
9608 9990
8782 8495
10178 9630
1413 1694
1468 1098
10308 9724
1249 1616
20 625
2442 2956
6104 5879
2973 2093
3745 3412
5931 5494
3702 2784
5292 5824
6920 7742
1007 1152
8814 8627
4414 3644
8325 7946
2846 2485
4441 4684
8491 8428
1924 2177
8823 8499
2877 2324
3729 4471
3053 2246
4450 5000
3869 4784
3673 4208
9740 9943
2708 3586
3920 3564
8823 9076
896 1163
2278 1874
8533 7938
6072 6330
4638 5371
7497 6777
1488 1064
1805 2095
4738 4528
6967 6585
239 1088
4633 4688
6849 6034
9708 9339
64 193
8690 8004
1326 1997
2300 2396
91 449
5379 6070
3403 2560
2951 2530
8329 8691
1279 1906
9261 9326
8132 7509
2388 2482
8934 8326
7846 7021
8431 8284
5082 5699
3897 2955
10471 9863
7989 8055
3843 4280
7503 7570
3786 3158
1586 1837
8182 8153
9521 9172
5431 6011
7709 8155
4910 4905
77 671
2224 2735
8665 9367
769 1172
7800 7966
9013 8845
6296 5493
10624 9813
9884 9142
5453 6039
2147 1705
6577 6742
5329 5797
3728 4359
5558 6382
6759 7689
9244 9292
9152 8605
8106 7184
10174 9784
2529 3152
6524 7416
2717 1937
9049 9047
6508 7206
4032 3893
2543 3090
5243 6066
2673 2456
10622 9701
5833 6454
4923 4225
15 586
85 193
5893 5834
2607 2560
7492 7685
1117 1578
2344 3043
856 1796
10031 9895
9199 8992
2050 1213
1943 1458
2846 3799
6426 6154
1314 1449
52 736
3301 3473
4652 4620
8028 7052
3079 3655
3114 2490
7448 7676
89 387
4639 3802
9466 9565
2044 1378
5727 5218
7990 7477
9349 8374
5932 5291
9020 9229
8766 8974
9362 9502
10344 9694
1556 2042
4774 3787
10284 9554
6673 6335
717 1308
96 123
2717 3140
8264 7541
8115 7863
340 1011
4846 3918
9625 8685
60 882
8506 8490
3933 3996
5667 4825
9778 8821
3470 4283
14 194
2643 2993
3638 3357
6373 6732
9579 9656
8829 9590
59 954
2596 3477
7087 7941
9254 8525
9061 8865
1572 1272
7772 7494
9719 8925
940 1023
69 123
4574 3886
6561 6891
8829 8210
22 432
4342 4468
6610 7262
3599 4037
8853 8906
4244 3834
4603 3656
4878 5541
647 1286
7552 7117
9308 8809
8928 9755
5848 6707
8388 8914
5622 5161
7525 6592
5187 5097
5700 4761
1439 1613
6013 5793
9912 9621
2349 2027
5019 5711
7457 8260
3662 2956
5983 5241
4682 4241
9272 9854
3526 4274
9614 9570
2476 2927
5753 5149
7826 6937
1428 1189
2331 2673
5096 4142
917 1207
7646 6970
5710 5444
2117 3054
4162 3667
4473 4766
1476 1153
2734 3067
5162 5180
3680 3859
4942 4442
3944 3543
8883 8833
6450 6967
8236 8744
3224 4080
5287 5113
5980 5237
5974 6843
4519 4545
8319 7509
20 214
6460 6492
9973 9436
7135 6176
9469 8958
8662 7815
3013 3904
3036 2988
6758 6547
7605 8027
8094 8301
1079 1959
4555 5429
1213 1776
4527 5063
8421 7691
2852 3591
6467 6465
5094 4681
6413 6494
41 382
6085 6237
9274 9571
4165 4113
3804 4054
6891 7317
7141 7990
6812 6446
5511 5163
1726 1899
8961 9121
7267 6560
3150 4147
78 731
5419 4913
4438 4890
4122 3978
7806 6861
4490 4407
8865 7944
86 593
9727 9066
4325 3914
10374 9830
9607 9996
2733 2595
4151 4887
3017 3190
6521 7224
9116 9830
99 767
6445 6556
3529 4363
7614 7820
7627 8224
5696 5394
5855 5430
5610 6039
494 1433
2208 1820
3917 3886
5463 5632
9126 8491
62 96
2934 3701
8342 8171
8335 9310
1580 2116
8751 8617
2654 2705
4686 4506
8026 8273
7524 6844
5582 4768
2710 2064
5411 5614
1629 1027
6362 7225
2177 2039
4612 4161
9182 8453
45 586
4093 4247
8291 8544
5927 6590
7182 8139
10 51
1051 1723
4641 4739
10287 9396
19 96
9207 9268
48 393
6982 6272
5284 4450
6336 7014
7097 7632
5620 6002
88 177
4784 5085
9904 9910
8213 9181
8910 9656
4835 4403
9082 8141
7752 7869
8020 8400
5521 5538
6557 7054
8519 8385
4170 4096
7643 6872
5739 6411
2349 2678
1643 1353
2997 2925
6811 6788
28 196
4681 4183
1833 1472
7182 7975
9905 9332
5188 4770
91 619
8793 9059
8632 7795
10600 9914
5483 5316
8378 8232
3581 3733
829 1029
9141 9917
2724 3506
7503 8203
2553 2399
8759 7789
8727 8451
4699 5389
2807 2092
7306 6419
76 166
1002 1145
4737 5439
4910 4937
9155 9974
4728 5535
6195 5376
6270 6753
6836 7774
6109 6155
6824 7208
90 811
10049 9569
6240 5619
6264 5658
483 1138
7940 7949
10660 9857
9399 9074
10130 9404
9150 8527
57 782
2967 2780
8866 8318
9248 9900
7425 6755
182 1167
9531 9781
1487 2043
6061 6041
2875 3609
4902 4107
7250 6274
5378 4882
2246 3034
4886 5230
6410 6115
2585 2888
3001 2239
4129 4907
1267 1706
5695 5902
1566 1489
6657 7449
9094 9652
8762 9499
3893 3593
1943 1424
6939 6000
7263 7934
1705 2029
90 872
3090 3173
10375 9866
22 95
6555 6100
6370 5591
6623 6834
7955 7798
8229 7548
9998 9570
2593 3278
8524 9076
85 626
4489 4528
6241 6688
3114 2244
7120 7964
5849 6565
3453 2810
2119 1405
9824 9459
3326 4211
3044 3552
4458 5095
3847 3051
7202 7645
2309 2003
1109 1861
7877 8303
4898 4982
3157 2324
4644 4666
3650 4265
8133 7805
6171 6963
13 357
97 588
6870 6011
7365 6777
234 1032
39 171
4422 5127
5934 5965
9458 9992
92 873
8169 8227
9493 8696
4246 3265
8967 8302
4706 3750
7295 6652
6232 6374
1798 1290
2231 2465
5448 5620
12 747
4146 3440
5423 5126
7755 6839
2210 1671
2618 3331
4882 4128
7693 8014
9273 9460
5309 4309
72 680
56 638
5117 5946
3178 3254
701 1623
1538 1340
4685 3727
9782 9056
5518 5766
5486 6222
7564 8032
1469 1187
8307 7488
4414 4878
2001 2685
5456 6342
8054 8201
3806 4663
83 988
2640 1833
7716 8702
18 610
3540 3057
7801 7060
42 974
1140 1200
8375 7558
70 657
7623 7656
8341 8763
23 1008
3305 3252
9761 9039
4170 3937
9936 9604
8973 9225
7716 7551
2434 2018
6321 6968
6425 7322
4306 4760
2521 3387
6834 7250
7608 8142
54 430
14 1008
4400 4480
3199 3876
70 672
2103 2472
6671 6125
4357 4551
4635 4345
71 614
4494 4838
9406 8670
10644 9995
76 731
8157 7862
3107 2385
8910 8309
3662 4476
23 421
63 703
3325 4189
54 688
6092 5274
1791 1387
8355 9351
5903 6860
48 292
2015 2740
10558 9876
8743 9283
9679 9740
3901 3181
76 18
1787 1801
654 1313
9033 8446
5317 4372
5853 5934
7541 7211
6947 7434
1868 1922
3252 2328
5167 4403
7900 8210
35 854
4690 4210
3839 4639
2163 1754
3479 2661
6652 7640
9988 9727
1275 1119
2734 2857
8922 9515
3312 2520
7543 8059
7156 7945
5833 6252
54 68
3783 3505
35 890
3772 3729
2786 2508
628 1054
4596 4327
7021 6787
4936 5191
8280 9148
6265 7143
31 879
5759 6592
4110 4295
43 651
2715 2761
1507 1996
8580 8219
5382 4512
3080 3069
4493 4518
6208 6177
6654 6924
7353 6954
3700 3663
4515 4856
2076 2475
21 30
4641 5555
9519 8963
8768 8885
3261 2366
7304 8071
6633 5717
8607 7963
7503 7563
6369 6713
9151 9293
7340 7430
3635 3973
7473 7701
10124 9749
4098 4280
46 84
8675 8362
7894 7699
64 617
886 1132
1949 2694
19 352
3126 3572
97 1004
9720 9820
6371 5503
5488 5944
6891 7321
809 1617
2864 3699
8561 8225
5836 6740
7783 7568
8979 8653
8319 7650
3785 4637
8845 9263
3186 3695
3937 4481
3206 3126
90 608
7840 6867
6649 6321
3277 3222
10479 9743
9764 9592
9790 9893
4671 5523
2136 1764
96 727
2242 1744
7631 7967
32 285
4191 3881
2722 3630
7839 8020
7894 7010
4338 3398
3687 4183
7109 8103
6294 5486
4050 4878
84 68
3140 3795
9312 9310
7583 7167
6045 6868
8398 8965
7327 6603
4668 3975
6252 6792
3004 2060
2169 2799
6241 6335
7244 7407
9558 8616
1211 1280
2961 3910
4182 4084
2070 1826
8346 8476
2246 2639
8841 9102
4812 5110
8125 8375
5496 4727
2126 2207
4355 3858
8389 8216
7345 8135
9039 9653
5633 5410
7340 7510
2111 2627
97 226
2479 1726
2102 2380
3169 2603
2938 3100
1359 2009
5104 4458
8641 8244
70 216
6604 6635
5029 4335
8157 8106
2582 1901
7231 6733
34 199
5321 5441
37 472
3667 4223
4357 4436
4211 3231
36 872
5440 4912
99 642
14 490
8857 7997
67 560
1376 1104
2870 1998
5535 5623
4469 5364
1201 1407
7254 6777
8269 8639
8742 7951
1766 1623
5465 5799
1214 1560
10318 9808
7394 7594
6050 6379
7537 8413
6153 6183
10337 9513
7380 8014
6755 5795
6433 7415
2175 2908
2633 3042
5046 5714
4573 5154
3849 4401
1292 2032
852 1839
6835 7659
4565 4097
4251 3634
69 254
590 1326
3538 3395
3476 3620
5020 4490
387 1328
7587 7942
6092 5746
4935 4773
4342 5183
33 815
6871 6825
5596 6237
2436 2130
7662 7122
3647 4582
1308 1167
81 424
9489 9287
9204 8479
4450 5381
5227 4368
2694 3641
5908 5187
2155 1496
1648 1492
5673 5043
91 936
1879 2215
3636 3140
6891 5946
3483 3025
9795 8824
98 547
8976 8483
97 325
1346 1502
6572 6893
4659 5026
9944 9534
2384 1782
9860 9575
3590 3696
4624 5240
32 1010
7066 6759
2919 3353
5150 4758
7417 7565
7691 7834
3786 2987
4642 4098
38 734
3514 3510
85 905
3404 3348
8403 8693
8021 8485
7892 8543
6499 7028
992 1748
87 461
5494 4567
5402 5793
4640 4451
1870 1745
8082 8162
7006 6284
2995 3748
10497 9937
31 651
35 35
2743 2190
6787 7353
10045 9221
8009 8192
87 929
8934 8061
9972 9487
9188 9318
7080 6501
3171 2560
1441 2387
6327 5595
3665 4559
2280 2140
1303 1892
5865 6820
986 1086
3352 3608
6042 5996
49 320
6383 5772
6830 6189
4256 3850
8603 9346
5260 5918
3654 2943
3145 3010
8204 7572
8190 8319
2870 1934
8887 8932
9701 8709
7802 7751
6421 5622
1823 1707
5630 6293
9608 9997
1660 2557
8505 8501
7012 7130
6830 7702
6372 7230
8537 8248
19 645
4862 3987
1373 2080
9912 8980
94 683
6866 6076
5677 5789
9073 8787
2358 2831
3476 3403
5063 4140
9411 8453
10680 9816
6448 6699
1999 2898
10008 9063
1351 1849
7946 8527
31 317
24 694
2094 1748
3089 2948
5183 4680
9310 9137
41 303
4232 4398
3665 3109
5501 4743
6756 6895
8163 8512
3780 2945
85 118
8167 7982
6131 7119
1331 1564
3820 4098
1775 1370
5350 6224
4296 5210
1130 1494
7289 7036
9046 9317
5287 5006
8818 9312
2319 1958
7333 8294
67 564
8333 9147
4164 4774
9432 9396
2755 2088
2893 3017
7350 7077
4758 5278
9722 8765
3995 4575
3286 3103
7259 7383
53 138
7858 7480
5752 6072
13 605
4269 3270
46 950
8025 8681
5255 4675
7366 7960
6196 5257
1169 1212
83 501
4326 4215
3624 4398
10023 9453
6428 6877
6920 7483
30 43
6038 7002
265 1072
4476 3834
1906 1510
66 907
5080 5708
8479 7668
8161 7408
1869 2679
5754 5448
5463 6006
7974 7084
5314 5157
2780 3668
3215 4006
984 1079
5565 5710
1874 2295
100 688
7081 6947
6388 6060
2970 2101
7706 6732
8868 8191
5224 4351
4032 4263
1647 2401
8487 9479
6848 7142
1353 2115
5104 4737
5097 5412
8758 9436
43 837
9530 9849
8009 8828
6485 6496
7263 7620
7887 8341
6820 6048
6895 6888
9124 8130
4635 4364
6037 6314
5293 4773
2749 1966
2650 2825
6760 7704
2695 3027
4441 4328
4985 4134
7711 7431
3222 2505
2988 3880
2428 1814
5705 5703
4494 4907
2825 3063
10148 9215
4079 3824
4005 3577
6420 6262
93 147
3274 3597
7378 6547
3111 3932
7750 7144
2338 1470
7779 7870
8886 9482
48 827
1995 1790
5306 4743
7652 7310
82 761
7629 6927
3679 4273
1316 1487
41 235
6087 6826
7422 7122
30 786
5572 4986
45 40
5794 6278
5958 5446
1756 1191
5075 5552
6948 7255
6700 6674
10166 9657
2897 3794
5882 6847
4679 4382
4040 3340
5975 6256
4795 4969
7894 8855
2597 2921
1509 2351
2980 2814
2142 2295
5189 5418
4671 4153
413 1210
3998 3090
7755 8576
8308 7670
4686 3772
4877 4124
9259 9470
2396 2916
3575 2643
2777 3343
6290 5296
6244 6906
4919 5281
44 644
7055 6981
6273 5360
6388 7189
7124 6280
2984 2128
6387 6537
6018 6908
2955 3457
8296 7769
6211 5449
6812 6131
3199 2269
6835 7590
1388 2116
3938 3464
2497 2606
2334 1771
6005 5195
8019 8448
74 707
3762 3589
8746 8993
1560 1324
10243 9965
7738 7752
3298 2922
4583 5095
3648 3369
6796 5981
10 513
1283 1971
5306 4485
5823 5274
9780 9775
6957 7403
3765 4566
4544 4654
1439 1029
796 1404
8574 9292
7068 7888
7546 6649
8814 8504
1835 2284
7462 6593
7775 7691
2994 3879
5845 6256
5121 5994
3913 3382
2590 2239
3332 4122
7934 8595
9456 8611
3418 2930
2705 3689
7502 6922
6790 6780
5333 5792
9234 9702
10348 9427
8449 8527
9636 9548
6061 6845
4070 4077
24 673
40 240
5989 5185
80 594
6883 6528
6243 6569
1898 1510
2454 2404
8726 7798
3555 3184
4659 5084
1718 2662
2637 2878
5454 6286
9649 9437
5828 6663
5100 4114
2627 1766
73 421
3728 3732
12 579
3653 2757
4657 4878
7043 7525
5925 5908
4403 5155
9832 9762
5763 4774
6720 6452
6086 5425
8461 7467
9457 8613
1323 1345
606 1487
4287 5053
8902 9356
4286 4377
29 157
4267 4111
2930 1975
4152 4894
2019 1783
4698 5200
6187 6846
5065 5807
6850 6722
5361 6259
1644 2385
2058 2341
9300 9218
8378 7937
4209 5159
1774 1197
7954 7791
7217 7435
3356 3873
32 778
6675 6932
8279 8687
8540 9512
4579 3842
4399 4065
6362 6884
6091 5189
2627 1684
4492 5001
4439 5023
3598 4042
9156 9089
9354 9289
4214 3678
4472 5279
3558 3187
3760 3965
6024 5832
5399 4880
2184 1278
6784 6453
6358 6524
8313 8227
6905 6557
8989 8990
5983 5493
7494 8256
5755 5069
6243 6669
9487 9435
61 431
7694 8492
906 1344
5620 4659
5546 4672
5081 4393
8956 9215
8948 9273
19 401
8261 8251
2504 2607
4366 3493
68 931
1235 1270
6268 5594
2816 2938
9287 8825
10120 9674
2005 2371
2906 2839
2823 2677
9337 9740
3835 4758
9908 9529
5519 4657
519 1471
984 1892
9138 9081
8051 7931
4134 5130
8226 7317
10446 9846
4699 4061
1781 1631
77 46
2886 3696
10196 9379
7610 8403
6256 5761
7480 7536
952 1179
4681 3767
6093 6245
1085 1039
2849 2324
5072 4920
3020 3741
1186 1144
8786 9608
7543 7581
8903 8810
5613 6254
10378 9492
5129 4583
8061 8534
4222 4768
5109 5427
86 488
1728 1229
4609 4787
2222 3033
8785 8307
3144 2328
9026 9667
7221 7812
6606 6460
9256 9938
5827 5852
40 955
9150 9689
1406 2073
50 940
1838 2161
3089 2275
8264 8947
1001 1757
6529 6319
7556 8211
6530 7080
6180 6351
1664 2514
8074 7612
8970 8448
6793 7272
1907 2221
3091 3136
3619 2900
4594 4234
1834 1356
2684 2247
6681 7495
2611 2479
4075 3850
6198 7178
6837 6224
1431 1083
8461 8402
1914 1759
84 798
2964 2787
63 55
3699 2963
3824 4148
2904 3297
2943 2195
5619 6466
6319 6941
10219 9691
8092 7216
2997 2224
1102 1501
38 999
24 922
599 1349
82 487
7386 7186
8451 8094
4883 4509
9652 9580
3943 3719
3181 2649
8039 7633
6547 6468
3605 3979
7016 7415
8079 7719
2015 2741
4496 4661
8933 9142
4382 4610
4208 4815
3010 2897
2574 3375
74 137
5503 4634
2992 3942
1945 2866
706 1062
4246 4462
4980 4227
60 243
8006 8070
87 420
7334 8149
7043 6402
7572 6573
2594 3330
9576 8589
7907 7775
5695 5782
2660 3356
5690 4772
4737 4502
75 646
6191 6282
160 1096
7497 6578
77 611
7534 7870
3794 3703
7110 7270
4900 4291
2316 1668
8628 8839
8375 8403
8992 9182
1943 1573
3427 4057
5010 4324
62 839
1490 1936
5122 5125
3545 4211
3260 3313
5496 5698
1995 2290
8761 8974
4614 5597
9082 9907
59 853
5467 5382
318 1092
1952 2541
859 1071
4067 4510
9549 8607
8395 9016
8608 8151
2400 2215
2518 2435
9280 8610
9860 9582
6928 6068
4796 4924
5422 6260
2918 2613
10435 9801
2232 2790
3986 2995
7077 6788
2042 2307
5405 6126
5328 6107
6580 5828
8345 7664
3681 2858
3865 3765
6040 6675
1466 1609
3420 3970
3482 3289
45 79
7858 7592
3932 3512
5232 4952
7644 7293
6269 6473
8825 9516
3635 3896
1740 1866
1017 1706
378 1228
8733 9230
4170 4077
7420 6560
3446 2539
2102 2781
8304 8766
1922 2514
1752 1904
5878 6354
5555 5777
84 312
3717 4548
4664 4967
5792 5740
2496 2324
1769 2250
8488 8892
6690 7420
7732 7309
2378 2521
4984 4730
36 180
7349 7304
1211 1110
1946 2819
7698 8491
2565 2604
877 1868
4248 4622
10463 9565
2766 2057
2018 1480
29 901
3376 2631
22 725
7280 6779
7140 7658
6986 7855
9057 9395
31 224
8965 9408
335 1063
1907 1611
7559 7035
10211 9995
3662 3533
7464 7213
2358 1572
3855 4074
95 75
8298 8895
2392 1799
7293 7268
78 310
6752 6734
6646 5792
3287 2796
2573 2535
3928 3493
2797 2808
3780 3332
5182 5505
8709 9650
6132 5676
6414 6124
8751 8515
8517 9481
6095 7051
3310 4228
5403 5348
6384 7285
7087 7689
79 761
3850 3582
1876 1495
2217 2225
6498 6528
9604 9222
8765 8020
53 547
8997 8826
3154 2902
7125 7599
89 743
24 375
4651 4446
6301 6601
9460 9163
5284 5834
9465 9065
9382 9650
10617 9723
1197 1666
8561 9205
1102 1485
2919 3371
3915 2967
7955 7675
4542 3731
4837 5491
6025 6197
5773 6582
7396 7971
2178 1234
8661 9284
4122 4272
23 214
62 32
479 1414
1260 1649
5576 6338
6241 5602
7212 6904
3058 2422
9868 9992
8575 7647
2805 1826
8767 9611
2724 3131
8554 8976
2933 3409
42 801
1833 1605
9477 8966
2256 2378
95 877
4625 5134
8139 7856
4043 4623
7748 8104
6370 6611
6841 5898
2800 2969
4976 5222
5137 4853
2078 2305
4426 5135
1684 1850
8848 9166
2214 2120
5938 6715
2310 1972
4782 4921
5345 6131
46 998
6446 7145
2218 2308
82 567
2582 3543
4155 3551
4865 3952
3148 3826
2810 2635
8833 8318
603 1586
3222 4073
4566 3798
80 444
8451 8570
6075 5618
5139 5235
3524 3012
6523 7164
7932 7958
85 896
5840 6680
2898 3844
4396 5162
84 749
6017 5250
2132 2098
8754 8383
3150 3072
8183 8769
3367 2524
7920 7792
2144 1573
6095 5890
2040 2226
4939 4775
2838 3142
3053 3364
7893 7901
8840 8512
3820 2892
51 965
1356 2096
1364 1367
3344 2637
2310 2061
4525 3617
2639 3088
74 533
2420 2719
8059 8345
5563 5966
2290 2923
5858 5720
3712 3243
5191 5439
3823 4349
2825 2438
4147 4831
2639 2708
6853 6413
8610 9131
2694 2313
4712 3961
7370 8170
3889 2969
4286 3942
2480 2321
5693 5778
2949 2096
7073 7249
9481 9126
2930 3137
9816 9836
9459 9657
9148 9731
9854 9655
2336 1831
2648 2125
6447 5593
9057 8839
97 309
7388 7091
71 830
6665 7223
77 730
4744 4683
7285 7411
2250 1594
96 150
9638 9384
8192 7293
2868 1921
6308 7007
2769 2071
10386 9433
8262 7953
85 373
81 935
2533 2512
7370 6392
2205 2770
5039 5447
86 55
82 422
4531 4555
1441 1604
4488 4958
4747 4073
8468 8092
6010 6137
1878 2596
8804 9067
5228 5019
3561 3445
6047 6411
7506 7046
4898 4195
3254 2315
2949 2826
7717 7097
8762 9115
6803 6165
49 205
9815 9764
8733 8553
3877 4757
2831 1981
9139 9533
1347 2050
2657 2165
3024 2948
6458 5576
8355 8691
8458 8054
293 1078
2312 2905
1751 2301
6359 5727
98 536
14 183
19 635
6190 6035
3521 2960
3670 3187
8019 7895
3793 2875
3755 3693
4952 4253
5088 5887
4729 4256
4776 4974
9020 9410
3733 3712
8662 9441
7980 7643
42 431
2624 2319
3845 3860
2109 1851
5045 4296
1336 2053
1582 2066
2778 1836
2866 2665
3314 2924
67 340
8920 9700
7805 7304
6483 6431
7472 6696
2541 3031
4993 4046
2057 1081
2989 3753
2347 2567
5561 5680
4660 4997
4184 3362
1808 1727
3304 3411
64 155
6630 7080
6721 6950
9283 8977
3319 4318
3001 3962
5757 6431
9552 9791
5961 6882
8925 9056
8082 8289
5751 5002
29 963
8756 9079
6217 7196
4681 3888
8388 8260
5501 5517
2951 2439
10053 9757
7703 7537
7091 7882
9709 9686
8417 8336
62 108
2574 2432
6087 6528
8235 8132
6587 7269
6663 6385
2782 3019
72 496
10398 9594
5658 5283
55 108
1898 1153
6054 6413
7439 8184
5406 4487
9967 9934
6839 6079
4054 3535
2586 1601
9525 9633
9233 8563
7995 7420
6489 7270
5032 5624
9224 8707
7922 7311
7515 7731
5395 6342
60 965
3130 3999
4432 4330
2178 1400
9837 9332
5829 5462
8261 7310
5822 5054
2144 2130
10721 9859
6128 6620
3336 2986
4589 4889
8941 9929
9294 9391
2924 3812
5772 4814
7586 8497
6748 6111
3532 2608
3777 4292
9661 9614
8057 7910
2960 3851
1771 1865
5971 5871
4317 5095
10553 9822
6306 5947
3686 3101
1089 1977
9361 8987
5671 5527
6368 5484
8108 7209
5313 5654
2428 2674
8979 9501
4579 3915
9895 9122
5260 4817
23 69
4456 4147
10491 9752
2334 3082
1594 2464
8787 8445
6753 6689
3606 2609
4540 5503
30 275
5337 5642
32 17
25 298
5054 4642
9726 9220
10463 9656
5517 5776
6203 6597
8882 8315
6063 5720
2939 3151
3405 4000
4117 3198
9803 9750
5745 6071
1632 2204
7294 8084
34 690
25 296
6388 6917
1759 2741
7233 7635
35 465
61 105
3010 2070
3190 4190
24 684
1352 1408
8329 9153
70 127
6591 6907
2919 3521
6855 6455
3524 3513
7119 7271
7966 7230
7878 8757
7771 7366
6456 6436
4925 4216
14 584
2048 1643
90 691
5611 6320
96 146
6237 6516
3420 3238
8876 9680
1209 1087
5637 6260
2009 2233
4015 3785
2695 3415
2704 2790
5118 4867
1936 2311
2962 2620
1572 1637
9929 9021
4523 5068
3598 2864
6606 5862
7945 8767
9040 9125
6958 7510
9431 9347
2070 1960
3962 3185
3083 2376
1490 1878
1375 2303
6238 6673
838 1276
7877 8297
4397 5363
2741 3261
6835 7144
7308 7713
1155 1405
4613 4068
5780 5340
3003 3428
2235 1682
1926 1500
4999 5304
37 782
9527 9297
8372 7885
63 362
81 369
3631 3409
70 188
84 564
3046 2692
34 451
1786 1975
67 668
96 145
6515 7453
2374 1659
7296 6681
728 1592
30 613
1618 2300
8351 9061
2243 1246
2805 3159
5906 5245
4848 3868
8760 7826
8529 7939
8239 7583
7064 7033
8596 9479
4598 4633
744 1303
4174 4458
4433 4757
4554 5288
6157 6508
4948 4445
96 115
6891 6527
5060 5939
8405 9128
37 934
68 63
5291 4786
89 341
3906 3335
8350 9155
2694 3118
8262 9108
2670 1813
8245 7580
8773 9510
4588 5359
8060 7237
1739 2360
6096 6888
5699 4994
21 740
7127 7309
5565 5818
14 244
6565 6022
1452 2427
5116 6047
6049 5528
6216 6004
6643 7406
6561 5866
5959 5461
6594 5772
6435 6734
4786 5446
3224 4126
2733 1824
1595 1454
4205 3406
4432 5343
25 890
8670 7726
6829 6829
64 724
5505 5056
6542 5816
1614 2165
2697 3018
10142 9376
7068 6333
7195 7800
4680 4001
4010 4937
23 12
6182 6219
8713 9593
7837 7910
5984 6086
8156 7447
9182 8410
1259 1371
4588 5192
3751 3045
9189 8618
6925 7369
5848 6035
953 1518
70 281
8410 7934
4894 5018
3197 2937
1532 1646
2755 2267
9085 8981
8957 9143
8328 8416
10619 9909
1492 2433
2237 2351
5335 4782
9532 9351
8220 7242
79 961
2746 1817
4747 5604
1355 1043
2645 3493
12 474
24 832
41 859
8969 8884
2901 2430
8157 8119
3298 2985
1550 2215
5319 5499
5781 5040
8868 8689
2870 2274
5651 5856
5651 6550
3558 4459
5026 5780
11 33
6356 6614
3859 3987
7193 7413
3120 3955
24 648
2397 2325
5780 5801
6106 5749
3758 3941
1387 1036
30 650
6109 5417
3409 2908
4109 3395
6398 6235
32 960
2516 2883
811 1041
6382 5546
10064 9991
6071 5511
5263 4549
5009 4733
6665 6146
6446 7194
1314 1810
2410 2150
7859 8373
5811 6277
8963 8057
4681 4433
2986 2196
6358 5403
6610 6289
4904 5062
9448 8850
6151 5853
3398 3687
1742 2676
2936 3709
1347 1299
6124 6208
7132 7544
2045 3026
3118 3414
7698 8456
8155 9034
5540 5272
61 110
10250 9921
7578 6879
3562 3642
4585 4484
64 149
8522 9091
4399 4259
4930 3958
7481 7114
1240 1493
4777 5274
2394 1733
8916 9610
3053 2093
2252 1661
3047 2724
4816 4194
3986 3131
8752 8525
9477 8661
5268 4987
3957 3910
7632 7977
8317 7564
95 873
3929 3354
5599 6184
7589 8123
8633 8238
7037 6695
2212 1516
734 1213
7512 7674
4247 4943
1609 2296
100 81
9896 9648
6903 6076
4574 5062
3178 3334
2457 3102
29 841
9330 9399
8025 8490
2252 2548
8968 8500
9869 9254
5186 5663
7800 7713
4693 5307
8997 8424
2257 1836
7670 8191
7247 7830
5840 6597
51 201
6533 6406
6192 5406
5238 5601
4611 5113
6726 5807
6982 7906
5426 5903
3109 2945
13 466
8007 8279
4418 3728
4170 5052
6305 5308
7572 8398
4904 4172
4030 3527
10360 9916
7752 7768
7019 7294
5528 6484
6449 5814
3579 4130
4667 5301
4838 4754
4320 3547
6544 5988
59 484
8612 8948
2374 2295
5583 6212
1202 1772
9225 8857
3337 3398
6504 6361
7817 7785
10536 9689
761 1574
9680 9356
6351 7032
5798 5547
4946 5466
6565 7021
66 802
6449 7377
3420 2899
1497 1088
67 287
3502 2819
8941 9370
1758 1759
6367 5938
70 923
8635 8921
9752 9683
4077 4040
2534 3451
4873 5721
8476 8943
8483 9123
1649 1071
9169 8466
4298 4087
525 1306
6057 6981
8369 8616
4326 3997
1848 1954
4606 5599
6164 6104
8188 7860
8246 7497
7451 6663
6069 6424
5453 6273
3246 2813
2474 3268
3276 3699
5523 4671
6293 5662
9772 9024
4600 4237
2262 2498
7466 7530
5595 6396
2564 2188
1812 1765
9303 8595
8216 8469
1374 1083
56 146
4461 5050
62 145
7655 7994
7045 7043
5070 5281
9904 9165
7903 7468
2691 3342
8466 9196
7787 8464
6185 6051
1293 1472
4827 4756
8708 9552
9492 8926
4347 5075
10130 9998
4623 4174
5665 4742
5669 5512
689 1554
8020 7069
24 196
4856 4058
11 931
8645 9409
4871 4470
579 1434
5964 6632
6621 5776
4638 4194
5106 4418
2896 2246
1844 1193
9181 8616
7501 6965
1299 1297
2154 3082
6052 6292
1071 1219
8092 8011
6598 7144
15 148
4531 4342
10474 9634
2511 2863
3314 3240
34 168
1364 1421
1957 1332
60 110
2353 3151
7969 8032
5911 6206
8473 7882
9294 8784
1237 2183
1363 2356
8314 8020
2739 2052
1790 2151
2848 2180
4377 4867
6266 6230
10437 9928
55 906
4613 4297
3209 2404
2259 1608
8177 7412
5456 5692
1086 1890
27 437
5017 4205
4685 5519
2309 1424
3051 3809
3877 3528
9561 9642
1898 2421
4990 4302
9572 9329
1771 1416
4733 4109
7022 6926
8404 8834
9171 9637
3402 2610
3588 3783
2692 2641
10224 9834
5234 4456
64 624
7067 7568
10195 9528
5972 6779
7557 7525
8753 8654
7693 7404
2080 1554
3617 4439
5858 6470
1188 1579
20 136
9504 9607
254 1075
4646 4302
6888 6035
4905 4708
3516 4014
1883 1190
4142 3878
6165 6357
28 450
5248 4406
7442 8222
2102 1148
6916 6023
8685 9587
2961 2855
8062 8968
6454 6548
9321 9444
6948 5984
7861 8363
15 231
9523 9539
4213 4036
6915 5930
98 191
92 459
8968 9459
3590 3829
50 901
7563 7741
6845 7577
4075 3807
4798 5458
6305 7117
3235 2770
3578 3610
3941 3205
386 1039
4112 3153
6148 5315
8804 8212
5455 5851
5479 4833
9111 9180
4257 3650
5816 5708
8073 7631
10000 9736
10608 9728
8701 8160
4486 4678
6411 6126
7681 6844
2144 2496
7787 8188
6278 6998
5297 5983
5236 4987
31 819
4815 4997
3668 3229
6548 6479
1514 1457
6114 6340
2639 2136
7504 7306
5507 6162
60 313
40 701
2178 2574
4639 4017
4284 3955
7552 8394
3822 4748
7956 8451
3879 3765
9608 8724
9153 8348
22 978
2847 2309
2470 2150
7137 6681
3229 2717
9780 9487
3138 4064
1600 2413
7554 7774
9318 9304
3572 4112
1659 1578
98 55
2325 2295
9528 9284
1897 2300
9400 9571
76 905
6031 6505
4434 4771
4565 4372
3283 2466
14 840
6796 7269
8291 8889
3425 4053
7779 7560
1355 1404
6689 7093
4557 3581
8423 9253
9377 9675
2582 2232
6493 6730
7401 8391
7783 7979
42 501
9866 8881
6385 6035
7268 7132
6049 5997
2524 2168
1987 1192
5808 5945
1684 1591
94 755
2313 1846
84 176
2354 1666
2761 2829
8311 7544
4244 3944
5956 5562
4469 4895
1581 2239
25 658
2718 2504
4849 5517
9942 9259
5455 4985
15 508
10248 9711
5998 6312
6678 5786
1419 1941
7957 8936
5853 5215
4814 5221
6974 7246
5625 6194
6934 7131
6308 5759
8729 9297
9270 9103
2490 2818
9908 8940
6779 7357
9721 9415
8329 7829
4466 4698
14 812
5086 5058
3642 4023
2257 2041
7949 7365
6255 5714
9023 9614
9096 9923
3077 2569
82 404
2599 3206
6745 6397
7738 8223
1128 1374
8794 7975
4466 3745
8955 8467
3350 3344
7488 7577
9738 9437
3799 4144
2036 1436
4481 5438
448 1210
8993 9899
4788 4798
4085 4645
4987 5057
6990 6394
6011 5093
4272 3298
8946 8862
3475 3891
6122 5142
6434 6960
11 482
6084 5808
7330 7234
9005 8927
385 1046
4937 5365
4139 4175
4905 5399
6112 6145
6810 5943
3885 4066
2861 3368
7706 7741
54 449
5002 5982
2237 1523
7250 7523
3774 4206
2996 3406
4241 4349
7925 8919
819 1229
7067 7887
94 242
4693 4674
54 196
7134 7296
3128 3859
7689 7931
10512 9676
6818 5861
1370 1555
998 1804
3942 3316
8932 9754
3290 3558
2687 3120
8316 7324
2875 1913
6083 6135
8242 8304
4466 3964
8199 7891
55 569
869 1497
44 841
2998 3023
5482 4655
1559 1602
3034 3786
2505 1961
6137 6838
10067 9527
2890 3018
5965 5883
10456 9708
5376 5233
7095 7589
2549 3083
89 366
4984 5437
2139 1901
14 794
5504 5400
4045 3371
8221 7941
4538 4313
8557 8604
43 83
7114 6427
9949 9859
5443 5203
7459 7925
6277 6619
6392 6037
8414 8812
5968 6320
3786 3754
1388 2351
9226 9473
2068 1689
5019 4958
100 943
4738 4871
2458 2501
2868 3428
2428 3057
4499 4637
2213 2469
6988 7838
5468 5001
1423 2152
2994 3977
3545 3384
6336 5662
3257 3903
4767 4837
4774 4297
8488 8650
8419 9118
2306 2310
5464 5143
65 328
9249 9659
896 1666
4206 3991
4803 4194
9817 9019
2432 3370
5709 5652
9024 8888
6152 6900
8570 8761
5719 5300
1835 1639
4543 4437
8795 9729
34 316
4574 5340
4542 4662
5879 6375
4453 5185
96 831
9321 8405
7373 6786
2172 3060
3467 2538
3414 4137
2955 2408
5850 5572
6762 5875
24 22
3633 4033
4981 5744
1227 1297
5589 6243
5939 5526
7490 8314
6008 5655
2233 3140
5986 5965
79 636
86 796
52 469
8396 7428
8184 8070
3140 3301
4485 4283
2350 1952
20 378
8351 8379
8950 9909
10770 9913
8348 9305
1505 1232
3423 2536
1461 1014
5520 5661
8026 8871
6230 6693
2910 2671
1550 2094
6326 6632
9359 8371
1904 2312
4841 5798
2949 2906
58 511
9127 9715
8095 7177
1277 2031
9789 9921
2031 2896
7536 6993
936 1552
7728 8709
8373 8781
8834 9791
5420 5473
2937 3616
2873 3317
5112 4447
5396 6233
2216 2415
93 275
6493 6660
4598 4729
5057 4208
1819 1531
1958 1895
300 1189
5833 6810
6738 6797
6999 7608
3588 3042
6418 5999
4869 5297
6635 6007
3612 3091
4272 4899
2685 3189
8429 7943
9560 9979
2554 2323
47 189
7310 7445
653 1336
5715 4798
1995 1512
7675 7147
6640 5672
5833 5632
7313 8019
5473 6332
12 665
5750 5272
7988 7632
3139 2482
4618 3898
3511 3347
5149 4791
90 538
3256 2358
8120 7499
71 590
3705 2770
9299 9024
8110 8705
3348 2607
5560 5033
2207 2152
4916 4629
2737 3621
4346 4637
3845 4060
2066 1229
6821 7758
10026 9932
9663 9566
8568 9327
7964 8605
2142 1508
6307 7214
6664 7268
5326 6206
2690 2724
8568 8103
5071 4716
8963 9262
9819 9387
8359 7520
9695 9085
10024 9521
7467 6485
9564 9928
1497 1252
1714 1623
1405 1077
8064 7181
2136 1902
69 787
8538 7546
10156 9849
3548 4458
3642 3180
3226 4190
7458 8380
3795 3533
4497 4243
1528 2061
6444 6530
1746 2597
1214 1656
452 1025
865 1253
986 1854
3527 3577
1891 1817
6902 7421
5552 5563
5310 4379
3364 2674
3684 3787
3251 3923
4115 3345
7691 8623
6213 5236
5426 5950
832 1577
6784 6938
90 740
6163 5501
7933 7286
7376 7504
7890 8729
5753 4812
5091 4315
7640 7969
4524 4913
2600 1962
7823 8703
77 721
9755 9639
1595 1765
9499 9280
6609 6903
2297 3099
4804 4038
319 1190
2057 1090
3360 3875
7410 7220
1812 1888
5407 4533
3085 3228
8119 7461
4449 5131
7899 7626
4615 4031
6027 6480
5732 6460
9475 8761
37 947
4692 5073
35 139
2109 1762
2858 2211
4968 4757
2700 2909
6399 6422
5960 5628
9642 9803
3360 3187
4436 4240
4493 4630
8422 9227
8864 8468
8825 8303
10277 9313
3466 3907
9435 8666
4052 3141
3817 3982
8803 9282
9739 9613
7591 8044
6721 6038
8342 7879
7725 7579
926 1656
3155 3233
6662 7446
8523 9037
9511 8820
5526 5442
8365 7591
3585 3441
6440 7349
5806 5466
684 1038
3913 4742
4997 4904
8077 7858
10432 9995
2962 3196
3545 3077
5747 5047
7333 7723
4749 5037
7949 8092
3390 3011
3236 4157
9017 8951
9580 9668
49 602
3087 2306
6627 5918
99 261
9736 8998
10487 9776
6763 5983
1004 1328
18 1003
1841 2271
7824 7555
9370 8884
2029 2000
5868 5807
76 480
6165 5516
5266 6002
1572 1703
4345 5059
1852 1161
7567 6780
8468 7497
5914 4923
6085 6258
5043 5676
666 1452
6100 6377
7272 7356
3043 3103
9743 9086
2543 2907
70 656
1384 2127
4047 4956
4735 4656
7586 8205
5925 5596
2230 3217
4320 3563
8482 9435
3425 4056
5397 4486
77 461
8503 7819
2578 2716
51 985
9539 9295
9174 9195
1855 1750
8030 8645
74 45
4700 4003
6331 6661
9621 8815
7450 7581
7965 7412
7701 8455
69 314
3097 3889
2181 1457
9965 9502
5817 5550
93 465
4984 5424
9093 9528
4983 4557
50 581
8365 9031
34 459
1639 2050
4477 3646
689 1168
4460 4555
5448 6329
8730 8605
3845 3436
845 1323
4949 5933
1371 2310
8208 8430
4801 4487
1904 2038
8039 8217
1426 2273
3179 2866
5826 5065
7769 7176
7258 6605
4378 4002
9292 9960
8369 8882
3264 3363
3959 4496
5043 5103
5011 4717
8191 7395
7916 7727
8723 9504
1772 1928
8985 8855
6962 6572
7950 6969
6909 6937
7974 7347
2555 2303
6631 5978
84 283
9519 8951
3364 3401
8627 7866
7976 7818
9183 9413
78 323
3469 4175
9852 9287
4641 3835
908 1249
2445 1968
10159 9183
98 327
2609 1973
6582 7352
6904 7660
7124 7159
4181 4754
6896 7863
5687 5317
3831 3568
8262 7722
54 866
7587 8407
6138 5385
10258 9405
5710 6198
9020 8143
3106 3566
1753 2264
3246 2748
4340 4716
7612 8199
4761 5699
5507 5289
8342 9179
4199 3589
4881 5690
5955 5096
40 448
26 893
7062 7456
3677 4356
9883 9783
6023 5509
8750 8350
9865 8938
4240 3998
68 776
8631 8729
9861 9681
8959 8058
6862 7674
79 243
8218 8454
4807 4902
1859 1868
7253 8100
7152 7210
9901 9234
6093 7041
3714 3881
3784 3011
6428 7024
1080 1971
3526 4170
16 467
5416 5926
3921 4474
1091 1460
6857 6595
4026 4645
4310 3426
3206 2508
3578 2764
4514 4542
7520 7637
8671 8231
69 766
10064 9467
6286 6094
6697 5768
8660 9272
6752 6363
9601 9811
2126 1761
7798 8101
2697 2169
9037 9790
3169 3262
5359 5481
83 350
7381 7219
9255 9261
1293 2059
3339 4281
8449 7633
5868 5290
7437 6691
57 133
3233 3455
7801 6874
23 453
1364 2158
4314 5142
9063 8158
3188 4064
6502 7401
4304 3997
7544 8169
1678 2160
6724 6255
7200 6564
7584 7236
6487 6301
4660 5117
64 932
7178 7077
7023 6701
1213 1538
5298 4430
2201 3004
8064 8908
2199 2655
5509 4904
4371 4838
5587 5825
5123 4729
85 366
3298 2328
7102 7282
33 540
6795 7304
8516 8391
95 564
2606 3582
4891 5570
6378 5634
7667 7937
2085 1692
6657 6784
10672 9709
5827 5543
6882 7493
6703 6927
6787 6458
37 642
7399 7779
8705 8457
84 659
83 236
7163 7206
8763 8744
5803 4878
5343 6261
2336 2971
2655 2851
7030 7920
9253 9496
6578 6170
9593 8915
6692 6264
6233 6710
1726 2554
4529 5311
3773 4614
9751 8973
6887 5977
7928 8393
6375 5502
4157 3931
7819 8680
10323 9502
8306 9093
7116 8034
1118 1677
1529 1790
5763 4917
8593 9044
1138 2065
5083 5878
79 340
10513 9599
9224 9481
2798 3647
6998 7713
92 417
7333 8044
9466 8630
9499 9664
7137 6234
3542 2887
5377 5984
8687 8280
3659 4525
2048 2483
6185 5735
7143 7833
3218 3374
6842 7117
9075 8803
1849 1131
2971 3026
2224 1521
2983 2388
8875 7969
6365 5987
2739 3555
7546 7915
1939 2248
9068 9973
41 498
3496 3201
3719 2778
9543 9289
7219 7685
7084 6586
3041 3132
12 519
7309 7778
8685 8774
6171 5959
2228 3062
6652 5802
2818 2493
2109 2327
1815 2479
1300 1490
8588 8375
2138 1579
6041 6500
92 903
16 870
6698 6062
31 824
2477 2541
2395 1693
1644 1191
4842 4789
7032 7118
2729 3629
6796 6541
4174 3721
5669 6555
7237 6515
7549 7385
1601 1170
7232 6292
3598 3427
43 593
8163 9036
8917 8763
98 327
9840 8880
1978 1372
4922 4137
9295 9345
5204 5941
7276 8175
2034 2411
9197 9883
5712 5707
10553 9983
7258 8065
3541 3332
7318 8200
2832 3165
7530 8418
209 1044
4880 3919
2937 3835
3902 3780
5865 5431
2387 3132
10010 9345
8197 8163
8850 9278
7033 6412
6460 7287
916 1592
9339 9676
2665 2620
4646 5297
1552 1822
5537 4824
8813 8696
7644 6673
3445 3906
8794 8760
9927 9865
8856 9759
5294 5292
4841 5230
10 557
5160 5458
7371 6916
41 660
3736 3798
3312 4054
1556 2541
3958 4106
2751 2678
787 1051
4175 5062
3920 3794
2986 3513
6519 7412
7482 6840
7771 7950
1678 1170
4857 4262
6205 6566
9936 9649
2801 2804
3327 3920
1317 1130
1367 1252
4962 4827
3007 2986
63 999
5075 5082
5692 5995
3025 2527
4838 3979
3210 2437
2935 3008
4739 4374
2876 2618
15 581
86 836
4957 5373
3735 4673
1592 1490
4556 4621
1815 2104
4511 4443
3136 4121
7048 6783
6859 7457
8105 7923
73 161
7627 7696
6132 5272
9789 9353
8085 8398
2100 1550
5887 6723
10385 9647
4789 4129
5156 4246
4615 4591
3259 2557
10 322
4398 4780
5790 4890
9018 9260
10136 9837
1383 1884
4270 4701
4207 4407
4955 5738
5676 5226
4508 3583
5687 5093
2925 2082
5597 5254
8035 8182
5029 4452
4539 4798
37 804
3211 3243
4839 4452
8127 8735
7592 8167
7465 6717
3598 3720
3737 4336
8789 8586
5901 5968
3331 3518
5218 5191
4522 5294
5206 4363
8495 9310
10018 9841
4007 4250
6223 7061
4848 5271
5207 6104
9015 8387
6939 6154
6630 7199
8131 7787
9193 8707
7853 8801
9282 9884
9210 9140
3899 4379
81 340
8106 7901
8966 8979
1761 1156
4935 5901
5143 6139
9034 8124
3495 3500
7636 7038
2623 3019
7480 7795
7377 6384
1432 1815
7477 8230
91 971
9352 9171
78 686
2392 1590
5272 5585
3803 3253
6903 7683
9472 9827
3588 4138
44 24
6912 7375
5988 5153
8378 9194
7890 8273
9543 8779
6632 6729
4991 4434
759 1110
7247 7578
10025 9273
9413 8569
22 674
7437 6697
3492 3412
4921 4804
80 446
8576 9353
3343 2597
9406 9837
5236 4661
5894 6182
8331 9112
6684 6514
2446 3138
36 680
1935 2463
9098 9388
1670 1823
3789 4509
3742 3164
8255 8916
5052 5907
5309 5105
4712 4829
4644 5598
3622 2637
68 41
3699 4075
950 1580
3781 3664
7229 6246
77 648
4141 4190
8467 9169
3264 2480
2109 1332
8637 9363
3419 2739
10444 9755
5227 5443
2321 2134
100 65
7306 7827
3954 3843
3489 3851
9082 9701
1952 1791
4498 3527
4366 5167
8667 8607
6313 6922
8400 7478
876 1374
4777 3944
10263 9662
5803 5243
6049 6737
457 1361
7569 8268
2791 3232
814 1441
7956 7411
3724 2778
1185 1487
7610 7730
8898 9601
5219 4838
4452 4876
2902 3173
6296 5988
6633 5654
7009 6604
15 238
96 731
7144 6740
3003 3474
4848 5725
59 604
10008 9588
2172 2363
5153 4278
6703 7031
5184 4325
1700 1308
3683 3058
4466 3751
1898 1458
4365 4887
7331 6633
6062 6088
9534 8645
2332 2662
6030 6060
7490 7859
6112 6142
6605 6006
2737 3468
7630 7776
4607 4587
48 499
75 786
8238 7824
8528 8890
6339 5798
6540 6541
6587 7272
2965 2931
7073 6551
6731 7652
93 388
7609 8471
9058 8629
57 612
5360 6157
6186 6950
5182 5534
3904 3429
2554 3534
4457 4984
5132 4637
42 725
9301 9924
3716 3714
4071 3705
4244 4827
7788 7304
7357 6497
2148 1701
10178 9307
4021 4331
3872 3783
2775 2991
1498 2470
6541 6715
3251 3576
3400 4325
3246 3003
4484 4391
6041 6608
6591 7395
3198 3004
610 1544
5314 6043
6203 6350
7153 7571
2076 1401
6516 6884
2913 1941
6762 7742
4150 3179
113 1084
2029 2922
7807 7045
26 455
9460 8881
4032 4585
9039 8499
6072 5221
66 142
8536 8995
8102 8989
99 47
4734 4303
6109 5958
4001 3030
4466 3671
5397 5019
24 79
6113 5446
7207 7461
6378 7090
4639 5282
3139 2375
8016 7807
4285 5146
3370 3826
9193 9070
4038 3770
5684 6119
5273 5011
7767 8099
5272 5560
2458 3111
3790 3339
8204 8120
3411 3809
525 1226
9028 8541
2542 3017
5137 4971
6333 6753
1100 2070
10271 9479
2538 1700
9295 8307
7377 7946
6483 6775
5383 5063
5464 5353
9060 8208
8353 9266
8588 9537
8550 8757
9461 9323
5363 5304
38 180
5130 4296
4071 4481
5426 5486
5494 5253
10537 9592
53 245
10251 9832
41 214
9541 9824
6842 6157
2309 1607
2456 3451
96 582
4475 3504
9048 9012
7840 8827
5819 5726
17 700
92 393
13 959
6032 6900
6577 6911
4759 4441
1299 1910
3815 4131
8666 8276
2910 1924
9289 8879
7313 7881
94 452
26 442
2441 2317
2843 2311
7299 8078
3543 3049
2330 3024
4298 4591
5037 4113
6459 5752
8430 7804
2749 2104
9802 9663
6729 7476
7954 7055
7273 6280
6014 6142
1599 1027
3564 2984
3146 2370
1925 1026
7674 7088
26 999
6060 5606
9301 9107
7594 6715
9302 8796
62 130
8635 8867
2721 3399
9545 9123
6048 6562
2235 2315
9059 9592
8953 9321
2636 2191
1965 2139
5400 5205
4023 4706
9550 9286
4744 5020
710 1388
8536 8119
9866 9407
41 806
