4916
50
12856675
95 102 92 96 93 102 95 102 94 99 105 102 104 96 93 110 97 91 93 95 105 90 105 92 104 100 98 110 96 108 94 90 106 91 110 110 90 98 93 97 94 94 93 109 100 90 97 101 91 104 
-125849 -126913 -120955 -116611 -110043 -134250 -128121 -126626 -134671 -136336 -138522 -138662 -134914 -127452 -105984 -149800 -138161 -121246 -118534 -126198 -131015 -107156 -142287 -118443 -138209 -131064 -126725 -149027 -125844 -142759 -116709 -119209 -141283 -127522 -152500 -140739 -113631 -141775 -133520 -121913 -114390 -115496 -113524 -156478 -115130 -109887 -122327 -129589 -121281 -143417 
154829 160205 147358 141921 138087 166010 157815 157638 167587 166239 173719 170883 165582 154731 132614 183656 168127 149160 152636 152660 161260 131428 174708 147847 169555 163761 158162 185336 156297 178784 144847 144380 170813 155111 185829 175700 141524 173729 162756 150243 143158 142996 141586 191068 144119 135771 152869 159686 150890 176385 
8876 9063
9312 8707
1453 1973
24 547
7451 6594
6389 6054
84 799
7369 7754
6841 7452
2651 3545
5513 6415
928 1277
77 458
5747 5540
4040 3808
5657 5015
2367 2865
4657 4228
2903 3576
4546 5011
5845 6727
6924 7544
7626 7442
33 979
6591 6962
9627 9829
44 147
8890 8705
2860 2919
4295 3595
1125 2061
2534 2111
6528 5732
5493 4909
10449 9781
7233 8044
8763 9305
6995 6167
3562 3857
56 60
4413 3731
7748 8390
5910 5598
4887 4049
7101 7474
3584 2903
7596 7781
10309 9970
5588 6363
2375 1691
7524 8186
22 332
77 163
8240 7266
9141 9581
2184 1739
10732 9913
7742 6813
6667 7271
5106 5417
7831 7438
5683 4834
1362 2240
5459 6208
6160 5169
3781 3619
1262 1612
9577 9780
68 977
5004 4621
749 1206
3772 3198
2417 2794
4255 3830
4030 4597
8046 7501
7087 6872
2630 2312
6978 7436
6212 5806
8300 8528
3819 3306
7888 8135
6220 7110
83 265
7237 7102
3845 4035
8657 9188
4465 4617
9224 8548
59 849
2496 2246
3281 2575
5206 4526
7482 6791
5039 4914
8304 7375
2597 1915
5366 5384
6946 7803
7502 7909
1680 1384
9113 9456
7303 7603
7089 7922
6134 6800
3239 3615
8412 8235
58 912
97 399
5340 5667
7525 8103
8904 8822
8549 9516
3340 2885
6677 6575
31 147
55 171
8770 8248
7414 8388
2253 1899
4696 3888
8740 8369
7828 8339
2523 2012
1043 1095
4818 5206
8499 9065
54 993
2835 2682
5600 5410
1177 1385
8001 8046
326 1183
6607 6080
9336 9752
1672 1433
3663 3775
1876 1043
1562 1586
69 693
38 962
8538 8641
7319 7876
6804 5887
33 761
10088 9259
8979 9849
9858 9335
3885 3513
6370 6704
6824 6673
8068 8118
25 888
8073 7455
2650 3584
9523 9686
1327 2229
2186 1505
8347 8009
13 795
84 408
2341 2496
1606 1602
3921 4335
2855 3774
8522 8441
2864 2506
3355 4022
8459 8241
6121 6725
1017 1383
1595 2155
2760 2792
3789 4692
9535 9320
3343 2836
3559 3599
2842 2706
2789 3629
8209 8802
9878 9742
5132 5740
559 1072
5593 5792
7588 7701
22 243
7587 7175
9159 8253
7473 8139
3103 2239
2658 3544
4379 3466
631 1579
2864 3108
4713 4341
5469 6388
7140 6787
7538 6852
8041 7782
25 777
2188 2750
7489 6583
83 309
90 146
9385 8580
9537 8850
6807 5982
9363 8497
26 257
4743 4494
4054 4409
8848 9072
34 69
5833 6034
1441 1476
21 661
24 927
2597 3490
4039 3511
8213 7795
4955 4055
4143 4771
6882 7599
59 210
7599 7005
9898 9607
8850 8033
2622 2265
8067 7221
7339 7122
4215 3745
3659 3764
4596 4273
7751 7979
3119 2630
4415 3862
5141 4858
6593 6161
6089 5780
5654 5891
1926 1081
9309 8575
71 695
3050 3952
5758 5883
4518 5395
7101 6395
6926 6548
4967 5769
5667 5616
6919 7876
3290 4126
5685 6653
46 454
7551 8444
6085 6131
2251 2655
5932 5778
5216 4442
2151 1461
77 741
4305 3634
631 1151
3876 3252
7203 7328
9526 9136
6828 7497
9436 8923
4005 3327
9624 9665
5343 4545
21 351
20 828
243 1033
8901 8352
3851 3789
7859 8046
9257 9298
8479 7538
7426 6940
66 949
3082 2090
2708 3317
10042 9222
586 1155
6945 7728
8862 8717
8440 9398
611 1382
8234 7320
8086 8600
64 800
4916 4118
5203 5854
5901 5310
8074 8341
6512 5769
6233 5944
31 30
3125 3515
4028 4498
2659 2577
1852 1961
69 667
7555 7816
5187 4703
2594 2224
7358 7154
5662 5099
4838 3980
4051 4478
5552 5299
1897 2583
2434 3122
8244 9153
1712 1344
9214 9923
9074 8949
5582 5170
2332 2632
708 1268
3005 3320
4259 3443
29 292
4182 4061
3423 2669
1349 1312
6608 7331
2544 2887
2121 2362
9946 9564
2252 1825
81 625
10133 9328
7919 7590
16 447
2535 2650
9917 9118
40 278
16 897
7208 7347
959 1172
4647 3771
1397 2110
5665 5903
5703 5408
6351 5729
6777 7416
5989 5203
2291 1618
77 629
6103 7017
4415 3451
8937 8080
3047 3177
2734 1938
6986 6049
5385 4774
5666 5993
6383 6060
7262 7359
5226 5301
1698 1631
8658 8888
2086 1247
2597 2595
8445 8280
874 1782
2631 3135
7023 7850
8740 8732
6458 5518
9505 9111
4825 5050
9195 8233
7925 7162
6300 6053
12 498
6758 6787
31 454
8273 7457
2706 1742
4566 5459
6217 7121
616 1152
74 99
2175 2938
7681 8034
3189 2445
9866 9326
9864 9020
60 825
8397 8581
10010 9305
9173 9663
3518 2584
71 368
2716 2776
5141 4946
3152 3495
437 1267
3573 3314
4527 3743
3629 3906
6714 6723
5457 4767
3363 3214
1834 1151
5490 6082
6104 6156
508 1168
51 263
6950 6214
5560 5222
1938 1824
2727 1855
148 1011
9661 9168
3063 2234
5972 6498
8731 8555
47 96
9605 9290
21 383
10843 9889
1845 1831
1389 2101
2080 1586
3003 3807
4063 4623
7707 8448
92 466
20 703
8560 8693
10105 9126
9813 9021
2350 2320
10118 9744
3251 2756
6092 6126
7633 8130
2241 2767
4666 5252
8949 8423
11 904
9063 9479
6269 5951
59 506
95 648
3231 4149
5378 6007
7005 7159
2325 3091
4660 4512
5076 5927
3602 4119
5481 6180
65 703
7242 6991
8892 8821
8386 9234
4847 4521
8198 7611
1526 1907
3893 3847
2654 2336
8775 9589
2437 2598
5515 5662
5053 5824
7364 8277
1553 1893
4170 3785
9196 9314
860 1444
90 604
46 868
6425 6464
6369 7171
10627 9936
1850 2711
4394 4179
5968 5576
8467 8262
7339 7834
6205 5213
4461 4495
4230 3290
2161 2276
6691 5832
7854 7425
8228 9076
8562 8418
8970 8401
2466 3048
1648 2005
7848 8158
5668 4839
4655 5438
9316 8736
9042 8407
6741 7688
9007 9905
2069 1825
2897 3096
1192 1228
7250 6262
5508 5150
46 695
4498 4097
9834 9248
9218 9842
80 698
2692 2258
5088 4735
5750 6263
75 100
4938 5852
5087 5649
2949 2056
4876 4743
61 529
2255 3054
60 740
6635 7204
3059 2374
5924 5929
9936 9331
2039 2134
356 1190
10106 9877
9379 8660
8519 7519
5461 5248
6930 6237
4134 4100
848 1188
2322 2230
5506 5526
7893 8637
23 996
4457 3910
47 57
4831 4130
8797 8168
8045 8608
3624 3456
9270 9783
908 1901
1006 1972
8089 8401
6470 7216
4718 5132
10072 9677
5540 4926
3486 4195
2896 3251
5756 5844
10 960
6118 5682
7435 7896
3602 3275
47 204
95 848
3286 3050
7648 8567
3362 3047
8600 7891
2084 1358
4350 4159
3046 2310
48 791
9430 9931
50 112
8726 9372
10651 9995
4952 4867
1542 1848
8187 8797
459 1325
10096 9144
8707 9230
8111 8148
6094 5911
5510 6358
24 404
5242 5222
2996 3222
9826 9969
3741 4295
6183 6140
8329 8462
2561 2337
2890 2070
7374 7310
9722 9192
4711 5521
6420 6256
4265 4048
4776 5371
4340 4889
2139 2853
4238 3263
6905 7019
6671 6365
6451 7268
2973 2722
4392 4419
6152 6340
6415 7157
3721 3444
8771 9040
5107 5598
4734 3908
6636 5750
4885 4498
4850 4749
1041 1890
7350 7092
2919 2142
6932 6063
78 673
8779 8572
5207 5445
4485 4827
7975 7261
8063 7358
7701 8358
6060 5737
3282 2785
2500 1508
3250 2966
28 188
3752 2975
957 1808
6522 6321
8315 7766
3691 4612
2109 2817
6461 7088
3392 4339
8676 7676
6651 6494
4355 4575
33 149
1792 1965
9354 8586
9769 9577
9507 8915
2054 1155
6347 5761
5505 6365
6442 7000
7198 7118
4812 4948
9905 9128
5724 5846
7720 8257
5315 5281
5599 6122
3228 2639
17 1003
5593 6432
3456 2517
4882 5837
6846 7083
1262 1984
4433 4536
2721 3692
4115 4469
2210 2170
4487 5169
3756 3311
6561 5788
4861 5711
10587 9790
4103 4707
2497 2087
7701 8252
6015 5815
3005 2520
2659 2056
3111 3414
7449 8088
7028 7150
6077 5495
5809 5010
4972 4548
10059 9701
1498 1490
1751 2187
8871 9199
35 318
2683 3495
83 858
48 157
7166 7292
6334 6465
6265 5826
8484 7750
36 701
9545 8774
10308 9877
6737 6673
2176 2539
6711 7116
4151 4760
5656 5945
8090 8798
2156 2349
1711 2498
7464 7152
7698 8068
3878 3791
2222 2835
3825 2846
10579 9658
7978 7183
5924 6323
1529 2497
1283 1512
5580 5863
1870 2067
5301 4799
8408 9337
2214 2466
7495 8370
2416 2396
4748 4778
9287 9420
87 795
4190 4406
7492 6763
2349 3187
1428 1514
6173 5273
8167 7540
9686 8973
2942 3620
77 856
4360 4544
1502 1712
3443 4009
5044 5826
4521 5253
5773 6663
8610 7660
1772 1062
2159 2323
4639 4485
2502 3381
5110 5534
6039 5234
90 568
5097 4719
938 1053
1209 1797
5179 5714
3490 3285
1698 2510
9609 9328
911 1481
8733 9555
4081 3233
44 856
2394 2511
6587 7465
10664 9847
1546 2391
3565 3065
5556 4830
4702 3792
9127 9288
8201 7612
2477 1734
2801 2785
8246 8025
1689 1592
4168 4815
7293 7230
6845 7584
8105 8825
6472 5835
5368 4636
7572 8142
3294 2529
7899 8119
35 931
7611 8272
1783 1191
7129 6934
3008 2953
8800 8924
5106 5764
3858 3494
6496 6842
2857 3839
9692 9414
6576 6598
7715 8662
3610 4428
5235 5305
9442 9431
7851 7721
986 1626
3016 3054
2567 2705
4262 5061
46 751
10619 9696
2243 1695
8253 8290
9519 9693
5338 6180
4520 4822
9328 8822
2459 2531
5435 5536
2965 3425
5978 5410
4889 5883
4859 4047
4357 4289
9691 8747
8215 7565
2934 3595
3266 3493
10038 9896
8820 8868
8731 8438
222 1118
3746 3760
9296 9280
583 1121
1514 1663
100 402
345 1147
5018 4081
6163 5989
6738 7186
9096 9134
3968 4551
1397 2055
6041 6421
5049 4646
1755 1626
5352 4730
6276 6685
9653 9770
3267 4234
5042 5911
9294 9133
8915 8404
7420 7394
2288 2486
9404 9583
6176 6482
8121 8517
4962 4949
2517 3019
4839 4349
4825 4244
8715 7762
850 1355
8448 7739
9665 9852
2134 2591
2351 1774
7927 7471
7010 7015
7479 7743
1692 1986
9287 9980
8199 7298
6795 7357
4494 5391
8188 7265
823 1491
7489 7058
2807 3448
3233 2386
4279 3685
8059 7083
9211 9778
8832 9046
1156 1764
7770 7809
6726 5796
7609 6816
4468 5289
10 492
7074 6860
8604 7906
1967 2099
5223 4356
4021 4340
1704 1050
83 567
3038 3295
1847 1084
1328 1456
1592 1154
8186 7267
3300 3770
90 773
8272 7288
9140 9439
6431 6494
8564 8065
9287 8559
8897 8951
8418 8494
8189 8306
39 393
4517 4600
1770 1474
9611 9006
98 713
6140 7030
2331 2589
7675 7144
8547 9113
8701 7789
3157 3939
61 65
4259 4002
3348 3051
3090 3517
7198 8107
7977 7490
6322 5699
8227 8402
6889 6850
6340 5550
4615 3923
5201 5682
6429 6132
7797 8598
7470 7261
4327 3935
4563 5251
3937 4554
4865 5442
7117 6808
10503 9762
90 373
3438 2502
31 178
8165 8789
7730 6927
8399 7844
8911 8683
1095 1465
5282 5859
3194 3277
6821 7586
4202 3242
25 955
6318 6842
7714 7415
10482 9696
7741 7159
5360 5066
157 1144
7168 7880
2785 1902
1244 1318
6489 6869
99 209
6196 5843
4702 3948
2944 3055
4433 4129
9948 9477
3900 3441
6262 7036
4286 3766
2313 2795
4133 5038
9408 8638
9369 8855
6454 5788
3174 2335
6529 7248
24 868
5590 4816
2866 3857
2649 3635
65 681
6698 7201
5505 6226
5264 5425
8716 9429
5712 6299
3387 3590
1116 1994
10040 9288
8213 8948
7448 7018
5719 6281
8716 8082
2621 3604
2980 3107
6315 6160
5682 5710
7676 7829
900 1769
618 1147
10788 9827
7741 6835
8144 8034
3037 3082
8567 8287
97 564
8467 8904
7319 6459
50 772
9591 9857
903 1035
8246 7537
1266 1566
4181 5025
3735 2911
1501 1790
8799 8206
2422 3370
9440 9341
1182 2159
3701 4272
43 698
3345 3144
2639 3458
39 298
9303 9699
1065 1163
3812 4643
7052 7877
8679 8387
10204 9577
80 641
3175 3795
3157 2848
4331 3568
3093 2661
9105 9171
60 658
3684 4216
450 1105
6112 6592
8359 7673
52 612
3898 3101
3963 4424
3348 3202
6643 5924
3533 4205
8624 9050
6602 7115
10318 9668
5042 4055
10029 9775
8803 9751
3738 2878
13 860
9775 9138
4465 3747
3043 3862
8108 9040
3821 3823
6896 6969
7498 7781
8689 9094
5809 6540
13 198
8920 8450
3110 2314
3023 3719
8480 8926
8601 8861
5588 5984
8231 7647
2954 3353
9843 9761
50 567
3037 3353
7673 8297
899 1304
5255 5521
8654 8113
3985 3092
2871 1880
5437 6095
8539 8771
9054 9101
7337 7188
5314 5399
4046 3335
7145 7937
10212 9300
5540 6345
2034 1593
4850 5821
10042 9105
4210 5203
8594 8206
6596 6226
15 469
1992 2349
68 971
5438 5411
7056 6933
77 844
8395 8970
3996 3769
3868 4213
5056 5495
10581 9835
5336 6119
1979 2743
2204 2575
8383 8327
9452 9758
3737 3953
4632 4342
10 442
7813 7606
1485 1188
7905 8852
8609 8091
7524 8432
7568 6711
1270 1361
10039 9122
4537 3903
1024 1324
1807 1834
5872 6324
4126 4821
7458 7137
2882 2036
6909 6326
4447 4696
8966 8141
2688 2262
5366 5602
62 202
4710 4189
5052 4800
4300 3844
91 562
6907 6395
1844 1244
4828 5825
3414 3239
7010 7187
6349 5425
6138 6517
3447 4132
3728 4633
9691 9408
1248 1511
7231 6287
7874 7502
76 365
58 801
39 660
10368 9371
9744 9718
5783 6066
8981 8885
10196 9319
5266 5182
5873 5686
1950 2341
42 148
5798 6546
9760 9619
8423 7699
9605 9016
1421 1600
3050 2343
3538 3447
5963 5277
4244 4960
8528 7966
5088 4401
3712 3820
7477 7682
7963 8913
3485 3297
19 60
4419 3683
31 725
4330 3529
6107 5481
6170 5648
3287 4098
28 696
2512 3361
2853 3713
6804 5960
6818 5928
5325 6251
28 71
2554 2661
8973 8991
7160 7967
6888 7631
5647 4772
37 174
1901 2528
9117 8521
7833 7416
7573 7326
4972 4295
9380 8526
5813 6626
6628 6603
7472 7359
2143 1962
10144 9612
4730 5515
6630 5836
78 146
81 848
954 1651
6733 6249
1886 2157
7416 6807
5508 4571
1055 1126
3788 3224
4892 5098
1264 1154
85 704
5705 5077
3820 3345
2969 2201
4982 5073
6991 7484
6582 6786
1914 2343
9006 9565
1985 2798
1945 1066
5161 4670
7538 7163
10070 9403
6323 5363
1121 1615
3292 2938
35 638
5803 6536
8465 8529
3528 3563
3395 4053
6506 7166
840 1665
2165 2749
8777 8869
8782 8483
3202 2346
8534 9103
4901 5885
80 348
58 617
6699 5760
7659 7652
9290 8891
6996 7986
57 554
8668 9180
5282 4827
8856 9570
48 529
9937 9120
9245 8589
931 1098
7473 8018
8560 9026
7602 7920
3579 4388
2744 2584
2558 3285
5941 5087
4880 5324
2671 3217
72 708
9769 9677
7345 7051
3054 3093
3155 3744
1213 1782
5310 6046
8277 7612
5098 5707
5696 4741
10483 9878
18 754
1404 1603
7980 8680
10261 9436
2448 1714
3298 3250
69 551
6286 7243
2949 2334
2960 2211
6823 7399
6830 6544
5706 5086
3392 2730
5121 5864
2324 2587
1854 2256
8076 7902
5258 5035
640 1496
1456 1041
4841 5409
2923 2105
2505 1705
6916 7552
1212 1309
6375 6013
4827 5472
2177 2413
10376 9507
4433 3686
640 1554
67 849
3777 4107
5853 6310
6402 6820
1812 1591
2607 3140
10287 9565
8657 8336
2347 3124
3244 2595
7181 7528
7468 6734
2587 1603
96 437
9505 8737
8029 7551
2262 1921
6678 6771
2485 2041
4943 5564
7224 6696
7531 7860
4036 3181
6666 6267
9487 9194
7679 7143
7014 6648
9414 8639
8507 7795
7327 6709
55 975
7525 7443
4851 5833
85 49
3469 2948
5821 4828
9354 8831
3473 2872
10647 9797
6416 6094
6399 6209
9686 9597
946 1749
8481 9053
7001 6689
8836 9048
6640 5684
1909 1373
3686 2723
25 259
1011 1574
5993 6271
48 668
3656 4442
7624 6738
2790 3521
34 338
2526 2349
3099 3411
4085 3581
67 916
3667 3761
1762 2580
8513 8303
6536 6303
2801 3629
8214 7647
8498 9117
8753 9090
8079 8478
18 747
2537 3390
20 651
5830 6009
2779 3623
9535 8756
5381 4823
3902 4199
6250 5880
5430 6001
7612 6838
8154 8520
3666 3051
9569 8944
9736 9606
4984 5298
9070 8526
3524 4029
6550 5573
8970 8879
2488 1635
5876 5047
9081 8975
87 459
697 1087
854 1068
13 104
8006 8754
82 560
5502 6126
65 270
7656 7385
8143 7437
3576 2704
418 1024
7924 8391
81 753
4379 3541
8000 8175
4790 3901
5688 6175
2180 1600
3917 4156
71 966
7237 7190
3704 4070
1702 2534
7877 7803
1985 1552
72 557
439 1307
7438 7707
6376 7201
1933 2623
5911 6538
4182 4899
82 253
9329 9147
7149 7000
6703 6314
3512 3630
274 1171
4736 3892
2645 3051
3521 3018
3006 2785
8264 9077
1454 1181
1535 2001
5484 4626
6077 6011
2223 1374
8601 7948
47 541
8093 8502
1166 2146
5811 4891
796 1199
8784 7865
8771 9481
5625 5250
9027 8493
6507 5887
6805 6402
6891 7053
9840 9484
6902 6613
5118 4903
8471 8680
7116 7086
7418 8083
6123 5271
1240 1849
97 982
10421 9640
3867 4857
8770 8145
3562 3399
7293 6861
4168 4351
2535 2972
92 418
7775 7633
2818 2594
2366 1989
5522 6074
3741 4728
6197 5884
7199 7781
6977 7005
9316 8769
4503 4919
7453 7322
94 410
9397 8693
838 1651
4559 4080
1669 1588
1802 2183
4145 4991
5909 5102
1745 1596
6407 5725
6786 6237
2186 1962
4483 3678
9041 8557
7503 7462
8517 9039
3820 3952
9765 9847
7597 6859
1706 2111
5333 5247
76 839
9776 8999
6023 6759
2962 3885
7693 7342
3376 3892
7701 6899
5403 5530
6266 6597
10645 9776
2918 3051
5579 5876
4266 4514
44 924
98 520
5815 5497
7101 6660
8979 9020
4144 4188
3618 3197
1971 2833
6975 6734
5240 6087
5844 6757
2695 2576
3374 4261
4342 4277
14 406
28 1003
4383 3648
8308 8634
2777 3421
9585 9115
7586 7618
10625 9878
3346 2930
5205 5075
4864 4389
4326 4163
5140 4548
2075 2627
6405 5680
3886 4332
1995 2142
6884 7783
6276 5339
8761 9083
7836 7483
4100 3115
6800 6121
7523 7186
6738 6460
6138 5420
8291 7582
8814 9536
9717 9321
5245 5670
7556 7814
6018 6449
4295 4787
5007 4481
7190 8098
5064 4796
5240 6094
5384 5406
3921 4152
4875 5030
5131 4948
6463 5720
6924 6397
2854 1996
9670 9602
2706 2865
2563 2609
3827 4225
5642 4838
1904 2327
56 677
6164 5926
9638 9665
2492 2715
423 1133
6945 7423
1884 2390
2103 2880
6383 6097
3416 2732
5475 5618
7573 8355
9316 8959
4666 4823
4629 4199
3948 4863
4759 5699
4749 4359
73 579
6035 6520
85 669
3147 3171
7390 7180
4488 5334
1891 2081
10045 9926
8645 8522
1461 1530
7516 8403
5918 6588
6086 6994
67 738
5729 6286
9342 9347
9530 8576
702 1278
7742 6846
7584 7443
6899 6077
2532 1580
4703 3827
18 465
10448 9483
6850 7158
4708 5483
6335 5658
3625 2854
6516 6080
9384 8678
2721 2171
2100 1797
6898 6597
1077 1169
6290 6573
9057 8573
9061 8095
6181 6280
2681 2892
9218 9205
2853 2895
3465 3723
1790 1105
9158 9080
9586 8925
6159 5566
4661 4032
3456 4434
8039 7619
6749 7421
7292 6671
6343 6031
7850 8162
6624 6882
3447 3372
5718 5451
5050 4877
5961 6904
7002 7979
2502 3251
5715 6192
7402 7685
375 1193
7188 7672
1613 2504
3879 3249
4117 3708
6730 6412
2013 1358
7864 7781
3584 3190
6545 5663
7506 8169
10591 9932
4772 4336
4819 4391
1663 2182
7294 7193
10269 9856
2917 3023
2785 2223
2319 1662
9114 8254
2379 3151
64 373
48 52
34 297
7617 6944
6106 5613
7838 7501
9991 9969
2521 1655
3522 3098
7041 6585
6070 5510
14 978
3532 4355
8593 8120
5451 6054
6017 6464
5455 5221
7796 8581
2589 2299
2585 3332
5458 4863
6754 6865
6096 5629
5769 6752
6711 7038
2351 1572
1961 1231
3551 2813
6716 6060
6275 6831
4545 4187
34 912
2470 2997
8199 7560
6782 6831
3283 4204
6038 6023
5929 5864
2447 1807
6177 6769
3712 4280
7509 6640
31 939
9129 9501
6852 6094
7780 8543
4428 4787
15 236
10241 9330
23 462
68 552
9485 9995
8526 9176
4304 3928
4143 4429
76 679
2821 1895
8585 9302
1716 2598
7019 7585
7569 8269
4224 3766
38 662
37 457
4538 3806
8614 8923
5428 6363
9670 9621
1608 2539
6792 6524
8951 9515
4026 3716
3818 4396
2187 2006
1290 2102
2580 3517
2694 2196
9562 9739
1007 1496
9598 9716
8309 9182
3562 4287
8929 9769
3131 2628
1007 1841
6672 6280
294 1110
6832 7803
7385 7796
42 239
1877 1701
3061 3612
3215 4131
2580 3464
3325 3220
5666 6266
9497 9528
9061 9984
7520 8076
30 334
5275 5905
4242 4260
6017 5201
7568 8222
8525 8782
1241 1780
5934 5208
2832 2915
7785 7837
5468 6111
5692 6226
2508 3075
5905 6181
4975 4670
2225 3180
6548 5906
5936 6917
5684 6097
9808 9537
7911 7591
3993 4938
5189 5849
4141 3704
8153 8862
1167 1431
3182 2623
3675 3580
8826 9637
9353 9499
6637 5791
2846 2994
7063 7457
5678 5353
3036 2477
2746 2181
3320 3542
2064 2212
2125 2480
3889 4157
4666 5378
3675 4123
6963 6718
6066 6229
4757 5523
7911 7266
3942 4632
4395 5330
7040 6325
8569 8442
9895 9994
9430 8828
3636 2774
6371 6016
3808 3220
9973 9091
2761 1952
9858 9551
8389 7442
4723 4059
5544 5938
3768 3113
8106 8346
9205 8491
4580 5086
6869 6528
5617 6498
4564 4089
3204 3763
5102 4833
5098 5819
2145 1583
8513 8488
8204 8061
4250 4210
8107 7343
2376 2205
8702 8599
3133 2774
5087 4437
6842 6415
4722 4038
10366 9706
4650 5163
1135 1375
6901 6628
6442 6499
1498 1522
819 1146
100 329
4558 4003
3044 2044
5948 6408
618 1471
6444 6598
3189 4104
7365 7098
4222 4333
5650 5176
189 1085
7369 6874
7544 6965
5610 5303
69 279
87 842
1035 1253
64 550
1714 1115
4449 4397
65 896
8273 9138
8967 8085
9167 9113
2043 1292
6106 5264
7276 6790
3153 3684
4933 4615
5785 5530
486 1239
3556 3771
3969 3150
8591 7808
7986 8875
1342 1821
8766 9409
8213 8963
6998 6702
3202 2554
4219 4827
563 1408
3386 3412
5464 4877
2625 1758
1145 1700
4201 4737
58 986
9535 8925
9838 9702
5445 5308
3413 4217
8826 8802
8377 8171
3403 3490
42 748
1519 1217
5614 6303
7721 7546
1101 1358
7765 7313
7938 7736
8215 7482
1470 2375
5185 5572
3259 3445
4873 4771
9322 9190
1347 2158
4131 3247
9446 9119
8695 9350
4414 5373
1682 1363
7822 7052
9385 9154
72 126
10789 9947
7428 7768
9929 9326
2156 3136
4424 4880
69 348
71 790
1792 1048
1926 1347
7040 6939
1779 1438
4381 3541
96 536
2373 2917
7644 7976
8742 9550
8449 7584
5738 6207
1860 1618
5597 5514
93 690
2130 2652
5024 5005
16 414
2366 2882
6363 6566
5362 4415
2237 1523
8261 7923
1529 1846
4517 3905
3574 3961
9182 8439
3462 3945
5625 5133
8464 8616
8745 9149
7673 7332
2250 2765
33 580
4215 4188
5587 5239
3403 2725
1863 1861
5788 6531
9141 9324
9631 8806
8189 7569
6198 5730
5159 4850
3854 3160
2886 3738
4823 4471
5302 5251
4910 4241
2972 3550
52 993
1248 1536
5963 5675
1289 1133
5529 5685
684 1080
3228 3703
3240 2847
6181 6267
1839 1778
2799 2880
8896 8803
4381 4458
44 85
47 305
9518 9946
7154 7648
10180 9319
9058 9143
9025 8092
2770 2876
4501 4916
5074 5989
4634 4791
6388 7091
60 161
6126 6416
7132 7447
5903 5588
6075 6724
7310 7871
2999 2825
7268 6493
6958 6412
3084 3760
3460 3928
2603 2327
8532 8709
548 1442
7322 6336
79 361
7911 7957
5120 5901
3172 3871
83 99
6487 6921
6583 6919
5496 4818
4894 4414
7449 7283
4217 3460
4836 4212
8854 8116
49 630
26 573
71 736
1735 1922
3449 3216
2391 2753
3634 3845
47 597
8193 8038
4736 4493
6091 6283
7611 7126
2122 2308
7537 7709
7773 8071
1484 1725
3769 3695
1545 2523
8001 7773
9075 8298
2923 2080
7334 6502
1751 1688
9005 8188
7720 6752
8277 9081
4929 5470
9018 8153
3620 3863
30 321
8630 7873
6493 7410
3520 3736
45 758
2756 2934
3118 2239
95 615
8137 8910
2044 2513
811 1661
940 1078
3315 4243
7235 6375
6087 5404
5389 4777
4591 4953
4055 3846
20 972
6344 6255
4088 3216
3714 2805
5215 4317
8822 7875
10842 9983
3384 3117
2036 1375
4789 4850
7855 7812
6642 7344
2129 3012
49 318
946 1443
8123 7963
1965 1925
7155 7390
4760 4804
5525 5851
5942 5407
4579 4784
4645 5214
28 354
6387 5676
97 232
1889 2879
6595 5899
11 344
63 755
5815 5202
4200 3785
2264 1980
9048 8427
3752 3152
5881 5185
4742 4690
9711 9858
1047 1948
6475 6877
8317 7762
6586 7304
5807 6161
6859 7159
2769 3175
1621 1090
5698 5122
5315 4342
5659 5937
3199 2406
8095 8933
4193 3602
7088 7766
2884 3726
7621 7558
8721 8784
4046 4729
9217 9291
8498 9034
2873 2528
9635 9112
100 921
93 297
2669 2434
2898 3653
1890 2614
9381 8635
19 600
10384 9745
7710 7865
40 475
8249 7784
8305 7569
9391 8873
3937 3005
3808 3697
9345 8762
8575 8801
2633 1904
1944 2303
4301 4331
8962 9033
8448 7519
4087 3244
3766 3911
3169 3645
1842 1084
2506 1508
5432 5501
6976 6690
6482 6895
8103 7916
6085 6684
5814 5963
5722 6037
6959 6911
7629 7993
8650 9085
5117 6106
3398 4035
2939 2377
6206 5752
10071 9825
6552 7245
6041 5926
7977 7105
8927 9517
1207 1258
4351 3629
10321 9510
73 850
6903 6866
5995 5888
4477 4861
1254 1682
2932 3702
68 306
4870 5363
9323 9321
1907 2841
7252 6709
7991 7118
7253 6318
8076 8270
6285 6506
4953 4540
8283 9252
4811 5496
27 931
902 1534
1817 1932
5066 5040
2130 1732
6447 7066
4993 5710
5047 4745
82 1009
5322 4681
34 327
5277 4587
49 897
2956 2186
10030 9142
4702 4128
1794 1643
6033 5673
6091 5449
6281 6007
6988 7933
1429 1590
9902 9941
63 494
10029 9351
3790 3011
8773 7827
5114 5206
8903 8384
7911 7465
7289 8234
8485 8326
7476 8331
8918 9342
9414 8541
6131 6032
2012 1066
5540 4709
47 310
3957 4781
4064 3116
9403 8557
10518 9935
3721 3354
3266 4208
84 1006
91 258
2453 3199
9875 9827
21 890
3931 4428
1652 2189
9048 9622
4225 4668
6636 6786
52 860
2817 3021
41 877
2015 2976
10174 9538
7620 7135
3681 4631
2276 2252
58 614
5338 5084
4118 4945
5391 4793
6763 7374
4277 4457
4903 5785
21 693
3242 2599
3173 3963
4328 3345
2479 3046
8355 9197
8024 7797
8122 8856
9304 9994
6545 6173
7655 7707
4183 4662
10 21
5577 6382
2728 3063
10760 9868
7387 7533
2886 3795
3952 4584
6404 6908
7008 7039
2626 2457
9999 9659
4480 3578
2749 3261
7697 6885
8496 8988
7635 7378
5358 5376
14 907
8149 7261
3223 2658
4546 3939
4711 4557
5885 6515
7380 7037
3288 3910
4792 4087
4285 4986
2924 2724
7458 8184
44 485
1977 1529
50 830
5201 6092
2160 1243
3628 4451
7398 6554
8530 7948
6772 7760
8156 8915
2200 2636
1566 1095
7078 6343
3505 3217
1217 1020
75 212
10383 9795
6710 5790
6397 7084
7087 7260
64 813
7141 7116
82 336
8564 7673
3729 3530
4856 4892
2986 2171
8951 8634
10671 9906
2466 3156
8681 7984
7620 6786
4935 4090
8757 8282
6122 5697
2069 2358
4709 4660
4411 4087
7008 7921
2498 1568
1660 1863
3342 2402
2494 3172
1565 1566
6090 6712
25 871
1462 1751
8530 9391
3451 3068
7950 7617
9500 9114
6505 6688
7814 7763
3229 3117
7066 7562
8229 8764
10286 9874
5461 5929
5122 4754
8778 8420
9475 8974
2700 2117
2722 2609
3051 2678
1722 2207
6678 6462
3943 4581
10245 9908
3198 4114
1722 2688
8621 8773
2068 2458
3517 4256
4592 5033
3949 4603
806 1646
6219 5348
8843 8439
6883 6288
24 591
7318 7980
9430 9200
5731 6630
8264 8570
2457 2105
6613 5668
6636 7520
5479 4707
1824 2606
90 399
4092 4347
22 409
2930 3289
6402 7100
7047 7779
3246 4075
9462 9005
2735 1761
820 1379
41 915
5097 4144
2182 2956
4860 5419
8756 8091
8677 8553
3896 3571
8622 9520
3524 3118
90 460
7365 6668
7358 7077
9146 8534
9395 8674
8966 9171
5614 6235
8726 9146
2996 3504
306 1099
33 15
4072 3655
7749 7366
6700 6803
2545 3415
2246 1816
5684 4868
5848 5519
6682 7654
2118 1857
5319 5873
5940 6524
8171 7818
5909 5674
3838 2948
9403 9331
5067 5948
84 993
2159 2631
8771 8939
6434 6572
3737 3062
10036 9928
3396 2975
6737 6970
3534 4376
31 959
48 490
22 500
6719 6761
8117 7331
4309 4217
7529 7444
5006 5287
9066 8795
6382 6657
736 1432
93 632
3072 3616
3470 2761
3092 3852
8842 9641
4480 5383
7378 6994
8405 8264
6985 6439
6586 7163
1624 1364
8762 8209
4181 3638
6538 6454
17 281
46 415
1486 2177
10418 9863
3174 2793
5997 6966
2326 3092
10701 9766
4267 4251
14 225
3748 3766
1969 1595
7795 7288
9149 9512
5295 5566
8894 8664
5219 6087
5729 6210
7690 7239
789 1160
3386 2548
7289 7116
3331 4139
4659 5000
5402 5030
9568 9894
2921 2053
9307 9851
73 846
1556 2475
5082 4677
8586 9376
2111 1722
8895 8180
7552 6927
8379 7867
5608 5093
7502 6778
7719 7140
1819 1473
1313 1308
856 1802
6082 5628
52 346
5761 6224
6350 7117
5461 6273
2485 3420
5976 5345
3137 2459
10109 9749
6378 7317
5110 4467
4909 5873
4549 4452
8112 8460
34 666
2027 2553
71 661
5272 6166
7118 7459
4293 5077
2835 2427
2527 3138
3447 3617
8228 8854
64 677
1990 1441
8475 8412
4961 4885
6830 6063
2630 2954
10055 9652
8963 8988
7366 6850
43 284
8085 8288
4124 4291
1455 1488
5997 6794
6055 5223
9843 9212
85 855
456 1245
28 832
8880 8463
9669 9085
2165 2910
8993 8938
64 128
8503 8452
8485 8252
17 950
3844 3571
8556 8016
5168 5063
5730 6579
14 924
5977 5775
4597 3894
8108 8364
4564 3835
3396 4353
5564 5678
7768 7310
1908 2857
33 719
5405 5446
8765 9161
3308 3700
8512 8970
810 1127
2420 1960
1064 1446
7522 6833
4396 4261
2051 1434
5993 6401
6679 6709
10071 9197
8204 7847
8082 7398
9208 9598
4067 4510
9023 8992
420 1357
5509 6264
2181 1984
2693 2505
6833 6176
5310 5561
9099 8204
4777 5688
80 737
10120 9638
3714 3692
2163 1736
8168 8933
192 1162
9075 8461
33 521
100 735
1553 2223
7239 6365
2035 2466
4630 3655
9218 8665
5307 5127
9841 9525
647 1446
8566 8276
7560 7890
8934 9817
2669 3312
57 866
5661 5190
6073 5938
5006 4311
8622 8601
4688 5049
35 784
6812 7698
6544 6234
4071 4788
8925 9383
2329 2941
7037 7973
8536 8968
7246 7070
6213 6176
5261 5500
6469 6073
877 1591
8858 8633
6998 7681
5593 5903
6367 5452
65 404
6535 6377
3303 2568
2292 2050
7599 7719
5926 5749
3068 3921
8047 8675
7396 7331
6676 5690
4840 4095
6554 7484
1287 1112
3524 4230
7835 7977
8402 8722
9418 8504
5611 5868
8189 8470
5709 4961
2563 1954
3669 2987
4248 3537
8644 9399
5929 5935
3085 2916
1339 1496
7213 6467
25 207
3805 4713
5658 6090
2437 3137
34 104
4436 3831
6955 7895
6673 7277
4591 5389
8742 8562
3438 2607
8521 8942
72 535
6474 6428
1050 1552
5428 5006
8579 8010
2691 2829
4039 3100
10401 9510
9941 9147
10499 9955
7165 6553
4582 5357
8642 9156
1114 1195
70 570
8551 7839
5214 5750
5591 5566
48 936
7014 7164
5169 5090
857 1031
5048 5668
4763 5270
94 38
4607 4227
10042 9834
3690 3062
3089 2394
3213 4095
8258 9230
7628 7555
1738 1483
858 1071
3106 3210
6385 5487
3395 3865
1581 1710
9950 9901
2072 1828
3966 4054
7962 8705
4765 4317
9231 9159
4171 4322
48 932
6226 6917
7370 8110
8041 7966
1831 2699
2108 2554
4557 3655
7634 8474
6893 6873
5651 5528
8101 8244
3984 4823
72 349
3801 2945
899 1732
6278 5659
6449 6115
6568 7112
2055 2635
6117 6652
2591 2560
5592 5057
5714 6538
1824 1194
1645 2375
6370 6831
4994 4574
2743 2478
7896 7084
5210 4453
25 718
31 956
4573 4278
9331 9792
8205 8668
5169 4699
7060 6418
7398 6666
2334 3158
8695 8221
9183 9051
2818 3397
5856 5899
2146 2588
8537 7842
3078 2732
7360 7375
6039 6543
7015 7695
4469 5111
39 841
7504 7756
7613 8138
7074 6247
7000 7481
30 717
6165 5286
9818 9651
6573 7433
5069 4626
8381 8019
2784 3510
4027 4875
1090 1056
7727 6957
77 956
898 1229
6112 7005
4962 5745
9204 9356
5149 4684
1786 1911
74 200
10010 9449
1896 1231
4676 5250
9209 9449
9270 9010
7644 6950
6019 6131
40 448
7704 7963
6303 5736
4141 3465
84 320
52 466
3827 4329
9831 9770
3724 3081
6648 6241
5231 5260
7592 7152
5284 4847
4834 5636
1189 1549
1915 1475
7457 6636
6537 6959
2508 2146
4722 5062
6021 6674
2843 3100
6004 6789
5168 5238
8969 9121
8081 8930
4372 3661
7938 8712
8756 8864
8404 8578
5307 6198
3676 3348
91 669
3447 3494
1902 2726
14 725
4813 4012
3511 3239
7524 7030
6259 6898
368 1335
7415 6580
4752 4878
5519 5168
4815 4535
5871 5103
7795 8795
8696 7792
5470 5493
2450 2981
7022 7469
3536 4083
338 1328
1435 1395
9074 9063
1660 1166
9968 9751
5198 5867
4384 3990
6802 7083
8169 8539
1960 2703
1757 1664
1646 1354
3655 3877
6846 7506
2995 2340
2107 2386
9324 9592
87 219
6397 6952
4632 4184
8623 9225
7336 8310
10569 9833
26 731
6620 7301
8496 8375
870 1099
5267 5085
5815 5426
1066 1198
62 473
48 436
7018 6979
94 656
2687 2338
9133 8370
5856 6155
31 435
3560 3818
3686 3392
3693 3242
8312 7687
8454 8332
1020 1958
46 246
6506 6508
9163 9776
88 870
57 89
8415 8311
7907 8295
19 369
4601 4524
8251 7411
55 115
2077 1829
1991 1393
100 734
3980 3534
9291 9135
7326 8140
3603 4544
2486 2764
6943 7869
9496 8693
3787 4442
7369 7029
6499 7282
9104 9663
88 940
10285 9703
8191 7638
4243 4010
7776 7851
7373 7803
8354 8217
35 658
67 594
7083 6445
8700 8975
2686 2531
4869 4695
6094 7080
10003 9230
5475 5234
10296 9468
4898 3994
42 108
7940 7385
2695 2214
8333 7818
4242 4011
4708 5168
9099 9666
4246 4041
7631 7451
3640 2651
9846 9490
5152 4618
92 575
9760 9579
289 1285
38 946
9056 9337
4550 5281
2093 2296
1434 1820
3691 3723
8155 7962
4863 4462
2977 2234
8267 7763
3619 4453
4311 4282
77 808
4549 5360
5251 5926
2594 3453
60 671
9423 8435
1381 1642
2744 2963
8693 7757
42 202
1760 1676
8257 7739
2920 3543
3530 3931
6602 6258
5995 6605
4334 3512
2973 2452
4489 5249
6806 6005
9578 8999
1606 1257
8644 7902
1863 2796
1892 1759
9055 8626
5695 5131
2675 2853
4746 4445
23 839
9667 8902
6437 5724
5721 4955
2307 2188
44 660
39 486
5464 6157
3249 2597
9670 9437
6740 6766
3266 3415
6461 7202
32 658
10023 9168
1510 1068
8242 8016
6501 7361
6715 6187
7841 7845
4729 5387
93 158
4534 5183
10055 9101
2584 3550
6204 7159
10174 9574
8629 8753
2768 2343
4300 4365
9762 9423
7055 7472
8991 9870
8191 7651
2775 1994
56 618
8702 9164
8720 8935
7703 7378
3990 4329
3319 2741
7877 7037
5146 5293
6711 6809
3048 2999
1055 2028
4754 4309
4402 4632
7772 7901
2491 2260
6923 6546
6018 6341
5205 4715
27 29
9269 9210
6488 6579
9440 8572
984 1068
1173 2167
3239 2531
2694 1735
5837 5487
5656 5982
8281 7497
5334 5054
3568 3506
1649 1159
2845 3183
4432 3635
4852 4365
2054 2423
4714 4744
9037 9407
3740 4044
5500 4628
95 608
3092 3796
6194 6698
7312 6517
3138 3136
5536 5463
5177 5056
1671 2576
9322 8327
9719 9366
9159 9582
8433 8905
2571 2611
9681 8783
11 11
39 624
1367 1103
3159 2271
5175 4548
3574 2647
4674 4041
7263 6271
5359 4863
7296 6794
7601 6745
2930 2415
3404 2541
88 81
43 539
391 1219
9955 9421
3201 2691
7905 8690
8119 7341
10098 9486
5042 4793
4024 4500
5123 5685
966 1427
4395 4693
77 22
8055 7360
9356 9964
3572 3449
42 440
8227 7645
1349 1388
9145 9663
4374 3443
6631 6434
8822 8976
2688 1711
8419 9210
5831 5075
2476 2699
825 1654
3950 4912
4917 5845
5676 6376
68 837
9486 9829
9750 9608
5235 5041
8720 9066
3102 2770
7637 7353
5252 6025
8388 7704
3088 2260
1826 1397
7620 7448
1870 1730
7115 7809
2885 2143
8448 8651
6464 7290
6882 7725
4952 4728
6375 6748
4518 3747
4627 4346
8015 8790
5037 4469
9710 9613
4508 4055
8053 7132
98 457
7451 7768
2302 1435
3130 2531
2545 2637
7730 6909
8561 8748
9223 9946
57 624
10244 9517
933 1074
2971 2308
54 742
2906 1998
2800 2905
2520 3417
9392 8552
2510 3046
9301 9283
7853 7217
54 655
6447 5488
10010 9510
5075 5700
4819 5172
5064 4647
6112 6833
5732 6130
4513 4281
6505 5977
1900 2647
9398 9911
4935 5897
1734 1301
2377 1852
6468 6501
8451 8017
9715 8939
9703 9412
6367 6337
9222 9150
7951 7914
2051 2089
8259 8346
8227 7647
8463 9086
3296 3420
10450 9767
2030 1384
27 888
5018 4636
1363 1436
2413 2215
8332 7856
6989 7470
3113 3940
2252 2346
4604 5446
5440 6103
9939 9810
3411 2487
5410 5580
66 812
3287 3190
9415 8592
9593 9447
1752 1350
2641 2094
2484 3359
8170 8637
6446 6543
8360 7505
5038 5282
77 236
2348 1653
3423 3586
9315 9987
5662 5919
6771 6969
9421 8538
7029 6516
4928 5092
4519 3696
23 964
10291 9610
2763 1967
8204 7798
8893 8037
8178 7928
3586 4189
3789 4339
3633 3657
4004 3843
7780 6793
19 44
4913 3936
5537 6299
4614 4868
5431 5898
4988 4960
1102 1414
7834 7825
9005 8183
6939 6681
7677 7035
8558 7944
32 353
8363 8130
3328 2942
4134 4820
2396 2849
8482 8550
3718 3713
6077 5953
7926 8522
1063 1518
5592 5948
5844 5366
4706 5006
3894 3143
8512 7763
10 965
6429 7335
8676 8667
8529 8001
6460 6643
8172 8240
5622 6541
9316 8970
10713 9995
3707 4393
3570 3400
11 800
17 126
6847 6438
7240 7851
6445 6520
3411 2713
9162 9617
7252 6598
86 434
4406 4583
4605 4075
8521 7690
994 1918
9909 9361
4359 3835
6560 5986
8002 8546
442 1266
7039 6731
7643 8000
87 213
9973 9223
5805 5127
1933 1902
4684 5354
9033 8089
7197 7177
6935 7797
6867 7256
268 1164
9006 9453
7331 6419
20 307
8333 7790
5724 5256
3455 3724
1728 1293
7215 7370
6522 5873
1987 1331
2917 2009
4320 3926
9762 9383
2741 2234
2324 2252
29 517
9107 8521
6947 6230
7876 7682
6616 7607
15 13
8830 9045
8362 8199
4189 4929
2337 3304
8907 9308
43 522
10204 9230
4992 4988
3724 2968
8579 8892
5259 5011
69 814
3498 2626
2422 2167
8596 8419
49 116
9269 9103
9967 9610
7386 7617
18 351
2041 1053
7785 8203
10304 9799
17 131
8872 9607
4822 4654
14 923
1704 1724
7803 7684
3345 2614
7487 8352
8287 8840
9251 9942
5940 6913
27 726
3799 3740
6694 6411
2096 3093
4387 4950
9016 9009
3040 3460
80 128
88 703
9757 9983
6046 6093
25 80
9485 9656
78 294
7833 8645
21 601
922 1274
5512 4663
8641 8226
7265 7569
8650 8562
2880 2601
53 316
22 390
89 123
54 493
7426 6635
1041 1095
2913 2046
9222 8933
7426 7252
7697 6955
1361 1906
2988 3969
8266 7465
7113 7191
8292 8391
11 30
2389 2940
3407 2826
9816 9832
8562 9282
47 257
9339 8642
7882 6912
5522 6445
6393 5679
7505 6623
6490 6429
1927 2410
2252 3172
3787 3234
6958 6610
5096 4648
5477 6168
6651 6089
1504 2236
5756 6209
39 648
1391 1806
928 1814
3053 3193
2402 1972
7413 7350
5853 6054
8808 8187
6649 6220
3955 3386
68 689
4598 5226
6321 6179
7351 6604
7298 7273
1476 2129
10037 9412
9321 8626
9414 9160
6652 7382
5735 4750
7044 7544
4805 4985
2145 3122
10184 9573
1926 2435
66 67
8554 8905
6048 5647
2678 2718
2032 2993
6007 5935
7777 8014
376 1147
19 853
1564 2390
7397 7368
3810 3924
4688 4549
6598 6750
8132 7843
6638 6565
7067 6495
3296 3362
1686 2085
7405 7112
9266 8697
2701 3557
5476 5517
33 713
9327 8926
3838 4039
8885 9383
8161 8795
61 228
4445 3962
1903 2761
10091 9423
2898 2496
8330 8089
4089 3258
8240 8194
1283 1871
5290 5382
5119 4723
3032 2621
66 507
21 222
1188 1372
7583 7972
9174 9879
6445 7234
3891 3646
32 619
4751 5123
4502 3786
4294 4575
5788 5098
6763 6892
8018 8256
3679 3230
67 174
2403 2817
13 116
5529 5164
4684 3730
9630 9949
7332 8143
3226 3593
2987 2382
90 490
2675 1791
21 721
6815 6226
9966 9698
2779 1878
8016 8313
2316 2842
8760 9266
7816 8186
6316 6197
5491 4945
6459 6076
6057 6701
5748 5863
3515 3508
3934 4651
9407 8463
1238 1461
1096 1775
5543 4886
2296 2956
37 770
5470 4732
5954 6810
5013 4135
6919 7049
9065 9490
5465 6025
4973 4678
6015 5246
59 774
8300 9227
98 234
7333 6999
8487 9194
5780 6402
5017 5751
9203 8587
2278 2687
4230 4043
6735 6360
4130 4430
2865 3184
681 1480
8471 8361
6812 6720
5024 5513
6512 5795
2427 3371
7538 6653
8832 9125
8218 8243
7906 7714
8974 9348
1702 2200
6203 5437
2341 3291
6686 7041
3661 3735
8596 8931
2158 2687
3787 4067
6774 6367
5901 6299
1091 1939
2156 2844
8519 7904
6037 5302
6292 5630
6053 6212
37 421
5804 5941
9590 8987
1003 1339
2239 1637
5184 5574
2666 2740
5018 4297
9232 9181
4605 4484
5479 6137
3468 3751
2807 3087
6505 5899
2878 3356
6359 6628
874 1430
4734 4862
10289 9513
8201 8879
8540 8683
7762 7103
4274 4704
5287 5240
7719 7056
6946 6251
6512 6558
963 1676
8865 8505
4722 5703
5412 5105
5295 4385
5835 6044
8808 9460
5753 4918
2352 3140
2631 3359
1047 1060
5376 5672
5714 6508
9554 9521
2182 3130
10362 9625
4562 3801
5884 6284
55 959
8998 8692
913 1078
46 522
3523 4384
7949 8131
3522 3331
3427 3429
9567 9376
8857 8799
5795 5918
83 867
9526 8857
6472 5868
2589 1875
6425 5589
4113 4053
3399 2426
8403 8650
3302 2657
10261 9988
6443 6998
7205 6986
3950 3473
8740 8327
8299 8721
7859 7776
8770 8121
5211 4924
9267 8359
8119 8596
8972 9920
5699 6028
8747 8634
66 259
80 459
6842 6524
9625 9748
8144 8995
9012 8921
8876 8941
6435 5545
3470 2596
3520 2905
6855 6823
4305 4455
3351 2585
2155 1177
9269 9032
2902 2426
7815 7231
4615 3904
4410 4572
77 552
8950 8534
2923 2738
2413 1753
4421 5180
8064 8076
8791 9571
1624 2324
8817 8289
52 610
69 412
5395 4842
4963 4501
1219 1849
10367 9923
5708 6287
3140 2285
8588 9009
3443 2848
9165 9934
5719 6162
7715 7847
9131 8254
8171 7875
10121 9588
6544 6949
5448 5082
9469 9036
4758 5731
57 932
2245 2190
7731 6795
6610 5900
6803 7565
2633 2466
87 333
7999 8536
2348 2692
9356 9986
5172 5577
1821 1921
1314 1026
5493 4730
8809 9054
8533 7737
2203 2037
8867 9512
6225 6201
7799 8087
6697 6470
3950 3117
4148 3472
9165 9812
8232 7350
99 181
8217 8373
5905 4926
2703 2964
4497 5119
5078 4524
953 1270
9861 9963
6624 7269
6933 6206
7343 7270
1115 1055
47 469
7006 6114
6478 6763
3475 4460
5779 5588
4634 4798
47 119
6665 5959
2172 1314
5420 5657
5004 4817
2670 2201
6060 6862
3289 3093
10541 9777
5436 5420
49 882
5943 5410
10 979
8536 9118
7124 7662
7960 7837
82 1069
4699 5521
6030 6235
8731 8773
99 467
3154 4027
7565 6720
5621 6194
60 839
321 1044
5317 5609
3211 2841
93 293
4728 4051
5988 5826
4873 5341
3964 4232
6165 5775
8334 9136
3308 3579
6731 6836
9720 8999
6170 6022
5870 6080
3740 3327
6163 7105
3220 2303
4473 4648
6170 5548
3226 2470
3292 2573
9537 9386
3546 3359
4871 4317
1638 2545
2308 2738
4749 4640
8568 9392
30 787
8559 8760
1939 1970
3399 3674
2146 3121
6396 5907
8558 7612
8232 9042
3469 2969
8873 9563
7835 7329
6164 6107
8633 8317
4067 3433
4967 4567
9926 9075
4317 4611
13 397
7654 8511
1185 2146
7215 7149
8065 7212
3995 3729
8734 9460
5537 4561
2872 2375
58 866
3870 3290
7500 7165
1463 1076
1421 1788
2676 1799
91 262
9119 8520
5369 5634
7850 6858
8686 9436
26 15
22 329
4844 4838
5470 6168
7195 6203
2714 3204
69 784
59 193
2126 1858
4737 5573
526 1315
4994 5694
8158 8556
937 1368
82 408
5541 6471
5057 5204
2335 3091
4082 3207
4012 4573
7647 7173
76 908
2974 3533
8574 9237
85 575
6194 5949
5406 4454
9821 9778
6590 7101
8338 7408
5938 6389
5625 5366
8151 8612
5773 5720
5422 6012
6705 7057
2070 1488
10464 9735
12 30
2597 2700
8490 8960
7488 8165
3658 4528
9733 9456
33 147
4482 4391
785 1696
50 33
4052 4589
9486 9458
9668 8967
8038 8850
637 1368
5208 4945
2988 3140
79 514
7280 6662
6200 7119
4338 4589
27 17
6879 7082
6157 5935
3274 3722
7047 6996
5977 5990
9295 8728
6973 6561
38 590
5512 6384
3806 3345
10337 9533
5509 5030
3700 4440
4090 4472
6829 5959
1321 1576
7484 7043
898 1705
3427 3867
9566 9344
34 807
9868 9843
1402 2245
2105 2252
3783 3874
5879 5832
7249 6761
4262 3331
2611 2546
2719 2992
40 870
27 188
3479 2735
3482 2631
9436 8794
1869 2575
7628 6755
8431 7869
8433 7817
7777 6796
2652 2465
3587 2996
7065 6925
2155 2714
9294 8835
4220 5037
6036 5454
8018 7551
824 1151
6324 6537
7999 7713
3237 4075
8015 8839
66 372
2069 2427
1899 1695
9846 9575
4187 4422
7489 8213
7490 6553
5512 5529
7484 6819
6682 7154
4637 4898
8341 7622
8940 8637
7733 7281
4350 3705
3638 3740
81 766
3204 3539
352 1058
6381 5669
3910 4893
8524 7549
4508 4157
15 242
7929 7806
9771 9434
1690 1785
2476 3209
1304 1254
2595 2444
4348 4641
7064 6225
35 536
1974 1749
6356 6455
3278 4155
7892 7850
1501 1726
1682 2593
6970 6371
7795 7793
7404 8040
4617 4497
2471 2337
10077 9386
2626 3254
2511 2388
3572 3652
7929 8438
5771 6360
8118 7740
1877 2127
3787 3805
7331 7099
8215 8284
18 885
969 1762
8065 8959
4538 3931
2217 2961
3942 3607
934 1476
4926 5185
3539 3853
3129 2900
17 536
9478 9454
1906 2564
4358 5341
2509 1991
6917 7129
2522 1558
72 219
9273 9596
26 702
9233 8825
5023 4470
93 398
2801 2062
7200 6434
2581 2188
4655 4139
4674 3924
7248 7460
9152 8585
7179 6598
6958 6963
4894 4371
8591 7954
3453 3137
6932 7700
8887 8995
3326 4084
7019 6627
7205 7376
20 586
7831 7225
2292 3103
2573 2262
1209 1130
4633 5179
15 879
9950 9990
9385 9760
6751 6611
2238 1461
87 412
687 1371
4049 4291
99 140
97 406
30 882
75 583
77 565
9200 8838
8988 8380
9150 9505
4553 3954
5995 5899
8032 7495
1432 1513
3190 3616
4568 4594
8575 9345
76 837
5835 5138
6144 5422
6465 6591
4659 3886
4600 5430
4960 5162
1580 2399
4863 5579
5327 6240
2528 2414
7717 7364
656 1562
4671 5017
48 752
9749 8763
6591 7508
1525 2421
2079 2437
10196 9317
5088 5876
1184 1797
74 844
6601 6299
10542 9933
3910 3952
5967 5667
4950 5335
48 818
7261 7025
6531 5587
7055 6669
1307 1595
8785 9740
2247 3158
4244 3879
9171 8641
2286 2393
5915 6679
4139 5023
9039 8430
4755 3812
5835 5895
1182 1599
2637 2492
45 628
5292 4561
831 1751
3584 3779
4172 3773
10355 9471
8423 9103
3175 2983
2572 2885
3873 4369
79 566
4593 5289
4558 3974
5251 6241
4666 5056
1370 1328
4168 4136
5225 4519
4957 4054
4368 3436
8105 8815
7685 8429
3803 4698
8759 9043
8286 8328
9134 8548
3808 3198
6601 6702
2379 3033
7150 6825
6356 6622
10146 9829
5108 5357
4074 3898
5183 5694
4330 3385
8609 8782
6571 5790
6504 5585
7921 7084
7450 8120
4659 4438
3463 4366
4069 5026
1747 2360
9242 8765
4495 4381
30 927
3293 2537
7503 7164
2473 2555
5985 5987
9534 9597
7914 7593
1760 1150
9780 9929
3973 4808
1253 2081
19 513
36 941
2609 2865
1758 2537
5661 5021
7519 6787
6714 6305
7713 8575
9213 8955
2489 3416
9919 9148
2473 1929
5405 6055
6885 7010
5867 4965
4432 4026
2713 2347
10500 9702
7317 6983
3430 2677
8659 8782
4659 3802
9235 9051
8285 7711
78 694
8263 9029
6791 6527
8067 7250
6798 7643
8626 9250
8163 8311
3470 3336
45 944
8919 9101
7882 7506
4008 3600
8687 8129
7479 7034
1748 1440
3113 2698
6911 7187
1735 1970
1882 2442
8364 8470
5445 5360
2725 3105
9682 9243
6303 5596
4238 3819
5981 5886
3448 4053
5051 5212
9134 8723
5662 4838
47 870
3691 3325
3915 4694
2494 2715
3354 3504
4156 3339
46 665
7299 7086
4522 4041
5885 6492
1309 1607
10162 9376
7747 8616
5429 5307
2356 2556
4238 3323
6938 7088
9877 9388
2310 2916
2877 3796
1857 1912
1405 1739
2977 2185
7116 6202
2066 1358
62 539
2211 2443
6568 6867
3166 2577
8017 8586
5117 5628
9296 8399
5022 5696
6693 7449
5905 4974
5045 5671
5411 5179
5794 5853
1270 1577
2646 2362
749 1426
8493 9138
6486 7341
1159 2000
10039 9615
4960 4736
3836 3290
1101 1851
9270 9328
4881 5245
92 458
5691 5949
1137 1532
1690 2683
12 164
5685 5495
2539 1776
3656 2843
3257 3668
54 898
4179 4078
2752 2273
1165 1823
3774 3377
95 63
4226 4513
7618 7664
5040 5099
55 76
9104 9816
7748 6789
6207 6350
8398 8669
243 1235
65 288
3829 3664
9431 9810
50 795
3091 2337
3546 2634
7823 7449
6097 5836
9446 9568
7101 7821
6748 6558
4527 4327
7865 8280
8135 7147
938 1583
6745 6306
3857 3560
6410 7152
8941 9854
2447 1648
2919 3117
1144 2076
2714 3654
6886 7148
5430 4951
1178 1990
8477 8252
8480 7608
11 921
8007 7081
84 61
2800 3258
2599 2251
8305 8639
1823 2807
7489 7328
880 1559
7205 8027
3812 3603
2921 3526
1164 1276
8518 7669
8712 8074
8368 8048
5961 6188
5995 5484
5015 5640
33 690
5228 5989
9313 8835
5248 5420
7808 8798
8350 7909
7845 7769
3464 3941
4305 4861
1676 2097
12 554
9073 8075
36 306
2770 2378
6585 7024
8973 9964
765 1402
8980 9956
5374 5040
2020 1998
6282 6313
6544 6017
17 197
4929 4535
4108 4070
968 1136
8380 7720
1458 1310
6816 7612
5201 5562
6926 6895
9158 8436
5153 4710
9267 9597
6554 6920
1852 1293
6594 6101
9242 9840
9367 9265
62 359
29 253
3290 3067
2743 1932
4418 4486
8726 8371
3802 3401
93 572
2839 2396
33 595
10448 9601
6311 6167
24 111
5305 5168
74 22
2627 1802
4271 4269
4237 3505
8789 8460
4402 4234
78 703
6098 7087
3450 4343
4181 4379
2854 2886
2627 2362
4588 3950
80 558
9256 8971
20 877
8281 7981
4062 3286
3410 3592
4016 4388
4249 5056
7746 7225
9768 9123
1943 1678
3270 3577
7124 6511
8739 7903
6804 6217
3997 3820
7832 8264
3429 3804
9021 8074
5475 6137
66 203
11 308
5314 5114
7499 7947
8607 9303
8012 8038
3844 3825
7421 7941
5013 5983
2945 2371
1697 2001
9375 8396
5922 4988
30 651
3600 3309
4960 5569
8587 9019
78 261
3181 3825
2001 1426
5733 5728
1929 1338
8259 8703
2192 3074
7764 8425
8317 7799
31 920
2109 1235
29 893
7024 7432
8250 7826
1748 2262
6619 6552
1975 1652
57 456
1763 1671
6879 6697
5241 5328
7150 7507
2419 2681
4143 4857
6114 6876
6971 7838
9333 9742
8101 8969
4074 3289
3168 2750
45 40
1072 1222
9743 9069
8660 9321
7253 7160
7315 7383
2526 2474
3053 2420
4022 4974
6266 5762
6462 6421
6619 6044
6449 6406
1295 1407
5659 5633
7835 8671
216 1018
1891 2234
8293 7325
61 760
9869 9631
55 211
9306 8997
1688 2476
2182 3096
3277 3875
7028 6602
37 457
9612 9606
7227 7089
48 933
6674 7367
39 260
4799 5002
19 386
7796 8562
2099 2435
7578 7805
5520 6517
5293 5813
3000 3265
5449 4810
56 567
9849 9101
3654 3903
8441 8029
9316 8851
11 507
4697 4744
6285 6648
8963 8592
7314 7706
495 1147
2172 1224
83 271
82 502
2177 1652
1622 1705
8918 9337
9489 9677
59 464
39 572
4802 3952
6094 5601
9323 8417
2226 1645
85 879
9526 9836
9365 8726
9043 8605
9515 9491
8085 8445
2238 1789
8711 8589
5581 5878
5516 5993
5004 4385
10805 9885
7706 7724
8938 9638
8475 8744
3874 3886
1029 1452
5883 5320
46 729
9611 8637
1897 1461
1828 2199
10035 9212
55 508
2837 2167
9100 9725
1481 2422
4271 4311
3696 4035
13 109
1262 1864
3726 4139
1173 2120
5382 4766
4049 3864
4135 4872
4026 4095
3006 2242
8642 8928
7857 7792
5388 5573
6183 5516
10160 9687
6212 5359
6645 6333
8370 7743
2009 1794
7621 7642
9147 9314
1392 1761
2396 1864
5904 6434
9691 9410
3721 3751
10066 9563
6383 6795
4771 4167
1726 2424
6775 6813
2434 2421
19 186
1652 1680
6468 6480
728 1296
2132 1869
4033 3919
2299 3090
4639 5426
5466 5668
2376 2934
4432 5370
7411 7844
5963 5023
78 256
7317 7587
8006 7901
2471 1575
6635 6791
8219 8345
2034 1486
963 1643
6477 6405
8266 8458
5462 5706
6014 5115
7152 6314
1339 1441
10079 9763
9290 9487
9962 9607
7421 7479
6299 6355
5235 6110
7912 8899
6891 6265
7392 7011
2249 3188
1001 1378
7143 6237
4309 4320
3588 3468
9694 9162
2628 1720
2834 2924
3770 3498
9180 9862
1352 1506
3436 4236
4097 3885
7096 7367
3849 4119
1995 1227
1752 1738
9309 9189
9497 9020
8207 8395
8189 9017
3145 2588
6381 6382
1356 2163
31 536
7126 8105
4220 5132
7312 8172
8089 8361
2016 1581
8841 9448
5850 6723
10060 9087
3064 3251
4874 5738
5207 4580
5645 5915
40 12
4538 4632
31 65
1994 1805
7188 7278
9336 9482
4039 4561
26 792
4357 4698
2145 1739
2718 1825
7693 7459
1652 1422
24 795
3399 2975
7551 8163
6162 6122
14 551
5764 6739
2286 3160
8547 9267
2121 1794
8242 7409
2830 2933
8200 7383
6656 6678
2490 3032
7884 7683
5763 6351
9803 9274
2527 2039
3690 4641
5109 4292
43 243
8601 8109
3167 2559
4805 4842
6197 6350
7772 7551
4851 4911
4016 3582
6605 6246
79 910
1674 2262
2303 1386
9602 9639
2487 2600
3347 2892
6158 6794
6416 6709
2589 2114
2330 2098
6807 6908
88 850
4742 4679
5489 6479
98 824
6440 7309
32 639
6512 6819
10081 9675
1745 2668
7218 8128
8415 7810
3890 4169
406 1022
5231 4656
8517 8096
3424 3882
4736 3793
9658 9448
4840 5048
6909 7157
8736 7764
7446 8432
9975 9676
2532 2456
9254 9034
33 484
7501 7047
5610 5171
9949 9178
2048 2105
7902 7574
2050 2279
6659 7319
6023 6953
5341 4801
4871 5428
8170 7890
8466 7543
9460 8862
97 343
1875 1699
5395 5218
39 446
6929 6135
9005 9010
4569 5114
2339 2217
1401 1890
95 285
5861 5423
7901 7637
8803 9516
4202 3257
6447 6792
9795 9463
6763 7207
10234 9704
7862 7707
6567 7423
2783 1850
8264 8854
7551 8120
50 572
10167 9761
6175 6289
8004 8621
2843 1872
4930 5175
748 1075
8870 9201
7237 6692
8553 8807
5297 4670
3109 2203
3373 3734
22 648
5158 5380
