9951
100
21479599
106 104 92 94 92 90 105 92 91 92 92 98 93 90 102 109 99 107 95 93 95 104 98 108 93 90 93 109 95 109 100 99 102 98 101 94 104 103 91 108 90 94 100 94 92 101 107 106 110 99 99 109 110 109 104 90 102 102 102 108 91 100 105 107 109 91 109 91 108 110 96 99 101 90 93 106 98 98 110 91 100 110 103 100 104 90 106 94 94 90 101 100 108 103 95 98 92 99 96 107 
-89833 -84102 -78274 -82827 -72541 -76959 -86083 -89897 -86841 -70208 -80696 -83550 -80692 -84499 -83693 -100118 -88774 -93359 -92228 -75972 -77132 -83597 -81411 -96696 -71691 -73316 -79964 -93183 -84742 -90594 -72749 -89013 -82893 -80108 -87502 -82751 -90665 -86163 -76613 -97212 -79550 -90605 -90181 -80330 -82700 -91728 -95733 -97209 -96243 -85923 -89643 -89769 -101997 -97957 -94400 -82921 -90967 -85363 -98677 -100274 -87044 -92261 -86807 -95032 -95555 -82345 -87358 -76135 -95172 -99956 -83917 -89489 -94450 -70124 -72897 -92842 -87816 -84305 -103076 -83982 -84851 -86449 -83557 -91312 -88144 -79287 -104725 -78269 -89722 -80067 -89797 -81021 -98034 -92987 -83399 -81971 -75833 -82075 -81946 -93293 
97903 91500 87447 89956 82206 84953 95947 98551 95207 77850 89617 92870 89222 92723 94311 109434 96575 104523 99917 83241 85591 90500 89953 105957 78765 82038 87116 102619 91325 99784 82121 97907 89911 86516 96095 91416 99214 94602 84068 104900 86758 99839 97266 88176 91810 100632 106393 106357 105676 95404 98433 100573 111964 107158 102759 89679 98978 93429 108257 108455 95473 100928 94226 104726 106180 90415 94249 82411 105965 108618 92838 96943 102668 77531 79762 100874 97070 92469 112956 92535 92995 96856 92011 100599 95988 86722 111919 86338 96826 87472 98944 90500 105185 101496 91282 91456 83633 89453 90278 101694 
7129 7757
5729 5092
5121 5900
1988 2060
7940 7127
3302 2671
7584 7121
8392 8002
9377 8843
7524 8111
6568 6167
3131 2862
4049 4950
100 1007
3402 3764
2610 1704
6798 5979
2703 1907
1911 2466
3959 4824
4924 4184
9574 9412
7596 7943
10004 9261
8654 8597
3718 3509
2018 2147
8691 7946
1837 2097
9282 8327
4009 4635
7658 7501
7345 6870
8155 7359
4131 4205
8115 7582
4316 3570
4957 5453
34 652
3765 3321
4261 4054
6939 7531
9051 8428
2801 2442
10212 9590
74 578
13 407
2107 2872
8405 8234
1765 1380
3437 4286
6501 6796
2029 1646
2125 2109
2318 1718
8441 8799
7962 8936
2360 2532
1792 1500
618 1569
32 984
4544 3684
1979 2074
9019 8794
8109 8142
3145 3917
5734 5105
4536 5058
7480 7307
2807 3345
5061 5636
73 259
5814 4995
1722 2286
5335 5437
2211 1288
7088 7242
28 144
10253 9488
7968 7900
2671 3599
7000 7535
6458 7038
1302 2084
9003 9120
2863 2572
5040 5099
9233 9472
7347 7757
4223 3995
2613 2544
8166 8340
4551 4318
2723 3109
9021 8142
4141 4064
88 948
7490 7339
21 122
4933 4921
4260 3781
1428 2304
64 759
5349 5538
5735 5218
69 202
9614 9788
1645 1715
6502 6795
3369 3069
7530 7384
6954 7403
33 194
6562 7245
9127 9995
3059 3941
69 988
9331 9405
3073 3376
10242 9528
58 106
2257 2297
4685 5440
1810 1474
3689 4160
6344 6337
4847 5497
3314 3068
8704 8246
7584 7588
3335 2391
33 670
6151 6412
4416 3819
2571 1609
10213 9660
1769 2311
8602 8853
7792 7454
1482 2227
3923 4604
9322 8734
1398 1409
4869 4061
9490 9134
4114 4976
98 590
3978 3232
3915 4055
5518 5826
7269 8252
1879 2118
9306 9299
8217 7622
6631 6209
2248 1249
2993 2059
1984 1836
1912 2247
71 426
3242 4032
57 296
6078 5146
4049 4268
2690 2500
3185 4092
8590 9309
4280 3904
1538 2071
7694 7073
3041 2333
3718 4502
1226 1420
7906 7353
8237 8407
1947 2564
3363 3297
5268 5172
3178 3287
6995 6647
4446 4595
6927 6438
91 927
46 620
7984 7471
4238 3404
8186 7241
13 614
3315 2429
87 582
3186 2430
9393 9491
4555 3963
3987 4478
4444 4018
5125 5033
3706 3249
8116 7239
4924 5130
6827 6621
9149 8742
9862 9114
2142 1569
9085 8401
3230 3722
997 1324
2431 2666
25 794
3359 3746
5440 5754
946 1360
2391 2862
6728 6974
2076 1732
9505 9326
3643 3758
48 192
3898 3397
9837 9664
2928 2082
2986 3176
36 142
7265 6686
8240 8180
6704 7686
6449 6486
31 372
32 986
8256 7819
9555 9890
9209 9835
8799 8898
9152 9375
5253 4670
5087 4162
3565 3891
2773 3634
7277 7770
5849 6224
1474 1011
597 1482
5317 5666
1678 1655
6569 6627
4045 4415
8987 9236
9590 8785
9265 9385
94 406
8080 8879
6493 5877
3997 4931
212 1013
7829 7870
6059 5419
8658 8013
6073 7018
7909 7669
5025 5757
3612 2787
9458 8646
8224 9187
9402 9437
3868 4363
5740 6634
49 100
4024 4521
37 469
9465 8494
12 425
2479 2824
4228 4357
4845 4878
2312 3236
4224 4274
7136 7877
3436 3367
5444 4734
5090 5526
8489 7558
6477 5912
5622 5480
1210 1892
5015 6000
2407 3195
7711 7463
1638 1403
9277 9950
1837 1782
9481 8544
2602 2816
64 497
1940 2596
779 1361
70 452
1858 2070
7046 7390
6533 6464
1392 1660
2441 2516
8025 8647
2941 2567
7958 8052
7455 6662
8945 8284
4861 5055
8063 7077
5465 5917
7501 7425
47 331
49 140
5530 6307
7202 7738
87 1001
8428 8287
8688 7859
8207 8791
2050 1608
782 1036
6784 6398
9520 8888
1989 2228
7661 7722
7838 7196
70 136
7099 7650
6427 5710
4137 3575
9466 9551
1800 1280
3085 3875
8129 8396
4573 4420
3187 3188
2949 3821
6422 6175
25 516
4961 4063
4200 4734
9590 9876
9629 9738
7276 7806
6905 7515
9135 8916
3596 4408
6676 7274
5212 5149
10241 9418
4171 3337
6538 6500
5194 5885
2969 2485
1441 1905
3430 4386
3566 2631
3228 3036
1631 2419
4303 4282
51 529
69 576
6262 5403
5289 4994
4814 4680
2985 3593
88 559
9147 9143
2250 2577
5968 5230
5678 5329
2370 1955
6573 6361
1655 2055
4768 5567
9811 9280
10 142
4719 4164
7599 7474
8469 9104
3451 4161
65 385
3275 2548
4122 3334
3118 2542
6260 5490
8090 8066
5856 5316
7265 7183
9059 8432
8085 7286
4377 4467
3035 3488
4545 4448
4398 5277
7727 8659
2537 1538
50 400
73 799
3185 4023
3436 3556
2172 2015
41 849
8967 8811
97 788
5778 6533
66 715
20 156
5007 5499
95 581
3437 4378
850 1562
982 1478
3475 3587
7498 8197
3666 4500
1360 1084
2862 2519
1495 1965
9745 9206
24 114
5859 6284
9711 9303
3784 4180
4427 3514
6954 6945
100 523
42 56
7985 8446
7451 7176
1925 1681
6977 7286
1520 2425
2304 1981
4169 4301
241 1225
9015 8471
10425 9559
5941 5905
6590 7002
6046 6544
6734 7073
9207 8363
8966 8445
6436 7026
98 794
7595 7689
3470 3115
98 74
1204 1482
21 458
4887 4492
3669 3764
4073 3646
8638 8644
6072 6415
8622 8564
3587 4349
4611 5318
3718 4405
6772 6157
34 845
10663 9751
8028 8516
2543 3366
91 122
7729 7660
66 714
6019 6973
3299 3426
3675 4644
6496 7255
4560 5348
5057 5790
4715 4727
9230 9468
4858 4408
1704 2618
1323 1642
2827 2430
7405 6505
7379 8296
6325 6678
36 605
10611 9939
6642 7192
1099 1250
9051 8153
10275 9312
5845 5693
1700 2305
5659 5779
5063 4948
3465 2887
2333 1752
3483 4358
4606 4217
3964 3727
9506 9940
2142 3056
5802 5079
3930 3332
9482 9594
4577 5069
2527 3501
5046 4229
3295 2880
8281 9028
1515 1818
70 471
91 368
6614 7018
6324 6436
4087 3211
7358 8163
3004 3524
2945 3945
2793 3189
3702 3454
5211 5729
6498 6433
3123 4107
2675 2519
5820 5489
2382 1672
3900 3557
4387 4217
8741 9340
9917 9913
2931 2029
7465 7576
6550 5782
5396 4477
6323 6837
9587 8845
6790 6677
7758 6939
84 836
58 611
1312 1701
1962 2250
6945 7524
3691 3950
6138 5734
8090 9044
9972 9278
5789 6288
4533 4865
6967 7472
8453 8370
4433 4705
764 1734
82 658
1611 1995
3224 2450
10161 9304
9330 9557
1593 1261
2857 3256
1387 1698
6469 5646
9059 8336
1178 1710
8652 9183
7358 7370
9929 9365
23 649
6524 6463
2899 3293
4576 4843
5046 4309
6852 7005
5686 5685
16 219
7290 8058
7137 7006
3123 2286
6664 7299
8074 8460
2135 2527
5923 4928
3428 4421
7915 7701
5119 5535
2604 3364
6741 6552
6381 5495
4604 5067
925 1318
3812 3566
1205 1561
2439 2468
45 814
6137 7130
4981 4040
5249 4831
6751 7691
4445 4214
1611 1907
4453 4663
3327 3591
4412 4834
8436 8082
4452 3779
9061 9080
5003 5864
4773 4389
2977 3094
1225 1326
1789 1366
1959 1014
3848 3510
3907 3988
5648 6405
1199 1525
8566 9235
5181 5109
8832 8558
6353 6670
6658 7351
2966 2284
3756 3146
5241 4717
1866 2281
4055 4192
5803 6741
3587 3869
1952 1434
3972 4756
7829 7359
10107 9777
36 1010
9336 9834
5979 6742
8036 7885
10059 9344
6693 7024
9438 9297
2182 2279
4374 4988
6364 7028
463 1346
8504 9131
7533 8382
8629 8169
7386 7436
2633 2064
50 775
5322 6124
83 503
51 916
4179 3555
1132 1504
8450 9080
9509 8836
951 1674
7752 7821
32 667
10844 9960
7170 7797
5486 5134
3796 4318
1839 1820
3375 4331
5431 6088
7879 7827
5726 5554
8423 8670
5130 4409
65 472
2058 1096
5564 6127
1813 2500
4949 5545
84 550
3019 2748
6363 5638
8804 9000
6596 5614
4365 4074
71 239
1008 1405
4466 3784
2446 2245
3316 4133
6890 5898
9759 9303
8638 8822
99 706
6366 7177
8010 7185
4985 4989
4338 5229
6420 6946
1565 2342
5942 6681
473 1134
3122 2200
3803 3371
10065 9913
1772 2664
9018 9802
1747 1837
8226 8808
331 1115
1827 2772
800 1771
4403 3536
7498 8431
7913 8499
7069 6469
3185 3105
2308 2451
6861 7498
6277 6886
4137 3792
8158 9156
96 722
10334 9807
3850 4591
8345 8128
1821 2677
5985 5076
9085 9810
2460 1501
48 852
580 1511
5164 4558
7990 7625
10218 9768
2387 1777
8777 9485
9240 8532
6544 5889
7528 8013
7633 8128
4520 4702
2441 2052
10078 9827
6776 7557
5692 5812
5669 6236
10666 9797
6055 5798
65 876
3337 3560
6196 6188
7353 6520
10390 9750
1576 1645
39 383
6099 5240
8930 8346
8379 8170
2157 2438
9646 9734
2479 1994
3890 4820
5196 4279
8434 8518
8917 9512
4527 5385
4872 3930
4834 4582
8537 7650
2789 1871
9749 8869
2115 1871
8576 8733
7293 7924
9069 8139
6093 5440
4246 4879
10187 9794
21 721
9501 9388
2926 2814
8496 7552
3889 4042
3543 3533
6467 7449
8590 8418
2238 2739
7550 7740
8154 8973
2595 3586
92 264
858 1758
7424 6900
5929 5723
8000 7298
6724 7090
8960 9351
4376 4910
5820 6193
2807 2613
3728 2953
3669 3769
6369 5577
1861 2277
8498 8736
3389 2662
8685 9641
3860 2864
6549 5574
2302 2180
9370 8821
2030 1938
5258 5436
7143 6556
7389 7596
1906 2612
3707 4316
4536 4059
9291 8901
7818 6855
6977 6311
10021 9715
8084 8323
3793 3709
8056 8373
4632 5368
6135 6903
7593 7183
3814 4354
8503 8921
100 774
3175 3994
2720 3606
8833 9760
2137 2553
5774 6099
7525 6551
6217 6899
5415 5349
1775 2570
7410 7410
8008 8316
2806 2009
9112 8350
8798 8238
8649 8241
8218 7669
4956 4067
3402 3929
3297 4136
5500 5155
6244 6020
5187 5350
4651 5357
5864 6615
4951 5943
5152 4350
86 930
4629 4725
927 1401
2154 1839
5657 4740
3870 3211
10038 9605
4226 3629
9159 9906
8813 8325
2852 2279
5295 5235
7564 7742
1551 1941
2876 3787
728 1185
9077 8803
2452 2092
9626 9865
2415 2945
3035 2776
6368 6488
3900 3683
5075 5238
62 480
2335 1694
2887 3165
4495 4569
1340 1167
97 793
430 1407
6181 5519
8232 9075
23 686
3913 3430
7146 7144
8882 7995
6656 6574
2260 3237
5748 6050
960 1446
2904 3154
3796 2877
3520 4479
5780 6545
4869 4592
5983 5958
46 258
61 274
6030 5561
5480 4658
940 1910
71 352
81 593
9436 8484
28 231
59 548
2407 3128
3470 2835
3827 3699
6129 5847
7104 7167
6031 5849
6099 6043
3321 4098
2886 2217
4075 4488
4399 4346
6598 5777
4020 3112
8877 8392
9415 8460
9034 9794
424 1190
6985 7466
7033 6783
8015 7727
1552 1055
2264 2002
4424 4730
18 274
4432 5302
4819 4507
5342 5658
4004 4676
2930 2271
7406 8141
6519 5795
6837 7110
83 500
9651 9693
7320 6916
9367 9372
5175 5209
6617 7033
7975 8730
94 833
95 509
5321 6232
6541 7157
1580 1437
2296 2211
9305 9245
3721 3023
540 1415
3419 3764
5412 5374
1142 1699
7935 8197
1127 1796
8106 8354
7716 6829
9093 9042
1061 1206
8428 7623
5991 6603
9057 8679
6652 7314
4398 3589
1319 1798
3411 3925
9685 8973
7741 7745
8149 7591
3274 3353
7981 8010
2890 3811
6993 7030
85 143
3653 4385
44 190
8505 9107
1774 1845
6251 7116
3356 3898
8125 8605
8326 8181
2357 1554
4786 4894
2763 2835
9445 8821
8294 8081
3836 4032
7191 7792
40 679
3094 3571
9980 9730
3575 3779
6817 7456
8581 8235
94 958
2850 2217
906 1753
2900 2273
3132 2840
7431 6827
9636 9525
465 1263
6084 6083
5749 6210
6413 5563
6992 6779
3278 3371
7413 8283
25 865
4199 3696
6789 6766
8565 8998
22 587
1792 1716
92 472
1980 1941
2210 2130
9707 9416
2674 3442
8604 7906
1516 2157
5500 5660
8782 8414
4138 4943
6696 7230
5058 5069
4004 4898
4975 5956
6391 5601
6239 6284
2439 2672
1818 1606
6695 6386
9100 8793
8591 9201
2653 1892
9518 9888
8274 9194
3050 2264
2814 3230
25 355
1850 2193
5008 4161
2702 2153
8859 9250
4138 5019
5848 5768
8095 8035
100 1009
3241 3531
6372 6241
7174 6955
7867 7149
220 1074
7115 8102
2605 2437
9469 9394
9056 8291
4341 3811
4718 3749
39 351
3688 3034
1345 1593
6788 6708
3676 4026
5494 6373
5224 4549
8371 8947
6918 7203
9127 8624
6896 6384
3274 3650
5292 4523
5561 5012
7950 7793
9482 9847
4653 5630
6685 7318
4189 4063
2911 2782
2381 1931
8206 7938
7453 7607
97 986
69 811
9653 8826
4928 4888
8043 8836
67 753
2216 2290
2131 1578
3173 3407
6282 5354
2050 2317
8975 9320
2025 1529
1199 1189
9307 8806
2523 2123
30 929
8918 9379
93 702
3343 3097
9173 9309
8947 9094
37 383
5202 5824
3575 2592
51 1007
6890 7666
66 815
9586 8748
10288 9432
8579 8603
734 1684
14 342
6027 6850
24 629
54 651
6271 6607
9554 9877
5952 6949
21 472
7068 7883
1868 1852
10371 9869
2541 3508
5033 4511
6313 6555
91 932
2768 1862
7015 7839
9243 9354
3947 4578
4040 4608
6998 6910
77 226
5950 5780
10143 9614
1212 1477
6000 5149
1595 1263
1233 1741
4469 3883
9316 9643
3430 3267
3000 3004
4612 3869
4966 4266
3983 4532
3726 3887
9248 8487
7656 6923
22 17
5649 5260
9215 8966
4846 4257
4343 4943
3019 3903
8253 8713
4449 4624
6585 5663
5131 5476
5784 5585
8272 8348
5836 5793
6540 7317
9584 8654
9523 9036
8071 8031
6546 5993
5467 4762
24 333
8732 8706
18 181
4728 3820
4904 5047
60 969
3551 4138
2750 3578
66 927
3988 4739
8704 8329
8278 8499
1187 1798
8787 9161
4414 3818
812 1303
3642 4170
7603 7930
5674 5395
1831 2734
78 762
3031 3252
8653 8971
4799 4324
4089 4930
5229 4594
1345 1734
3459 4049
8408 8973
3410 3372
5956 5618
1367 1017
3199 2958
8713 9060
3963 4484
10093 9857
6105 6955
9393 8521
4943 5616
4665 4901
2506 2966
4056 3234
6117 5367
826 1611
7224 7467
7753 8481
5929 6538
1294 2197
8366 9108
8189 7714
2167 2913
8481 8107
4921 4566
3509 4019
2905 2718
334 1128
3185 3917
4506 4021
5494 5414
10288 9355
1743 1381
3327 4112
6269 5586
11 782
6469 6729
9742 9189
3471 4271
3304 4248
7421 8228
2005 2681
8192 7257
10062 9746
4383 4135
52 122
4999 4332
4224 4481
8799 8838
9937 9847
63 720
10288 9313
3519 2841
7751 8682
7687 8629
9428 9990
3976 3607
7089 7555
2078 1341
8258 8613
2027 2238
7581 7393
1884 2260
5836 6285
4635 3790
4874 4032
6529 6771
56 916
4404 3513
8529 7706
4259 3574
7139 7200
4862 4636
8689 9421
6815 6864
4462 4547
8954 8853
3172 2604
49 146
5417 5688
1679 2376
8503 7858
8947 9175
6837 6412
7477 7774
8987 8219
4813 5147
10755 9912
8176 8571
8115 8089
8080 8234
8883 9140
5253 4543
3181 3200
4269 5153
6113 5461
4591 5362
2040 2170
8957 8740
3029 2108
8994 9107
6215 6629
3162 3204
2201 2404
9988 9509
33 515
2483 2276
8720 9573
100 867
31 753
7187 7421
2938 3318
84 765
3996 4572
9100 8989
4046 3924
6760 6050
32 648
4351 3672
9590 9293
86 141
5586 5379
5715 6484
23 907
5911 5319
4092 3150
5207 4664
1029 1859
3019 2029
3590 4070
2151 2721
2679 1966
1301 1962
8364 8742
7548 7230
67 303
51 875
7520 7639
768 1734
5628 5181
5137 5382
97 472
6840 7460
8272 8846
932 1685
6485 6586
976 1885
7374 6763
47 190
322 1013
9311 9485
9387 9169
7667 8245
2799 3694
5921 5105
9405 9657
5882 5842
8955 8030
8435 9214
7460 8129
1916 2251
3639 4030
4516 5303
2289 3224
1752 2024
4204 3727
9558 9970
636 1353
1502 1061
864 1175
5884 5767
1635 1936
84 568
7520 6729
3099 2332
7795 8502
8239 7240
1237 1364
8679 9261
18 84
4996 5347
4641 4557
4897 5250
9757 9808
4980 5182
8832 8356
1842 1620
8041 8415
3460 3888
2650 2343
6401 7330
3156 3299
1714 2009
6875 7100
2022 1477
7984 8420
1327 1343
3727 3292
98 637
7164 7478
6815 7785
2793 3293
14 485
6853 6068
5301 6079
9869 9365
2923 3921
7889 8458
2412 2257
5464 5067
3326 4240
9191 8503
1201 1853
6398 5675
5080 4275
7813 7794
4768 5539
8745 9635
9761 9995
1710 2484
2626 2418
8904 9268
6261 5345
3336 4322
5372 6122
92 947
4917 4716
9388 8753
1860 1343
2434 2348
5389 6043
2742 3701
9386 9362
3707 3528
8034 8881
3863 2899
9197 9916
8146 7555
2845 3568
7643 8106
13 626
1828 1206
7493 7350
7114 6273
5290 6025
2387 3103
7061 7981
30 211
1430 2102
6575 7083
3509 4152
3518 3201
6892 6479
6439 6834
28 70
33 822
8304 9175
2800 3764
9255 8890
9166 9012
6661 6588
3725 4106
8618 9398
8061 8251
9006 8264
7943 6975
6228 5647
6621 7528
2803 3161
1542 1435
1402 1174
2807 2197
9582 9293
54 277
7767 7283
9232 8614
8104 7722
3882 3723
2346 1565
7620 7629
6642 7638
8533 9027
7844 7434
2699 2348
6394 7227
10254 9514
91 904
7340 7010
8733 8599
4849 5537
9709 9393
8208 7463
6371 5877
1353 1223
59 263
3805 3342
303 1231
8298 8250
81 720
2489 3165
4385 4230
47 970
8583 7983
1558 1639
9202 9686
57 137
6512 6771
3191 2400
42 309
6391 6988
9829 9232
1366 1629
2919 3162
8610 9200
7717 6741
6249 5611
5931 6030
866 1727
10192 9444
6805 6111
3977 3022
10232 9582
7811 8284
2455 2572
9575 9310
10568 9819
5259 4408
7477 7054
2082 1451
912 1770
1094 1909
3183 3527
6519 6508
3469 3266
6592 6962
6418 5477
6589 5642
2076 2017
2521 1808
2003 1646
9778 9170
7866 8246
5914 4995
4943 4717
9228 9878
8681 8846
4705 5171
33 615
1915 2308
8849 9736
5087 4910
2776 3529
8798 9717
31 428
8582 9269
8624 9582
3689 3174
813 1529
9596 9819
50 387
5413 5216
6142 5846
8371 8819
5623 5839
4263 4263
9124 8666
1733 1618
5216 5584
3570 3068
3547 3767
3466 3959
9717 9822
5066 5612
5520 4727
8581 8222
4982 4040
6118 5740
6605 6566
2658 2271
23 176
2809 3145
1083 1161
5927 5825
5320 5922
1906 1118
3290 2301
3622 4224
7892 8293
7627 7510
2304 1366
8832 7870
6291 5546
2756 1967
384 1060
7443 8291
4210 3812
9840 9715
3021 2892
5818 5892
3258 2469
2388 3074
25 754
9619 9057
3454 3090
7930 7390
7705 8266
7811 8777
2323 2963
25 566
4247 5027
1629 2549
3281 3123
5786 5179
9940 9323
7626 7883
2990 2278
8118 8140
100 657
3615 2815
9291 9100
4801 4685
5984 5800
4401 4410
2591 2545
10035 9149
9622 9679
5116 5047
8071 8557
8574 9443
24 437
2729 2828
2280 1730
9211 9738
3747 3488
1712 1929
9963 9946
448 1177
2457 1950
6087 5542
2940 2467
6705 6923
3700 4286
22 572
3312 3386
5676 5494
6558 6980
8735 8435
633 1257
28 819
2445 3259
9304 9441
2440 1830
1811 1943
3752 3265
8835 9215
9448 9266
8380 9052
4356 4824
5318 5792
7048 7702
4898 4673
6429 6982
2980 2483
9068 9849
43 527
8511 9388
6970 7269
5866 5921
36 329
7103 6614
2384 2484
8285 8632
8026 7316
1543 1708
6695 6914
9678 9494
57 181
5321 6235
8052 8063
25 121
7971 7424
8470 9355
34 823
2333 1333
9762 9776
4192 4780
9198 9118
7065 7859
61 113
1636 1486
7008 7909
72 30
4242 4776
6816 7524
7131 7824
3935 3548
2159 2667
6368 5530
37 668
6112 5181
5165 5746
8321 8950
6338 5363
4288 4727
9585 9023
2162 1741
6753 7115
9822 9811
6283 6118
6078 5900
1781 1255
6073 5816
78 656
6125 6437
2823 2625
4733 5488
1416 2305
6785 6601
1913 2097
3925 4237
5305 5730
77 675
94 908
1351 1728
5349 4483
35 677
4448 3767
7288 7479
6242 5506
6876 7259
8339 9080
6917 7563
7241 6690
36 910
8805 7944
8522 9391
8987 8662
1444 1972
6631 7570
6809 6947
10133 9262
6327 6323
9218 9778
10480 9806
5245 4612
6792 6085
3565 2768
3547 2560
8921 8878
5790 6055
4855 4942
9160 8423
2604 3191
4396 3577
8062 8049
9001 9112
2776 1792
7888 7236
7761 8160
3832 4607
2641 3152
7803 7486
72 509
6238 6241
7945 7616
5202 4413
2390 1793
62 118
8322 8150
1438 1693
4533 4293
5028 5158
9473 8882
8518 8679
3990 3561
31 874
8379 8892
3731 4285
5416 5943
84 836
9992 9636
8416 8279
5353 5419
9555 9242
8956 9227
7740 7789
2296 1663
3471 3672
7359 8106
8504 9356
1731 2725
4558 4983
5106 6034
7786 7489
4676 4915
2855 2723
54 563
3684 3191
10282 9442
2841 2123
5719 6071
9479 9891
2168 2783
2157 2931
8512 7745
10419 9655
2477 2589
1744 2123
6181 6473
3147 2196
3308 3328
2216 1839
2777 3557
5403 5573
3946 3615
7258 7326
6550 6300
6460 6436
545 1294
3821 4107
8268 7819
5019 5564
9122 8815
5892 6299
2725 2471
3158 3585
10049 9247
5730 5564
7981 7194
9234 8959
1643 2238
8109 8110
8133 8767
8660 8842
3362 2664
5533 4742
33 523
1764 2751
8921 9260
7379 6950
2409 2523
7708 7320
2524 1690
2573 3565
8438 7739
3925 4734
22 388
30 70
4765 3795
7474 6796
5847 5977
6893 6766
5979 5773
6567 6923
9808 9840
76 470
10125 9618
2351 2328
38 155
2546 2618
699 1308
4830 5066
2770 2309
25 590
9785 9578
2679 2211
8234 7456
923 1354
2009 2996
9349 8516
6711 6385
7299 7878
7570 8471
8576 9340
3768 4560
66 944
1462 2033
5089 4687
2666 1708
3416 3605
5536 4542
24 766
54 363
8507 9101
9372 9542
6474 5985
6819 6694
92 819
5427 5034
6828 6334
1679 2525
3278 2414
3085 2360
9382 9868
3505 2579
7718 6813
1298 1585
96 577
2726 3220
5426 6269
8780 8522
5512 6483
5672 5047
6942 6374
8423 8498
5698 5548
4002 3506
4799 4544
2905 3269
9319 8526
5120 5065
25 843
50 477
6337 6333
2459 2068
1212 1253
7713 7485
8488 8742
5957 5985
2729 1755
52 983
7870 8258
4548 3601
6143 6463
9195 9974
4468 4704
43 396
4844 5240
8588 7829
2527 2931
6959 6943
2537 2737
7555 7030
4163 4385
4036 3274
7769 7618
9164 8399
4036 4632
9593 9498
4323 4924
3225 2933
3889 4254
6115 6803
7565 8097
5952 5767
1471 1385
6188 6517
6954 7637
6039 5894
1763 1834
4651 5424
1982 1627
2739 3348
97 909
3083 3886
10235 9299
2732 2675
1030 1545
3752 3268
3929 3457
2107 2275
6271 5759
5617 5206
7397 7766
53 695
9473 9925
4231 5205
1247 1456
7868 7363
6639 6104
28 1001
63 702
2615 2528
5101 5107
2296 1759
5562 6221
5449 5864
8213 9035
5333 4959
90 382
7270 7019
2880 1905
5447 5570
8791 8763
6075 5683
8670 8966
1646 1207
1204 2182
6275 7208
2222 1382
7490 8089
9320 9193
7600 6650
8301 8369
3561 3098
6957 7265
3467 4270
4778 3915
6242 6237
8045 7057
1778 1340
102 1093
46 585
1549 1505
6737 6144
6967 7085
3769 3658
3668 4365
8865 9855
32 439
2762 2351
3869 3857
502 1178
3268 2835
5126 5845
2420 3056
7914 8825
8358 7605
7465 7796
4389 4628
21 289
32 367
8112 7409
2231 2620
633 1435
9765 9061
9149 9320
3984 4972
1436 1698
3942 4323
6414 6918
2442 3170
33 392
4631 4325
8628 8454
8073 8001
4005 4703
4704 5063
2821 3189
5247 5769
8363 8353
67 760
4173 4944
8327 7449
99 355
9032 8817
5934 5312
2812 2013
6470 6320
4004 4749
6697 6948
3952 4053
2852 2388
3735 2876
4778 3876
6043 5282
8013 8729
8932 8308
30 452
10271 9643
4759 4482
5342 4672
2277 3082
6780 5904
10077 9661
8562 8729
3272 2458
7933 7169
2206 3132
5884 6036
4152 4941
4044 5044
5930 5171
3228 3817
47 783
95 816
22 501
50 607
1908 2771
4895 5541
5527 4593
4724 4156
1831 2601
8034 7661
4816 4292
5184 4200
57 169
74 192
4667 3728
8676 7832
3173 2730
8501 7583
8432 7993
4136 3705
4931 3936
7066 6987
2518 3490
4196 4257
4262 3628
67 48
3838 3494
9336 10000
5160 6101
4638 3819
9488 8620
3638 2667
6351 6123
64 52
8994 9551
2958 3454
7229 6936
78 749
66 100
9315 8460
3896 3370
5337 6138
4172 4390
2973 2225
2166 2745
8378 8226
2862 2297
706 1559
4656 4752
2441 2954
1652 1158
4604 4382
4003 4700
2809 2098
3891 4431
2137 1614
68 952
5783 5387
3914 4026
4254 4266
5033 5639
8106 7702
5718 5446
7300 7059
4699 3903
8163 8531
8878 8869
7248 6544
4248 5138
1343 1035
3827 3345
8299 8401
5218 5893
1021 2001
16 476
9339 8849
4778 5042
9427 9202
1223 2068
8896 9321
3816 3357
88 457
6832 7509
4864 4437
3186 2929
647 1431
58 157
9975 9057
10919 9951
3064 2191
7167 7258
4140 4149
3478 4360
2327 3088
5294 6037
6078 5140
3146 3922
5619 5686
1926 1949
1739 2198
2409 3319
5483 6007
4299 4174
5276 4647
68 291
6085 5602
4555 3926
9223 9642
1468 1738
5202 4943
5391 5642
5587 5356
1569 1564
2294 3251
4834 4089
92 894
62 911
3634 2798
4689 3767
51 776
3283 3872
7629 8233
9183 8414
4003 3222
9008 8134
7537 7332
5419 5854
7347 8269
4341 3426
1365 1031
490 1379
8696 8427
5783 5321
2783 3647
7427 7747
2830 3606
7079 6628
9656 8845
8275 8724
83 708
70 718
2766 3509
4391 4514
7155 6343
9304 8725
6146 6456
7766 8231
25 468
1575 2335
8882 9554
2483 2575
9982 9794
4302 3360
7640 8014
3795 3422
9882 8928
7232 8187
9733 9124
8561 7661
8785 8073
3727 2742
4483 4990
1893 2702
6537 6129
2243 2744
6581 7115
8066 8337
2334 1385
10025 9379
5581 5520
5098 5101
1997 1926
8609 7648
7003 6087
6216 5700
2369 2419
457 1164
7532 8471
3606 3454
3265 2763
67 869
5432 6120
2067 1128
1066 1684
1661 2317
6950 6453
7576 8036
3086 2947
9294 9272
5840 4872
3972 3735
4763 5638
4608 3637
3636 4599
93 223
1454 2027
8627 9123
51 782
8732 8433
7945 6947
4379 4490
6054 5847
55 311
4940 5867
4230 4143
5497 4654
6302 6581
3859 4501
64 606
8369 7794
1281 1787
68 73
7264 7473
5417 5949
10230 9478
3770 3014
5347 4370
1383 2047
36 596
2448 2972
3582 2583
80 147
2867 3197
3881 3169
7668 8209
5750 5164
3038 2199
3147 3761
6311 6524
5429 6409
8828 9145
7967 7199
4850 5299
7015 7952
5088 4814
8604 8692
7891 7669
4178 4706
2533 3387
7493 8367
5244 5204
6329 6875
9786 9765
8273 8634
8993 9783
6841 6249
8132 8991
8021 8914
4565 3901
8999 8474
1530 2085
4437 5315
49 289
6410 6034
45 552
6570 5953
4665 4733
4678 4316
6320 6386
7451 8374
3179 3126
1821 1860
53 472
3997 3462
48 93
6080 6807
2340 2866
6173 5781
6956 7736
64 43
5688 6308
2089 1578
8656 8518
7624 6804
25 480
2225 2982
6536 7132
4637 3946
87 163
21 451
4177 4073
4498 3678
6618 6836
7903 8415
3044 2796
2522 2420
4246 5083
8800 7898
3682 3407
8787 8442
4473 4979
5308 6008
4035 3085
6595 5683
56 494
8642 8478
1370 1198
3759 3127
7237 8043
1382 1501
2731 1854
8617 9458
1106 1441
2865 2077
4852 4882
5693 6242
3490 4184
7185 7809
3663 3027
345 1212
6075 6713
8002 8940
1408 1928
3229 2566
3368 3818
4691 4794
2905 2301
2643 2588
3973 4580
3586 3269
930 1431
6114 6457
1048 1432
5227 5114
5810 4880
3505 3312
11 29
2970 2010
8756 9493
5308 5718
9058 9521
8691 8602
7402 6471
8185 8303
9357 9463
7881 7098
3178 3102
2231 2151
5997 6455
79 679
58 299
3296 3776
6392 6396
9772 9137
1220 1060
7157 6638
5496 5601
41 171
5246 5349
59 600
9883 9588
6575 7179
4243 3900
6547 7199
4901 4847
7891 8091
3811 3454
100 590
8992 8878
5026 4955
4423 4499
5185 5217
2495 2030
7932 8546
4220 4132
6223 6721
86 133
9960 9835
2735 2446
6944 7885
7809 7036
7182 6228
5527 5069
834 1276
8436 8461
3223 2972
1171 1530
4136 4971
6460 6281
3531 3745
5251 5405
962 1162
2277 2112
299 1120
9290 8968
8226 8757
2160 2934
9047 9968
5371 5938
7303 6413
51 238
8436 9307
1544 1671
2242 3198
3512 4509
9097 9124
79 724
6369 6512
7066 8014
44 992
1051 1266
66 162
6123 5685
93 178
2156 1325
51 301
2259 2774
37 731
6564 6131
4670 3772
1847 1831
7996 8953
8726 8720
7282 6986
6741 5892
6631 6430
1852 1371
7567 7010
4572 3929
8495 8880
4816 5553
90 456
9075 8713
6682 6102
974 1876
9508 8711
6937 6576
4500 3986
51 997
13 491
6361 6718
8093 8446
1175 1305
92 929
1101 1695
8835 8933
7175 6755
8565 8887
8445 9191
67 765
6416 7146
6214 6483
1893 1309
3886 3611
6085 6157
86 152
6032 6902
4472 4229
24 676
1788 1501
2772 2771
3983 4821
28 38
4612 4351
6317 6305
31 106
10240 9489
9955 9520
6633 5719
7492 8229
7922 7529
2214 1808
29 44
6356 7028
10621 9840
79 275
8440 9404
5411 6062
3561 3838
4318 4951
7532 6845
9526 8610
6387 6061
8672 8875
35 779
98 534
5190 5602
5512 5016
3887 4658
2469 2113
8521 8685
2623 2501
1975 1674
5222 4947
7563 6689
2857 3105
7330 8009
4877 3919
7244 6651
2429 2240
9182 8485
6616 6842
6963 7739
7385 7760
8788 8478
4710 5707
5236 4272
5901 5891
2685 3477
1179 1749
3928 3371
10364 9785
5745 5067
7730 6748
1039 1397
1599 1490
2236 1892
7465 7287
5433 5398
6223 6003
821 1268
6176 7145
74 899
5503 5878
4300 3594
9122 9274
3025 3304
8118 8374
2009 2953
5201 5912
4454 5123
7487 7020
8676 8593
5186 4916
6650 6300
1954 1243
9729 9669
1594 1380
2715 3211
9459 9487
3447 2786
2765 3685
2801 3345
4558 4074
4346 3356
94 467
7355 7220
4608 4338
3337 2670
10225 9796
7790 7743
5080 5736
987 1971
608 1051
8672 8343
4526 5138
5395 5417
7229 7687
4099 4556
5233 4847
2145 2465
3850 4123
7936 6992
44 653
6684 5752
5866 5549
4279 4518
9744 9687
10069 9303
8708 7761
16 201
4624 5354
10127 9661
6112 5932
4605 5362
1997 1732
9203 9647
7468 7879
2073 2644
988 1363
9918 8946
6519 6749
7903 7154
4255 5006
14 73
8254 9071
10082 9148
5155 6128
1872 1442
268 1063
1774 1157
66 46
52 896
7728 8317
3365 3841
58 127
2221 3127
3344 3138
8616 7942
2695 3544
6158 5527
50 223
4734 4897
8876 8341
6428 6450
3550 3037
6736 7530
8756 8992
1144 1916
7841 6871
4059 3785
9641 9741
54 526
6715 7059
5749 6150
3933 4635
9658 9213
8014 8254
2091 2518
4014 3647
4226 4132
1261 1462
2594 2876
8526 7802
2414 2106
56 440
48 382
3516 4492
2853 3088
2809 1869
6473 6793
8446 7482
1274 1633
8364 7894
504 1219
9754 9872
89 139
4140 4976
4150 4668
2168 1737
4181 4200
1194 2071
7715 7513
8901 9826
5524 4734
5489 6430
3957 3080
4594 4175
5542 5233
3035 3911
4204 4259
9730 8742
8181 7759
3469 3789
5638 5828
7420 6664
5832 5159
40 750
7660 7352
8023 8641
1435 1986
3143 3068
1667 1306
2564 2832
9606 9048
85 737
4992 5202
2184 1947
1855 2427
9660 9740
3579 3532
7056 7116
18 579
5564 6425
9415 9235
6494 5629
83 230
8480 7895
4426 4275
5797 6377
4682 4498
3253 2813
2754 2544
4284 4178
5223 6180
13 643
4574 4014
7938 7327
6539 5865
98 835
8928 8726
2317 1996
4585 4119
3766 3619
4378 3391
9678 9591
9066 9181
3945 3507
6748 6208
61 445
7999 7463
9666 9340
9056 8138
3914 3656
1594 1458
8850 8886
5104 5996
8988 9550
9358 8624
8826 9283
66 678
2966 2774
21 355
4675 5465
1215 1540
5553 6289
2294 2240
5486 5665
6502 7303
2904 2021
2938 3521
5002 5682
5692 5972
5024 5239
1966 1422
7373 6798
8379 7784
8670 8635
1986 2547
2656 2092
10539 9840
8710 9000
2514 2573
9226 9048
1693 1301
8295 7543
6016 5994
19 390
8914 8214
3126 3412
76 879
9151 8617
1821 1977
3971 3063
8999 9835
4654 3715
8102 8149
8293 7318
4782 4584
7600 7245
2212 1317
6023 6467
5293 5695
9421 9644
13 885
19 843
1381 1712
3116 2389
5033 5658
4141 3873
9012 9816
7424 7808
4520 4474
1819 1375
5290 6231
1230 1335
8514 7553
4107 4321
2760 2217
8116 8300
2413 1769
4268 4488
903 1619
8169 7906
2094 2571
1617 1215
87 1009
9364 9193
6438 6048
6009 6799
4109 4553
3192 3138
3761 4317
2022 2218
1903 2893
2787 3601
7334 7413
4103 4321
3036 3221
1225 1846
7543 6694
2929 2573
4492 4117
5942 6649
8413 8194
35 166
10567 9928
5965 5922
7692 7329
7987 7440
5867 5994
2545 3471
9242 9418
19 812
2219 1326
2303 3125
959 1497
8100 7584
8797 8785
6398 5584
76 146
1669 1862
1556 1137
9384 9596
48 336
3972 4531
6511 6345
2406 1815
8853 8168
4056 4873
1412 1541
3675 4335
8536 8546
9129 9792
5149 4896
6165 6119
5890 6155
5078 4452
3003 4003
8331 7567
2499 1837
9587 8896
8642 9199
2868 2251
9466 9723
1889 1972
7811 7526
6991 6313
12 732
4894 5555
6222 6744
5225 4359
3110 3171
2421 2479
7134 6259
2603 3294
9657 9341
2251 2293
78 194
7740 8092
9849 8850
7566 8128
2398 2434
5701 6138
3677 4193
5925 5165
4612 4830
3094 2473
3248 3806
1115 2043
96 514
4624 5591
3442 3509
6857 6944
8139 8734
2249 2898
3702 4182
5353 5336
2711 3696
6479 6080
2430 3320
1275 1395
460 1256
2831 2075
1695 2491
2046 2025
4891 4734
4928 4980
4465 3499
6773 6310
6074 5385
2211 2250
85 595
65 897
58 695
37 818
4065 4287
5104 5886
1093 2004
2631 3237
8689 8253
5837 6203
6150 6297
5029 5679
3451 4246
4376 4199
1759 2721
4243 4080
9665 9093
58 366
4109 4314
5629 5923
9395 9066
2370 1936
6501 6835
7554 8387
4386 4371
6526 6555
2975 2059
2792 2230
6775 7029
98 769
7649 7293
1824 2580
886 1563
4876 4948
7459 7770
2701 3169
8081 8214
1319 2069
5086 5507
4179 3191
7946 8602
31 985
65 470
4341 4269
8055 8547
87 458
78 997
1826 1430
9202 9513
3357 2702
5212 4674
5617 4847
32 711
518 1466
9212 8857
8329 7490
6897 7573
5317 5167
7615 8233
2008 1984
5383 5427
51 464
5891 5396
1022 1052
3225 3252
6656 6005
8510 7955
8143 7370
100 148
10 459
1944 1149
7685 7171
4699 5011
792 1260
8518 9272
4836 4352
9421 9579
3896 3111
2296 1502
5645 5853
3014 2426
84 135
6112 5391
7064 7740
5862 5350
6067 6670
6233 6591
8728 8478
8428 8325
5618 6459
5689 5974
9186 8224
4796 5434
4729 4649
9088 8680
8145 8133
6482 5655
5670 6037
23 578
9459 9563
1060 1630
1171 1338
7081 7693
6042 6570
1362 2323
7569 8076
1450 1699
86 987
3061 3468
39 151
3629 2911
9634 9203
7598 6959
1826 1412
9371 8665
2072 2596
3851 4738
5953 5062
9546 8739
5837 6421
7473 6585
460 1197
82 480
95 246
2007 2789
5115 5735
3074 3317
4205 3300
8677 8555
55 680
4569 3983
2216 3112
9187 9818
4588 3726
5170 5404
8888 8115
6738 7282
2925 3381
8796 8434
9212 8958
7186 6600
9415 9317
5793 6520
60 203
9385 9459
3001 3315
50 561
2255 2412
4752 3892
14 54
8164 9160
65 638
2690 2019
7853 7779
3928 3185
4593 4410
9749 9650
8500 8339
4683 5023
8112 7174
1783 2074
3792 3952
55 309
8758 8973
5606 6283
3249 3307
7223 8125
6475 7420
4968 4878
8031 8181
8272 8298
6252 5365
76 401
8067 7452
9448 9957
8999 9939
3275 2555
3619 4058
5967 5637
5207 6092
7866 7544
2473 1570
7732 7367
10065 9066
6972 7269
9496 8506
8166 9128
4644 4912
5936 5498
2227 1432
1899 1295
1440 1930
5837 4866
2528 3500
8323 7501
7016 7741
5579 6393
3237 3641
1158 1250
4344 3411
2150 2589
7660 7080
2696 2784
2096 2609
5026 5787
4660 4015
3842 3939
6220 6216
2065 1355
4752 5344
8059 7904
5084 4571
2656 2222
4924 4634
35 257
27 134
2096 2182
8176 7847
5386 4613
8554 9118
6645 6674
6328 6433
7749 8160
2766 3089
5278 6108
8273 7857
928 1800
1717 1586
6282 5668
1440 2140
4385 3425
8582 8576
8702 8974
31 866
4670 3698
53 258
3986 4255
1290 1262
1388 1363
4838 4938
5100 4133
1388 1729
4780 4088
5096 4571
4114 3746
3587 3645
1774 1251
6908 7312
7925 8256
8019 7640
1052 1709
41 224
2917 3086
1063 1336
7227 7662
2642 2334
2469 2457
2022 2867
2059 2997
9335 9127
1206 1231
4666 4065
3318 3212
9456 9387
6084 5431
7240 8099
3172 4054
5813 5414
8176 8034
4968 5520
8684 7877
21 199
6681 6092
5738 5883
4876 5249
8459 8832
3655 3959
2407 2359
2704 2583
379 1162
1904 2544
6741 7116
3679 3820
3280 2419
62 614
2409 2635
8761 8123
7957 7450
4765 3958
6065 5068
1455 2061
4473 3626
2832 2102
7117 6389
5314 5208
6414 7214
9535 8768
5061 4758
8744 8728
4900 5810
5329 6138
8478 7893
1254 1974
4723 4944
9560 8825
2720 3662
3787 4171
5271 5362
6045 5882
3164 2967
7662 7791
1215 1650
4114 4822
3341 2866
87 185
8811 7859
6555 6150
9730 9466
4689 4915
2956 3761
4473 4453
66 911
934 1687
1723 2531
2939 3069
3826 4330
66 193
9541 9412
3534 2979
4425 3641
5344 4356
6531 7347
7431 6596
7563 8044
7719 7272
2951 2149
10188 9630
94 735
8780 7921
7602 7942
4198 3459
3501 2625
2974 2188
8306 7324
5311 5747
4426 4962
5197 4397
6520 6313
2897 2740
4978 5714
72 170
99 561
4695 4722
8040 8977
4587 5246
1895 2747
3164 3198
12 276
8087 7554
1358 1496
3922 3577
7596 7633
4253 3896
2671 3327
3962 4059
9933 9440
4600 3648
4189 4395
8687 8136
1082 1177
3396 2975
2535 2254
2414 2400
11 24
8804 8852
6682 6986
8954 8350
1657 1085
2440 3399
1940 1812
3206 3042
7151 8041
5642 5654
7610 8339
9095 8442
5984 5038
5628 6055
5252 5145
72 238
8833 8278
3950 4286
1616 2429
3007 2898
4787 5467
2530 2455
872 1489
6236 5512
5785 5879
4211 3981
814 1762
2733 2244
8728 9153
1800 1533
3619 4030
3793 4420
8776 9387
3957 3646
4040 4282
32 879
4065 5055
4101 3208
2831 1923
3904 3354
6022 5305
4738 4571
9737 9309
6364 6420
8223 7908
2874 3638
6479 6865
2930 2767
7596 7160
9184 9580
7592 7704
691 1462
1039 1927
8178 8970
10352 9674
3360 3956
8740 8515
5375 5545
4612 5327
2898 3208
3830 4321
8650 8244
1436 2288
16 799
8767 7823
4025 3599
4032 4534
7871 7175
6462 6676
7337 6630
4156 4665
5862 5389
2116 2244
2284 3234
5031 5717
8123 7619
6505 5958
5054 4501
10053 9967
9834 9816
10347 9871
1236 1730
67 735
4937 4831
4989 5414
5316 5549
6657 6131
97 508
9727 9045
8136 8347
82 643
2205 1253
3759 3146
3075 2492
2604 2191
8336 8684
5938 5912
2061 1879
23 165
7918 7637
9743 9944
3686 4600
6443 6616
1343 1333
8020 8833
1592 1493
6914 6225
5787 6259
7290 7902
9363 8850
8754 9670
2069 2198
7111 7309
8594 9340
8700 9590
3171 3289
2328 1606
7257 7866
7330 6600
38 347
2947 2703
3564 3893
2726 1908
1012 1900
7849 8452
9875 9822
2487 1617
6418 5440
8097 8087
2534 3363
9421 8860
8983 8964
8171 8117
7205 6497
5313 5662
868 1859
8240 8000
5987 6830
2586 3243
67 653
4694 4583
3955 3339
1066 1568
895 1488
2820 3292
3141 2735
4002 4237
4876 4430
5918 5448
9546 9191
2025 2881
3432 3574
5668 6401
3177 4041
3146 3139
4024 3972
4886 5434
5642 4947
9278 9163
4580 3637
5914 6070
7291 6912
7473 8344
6849 7216
68 302
6591 5705
8181 7410
3503 4114
51 916
7661 8644
4267 4147
6607 7356
3303 3594
3539 2710
4211 3275
91 997
2601 2661
5881 6269
5582 5251
5196 4687
9756 8889
6175 6340
7128 7728
4210 4651
8858 8695
3273 2296
2646 2388
6117 6492
30 324
91 444
21 858
5540 5032
7959 8412
6697 6470
8732 8068
1432 2047
5668 6567
5199 4391
2506 3455
6969 6948
5873 5112
6484 6898
5829 5972
9816 8820
4934 5521
8247 8835
8964 8791
2186 1264
6805 6535
4099 3805
9566 8787
9163 9430
4699 4165
8944 8146
1265 1126
306 1302
15 579
8407 8283
1689 1036
4741 3748
9131 8502
4413 5022
7169 7670
8060 7555
3391 2836
2548 2902
4602 3924
46 913
4927 5757
3783 4412
6853 7010
4322 4753
790 1420
8551 8415
2156 2246
9347 8667
7953 7994
3822 4577
5136 5587
5929 6011
4689 4506
7118 6618
4562 4791
6458 6802
1978 2148
9032 8445
4108 4760
6767 7497
6254 5680
1546 1285
996 1314
7126 7310
7656 6842
3544 3208
6782 7080
8370 9167
8899 9634
1329 1519
4703 4976
7485 6954
8682 9519
6540 6759
7613 7940
1669 2082
3177 2993
52 377
4552 3739
23 858
4001 3126
4491 4646
8724 8548
4237 3292
8157 8522
4032 4787
3631 2763
7393 7806
3430 3902
76 867
57 776
46 469
2213 1279
7472 7993
61 786
3459 3701
8833 8915
26 763
9140 9552
8356 8259
2628 1743
918 1075
2649 2429
5518 4955
5802 5281
2084 2692
8708 7952
4497 3862
33 116
7320 7297
3777 3715
3201 4128
6273 5560
7375 7054
1011 1328
7479 7147
2497 3097
7970 8787
8804 8757
6603 6205
3574 4427
1302 1927
3614 3995
7512 8025
6863 7689
3682 3776
3292 3374
4784 4794
9607 8753
1237 1232
1145 1763
8489 7811
6112 7073
5262 5133
945 1673
10816 9991
1994 2907
8745 8649
5120 5009
4679 4849
6351 5362
6363 5915
1678 2016
3362 4146
7675 6860
5603 5818
7201 6592
7673 8550
5737 6055
686 1366
7936 7019
4589 5004
1255 2225
27 391
21 22
3998 4786
1975 1148
6658 7091
10248 9896
7138 6764
8471 8812
1651 2462
1491 2482
3854 4595
4144 4720
92 121
5854 5392
9175 8614
4528 3673
6022 5348
9500 9204
60 262
6554 6793
3541 2990
7895 6920
2069 1807
6424 7408
4694 5204
3832 3863
7285 8218
60 458
98 366
7650 7212
8509 7571
7276 6535
2494 3390
4421 3468
2266 2883
6006 6605
4015 3708
3275 4239
9719 9544
9483 9455
5938 4948
5553 6423
4835 4655
8946 8111
4214 3651
4771 3798
5422 6266
8510 8407
2122 2725
3613 2896
1885 2427
6790 7012
1221 1041
1056 1586
3301 3165
5308 4990
72 167
9295 8734
32 822
4748 4136
2084 1440
859 1222
2690 1827
4220 4089
1952 2306
4741 4504
7954 8404
742 1588
6613 6431
3336 4179
5389 5150
8677 7738
44 36
6128 6443
8982 9218
10024 9345
5913 6251
4724 4165
8283 7436
9715 9298
7257 7827
8816 8677
2887 2406
2989 2195
6963 7938
5901 6540
3204 3451
3627 3317
73 415
5618 4905
1306 2222
9878 9521
1830 2588
3532 2762
1130 1296
9112 9423
2995 2351
5883 6701
9102 9686
6963 7146
7136 6789
2700 2797
5486 5346
9001 8052
2995 2364
3858 3406
2872 3214
6192 7176
7658 6718
63 598
1187 2069
8623 8716
6125 6755
1115 1499
1569 2083
739 1362
7652 6832
66 169
3842 4129
3682 4008
9969 9092
6398 6993
3140 3531
3325 4162
4983 5509
5644 5392
2480 3142
2106 1545
119 1063
10593 9956
7351 6759
3539 3821
7036 6236
8711 8739
3109 3349
1577 1668
5404 5630
95 152
3210 2231
828 1218
7504 7845
6665 6542
2463 2668
5110 5957
8704 8233
4082 5035
3798 3670
1965 1226
23 527
1004 1210
3745 3151
1625 1015
9465 9659
10492 9755
3876 4425
6182 6881
2309 2179
5342 4860
695 1377
6824 6023
1998 2481
2276 1914
6516 7126
6835 6124
9306 8810
6209 7048
3154 3395
8734 9566
7243 6925
52 997
8111 8908
3423 3182
7403 7276
2636 1933
5067 4487
44 681
3863 3149
2416 2737
8756 8642
3975 3831
8726 8552
5648 6572
5446 4551
3047 3451
2647 2795
27 585
5631 4793
6347 5539
3090 2727
56 775
56 700
8760 8248
9095 8359
9506 9511
5307 4561
196 1108
1499 1643
6195 5658
1126 1251
2751 3605
3361 3980
2176 1362
2069 2598
8801 7928
8583 9140
1301 1733
7958 8826
6564 5955
5464 5497
8327 8746
5291 4685
9375 8949
8410 8146
7065 6941
9354 9206
53 90
8969 8573
2327 1588
8185 8632
3580 2825
8295 7446
7299 8106
10329 9372
50 559
7242 8158
8814 8536
2509 2812
7880 6887
6220 6697
81 801
5380 6121
8644 9265
9422 9631
2090 1483
1097 1991
5383 4938
9428 8703
4657 4971
3653 3249
10444 9549
10119 9255
52 85
5033 4557
4701 4572
4710 4508
79 723
66 198
9794 8857
3707 3078
9272 9275
7387 6700
25 22
8624 8938
7376 7663
8015 7103
3362 3064
4084 3563
4392 3560
6964 6460
6792 7297
3120 3144
881 1782
2722 3243
2719 2600
4171 3854
3779 3523
5949 5253
76 466
6553 6319
11 583
9969 9504
3550 2588
3267 2317
2283 2589
3587 4505
2047 2999
57 316
7141 7060
8493 9430
6692 7431
6700 7159
7553 7331
914 1384
6569 6404
9519 8865
8341 8975
35 153
5946 5439
10251 9426
6660 6750
9975 9496
3380 4104
3117 3007
8769 9293
1215 1589
6884 6167
8721 8043
5701 5104
361 1063
3661 2913
9531 9006
7004 7304
62 956
3405 3671
4235 3511
1211 1496
2203 2297
7705 8176
922 1567
10405 9895
5558 5653
4340 5214
2499 2014
3427 4161
9080 8968
8236 8896
3275 2541
8710 8292
8613 8524
6278 5490
53 998
90 117
5923 5129
5974 6812
10030 9413
3210 3589
9137 9100
7134 6958
2841 2487
3720 4318
7249 6847
7651 7116
1614 1586
6090 6788
8205 9096
5489 5026
63 707
8425 8657
2109 2069
1490 1440
8672 8942
6442 5857
34 592
7246 7141
7817 7800
7780 7561
10800 9969
1888 2878
3719 3859
3050 2186
4350 3705
2025 1848
23 871
2608 2919
7371 7376
7394 6716
9798 9517
9148 9043
3458 3443
5183 5686
1794 2414
8890 8403
8862 8702
6119 6313
8445 9109
37 159
9276 9552
6473 7237
4597 4503
8537 8134
5938 5300
1717 2355
3983 4696
4745 4616
7074 7165
7152 8055
5816 6477
6924 6311
5751 5539
2188 2267
3405 3462
9917 9491
2322 2278
4407 3550
4343 4136
9473 9751
7275 6541
5534 5096
3525 3827
7022 7415
3743 4520
7830 7134
2281 1953
6592 6973
7910 8739
6850 7519
28 424
5114 4359
7387 8369
1414 1752
2224 3141
8155 7709
5225 4275
7399 7343
19 541
1189 1256
10082 9407
4715 4847
2512 2628
5946 6910
2636 2515
6600 7214
54 471
685 1389
8604 8125
4126 3450
6858 7132
4253 5038
7375 8267
9961 9493
8675 8234
5121 6004
7396 7596
3593 3954
4977 5282
3188 3396
4722 4345
10239 9888
4853 4286
5578 5116
9264 9070
8986 8893
1700 2690
8585 8381
3386 2446
6436 6439
6487 5506
3205 3178
7608 8428
6293 6313
14 616
8864 8146
8505 8721
7082 7131
53 719
2131 2555
3212 3627
4997 5982
5210 6187
9346 9155
8541 9392
9246 9438
6854 6821
8705 7919
12 29
58 180
2040 1105
6817 6989
6978 6485
8548 8231
10527 9940
7532 8195
1750 1387
1443 1216
2729 3556
6348 6278
3236 2843
65 535
19 636
8352 7674
87 812
8356 8389
3537 2560
9365 8621
16 895
3855 3084
7621 8592
6256 5397
8787 8207
5425 5391
6026 5429
7057 6187
1761 1643
2166 1332
6797 6777
4888 4911
2587 2569
10084 9733
5630 5451
2959 2832
8689 9229
8232 8747
7044 6804
8258 7551
6485 6184
7013 6787
6391 5917
2051 2361
10743 9977
2179 2377
7168 7026
4561 5168
54 806
4201 5110
3543 4471
3523 2786
5516 5629
5941 5375
7098 7839
9566 9350
27 599
3823 3127
3528 2695
6455 5813
9361 8933
5239 4996
5586 5697
8551 8244
2175 2361
9830 9871
8221 8936
17 135
7815 7478
5164 4807
4563 4994
1571 1771
7223 6318
2174 1295
98 289
2090 1859
6111 6394
2858 3655
1341 1511
2365 2914
4127 5061
897 1677
3586 2634
3504 4084
8112 7693
39 509
6970 6632
3917 3747
3328 4026
9173 8614
9525 8747
8217 7776
3567 3599
1228 1295
4209 5094
7834 7898
8873 7875
279 1224
6570 6032
5774 5369
6091 5348
2000 1373
4021 3596
8821 7890
64 871
6454 5810
2232 1682
1844 2650
9516 9937
2839 3707
637 1399
29 871
4937 4973
679 1574
96 929
541 1540
2239 2162
3624 4196
7770 7963
2366 1723
7891 7237
100 357
2078 1116
4442 4888
5404 4972
72 442
3005 2493
8361 7928
2663 3263
6535 7329
7488 7967
403 1261
7311 8182
1829 2203
9137 9633
2768 2345
8286 8589
10221 9778
4118 3732
6580 6652
58 556
3202 2615
3232 2953
1705 2445
6492 7348
4129 4752
2929 3630
4226 5028
7047 7097
8618 8411
7357 7676
10260 9843
5393 4523
2341 2221
2912 2588
8524 8833
6236 7089
3780 4216
5733 5048
8131 9092
3169 2743
6182 5385
3041 2284
5823 5095
5947 5957
3776 3689
87 284
9464 8708
6709 6977
2867 3085
6837 7521
7668 8484
3924 4284
6492 6756
6781 6312
4484 5190
9038 9260
6173 6424
5469 5009
7175 7270
4920 4549
3514 3162
6113 5545
9965 9085
7842 7331
7292 6657
2767 2139
2555 2517
4330 4673
6682 6344
615 1539
5660 5974
4083 4816
4359 4956
7332 6901
4748 5450
4180 3711
2290 1469
67 444
3637 3242
4271 3911
9560 8841
2066 1102
7853 7816
6469 5580
5788 5009
7868 8537
6520 6725
76 376
1309 2044
61 956
6647 5825
6111 5287
2791 2602
20 129
7279 7810
9776 9963
1624 2023
1859 2624
2881 3425
649 1441
55 146
12 177
9886 9132
48 108
8152 8709
5541 5742
6741 7422
5175 6012
9419 8908
3974 4971
8438 8336
4205 4278
8979 9585
96 561
13 189
8788 8314
5327 5090
9093 9241
6561 6970
8674 8100
4201 4917
8362 8873
8114 9068
1102 1720
6745 6278
8715 7719
100 380
3104 3694
6675 6187
5986 5039
8565 8366
4212 4753
6282 6029
9130 8324
7781 7612
5213 4434
7609 7389
8671 7956
40 813
6948 6823
7080 7798
6186 5924
7399 8293
5381 6283
5917 5950
7894 8853
1142 1649
4339 3887
5601 6022
5772 5795
6837 6349
7165 7450
35 637
9405 9071
9043 9849
4314 5243
7216 7365
67 634
7348 6628
6883 6736
2369 2306
7256 7015
7957 8121
8439 7890
3639 3403
9372 9473
6137 6693
3192 3918
2979 2653
858 1432
83 345
1882 1206
8533 9448
5597 5383
5317 5362
4998 5794
4449 5233
7131 7235
3553 2612
10399 9577
8993 9590
3279 3512
3864 3176
4430 4864
240 1077
95 303
2499 3146
2156 1755
75 746
9868 9164
4006 4061
3378 3690
7659 7683
1385 2131
10445 9741
4082 3726
780 1445
16 89
3871 4508
2400 3054
6934 7585
5674 6160
42 586
4723 3728
6227 5996
10770 9841
8200 7868
10022 9861
9186 8331
5509 4951
1900 2030
23 252
5724 6469
4177 3179
4169 4839
4076 3609
6777 7062
49 825
5592 5557
6435 5714
1057 1373
6437 6371
3453 4318
4010 4601
3191 2240
6573 6319
46 799
6275 5970
7933 8038
9255 8375
3997 4292
6425 6979
3648 4145
9272 8751
8902 8641
5918 6359
7646 7444
2982 3150
8273 8957
6300 7127
3189 3834
2905 2847
8684 8411
45 161
6718 6829
10595 9782
8944 9562
9470 8779
67 738
7535 8131
4177 4186
5480 4920
978 1707
6319 5844
8722 7778
1512 1276
8390 8243
9030 9623
8345 8286
4678 4894
3826 3211
8117 8272
1540 2457
3316 4191
1730 1023
4643 4866
2172 2986
7087 8013
84 191
6235 7113
5833 6327
6625 7268
5129 5945
8868 9444
698 1571
2829 2057
9212 9488
1517 1391
5070 5800
5119 4707
5449 6435
7634 8146
4391 5255
2358 2847
7380 7951
38 264
6407 6943
8087 7519
3248 2642
3883 4494
8682 9563
4624 5586
8584 8895
9166 8867
3915 3970
3576 4027
8825 9358
8479 7803
7581 6823
5375 5089
7226 7565
7971 7733
8739 9302
1174 2045
5774 6148
9172 9118
2089 2369
8387 8576
3272 3671
6447 5627
2264 1523
36 82
9066 8422
3279 4243
2353 1358
87 898
2479 2900
2358 2613
3631 4224
12 448
6624 7202
4091 4861
5159 4616
9705 9627
6831 7124
96 177
4122 4589
5893 5996
5030 4069
9480 9192
9199 9894
1985 1425
5136 5227
6451 5593
4292 4683
20 123
39 341
5341 5254
46 849
2573 1725
2071 1225
10522 9659
6997 6191
1170 2076
8469 8349
4682 5655
6892 7271
9626 9743
6399 6055
35 651
10 710
4770 4215
8740 8010
6321 5544
5905 6245
7577 7398
8177 8545
1776 1219
9165 8305
7888 7184
6611 5645
7756 8056
3539 3556
6273 7039
3780 3891
8446 8074
2113 2539
5458 5145
2728 2804
5200 4400
7212 7421
2536 1713
3934 4542
2126 1971
7759 7495
3968 3408
3325 3580
5469 4637
6575 6218
2336 2933
45 629
2775 2613
5572 4747
2740 3260
9815 8863
7054 7610
8623 7714
9592 9843
9126 8846
9239 8717
1029 1868
7806 8280
40 980
7395 7163
1301 1388
5619 4694
3506 4243
7183 6231
6268 6267
7770 8764
97 168
9398 8880
9082 8536
3703 4558
8446 7490
7719 8696
2064 2937
1767 1277
5661 5788
2106 2239
8042 8778
6253 6223
1857 2736
6552 7036
10302 9770
4905 5442
9604 9074
6706 6614
57 393
9905 9054
6031 5470
5654 6343
7129 7907
2675 2301
84 261
4865 5541
4902 5058
6632 7017
7780 7304
98 87
5107 5174
9102 9142
6958 6006
1365 1334
2058 2460
9296 8392
8718 8878
3991 3610
3997 4361
3244 3365
1849 1310
4763 4546
1832 2373
3492 2911
3451 4050
8370 8157
3263 3513
4932 5351
6897 6310
8518 7832
1475 2451
5945 6794
968 1966
7770 7037
6512 5833
5419 5141
7810 7464
1960 2096
649 1632
1155 1152
6855 7403
7763 8392
9488 9349
7271 7514
7492 7988
8905 9148
7175 7491
5709 5070
6962 7415
2119 1838
1986 2244
6015 6453
9086 9261
69 737
5797 6095
9383 9649
6990 7911
7435 8206
5515 4608
7861 7833
9744 9876
6020 5524
3554 4033
2665 3270
2956 2562
5281 5178
98 407
2868 3815
5483 4784
3646 4454
68 441
3588 3476
6361 5560
6949 6839
1308 1489
2603 2830
8175 8926
7791 6972
8439 8738
34 975
8009 7421
3378 3203
6625 5814
1405 1577
5683 5297
40 473
9322 8512
3644 3308
1845 1100
7099 7055
50 255
4344 5278
6506 5592
4331 5143
2487 2886
57 189
63 839
6844 5925
21 398
7252 7005
1851 2399
7461 7785
7123 7693
8712 8621
8152 8401
5586 6014
5900 6554
4870 4249
3870 4520
8764 9251
4180 4465
5541 5240
5524 6245
3598 3564
25 613
86 864
9866 9474
2870 2637
9337 9548
87 301
9181 8615
8764 7854
78 344
10208 9889
2288 2446
6328 5830
55 371
3661 2847
3741 4230
5757 6350
79 228
8739 8809
2585 2980
10737 9911
9776 9785
9955 9445
5728 6670
10223 9412
3385 3863
7755 7329
5912 6334
7744 7142
8569 9201
7937 7180
4900 5462
2320 1382
87 228
65 742
5880 6191
43 623
813 1186
2426 1730
8974 9408
3389 2926
3226 4169
10425 9667
6246 5626
79 1007
4991 5342
7215 6305
7745 7273
6246 5404
8530 8167
5230 4594
6038 6865
3181 3366
2666 2076
97 149
2025 1166
1922 1300
1320 1331
8846 8165
8574 9114
13 66
1516 1106
7787 6803
2815 2731
98 662
25 860
6640 7203
8418 7899
30 175
7578 7687
3396 4155
2881 3008
6423 5543
5923 6528
5555 4686
1290 2002
8741 7805
5292 4588
6339 6059
4752 5143
6947 7162
9406 9992
2680 3005
5952 5852
8477 8881
5313 5900
6264 7081
2549 3162
5406 4879
2296 2836
5770 6289
9283 9205
3719 3361
5276 5672
2437 2561
4117 3978
6917 6417
2132 3025
7431 7886
3334 2681
4251 4864
5572 4589
6020 6520
3344 4279
4152 3700
4350 4909
6672 6129
8331 7724
4346 5241
3233 2770
8801 9723
2550 3262
1846 2518
6470 7277
93 701
9510 9211
4583 4508
8342 9217
6095 6779
2500 2785
3577 4030
4867 5716
5688 6614
10089 9796
939 1852
10061 9389
8790 8709
821 1565
6095 5326
9048 9981
5831 5782
8365 7993
4322 3450
4600 3731
9674 9613
5378 4535
28 239
2693 3305
2736 3735
127 1102
6748 7671
2916 3356
3486 3008
8141 8822
7992 7894
8773 8358
34 190
5315 4954
4306 4110
5432 5838
2120 1954
5871 5807
18 401
5014 5609
9264 9470
4084 3220
3881 2884
6597 5649
3618 3237
6229 6350
10482 9611
8631 8982
3436 3182
5852 5189
8774 9512
8370 8329
4094 4308
9911 8990
2069 1161
5854 6840
1792 1611
7199 7531
5475 5453
37 133
4016 3082
43 573
8709 9097
2910 2576
9996 9828
674 1639
7981 8526
5612 5927
4617 5151
8066 7774
3659 3573
9213 9214
4572 4748
8150 8493
8557 8790
4497 4694
3079 2974
4399 5160
5334 5275
7802 8728
3834 2957
2818 3325
2995 2134
4503 3692
2376 1737
3696 3199
5654 6635
7914 8854
3738 4307
6982 6886
7293 7157
876 1143
4670 4768
20 160
18 217
4250 3605
2775 3579
8292 8612
8696 8835
938 1044
7236 6834
4116 3643
7275 6434
7433 7823
9546 8799
8095 8478
2942 3674
7303 7772
6145 5624
3552 4255
10582 9947
1169 1878
3847 4001
1649 1787
90 799
6578 6824
8942 9931
9141 9701
9474 9781
4679 4787
2302 2396
27 514
2816 3327
21 870
8964 8895
8781 7935
4049 3696
5874 5824
2793 2757
5144 4378
2301 3279
8276 7421
5187 5973
6880 7800
644 1353
84 449
3002 3176
7364 7503
10113 9609
5708 6625
1901 1840
7068 7540
7059 6546
4886 4405
1041 1268
4256 5014
6914 6141
6255 6849
8733 7876
64 799
81 666
6140 5549
3189 3787
9437 8955
4188 5075
8096 8767
4392 4809
1605 1093
4792 3943
3208 2503
4113 4099
5178 5573
2812 1939
3739 2806
17 804
1619 2371
6238 5677
2964 2631
8966 9678
5474 5161
60 348
1748 1689
8161 7466
1860 1636
8258 7520
605 1438
3556 4393
10238 9960
2786 2552
7598 6698
8918 9479
5544 6313
597 1170
9103 9383
7216 7124
18 450
5931 5979
5292 6039
828 1736
91 319
8029 7515
4116 3401
6814 6519
10494 9922
2436 1746
749 1131
99 956
68 739
1259 1920
6355 6647
4150 3864
3117 3983
4434 5300
16 76
8516 8985
2081 2834
2919 3769
4731 4660
6927 6048
5470 6371
25 862
2161 3129
56 933
2525 1793
4035 4837
9375 8933
8438 9301
44 592
8604 9442
9658 9609
9030 8642
3652 2795
704 1362
4738 4899
7948 8656
7649 8179
5535 5873
8436 8386
6124 5412
8690 8493
9181 9162
10908 9981
3603 4297
3915 4757
4364 3874
5488 5045
48 931
9811 9456
4724 5713
2742 2427
14 419
8044 8294
9870 9350
2439 3277
9664 9119
7543 8489
95 325
67 362
5863 6161
7014 6296
4216 3938
6870 7241
6522 6507
9461 9947
5091 5069
5336 4615
8819 8828
9764 9872
8378 9192
5061 5028
9934 9856
2554 2665
7013 6249
8129 8819
7849 8580
3619 4219
10172 9679
20 410
2979 3161
5057 4251
7954 8590
29 163
5185 5547
4130 4695
2982 3393
5735 5635
4704 4600
4206 4016
4829 5090
4639 5347
6057 7035
6962 7767
5788 6058
4671 4870
6498 5624
3928 3082
3866 4669
3348 3901
44 550
8691 8961
7051 6662
10170 9665
6895 7302
8090 7652
74 333
4542 4243
2649 1836
9158 8995
5553 5931
6893 6064
3715 3651
6396 5706
6195 5481
8752 7844
806 1723
50 379
8865 8474
4724 3952
1972 1824
6323 6474
9008 8927
9150 9962
75 959
3881 4226
7168 7948
8128 7208
2105 1681
3982 4699
2817 2288
22 547
7792 7960
8661 8396
3580 3228
63 467
1928 1668
3922 4797
7660 8380
7586 6949
3497 3479
3381 3468
5962 5827
3476 2771
86 837
2908 1941
8140 7718
5295 5329
8592 9461
8552 8747
50 267
44 645
6213 7124
9250 8487
7412 7733
6628 7249
10503 9691
9571 8957
3576 3764
19 485
8499 8371
1500 1835
2696 2017
3205 2952
55 204
8360 8271
4669 4487
6946 7293
3141 3371
72 54
91 694
1490 1523
10686 9863
4969 5458
3247 3743
8300 7346
4266 4795
5719 4781
5449 6154
3358 3249
5071 5004
4413 3670
7997 7085
7415 7472
3903 4132
10100 9769
3645 3028
7158 7342
9589 9627
5874 5543
5168 4288
5287 5558
14 419
2299 1321
3836 3321
7314 7236
9296 9793
4978 4176
3662 3780
3044 3315
1780 1743
6467 6229
7486 8061
7691 7109
18 653
2796 2061
5676 6288
1294 1740
4310 4764
5482 4503
1651 1503
5363 5745
5700 5408
10250 9501
66 80
4545 4412
11 926
802 1394
9177 8572
3332 2730
5702 5698
7838 7282
8980 9396
3064 2620
9063 9164
8484 9344
8528 8339
9879 9261
6425 6029
3261 3861
4905 4920
10423 9707
493 1283
3572 4150
9378 9250
1686 2344
3792 3784
5777 6353
18 520
6216 6139
8048 8910
1515 2299
1765 1556
1145 1940
3846 4391
9650 9770
8668 9189
2768 2927
6143 6561
5779 5345
6581 7268
7303 6718
2335 1411
8863 8553
5466 6062
6775 7227
78 72
5376 4929
8473 8774
3776 4720
8133 8712
2966 3488
2555 2807
8517 9204
9023 8862
8759 9040
2727 2868
8464 8561
4233 4373
5173 4758
2490 1831
5443 5365
1068 1110
2344 2673
5700 5874
4227 3962
8548 8581
5357 4648
3920 3812
16 373
1673 1609
4653 4573
6419 5521
2332 1354
1808 1390
8431 7474
6802 7073
1575 1604
4020 3598
1276 1483
3130 2326
46 596
2897 3189
9232 8374
9938 9408
7780 7749
3538 2930
93 690
9832 9145
5467 5776
6195 7087
7832 6928
4332 3418
467 1280
1310 2028
8202 7537
2718 1951
7204 7118
6447 6405
7028 7576
78 783
85 214
9368 8623
4544 4976
153 1134
9792 9496
3006 3432
4359 4532
5922 6638
8909 9804
23 546
8037 7366
7555 8287
1721 1435
3099 3457
4048 3569
9055 8419
3351 3445
1164 1964
6891 7703
2615 2743
8808 8488
7438 7932
3855 4728
1731 1436
64 158
10020 9187
5854 5594
5481 6444
94 677
1495 1995
5723 5291
27 579
8880 9708
9703 9234
7074 6982
2308 1531
9057 9720
9062 9879
8453 7612
8604 8817
9477 8781
1945 1221
9461 8596
8559 8346
7441 7843
3272 2642
5606 6448
2054 1833
3353 3741
8400 8360
7096 7162
6367 7042
5351 5289
663 1042
5336 5404
5236 4407
99 260
10956 9974
8595 8454
6539 7526
4354 3749
5613 5539
7476 7789
8688 9524
7287 7485
6449 6532
93 572
14 793
24 391
6643 6182
6212 6078
3937 3575
8481 7521
5871 5628
9727 9000
8196 8949
3166 2469
4329 4619
1505 2383
9077 9601
6766 6306
9674 9849
7684 7720
9431 9360
8932 9175
3423 2469
2885 2759
6419 6219
78 124
3715 3537
88 382
8441 7678
6310 5338
2876 3090
8859 9859
8567 8913
11 476
9578 9788
7942 8148
3504 3293
6874 6733
2918 2994
6256 5382
6360 6762
6353 5683
10294 9901
8447 7676
2489 2271
1128 1082
1333 1488
2576 2424
1723 1410
2240 1957
1174 1630
4842 4979
8667 8748
4357 4258
8688 9544
2230 2898
9265 9265
3938 3673
9660 9482
8720 8237
6467 5665
4971 4720
1044 1277
6457 6282
1615 1686
1494 2037
6932 6787
2480 2212
1646 2354
5716 5391
4855 5399
1261 1973
7917 8045
3694 3317
6144 5278
1945 2171
5956 6722
3549 4318
31 886
9128 9194
2389 1436
9223 9243
3490 4262
5942 6054
5753 6272
4727 4345
8917 8587
8464 7965
9586 9456
2772 1992
8762 7907
8560 8757
5917 5639
7976 7271
6993 6497
1700 2587
1290 1232
60 477
8543 9084
6699 5707
2934 2425
2098 2285
1971 2656
3933 4811
2658 1705
4889 4241
4733 3943
5699 5327
39 1000
5411 4799
4033 4316
6587 7579
1992 2342
7551 7269
1937 2117
4562 5229
1354 2232
5452 6238
2605 3080
5222 4928
9385 8420
4574 4816
70 968
8254 8264
6791 6538
10074 9562
7512 8279
1607 1687
8406 7800
6481 6053
2320 2975
9116 8664
3504 3378
6045 5224
2702 2694
1433 2111
10206 9717
8512 8793
5390 5496
4477 4660
6737 7391
7686 7284
2506 2693
9160 8574
4091 4069
5983 5294
7795 8084
3967 3346
5198 5895
4420 4153
10621 9744
5639 4757
5703 5401
5544 6391
6956 7877
10420 9749
1210 1505
6122 6674
8314 7461
5632 5280
1682 1159
90 932
5319 5415
8680 8240
8282 7775
8448 8394
4087 3215
6252 6126
5496 4785
6473 6066
4316 5210
2587 2821
4057 4024
3402 4367
87 742
58 400
9455 9615
472 1019
2225 1987
1888 1536
1458 1070
8887 9318
36 170
58 930
3933 3307
9017 9924
6943 6835
3656 4353
7182 6889
9315 8814
7410 6929
9273 8582
3336 3586
3747 3354
9388 9926
96 38
4682 4897
4610 4729
9496 9877
5101 5526
10804 9901
8464 7844
7749 7148
6460 6406
22 931
1490 1306
26 54
9583 9612
3391 2453
5731 5080
8215 8311
7439 6865
10263 9881
7377 6595
1813 2627
3969 3811
807 1477
3426 3825
7236 7860
4039 3604
5238 4592
5892 6328
94 341
2109 1258
55 365
4141 4225
4290 3563
124 1075
2740 2980
5505 5402
1721 1241
3558 2663
4731 4374
84 775
8474 8622
8597 9438
2337 1939
3525 2802
2379 2396
3560 4533
731 1438
5731 6205
1231 1093
7936 8291
2160 2523
7753 7424
9937 9209
7811 7166
4981 5969
2684 1861
6838 6872
3344 2387
7130 7524
53 386
10519 9623
8977 9274
1214 1486
3145 4144
5052 6052
895 1725
3256 4103
8309 9189
4254 4846
10008 9871
6566 7062
6106 5439
9692 9707
2951 2386
34 715
4158 4204
9542 9869
46 625
1088 1304
9277 9376
8905 9009
8481 8162
8312 8539
93 46
5394 5977
7577 6920
2580 2579
4759 3988
2504 1855
4622 3975
5471 5340
3724 3015
1819 1171
7905 7924
3030 2759
4982 5663
10783 9804
3879 4348
1836 2632
73 637
69 630
7279 7562
5732 6481
5224 5071
8749 8247
3735 3922
59 736
8311 8772
1538 2538
2710 1814
3498 3845
8176 9059
2953 2194
5623 6189
6514 6287
2923 2533
6719 6240
8136 8364
6507 5794
831 1626
7217 7273
3903 3696
6181 6009
2082 2261
9165 9562
5291 4452
7979 8542
8870 8795
779 1373
1416 1352
1772 2104
2220 1290
7379 7805
1869 1841
8396 8290
2866 3760
5023 5632
8442 9278
9559 9313
5607 5114
6789 6139
9530 9792
2871 3128
7232 6370
8467 8931
7390 8182
4527 3974
1182 1546
37 936
2454 2175
59 547
2111 2606
18 345
6762 6239
7246 6678
1563 2352
7626 8487
6373 6902
5230 5898
5119 4717
4506 3972
7105 6369
8346 9190
6336 6126
4571 4508
8589 8103
7659 8515
89 853
7602 6904
7809 7002
2610 3364
2446 3368
8681 8357
4082 3829
8281 7662
8511 9361
9591 9721
8577 8034
3026 2372
6637 6665
6490 6466
2966 3511
3580 3664
5550 6048
7446 6615
6509 6731
3894 2895
6003 6548
7034 6162
10299 9535
2064 2141
10121 9610
8203 7645
1663 1774
7099 8019
9707 8736
9868 9167
2237 2992
5893 6153
9153 9356
6974 7822
7416 8301
2033 2650
8172 7693
4018 3948
8072 8220
1609 1335
5946 6592
9271 8578
2774 2428
5525 4849
5691 4878
7754 7198
1835 1682
8860 8835
6904 6061
5910 6346
3120 2308
1439 1160
5950 6537
5125 4742
5576 4917
8841 9143
83 427
8420 8582
5139 4930
85 176
79 146
8337 9204
6053 5706
10516 9816
2829 3659
8933 8912
9711 9765
2066 1560
93 360
80 600
9679 9186
9041 9136
7234 7509
4786 4127
27 24
7929 8342
3587 3944
10083 9575
8854 7980
9763 9081
6397 5500
9932 8960
8224 8235
2390 1778
8895 8134
5383 6094
3240 2444
8727 8086
44 340
4100 4184
4165 3556
1869 2163
1700 2044
7761 7216
6996 7146
4559 4001
2097 3039
3185 2573
4178 4255
72 466
9152 8421
2959 2829
2173 2531
90 557
5797 6279
57 37
5851 6250
6273 6145
5929 5467
6030 6191
7209 8187
10068 9150
8435 7820
7793 7248
7968 8912
38 415
9762 9307
8616 8272
6690 7291
4310 4264
5812 6643
2656 2521
6769 7662
52 774
7834 8689
3543 3038
6976 7835
1481 2166
8540 9154
4107 4197
1973 2627
9660 9357
8619 9476
6037 5142
99 279
6758 7637
2914 2268
2871 3177
3735 4022
1642 1189
3821 3469
5034 4648
3066 3867
6508 7042
6245 5897
9842 9286
4733 4384
2700 3525
1813 1584
6015 5208
8783 8088
4120 3158
7671 6713
8026 8023
7928 6941
1803 2386
5239 6194
608 1284
9510 9203
5871 5857
8678 9218
9988 9732
6423 5673
6824 6522
6326 7078
1261 1853
6636 6443
6860 6873
6899 6109
7020 6689
9742 9166
8670 7840
3092 2855
8662 9132
7041 7646
7814 8368
4504 4178
7172 6507
4724 4736
7758 8425
6963 7271
9000 8889
10183 9774
6920 7645
5003 4627
5809 5570
4945 5354
7331 8027
5170 6010
26 172
2483 2646
58 764
1346 1409
2877 2361
7031 6922
4963 5795
3888 3544
861 1073
8260 8012
4335 3715
6040 6410
2069 3016
7790 8233
10194 9997
7916 7385
6750 6683
8409 8464
3752 4026
1113 1907
7189 8019
1983 1793
8948 8779
5419 5128
8528 9338
2295 2404
3955 4017
3374 2949
8739 9262
2426 2173
7593 6674
8964 8351
5393 5391
7434 8191
5786 4978
6080 6608
24 167
4473 5125
720 1596
79 426
8959 8976
3378 4120
47 986
6855 6820
5777 6594
1729 1765
3416 3232
2242 1452
444 1082
40 862
7755 7336
2247 2420
80 194
5046 5391
5297 5488
7715 6812
6622 7184
6990 6754
8164 9139
4747 5647
9988 9529
2225 1259
10489 9669
8640 8037
10745 9809
6047 6894
5378 4773
4504 4490
4232 3805
9180 9343
4508 5187
2792 3287
58 753
4204 3818
436 1436
8604 8844
6981 7878
10481 9573
8655 9627
7193 6283
2131 2744
37 476
2165 2235
9183 8867
5572 4895
1971 1806
73 428
3458 4153
3694 4428
8766 7981
2767 2224
3422 3557
1696 2267
5734 6663
1746 2570
2695 2872
3185 3075
2544 2239
10852 9974
7849 7221
4710 5165
3537 2858
2635 3126
9914 8972
5721 6245
95 158
59 92
1518 1765
3561 2973
8658 9237
7998 7281
3375 3774
4551 3821
9189 9737
3056 2397
57 698
6562 6768
4175 4474
1797 2786
2127 3004
9851 9060
8027 7880
7339 7527
3745 3789
5852 6569
10366 9699
7641 7187
7421 6736
1954 1813
8297 7954
6233 7215
75 413
4934 5861
7987 7081
7949 7988
10573 9828
6165 5848
5383 6222
7286 6763
9720 9128
7569 7098
8323 8822
13 246
6132 5510
3349 4272
9402 9659
3317 2673
5599 5644
3602 3420
2132 2356
5149 5245
7760 6920
7156 6953
5729 5784
9362 9830
5995 6116
6886 6427
4460 5204
2276 2622
7954 8290
1191 2126
3726 4020
8528 8923
1275 1224
5344 6325
2489 1861
4725 3814
5176 5120
18 137
2950 2964
1929 1321
4967 4666
5213 5601
10215 9224
6491 6145
7881 8234
3395 4027
5944 5017
6937 7309
2605 2396
9592 9292
4215 4511
5862 6572
10682 9860
2520 3481
3240 3204
7207 7999
4165 3420
2611 2190
1322 2016
5806 5054
6560 5759
24 946
865 1762
2585 2203
8140 7769
1645 2405
5295 5435
3212 2896
1464 2028
1329 1619
6551 7061
6983 7134
4195 4459
4907 4463
3668 3793
2637 3344
82 466
2991 2019
9812 9576
3331 2449
3417 3013
4477 3857
6568 6342
1928 1792
4459 4235
2880 2385
2872 3804
24 853
8634 7995
6410 6016
4897 5507
10798 9846
2109 1785
5527 4671
2165 2215
1905 1140
2795 2877
3273 4120
9913 9219
3546 3994
3165 3587
8517 7682
9327 9663
4568 4169
3027 2829
5099 4150
66 646
55 562
28 916
4976 5867
9493 8518
30 248
7166 7780
9694 9136
2284 1523
67 103
7134 7016
8441 9409
4565 4590
7766 7396
8548 7974
7285 7860
3687 3570
8790 9625
78 203
5834 6076
1101 1921
4344 4177
6039 5563
5026 5999
7947 7834
1483 1542
69 614
7040 6605
1306 2237
7292 7297
7269 7901
7887 8673
9914 9071
3739 4035
3438 2789
4111 4905
9922 9764
5973 5750
3882 2959
2033 2340
6346 7083
65 712
3252 3187
78 817
4530 4058
3430 3332
5456 5603
8346 8320
1139 1828
8902 9774
12 186
8338 8325
1488 2299
3196 3001
7306 7114
8704 8429
6879 6211
5893 6388
1326 2072
7360 7703
7422 7960
4212 5109
8680 7854
5248 5114
1538 1573
4305 4681
8710 9543
7753 6786
6566 5820
7732 6859
1535 1841
79 221
6682 6306
8358 7899
85 977
9382 8751
2633 1882
6694 7640
7666 8334
1977 2345
4431 3987
6206 5232
5177 4784
9266 8941
5918 6329
1452 1851
10030 9794
2826 2419
4046 4946
10458 9463
254 1107
14 298
4059 4197
43 80
9402 8421
3131 4026
7387 7073
8853 9621
9496 9647
4977 4277
2327 3105
4993 5791
10094 9704
5347 5195
3188 3425
10052 9425
5810 4995
1566 1333
4790 4084
2505 3180
5130 5746
8348 8944
2369 2183
9671 9931
187 1166
2578 2168
7067 7048
1311 2224
4354 3947
2338 1793
4803 3824
9616 9129
6179 6714
3824 4031
2972 3229
7207 6416
6320 5607
4952 5538
3809 4501
30 546
85 983
16 563
10041 9282
9192 9309
90 468
43 196
8977 9739
2388 1592
82 734
1408 1773
5030 4926
9649 9482
3678 3287
8390 7850
8459 9054
2136 2435
771 1167
2984 2753
2200 3074
7874 8609
6439 7359
8041 8137
3363 3996
1249 1272
8674 7689
8048 7196
6130 6527
8614 8454
10231 9537
8722 8402
658 1050
2151 1817
660 1641
742 1688
9389 9904
80 55
5634 6081
9057 8102
9591 9963
7807 8607
2843 3295
8060 7560
9977 9729
9156 8282
3779 4749
9844 8899
8869 8895
3623 3161
3842 4398
6237 6412
8929 9906
5905 6102
7285 7707
838 1273
2024 2206
4145 4209
9311 8936
7537 8387
7431 7995
34 832
9487 9759
8166 7386
7898 8042
5953 5483
3617 2713
75 137
85 915
47 652
558 1371
3315 3683
3118 2363
2806 3362
3274 3327
64 908
2273 1299
9013 8077
2459 3404
4062 4657
91 513
6018 5811
713 1355
7277 7168
10643 9908
7252 7666
9349 9252
2934 2340
4632 5020
7256 6814
4045 4199
5587 6497
5608 4763
4479 3763
1829 2471
2572 1896
8797 9464
6691 7184
2796 3237
3950 3835
3673 4100
7191 7189
9510 9447
5807 5542
71 974
3736 4609
9453 9711
8670 8276
50 926
2786 3404
6165 5737
1566 1255
6214 5896
15 932
8502 8659
8735 7912
2559 1711
3665 3225
6637 5926
8333 7501
4719 5073
6196 6550
7713 8634
8935 9251
2945 3808
38 335
1440 1402
8380 7667
2928 2497
4782 4386
79 951
1925 2898
4834 5550
2162 2479
2105 2527
6563 5715
4952 4148
7987 8322
4009 3424
4863 4058
7590 7665
3078 3948
7209 7857
4287 3921
7743 8502
8286 8293
4695 4156
6021 6832
6843 6306
5105 6081
859 1536
4182 3673
7365 8050
5633 6012
5692 5474
7450 6613
5468 5710
9171 9701
7033 6947
7049 7878
4838 4843
4046 3411
949 1474
9032 9474
8865 8103
7897 7407
5251 5759
7012 6225
5012 4306
6097 5800
7735 7717
10001 9196
4033 4804
35 266
26 894
8224 7385
3155 2756
5680 6482
6280 6032
4157 4854
1673 2229
3717 4236
9477 8685
4832 4692
4976 4472
8061 7459
3761 2807
9928 9782
917 1353
4975 5734
2803 3055
7390 7673
86 454
7475 6852
3659 4039
87 213
7263 6648
6090 6268
85 35
9726 9293
2271 1357
8367 8454
8468 8729
9860 9602
2727 2339
2879 2680
4059 3187
2803 2755
6995 6832
2375 2666
5256 5425
7377 7380
6576 6554
4657 3846
7225 6987
2805 3144
8985 9527
2943 2070
4035 4739
3839 3372
4081 3595
2315 1355
6747 6772
6159 6037
7152 6524
2268 2296
4511 5150
734 1695
17 436
1937 2204
94 269
3537 3056
62 817
6814 5841
2919 2150
7715 8197
5956 6909
2843 1965
88 12
64 723
2612 3515
6080 5416
675 1037
10286 9616
8675 8671
7859 7572
21 413
2185 1205
2198 1543
5419 5862
2059 2394
99 808
8193 8591
2186 1680
87 60
10280 9818
84 901
6051 5562
5988 5834
1056 1143
10516 9910
4128 3406
71 617
4801 4220
3170 2848
8828 9182
5194 4917
9140 8320
8547 8829
91 246
8867 9376
578 1182
2132 2517
5224 4959
9246 9661
8975 9629
1555 1373
6621 7267
1294 2043
2103 2747
6256 5516
7858 8161
2564 1845
7779 8630
5671 6320
5504 5179
74 591
7477 6701
1883 1869
2824 2641
10566 9666
9040 8139
6555 6470
4224 3337
949 1512
4223 5046
6799 6513
7393 6393
2767 2403
68 799
87 863
13 951
9519 9328
8952 8347
4364 4355
4225 3444
9852 9649
8732 8683
1134 1497
834 1825
8069 7670
5214 4811
2558 2543
2758 2866
10460 9996
6468 7037
6941 5983
8736 8588
63 165
7867 7897
4518 4569
62 991
5207 4378
3411 3174
46 158
5688 5686
75 753
8884 9000
709 1595
100 891
6049 5416
9171 9794
5893 5497
4635 5022
3959 4193
2437 3332
5932 6062
1738 1049
5244 5087
1517 1241
2940 2512
2340 1817
2114 2439
8021 8707
3616 3207
9710 8897
3283 3264
5805 5920
97 717
6825 7101
6953 5985
96 644
8313 8985
5484 4838
689 1101
1331 1866
7958 7532
5222 4746
4778 5055
1950 1366
2551 1897
9449 8467
3514 3207
2961 3801
9597 8600
1646 1220
6681 6878
9353 9093
3208 4171
6365 6511
1814 2763
1638 2099
3526 3177
5861 6433
8795 8279
2705 2038
4748 5627
10 392
8720 9422
3841 3106
10277 9433
9341 8353
6819 6391
5072 4862
9261 8421
6967 6912
6628 6885
9377 9403
7213 7989
1354 1915
71 172
80 126
4370 4559
4652 4007
2730 2189
75 912
73 166
9278 8842
74 481
2673 2011
6270 6462
5385 6279
8881 8771
10010 9262
7510 8435
9453 9126
2968 3193
7822 8331
97 338
6880 7521
9588 9747
6094 5842
2042 2769
3169 2377
10415 9693
9106 9784
9702 9898
4658 5654
5628 4825
4689 4808
8572 9447
3554 4503
4619 4896
9254 8328
8137 8718
7611 7063
6150 6319
3619 3590
1526 1119
2275 1764
4152 4345
6214 7084
94 937
7099 6740
9220 8559
3668 2901
1419 1894
66 615
29 617
12 639
4658 4331
5923 6339
5681 4693
417 1322
8885 9728
52 849
3254 3046
2293 2654
9757 8951
8754 9514
8598 9563
2984 3845
9787 9725
95 765
27 901
2301 1968
6230 6031
3005 2300
2502 2898
2607 2475
9942 9513
8410 7979
1619 1485
6487 6205
6924 6489
889 1113
5209 5775
4163 3788
7005 6176
9906 9269
5406 5716
6162 5929
97 752
4187 3216
7597 7865
1683 1138
9825 9514
5967 6722
8540 7553
4345 4763
7760 8326
9195 8826
4652 4920
60 904
1547 1052
6711 7640
8876 9117
388 1054
2012 1924
4459 4907
86 223
18 811
8528 9126
5623 5690
6523 5529
6089 6473
5823 6590
5094 6036
8195 8303
7583 6873
7822 8420
68 934
1238 1260
8759 9483
5562 4630
5649 4990
7312 7704
25 637
3419 3532
7635 7604
55 294
5791 5405
5324 5870
1781 1469
2881 2019
8801 9266
25 298
2165 2737
8178 9000
3983 4198
8879 8104
6590 5726
1538 1727
5977 5441
6396 7366
6749 7538
5977 5901
9003 9062
1709 1250
6955 6864
8519 8313
4063 3388
8050 7644
9791 9499
2614 3086
8777 9392
7007 6254
1445 1986
5415 5303
1845 2040
6620 6581
2563 1943
11 169
6166 5318
8375 7983
7722 7526
63 1003
6025 6380
2056 2914
8141 7498
3313 2381
3176 3280
6135 5520
4827 4644
5799 5921
2196 1601
8982 9241
24 794
4031 3854
3096 2280
92 113
8694 8121
4064 4791
7299 6739
5892 6446
7190 7595
4287 4061
9689 9181
10236 9420
6432 7038
5595 6462
534 1177
10274 9700
3269 3859
7788 6947
36 963
2152 2947
9152 8710
5272 4509
9080 9190
3528 3520
7779 7090
931 1694
3510 2807
9005 9960
9200 9645
5858 5509
2866 3452
69 856
4159 5014
8567 8725
4382 4936
9633 8905
10603 9976
9309 8384
4199 5176
6702 5748
86 261
10170 9690
8513 8032
8035 7047
3252 4009
5863 6581
3234 2522
1944 2198
86 287
661 1118
6083 6757
72 533
2877 2404
2772 2601
5241 4832
7332 7167
2730 3049
9078 8389
7887 8758
649 1117
57 931
8858 8121
8235 7484
4433 5242
7336 7418
2767 2556
2324 2778
8150 9099
2067 1103
7199 8082
7596 7694
1986 1258
51 26
6813 6274
10208 9605
4091 3896
4059 3532
984 1643
9188 9361
8027 7268
8363 8742
7204 7667
6308 6538
5883 5910
5294 6259
7669 8502
4097 3834
3575 4208
7480 8232
9941 9997
5181 5099
3607 4276
6259 7248
4065 3683
7276 6637
7045 6587
7046 6317
61 338
2431 2610
6054 6181
4196 4818
6888 6152
4496 3829
6875 6616
80 150
7088 6547
7330 7167
8878 8941
1561 1441
7862 8203
9441 8870
6668 7397
7538 7297
5804 6162
3992 4385
2742 2988
8524 9244
6732 7320
6060 7028
7867 7555
4351 4750
1819 1716
4099 3503
7010 7786
6447 7061
932 1213
27 588
4143 4295
1046 1855
2307 1836
4907 4715
3909 3866
1697 1974
7070 7360
2040 2358
1857 2488
1001 1085
7486 6748
8264 8675
883 1372
7296 6393
874 1091
7432 6785
3584 3468
2873 2830
3193 3372
45 26
8212 8640
84 413
8499 7580
53 112
2774 3236
2369 2628
5703 4867
2988 2479
6713 7229
6574 5888
6705 7671
952 1278
607 1458
7971 7260
5703 5993
4575 4629
5884 5640
6469 5856
8709 7859
1164 2020
2823 2795
1916 1302
1028 1264
2525 2292
6822 6692
2004 1715
4405 4304
7360 6800
9496 9411
5527 4867
7209 6758
6615 6862
38 104
7077 6544
8116 8711
58 929
5911 6231
1853 2736
9278 8758
8503 7661
1286 1383
7783 7661
3571 3261
3438 3151
5631 6598
2898 2478
7026 6772
9129 8751
24 117
7034 6480
2927 2642
9007 8209
1097 1946
6003 5893
3147 2222
5245 5104
8695 9686
7137 7035
1431 1189
1191 1415
8407 7708
8513 8444
2894 3805
6522 5650
4848 3955
10086 9277
3593 3251
8868 9792
7100 6492
9188 9486
31 347
73 934
10317 9895
2952 3784
2362 3258
10393 9961
7031 6445
96 168
1479 1965
8973 9684
7337 6455
1612 2115
4446 4667
6220 6519
4926 3972
9817 9990
5563 5101
2576 1712
9658 9575
1934 1916
5664 5000
90 243
7783 8215
8815 9132
8849 8957
4243 4496
3483 3802
59 763
2416 1872
8431 9160
9850 9242
4628 5609
9003 9597
1609 2390
9395 9957
3348 2852
6527 5633
8162 8779
3851 3248
5161 4494
6685 6748
68 74
4629 4577
10293 9713
6746 6533
10798 9920
7868 8470
7862 7081
2318 3180
4459 4789
1548 2233
6439 6539
8335 8178
6863 7116
2971 3203
8882 9385
6390 7171
53 493
6693 7123
1915 2254
4644 4126
4056 3433
2899 3044
1726 1207
4050 4284
4936 5421
67 425
5679 6492
9510 9041
4872 4177
7046 6478
8753 8921
9373 8603
4036 4221
1969 2073
9371 9779
22 122
1759 1458
2508 3243
8355 9033
6050 5233
371 1168
2305 2651
1970 1403
59 397
3393 4319
9261 8611
8378 8487
1690 1605
4052 3398
10348 9769
5911 6116
8415 8603
10434 9787
7614 6891
1812 1307
6363 7148
5117 4490
7290 7452
6091 5873
9120 9906
21 569
9799 8824
35 443
9066 9565
8049 8573
57 900
3210 3295
7314 6941
2027 1992
3158 2244
4390 5252
10003 9817
6476 7020
5896 6726
8538 8013
1330 2069
51 916
1555 1042
4053 4632
6853 7234
10085 9895
3183 2959
5300 4678
4625 4576
6755 5960
1937 2921
8374 7961
7874 8168
8340 7500
1491 1392
4450 4284
4157 3480
10008 9021
7859 7381
3019 4014
7789 8377
100 616
1620 1132
6080 6984
7049 6052
6170 5847
3821 4295
7701 7584
2827 3536
7352 8308
2787 3524
9200 8573
3275 3636
3314 3036
9928 9377
1822 1669
5404 6250
7265 8053
1513 1125
7463 7968
53 768
18 432
3971 4153
93 710
2987 2450
7257 7917
6751 7151
7488 7038
52 228
6791 6251
2987 3678
7241 6509
10081 9216
6075 6808
2307 2373
9428 9132
7221 7417
40 223
92 84
6176 5376
8828 8800
1060 1161
1168 1763
7073 7297
8353 8729
5791 5058
4948 5267
69 566
6095 5892
28 426
2486 1571
2654 3193
2646 3103
6774 6299
4344 4948
9808 9157
2754 2819
5474 5655
38 200
9770 9213
85 201
587 1457
4752 5033
62 17
1979 1018
9833 8961
3556 4074
2238 1356
6009 6025
4472 4313
8280 7857
6158 7048
5702 5612
3032 3189
2176 2681
1838 1453
8540 9241
2458 1667
4088 4171
1160 2044
29 341
9006 9488
7653 7638
5484 5306
2025 1802
9349 9496
2511 2245
58 438
2248 1746
9701 9364
4736 3934
3199 2905
4334 3518
5666 5014
1135 1914
9882 9757
7887 7127
8705 8854
5200 5792
2066 2704
384 1317
6437 6465
1468 1136
10476 9738
9949 9551
3906 3051
1606 2301
3588 3574
840 1339
3989 3120
2661 1901
12 723
7178 7238
4468 3469
4647 5538
4247 3604
1262 1735
19 942
5467 5194
2679 2652
2638 2592
7042 6857
7541 6545
4835 4797
4254 4083
3137 3403
4627 3931
6711 7440
248 1204
4762 4210
3672 3847
59 14
7941 7140
7354 7016
3630 2883
5215 4313
6555 6540
6922 7500
2886 2874
2925 3394
5503 6076
9883 9324
89 954
3725 3467
3616 2941
8262 8577
97 981
9115 8537
6425 5874
730 1243
37 651
3373 4140
9790 9834
4718 5422
310 1271
7127 7892
684 1397
4093 4304
3860 2942
1522 1273
2826 3195
5380 4825
3443 3711
3557 4033
4121 3845
1759 1210
9525 9363
6821 6548
3587 4497
6797 6694
7892 7706
4391 4314
7658 7550
1892 2008
5609 5283
5040 5723
1292 1692
3637 4109
6086 6087
5089 5692
3673 4462
99 857
92 43
8536 9071
5022 5043
8692 8943
6518 5790
3207 3312
2831 2860
3324 3594
2528 2820
9594 9253
4764 4509
6208 5402
76 254
1643 1914
45 412
3619 3626
5107 4747
8278 7328
8993 9231
10 411
4495 3983
5601 5409
9440 9447
4391 4978
8845 9331
3310 4133
10113 9687
3172 3332
9049 9673
5208 6037
8425 8503
1688 1023
4673 5649
7789 8603
7187 6350
48 541
2943 2778
52 929
8099 7182
3266 3493
4670 4035
5669 4855
7426 7622
9831 9898
4715 3919
1940 2548
10058 9117
40 874
4568 3646
5343 4618
2348 1778
2520 3432
99 924
2721 3122
3064 3813
8276 7926
46 967
2367 2412
49 489
1532 1767
5010 5980
6179 5983
840 1198
6522 6961
1649 1478
9382 9362
3749 3051
3393 2980
1113 1291
8945 8025
1605 1285
8793 8350
2660 1898
3368 3243
1093 1325
3923 3352
1980 1246
9062 9678
5238 4381
6724 7712
2762 3162
565 1137
9526 9335
4291 5239
9215 9449
2721 2791
9579 8748
47 813
3810 3347
4129 4263
5233 5936
9151 8577
8659 8308
2451 1907
8542 8852
10416 9822
10852 9950
9781 9287
41 488
1619 1341
9136 8512
6398 5748
6529 6513
9835 9695
9521 9809
6921 7618
9865 9538
9180 8622
9559 8924
2613 3012
6820 6498
3683 3505
1189 1382
5820 5047
8943 9172
3504 2861
6618 7605
4936 4113
4746 4519
7740 7169
2682 2524
9019 9672
9651 8880
4703 4319
94 523
1608 2051
10102 9911
4538 5240
3145 2521
10 806
9518 9385
84 581
281 1049
1869 1987
7763 7969
2342 1595
6440 5813
5016 5672
3060 4060
7588 7020
3721 4029
37 205
4151 4890
11 799
2179 2157
6758 6078
4936 5759
8407 9312
7861 8205
10550 9948
8046 8517
5340 4816
6145 5300
9117 9695
2703 2837
2036 2076
7636 7823
64 956
8242 8690
2390 2879
90 241
9478 9933
6163 5353
9343 9595
5852 6653
6501 7125
4972 5400
9126 8237
7268 8117
2651 2282
6972 6445
18 528
5185 6123
5238 6181
4770 3813
3019 4012
4704 5645
46 448
3654 3586
6794 6922
8771 8251
5295 4629
1192 1024
8751 9289
3297 2790
3967 4341
1634 1609
7967 8046
15 750
731 1170
8609 7776
2233 1516
9376 9065
6690 7446
5819 5518
10550 9884
281 1024
8503 7599
1454 1722
5168 4942
7362 7439
6816 7452
95 859
7111 7653
4169 4205
4907 4635
2482 3422
5397 4855
7876 7075
6127 6666
4734 4311
9697 9891
6554 6179
4718 5445
7376 7077
3905 3199
1611 1866
6436 5875
50 317
5629 5504
55 237
2925 3330
6215 6240
5855 6528
8872 8911
5154 4658
3530 3356
2388 1469
8210 9029
2062 2707
7093 7552
5096 5543
1670 1449
7398 8036
6472 6178
6709 6882
32 134
6856 6520
10300 9984
2356 1458
5994 6238
1792 1749
7250 6657
8232 7471
8596 8285
5589 6530
3925 3239
2056 2807
3696 2921
842 1417
9944 9734
6450 6359
1193 2181
44 360
4853 5707
3774 4154
699 1525
2760 2682
2100 1943
2919 2913
2902 2232
5247 4345
8756 7806
3112 2596
9140 9631
8724 9408
2076 1204
1221 1907
7418 7555
6262 6416
5776 6469
1050 1555
9617 9480
2334 2824
67 824
6083 5366
7350 7837
1641 1299
7676 8140
2247 1744
7910 7392
8543 8952
2860 3144
1316 2208
16 833
5301 4712
4737 5069
8281 8933
1816 2308
9532 9670
8651 9313
64 301
2439 2330
10103 9788
1497 1107
5284 4330
2276 2923
3120 4023
6577 6021
8233 7761
8072 8088
9702 9481
406 1334
8526 8240
2582 2994
2785 3350
9530 9488
8874 8780
2946 3020
8651 8579
4342 4238
9751 9323
1585 1656
371 1206
4193 3937
8757 9445
4200 3730
4967 4441
9829 9778
8296 7847
2897 2991
3775 4235
5611 6087
8326 8611
9827 9349
5370 5659
2013 2699
2239 2415
3968 3926
6995 7541
44 516
5187 5867
5581 6328
4335 4513
7900 7537
27 181
2682 1814
1731 1047
7817 7074
7258 7718
2274 1283
8416 8555
10325 9879
8122 7205
2943 2908
5403 5273
2219 2614
20 904
4445 4060
10382 9779
8943 8659
64 459
4549 4623
9293 8928
91 334
6211 6447
29 937
10402 9936
8487 9002
8659 9291
7578 6876
5316 5529
6357 5658
9914 9612
6733 7520
4811 4164
7272 7571
55 555
51 655
2664 2231
7597 6974
8362 8785
7578 6779
7706 7268
15 288
3711 4651
7837 8654
3960 3667
4692 5183
4796 5769
6837 7533
7071 7196
4501 5386
3007 2988
7891 8663
5888 5383
586 1577
4669 5216
10033 9196
92 99
9930 9868
3162 2738
2393 2380
5644 6613
6863 7614
5309 4830
2494 1783
5107 4650
1612 2338
7085 7556
9417 9044
2949 2012
5377 5326
5846 6540
4090 3839
6537 5619
9634 9735
5671 6200
9928 9958
2290 1346
6122 5921
4734 3807
1279 2258
10338 9639
9809 9600
9902 8942
9859 9587
9490 9583
2018 1452
3134 3539
3922 3538
6724 6613
2674 3455
20 560
7722 7805
7307 7942
3510 2730
1309 2135
5333 4729
9190 9645
9532 9799
6672 6003
5974 6218
1386 2226
3371 2724
7419 7686
2875 3724
8190 8272
8482 8746
670 1584
6752 5873
6080 6398
4086 4769
5432 6341
9426 9702
2752 3403
9726 9872
6779 6039
4576 4024
6971 6649
27 62
6231 5946
6531 7347
7892 7077
3722 3669
9024 8296
8077 7253
1675 2493
8115 8579
6395 6748
4261 3381
1773 2267
7639 7040
1973 1491
6343 6121
5999 6879
1881 2743
6384 6971
6154 6554
9251 8300
903 1041
2482 2092
37 400
1918 1104
7129 7350
7484 8088
3194 3679
1074 1308
949 1574
76 775
5638 5910
27 856
9453 9336
8677 9223
3549 2840
7918 7018
2886 2818
3885 3406
4329 4685
4113 4480
3339 2356
8376 8290
5605 4893
6448 7242
7186 7012
3528 3546
3804 4688
9541 9038
9525 9858
3345 3897
665 1563
7453 7093
2245 2785
9749 9247
2008 2981
5600 5007
6270 6296
6406 6561
31 320
90 818
8435 8424
6946 7901
3400 2826
5980 5515
5864 5658
2113 1525
3331 3405
3755 2786
4149 3226
1797 2795
9070 9690
8014 7425
782 1082
6578 6751
5630 6207
4904 5856
9290 9761
7899 8482
2253 1670
5892 6250
7525 7378
3199 2938
4624 5261
5984 5911
9684 8935
7086 6762
3923 3602
4465 3520
4551 4412
3012 2376
1005 1789
3541 2586
4055 5049
7659 8160
9092 9235
8755 8395
5553 5663
98 485
6732 7700
7359 7197
5596 4597
40 706
469 1015
6620 6256
3015 3165
6621 7083
3066 3315
9008 9130
8328 7951
6727 7617
67 844
3018 3552
1349 1111
3049 2223
6422 6437
9435 9689
6589 7248
2465 2272
6155 6604
832 1755
4275 4268
9817 9281
7242 7130
2356 2108
2675 3018
6449 6382
5490 4869
2685 2304
9731 8853
55 618
6558 5701
5562 5486
5955 5942
4155 4939
3017 2301
31 298
6967 7092
941 1020
4838 5600
6252 6327
52 654
971 1550
4389 3421
6208 5718
74 35
9768 9605
2911 2719
7168 6958
8783 9486
38 986
3789 2855
7295 7100
2250 2652
4546 5525
2088 1526
4445 4326
5290 5669
5130 6017
7649 8527
5377 5873
246 1037
1713 2665
3275 3664
2465 1662
2345 2859
6165 6467
3538 2979
2374 2082
2998 2314
2198 2603
17 812
3145 2776
2022 1952
3523 2764
7106 7374
6555 7546
8306 8099
30 891
3597 4560
36 31
42 315
7472 6581
3961 4942
5180 5206
7319 8250
8729 7781
8088 7943
2660 2468
4284 4993
4009 3251
5067 6031
3557 4448
5862 5628
1523 1669
4254 3293
6764 7020
2039 2093
3851 3518
2684 2484
5972 6927
6678 6065
3453 2540
4356 3635
3626 4375
10359 9876
5433 5670
3698 2919
5065 4925
9175 9091
100 764
9891 9145
4750 5727
6180 6804
2667 3167
2068 1244
5119 4220
7722 7306
7657 8349
76 526
97 427
43 939
6272 6873
8648 8548
2885 2153
6410 6807
60 956
6595 6538
6451 6849
1210 1445
5600 4957
5472 6400
322 1089
8236 7697
5586 6519
7940 8298
4512 5149
5121 5414
2778 3579
3440 4366
4594 4665
25 927
8036 7956
3365 3077
2478 2174
3313 3900
9342 9061
74 25
9469 9038
7138 7177
1771 1142
8831 8260
5064 5120
3090 2827
2470 3294
9013 9795
1801 2584
2712 2524
6201 5479
5968 6945
8472 8507
8901 9401
1477 1249
1974 1912
3985 4717
5088 5773
1847 2084
1806 2033
8588 9373
4594 4502
779 1301
2213 3154
9460 8884
2106 2330
4416 4816
7653 7378
2377 1849
6097 6249
7027 7212
923 1923
4849 4895
6538 7378
804 1068
8686 8908
70 109
1870 2111
7865 7765
80 111
8437 7636
2267 1780
1724 1741
1316 1519
706 1257
3421 3921
922 1464
5419 6369
1527 2496
13 867
5490 5471
7718 8583
10602 9645
8658 8805
6846 6578
6882 7143
4428 4623
4303 3693
1912 2725
3199 2543
5213 4249
2375 1559
8336 8770
1637 2570
4234 3898
5776 6060
7933 8760
7336 7183
1648 2292
7850 6955
16 517
6645 6179
7667 7923
4271 3373
2502 2390
3450 2798
2767 2726
2395 1477
2472 3048
9095 8447
6515 7170
6527 7345
5304 4457
6738 5801
3243 2480
6833 7712
6565 7367
3395 3793
5020 4130
74 710
3185 2412
721 1500
1812 1722
3847 3703
2941 2661
3383 3378
9043 8419
7360 8317
12 306
9814 9815
2526 2247
4010 4174
8833 8089
9361 9036
5038 5463
3822 3581
7822 6921
7285 6318
2929 3607
5819 6373
6955 6473
76 427
9310 9014
6181 5492
8278 8739
2321 2408
4423 4574
2594 3474
5361 4962
9699 9357
9955 9430
6825 7823
3315 2415
30 258
49 523
7077 6350
7618 7370
9059 9231
1798 2665
3225 3864
3172 2914
4969 5958
4087 3129
7423 6479
4359 3990
83 810
3125 2546
10280 9873
4498 4500
6920 6910
7162 6267
6442 6733
2046 2954
6311 6726
8854 9681
1273 1888
1764 2250
6673 6578
20 567
6456 7313
4377 4380
43 792
4712 5190
97 920
7012 7300
5878 5881
6030 6052
1764 2247
9902 9882
2940 3466
7421 7339
282 1257
7872 8028
7838 8412
4092 4366
6505 6556
3414 4002
7660 7975
3508 4330
5533 5469
3610 3203
8672 9290
2815 3110
3185 4098
8874 7879
5303 4473
6573 7000
6124 6728
5370 5244
6503 6094
8412 8587
9341 9332
4807 4896
58 496
810 1720
8882 8178
8210 9009
7274 7255
4308 4225
1842 1365
5129 4655
54 150
1943 2044
9533 9561
8994 8212
7910 7061
6048 5477
39 22
4404 3541
4822 5328
8735 8204
1870 2130
8186 8045
10553 9607
6051 6880
2627 2611
4063 4203
95 998
1923 1838
1716 2351
9901 9021
8752 8519
5253 4836
7189 6640
6061 5521
3782 3753
5417 5273
10065 9855
4904 5662
2316 1528
8515 8337
90 851
5209 4498
6031 5775
7176 6736
5915 6465
3793 3340
1347 1694
36 685
5181 5561
1088 1793
4398 4233
4783 4848
6277 6087
4899 4113
6067 6339
9301 8696
5181 4559
4190 4393
2651 3169
7012 6535
2171 1334
6823 6194
28 613
2855 3198
6565 6374
4413 3660
1651 2455
8396 8950
10543 9910
10309 9500
37 426
67 623
9882 9934
2991 2439
10254 9653
6960 7012
1945 1025
3316 3623
4984 5055
6632 6376
6125 7015
1195 1102
6921 7098
2152 2781
1803 1888
9061 9090
1281 2053
4163 4585
3310 3969
2845 2870
3987 4827
5976 5992
2536 1586
2623 1806
2230 1990
7434 7366
7266 6661
4515 4659
44 551
6529 5537
7559 7297
5785 5102
1474 1454
8220 8291
80 611
46 329
5992 6459
4344 4058
8322 8082
26 463
6360 5599
7645 8131
5917 6089
4843 5551
8342 9168
2614 1998
10097 9670
8311 8141
7888 7600
2195 3187
1741 1253
1978 2950
5368 4718
3755 4475
6775 7237
6907 7389
8401 7772
3326 3457
3395 3679
2651 2744
8460 9270
3292 2657
7903 7983
2864 2783
6448 5839
7713 8266
5681 6077
3729 3480
8946 8484
3788 3633
850 1266
6147 6592
8861 8034
10019 9647
5739 6375
1814 2760
3874 3688
7710 7612
4438 3647
5421 5349
8561 7686
795 1140
1457 1368
35 485
6996 7473
9117 8953
4250 3878
1509 1734
7233 6529
7155 8102
2221 2205
3218 4159
8428 8324
9638 9273
2888 2865
9488 9560
2407 2451
3915 4500
94 979
5978 4988
3134 3754
6423 7291
2089 2939
6833 6375
4489 3776
3032 2332
1791 1182
2500 1862
4769 3890
9159 8780
34 274
4305 4090
7101 6648
1297 1671
2568 1821
5124 5218
9232 9602
747 1092
23 478
2486 1747
8522 8509
8756 8775
1333 1271
6967 7485
1937 1177
5357 5203
6985 6113
7121 7753
18 358
8383 8699
2759 2551
8481 9447
3111 3591
3389 4147
50 224
37 884
6450 6114
3172 3253
8962 8354
7001 6934
8715 9413
8254 7689
3039 2181
6805 6164
7846 8628
2698 1899
6485 6635
7857 7257
9767 9827
8342 8967
6239 6611
3080 3142
2480 3094
2476 2338
8640 9638
8622 8566
4250 4553
2638 2503
5710 6279
5273 5615
5010 5954
6753 6523
10709 9743
3165 2566
8440 7478
1247 1327
7222 8155
7870 7813
277 1223
7327 8278
3921 4439
9738 9998
8278 8462
3000 2611
5108 6052
12 92
5902 5288
8819 8655
4778 3959
2205 1528
2980 2656
10184 9349
6899 7367
6609 5696
3188 2199
1214 2068
7849 8586
5533 6170
10379 9511
2008 2792
4150 3162
4710 5388
8443 8263
4646 5156
28 214
3104 2156
4313 5076
9427 8656
9287 9427
5770 6127
4489 3583
5577 5679
3100 2697
9137 8690
6960 6046
3064 2472
1009 1915
4317 4908
9420 9955
3034 2188
8621 8365
8478 7660
7855 7117
8601 9016
6958 7057
8215 8870
3156 2968
10392 9725
9575 9693
5428 5219
10015 9235
4733 5594
7120 6618
1810 2441
4676 5516
7469 7662
7735 7262
8808 9796
9992 9757
97 348
5571 5286
7022 7445
3253 2533
3127 2779
5270 4577
8090 7139
4834 4483
57 541
6183 5461
50 36
5962 5239
3783 3973
2862 1958
5402 5401
7185 7552
3743 3524
8859 8627
2703 3086
6268 7070
10029 9227
2215 1466
9122 8151
5272 4321
9732 9639
8245 8243
4944 5594
8256 8503
3240 2561
9266 9820
2227 1998
3335 2356
9514 9895
2680 3176
7648 7782
2623 2682
4555 3641
2823 2210
60 784
33 917
1717 2717
8804 8213
4095 4853
8545 8057
3079 3836
1899 2753
1110 1279
5208 5279
3908 3882
7607 6621
3721 4364
8515 8459
3298 3196
8791 7883
2069 1986
4499 4255
2792 2424
7198 7651
2563 2622
2154 1670
5336 5346
3568 4270
5631 6367
9742 9539
4003 3243
2683 2261
4989 4342
3249 3343
2353 3029
1816 1126
3245 2290
7566 7977
1241 1238
1197 1944
6717 7217
8855 9181
2958 3429
5943 5629
28 642
7685 7283
4159 4737
34 678
6663 7661
7182 7501
7456 7003
8485 9014
5900 5821
3864 4564
5801 5784
2017 1311
7360 7136
2866 2842
10232 9254
3797 4273
1925 2127
8325 8288
7353 7692
2984 3156
6898 6723
3397 3450
81 299
6251 6839
2813 3796
2639 1684
3051 2603
5526 5406
6612 7605
8186 8562
32 420
1599 2564
9740 8948
9524 8988
2579 3388
6348 5575
6665 6423
5329 4488
9016 8688
6604 6440
79 128
7506 7207
4313 4928
4036 3359
87 921
4688 5056
1547 2128
5653 6137
9889 9994
7039 6664
3116 3598
2282 1565
66 486
8723 9274
5657 5111
3405 3272
5298 4355
8138 9118
10509 9839
8755 9688
2168 2317
4235 4010
9579 9843
4552 5412
8056 8054
9283 8933
6766 7322
8269 7490
2814 1832
8041 7051
30 39
8880 9162
1980 2307
10080 9464
8591 9176
84 329
10103 9714
8915 8665
37 128
10157 9617
4626 4962
7277 7163
5754 6664
5934 5354
3495 4140
2908 2423
6538 5895
4961 4456
5515 5430
80 371
7140 7876
2324 2442
82 505
85 965
12 461
94 259
4156 3960
9420 9703
3954 4492
3626 4239
9705 9101
9686 8700
2038 2684
9204 8491
4810 4421
2284 1610
5148 5370
7054 7347
5929 6131
4773 4268
99 475
7108 7101
3007 3967
4151 4480
15 772
6565 5588
10719 9914
7946 6984
9079 9956
3154 4033
7632 7064
9171 8286
8311 8578
6336 5372
7518 7904
2905 2738
7781 6827
7275 8270
5307 4635
10021 9895
7177 8058
10073 9105
5280 4312
3530 4079
4887 3921
6514 6765
53 217
8624 9548
4700 5252
1986 1037
3658 3864
3814 2895
6826 5975
67 832
5247 4901
2975 2366
2512 3026
2007 2110
8041 7553
9427 9836
57 545
1328 1900
3706 4017
7883 7987
6449 5775
4740 5188
10264 9735
8693 7823
2149 1415
3467 3107
18 19
71 106
7271 7417
3280 2422
3205 3325
4978 5486
8250 7675
9671 9356
6633 6012
4796 4492
12 246
6169 6307
6627 7092
9887 9517
6976 6483
6420 6595
4449 4896
3481 3886
3354 3460
3325 3584
6067 6453
5142 4173
5203 5351
4834 5440
874 1149
3577 4344
7715 7869
3382 2502
7878 7927
7134 7872
3010 2967
5490 4839
1827 1318
4486 5269
1509 1296
5899 5162
9227 9856
9118 8216
8791 9403
8262 7306
8212 7707
67 940
5831 6220
9689 9994
261 1194
80 197
19 328
8124 7443
4450 4594
2353 2585
6343 6298
4761 4238
55 112
7850 7278
899 1873
7118 7312
6952 6621
6790 6784
8105 8378
24 944
6302 5616
17 721
3372 2544
7403 7204
8374 7483
83 660
22 610
8530 7856
8139 8052
9046 9310
8830 9302
6588 6544
2851 3819
4121 3889
3922 4422
6224 6668
9512 9565
97 740
6717 6362
5568 4577
4701 5257
5559 5954
40 594
3280 2409
46 532
9230 9460
7073 7577
8104 8841
9389 9213
30 790
10409 9830
5839 6636
3621 3481
2621 2003
2383 2137
9471 9416
8347 8711
3355 3333
3804 2969
8134 8206
6219 6921
4462 4364
1910 2212
7588 6636
4115 4355
9565 9623
67 247
6333 5687
7970 8752
8960 9124
4751 4989
4959 5245
5647 5836
44 842
9350 8359
7713 6858
7330 6368
5760 6550
4382 4617
78 805
3378 3463
81 841
8011 7680
5723 5836
6825 7437
2180 2847
7164 6478
3063 2411
4021 4192
8462 8471
6137 5239
24 354
10259 9639
3347 3371
7383 8059
5154 5388
2282 2335
5915 5555
16 36
6580 5702
2032 1079
49 614
5988 5262
8085 8994
3389 2478
8365 7962
3214 3507
9351 9061
4984 5966
5344 4578
3268 2929
3471 4012
1344 1735
9783 8946
5989 6851
9072 9776
6727 5755
1291 1949
10601 9851
3381 3849
5914 5284
9686 9612
1807 2183
7163 7909
545 1280
34 169
5628 5961
8870 9726
10270 9898
6550 6184
6691 6554
2546 2831
4546 4778
2418 2725
3253 3727
6503 7284
339 1337
3514 4317
3575 3725
42 447
3021 3976
6683 6882
8383 8504
5234 4339
5201 5476
30 873
9764 9588
80 703
6848 7401
16 821
8462 7802
4068 4697
25 428
1758 2028
3347 2467
4005 4254
7516 7507
6734 6341
7510 7983
3085 2667
4601 4861
92 646
4776 5745
49 476
100 71
6041 5615
7365 7080
5893 5625
3802 3762
4325 5293
4686 4713
566 1120
2602 3014
4724 5290
8154 7257
5116 4477
20 116
995 1770
2338 2541
9966 9481
2160 2530
2498 2727
10108 9405
3922 3954
8533 8746
1294 1397
6939 6490
8330 8437
8656 8846
2498 2261
2145 2579
6791 6984
9116 9514
6706 5775
6088 6783
1010 1345
1450 2382
1875 2646
5023 4449
6101 6114
56 855
3158 2685
10534 9752
8144 9076
9553 9070
4289 4717
2165 1932
3633 3473
3603 3822
60 934
2147 1858
8466 9423
3156 3024
3544 4166
7715 7854
4551 4607
3271 2309
1371 1704
6999 7983
1388 1564
7828 7722
4947 5311
7382 8038
1698 2497
31 50
2103 1429
1515 1406
7577 8245
4881 5505
2177 1438
5604 6502
10039 9942
4879 4070
8182 7973
6322 7265
8624 9288
1506 1233
7218 7371
4412 3478
6057 6010
7278 7598
6101 5281
1936 2769
5768 6534
6158 5377
7839 7615
4603 4076
89 437
8519 7707
8061 7201
7533 7275
66 816
4974 4901
7686 7595
3794 3466
6698 6295
6023 5743
4339 3751
9955 9430
3144 2406
7160 7759
6655 7150
6748 6617
3830 4708
8075 8886
8978 8383
3591 3001
9368 8923
9374 8690
9299 9272
8020 7473
8867 8302
8817 9010
2806 2415
10181 9942
4440 4743
2493 2293
7245 7284
1123 1942
3603 4097
2863 3067
2856 3496
96 523
4467 3997
8158 7591
7815 7912
8818 7999
5933 5018
6682 6401
9873 9683
10688 9960
3149 3438
9294 9231
301 1242
7926 7737
7791 7594
8196 9113
9918 9808
34 31
2645 2408
3462 2529
3827 3285
5442 5201
4397 3779
1920 1155
2546 2008
26 306
54 894
9011 9220
2979 3164
3206 2838
80 144
5038 5692
5945 5867
1822 1840
2794 3497
3898 4837
7925 7631
6250 6814
6336 6123
9646 8867
2816 3201
3486 2872
2202 2771
8893 9695
2121 1217
4967 4372
7083 7344
4150 3246
5280 5760
9558 9233
3628 2768
1571 1677
4682 5536
2082 1859
3241 2889
3568 2967
5329 5534
3506 3512
59 914
7588 7273
4933 4104
5615 5382
3969 3330
8667 8068
1341 2238
98 710
822 1754
7905 7350
1238 1135
1739 1705
2081 2873
7594 6635
5996 5741
9077 8994
3783 3207
5324 4859
5698 5763
5784 5242
5728 6087
3553 4038
6934 7603
5999 6611
6529 5688
10434 9479
5717 6216
6448 6920
8445 8819
6612 6267
1727 1684
3587 3695
6800 7526
8572 8997
2100 2231
10212 9846
4787 4072
8090 7576
3104 3836
10216 9349
5769 6145
3552 3904
7397 8270
6254 6998
74 174
6222 6794
68 420
4308 3727
60 832
93 988
28 421
9042 8552
7888 8378
3815 4081
7845 8822
3270 3487
1173 1383
5270 4909
5681 4987
7191 7916
9302 8877
2470 1762
4608 4570
1160 1745
8295 8734
3458 4134
1455 1486
9486 8512
8731 9525
6286 7215
33 766
4862 3956
8904 8846
8670 7917
4478 4067
7414 6659
3195 3613
10143 9444
6293 6375
66 400
5965 6897
3113 3121
2291 1590
5899 5984
5544 5384
76 148
4327 4457
8162 7939
3180 4085
2180 1584
10656 9957
4918 5913
6291 6182
4658 5007
2248 1558
5005 4310
8142 7363
4648 4379
4040 4558
6785 7418
2946 3858
8067 8062
5788 4886
6250 5986
4860 5172
46 943
6561 5789
54 801
9628 8944
3954 3452
2747 2534
2795 1969
8850 7959
53 203
59 449
2010 1850
1974 1428
2931 3885
7978 7790
805 1204
79 413
7392 7334
2205 2069
5191 4645
6426 5543
6853 7552
8774 8947
8663 8651
3756 4515
7556 7363
986 1173
8447 8991
53 277
2985 2045
8248 7298
9456 9387
6695 6221
786 1679
9145 9267
5793 5846
7709 7977
3768 4321
7377 7407
41 17
8206 7831
2629 2918
7972 8837
3314 3795
7853 7312
8147 7679
3729 3408
3662 4216
9955 9705
3562 3870
10576 9597
5386 5735
4557 5175
10153 9505
84 776
5381 4929
1974 1844
6206 6465
5463 5967
5970 5752
2644 2491
96 511
1787 1442
4527 5296
6291 6067
1986 1930
6435 5781
6290 7115
4269 3576
3846 4388
4745 4467
6625 6269
6662 6283
6442 5712
7935 7569
1674 1841
1970 2114
10366 9849
5680 5727
5251 6063
2777 3576
74 388
6055 5857
9604 9431
5626 6050
7659 8505
3389 3828
69 494
1510 2312
2532 3141
9250 9202
2714 2692
5887 5044
4245 3409
4541 3757
57 632
6433 6569
3125 3878
9826 9925
9578 8991
53 823
5493 5495
9666 9209
2102 2850
6986 7330
7116 6757
3822 2984
8277 8998
5370 5094
2588 2797
6181 6665
7610 6834
10745 9928
4422 3802
1162 2054
2920 3479
6386 6015
2723 2432
33 522
3578 3781
79 172
64 44
4119 4693
1720 1638
6596 6993
4372 4798
30 345
7793 7837
7518 6689
9675 9307
1793 2555
9388 9758
2190 1950
6960 7680
67 475
6740 7347
8371 8264
8527 8843
5713 6266
6500 5690
5254 5473
7515 7795
4479 4163
9428 9233
8148 8972
7368 6750
96 158
4066 4655
3229 4067
1245 1938
5399 6034
5700 5273
2397 3348
4444 4372
3819 4731
8159 8088
10119 9219
5775 5267
89 762
7881 7688
27 42
4314 4193
4782 4121
6111 6886
6621 6504
7331 7517
5339 5903
4484 5163
7596 6826
6460 5758
3288 3024
1268 1268
3431 3354
5612 4738
6312 6316
4921 4767
280 1157
6140 7035
952 1770
6628 7309
4140 4421
2623 3341
4507 5164
2511 1525
3230 3654
2566 1931
7549 7698
841 1812
3808 3834
9521 9940
5285 4780
4227 3991
3932 4931
44 797
5516 5700
1353 1408
4028 4530
8329 8362
21 697
6386 5905
8243 7903
6342 5503
7515 7161
4601 4245
7539 8355
1896 1268
10306 9409
1973 1925
4940 4355
2839 3836
7723 6894
8426 8774
5355 5666
89 999
3720 3097
8584 8814
8296 8147
6206 5841
7479 8021
4859 4243
7845 8676
10205 9483
7980 7534
5817 5355
1428 1044
2784 2480
4279 4225
785 1086
1594 2387
58 452
5476 5615
8681 7898
10228 9504
4747 4623
4062 4851
1937 1477
6488 6778
36 382
8599 8765
5579 5641
8683 9524
3195 3383
6531 7116
5538 5141
5101 5577
323 1118
7830 8680
2881 2496
7222 7445
2324 2488
4183 3794
1557 1944
6895 7634
26 639
3366 3673
3130 2965
3727 4272
27 528
3844 3528
4155 5127
3435 3785
7169 6515
8714 8548
9018 8706
12 393
7269 7508
8829 7999
5381 4461
9470 8722
10644 9723
1420 1548
2772 2676
18 641
1188 1756
43 129
2334 3091
69 597
2832 2080
8595 8830
5397 5895
67 247
6083 5332
4270 4775
1895 2792
1616 2444
2491 2293
6038 5631
1927 1476
8876 9531
91 964
6853 6376
7857 8516
43 912
7629 7582
3569 4487
3465 3326
3603 3362
4009 4675
7920 8088
5971 6733
3926 3378
21 67
10629 9763
7222 6385
1835 1053
2849 2187
5362 4842
3691 4084
8198 7918
5488 5186
8677 8606
552 1031
8283 8035
8035 8805
8640 9635
3289 4087
2622 2842
8018 7717
35 322
10123 9165
96 405
7393 7259
1437 1252
2692 1795
1652 1413
7677 7196
8033 8089
558 1495
5219 5798
9612 9181
88 853
1462 2169
8054 8327
9519 9064
36 158
8132 8897
6729 7617
9265 9939
5137 5874
2079 2050
1808 2466
6710 6500
3905 2986
8379 8391
7276 7515
1957 1349
3788 3224
3115 2818
10338 9766
7773 7048
81 741
9530 9498
2318 2201
3743 3336
39 498
9079 8086
4822 4677
10636 9748
2182 3111
25 761
5148 4317
3130 2565
4359 4244
7143 7212
57 711
54 671
34 194
1646 1474
3981 3851
10059 9998
7904 8809
3125 3597
4628 4411
8539 8837
7652 6722
1180 1919
2598 2730
1673 2318
5113 4336
6690 6782
6509 7016
4378 3488
4122 4596
3229 3601
2856 2748
2617 2018
5053 4187
4521 4770
5173 4866
54 143
5975 5631
756 1492
1997 1596
10 859
2853 3503
2752 3155
2618 2795
2935 3531
6175 6950
1618 1679
10225 9868
2602 3014
2833 1937
7387 7096
7217 6321
10258 9444
64 216
3342 4151
5598 6590
2218 2583
9536 8628
1731 1659
4415 4391
4079 4445
10516 9837
53 885
1016 1152
80 353
7879 8624
4543 3733
3524 2524
7912 7307
1293 1367
4712 4901
1190 1354
30 716
1685 1867
4371 4519
4150 3961
6401 5904
4841 5343
10018 9888
1866 1439
67 448
3120 4116
96 706
9001 8627
2318 1959
8872 9154
9092 9611
2140 2057
3539 2590
8760 8008
10986 9987
8209 8694
3105 2353
8314 7467
5539 5095
4517 4538
1720 2440
3147 2508
5598 5894
8129 8631
4849 5763
5834 5485
6515 7496
7492 8451
3503 2809
8794 9714
7603 6667
4920 4441
37 791
7002 6607
2287 2483
7794 8586
7530 7415
3905 4087
77 62
9469 8921
74 502
3880 3604
2508 2908
9207 9788
4086 3206
10148 9326
6197 6325
44 685
2051 2971
9583 9562
5942 5962
1577 2171
5962 6093
1677 1713
6287 7178
9246 9548
8577 8923
9083 9797
6708 6467
6329 7002
4681 4401
8454 8578
8199 8765
9626 8876
2905 2893
7338 7364
1796 2240
4162 4113
92 161
6927 7729
8403 8226
2052 2160
2930 2351
3368 2891
2464 1980
8916 7922
7592 8004
3541 3370
3952 4116
6908 7810
8419 9146
9487 8556
7274 6500
2491 2761
5246 4303
8763 8720
3732 3216
6674 5722
4036 3902
1230 1249
27 748
5913 5388
6171 5302
7915 7441
3773 2931
8864 9848
7748 8270
9751 9473
8255 9055
3308 3558
8922 7958
5027 4249
2335 1955
91 514
2593 2524
10223 9504
3125 3043
3118 3301
3322 2564
6418 7380
1412 1369
1872 2648
4383 4549
9496 9505
1869 2368
5061 5294
3094 3061
4733 5364
7245 6826
20 72
10080 9860
2088 2492
7730 7326
2517 1997
5763 6392
2798 2858
10127 9847
66 552
4068 4223
6253 6803
3246 2774
1036 1450
4592 4408
36 734
27 942
8384 9279
7572 8430
3439 3489
10 824
2171 2781
1466 1624
9880 9639
8126 7609
3982 4725
8734 8094
1551 1331
721 1093
5299 5529
32 924
4287 4265
5794 5658
7481 6841
7159 7933
6342 6017
4843 5227
7790 7857
2567 1685
6678 7114
6853 6003
2320 2423
32 367
6659 6124
7421 7208
5134 4804
4052 3101
8405 9354
