10025
100
27783103
91 100 107 108 108 107 96 103 98 109 107 96 100 104 100 103 101 105 92 107 91 109 93 101 94 98 97 92 103 103 93 93 90 91 109 106 100 104 97 110 91 105 93 94 102 100 95 94 106 92 94 91 106 94 97 105 107 102 92 107 104 104 101 99 98 90 100 110 95 108 95 108 105 101 91 96 103 98 107 107 109 99 95 102 110 104 104 97 105 102 92 93 94 106 95 105 106 110 102 92 
-109992 -126408 -135925 -141924 -145964 -130770 -118397 -123032 -122607 -155743 -139395 -139431 -121731 -121288 -111167 -126891 -141297 -137639 -115327 -119895 -123468 -142348 -127149 -134167 -107723 -129473 -121608 -131370 -127714 -123606 -116352 -113142 -107831 -125958 -134187 -139861 -138408 -136631 -123493 -129159 -114074 -130939 -112625 -118695 -114298 -131776 -116575 -124635 -137708 -119353 -124737 -119388 -122333 -120455 -122807 -129425 -137130 -125238 -109425 -134813 -137690 -137745 -113514 -126282 -122100 -119105 -125267 -135460 -118029 -145344 -113519 -140854 -123360 -124989 -113911 -118956 -135109 -122056 -144439 -129116 -124992 -133001 -107402 -128723 -142927 -125901 -120645 -128473 -130142 -133860 -128266 -116296 -120066 -136534 -126251 -131043 -124793 -139694 -109124 -107063 
117421 138182 147849 151452 158548 140262 130990 134197 130650 165875 151883 151661 130638 131897 119549 137537 151897 148013 123454 129190 134035 155309 137758 141816 118018 136586 131643 138840 139695 133704 125523 122654 114970 134081 145548 153376 149136 150741 136556 142514 123955 142522 122330 131280 124692 143114 125410 136379 150423 130909 134591 124851 136510 130529 134696 143318 150748 136563 117139 148772 149566 147812 121715 137969 130268 128964 136169 147294 130939 158243 122966 154431 133963 135948 123714 129225 145632 130802 156054 143904 138834 143994 117631 140177 154480 136705 133485 141028 139270 146925 139957 125895 127724 147278 136991 142003 136161 151995 120061 117445 
5908 5931
10227 9229
5357 5346
4765 4952
1956 1723
6869 7042
3318 3223
2947 3357
2732 3196
1676 1054
7129 6974
4227 3606
3612 3563
7933 8919
9618 9286
7120 6976
7178 7344
1460 1456
64 537
8162 8506
2510 2784
8080 7382
10437 9705
3155 3502
20 936
5617 5598
4572 5327
5816 6094
9491 9454
4536 4386
8435 9199
5835 5851
2843 2412
9238 8629
2818 2323
81 878
4316 3942
6013 6601
10035 9379
2087 2124
9903 9140
7405 6521
3403 3650
4198 3890
2165 3141
2115 2833
2187 2930
2934 2434
934 1074
4295 3981
4969 4750
2468 2666
6095 5581
1428 1737
1168 1344
3085 3589
7552 6961
4626 4821
3596 3429
7787 7101
9442 8840
3630 3624
1979 1973
3768 4624
4329 3943
75 858
3169 3037
9547 9173
2945 2476
6411 5521
5660 6338
6330 5733
4909 4174
5327 5141
5154 5098
5156 4508
7176 6227
8288 8251
3023 2181
3598 2825
2282 3074
57 64
3334 3393
9250 9214
3336 3023
4932 5464
38 975
6699 6690
3251 3397
919 1021
9325 9362
4000 4692
1714 2531
2531 2786
18 462
614 1580
7755 6988
7093 7133
1866 2846
8676 8012
5822 4972
7054 7492
7848 8605
6375 6750
3710 4492
1928 2557
9056 8234
7474 7264
2313 2679
10074 9363
6084 7043
99 1010
10 970
3682 2757
8240 9222
6678 6081
8209 9018
4489 4616
9362 9695
46 212
7967 7956
3018 3781
7302 7592
2856 2059
5276 5410
7421 6465
6213 6454
984 1975
7819 8553
9454 9133
68 814
1999 1049
7536 7463
2384 1457
3157 2723
4360 4321
2979 3939
7502 7559
7404 8215
4962 5180
4129 4803
4965 5076
5478 5546
5042 4217
3951 3654
1850 2704
1491 1741
3178 2316
3949 3714
8810 9379
4958 5054
9620 9398
380 1012
6622 6738
2184 1795
9755 8812
59 845
10060 9954
37 704
7547 6803
4545 4434
51 547
9451 8706
1376 2136
7404 7475
4625 3996
9644 8912
5877 6153
5908 6410
1910 2863
6258 7165
5759 5198
2269 3182
9089 8477
3780 3692
5728 5075
10153 9542
8749 8902
2016 2365
4106 4537
83 602
5422 5457
2390 1942
8857 7990
49 306
7343 6618
5089 4665
8501 7591
6374 7183
5628 5633
2617 2463
3728 2770
5190 4926
9500 9184
4027 4324
50 974
6432 6101
2682 1839
10 146
3502 3454
8103 9022
6236 5399
7296 7810
7500 7153
5540 6178
2114 2027
8598 9226
6659 5863
5627 5059
4115 4490
82 977
8546 8671
7279 7720
4056 3940
7304 7995
5721 6558
6498 5513
7868 8514
3774 3204
1951 2857
6681 6929
3416 3016
4127 4655
4950 5929
7402 6855
1284 1751
6432 6824
5385 5933
5628 6126
7201 6454
7237 7429
5223 6109
40 139
34 416
4992 5407
6680 6797
4171 3666
7841 7454
1478 1564
1969 1081
4996 5332
5012 4085
8663 9590
5542 4687
9104 9926
3184 2332
6044 6567
6757 7555
10705 9927
2296 2509
5993 6694
6054 6685
5582 5570
9278 8698
48 729
7436 6693
6448 6769
7370 7051
3231 2828
3082 3552
54 156
6250 6147
1007 1431
1969 1726
8172 8292
4707 5311
7766 7148
10459 9660
3424 3923
2348 2601
10176 9640
4206 4349
3428 3600
7047 7675
4814 4789
4811 4720
2537 2430
7365 6567
4919 4336
8014 8006
6060 6618
6136 5518
20 371
2497 2670
7810 7646
5958 5024
95 97
10580 9925
89 767
2694 2475
90 983
7049 6776
1590 2046
5877 5577
2206 3109
6002 5442
66 717
8858 9609
69 620
6008 5740
2067 1473
5310 4486
5437 4516
8716 9413
6025 5937
9327 8951
3806 4370
4200 3977
2976 3551
3405 3309
5419 6104
3028 2363
6402 6778
6292 6063
94 210
7518 7164
4965 4080
8158 8470
2300 2510
4310 3329
4972 4978
5066 4870
5862 6651
8666 9386
99 218
5158 5161
8140 8877
9146 9882
2222 1559
66 120
5171 5730
2525 2778
10844 9897
7468 7938
5148 4921
5269 5345
8624 7840
3005 3704
5440 4851
8602 7928
2732 1991
9385 9536
2472 1605
2942 2592
8357 7422
9139 9578
9303 8511
887 1328
6189 6358
1504 1112
6804 6996
7739 7076
3892 3989
10425 9863
5973 5637
7394 7071
2801 2881
1924 1988
7269 7548
1822 2355
9075 8900
9683 9228
8743 8645
67 687
10 90
6786 7245
7884 6961
8410 8675
6193 6234
3820 4428
3962 3277
4794 5639
7202 7289
9798 9551
5416 5712
5616 5262
9071 9285
6599 6237
5541 6128
6961 6755
2428 2198
66 255
5952 5316
6895 6235
65 808
58 565
6151 6446
2427 1772
10166 9166
9747 9467
4138 4891
4150 3625
2494 2265
5193 4789
74 54
100 464
9804 9603
2588 3528
5507 6191
2160 2124
9521 8560
5890 5668
6896 7302
70 431
5320 5665
28 194
8508 9172
2497 2913
6341 6273
3433 2869
3757 3999
9922 9375
1392 1232
36 48
1316 1109
9971 9494
8710 8494
9295 8765
6666 5688
6161 6583
2416 1995
6795 6436
5737 6255
6361 7191
10082 9931
6239 7050
7608 8544
6648 6491
1811 1174
7119 6657
2474 1981
8889 8446
9496 9523
5080 4711
2482 3268
1752 2538
8035 7553
10573 9850
10047 9555
5994 5789
7233 7856
3811 3234
7277 8087
5104 4355
8038 7588
6569 5991
1622 2147
1295 2062
1503 1289
8921 8649
755 1116
7327 7789
9998 9486
90 344
1959 1728
4319 4579
3969 3774
1340 2105
97 994
5693 5270
3036 2930
8513 9198
8597 8645
47 818
10089 9434
9605 9287
9128 8478
5946 6253
6200 5547
47 822
9561 9420
5279 6079
6692 5715
2431 2115
9114 8507
3401 4193
8451 8563
7134 6389
4877 5445
2926 3911
7490 8006
70 123
3563 3903
9315 9423
8691 8774
9593 9963
8363 7793
4542 4720
9351 9607
3992 4979
2586 2467
4270 4179
4329 4478
1005 1275
8160 7903
1615 1936
8333 8593
3205 3325
2552 2435
5959 5428
36 260
7278 7709
75 51
1141 1759
7826 8806
9727 9569
3463 3557
5322 5918
2035 2844
606 1495
2168 2837
2448 1947
7214 6908
7772 7200
10134 9196
81 605
7389 7491
5102 4580
2835 3813
3519 4318
3453 3455
5236 4982
10142 9467
1696 2247
7801 6838
3153 3068
9299 9529
819 1248
4252 3974
66 759
4960 4500
3987 4384
1751 1699
64 154
5854 5217
1505 2193
3224 4148
8122 8835
5013 4112
3148 3380
5915 5625
3730 2784
2643 2033
7134 7294
96 84
4021 3475
1809 1082
8012 8138
2445 3118
9586 8858
7688 6903
1293 1784
9279 9834
2420 2406
30 497
3813 2817
5531 5190
2110 1610
2144 2541
5734 5336
7851 8037
9385 9747
9497 9944
4589 4862
3335 4060
6868 6113
3398 3370
5324 5619
2211 1564
7270 8162
9316 9389
6255 5756
8716 7910
9108 8670
9498 9819
8006 8435
5630 4902
5840 5140
5155 5080
1541 1800
8277 7446
7251 6974
27 848
9970 9239
1270 1611
7697 7549
8527 9065
2580 1812
4827 3921
70 726
10177 9199
60 453
4186 4035
7112 6819
1920 2374
4351 5345
22 875
2987 3461
1730 1283
1485 1981
6003 5435
38 234
4453 3943
8115 7393
2941 2552
5674 6378
56 342
3625 3673
4235 3557
1674 2314
7238 8139
10515 9786
3124 4006
6001 5661
3749 3841
3138 4052
9599 9686
3797 4181
8239 7477
4861 5167
7371 7453
11 370
14 865
90 338
1432 1152
7854 8580
94 984
6155 6842
84 781
7269 6975
2258 2588
29 168
6520 7401
12 343
6890 6548
3746 3289
7542 8084
9603 8631
4006 4015
1707 2685
5915 6758
3960 3692
10158 9997
3519 3457
9044 8965
9950 9836
4607 4164
8127 8541
1874 2400
2320 2916
5942 4960
8987 8883
9853 8928
2404 3370
5491 5821
6579 6346
8815 9541
7669 8091
9962 9123
2354 2502
1513 1903
5140 5430
6704 7597
4403 4252
6344 5735
5706 5039
4554 3968
5894 6251
5394 6236
24 347
9381 9170
7262 6614
4672 3783
52 267
1311 1535
1849 2238
4334 3948
8487 8083
2421 1691
7965 6974
1837 1820
46 661
6333 7231
6948 7766
6942 6874
35 317
1853 2329
8759 9048
6068 6238
5555 6209
6355 7005
3228 2407
4501 4469
4081 4622
8946 9183
7023 6074
8361 8775
7046 7276
5505 4699
3314 4090
9506 8879
10 471
5855 6563
79 697
6799 7336
8281 9128
2303 1813
8017 8633
2051 2813
6638 6269
7163 6274
6364 7024
30 278
47 697
9839 9842
1111 1849
3914 4623
9306 8536
7600 7095
3372 3232
4774 4928
10450 9638
2969 2845
3579 4185
3978 4149
10631 9638
2512 2063
5267 4699
76 855
1410 1760
5602 5768
3521 4418
5083 4414
500 1440
2592 2107
7611 8218
5475 6068
4172 3907
68 36
6943 6666
2372 2312
3254 3317
6254 5981
9261 9262
3299 4223
6200 5813
7052 7633
932 1612
7605 8545
878 1180
8810 9542
2044 2909
8523 8197
4434 3713
1760 1188
3018 3489
3521 3611
8311 8986
3586 3775
9288 9702
8361 8533
6879 6062
81 960
7151 6197
8077 7861
1793 2247
8486 8044
9390 9987
14 144
3982 3557
6270 5353
7019 7139
7125 7424
3429 3134
3854 4728
9479 8781
40 336
22 90
2922 3283
20 540
2030 1197
7282 8092
226 1074
370 1170
2952 2795
10183 9777
2310 3078
2151 2210
9155 9004
3977 3019
2184 2709
565 1084
3871 3076
9996 9567
7529 6706
2202 1609
5371 5708
10005 9559
4875 3987
6412 6801
1049 1780
5829 5968
6430 7358
1372 2052
4732 4289
820 1708
6536 7117
8264 9086
8364 7757
33 982
4037 3588
4197 4610
6877 7860
8555 7992
93 538
2953 3596
4875 4025
4350 3704
1484 1193
8499 8551
11 787
6335 6193
2408 1743
8455 9041
8836 9174
4694 3700
1957 1327
6080 6145
1639 1041
5279 5930
9164 8846
4924 4316
78 36
4782 4390
7151 6194
6216 6258
1704 1763
4359 5311
7356 8319
7530 6539
6149 6029
3523 3416
7721 6909
5647 4897
6688 6478
9734 9457
63 256
6354 6164
8283 8120
5068 4181
4353 4669
2578 1736
5916 5813
460 1394
3475 3180
2246 3143
2816 2452
2821 3253
9114 9201
9441 9965
7151 6707
9954 9685
6154 5774
1794 1673
7478 7827
6106 5454
1145 1113
8034 8334
8736 8754
24 201
43 943
2009 1183
3200 3077
9121 8226
2540 1605
1841 2635
8788 8400
4933 5102
3834 4490
9337 9423
2198 2335
8532 8888
3082 3337
95 691
6654 6164
5074 5611
9587 9570
2763 3756
6894 6118
1752 1028
27 805
9833 9077
75 436
7446 6682
1874 2430
4092 3694
6625 6902
9584 8706
1399 1514
8533 8632
688 1572
6597 6352
9151 8581
3533 4087
4967 5670
7614 6870
8986 9322
2295 2992
3461 3213
9268 8705
2189 2057
4608 4901
34 142
5348 5303
2324 2019
1927 1319
3263 3606
7601 7565
8869 8609
8098 8363
8410 7446
5107 4528
6169 5722
6737 5739
1583 1900
7207 6911
7317 7903
1938 1243
8578 8400
9950 9967
12 962
3626 3636
6210 7100
9289 8300
7252 7888
1885 2115
4335 4866
49 45
3894 3258
3831 4612
3524 3216
7484 6517
2085 2711
4842 5058
8537 8068
5566 6484
4580 4696
8785 8139
9956 9506
9044 8462
6740 6856
10036 9180
3170 3324
997 1613
9753 9975
9718 9829
1841 2031
9710 9340
4159 4364
9646 9842
5569 4721
3964 4459
2208 1631
6210 6077
2235 1846
4977 5063
9041 9649
5421 5071
8854 8439
4805 4237
6215 6016
918 1366
8746 9485
6803 6840
578 1229
3445 2515
8916 9916
1504 1637
2967 3374
9231 9354
8261 8767
5192 5888
61 705
9439 9442
2285 1876
7526 7845
4843 4891
2881 2516
5090 5155
6147 5792
8474 9150
7648 6779
5130 4231
10702 9873
7174 7197
2638 1803
9003 8656
5909 6012
6485 6353
3162 2322
9150 8699
5898 6687
8603 7799
8792 9275
6024 5895
10092 9473
10 724
82 925
3446 3501
48 326
4552 4540
2925 2135
4406 3586
7048 7560
4257 4031
5118 4230
2517 1664
76 947
9764 9678
10539 9923
7023 6350
9130 8611
7097 7175
3926 4254
1980 2185
9736 9529
888 1572
10366 9855
3045 2696
402 1078
6461 7114
4828 5707
4118 4544
4207 3411
8961 9840
4600 4381
4609 3867
4366 3689
1598 1417
695 1107
6829 7028
3804 4076
9675 9250
5518 6340
10492 9770
1551 1560
4205 5169
9148 9173
5275 5201
2245 2652
7042 6408
3856 3997
1589 1061
94 468
4897 4627
8842 8464
4672 3678
5710 6643
8329 8223
7135 8071
78 217
8808 8676
6236 6303
2181 1690
82 232
47 869
6550 6280
6792 6959
7203 6533
640 1457
2182 1603
9751 9798
5563 5353
7701 8372
4268 4949
1692 2102
8119 8881
2948 3878
2003 2661
7869 8477
3280 3325
9410 8666
9110 8883
7989 8089
2101 2290
3451 3585
6961 6338
4344 4790
615 1556
7377 7457
3154 4143
6521 5998
6253 6891
1412 1850
9161 9156
7777 7632
892 1656
2421 2091
10497 9520
7629 8030
8307 7344
4956 5582
7176 7234
1709 1554
3326 2399
4993 5991
8863 8413
2265 3202
1935 1596
10158 9505
7145 6340
30 637
9840 9378
5190 5495
7531 7720
8719 8114
2511 1885
5126 5511
4521 3662
3859 4032
8675 8441
7312 7650
6825 6895
7735 7104
2024 1991
2146 3068
1887 1889
2354 3325
2819 2939
8876 9488
5188 5856
7004 6825
90 511
8496 7500
5992 6314
8622 8297
6701 7490
8946 8714
3640 3910
9913 9927
5917 6540
6219 5596
3013 2560
6116 6348
8993 9696
7938 8427
876 1588
3741 3537
5739 4934
5082 5882
31 842
8205 8875
5959 5095
7983 7133
3878 4737
6603 5967
9845 9312
5243 5011
7235 8064
6699 6515
7546 6597
849 1172
1715 1901
3600 3844
9591 9572
10287 9338
8903 8616
10152 9621
8525 9298
5148 5318
9058 9711
6782 7034
6967 7562
1429 2015
5850 5995
4787 4178
2937 2088
4974 5062
5763 5893
2446 2982
6475 7213
8339 8144
9104 9133
2226 1453
3343 2592
5206 5570
5653 5425
4317 3444
98 496
5302 5322
3277 4255
3362 2392
7261 6329
9950 9022
4000 3518
6105 6601
3985 4624
490 1193
8669 9494
10396 9708
3391 4251
5030 5879
6736 6233
1692 2185
1306 2290
8002 8223
3926 4866
2952 3196
9515 9417
2706 3153
84 712
4571 4910
10392 9736
1638 1742
8182 7895
3668 3229
99 618
9292 9067
6105 5720
5958 6004
93 486
9494 9962
8020 7453
4138 3322
8289 9276
9568 9834
6382 6864
7812 8333
7284 6322
9644 9848
6328 5563
1556 1971
3907 4190
5275 5744
9004 8245
2286 1666
4298 3316
10477 9908
48 358
7064 7760
7787 7517
5470 5269
8494 7826
6527 7230
70 628
5518 4855
8972 9971
1629 1578
46 40
10 397
4380 4166
5836 5907
1702 1534
1998 2551
1515 1055
71 410
3630 3139
9600 9748
1336 1407
5786 5675
5873 6037
98 697
3977 4491
7449 7049
8295 7773
9475 9592
835 1471
7001 6101
8900 8416
3344 3035
9333 9601
756 1660
6434 7288
5803 5998
71 514
2319 1987
3733 4248
9429 8735
6341 6187
4041 3700
5610 5213
8227 8904
94 767
96 158
3253 2358
4123 4319
3087 2867
2599 2281
1509 1580
6002 6893
2952 2239
2651 1949
9322 9107
2839 3146
9748 9770
5395 5843
4712 5537
9967 9868
3886 3404
70 889
738 1164
7454 7518
8159 7986
4295 3715
8813 9242
9358 8819
4619 5124
6616 7309
1239 1415
5460 6222
295 1015
9424 8911
4462 3601
8074 7240
4285 4516
9326 9155
8166 8452
8859 8159
44 803
6515 5654
4872 5093
3648 2962
5625 5005
4773 4590
4347 5301
2840 3251
8583 7626
77 200
6156 5372
2759 2265
1162 1301
83 311
75 224
5306 5274
3460 3366
82 484
2512 1654
7800 7218
8508 8925
20 981
3423 3573
4285 3829
7673 6819
8513 9428
5484 6131
8407 7724
4448 3711
4854 4703
9020 9315
6366 6770
8623 7946
3056 3644
4153 4249
2384 3107
4372 5363
10426 9871
6697 7407
4089 4572
3277 4051
8412 8037
3075 3408
6807 7279
9006 9612
7209 7332
3233 3633
670 1503
91 989
6449 5888
6994 7939
3797 4564
2558 1620
6415 6078
4892 4070
6867 7623
6504 6802
4134 3350
4008 4722
9175 9500
3415 2506
5990 6280
38 969
2568 2110
2392 1589
3630 3214
7599 6835
5413 5352
881 1649
2274 2708
3196 3515
6884 6832
6996 7957
8711 9391
7681 8319
1791 1349
2266 2462
8815 7945
7372 6454
8051 7993
4082 4656
3437 3508
82 257
9039 8283
4232 3261
23 76
6840 7731
4416 3808
32 862
3371 2434
6075 6169
6724 6891
3664 3253
3644 4256
78 106
796 1306
9447 8779
4544 4016
2504 2626
85 806
2551 2628
2215 3088
8099 7337
44 493
7266 8237
7850 7382
1610 2248
4114 4048
9449 8644
5444 4497
31 697
8612 7986
3109 3130
7135 6615
30 75
2911 2078
1272 1570
2590 1694
3618 4001
4878 5653
10635 9758
3336 4076
100 755
4776 4095
4995 5948
2056 2804
83 314
4469 5375
4237 3604
57 40
7066 6622
4704 5460
1162 1878
4346 3864
2967 2644
6622 6601
3242 3000
9203 8891
2255 2274
4265 3524
30 158
2125 1347
5340 5006
4875 4232
8375 7641
6026 5193
8251 8490
52 814
2377 2587
8159 9089
8352 8877
2686 3403
8994 8565
7142 6175
1658 2432
6957 6176
3722 3302
7890 7273
5367 5090
6882 6246
8199 8316
7991 7123
2966 2854
9224 9676
9192 8543
8084 8792
2953 2564
2648 3324
7804 7887
1931 2283
68 723
24 662
5147 4198
66 207
8991 8481
10097 9389
56 245
4886 5284
2011 2871
2782 2187
7696 8111
4956 5038
1674 1383
2024 1257
2984 2431
3611 2807
7502 6970
3395 4117
9344 9779
1107 1873
2156 2480
2013 1246
2063 2282
7952 7360
6316 6898
9786 9983
3113 3522
4167 3889
3490 2609
78 518
3891 3253
6395 6687
3011 2106
6018 6150
3250 2396
5107 6062
8599 9062
50 529
13 825
8460 7670
6820 7114
3001 2973
2441 1605
896 1816
733 1665
1056 1707
4300 3567
42 118
3902 4080
9491 8746
2264 2313
9137 8396
7040 7514
24 500
77 945
5201 4658
2425 1635
8163 7965
2514 1946
7500 7960
1812 1688
8845 9078
9263 8527
91 458
7762 8687
7957 8691
4646 4478
5374 5552
2737 2238
7717 7312
5727 4934
4016 4692
5426 5306
10173 9419
1949 2751
1972 2543
3707 3424
3742 2850
3604 4032
3497 2887
7759 7942
2084 1657
2290 2858
2072 3046
644 1515
4195 3304
5268 4678
4073 3102
63 263
8814 8996
7771 7780
1383 1032
3812 3587
3780 3099
5703 6650
4352 3949
6603 6833
3608 3414
2572 2692
3557 3904
96 745
5667 5886
7960 8560
6397 5614
9650 8765
4405 4727
10339 9446
2641 2352
9101 9616
7244 7697
2621 3360
9050 8972
4968 5413
5519 6044
8721 9186
4768 4877
6475 6587
7919 7024
6077 5517
5536 6520
100 352
9220 8548
4570 5483
1071 1892
1147 2064
7336 7497
726 1530
3943 4401
8320 9147
2283 2207
951 1786
6224 5845
5927 6257
2648 2513
9768 8948
7965 7279
5556 4737
1846 2104
8409 8002
5401 5944
24 680
3495 2632
8454 7627
8129 8732
4311 5281
789 1614
5223 5876
6768 6599
2244 1599
6381 7314
40 431
6086 6113
6984 6360
7373 7794
3914 4583
3942 3014
5314 4870
8550 9061
10589 9991
7448 7178
1302 1367
7344 6606
1416 1916
2379 2109
9129 9673
8505 9194
6351 6063
6690 5821
12 276
8520 9375
9686 9147
10312 9944
1924 2115
8963 9894
9178 8875
10277 9284
5848 4981
9526 9748
3770 3414
8840 9321
1885 1634
6051 5974
2374 2288
2432 2339
1954 2410
7813 7353
9700 9583
9801 9774
38 916
2684 3146
7031 7844
5432 6118
60 982
5974 5689
9154 8349
3417 3901
1763 1542
1812 1603
6592 6989
7158 6879
7062 7497
4091 4748
7791 8553
7172 7938
9107 9611
2200 2471
1195 1444
6320 6102
6581 7082
7667 8184
8105 7441
7364 6897
85 125
4133 5070
295 1158
7879 7061
1819 1210
14 842
4444 3731
4224 3263
9426 9983
1991 1771
7288 6373
7212 6799
4333 5316
3322 2331
7381 7341
7587 7161
8420 8368
3638 3033
10300 9430
5297 4943
2310 3046
9224 9978
7021 6071
1681 1434
3302 3618
7765 7493
4467 3535
9014 9011
5397 5565
7363 7212
5650 4929
87 905
8398 8030
912 1203
2467 1517
8007 8080
3916 4531
6883 6346
2788 2035
8463 8129
2363 1627
8666 9313
8832 9422
7182 6779
5479 5718
6165 7161
5657 5994
4047 4051
7159 6878
8797 9156
5070 4517
73 272
4681 4894
86 461
5095 5075
52 273
6787 6882
3595 4428
8726 9080
7576 7791
3188 3213
21 198
1838 1254
3866 2931
1426 1623
3011 3918
7201 7798
4332 3632
1978 1115
3035 2071
98 222
6797 6674
9598 9396
6425 7321
3791 3221
6809 6665
1156 1767
6202 6497
2844 3729
3755 3131
7477 6604
96 625
9599 8846
6935 7611
4434 5114
6922 6336
10271 9733
8881 7940
2939 3936
6011 6919
5614 5258
1440 1961
9176 8183
8151 7705
5012 5533
8405 7483
6015 5071
3122 4097
40 287
855 1761
2834 3772
7310 6970
7887 7343
9142 8161
2567 3018
3322 3638
8593 8138
3158 3669
6554 6383
5339 4369
2405 3402
7427 6741
7183 6426
9121 9091
3892 4224
1907 1060
2958 2146
2618 1651
7236 8068
2293 2927
9321 9113
4233 4787
7491 6963
8532 9193
1156 1020
7923 7726
7503 7829
5172 5742
4923 4718
10673 9986
3560 3357
3626 3732
6763 7110
3890 4699
37 213
9131 8332
10106 9966
62 730
1322 1942
7705 8605
8061 8295
3765 2832
8088 7283
4498 4341
4739 5536
2120 1133
4611 4059
9340 9535
8277 8610
1799 1355
1123 1571
2467 2244
5874 5405
9780 9885
8022 7132
1178 1145
5410 4545
78 502
7640 6988
4998 4531
1806 1942
3486 3017
10567 9778
9474 8569
2287 2985
35 316
6974 6756
5674 4821
3659 4104
4835 4473
1987 2563
5978 6750
8132 8679
9570 9956
6876 6984
77 590
4817 5314
8801 8543
5987 5117
7676 7328
5016 5247
8733 9004
4991 4551
7247 7944
6804 6713
63 532
5936 6902
8874 7992
7692 7824
3881 3999
87 760
4837 4232
5781 5177
658 1450
1882 2163
2510 3326
7613 8097
4503 4287
3563 3080
9651 8744
2592 2312
20 976
8970 9317
2263 2396
3831 3740
317 1089
4018 3043
1055 1443
5326 5771
2328 3313
8036 8515
5739 5672
6410 6535
4213 3633
51 880
8544 8705
6235 5907
1949 2077
10353 9538
7125 6287
7492 7746
6659 5797
7263 6445
4373 3863
1317 2280
3582 2997
7550 8026
8879 8224
2882 2834
39 293
67 871
6834 6090
5260 5134
9374 8713
2969 3055
4937 5227
1250 1056
8763 8795
5468 4470
6324 5477
2148 1679
6608 6840
4867 4062
6164 5212
7356 7874
6060 6586
1913 2166
13 556
3068 2564
1819 1145
10019 9217
74 92
3756 4260
4282 4098
5886 5328
5363 5976
4830 5419
2746 2376
2646 2053
82 645
44 214
7901 8862
45 359
55 664
5737 5931
2501 1735
6041 5898
8769 9190
1282 1433
6408 5770
2910 3614
10229 9503
4263 4804
5043 4807
4378 3674
7938 7189
2386 2435
9100 9599
5485 5842
3962 4775
769 1147
9747 9670
8653 8015
2532 2098
9340 8868
10004 9068
3046 4044
1682 1669
5650 5218
3772 4074
10736 9790
2915 2441
1381 1080
100 489
3154 2650
65 239
3666 2783
9400 9910
86 532
1790 1609
249 1071
4090 4406
5227 5317
5789 5209
5072 5363
8528 8779
4426 3649
8047 7153
49 378
3805 3493
8533 9047
9578 8765
4938 4521
4413 5366
8401 8903
1870 2686
56 326
8362 9178
4206 4741
10686 9754
65 822
177 1016
2104 2099
2641 2936
60 756
6468 5752
3087 2392
3422 3599
7812 6972
875 1126
3943 4164
7486 7426
1192 1863
7320 7280
2759 2734
7318 8145
2931 3414
3529 4018
4948 4015
30 308
16 717
8992 9148
5150 4594
6336 5738
6579 6568
5065 4937
5065 4637
8452 8434
2446 3306
6251 6928
2119 2530
8786 8845
4650 4707
7793 7506
4376 4160
7020 6941
5838 5858
3574 3417
2643 2898
9168 8916
9025 9035
9118 9207
1448 1653
7867 8784
462 1430
3976 4383
6483 6342
6937 7104
9317 9224
2368 2159
10314 9470
7426 6620
4412 5289
6472 5619
7614 6679
7951 7566
9722 9890
3934 3972
8724 9345
5193 4288
8507 9399
3301 2618
7953 8310
4161 4894
3859 3706
7135 7463
5535 5343
4429 3609
5645 5861
5734 6704
5940 6400
7695 7818
66 243
5469 4992
92 271
2981 3202
59 50
3637 4457
8672 7817
9382 8922
7692 7926
65 584
60 812
3271 3041
3521 3564
882 1156
5012 4710
2705 2023
8450 7566
1815 2382
717 1369
3192 2286
9056 8229
1430 2078
6351 7132
1626 2561
1162 1642
7356 7190
6327 6958
1137 1113
6813 7026
5888 5909
2320 2350
9943 9297
7976 8928
8060 7665
5644 5908
8636 7908
358 1351
8884 8772
4938 4270
7607 8222
7779 8450
7510 8145
5679 5446
4900 5173
2027 3018
1294 2015
3597 4529
9332 8485
2281 1619
6799 6052
7845 6921
4060 3920
4477 5226
7326 6763
4236 3398
4880 4352
1369 1661
5075 4226
9753 9633
9979 9548
9656 9515
3156 3085
6376 7150
9836 8889
40 1034
1560 1535
45 333
8256 8320
2490 1945
8468 9207
49 184
2381 3141
3189 2381
5534 5613
1507 2268
4494 5183
9733 8949
7085 7068
319 1296
7077 6985
6169 6615
9083 8327
1594 1617
3143 2886
8798 7926
86 520
9002 9294
5671 4808
7626 7620
3642 3955
1641 1109
8845 9310
39 174
7091 7437
6979 7446
9271 9856
6835 6298
8985 9560
9174 9063
3107 2811
1350 1592
3549 4145
6976 7106
7756 7673
4321 4976
8829 8960
7344 7443
6416 6686
2253 2780
4396 4625
1633 1060
2543 1964
8627 8277
1731 1327
9577 8947
6936 6390
6514 6571
3794 4687
5314 6288
7788 8470
4670 5020
4626 4853
7085 7061
8485 7646
2727 2052
1152 1694
9579 8989
7984 7348
2511 3432
1783 1459
5952 5926
4204 4277
8420 8935
1078 1575
5996 6559
3704 4461
10 69
10799 9980
1255 2010
6432 6066
8048 8674
5926 6775
7410 8048
634 1024
4662 5572
3578 4236
6095 6258
6265 6552
24 554
2276 1522
5973 5307
2121 2243
5381 5881
9530 9429
8982 8752
6993 6788
3771 3571
6809 6754
5455 6236
9733 9419
1872 1078
7154 6887
3821 4247
9298 9334
74 158
76 78
37 30
3225 3153
2255 3020
7183 7606
7234 6378
3950 4195
8963 9265
8201 8794
449 1210
6338 5600
9927 8936
7614 7896
1214 1401
3591 4310
6890 7537
4610 5071
24 543
2989 3809
6287 5745
5131 4212
9412 9494
4448 3710
5758 5528
2893 2826
4041 4396
1806 2800
8550 9259
34 383
18 173
9386 9680
8671 8139
5976 6082
6288 6486
10118 9834
8119 8068
4203 3822
8122 8746
9012 8289
644 1502
2438 2494
7597 7912
8518 7880
6092 6059
5646 5204
9961 9354
7782 8299
6985 6597
8014 7948
8262 8139
9055 9962
2412 1947
4331 3355
8962 9372
8312 8422
55 377
1081 1701
1208 1173
5367 5806
7577 7002
8607 8713
6724 6580
16 647
95 843
9578 8879
2463 3308
856 1025
7266 6290
5304 6275
8979 9910
9340 9383
3894 3132
1137 1932
5583 4894
5951 5272
6662 5757
5486 6318
3271 2834
61 933
4644 5080
3789 3607
1766 1613
5856 5452
9246 9664
2631 3408
8653 8655
60 575
5677 5182
1590 1165
10342 9516
7234 6538
4734 3784
5610 4990
7008 7932
4687 5650
1860 2839
7303 7437
4942 5067
2327 2152
6979 7009
9806 9715
7956 8518
1997 2804
2668 1705
8360 8247
6464 7181
974 1900
1572 1183
2779 3226
3164 2265
10688 9853
2322 1521
5990 5203
2599 2762
8250 8287
3726 3566
5190 4600
67 910
5332 6207
7472 8382
4267 4346
6075 6157
6441 6004
8845 8200
96 470
7776 7397
3206 2586
4494 3530
7958 8159
9425 8479
5264 6051
8924 8374
7961 7181
4291 3764
6088 5761
4919 4269
8230 7547
6515 6574
8917 8514
2311 2574
7464 7860
4300 3766
867 1358
10751 9922
90 149
3493 3023
5231 5870
4633 3655
6031 6254
9585 9331
6440 5771
2646 2897
10174 9577
5531 4659
68 304
1206 1152
9182 8944
2005 2553
4643 5441
8465 8084
96 203
7848 7886
2718 1870
5960 5973
1300 1989
7448 7187
7850 7339
6924 6682
7771 7562
5155 5219
4739 4366
8412 8520
6719 5810
8329 8693
2569 2415
4970 4222
1441 2336
3721 2963
6049 5939
1675 1900
10262 9625
6499 6725
2621 3484
94 225
8937 8697
1105 1638
1645 1083
2573 1669
9642 9244
3010 2326
2956 3930
6225 5849
1566 1797
6857 6724
2800 3054
3395 2853
2346 2605
1190 1142
2701 2810
994 1791
2288 1485
3985 4852
8685 7857
751 1750
1854 2705
7378 8095
10333 9365
5587 5384
6918 6418
85 895
6024 6763
2249 1937
6520 6429
9348 9274
4277 3285
6330 6109
4037 3752
5510 4732
2029 1193
5868 6044
6229 6551
4597 4997
7229 6662
1783 2407
10434 9719
2745 3397
5200 4723
49 831
6574 6079
5211 5906
8384 9009
7696 7839
492 1382
1687 1331
9558 9387
1919 2768
7550 7973
1092 2025
8251 8542
8254 7689
3485 4311
1443 1746
4771 3847
2483 2951
6755 6935
4535 5328
4124 4428
5706 5423
7865 8642
1103 1700
3834 3307
6141 6423
3585 2786
3894 4786
7954 7940
69 472
4306 4709
63 708
7183 6592
2659 3350
1617 2543
7469 8394
4346 5170
4088 4917
2616 2141
6734 5882
7230 6772
2683 2384
6313 5690
79 245
8230 8016
1667 2440
5782 5021
4751 4311
1562 1316
5287 4862
1800 1405
9646 9990
3168 2591
5656 5546
4107 3382
3892 4216
1620 1193
5892 5379
62 932
4922 5795
9265 8702
7271 6705
9299 9878
2105 1753
8718 7933
5956 5166
5661 5428
3271 4085
7454 6823
6411 5459
1951 1498
9765 8960
4146 4040
6644 7383
10246 9293
2393 3264
2998 3343
37 789
7663 7398
4991 4050
12 512
3093 2396
3497 2801
2158 1988
1892 1060
4580 4675
1031 1504
6930 5966
10 29
8808 9101
5751 6602
7571 7433
10430 9816
93 556
6533 6795
5828 5718
4965 5148
9441 9214
9151 8372
4145 4909
940 1481
5392 4814
7818 8034
1463 1945
8821 7921
6986 6003
9534 9071
25 354
3672 4150
5715 5776
90 45
4506 3529
2884 1930
1648 1821
9775 8979
4675 4463
6912 7653
7528 8125
3029 2142
7011 7323
1870 2383
8659 9194
86 964
5363 6115
5677 5928
10037 9041
39 145
7588 7669
6776 7066
8084 7357
2191 2686
9929 9309
10263 9785
6274 6323
5840 4939
1905 2147
7040 6476
4905 5828
8595 9425
7893 8160
5407 4867
2095 2079
6695 5806
7931 7020
6591 7054
5294 5105
610 1543
6113 6400
2214 2916
823 1376
10621 9656
4559 5393
8223 7733
7001 7254
3840 3937
9790 8990
6401 5735
263 1232
5586 4662
1591 1944
2285 1595
4301 3362
5988 5749
6351 6118
7186 6425
8468 8076
92 446
1612 1891
2780 3492
8817 9007
5049 4934
5390 4639
1831 1183
6456 6907
6084 5186
9220 9380
3776 4536
4516 5367
1097 1386
3641 3334
6367 6560
2053 2688
72 358
9793 9169
5012 5512
8642 8012
3170 2741
4400 4635
4366 3377
8745 8239
1675 1275
9862 9851
5763 5674
1246 1902
5121 5091
3191 2770
3521 4333
8661 9336
8119 7241
7000 6940
3162 2326
24 661
2214 2099
1718 2082
5414 5601
6168 5913
3791 3872
3318 3646
5665 5514
2394 2274
4662 4420
7071 7432
5331 6095
9104 9292
8209 7506
5135 5237
3934 3726
39 978
98 586
9261 9181
5774 5872
8809 9081
4082 4317
9851 8980
3195 4031
2051 2823
3497 4497
5999 5303
9220 9833
6800 5989
8781 9074
6367 6805
3248 3153
9095 9042
4755 4460
44 331
2355 2933
5950 6768
5449 5603
2871 2944
7089 7366
3022 2428
7236 7897
5732 5948
9122 8496
6020 5204
10403 9518
72 512
5823 6040
8493 8202
10061 9645
3190 2745
6523 5958
3832 3568
6847 6034
2389 2426
7313 6984
4018 4296
10827 9950
9388 9627
1952 1586
2961 3673
5309 5231
7151 7755
6776 7121
1110 1168
41 559
7532 7322
2168 1532
5263 5296
6484 7066
3758 3225
7409 7412
5425 4940
7897 7081
4117 3943
7807 6944
7279 6884
8525 7796
4009 3415
6695 7111
5332 4605
78 292
9143 9568
97 565
5816 5159
8055 7223
9014 8886
94 824
8980 9645
7338 6622
8598 7848
1099 1527
5465 5137
2993 3739
6480 6766
8462 8916
931 1592
6245 5580
54 963
10159 9180
10021 9156
9079 9895
7169 7022
5459 5000
7438 6997
6188 6361
100 567
4879 5677
7481 7637
1548 2186
21 573
8095 8619
6839 7303
9823 9847
10593 9959
8969 8162
42 949
4033 3628
4965 4706
5938 5637
6827 7282
3900 3002
1303 1492
2796 1870
6651 6045
3751 3431
2525 2565
9071 8188
4858 4805
14 620
8281 7429
8662 8944
9459 8753
5970 5433
3692 3551
7099 7103
6515 7248
5018 5036
3648 3562
8816 9642
8040 7812
6084 5523
1190 1025
8114 8848
4448 3756
4292 4696
49 165
698 1076
7029 7142
1582 1571
6626 6169
6704 7402
9551 9788
1617 1214
7721 7928
4108 4781
1858 1037
1033 1347
1838 2146
2867 2299
3882 4255
2814 3707
5534 5039
7071 6717
6838 7216
1451 1474
9623 9356
4203 3634
8631 7686
8192 7556
3657 2863
7369 6679
8275 8909
9271 8292
9097 9267
1907 1336
9353 8872
3229 2330
3110 2131
1855 1586
234 1119
8940 8521
4075 4140
1601 1482
7330 7564
3716 4327
1689 2461
8863 8925
5674 5373
6948 6525
5709 5981
3963 4825
4418 4815
7898 8809
8126 7950
8378 8409
36 639
4659 4702
6667 6124
9488 9796
8441 8350
46 1005
10084 9908
3521 3535
4702 4930
4781 3821
7165 6290
5077 5635
6139 5701
694 1567
8322 9053
3837 3267
2186 1930
1676 2561
3717 3205
290 1217
8051 7724
4923 4885
5958 6914
9154 9720
7660 8192
6862 6968
4968 5716
6615 7480
46 909
1996 2619
5968 5695
66 13
5378 5929
99 759
26 676
46 821
6134 6623
2753 2653
26 381
6359 6844
7017 7493
3548 3894
4418 4160
1601 1211
6767 7314
62 787
7214 6251
6400 7125
10315 9758
6319 6526
7266 7212
1713 1946
8423 9016
36 100
4043 3251
962 1769
9859 9041
5251 5810
3041 2766
1742 1248
7142 7544
7913 8440
7357 6573
2592 3191
82 865
4303 5239
2896 3036
3364 4298
5994 5830
3662 2727
2046 1131
4941 4848
7770 7187
8091 7106
1872 1448
2950 2733
4822 5134
9058 8788
5212 4563
3681 3222
87 332
4033 3147
8678 8523
7228 7737
55 575
8088 8989
2718 1977
10204 9553
5172 5826
3114 3225
1624 2193
6439 6335
5736 4928
6997 7984
3429 3835
95 874
2702 2204
3170 3251
6945 6717
4483 3836
3619 3356
4143 3847
5344 5661
8041 8906
2083 1153
3224 3654
5603 5962
3012 2066
8966 8016
2791 1960
8292 9131
65 267
6825 6035
79 213
68 125
1368 1748
99 602
8238 8654
3701 3283
3441 3467
10160 9798
5139 6080
6058 5816
2799 1869
6223 6598
5432 5354
5969 6206
3229 3839
2032 2023
4866 5525
2885 3308
1003 1965
3185 3367
5996 5675
9384 9075
5105 5616
3301 4116
8033 8153
7107 7675
5651 6065
10269 9305
8082 8701
3892 3366
35 508
4802 4961
3775 3113
1047 1094
4082 3438
6688 6040
4384 4632
78 348
2744 2759
2432 1592
2865 3405
9348 9557
89 183
8438 7861
8500 8358
5309 5639
4950 5922
1418 1502
4860 4308
620 1178
8168 8967
9167 9563
7880 7348
3039 3778
8572 7784
2370 3027
8635 8510
46 23
8192 8961
1239 1267
7932 8665
67 487
10579 9885
5936 5205
9084 9114
7654 8320
2288 1719
57 731
4093 4883
5023 5547
2746 2907
2525 2054
6390 6260
3023 2892
5883 5835
5548 5414
7729 6912
5129 4335
3332 2609
899 1701
70 909
8751 8017
7667 8198
6906 7865
5306 5506
9267 9206
3202 4061
5031 4380
8566 9308
3660 3784
4814 4029
3063 3812
10568 9617
7167 6609
2033 1308
7716 7536
3108 3439
2552 1600
5879 5152
9146 9326
8563 9519
7014 7162
2741 2537
1397 2339
10033 9313
2064 2356
5448 5159
3547 2761
2350 1877
10029 9814
49 295
7049 6746
8708 9468
7079 7460
2489 3198
1637 1823
5124 5077
3883 4342
4118 3745
1900 1361
4231 3785
7447 7748
7873 7581
6527 6147
2856 2384
3205 2351
4978 4989
10535 9727
3380 4306
956 1714
6740 7155
2166 1524
72 209
15 730
10378 9710
5134 4746
8177 8019
9356 9897
7208 6699
5955 5810
14 817
3267 4149
39 137
5550 5547
76 687
3209 2938
9194 9986
3604 2921
2280 2092
2926 3210
99 186
27 473
8526 8267
8439 8138
6088 6872
4010 4630
7025 7419
3865 4446
8993 8999
4367 5065
2649 2110
7580 7818
5612 5435
8608 8721
4378 4836
1795 1347
1339 1283
3147 2909
7229 7587
2485 2433
4561 4818
9420 9019
8091 8969
4398 4471
3671 3881
4618 3871
3213 3036
1308 1407
6738 6942
9190 9011
3461 3035
7954 8071
5309 5502
6826 7329
4140 3986
9507 8512
53 240
3518 3577
1548 1256
4344 3461
7338 6849
8840 9016
2272 2765
5724 6080
99 750
988 1454
8599 9153
1445 1307
930 1026
18 477
5677 4719
34 506
61 138
3264 4220
8295 8381
4737 4526
9166 9049
809 1646
3975 4207
7061 6336
9705 9390
10205 9354
6084 5423
9526 9517
5257 6206
10236 9243
6571 6379
8377 7597
84 158
5913 6397
42 444
8638 7918
77 35
2099 2722
2395 3309
4158 3755
2601 2021
5098 5709
9253 9864
2413 2206
9113 8480
1943 2038
57 898
505 1322
5167 4680
9108 8235
2082 1268
8371 8183
74 273
4080 3791
1878 1928
2410 2967
49 925
73 129
437 1273
1738 2188
1967 1070
9082 9017
73 424
3370 2688
9684 9388
10375 9724
8896 7976
10565 9694
8852 9840
89 232
432 1082
10515 9840
1192 2003
1013 1071
4978 5000
1758 2437
5765 5003
75 1000
2230 3211
1772 2239
9101 8803
28 829
4273 4305
9869 9367
6536 5866
9281 9282
2780 2537
3156 2891
4511 4832
2037 2358
6808 7320
6836 6303
5105 4218
4836 5366
7529 7911
8082 8118
5658 5050
9403 8736
7363 6926
4228 3331
2986 2534
6076 6273
7227 6521
6826 7287
4723 4310
85 544
66 569
10553 9708
9573 9087
7972 8164
9880 9310
9615 8899
2209 1429
4416 4485
315 1306
6862 7139
4878 4352
2720 2495
4355 3658
9078 9087
2301 3047
35 335
80 814
4904 4404
2408 2109
10486 9848
6142 6197
8910 8367
8265 8751
5439 4672
5526 5502
3407 3702
5739 6702
8782 8214
9429 9146
4695 5340
1665 1556
70 383
8444 7946
10202 9291
8758 8623
5962 5200
9878 9773
2985 3426
5001 4722
5416 6341
1763 1510
7442 8163
6570 6812
5517 5847
4760 3777
7367 7123
5881 5748
5923 5472
6458 5730
3427 3330
8308 8891
7099 7568
8484 8877
5884 6516
1000 1633
4425 5001
6953 6954
9074 9572
7586 7033
3953 4945
9289 8479
6109 7000
6218 6334
2901 2484
5307 4393
2161 2875
2215 2207
7956 7900
1802 2638
2891 3261
7261 6454
7227 6296
99 18
9004 9916
1912 1205
6510 7199
7050 6841
6399 5968
2618 2463
7997 8060
4900 4113
1763 1655
1081 1569
9814 8817
5361 5972
2277 2614
7129 6956
6371 7216
5462 4740
9000 8273
7328 7303
3808 2924
2494 1659
4465 4546
3639 2973
4713 4923
9365 9394
10731 9922
1647 2312
5367 5212
6196 5414
5872 5523
6113 5189
2027 2255
4168 3228
3318 3575
4573 5256
7102 7659
2803 2160
1678 2503
9214 9833
1134 1933
10145 9536
4981 4825
8626 8887
1282 1450
2720 2763
3618 3411
7373 7197
5189 5685
8598 8261
7333 7236
9985 9881
3932 4285
4118 3362
70 461
2226 2359
8865 9643
9289 8951
1035 1809
6953 7755
2503 1968
9431 9314
4932 4677
4258 3413
6935 6413
7688 7085
5361 5933
1189 1474
2206 2024
7856 7393
6853 6984
28 542
8889 8076
3127 2289
9572 9722
5046 4740
5497 4550
7655 7789
4265 4794
8418 9111
7941 8258
3109 3118
900 1663
5664 6382
8420 8103
3251 3620
3383 3551
8214 7776
3930 4236
5174 5099
5525 5183
5120 5137
87 300
3844 4092
8743 8360
6369 6400
5239 4787
4856 4662
7562 8076
5396 6072
1188 1566
6034 6685
2534 3493
75 611
4957 5359
7061 6313
2255 1445
6081 5893
2934 3766
4745 4213
1796 2152
9423 8881
5971 5633
5431 4684
10394 9690
4555 5092
7951 7250
80 49
2923 2894
2378 3223
8295 7848
4362 5067
3344 2719
4477 3662
4040 4264
4982 5977
70 469
4056 3133
4950 4533
2955 2307
2665 2883
2672 2503
4956 5715
94 1082
2975 3365
2197 1733
8502 7780
12 343
86 657
6266 7113
7647 7690
7404 7831
2911 2242
5397 4858
3639 2782
53 245
5322 5388
5969 5051
7116 6989
8375 7681
6535 7191
7289 7976
8502 7953
8654 9631
98 191
1216 1092
4278 4845
6998 7821
2738 2173
8773 9613
9435 8458
3632 3843
55 394
6786 7738
1599 1749
7654 7885
3493 2815
3195 2743
7742 7895
9099 9723
4770 4868
9043 9706
1645 2357
8527 9524
3976 3716
1028 1317
7911 8262
8596 8068
8788 8420
6251 5481
883 1337
2807 3785
4724 5630
86 809
6611 7046
4384 4054
6826 7050
6298 6996
6460 5935
9445 9504
6252 5786
7554 7966
7024 7785
5533 5778
78 392
8495 7547
6365 5502
9982 9068
94 150
9306 9407
87 687
5102 4757
6367 7142
457 1425
1008 1703
164 1100
3884 4129
7990 7885
7013 7557
3554 2892
24 768
42 662
10693 9906
4831 5189
9766 9291
95 380
4914 4259
100 129
3280 3457
2584 2449
9126 8967
6220 5620
5397 5472
3112 2907
6198 7049
9386 9778
5939 6765
6639 6265
8045 7982
9521 8920
6221 6525
4198 3424
2626 2252
2935 3574
791 1491
4142 3878
8246 7607
6519 6323
1926 1596
6357 7152
5091 4383
2825 3493
9337 8974
8504 8943
7952 8922
3793 4647
4119 3921
8060 8001
3094 3782
26 453
13 63
4818 5262
2070 1473
2517 2059
5022 5152
6654 6452
6320 7246
4231 3360
68 54
9276 8486
9535 9068
5058 4680
5419 5606
9344 9637
6333 6731
7960 8229
43 794
7178 6432
36 530
9451 8623
4330 4375
5963 6897
7791 7282
7925 7979
3185 2515
7160 7209
64 244
9436 9056
1517 2400
10352 9634
4195 4045
3437 4323
7780 7358
5615 5514
7170 6539
5139 6001
2423 2941
8236 7417
7665 7930
8928 8241
1965 2022
6499 6793
7939 8881
7428 7793
5770 4883
8495 7599
3613 3952
24 146
8834 9368
6795 5950
9938 9940
6720 7323
5453 5567
8517 8563
8717 7934
4370 3718
7114 6725
9854 8926
119 1092
7414 6625
8891 8634
7697 7491
3155 3942
65 243
7206 7702
9097 8711
6843 7806
6335 6709
2937 2480
1374 1281
1562 2388
8577 8527
4278 3392
9483 9885
70 918
9447 9396
3012 3844
3238 2959
8559 8002
3429 3621
4113 3963
2764 2114
4551 4204
7747 7427
6702 6340
1803 1303
8512 8775
341 1299
5885 6701
6635 7604
13 353
9688 8949
4768 5485
7404 7248
6473 7151
19 621
6847 7124
6486 5986
4662 4135
31 837
4204 4250
7245 7992
9043 9942
4291 4502
6395 7256
5471 6227
2534 1985
89 860
6462 7057
3843 4045
1272 1604
1582 1216
7114 7424
4416 3776
90 410
6561 5730
5301 5475
7567 8272
9733 9773
4975 5692
2378 2442
1123 1521
5158 5213
6718 7259
8009 8986
8316 8723
4402 4353
712 1452
2531 1626
9242 8884
4036 4531
6273 5477
3563 4344
5943 5026
5064 4401
7818 8382
8467 8626
3059 3343
51 992
3418 3143
4600 5181
5474 5655
1065 1367
7055 7680
3184 2758
8687 8246
8326 8733
1109 1420
6746 6865
7846 7972
46 904
1940 2753
9694 8767
9112 8501
9295 8412
4267 3808
17 528
2928 3745
8083 8456
728 1449
8076 7739
3956 3474
5470 5186
45 698
2517 1587
10378 9843
3011 2070
8855 9510
5509 5020
6797 7032
85 382
3613 2910
6809 7394
8818 9159
4701 4652
1749 2643
6488 5591
8755 9645
53 219
8426 8968
2565 3061
7248 6373
9482 9763
2023 2653
8406 9269
7842 8037
4133 3579
10640 9834
92 483
9393 9819
7280 7174
97 529
6108 5149
6270 6818
5988 6224
7638 8154
8367 8303
6067 6584
3736 4371
6223 7200
6128 5663
10186 9932
4195 3744
6240 6498
4842 3903
5451 6379
4072 4811
1811 1060
44 907
8265 8377
3285 4157
7420 6908
4902 5477
7330 7829
10060 9902
5340 5664
2871 3004
7210 6759
885 1830
7502 6826
8816 9254
4563 4961
991 1794
3505 2839
5914 6522
5867 6527
3637 3755
7578 7375
7976 7032
7523 7812
3900 3754
7558 8558
6496 6160
4793 4475
4257 4472
6219 7200
3292 3559
7154 8004
1417 1083
7191 7291
2224 1444
1938 2025
7388 7296
2127 1510
4180 4119
4259 4908
54 920
8139 8484
8745 8140
1077 1259
1701 1140
5980 5869
9412 9845
3186 4036
9654 9036
10049 9763
8262 7452
9450 8867
6010 5104
4281 5023
8481 9371
2429 2787
2371 3063
5583 5909
749 1310
7657 8529
2931 1966
65 137
8695 9541
6885 7590
1952 1984
3712 4326
4458 4410
6766 7764
61 297
7910 7474
4760 5371
4560 5202
8085 8136
2629 3425
8173 7750
18 932
7422 7987
4166 4718
8279 8552
3066 2629
1274 2167
74 223
10124 9509
1349 2215
9577 8785
5678 5588
5861 5202
6422 5930
8767 8215
4477 3875
34 673
4473 5059
2764 2227
68 893
98 958
4581 4543
7484 7228
6052 5164
9353 8557
5070 5373
94 1090
3006 3547
3961 4390
1518 1203
6660 6831
5165 4917
2202 2056
5710 6206
733 1591
3066 2516
1863 1280
9065 8376
8953 9458
8644 7703
3045 2124
7770 8213
78 739
17 299
5816 5356
78 403
3879 3645
7494 7747
7979 7933
1768 2419
8440 7808
3942 4725
35 195
1261 1733
52 728
3922 4034
2394 1686
396 1145
1949 2899
9647 8776
17 600
7788 8470
1751 1557
3032 2763
4792 3814
3947 4436
6163 5296
5840 5401
10227 9823
1531 1806
35 578
10662 9857
10389 9987
382 1317
10040 9901
95 896
4929 5585
1534 1573
4502 3502
1527 2084
7389 7807
3844 4733
8821 9808
6461 7363
1559 2405
7527 7357
4156 3177
9312 9925
8838 8667
5498 5690
2027 1779
1596 1213
10021 9870
6961 6111
7023 7966
54 69
5935 5931
4718 5156
66 720
3308 3300
8091 8870
4009 3700
3664 2839
6886 7711
3719 2737
586 1447
7683 7807
8549 9351
7652 7837
6167 5757
2283 2294
95 503
2633 3489
8506 8893
4547 5374
5048 4728
6058 6766
1546 2436
3978 4430
5021 4797
3424 4221
1928 1882
10218 9815
9182 9008
945 1111
8345 7707
8819 9768
7399 8211
4840 4418
91 732
6531 7514
6064 6241
4877 4138
540 1026
49 108
11 950
14 506
9507 9585
8919 8166
7132 7350
8814 9286
10056 9806
7243 6357
6698 6608
4830 4181
10378 9661
1055 1993
25 529
8795 9267
1379 2079
2312 3172
10272 9393
6081 5239
9070 8497
3816 3670
1009 1965
8368 8809
78 241
10604 9666
7172 6332
4337 3396
1699 2317
2433 2203
8685 9122
3823 2957
2713 1991
1500 2026
1963 2043
3731 3520
4471 4712
4340 4319
8934 8093
92 915
8866 8337
1186 1371
9573 9232
8067 7773
8775 9102
24 546
2889 2995
7851 7277
1526 2184
1518 1454
3649 3508
7350 7927
7354 8139
2013 2072
6580 6840
77 971
90 56
6325 6452
7681 7548
2783 3199
3146 4018
10307 9602
3103 3706
1254 1582
91 751
5618 6330
4148 4344
8608 8235
2179 3022
4844 4656
32 713
92 406
8753 9525
3144 3402
9142 8373
8501 7725
7069 7326
8355 8675
8183 8395
9260 8396
9766 9022
73 750
8360 8225
41 204
9260 8541
22 486
2503 2380
9496 8755
78 152
1827 2388
3713 2918
6123 5768
2798 2402
1303 1327
9134 9356
8437 8946
3898 3629
90 837
5382 5811
91 850
5222 5198
5519 5031
6203 6555
2423 3108
20 79
3120 2135
1574 2064
2600 1996
4578 4204
2222 2316
7183 8048
10594 9700
6104 6564
6835 7057
8450 9053
95 333
2023 1954
4978 5269
1389 2204
6815 7585
2728 2742
9553 9874
3638 3457
9463 9687
6415 5612
7329 7914
1878 1126
6148 6021
4919 3950
6577 6639
9085 8329
9586 8937
3695 3823
1381 2160
9061 8418
5767 6400
6669 7154
9113 9799
5225 4652
3471 2897
7046 6434
3828 4119
56 37
6903 6157
33 741
5918 6398
1357 1478
1972 2940
1432 1118
6216 6828
10049 9534
7772 8166
6255 6964
36 782
32 342
5505 4509
8272 8904
2008 1270
4290 3879
9171 9412
7322 6709
1710 1996
90 370
2610 1933
6160 5538
7979 8752
3254 3770
9316 9177
7922 7294
2699 3624
29 954
8942 8156
9610 8825
6516 6585
3232 2265
3960 4135
4781 5620
6577 7332
4061 4671
5770 6505
7636 7511
7803 7556
5432 5570
6680 6260
10155 9245
1731 2205
19 918
7613 6729
3707 4040
8207 8131
6645 6486
501 1366
7128 7885
6888 7259
10009 9992
4599 5191
61 455
5742 5506
2873 2614
30 899
9388 8682
5083 5886
6964 5987
7678 6715
74 141
5314 6047
4211 4885
1505 2099
2251 2988
1081 2069
9461 9421
2014 1447
10123 9445
3840 3037
526 1326
6191 5257
7347 6843
9712 9883
4243 3816
4800 5257
97 244
5114 5197
4447 3787
4669 3983
89 592
7581 6582
947 1475
7823 8273
2963 3755
8243 7779
7533 7300
7110 7675
4844 5569
6717 6722
1285 1974
6057 6602
8779 8208
4251 4641
39 296
3639 2875
8594 7856
7755 7956
3035 3565
9228 9465
1603 2596
1550 1096
36 56
4919 5534
50 82
75 300
2542 2578
8033 7650
482 1044
6656 6228
7246 6888
7498 7472
4385 3617
6503 5747
7090 6349
90 133
10319 9821
9801 9859
3747 4621
4012 4764
1490 2199
5728 5964
9195 9585
5434 6129
86 788
2835 3733
5275 4928
2422 1741
7646 7757
8081 8549
1153 1396
6242 6448
4326 4470
461 1029
8174 7196
5703 5385
7445 6760
9490 8548
85 861
9886 9750
25 733
3567 2617
3164 3225
2868 3723
33 128
8588 8079
5585 6092
49 179
35 798
323 1128
8023 8977
9446 8492
4688 3763
5415 5073
2219 2073
8860 9371
1119 1143
3450 3532
6923 7025
55 510
7615 7443
3574 2868
5078 5325
67 765
5592 5057
85 89
6607 6474
7271 8147
1165 2149
11 541
6082 7050
2887 2953
4618 5315
7289 6624
7938 7123
7220 7144
9401 9923
2884 2163
707 1139
7431 7966
6261 5473
9943 9784
6078 5083
6106 6523
6818 7017
8048 7898
4400 5368
6927 6595
10951 9983
1720 2618
4066 3925
9368 9348
5969 5472
3743 4687
5909 6402
6170 6065
4150 4181
8824 9469
4925 5618
7013 7689
6770 7369
8297 9022
1873 1504
4581 4379
4650 5016
3350 3897
8921 9300
2930 3701
6237 6355
4806 5542
4378 3654
6084 5966
9262 8966
6516 7019
5239 5282
90 475
58 684
36 286
8238 8008
9210 9500
10334 9388
4302 3763
7358 7794
2773 3015
8338 8375
945 1940
4376 4480
78 939
2160 2322
10 387
8807 7950
6004 6670
4739 4105
1792 2695
8692 9164
4186 3655
2712 3361
4025 3631
11 755
5910 5541
8998 8252
2315 2632
60 768
8019 7388
3654 3380
39 735
384 1057
2935 3827
4319 4569
2887 2354
3638 2793
6835 6085
2011 2293
19 783
65 457
10332 9703
4313 3406
6892 6533
4395 4182
7724 7702
6093 6474
2245 2367
1500 1887
6094 5434
4033 3786
8942 8692
2327 2027
69 198
10 25
6022 6119
12 215
12 62
9390 9467
8095 8483
3491 3167
5112 5306
10666 9674
1194 2181
79 164
1341 1903
10242 9677
10794 9861
26 995
6671 6461
5618 6186
2736 2067
7141 6656
5855 5079
2226 2682
5033 4883
8787 9250
5384 5837
4138 3525
7716 8192
82 328
4822 4718
5582 6005
6850 5896
661 1629
3129 3306
48 380
4693 4622
1320 1557
3445 4084
9056 9869
6248 6839
3974 3987
6550 7427
4902 5578
1500 1764
853 1598
7340 7647
8631 8419
4863 4636
94 513
8424 9337
4393 3848
3878 3232
7677 8445
1032 1328
9343 9777
8625 8008
1959 2045
84 404
5734 6637
5962 6490
5535 6089
1598 1320
17 88
9069 8210
8119 7270
10668 9880
1309 1393
5049 5361
6052 5869
4360 5129
5689 4800
26 248
6943 6532
2371 1493
8017 8527
1723 1166
8326 7981
5073 4286
1119 1553
100 514
7117 7981
825 1594
2818 2711
10534 9580
4234 4189
4374 3547
4621 4200
41 95
2255 1576
18 260
8411 7946
6139 5551
4148 4220
8713 8919
1900 2114
8627 9002
9021 8236
7133 6298
141 1053
9825 9059
4539 4527
47 168
1795 2059
2531 2398
8367 7429
8485 8663
7395 7735
7349 7916
5045 5474
8062 8973
5343 6193
1420 1272
4040 3158
2144 1945
2090 2771
8507 7762
2370 2607
58 233
9783 9083
6233 6441
10438 9767
5700 6416
2948 3253
1734 2127
49 607
8849 9722
9685 9859
10601 9942
7690 7608
576 1322
10316 9536
9071 8230
3630 3433
10575 9775
2780 3287
718 1606
7384 7201
9401 9415
3773 3733
4356 5008
7149 7850
8618 9364
8215 8892
7516 8406
8846 8818
4318 4465
5094 5148
42 924
5151 4645
5480 4767
858 1736
58 539
9664 9353
6011 6749
5683 6069
4666 5104
8509 8423
3322 2364
7575 8403
5633 5181
6712 7552
5317 4539
6161 6142
2122 1288
8252 9105
4824 5040
8677 7764
2775 3709
3635 4489
8339 8242
38 84
67 734
6150 5955
4216 3792
8014 7079
8581 8198
8052 8061
3019 3746
6441 6932
7384 6989
2870 3849
2709 2329
60 85
9226 9415
4570 4407
1749 1563
3022 2835
6386 6897
3469 3162
12 748
34 117
4000 4271
36 191
6927 7839
3570 3639
1976 2524
1519 1688
4916 4309
70 980
1815 1969
7749 8370
8106 8328
9557 9710
5881 5631
9730 8774
8747 7815
6371 5690
9185 9916
4942 4403
9672 9101
687 1548
8225 8188
4242 3613
26 612
27 967
2426 3163
5620 4832
4730 3858
4258 4486
8985 8037
4083 3117
2851 3135
6448 7328
2367 2803
9269 9854
5472 5482
6930 5970
5275 5022
1635 2562
8635 8091
8493 8287
7614 8117
8692 8677
7870 7693
6090 5826
3929 2948
52 997
1844 2171
17 968
8978 8115
9640 9785
41 489
3041 2104
4774 4728
5777 5535
5252 4443
7148 6532
236 1189
337 1255
1711 1492
9361 9793
2911 2662
5549 5060
4619 5366
3192 3047
5013 4681
5473 4595
4098 4941
8758 8729
4725 5014
8962 9025
14 947
4582 4091
8993 8123
4498 4548
1979 1838
2624 2028
8638 8911
6601 7252
6347 6164
4953 4566
8595 7875
9302 9647
4213 4514
7121 7596
7444 7346
6509 7021
41 26
1672 1270
6665 7312
2816 2416
2858 2140
6767 5776
15 761
8303 8689
5620 4813
3645 3620
9059 9633
8574 7837
2287 2490
3961 4000
2993 2771
9375 8916
8872 8724
548 1072
5552 5609
1206 2167
8323 7914
3652 4488
8487 7607
7847 8433
3281 2623
8386 8180
6819 6996
5894 5011
1676 2265
6442 5889
6770 6484
10122 9358
2491 2690
6263 7018
6808 6526
4718 4893
8210 7963
5525 6360
8315 9303
9768 9511
38 14
5833 5502
6922 7717
6669 6701
9661 8703
4876 5591
54 224
4251 4488
1068 1541
7250 7591
1031 2029
4208 4705
9081 9161
9134 9742
5524 6348
2703 1856
7583 7101
6561 6404
2856 3127
6334 6017
5386 4670
5147 6037
2567 2810
5467 5050
9118 9153
1669 1876
1647 2394
757 1037
83 743
8245 7541
2047 3008
8744 9682
734 1583
16 699
2094 1960
7257 8176
3869 3765
89 920
6076 5403
9726 9230
2210 2131
5295 5539
8247 8673
3127 2941
5069 4582
4994 5312
4903 5374
29 301
10062 9867
9360 8576
1150 1624
9015 8706
3166 4006
10 162
5178 5669
10420 9710
6866 6666
4340 4176
6871 6335
5366 5157
2024 1793
2970 2913
4556 4441
7744 8172
46 518
9290 8712
3458 3025
2049 2485
1044 1977
6909 7177
30 411
63 103
7445 6882
3277 2364
6461 5709
3957 4663
32 704
1346 1495
9578 9411
52 321
5506 6416
2216 3150
7479 8159
2383 1731
2811 3428
3968 4877
9991 9234
7073 6923
7925 7758
81 23
10271 9875
6282 5572
8378 8895
6890 7802
3691 4572
54 98
3348 3744
3523 4150
4572 3579
10058 9689
8896 9382
5830 6498
7095 8019
8007 7448
6591 6145
5428 5644
5298 4333
3440 3913
4392 3782
7474 6569
5990 6978
6999 7017
9493 8650
2459 3180
4206 3286
7824 8729
4934 4660
8906 8190
6284 5991
4970 5389
9292 8974
5393 6281
6767 7461
3410 4405
1919 2759
3987 3274
7222 7282
4866 5058
1222 1708
9046 8264
1925 2406
4521 4534
8037 8364
6502 6784
3186 2773
5126 6040
4896 5532
7635 8576
8592 8600
3768 3009
6202 5670
1071 1690
9193 8247
991 1441
51 820
8987 8736
2099 2320
8424 8694
4938 4148
3755 4694
9420 9695
8676 9643
6889 6469
4586 3588
6383 7203
3266 4105
7671 7993
2212 1629
94 680
2550 2942
670 1189
9011 8171
9668 9032
4126 4982
9384 9912
5563 4964
2983 3882
5241 4901
7862 7926
9182 8270
5227 5228
6287 5627
9431 8476
1540 1449
6325 6499
2248 2786
4574 4300
6839 6151
3428 3461
1910 2824
61 90
3545 3218
8934 9015
39 439
54 895
10036 9879
2785 3659
8646 8914
3867 3688
8787 8914
7220 6597
1746 2640
7194 7962
4274 4917
3724 3419
38 739
958 1480
7820 7204
8601 8273
7600 7333
5858 5047
2649 2765
8074 8964
5644 5647
28 697
1726 2325
8482 7790
790 1613
2254 1430
7219 6430
5823 5601
4838 4519
7396 7736
9777 8926
5905 6747
3492 3906
1862 2712
8789 7899
4951 4861
3853 3595
4171 4996
40 312
3609 4363
8005 8119
1940 1131
1881 2382
8734 9220
6374 5978
6415 6987
7814 8609
68 671
819 1213
5319 5019
8855 8903
5256 6064
2841 3287
10876 9920
2813 2077
5422 6005
6442 7341
8965 8656
5525 6260
1854 2616
5723 5368
1422 1067
1254 1791
6017 6542
7020 7921
5402 5614
79 1000
62 900
2708 2418
10422 9944
40 249
3294 3131
3672 4305
10214 9834
2381 2957
4096 3145
3988 4013
8611 8314
9288 9079
1848 1813
6897 7061
1361 1254
6526 5559
5338 5983
9139 8485
4851 5558
3036 2256
5126 4191
9446 9068
63 747
7424 7671
2395 3260
1468 2069
9522 9303
2171 2638
3667 3169
3568 2626
3201 3646
7310 6364
6397 7310
7785 7220
3529 2757
9086 8459
4564 5156
8716 7874
2701 2603
1375 2348
9514 9928
4035 4983
3989 3992
3431 3922
8250 7897
9745 9079
6408 5819
9769 8802
9930 9467
2562 1870
7229 7679
92 300
1722 1489
7811 7464
25 476
4717 5504
4023 3728
3175 3554
3891 4461
5395 6245
6603 5740
3134 3107
9727 9034
7237 8190
7559 7007
6039 6485
6302 6652
5656 5037
7405 7699
9834 9340
77 299
5376 5240
3833 4027
9676 9901
10073 9199
2573 1830
8131 7879
8677 8280
7231 7206
3525 2656
7076 8076
6738 6988
6792 6939
2805 3657
2326 3009
5829 6682
71 605
7700 7889
9880 8942
7110 6945
2369 2073
2912 2378
8627 8011
3985 4311
3933 3280
5272 5880
41 483
5376 6120
4785 4849
6316 6241
7117 6314
5794 5216
6281 5763
7421 8395
22 676
3651 3736
5035 5539
7913 7014
9516 9061
6058 5074
8625 9416
1808 2678
2719 2795
6452 5715
8938 7989
6451 5781
5775 6211
4138 4167
4483 3821
7850 8363
3090 2775
5868 6495
5115 5414
19 765
14 939
1328 1068
7513 6959
3366 3424
1905 1929
3423 2519
6076 5139
6817 7276
9569 9372
6954 6929
31 350
8437 9084
8497 8135
2017 1639
5519 5499
6956 7693
1837 2326
7392 6978
1505 1831
9343 8679
7242 6897
1880 1532
6490 5893
3676 3245
3830 4074
2372 1420
4736 4357
8749 7944
9546 9011
5170 4172
7332 6793
9742 8851
9014 8736
2845 3551
10089 9660
4484 3715
1284 2143
5663 4843
2643 2887
3055 2246
6747 5751
7789 6800
702 1015
2093 1144
4760 5115
6522 5675
2688 3242
43 595
5118 6046
7942 7261
7508 7129
6881 6686
5256 4386
8510 8651
2666 1968
4822 4371
7895 8524
3111 3812
4779 5236
2419 1729
2210 2536
1723 1251
49 792
4325 3894
7314 6576
5146 4217
1993 2278
5434 6094
23 820
77 442
35 767
9711 9712
77 805
7943 8784
6652 6403
6757 7586
8860 9447
1376 1966
5839 4869
6838 7815
641 1509
3009 3268
12 765
56 106
3174 2718
57 216
3642 4150
8573 9040
32 696
2418 2531
2296 2849
8434 8679
8040 8958
3730 2987
2626 3403
3956 3487
88 919
7674 6804
4428 3852
8730 7833
2276 3038
9414 9975
7545 7948
2421 3348
4053 4567
3854 4364
6729 7630
6223 6464
1374 1092
55 19
2771 3138
2083 2013
5095 4361
3793 3991
3733 3508
2289 1457
90 484
3370 3912
3040 3927
3956 3255
2146 1840
10033 9763
8887 8588
9837 9823
5777 6004
10748 9917
8920 9032
5730 6595
7332 8125
2824 3542
5919 6561
6276 7151
7186 7711
44 780
2329 2761
2936 3875
9527 8738
5461 5004
5529 6019
3878 4007
3524 3567
8612 8234
2977 2773
8993 8532
2909 2039
4967 4803
6001 6925
81 739
8309 8869
2565 2850
1168 1070
8797 9230
9181 8584
5993 5091
5306 5982
7205 7224
95 621
3700 3507
8458 9429
1111 1457
56 832
2237 1238
3472 3931
7661 6690
2094 1595
9836 9248
2458 2389
2436 2337
28 877
646 1597
6372 6844
2215 1914
5351 5541
6535 6906
5346 6211
6110 6026
9113 8115
9520 9226
1159 1850
81 909
6082 5650
5858 5954
3603 2814
5534 5850
6056 6377
9389 9723
2384 2049
7557 8385
6166 5206
3606 3689
6814 5817
8038 7364
2478 3201
7327 7999
4919 4305
2224 1713
49 824
7764 8190
7842 8754
5690 6620
9683 9169
5321 5504
1273 2252
954 1827
5115 5244
3066 3714
6827 6173
11 223
6839 6037
2672 2648
7722 8183
8172 7452
4782 5672
2251 1614
7087 7989
2570 2850
2866 3272
4518 3566
3965 4369
4175 3293
6968 6081
7566 8306
4584 3764
7889 8707
774 1223
8850 8651
9694 9185
678 1626
6187 5263
8940 9866
4735 4419
5270 5544
43 706
9220 8491
1511 1840
8691 7952
3220 4035
8406 8080
7352 7459
1817 1661
5513 5111
7791 7923
8325 8914
869 1680
8836 8749
2408 2871
8161 8891
5820 5141
6983 6847
3773 2786
8259 7611
5494 5443
7403 6487
3450 4046
2092 1410
98 746
5287 4566
1103 1461
408 1110
4477 3905
5607 6102
368 1295
8977 9880
7873 8122
4407 5070
6034 5873
7183 7582
8210 8633
8385 7443
3934 4310
5340 5995
9386 8865
9013 9589
8241 7473
3399 3968
96 866
3812 4192
6953 6198
1388 1682
4580 3655
1881 1627
9328 9746
3351 2870
2357 2024
9861 9176
584 1148
88 674
8510 9188
1712 2507
7087 6580
6487 5651
7591 7216
8384 7585
3566 2671
8208 7911
4884 5531
6202 5556
9038 8663
7327 8061
6935 7823
7478 7350
7054 7367
9005 9041
7429 6884
5678 5573
6236 6111
1914 1967
1768 2009
95 726
82 432
2794 2727
7423 8405
5123 5871
5649 5309
1748 2125
9845 9552
7501 8378
8125 7747
4963 4997
1537 2126
9710 9732
42 960
5325 4840
5088 4110
8806 7815
4459 4927
5057 4326
5080 4329
5377 5916
3008 3070
137 1066
4030 3551
3382 2663
2675 3459
7025 6396
8116 8276
2589 2225
8172 7790
9102 8991
64 974
1040 1917
5991 6025
8741 9533
804 1764
5081 4734
1989 2912
7930 7660
3785 4691
5560 6285
1299 1980
9785 9788
8721 9462
6033 6429
10172 9780
1204 1571
9454 9709
55 428
5174 5699
5540 4683
91 411
8633 8931
2991 2088
9887 9690
1061 1465
52 299
3276 3011
2862 2726
689 1269
7263 7664
1952 1694
9099 8134
1510 1475
74 417
6417 6769
2923 3505
5045 5423
59 247
8192 9120
5771 5971
31 88
6643 7396
991 1501
9624 8857
3132 3539
1519 1599
98 407
8930 8223
8216 9134
5192 4813
3463 4166
86 316
6591 6651
8380 8137
766 1079
7801 7852
5552 5629
5046 4659
87 429
92 590
3045 3728
5778 6704
1876 2847
3712 4567
2541 2521
2865 2324
9021 8236
57 359
3031 3867
5812 6430
82 642
5482 4495
7546 8429
3070 3473
5015 4984
78 289
3981 3790
8171 8250
7798 8433
7095 6706
49 239
1075 1853
5434 6326
8813 8921
8654 9449
4080 4292
9348 9649
7817 7120
1781 2609
3067 3817
3015 2922
4344 4407
8184 7867
26 821
8374 8558
8941 9339
5171 5084
6491 7233
4786 5076
10124 9252
7904 7566
1251 2119
10047 9050
9912 9571
3831 3329
8960 8223
5582 6362
5532 4927
4764 4198
5072 5093
8455 8832
9535 9652
866 1101
3942 3634
7984 8115
5005 4870
30 97
5439 5963
9988 9679
5978 5006
6957 6693
7359 7731
5017 5178
8409 8383
5454 6287
4237 3450
7954 7331
82 39
8555 8808
2503 3105
4012 4062
6501 6866
7040 6533
9008 8481
6728 6900
8850 9389
1469 2060
46 102
8466 7594
5729 6081
5608 5653
94 521
2918 1960
5935 6424
5604 6579
3824 4287
630 1036
9880 9508
1624 1824
5162 6102
9215 9271
2086 2454
2960 3144
8174 7822
4032 3313
6388 5748
5130 5435
51 352
8256 8714
8629 7930
5507 5404
1294 2068
8330 8751
8011 7139
6450 7125
6392 6818
5877 6517
5533 6242
3169 2485
9962 8994
9395 9311
6324 7074
3489 2679
95 694
7252 7341
684 1227
5114 5505
3807 4573
5771 5015
2285 2545
4012 3745
2290 1984
7366 7443
1382 1867
2083 2918
6785 7114
7442 6818
7198 7773
2299 2909
1101 1464
4413 4944
4596 4385
1529 2261
2410 2350
4052 4753
1462 1295
8128 8622
9596 9755
7242 7124
2064 2436
5599 5424
8484 8580
7667 6969
6873 7426
7926 8080
8149 9020
9976 9748
7001 6615
6544 6294
98 592
1086 1644
8472 7860
1477 1931
3684 2937
85 1006
6175 6879
6068 6622
2138 1753
5945 6746
3182 4135
88 370
7655 7341
2315 1380
11 39
5976 5180
5602 6218
8185 8778
7746 7413
5277 5541
8273 7418
100 644
2566 2505
4310 3478
45 315
22 980
2623 2684
1751 1583
8714 8994
7879 8851
3732 3524
8576 9550
22 771
3976 4315
2666 3123
10325 9913
1931 1318
5893 6162
7768 7299
74 555
6403 7076
2315 2877
76 989
1057 1103
7196 7973
4607 3993
7499 7641
5648 5938
9698 8930
7261 6353
2010 1263
9014 8553
2613 2784
2519 3017
24 120
1191 1551
4524 4998
2886 2142
5318 4756
9453 8955
8053 7208
8872 9255
58 459
94 430
2836 2899
6773 7330
7574 8249
7694 6858
4992 5530
7841 7112
9919 9492
8854 8389
6974 6394
6569 6441
3001 2323
4165 4629
9791 9877
3987 4288
1163 1067
6275 5757
7222 7128
9980 9832
2839 3224
1538 2154
6003 6318
2000 1507
4865 5836
8357 8968
94 285
5346 4707
10629 9971
934 1858
1994 2703
8131 7173
7029 7124
6704 6073
1462 2113
5408 5371
5262 5486
1792 1950
3201 4178
3458 4194
6874 7130
7691 8568
3134 3136
4110 4478
3735 3395
7760 7659
3814 3609
4829 4619
5529 6057
6512 6176
3957 3001
88 843
3187 3377
7674 8354
7604 8199
7373 7090
4464 4617
2963 2747
1477 1902
8738 8374
6781 7373
8693 9240
30 55
2462 2396
5859 5963
4236 3391
10008 9862
5670 5866
7798 7913
25 990
5077 5481
3898 3353
90 515
5018 5257
3538 3768
1907 1601
2969 3113
79 767
9541 8870
6318 5698
6837 7810
2756 2654
2395 2539
5884 4945
59 97
4245 3548
5217 4378
6207 5303
6648 7041
9127 9260
6247 6111
8092 7794
52 151
98 17
4141 3429
3370 2373
4652 3882
3956 3278
7801 7492
2763 3686
5817 6117
7831 8795
8641 8001
9290 9677
1749 2399
5366 4975
2976 2453
7207 6686
2056 1806
4208 4779
4977 4262
9521 9050
8810 9032
8221 8940
42 678
1582 1090
3662 4544
9015 9257
8073 7583
79 634
3030 3470
8272 8218
3226 3338
4501 5192
8391 8423
9674 9695
8621 8295
1653 1300
86 244
1347 1257
4918 5721
2606 2234
3372 3398
85 254
2921 2234
9504 8666
8292 8396
6385 6582
2552 2084
72 15
2492 2543
1989 2627
4669 3763
5901 5645
3633 2914
1131 2033
10112 9852
1354 2220
12 12
3315 3223
4650 4232
3281 2981
3780 3663
1762 2033
9726 9432
70 811
556 1342
3059 3671
6152 5473
10081 9939
6396 5987
9918 9100
8402 8672
8335 9232
7651 8338
7022 7296
74 361
2993 2966
5428 5794
9327 8802
7241 6260
4149 4956
7095 7688
2764 2504
1643 1653
10257 9513
1355 2004
9663 8833
96 969
826 1801
1541 2007
8194 7775
2832 3257
6457 6608
1042 1932
70 894
7943 8938
8944 8003
3759 2931
8156 9032
7319 7920
6394 7310
4749 4469
15 625
76 34
7444 8443
7276 6521
4337 4848
1201 1122
8554 9235
7903 8356
6126 6820
10281 9863
1364 2221
5092 4366
54 204
4046 4594
10114 9138
52 653
9501 9771
7188 7213
4967 4759
1778 1389
4912 5289
6264 5748
2955 2928
5871 5064
7861 8181
6582 7426
7762 8540
6004 5434
327 1177
1670 1141
42 321
4553 3810
5781 5427
9861 9548
1511 2453
4510 4892
8827 8060
91 650
8114 8335
8660 8286
4705 4648
5262 5226
4033 3720
5242 5549
5889 4930
3539 3448
9614 9859
716 1174
5198 5433
7351 7781
7428 6949
1742 2024
2499 2650
5935 6513
1699 1708
42 790
6221 6928
5547 6546
7115 7687
6498 6331
2676 2625
848 1476
41 250
9829 9526
3389 4250
4838 4379
6468 6082
58 823
4797 4542
4308 3706
2218 1894
4117 4146
8817 9378
5352 5906
4379 5253
26 718
8467 9189
2714 1889
90 328
8008 8813
1466 2277
9157 9300
1371 1345
8728 7832
9802 9484
6833 6744
5054 5173
1065 1672
10891 9962
1820 1767
4571 3743
3951 4439
6268 6543
4079 5069
5557 5603
8287 9272
3232 3540
89 155
2063 2021
7640 8417
3857 3755
7860 7017
2907 1997
8747 7909
8561 8891
3645 3448
3187 3388
3111 3743
8749 9488
9515 9674
4092 4388
10257 9506
7223 7527
6492 6626
3993 4505
48 451
8284 7823
9261 8385
6536 6099
5396 5438
3664 2987
6188 7152
8205 8255
57 605
4260 5150
7778 7498
5840 6383
5862 6662
7221 7064
8264 7473
8786 8915
554 1035
3416 3635
8889 9444
5049 5870
4995 5118
4229 4941
4388 3796
7242 6502
5394 6213
8593 9280
8418 8344
1566 1780
8634 9580
3498 4166
25 143
5088 4558
2664 1942
3829 2903
8706 9009
8024 7181
2353 1960
2255 1369
8935 8982
4377 4373
2334 1905
1318 1346
7560 7888
1667 2235
9561 9274
4209 3309
9525 8888
10392 9877
4199 3803
6223 5812
8737 9111
8478 9171
9038 9940
8876 9391
7316 6332
42 58
8249 7435
4489 4472
6360 7036
9375 9895
5557 4932
2262 1561
7869 7255
3063 3786
9221 9728
5063 5789
8353 9189
1177 1165
3466 2732
6992 6676
6827 7826
3209 2977
2495 1832
2723 1755
3076 2258
2393 2632
5273 5038
7713 7409
6731 5868
4769 4029
7647 8367
70 390
7913 8649
9607 9188
4453 3697
1961 1406
1430 1831
99 550
96 906
90 592
5231 5945
9892 9388
3902 4836
48 614
2848 3043
6023 6301
6665 6520
6870 5903
2786 2654
1656 1551
9558 9138
6500 6939
6804 6020
7206 7795
3092 2657
2649 2220
5719 5347
5934 6107
4714 4361
4718 5087
8194 8852
6690 6515
2192 3184
933 1841
3609 2899
4060 3168
9812 9158
7521 7790
2331 2282
8478 8426
5337 4520
7470 7718
5754 6433
2559 2573
3282 2839
6472 7437
56 461
10368 9523
7705 7139
6665 5677
1793 1802
45 375
2527 2938
18 899
7867 7038
4190 4884
4495 4281
9018 9448
5446 4825
6427 6179
6711 6779
11 522
4716 4612
3936 4631
8938 8278
6435 5621
8622 8862
4629 4701
8179 7430
6918 6289
2863 2957
9739 9977
8707 9093
10484 9974
3997 4014
6862 6374
35 844
5790 4945
8402 9019
4178 4359
1118 1459
3991 3736
9226 9435
5285 5997
2567 2844
1458 1735
1623 1217
599 1561
4169 3602
7518 6759
2719 2612
8661 9586
2373 1728
5256 4368
6212 5618
9912 9780
94 948
4430 4213
8137 9127
6167 5764
9737 9246
5702 5623
7266 6704
7107 7125
1346 2161
35 63
3852 3315
6462 5689
2172 2890
75 134
7510 7318
7055 6346
2980 2204
4092 5049
9369 8570
6920 7614
5297 5203
1479 1571
6080 6614
9134 8928
2275 2093
6464 6590
2029 2198
2498 2148
7247 6728
957 1406
4520 3952
5893 4904
8750 8415
8985 9229
21 510
7074 7133
6248 5845
4756 3871
1659 2280
76 785
5941 6761
1247 1383
8114 8128
4305 4039
1517 1547
6846 6040
2423 2180
7941 7309
3078 3320
969 1342
66 179
9794 8967
2243 1397
8853 9782
1226 1876
1667 2101
8672 7860
29 73
8540 9449
1625 1729
7622 7516
3409 2458
1088 1609
4031 4195
1082 1748
4992 4143
3350 2456
2366 2605
6800 6739
5704 5102
11 105
7561 8261
2505 2009
1735 2286
4019 4150
85 490
78 425
1820 2436
7323 6669
7280 8053
6936 6783
75 14
18 924
9444 9700
1374 1565
6475 7332
10068 9258
1776 1637
1586 1845
6487 5786
8725 8486
2274 3174
2819 1925
7947 8104
74 1052
1700 2324
5160 5192
4909 4754
10137 9659
10200 9897
9721 9630
1070 1955
6865 6280
7405 8219
3752 4500
3739 4718
4047 3291
4872 5242
2455 2025
21 872
6435 6956
6920 7323
7861 8539
4732 5637
9521 9047
55 519
4748 4759
9638 9991
60 147
3725 3864
17 559
3371 3677
7636 7084
50 489
7607 7696
7131 8071
6817 5986
5360 4439
5219 4734
8459 8549
8111 8437
1118 1591
4955 4189
10848 9946
4043 3851
9544 8664
8542 7839
18 982
78 60
14 79
9480 9228
6918 6229
83 214
8137 8868
3724 3289
2061 1777
8343 8477
8779 9404
3022 3250
10266 9979
9740 9353
7845 8749
7447 7623
3533 4500
2247 3085
5341 5724
1014 1468
4632 4138
4692 4568
3626 3075
9631 9641
4802 4536
929 1919
91 655
4780 4345
64 323
2942 3764
4823 4936
8077 7985
966 1256
6566 6539
7720 8277
7429 8035
8266 7513
6779 6021
2303 1463
1635 1086
5902 5309
50 819
8858 9326
4653 5297
1753 1541
20 859
5408 4424
1669 2280
7253 7845
6369 5515
5688 5249
4523 4679
68 910
8872 8467
13 20
7982 8426
9367 9911
28 137
5631 5374
4546 4359
3609 3731
3425 3207
3662 2933
44 436
8134 7685
7340 6877
671 1387
1645 1965
4874 4340
4982 4421
68 139
4830 4060
2578 1772
8799 7896
8039 8180
7806 6837
9058 9238
6596 7304
508 1070
8198 8220
3139 2817
10224 9376
1130 1610
73 926
1703 1020
3568 4473
3411 4183
1429 2324
6027 6041
7839 7364
5094 5352
7584 8515
7483 7227
5756 5294
4039 4097
7338 7010
3574 3876
1686 2616
8334 7871
3889 3414
82 817
7488 7251
15 204
8153 7443
9397 8756
3746 3450
64 698
7300 7577
9256 8469
1828 1559
4516 5061
7061 6667
57 212
4980 4879
5974 6263
9564 9152
5275 4685
8478 7912
4300 3420
4535 4807
99 153
7989 8260
2786 1851
4858 5310
6323 6284
8840 9369
9511 8858
9060 9893
5304 4869
6022 5210
7560 6918
3611 3954
5527 5061
5202 4533
3438 4068
6880 6543
19 349
9668 9010
7809 7380
2986 3144
5298 5299
5963 5478
6021 5562
2041 3016
3359 4069
1212 1359
3481 3880
4744 4076
7232 6889
68 399
10117 9456
6542 5628
5180 4533
4384 3736
7061 7509
8094 8453
3708 3727
97 856
1269 1772
9825 9780
1664 2265
2126 2875
4742 3914
10132 9147
6391 5637
9332 9446
1391 1337
9026 9101
6504 5917
9691 9560
1720 2090
1503 2439
9194 9951
2719 2150
29 369
3950 4708
5049 4078
1001 1317
10180 9435
4441 4177
3186 3184
8074 8347
6620 6488
460 1352
9116 9485
9075 8439
1864 2096
2189 2220
1877 2478
7416 8123
7722 7403
5771 5035
7208 7124
7960 8132
8551 9047
3978 4451
7201 6990
2584 3195
4542 3946
5433 6210
3373 3579
5334 6156
561 1220
2669 2096
4861 5032
6750 7192
4562 4122
6789 7379
2139 2079
8586 7943
8555 8893
5048 5769
8072 8155
5149 6002
8226 7959
5808 5722
54 81
3492 3531
3676 3838
6856 6964
9493 8945
8940 9833
2442 1646
8073 7548
8632 8457
7709 7467
75 568
5764 5008
2665 3449
4659 4482
9546 8965
5020 5866
3469 3863
7047 6993
8162 8294
7730 7559
4324 4423
3365 3360
4359 3608
2812 3201
2681 2265
2654 2833
80 534
5479 5047
25 530
3392 2626
3497 3583
4465 3804
9667 9460
5150 4753
5803 5657
6697 7151
10025 9405
4300 4015
3014 2525
3071 2357
6935 6801
3998 4769
5426 5031
6054 5427
2195 1533
7689 7782
3560 3004
5474 4774
7698 6895
7593 7140
6458 7244
7513 8375
3370 3529
5664 5349
7557 8273
1210 2182
8490 9065
4793 5302
7126 7164
5479 6152
6326 7248
5821 6380
6162 6462
4456 3460
7637 7615
4601 3968
3042 3223
6624 6698
25 371
9341 9384
8593 9474
6388 6585
7614 6832
2533 2340
8842 9102
4989 4122
8554 8617
7530 7726
9128 9269
1279 1639
4466 5084
3176 2208
6236 6822
1285 1652
1164 2064
2735 2926
1300 2189
2600 2910
7305 7177
7051 7120
91 415
8818 8777
5162 5535
4671 3970
5284 5380
6947 6368
7420 7577
2653 2663
4546 4479
3655 3568
4048 3500
2911 3283
1667 2033
5693 6671
85 71
2314 3187
6013 5396
96 478
9682 9230
2929 3428
5075 5361
91 824
1577 1219
1697 2192
5106 4227
6938 6110
5866 6359
8488 8498
7954 8804
35 833
1464 1137
2667 2552
4687 4247
7721 7413
1976 2196
4490 4023
65 468
2717 2610
12 545
27 204
10476 9833
8820 8889
2330 2266
1341 2139
5287 5710
5006 5784
3364 4355
2068 2351
8501 7987
1624 1575
16 417
3583 3789
3487 3840
10332 9462
4540 3814
2556 3322
2087 2496
4899 5871
4458 3826
4772 4944
7678 8465
2944 3101
10245 9570
4276 4723
3576 4077
8931 9750
2109 2180
2333 1396
1169 1543
6998 6984
4140 4957
1546 2301
710 1669
74 205
9825 9968
3832 3689
9472 8783
6083 5746
5618 6326
5039 4181
2760 2693
23 39
7378 7329
3271 2831
8200 7961
7077 6717
4483 4529
7053 8031
4548 5239
9307 9481
10242 9667
7429 8112
6139 6985
6230 6061
70 337
66 968
10180 9246
7627 7083
9426 8543
7064 6611
4359 4895
7289 6614
5959 6069
2000 1340
5867 4918
5217 6133
8198 8523
3713 3068
2532 2604
3997 3927
3117 3726
22 707
9375 8399
10025 9063
2224 1497
5278 5874
5565 4621
3237 3827
6516 7406
9898 9654
6205 6549
3822 3798
3306 3667
9104 8583
6126 6141
5972 5740
1904 2225
3814 4489
1517 1813
1941 1864
9481 9183
8516 8749
6607 6114
8708 8311
7017 7832
9182 8658
2730 2727
5225 4983
7408 6594
8501 9124
7536 8528
4289 4584
45 553
10144 9566
8211 9184
27 411
747 1727
6037 7037
4708 5112
8391 9052
6619 7246
8961 9449
5470 4523
727 1550
6649 7576
6570 7412
72 34
2493 1958
3284 3869
8645 9492
1304 1588
8362 8332
5045 5780
4055 3815
3405 2601
2180 2992
4549 4056
43 509
7400 6513
1632 2471
6924 6915
7018 7336
8140 8565
6797 7257
3631 2789
3271 3624
5946 5624
1747 1901
8490 8056
89 460
3192 2406
3582 2959
4660 5590
11 624
5751 6137
1857 1705
6510 6670
4691 5690
4379 3530
9568 9608
1988 1360
6554 6480
1897 2764
9031 9802
3752 3927
3148 4034
6044 6270
5808 6133
3383 2785
4640 5474
7526 8171
7017 7718
4483 4597
7095 7316
3016 3256
1510 1798
1902 1289
7123 7582
5148 5860
3655 3795
7323 7358
2769 3759
7662 6941
2056 3011
87 726
4787 5227
9676 9468
6828 6245
4617 3758
5508 5957
4528 4070
3889 3702
2775 2602
6326 6232
4822 3898
4121 4228
3822 3183
7129 7845
1579 1033
708 1521
7993 7003
1086 1881
2637 3016
1685 1309
8581 8757
6944 6753
9073 9127
2510 2540
2634 1681
8212 7999
5928 5628
10066 9530
10790 9978
8211 8681
7902 7262
5369 5480
4706 4807
1836 1807
539 1379
4324 4052
9190 9078
9983 9782
2275 2799
9418 8958
3439 2628
8320 8332
7701 8522
26 774
7204 7052
5281 5679
8857 9652
9174 9811
5841 5454
4699 5660
2630 2034
5846 6202
6999 6573
1915 1048
88 790
4075 3485
24 432
1919 1360
6614 5743
1743 1942
3709 4159
2748 3322
6340 6531
1521 1303
7095 7209
3747 4409
2072 1648
8746 9533
9311 9624
6320 7311
8615 7997
1414 1289
3758 4694
4871 4458
4397 4176
6329 6232
8187 8885
6148 5852
1754 2444
6275 6809
79 539
4456 3925
1741 1420
3710 3780
7270 7365
1561 1548
9773 9897
5963 6471
5886 6291
6695 5885
9913 9773
90 64
5538 6033
8983 9647
2988 2226
44 934
6290 6063
10402 9880
9545 8987
5054 5901
5261 5793
6238 6971
8917 8379
6383 6962
7906 8785
8799 9794
2810 3294
7582 7038
7201 6776
9928 9683
5534 5268
1707 1685
4712 4147
9719 9268
7882 7898
2365 3341
2914 3747
4910 5156
3932 2992
2608 3261
2936 2582
7082 6620
2605 2091
2164 2272
1493 1911
2312 3230
6267 5602
1904 1490
1792 1297
3910 4799
1860 1562
9488 8809
2749 3579
78 317
7354 7943
5052 5604
2139 1928
9003 9097
6214 5546
6862 7360
3011 2242
3916 3042
3871 2981
9226 8255
6880 6641
5549 6319
7662 7599
2315 3030
805 1628
1838 1402
8316 8739
9622 9745
36 186
4059 3769
7558 6659
7713 7917
5819 5592
1784 1566
3341 3230
1611 2177
4548 5054
1707 2305
6401 6085
5982 5924
6864 5872
1776 1350
65 216
4540 5428
4615 5543
5898 6614
8262 7608
98 884
4435 4543
2888 2200
2967 3738
5424 5313
3604 3078
3080 3532
3291 2423
7020 7349
8936 8579
67 770
4343 4750
87 378
6778 6700
9493 9070
9172 8798
1345 1362
8221 8303
4447 4394
4806 4919
4814 5803
7534 8391
1578 1025
6872 7230
4913 4310
3830 3264
8560 8969
3368 3624
2422 2996
8933 8616
8865 8565
5099 5943
5111 4789
7108 6705
6828 6053
80 888
7500 6573
9938 8963
2224 3091
1696 1915
66 777
7891 8532
5086 5945
4287 3961
6733 7068
58 995
86 829
2006 1499
3721 3789
2719 2223
6694 7254
3841 4702
2525 1882
6453 6518
7918 7163
4505 4000
7419 7934
7432 6485
3579 4282
6537 5856
8021 8183
6385 5812
7951 7011
4644 3854
5825 6430
833 1756
5619 5515
7913 8564
9281 9705
10324 9715
94 492
7960 8876
7031 7811
5121 4848
9669 9325
4771 3782
2766 2025
7948 8137
9936 9328
8086 7572
6118 6186
9830 9121
8607 8667
59 130
3101 3558
3779 4192
5785 5062
5865 4935
7481 7228
18 545
2360 3328
9526 8676
9638 8800
8059 7943
5636 5741
2937 3688
4629 4737
9023 9597
8636 8966
3390 3725
7210 8127
6330 7045
4326 4369
1187 1702
4759 5619
5250 5993
8359 7389
3610 3287
8785 8111
90 86
7426 7600
8473 9218
7585 7015
6411 6151
96 816
3207 4045
20 808
3668 3831
3854 3200
5342 5820
4811 4125
3441 2858
4408 3518
8306 7539
7866 8329
2337 2526
3684 4412
95 688
2989 3874
2293 2932
5011 4703
9133 9906
3656 3350
8557 9246
7133 8126
7417 7307
4345 5043
4699 4644
3419 3599
2331 1994
3864 4347
5357 5320
3337 3885
7963 7492
55 564
37 829
7550 7811
5745 6540
7883 8069
83 331
8932 9644
35 867
2668 2591
9373 8442
31 531
8503 7999
2559 2354
25 470
4378 5185
1565 2140
3047 3842
3123 2737
1019 1219
2890 2053
7782 7149
43 43
4947 5600
61 404
7869 7629
9187 9390
2669 1765
3575 3981
2770 1911
397 1232
6029 5832
2500 1694
5844 6643
3461 3706
7216 7277
8195 7390
1825 2708
3598 2842
7001 6365
2482 3377
8676 8253
9902 9493
8830 9400
2607 2086
4720 4856
8463 8592
5374 5835
5963 5935
9416 9285
3419 4208
3846 4438
292 1237
8521 8688
1821 1315
4275 3687
7843 7031
9123 8926
7048 6163
3661 3380
5810 6293
5751 6051
2188 1348
4326 3989
5804 5086
1033 2020
3003 3332
4675 5328
10230 9562
1728 1589
26 668
2343 1996
98 624
5816 5443
3749 3931
8700 7964
4031 4295
817 1620
3011 3473
7018 6460
9317 9272
1394 2383
7581 8229
10475 9854
4791 4765
100 512
6716 6137
3567 3650
7847 8166
7427 7902
5409 4961
2644 2066
5323 4734
5363 5909
5816 6075
4349 4200
1303 2029
8180 7570
7256 6395
1729 2434
3004 3955
4735 4960
3246 3947
5924 6211
898 1103
6644 7577
1047 1181
2724 3068
9968 9005
3372 3360
7323 7824
3171 2492
6107 5856
2327 3326
1577 2276
5045 5213
6968 7938
6213 6454
2950 2987
14 61
2943 3462
3842 3043
5975 6536
1005 1468
8574 7790
4021 3349
40 723
63 76
1904 2076
6939 6110
1351 1414
4518 5008
6155 6570
4348 5097
58 159
5360 4736
7603 7032
6946 7718
2636 3580
6618 5924
1821 2247
4806 4938
2822 2261
3673 2925
3161 3624
9617 9615
1787 2497
1571 1921
4538 4907
3077 3470
69 323
8404 7490
3679 3392
9216 9041
86 964
10415 9940
7465 7538
4276 5002
1099 1087
6043 5489
6941 7068
8026 8783
10730 9882
3770 3254
5501 4553
6407 7108
1956 1844
74 729
5754 6488
66 249
7677 8000
3030 2901
7124 6967
5267 4569
9017 9842
9931 9889
6209 6826
6158 5342
6751 6508
2230 1470
5163 4536
2207 1747
8953 9850
2191 2141
7976 8280
4506 4182
9296 8774
7974 8558
8311 8399
4267 4194
5356 6219
7297 8231
63 901
1444 1352
5447 4751
9001 8421
8177 7433
547 1132
7574 7735
1806 1531
2850 1859
4822 4064
1295 1300
7343 7625
9783 9337
2384 1737
8617 8058
4430 4488
6341 6763
4282 4967
61 860
1119 1392
9991 9766
8587 9555
3506 4284
7701 8562
7167 6879
2425 1784
8460 7602
10 86
1878 2331
1991 2187
9221 9901
7189 6752
9482 9895
7730 8472
3999 3312
7674 7803
73 517
3005 2648
1128 1360
3810 3117
1136 1842
10611 9788
2948 3537
9847 9122
9697 8827
8583 7708
3183 4146
5191 5861
7378 7174
3992 4553
2506 3131
1140 2122
7949 7803
2661 3349
3696 3403
3531 2639
6901 7843
7769 7997
8004 8535
338 1118
5776 5521
4226 3631
6020 6205
3304 2850
10495 9824
7838 7827
2703 2901
5794 5490
5149 5864
4623 4489
98 105
45 780
3879 3167
4069 3949
9429 9670
9687 9974
8180 8870
1993 1567
77 982
2207 2370
5810 5218
4871 4125
42 437
2383 2214
2590 2130
6869 6320
1637 1524
3858 2913
1626 2528
8694 9566
2520 3061
70 896
7002 7210
7630 7172
2237 1688
6890 6920
9889 9238
3048 2787
6230 7105
8732 8185
778 1212
6001 6788
2327 1515
2623 2934
6978 7747
10295 9962
6759 7347
3198 4063
2906 3814
4893 5663
2234 1578
9366 9743
4850 3953
7716 7823
7857 7034
8039 7144
4067 4382
3866 3501
6772 7404
8641 9097
8395 7590
56 209
4949 5902
83 784
7617 6706
4345 4212
1947 1683
1029 1086
1339 2046
7560 6803
10159 9432
9516 9132
5409 5786
2362 3224
6679 7094
2891 2278
100 262
6120 6651
9401 9736
6700 6046
1582 1038
2315 2123
6455 5821
3349 3328
3091 2498
1989 1104
1461 2032
4625 4666
18 747
76 663
6324 5544
1334 1405
1752 2700
9827 9012
7256 8086
56 555
2222 2565
5422 6152
3644 2849
7790 8298
2410 3405
4214 4152
6512 6183
3698 4325
5867 5777
2249 2385
7577 7300
3189 2477
3891 4220
8444 9381
8949 9743
7823 6988
4769 4011
9444 9431
3381 4352
4268 3706
9651 9823
7429 6986
10592 9917
3116 3502
2417 1419
5669 4908
6684 5983
7242 7722
2564 2923
3149 3103
9286 8376
2761 2434
7365 7656
9212 8402
4722 5049
5378 5306
7170 7646
21 774
8791 9410
27 389
7470 8177
9321 8678
675 1265
68 748
4499 4609
7475 7262
5658 5965
76 837
10318 9816
1915 2729
6396 5812
1713 1436
8857 9480
1506 2393
4694 5653
3260 2682
1389 1897
5425 5549
3141 3832
4380 4685
5547 6312
23 718
8554 8290
743 1717
2764 2085
9632 9965
4156 3556
8839 8592
4902 4824
7944 8207
6259 6199
1831 1750
2299 2355
7482 8030
7448 8065
3692 3137
2576 2702
5138 4580
4824 5399
4222 4348
4731 4227
7505 7769
3852 3706
8409 8694
4987 4704
10007 9140
2800 2940
6664 6586
7815 7457
8396 8501
8924 9702
5618 6576
8560 8228
9135 9252
5128 4604
5483 5592
5581 5776
1845 1510
8516 8086
6201 6031
7064 7361
1935 2339
2639 2772
5687 5033
11 249
7346 6692
5699 6403
8912 8667
8866 8288
9322 8575
6626 7297
6409 6504
7263 7572
4942 5044
9229 9742
7830 7073
4001 3968
70 433
86 112
1208 1383
2509 2199
8983 9718
5959 5262
6533 6676
2423 1750
6128 6716
1599 1078
9574 9957
5427 4961
6310 7178
8468 8366
7154 7858
3508 3579
7097 6975
2840 3487
8788 7866
3332 2967
7609 7963
3709 3016
3825 4816
20 96
1903 2652
5064 4479
5102 4832
6127 6357
13 84
7844 8006
8549 7964
2724 2065
4157 3992
96 148
4779 4244
3131 3286
7627 6861
5810 6572
4018 3795
39 610
2364 1462
8303 7570
4136 4362
8073 8225
4764 4838
9385 8992
9447 8950
8943 8552
8624 9127
7900 7411
4654 5075
8080 8509
9496 9065
3315 4014
2851 3102
1534 1465
50 394
3487 2863
10382 9487
7757 8265
9634 8642
95 381
3838 3946
6072 5293
5441 5041
5700 4994
2801 2611
3565 3609
5071 5162
84 261
52 184
7259 6885
7842 7441
3159 2216
32 676
16 390
3613 3311
7337 6361
1888 2849
7618 8201
7547 7005
2265 3098
5563 5712
7148 7551
5719 5995
9004 9759
4502 4119
8605 8413
7542 7537
3677 3610
3446 2566
3117 3699
5154 6034
3094 4081
3747 4090
2351 1647
2114 1867
1954 1891
2584 2876
4411 3849
4565 4154
7795 8443
6563 7003
5706 5479
78 174
8395 9154
2815 3097
8906 8899
3519 4327
3136 2317
5874 5498
4259 5058
7826 6885
2591 2424
3090 2198
7213 7592
9831 9312
2862 2305
2689 2194
3502 3284
6634 6204
7230 7823
910 1533
5895 5190
350 1029
4618 4327
5923 5544
6181 7148
551 1445
10185 9647
1752 1716
76 997
9028 8212
34 827
4238 3296
3004 3527
1642 1566
8335 7939
7788 7696
8455 7965
54 440
7726 7918
10 572
6055 5397
5277 5158
5121 5037
2134 1544
3121 2478
8080 8606
3180 2663
4309 3444
2576 3096
10351 9987
5468 4608
1851 2424
9624 8965
6331 7231
1531 1620
4372 3373
2093 2317
10392 9892
6613 7504
6456 7170
1665 1433
3812 3432
3898 3832
7460 8392
3508 3818
9269 8549
3638 4291
9323 8873
7735 7952
2314 1676
2420 2016
5513 5347
37 357
7020 6184
7590 8201
1862 2664
4396 5019
2564 2013
1016 1620
8094 8201
10273 9515
9860 9494
8820 9573
1718 2503
7288 6726
3216 3591
10425 9448
3851 2862
6250 7034
5872 5728
2291 3030
4257 3866
8651 9004
9060 8996
1510 1511
8722 9191
6815 7421
3667 3673
78 835
4739 5350
10462 9592
2105 2272
2934 3726
5291 5993
7936 8258
10025 9028
9187 9010
9522 8709
3125 2580
8274 8638
6262 6780
8892 8148
3817 3489
2233 1350
5162 5446
8630 7635
19 535
4928 5850
8769 8494
6105 6666
10024 9958
2975 3650
8875 9189
209 1053
4417 4006
9176 8335
4451 3586
6172 5617
9766 9276
5023 5199
9239 9976
2189 2418
8775 8285
1127 1950
7882 7831
83 772
1450 1842
1745 2254
5258 5258
4009 4331
2035 2306
8395 8977
1086 1271
9054 8665
6582 6306
5561 5878
9130 8866
1330 1712
7901 7843
6465 5534
3805 3122
5716 6094
647 1200
3283 4037
8147 8575
2527 1549
8782 8588
4606 5059
3334 2722
9324 9922
8446 8977
1369 1768
2575 3147
64 864
6921 7715
4114 4260
7183 8028
4388 4196
6774 7357
5407 5968
8235 7966
1370 1121
7638 8267
2909 3186
3133 3969
7881 6895
1931 1732
7890 6984
6425 6054
9823 9084
3935 4230
8218 8542
3696 3499
6064 6415
58 787
1113 1488
1396 2221
1772 1597
2240 2805
2112 2799
2672 3160
8458 8228
2050 1460
3237 3853
7939 8406
2695 2592
4125 3883
2978 3105
7939 8651
1527 1952
28 706
3372 3186
50 716
2323 2930
2157 2926
5322 4804
6092 6124
8361 8688
4951 5704
3539 3154
2337 2272
1661 2372
5399 5764
3861 3835
5578 6140
2960 2789
6092 7023
1765 1078
7097 6384
8838 9832
3166 3469
6313 6202
42 956
6365 6713
4594 5040
3415 4316
42 625
301 1024
89 632
3894 4586
8608 8844
7895 7559
6800 6978
8818 7969
3658 4236
5338 5797
5755 5012
9710 8786
8688 8906
1951 2448
6642 7194
9708 9553
3474 2536
6810 6810
8789 9300
5151 4253
6179 6604
3384 3804
3944 4384
3077 3776
9467 9100
3547 4476
3354 3060
8058 7889
73 754
9253 9674
8616 8879
2780 2695
4184 3398
8956 8431
2207 2790
3783 4429
9896 9530
3760 3472
7604 7949
10326 9706
2422 2087
39 798
9418 9503
2461 3143
8662 7717
55 564
7702 7264
1947 1159
6038 6539
4483 3885
180 1134
9341 8935
5456 6072
3069 3266
85 475
8521 7741
1225 1825
38 35
3756 4749
1954 1402
4720 5468
427 1139
27 114
2409 3156
2584 3529
3902 4848
5697 6291
2309 2023
1302 2147
6523 7326
4545 4337
6788 7400
19 384
70 837
7637 8287
9124 9795
7434 7917
7500 6912
68 854
1695 1271
4099 3878
1309 1146
5163 5693
1893 1939
9283 9028
2033 2812
2612 2632
3731 3280
1750 1443
7474 7078
6736 6167
2870 3817
6093 5693
5465 5454
37 832
4880 5036
6227 6105
3006 3107
7983 7543
2271 2485
4315 4786
4095 4738
5783 5593
4941 5566
1289 2227
7985 7967
5434 4606
4787 4427
36 258
3935 3935
8188 7431
7546 6836
7113 6760
4975 4269
3105 3948
56 596
73 412
8326 8021
8544 8930
5921 5591
3322 3179
7215 7929
4846 5362
4960 5936
6314 6547
7249 6761
41 291
4601 4990
75 932
9674 9007
6958 7346
3540 4173
5357 5954
4385 5185
8808 8097
77 917
5704 5183
7904 7060
9961 9481
5598 5222
1076 1994
8114 8229
5077 4492
8408 7563
4383 3390
3461 3654
6868 6109
7276 7525
3349 4049
85 998
5044 4276
3588 3667
7967 8496
9062 9115
4886 5851
5164 5584
5972 5624
34 901
3216 3871
2489 2138
1680 1056
8460 8205
6603 7079
44 591
5876 5621
3637 3230
2687 3594
10279 9571
4161 3538
6685 6808
9891 8897
4509 3535
7405 7458
7607 7706
6385 7311
10076 9973
45 853
2735 1962
8474 7638
4832 4829
8274 7792
6222 6259
8324 9247
2826 2860
1576 1100
8919 9878
8258 7929
4362 5073
3177 3813
3663 3512
4217 3523
5431 6047
9536 9854
673 1657
5614 6055
6505 6107
6472 5925
3171 2871
56 104
8954 9920
4977 5102
1368 1628
8659 9621
4318 3677
1083 2018
6949 7671
2055 2301
9971 9008
6544 6497
7341 7188
8401 8615
7972 8226
5112 4866
10255 9720
5752 5308
37 55
4435 4847
1994 2933
6976 5985
4273 5153
1655 1663
19 524
4295 5070
4777 5610
10132 9322
9552 8882
518 1152
7527 8306
4380 4026
7534 7221
4381 3841
5103 4264
848 1659
1996 1704
3102 4075
4002 4744
293 1042
1318 1603
2870 2801
1883 1748
4163 4956
5320 4458
3245 3480
7288 8097
2945 2635
4567 4827
5949 6773
982 1326
6189 5698
20 849
6840 6269
9608 9976
5147 4465
48 443
5816 5519
62 11
3478 2735
2948 2282
8700 8200
6415 7248
3199 3186
3923 3373
8931 9726
6038 5318
3598 4060
2811 3472
5033 5011
1078 1677
5899 6198
8021 7230
6971 7014
7941 8784
5949 6334
5058 4710
8194 7665
3463 4015
5772 5951
4119 3826
10 685
9162 9371
7289 6969
7494 7644
58 437
57 336
1673 2359
1774 2073
3839 4703
1640 1295
9977 9949
8829 9411
8345 7351
3847 4638
2986 2069
8136 8307
989 1517
5656 5472
5750 5892
7032 6035
2104 2509
6116 7100
7822 7639
5074 4145
4656 4155
1773 1191
10476 9682
55 347
5938 5332
2856 3331
5968 5127
6703 7404
7363 8261
5092 5006
4037 3221
5262 6011
4586 3877
1223 1566
6538 6795
36 261
28 552
3181 2897
10016 9925
2110 2123
74 777
1172 1271
1390 1356
6970 7056
8429 8687
9189 8646
7465 7837
4750 5608
3629 2718
1358 2273
2785 2971
1424 1599
7902 7496
8618 9161
1541 2245
9440 8457
4689 5346
3907 4794
1302 2202
6949 6656
4409 4485
3024 3328
4696 4819
9408 8655
81 476
9661 9647
6648 6494
4918 4137
4227 5085
4659 4180
4172 5062
9576 9091
7923 7642
6861 7102
582 1378
3226 2533
8415 8926
2167 2642
2354 1920
7809 7902
2774 3550
2847 2687
1221 1273
5354 5606
2651 1657
7174 8007
5745 5560
1341 1165
10278 9618
9825 9301
8904 8953
2865 3289
6385 6278
2274 2847
5103 5685
3867 3440
8073 8582
6917 7377
10206 9624
3356 3044
4823 4186
8294 8777
7511 7069
2274 1855
2327 1368
8104 8748
1762 2496
6729 7471
2500 2873
31 429
3043 3889
5539 4869
5069 5528
8603 8591
4005 3697
4322 4813
8437 9183
5183 5182
1412 1022
9084 8655
8786 8190
7216 6819
26 750
97 1000
7284 7757
8199 8727
35 301
4307 4902
93 893
2693 2795
5929 6128
6057 6878
9699 8760
72 304
14 176
7817 6831
1608 2474
3522 2893
7633 7711
4343 3478
8063 8152
43 29
3440 3022
9505 8665
4217 4406
7621 7497
3432 2662
3482 2663
1946 1398
93 137
7687 7268
9011 9170
1729 1911
1112 1753
8971 9111
6295 6504
8189 8028
9132 8473
6256 5574
4653 5099
78 990
7080 7730
2650 3255
7572 7195
56 166
9133 9535
9425 8942
1568 2408
2049 2099
6426 5640
1770 2229
3284 2931
3855 4605
2039 2460
9086 8296
8376 8295
6907 6486
2327 3059
7976 8710
5542 6313
4241 3330
9359 8698
8589 9445
4620 4832
4281 3605
5169 4204
5547 4634
62 842
8390 8156
2108 1823
8130 7781
25 248
689 1450
6806 6476
2506 2294
1795 1508
6191 6145
7982 8378
5746 6608
70 894
6378 5537
4822 4956
2634 2489
3643 3311
5215 5410
5220 5043
8067 7796
42 712
492 1339
6888 6428
6803 7348
7617 7234
4069 3512
2605 3486
4975 5691
4834 4048
3979 3547
7130 7419
24 929
2212 3049
9986 9792
4906 5552
5381 4549
2645 3384
10452 9643
2268 1743
7708 8580
1821 2113
7140 7077
7805 8609
2737 2712
3937 3826
15 110
5473 4799
5820 6483
6416 5973
8769 8847
5557 6454
10351 9370
8513 7720
4207 3835
7211 6395
5640 6394
7532 8451
8657 8253
9754 8774
2049 2901
10346 9728
5312 4677
2309 2104
2865 2144
8729 9485
5525 5724
6837 6197
3688 4338
2479 3008
7201 7584
6667 7460
5307 4678
2962 3431
36 515
4394 3546
3915 4495
1523 2236
5160 4283
2125 3057
4476 3559
4139 4360
7985 8694
6268 5826
5913 4963
17 240
1373 1386
5615 4943
4537 4329
8819 9637
6046 6963
10732 9776
8967 8833
10039 9724
1329 1656
4418 5341
6429 7206
2771 2058
5274 5638
7291 7545
7208 7548
2929 3284
1224 1759
5343 4449
10191 9419
4476 4042
2387 2717
1414 2359
10538 9613
7020 7693
97 132
73 398
5143 4946
6523 7483
2253 1272
30 854
9178 9344
836 1687
6625 6154
9492 8973
8826 9202
867 1580
5559 4907
6307 5521
4855 5694
9474 9663
9466 9509
8377 7431
8286 9274
6040 5698
5327 4802
10619 9622
10099 9907
6839 6606
2219 3130
5824 5445
7325 7458
2459 3193
1118 1498
3467 4253
1565 1459
61 271
6804 6386
6089 6137
89 60
3209 3232
1190 1835
7619 8104
6362 6036
4293 3356
2069 2563
5892 6824
12 617
4144 3650
7444 6892
5371 4500
87 192
77 232
9638 9463
2178 1667
3764 3268
7064 6931
8644 8996
7415 7323
4764 4131
6115 5686
5644 5605
1146 1911
6317 7125
2136 2002
2625 3314
1323 2142
10 429
4498 3918
79 72
6915 6519
7761 8708
1889 1839
9535 9024
2414 1622
9761 9159
3094 2660
24 787
2452 2368
6026 6493
3112 4107
8243 8757
6797 7497
6439 5925
4849 5347
5700 5185
8680 8948
3563 4458
9335 9643
6945 7701
6993 6270
5305 6154
9138 9764
75 180
5183 6073
1315 1506
2008 1385
1022 1456
3591 3882
9016 8728
5116 4251
6649 7577
6507 6853
2046 2691
5303 4970
8158 7449
3202 2254
7465 6882
5631 5156
8085 8371
310 1310
77 465
920 1871
7312 6994
4848 4902
5068 5792
9071 8098
6715 7691
8258 7335
1547 1925
4645 5105
1281 2073
64 166
7397 6501
83 220
4461 5054
6017 6403
5273 5190
3575 4309
7000 7473
8065 8976
773 1214
21 998
3320 3091
6816 7514
3140 2961
9307 8874
3664 3036
6800 6436
1750 1841
16 229
2406 2213
5062 5608
5980 5005
3138 2915
6011 5888
99 407
6257 5936
3836 3399
1505 1135
6154 6416
2141 2909
7092 7796
29 314
100 443
4008 4132
100 803
2669 2996
6139 6839
1438 2336
744 1516
2745 3354
7790 7400
8895 8361
8744 9131
5243 5287
2227 2874
37 699
2373 1779
3279 3100
7696 7444
6675 6184
6080 5166
6238 6988
4148 3625
5069 5884
4265 4712
7398 7877
1503 2055
8143 9010
2549 2863
934 1188
5035 4173
2280 1355
7433 7217
9199 9325
5562 4717
7243 6905
6943 6022
4649 4143
6738 5810
6120 6837
4231 4022
8090 8053
1244 1472
3388 2428
5956 6715
6372 6637
6303 7086
1486 1338
4158 3959
5314 5977
9556 9821
5271 5969
9079 9649
3484 4171
6069 6864
3943 4493
7482 8173
2102 1963
6346 6063
4397 5365
5635 5253
1693 1740
6238 6749
8455 7755
7788 8377
6648 5839
9925 9264
7746 7350
2621 1996
8418 9042
22 72
52 970
46 662
2963 2650
6250 7029
5390 4976
8994 8879
8835 9493
3023 2725
4537 5041
8409 9159
34 601
3504 4089
3231 2654
8124 9067
1998 2863
3677 2740
2505 1953
4893 4105
3256 2920
7996 7343
1665 1776
6130 5561
9068 9150
7692 7780
8545 8016
8122 8589
9382 9673
7950 8053
10247 9985
8811 9463
3649 4293
7872 8309
9136 9425
21 99
8991 9684
1768 2140
1984 2480
6108 6076
2653 3316
5162 4763
7021 8006
3664 3831
4454 5223
3993 3871
2090 1705
7691 7383
31 42
455 1092
8117 8412
79 926
3431 2757
3972 3455
3065 3490
53 972
4697 5040
10227 9938
8716 7935
6013 5612
6302 6010
6164 6554
4252 4573
6875 6538
1655 2548
5011 4074
10608 9925
4490 4680
4850 4982
4491 3651
7065 6507
6784 7330
6067 6654
5053 4813
4276 3811
8407 9336
4251 4076
7772 8029
55 495
4424 3466
97 638
6449 5507
3784 2863
4669 4516
3532 2659
2045 2910
2987 2323
1584 1600
7383 7545
6018 6325
5691 5722
10443 9709
8369 8183
2708 1787
25 763
2869 1941
2501 2840
6703 5746
2752 2926
8128 7140
4213 3698
52 463
2209 2706
2481 2925
4966 4345
6414 6804
1843 2376
7777 8629
8383 8638
7469 6731
5910 6903
5087 5038
413 1253
8935 8649
1714 1124
3638 2722
56 997
2268 1902
3455 4171
9119 9521
6061 5605
6812 7156
8579 8493
1367 1599
2253 1552
6446 7128
995 1258
9510 8734
4552 3872
1833 2708
2699 3391
4772 4560
2678 3565
8876 8624
10221 9235
182 1144
4081 3795
9996 9377
6335 5714
7002 7435
3348 3502
5086 5483
5262 5896
4194 5012
6819 7814
5491 6290
2602 3109
6874 6186
7664 6689
8964 8037
6076 5379
1978 2691
1278 1065
1934 1269
8145 7436
9441 8898
7117 7495
7225 6294
9123 9552
1149 1394
6626 6967
6245 6239
9301 9638
7505 8503
7075 6334
7720 7504
3026 2135
3901 4611
4420 5002
6465 6196
5360 6241
3228 3518
3993 3283
4029 4330
3607 3915
2677 2968
6017 6173
9619 9816
1947 1589
4509 4645
6947 7886
9448 9826
5824 6519
1896 1384
10202 9793
3471 4268
8615 9143
5554 4922
7487 7864
9024 8054
6548 7169
1405 1279
6064 6882
4037 4416
8328 8136
7478 7586
8112 7699
4864 5232
3686 3641
9215 8660
2229 1324
84 937
89 143
8370 8617
7786 7729
1954 2749
8117 8886
35 724
4283 5223
2847 3444
6204 5942
21 468
3312 2480
8127 8116
6772 6018
1312 2141
8050 7999
913 1498
8021 7062
1465 1794
4243 3840
7853 6940
5813 6328
8667 7682
9375 9119
5110 4431
6744 6196
10 784
8160 8016
8773 9466
8733 7765
5760 6569
93 75
9992 9788
3716 3294
11 209
63 767
5877 5210
5778 6740
1302 1275
13 429
9458 9236
2669 2564
4663 4499
4795 5759
9014 9865
3411 3236
7115 7453
6581 6717
3498 2930
781 1292
26 672
1304 2178
8470 8609
267 1022
8314 7962
2017 2888
5656 5626
2329 3141
7895 8267
3806 3820
8992 8601
10510 9745
1028 1590
1521 1082
6530 6791
7306 6898
9053 8949
2176 3034
8959 9464
2815 3237
9288 8336
6024 6746
396 1011
4799 4734
5130 4490
10005 9278
1207 2051
232 1153
9384 9261
1710 1278
1197 1738
8739 9727
9112 9574
7547 8288
4940 4990
2251 2510
1808 2191
7592 7935
3051 3602
10154 9319
4479 4599
2561 2865
1781 2041
3142 3824
41 80
9682 9325
26 800
5317 5424
8099 8256
7769 8637
3343 4021
10178 9394
6671 6139
9411 8783
5878 6874
5456 5787
4032 3224
4478 5087
5032 4483
3683 3699
2423 2531
1806 1953
3660 3524
9437 9754
7069 8005
8297 8449
8901 9726
2947 3750
6237 7054
8399 7802
7720 7001
7558 7186
6525 7042
7152 7615
3466 3346
6649 5954
4843 4200
10831 9898
9065 9477
4363 3381
9631 9664
2547 2002
1609 1093
6182 6052
3562 2752
8566 9247
9937 9021
3964 3638
3584 4437
16 484
60 895
5286 4733
4314 3557
9257 9409
2455 2225
8886 9670
9785 9369
4734 5454
7956 8874
34 908
9069 8928
2562 2014
2813 1929
14 800
7839 8830
6736 7364
6948 7067
8767 8112
7916 7519
1976 2923
3778 4423
1791 2225
3961 3479
6739 6363
4963 5445
8119 7166
9431 9457
3962 3276
4943 5709
3182 3453
7570 6913
5985 6421
6456 7090
5495 6066
61 713
2308 1366
7356 7473
80 146
1399 1380
5171 6119
3425 3908
4322 3900
1963 2176
1619 1350
5151 4673
7820 7861
8694 9054
1941 2431
4720 3838
4904 3978
10258 9598
8344 7457
7001 7143
1802 1072
851 1181
7678 7005
6417 5541
4663 4372
4405 4236
3661 2826
5318 5515
9764 9065
8481 7934
5878 6470
5373 6095
5733 6490
96 671
3919 2985
9217 8753
8522 9397
5634 4962
4688 5545
1972 1941
9012 9465
6177 5745
1962 2879
64 847
7096 6537
6352 5422
1745 1052
3116 3219
4270 4760
3120 3350
40 223
39 430
1624 2283
6750 6978
31 554
2268 2856
5137 5420
44 394
4071 4396
1984 2348
10355 9792
6161 5652
7285 7898
8229 8871
9282 8703
4211 3992
10336 9446
8338 8706
9115 9667
5647 4696
6373 6278
6735 6087
9721 8913
15 795
3377 3214
8942 8276
5590 6003
10025 9966
4102 4605
1237 2233
9721 9245
3464 4199
3115 3690
5237 4565
8018 7441
2445 1511
5855 5784
6808 6614
9498 9632
9015 8157
2786 3557
1751 2129
4047 4263
7947 7714
2104 1737
2419 2029
5573 4698
8749 8581
65 246
9734 8766
3718 2932
8095 8555
4200 3844
5435 4593
3518 3115
9074 9569
9698 9571
2074 2515
4622 4566
3532 3511
9513 9291
58 352
52 717
2745 1945
2640 2008
1744 2139
5312 5056
1650 1155
6708 7557
67 73
96 176
5009 4491
8199 8748
9867 9554
5886 5816
8242 7556
5560 5189
448 1208
1681 1365
2544 2029
6256 5888
6933 7161
6096 6092
6419 5626
7290 8233
1672 1766
4642 4874
8192 8290
7828 8097
8605 9413
6860 7207
3248 2303
80 408
6816 6685
90 711
3581 4267
8564 8097
1150 2057
6142 5836
9331 8367
2524 2760
3046 3235
5034 4351
1384 1123
8242 7447
7942 8906
2829 3143
3129 2765
2440 3370
6673 6113
9293 8848
32 373
8541 7893
5871 6241
6201 5298
8114 8378
5223 4310
4944 5745
5005 5445
2549 3009
2328 1609
7530 8080
9646 9376
30 431
1008 1609
9206 9037
7865 8160
7044 6111
2226 1762
7417 6918
9291 9110
8285 7738
9436 8658
6469 6919
9042 9241
4105 4840
4197 4127
8337 9159
6342 5436
3118 2725
10472 9881
2075 1976
5139 4560
6194 7012
98 539
2004 2864
5473 5043
8371 7804
3887 3568
770 1683
2715 2522
4475 4672
7875 8131
6751 5819
3819 3493
9965 9314
63 314
3316 3502
670 1046
9136 9201
5051 5961
9382 9347
5955 6828
3420 3182
7568 8419
1128 1950
4903 5418
63 949
8323 7643
9587 9188
2963 3602
2092 1284
2636 2856
4669 4741
6308 7047
5899 5544
94 932
4299 3563
5263 4726
4855 4553
7446 8015
4017 4417
5262 6168
8755 9675
21 82
6530 6939
3931 4745
6612 6212
1668 1964
40 271
2035 2110
2704 2316
7291 6511
6971 6852
8821 8175
8760 9372
9079 9972
7599 7220
5851 6747
6041 5390
2414 2084
61 160
9812 9129
1078 1133
4465 3719
8933 9514
7466 6777
5422 4965
4308 3786
37 872
7098 6578
37 237
62 437
4002 4839
8841 7866
4589 3821
79 46
3303 2835
2069 2963
5824 5086
8874 8648
1049 1429
3235 3445
3141 3017
2580 2691
2030 1323
8750 8971
2000 2844
6925 7643
6275 5412
6140 6145
5867 6185
702 1297
3737 3179
5957 5402
8972 8762
6393 6762
464 1374
7120 7619
9152 8930
1235 1422
89 582
6914 6468
7616 8472
4942 5194
9991 9570
8655 7819
7183 7268
8977 9685
5415 5021
8985 8525
8044 7057
9453 9747
723 1180
8279 9053
3170 3273
5815 4993
2778 2467
84 644
7107 6940
7909 8407
6473 6689
1645 2159
4825 5241
8241 8585
3311 3900
10516 9578
5690 5848
9768 9516
80 312
1997 1281
6498 6803
2578 3170
7207 7343
1724 1372
9131 9396
8963 8107
1417 1308
4353 4918
5321 6206
6494 5517
8122 7405
4399 4492
7682 7970
649 1647
28 137
7734 7019
8794 9761
2125 2511
6734 6502
44 333
3438 4433
7836 7102
659 1418
2606 2665
8100 7473
4619 4809
8222 8085
4504 3888
8263 7982
5179 4189
4900 5664
7738 8732
5511 4853
5469 5941
80 532
43 512
2549 1958
8801 8705
5200 5243
5560 5103
6340 6263
9196 8784
6544 6514
3908 4719
8328 7957
9866 9187
2687 3189
2760 2169
3067 3796
2188 1312
7360 8258
3921 3559
7782 7409
9268 8636
50 205
69 201
8525 8433
2894 2881
7220 7765
8552 8251
5195 4355
3185 3269
9315 9559
2732 2251
6650 6835
8657 9617
2326 1987
8559 7632
1230 1477
3222 3409
708 1521
9135 8732
3853 3718
3213 2620
6143 5235
7951 8022
8365 8730
8007 7174
5403 5158
7509 7026
6153 6622
5984 6881
2183 2386
2502 3347
3070 3779
1058 1862
1706 1781
8070 8917
3550 4354
2335 1470
5939 4983
2727 2183
8128 8512
8288 8164
5659 6613
6263 5405
67 489
3442 3007
1972 2139
2048 2945
9332 9738
6258 6198
85 976
959 1462
8420 8420
2522 3429
8801 9183
18 228
7709 6980
72 25
2236 2761
52 165
69 125
1943 2364
6832 7143
4523 4404
10004 9589
7258 6935
5813 6117
87 140
5877 5976
7162 6918
3864 3480
12 760
3801 2918
2281 1468
8839 9463
6281 5855
6286 5731
1953 1582
4857 4382
9265 9071
10566 9891
5645 5955
4757 4994
5404 6161
1367 1356
3625 3349
5076 5256
7295 7882
9171 9201
1587 2032
4641 4942
8774 9185
37 626
7960 7955
10010 9274
100 803
6011 6660
9057 9293
8921 8056
8815 8172
1311 2058
17 1009
4452 4547
5336 5492
82 776
1549 1344
7885 8799
44 97
6244 6298
2185 1407
2181 2835
37 143
99 917
6718 6947
7635 7282
3072 2910
10647 9838
4676 3846
1177 1274
1583 2034
19 209
1353 2041
8179 8933
7182 7563
4616 4579
50 563
55 460
6500 6662
51 956
5929 6495
5794 5324
3440 3288
7897 7593
9915 9166
2273 2029
6555 6684
19 82
10160 9412
7054 6551
6603 7347
5301 4683
6923 6161
9797 9021
78 897
6464 6519
3053 3995
6593 7493
7399 6647
3314 4178
65 507
4171 3587
7018 6231
2483 1776
4714 4951
2188 1839
3448 4316
7338 7206
9203 8598
7611 8252
7971 7154
5787 5122
4799 4958
5502 4756
1414 2360
1295 1457
4113 4551
72 752
1871 2092
4151 4360
4179 4806
2653 2165
2104 1931
5909 5809
6503 6946
5459 4759
8137 8626
9442 8668
5159 5957
1985 1686
4454 5225
1340 2030
6376 6339
7021 7426
5603 5264
31 901
5803 6267
36 720
10923 9934
6721 7482
5890 5145
5891 5428
8183 7859
2102 1892
10048 9518
9683 9658
516 1257
34 180
9928 8941
31 527
2511 3158
9956 9536
3388 2719
9032 8496
7491 8114
5849 4992
3765 3856
7500 7334
2126 3058
5589 5496
2404 2955
10517 9787
9580 8705
4741 3890
1483 1071
3190 2646
5159 4416
10271 9400
6021 6069
7507 6530
2498 2800
5147 5176
6844 6259
9937 9895
3245 3743
4726 5551
81 851
6631 6362
14 638
6002 6073
5613 5548
2330 2079
1404 1836
3396 4177
6801 6226
9509 9055
9500 9681
6415 6417
3573 4371
6597 7543
2859 3824
3453 4206
2821 3614
4538 3718
735 1554
2125 3044
8002 7201
8087 7443
8627 7916
12 745
7928 7798
3149 2741
40 736
10380 9899
5737 4906
5238 5640
2525 3244
3067 3017
5557 5395
3819 3731
4612 4179
28 342
4575 4287
5552 5132
8741 8184
4723 5159
10207 9248
7494 7478
20 345
8243 8661
4107 4736
7799 7384
5171 4539
3908 4824
1209 1802
7857 7113
6556 6513
2659 3254
2305 2191
8627 9112
8459 8666
57 683
1954 2943
6289 6394
7115 7535
4679 3881
9275 9109
2035 2148
1080 1777
3553 2757
8264 8908
2576 2961
7574 7592
6351 5708
3885 2939
40 63
16 196
60 406
2180 2866
6915 7566
99 422
3960 3627
8685 9568
9802 9234
1653 2481
5919 5334
8521 8973
329 1104
8674 8343
7456 8150
6910 7870
7666 8411
10650 9929
65 120
9520 8525
2190 2954
3814 3323
3475 2593
63 417
93 199
15 166
47 606
8992 9590
4302 5210
3385 2430
8029 8656
3628 3539
8834 9367
9204 8716
1473 1410
33 41
1679 2456
8311 7944
1095 1918
3098 3743
25 773
918 1090
8163 8495
4147 3166
3257 4102
3483 2961
5648 5152
5264 5914
3477 3740
5620 4696
5856 5043
5954 5981
2284 2918
3514 4300
6538 7142
1659 1931
6497 6238
1464 2460
9127 8963
3458 3018
6273 7108
6534 6611
22 631
3854 3925
5934 6589
5733 4872
2340 2820
7790 8382
3324 4059
7111 6856
4577 5395
911 1588
5227 5602
1698 1569
3323 2611
54 512
6400 5560
1476 1121
4461 3999
2450 2659
3026 3747
69 236
4680 5227
2118 1139
49 239
6274 7273
2554 3498
7864 7214
3727 4016
1444 1058
4612 3804
7567 6800
4817 5443
100 60
61 411
6662 5924
9857 9406
3853 4288
8885 9180
10586 9934
4600 5211
1868 1019
53 343
6040 5691
5887 5931
4839 4159
6816 7617
7468 7389
35 23
16 445
5615 5630
6493 6701
6704 7339
769 1098
4026 4377
7695 8031
1691 2043
8284 8885
4877 4967
1834 1620
8160 9074
69 326
7805 8064
7283 6495
3830 4243
6536 6198
7691 7895
7931 8280
1958 1192
3311 2363
3072 2701
5720 6285
6287 5366
26 462
5587 5100
9118 9259
61 237
3518 2669
3613 4459
7537 6832
3241 2402
7017 7603
3326 2868
2192 1220
1556 2249
2798 2223
7203 6470
5177 5944
6688 6808
97 77
4532 5250
6330 6709
6859 6552
7408 8125
6514 7252
3240 2890
4980 4479
79 780
2775 2692
65 733
69 668
6307 6399
72 126
5217 6059
630 1349
2202 1204
8881 9736
4795 4200
3309 2563
4308 5258
4938 5684
8731 7776
5332 6317
4883 4923
8435 8459
3745 4011
46 393
7371 8210
2025 1736
3675 2806
6883 7046
430 1112
7324 7746
2349 1392
1632 2459
7971 7800
2601 3419
24 942
6497 5723
10769 10000
9697 8701
5856 5737
1100 1601
5240 6236
5468 5852
2659 2211
533 1105
1063 1936
7822 7999
5591 5856
6005 6514
13 342
9615 8684
9776 8902
7636 8393
7079 6824
3360 3572
6512 7468
6379 7250
6350 6614
66 850
