10027
100
21864692
94 110 103 90 110 107 107 104 102 102 104 94 105 105 108 94 110 104 95 98 95 108 108 108 103 104 100 91 92 103 94 106 101 105 110 109 91 94 94 107 100 110 93 95 94 91 108 93 108 98 92 96 103 102 91 97 90 97 99 101 110 98 101 104 98 106 100 104 106 96 92 106 92 97 101 109 96 107 97 102 97 99 102 103 102 90 107 107 95 101 96 93 97 107 95 94 93 110 93 97 
-158719 -151447 -160699 -134757 -158591 -176142 -142797 -149313 -167407 -155471 -162954 -135274 -153300 -138289 -167700 -142591 -170368 -166869 -134770 -140700 -137573 -165949 -184340 -166965 -156011 -147699 -135174 -138922 -155021 -163150 -141937 -169956 -158535 -156364 -163461 -165139 -140852 -136318 -140594 -159377 -153322 -161881 -133851 -129748 -128905 -141680 -171998 -139857 -151613 -131262 -141939 -164240 -143234 -159123 -138829 -140411 -139162 -131100 -150821 -160961 -173937 -158730 -151048 -147014 -134533 -165380 -158568 -154734 -159430 -149334 -121962 -166356 -142874 -137020 -149715 -174001 -144576 -156496 -163800 -161720 -165544 -169772 -140766 -157317 -165599 -129314 -177681 -170323 -153858 -150206 -140012 -137069 -147211 -156560 -150749 -144681 -126867 -165262 -145278 -152091 
161766 155879 167143 139689 165420 179175 148537 156820 170507 159838 169928 137790 159344 144981 172240 145806 177025 172949 138539 144294 140837 173350 190072 172476 162956 151366 140938 144446 155403 168691 147505 175441 160993 160470 170571 169789 146576 140179 146404 164827 159883 166461 139115 136766 134334 148783 179681 143817 157294 138445 147401 168568 149808 168045 139849 146789 143695 138955 154353 166213 177500 163264 154364 155083 140598 169732 164733 163443 161106 154613 125382 171642 148641 141693 153452 179927 150683 161445 165739 165749 168397 173727 145281 164264 170902 132185 178223 172183 158038 158501 145468 140985 150518 164200 156705 148207 134477 168421 149287 156708 
85 425
671 1040
8353 8020
3281 3291
10 600
2369 1427
5488 5311
10463 9828
5916 6040
4334 5326
3641 3270
4901 5392
8563 9238
6460 6140
7807 7316
3618 3778
7143 6593
8983 9136
4552 4187
8328 8254
6575 6704
3797 3358
3284 2917
23 915
7341 6408
5038 4350
2196 1773
8853 8933
10454 9894
4368 4148
5396 4612
7180 7268
6132 6946
6042 6609
8900 8139
7055 6714
2247 1377
7655 8412
4098 4823
7592 7651
5947 6851
55 473
1439 2400
1343 1399
5330 4780
9896 9058
2673 2039
9507 8803
6565 6377
5833 4961
8979 9369
2967 2534
8916 9735
9340 9153
6600 6680
2267 1358
8829 9476
4204 4502
6251 6399
45 20
8621 7749
18 860
3867 4713
9192 9381
8261 8269
4498 3760
6970 6707
1852 2783
5627 5752
5511 5809
1100 1305
2509 2815
4290 4723
5600 4722
5029 5040
1920 2523
3290 4070
8716 9441
9293 8318
6441 6188
6645 6300
6590 6969
4467 4650
6358 6956
9885 9534
5119 5985
8554 7985
3803 3651
2269 3211
7788 8130
2459 1558
8001 7536
6033 5758
6551 7062
4859 5223
5225 6152
622 1387
24 484
7836 8405
2547 2733
3869 3046
1948 1320
92 513
70 536
6376 6362
7623 7712
7156 7971
4898 5011
8612 7980
2576 3041
6143 6113
8689 8533
8134 8029
5521 6046
5297 6160
22 188
14 242
5349 4637
9168 9081
39 279
2336 2803
52 181
4748 5330
3454 4039
7777 8425
4056 3082
9731 9667
46 853
8036 7948
6698 7416
3256 3246
5193 5281
9673 8863
38 188
2084 2155
55 772
436 1317
6971 6018
3150 2683
6470 6516
8539 9387
6561 6166
1773 2568
3599 3801
21 756
3718 4311
9985 9770
2512 2248
3862 4333
35 48
3104 2669
4486 4906
5749 6090
7022 6950
1919 2085
2098 1463
1938 1026
9810 9158
3257 3272
24 396
7856 7958
10053 9143
6325 7066
9422 9333
2211 3083
5249 4921
4889 4845
3466 3520
6482 5894
6328 7035
2047 2711
7209 6550
2230 1971
9755 9025
88 679
6402 5596
1038 1877
3650 2927
5831 5711
4541 4032
3488 3986
2603 1718
27 550
3238 3904
2874 2421
1392 1120
4967 4265
1604 1081
5893 5173
10552 9732
5154 5465
53 893
9618 8826
6501 5588
4173 3280
9212 8788
325 1270
6181 6628
4128 4822
8773 8006
3242 3165
842 1278
10467 9882
2427 3382
4601 4811
3055 2565
6911 6346
4959 5861
3577 3259
5214 5258
4077 4909
4988 4639
5440 6055
6147 5828
5564 4731
8829 8415
6883 7187
7227 6515
2552 3028
4897 5092
9311 9901
1127 1417
438 1052
2630 2767
5692 6690
50 405
2037 1358
4968 5403
7141 6548
8507 8751
42 924
2865 2641
5032 4879
5770 5735
85 641
7470 8373
3509 3754
7399 8024
8498 9068
1709 2380
5339 5624
4839 4616
4301 3504
2147 1342
34 1005
4864 5009
2478 2521
7071 7187
3319 3933
956 1759
8603 7777
2834 3195
9685 9854
9897 9038
3395 3535
4971 5311
3555 3214
9354 8683
1451 1919
4622 5471
895 1364
6316 6962
9089 8894
2186 2310
3779 2823
1895 1750
2535 2437
7308 7963
4744 5148
36 29
8452 9267
5316 4971
3676 3176
7567 6725
1659 2431
5905 6595
7299 6752
9633 9690
7383 7195
5878 5363
547 1546
7090 6736
5313 4487
8063 8995
2850 3797
6460 6875
8630 7927
7387 7472
3718 4432
4132 3867
4998 5542
6116 7029
5801 5934
8837 9720
5137 4955
52 718
7740 7324
8045 8254
8667 8857
8789 8303
9895 9752
7463 6661
982 1015
6790 5936
2826 3744
1568 1109
7345 7661
7988 8474
60 456
6000 6572
3651 3652
3947 4701
3067 2772
2374 1396
8457 9099
10629 9892
3599 3061
24 323
7467 7323
7851 8224
3518 3945
9798 9092
9309 9179
8099 8976
100 996
3996 3839
26 144
4917 5020
37 435
2490 2575
6781 6395
2193 1228
1473 1819
3835 4212
4660 4972
1176 1736
7034 6309
5327 6215
8775 8075
9622 9079
5734 4783
60 812
6922 5963
7312 7501
9877 9968
44 240
8655 8900
68 976
10450 9788
63 805
6316 6432
5121 4474
51 639
10 159
724 1290
7916 7916
9246 9365
2924 2955
4535 4909
3973 3608
1351 1545
1327 1781
6092 6395
3058 3245
86 517
10022 9547
10057 9718
8253 8356
9537 9128
2260 1561
8696 8405
1114 1080
89 985
8659 8982
5912 6649
8401 7820
6877 7525
2936 2898
4171 3461
33 347
3471 4092
100 185
1331 1704
7741 7679
9771 9885
5497 5602
1766 2734
10489 9648
3996 4488
4194 4801
2202 2634
7042 7233
7690 8151
9420 9563
4984 5032
4693 4707
4210 3361
9869 9603
21 138
5551 4997
2240 1308
7731 7663
8863 8949
3566 3113
28 39
9135 9883
3966 4257
6869 7518
7020 8013
7875 8741
2102 2090
2319 2774
5413 5915
6632 6219
2485 2013
5808 5850
5534 5412
8816 9275
7137 6409
7658 8463
3927 4021
3673 3183
1979 1174
8368 8929
7267 6350
4852 4540
49 261
7955 8258
3193 3798
5645 4785
688 1081
5848 5070
7929 7231
3236 3947
2374 1850
5583 6141
5552 4799
4213 4452
15 841
2392 2228
6750 6608
3510 3628
5713 5431
3042 3411
4797 4287
6575 6238
5225 5222
819 1538
5501 5102
60 745
5845 5456
4076 4040
2097 3036
5277 5571
6229 7201
4518 3842
2679 1709
55 382
7790 8584
4206 4485
6680 6264
7924 8811
96 915
2043 1375
6527 5868
3127 2191
963 1098
92 662
3672 4598
8066 9043
3212 3893
8905 9779
6398 5398
2196 2566
1117 1934
6398 6651
78 947
9076 8467
1759 2430
8309 9228
1393 1612
6028 6460
7141 7179
3734 2764
6659 7054
5474 5796
7267 8155
1894 2224
8602 8415
8011 7039
7657 7032
4806 5259
59 26
4133 4344
40 651
8163 8109
6257 6634
6081 6680
3536 2976
1308 1585
3467 4040
6646 6144
5337 6335
9343 9935
86 640
17 896
6974 6536
3844 2960
2688 2635
2710 2721
7065 6927
9090 8569
5187 4406
8699 9227
8903 9339
7688 7434
10004 9940
3307 3954
8998 9490
28 366
3701 3756
9125 8259
1958 1262
3765 4638
39 993
8120 9010
2709 2214
2830 2256
2156 2982
5076 4525
44 344
3383 3550
7073 7893
4907 5754
4092 4236
3265 3781
4435 4402
7649 8547
9236 9582
75 855
1003 1201
47 947
3053 3607
9142 9289
906 1017
5115 5250
3022 3521
8940 8232
4415 3813
8429 8150
7527 8445
7182 7575
3204 3175
40 849
8485 8315
7149 6433
588 1551
5213 5906
9893 9174
5782 5926
3361 2751
8013 7122
9910 9492
2765 2898
4064 3242
3532 2721
7964 7927
6834 6285
3650 2797
4483 4100
7143 7558
4917 4669
2025 1887
2127 1650
2462 3041
5061 5105
9579 9291
75 805
8292 7570
8815 7951
10236 9574
6125 5494
3680 3583
4620 4134
9205 9577
2344 1828
11 678
3551 4488
1735 2646
9560 8639
9330 9017
8925 9631
9567 9279
7544 7587
8261 8494
6999 7118
7053 6635
5518 6147
2170 1648
6904 6671
7321 7704
4853 5298
7273 6542
1988 2792
7735 6937
8931 8565
9767 9632
8370 7440
4202 3822
8770 7938
91 80
2011 2857
6913 6777
2031 1072
6350 5905
6198 7011
3492 3773
3456 4326
3374 3150
3649 3509
3139 2860
3377 3296
11 850
2172 1275
9300 9778
9433 9136
6036 5661
2388 3347
2723 1779
7803 7269
2071 1473
87 663
8220 8178
19 464
6936 6286
4107 4272
99 865
97 234
2143 2966
5925 6433
1984 1518
3301 2979
5762 5704
7894 8459
21 507
4070 4160
7098 6998
88 102
5757 5937
85 495
9977 9152
5877 5977
4550 5514
7056 6068
3937 3366
2275 2787
14 503
7994 8697
17 611
3474 3478
4827 5375
2969 3257
4342 4332
1950 1573
7480 8169
7128 7255
8022 7587
6707 6117
5118 5024
4580 5506
543 1050
9987 9038
34 161
2453 2151
7477 6714
770 1160
1697 1534
2453 2448
6258 6614
7269 6353
52 495
1859 2559
4473 4728
1340 1315
6095 7027
5569 6459
47 459
10582 9946
6614 7521
87 61
3990 3635
5433 5699
5259 5467
92 813
10679 9698
8604 7713
6150 6530
3848 4100
1915 2785
4805 4648
5030 4544
4507 5342
33 618
3532 4530
7741 7161
5416 5386
4000 3323
9477 8977
8886 8820
3140 3480
1080 2022
4660 4158
2482 3391
7665 7189
4518 4199
2218 3010
6009 5988
6171 6151
3893 3369
397 1059
7564 7615
5911 5908
8681 8592
3453 3864
5165 6090
7374 7756
8059 7335
6849 7086
2949 3651
610 1145
1869 2382
5365 5117
9314 8822
9633 8906
10321 9801
81 860
1275 2065
6508 5592
7400 8228
418 1177
5319 5553
2100 2163
9582 9063
2562 1760
2306 3033
804 1411
325 1011
5435 5520
4525 3711
7078 7949
4510 4710
5222 5226
2125 3003
519 1400
63 867
9396 9837
3778 4039
66 804
3773 3828
1633 1886
8468 9126
1445 1924
6900 6645
3983 4094
3896 4225
4434 4269
6600 5819
4216 4426
94 878
4934 5354
74 83
6281 5377
4152 3935
750 1381
8124 7174
6197 7023
6424 6198
1156 1159
6159 6382
6030 6856
4018 4605
4311 5010
4592 4881
7995 8594
9459 9830
3170 2908
5013 5698
1863 1181
51 515
6179 7005
7933 8677
6280 6600
82 41
8159 8453
3545 3766
6891 6251
3982 3935
1894 2232
4686 5287
93 384
4632 4622
3363 2990
5400 4499
6162 7106
3753 3919
53 463
9660 9820
7817 6838
7348 7875
7307 6600
9810 9250
5150 4857
2853 1872
3713 3617
2354 2111
3021 2691
6489 5895
9880 9677
76 336
6269 6901
658 1654
5665 6257
1330 1304
10598 9901
6653 7068
5339 6126
7465 7584
8431 7446
30 233
3960 4370
9129 9020
6966 7517
7327 7250
93 246
6702 5952
3578 2865
4058 3150
79 223
5223 5402
7514 7398
7997 7044
6140 6225
8014 7524
7726 6730
5892 5519
2745 2753
711 1072
1775 1692
6780 6244
4146 4136
8021 7731
2649 3119
6432 5650
8975 9168
8687 9343
6966 7369
5858 5768
688 1195
7904 7947
1911 2403
1205 2000
8733 7859
9095 8587
19 184
6254 5640
4718 3726
8783 9779
5965 5291
3189 3845
96 790
2525 2583
2257 2179
7525 7181
2632 2008
4016 4017
78 855
7219 6724
4252 3378
4973 4243
6641 5860
9503 9662
4175 4271
5717 5258
10166 9522
2594 2335
57 801
14 113
5823 6761
8115 7434
6404 6564
8243 8939
4887 4349
425 1313
6806 7720
7375 8250
6371 6147
1230 1833
4189 3572
1629 1335
4789 4350
8447 7867
6351 5485
6580 7285
8311 9015
5745 6472
8334 7712
8358 9246
10635 9684
8636 9131
9099 8894
4920 4917
1409 2055
1964 2513
8093 8448
4000 4146
5639 5395
3245 3942
6411 6445
5007 5261
10340 9967
53 900
2893 3289
9136 8332
7312 7865
6328 5545
2428 3421
7129 6968
3515 3649
5007 5052
3976 2983
1528 1471
6260 5733
62 205
5303 5319
37 847
7785 7884
5832 6671
8384 7838
7583 7583
9066 9162
6509 6020
2336 3029
1884 1748
5111 5430
6902 7244
96 208
1811 2021
3695 3789
8358 7923
4512 4476
1489 1979
5656 6584
8352 8502
3255 2661
6332 7203
7342 7841
4969 5105
2327 2926
5387 5849
8363 7771
39 79
6981 6874
74 71
9345 8416
2900 3161
6605 6681
29 186
4993 5582
6368 5590
5827 5447
6499 6820
3038 2115
3673 2877
89 166
5582 5431
10412 9938
5199 6122
7861 8106
7353 7032
7554 6974
5640 4858
8961 8234
7587 7018
51 420
1746 1158
8237 9064
8847 8914
5591 4726
3428 2462
8764 8366
8469 8662
6828 7487
6858 6723
5267 6252
9255 9224
1265 1865
8068 7690
99 657
4236 3487
3638 4439
1316 2178
7069 7571
6713 6923
38 34
8364 9222
7220 7657
12 29
3182 3194
43 17
5275 6229
2620 2047
4404 4159
5889 6783
8592 9099
5835 5011
4363 3930
7838 8108
2661 1954
4201 4649
2227 3098
5599 5367
11 363
16 344
8139 8199
3885 3095
4038 4590
8283 8509
7010 7040
5676 5549
5589 5497
7293 7046
2401 2991
8317 8732
40 270
8173 8906
3700 3009
4943 4692
6352 6571
8494 8951
19 358
88 957
8972 8696
2923 2778
7660 7880
3704 3411
48 275
9411 8599
2965 2073
6839 6782
5848 4943
8136 7495
2665 3458
6321 6525
2458 2686
2908 3664
8250 7965
5957 6115
2446 3103
1377 1326
1886 1670
7362 8269
5273 6246
905 1825
6893 6071
9085 9410
4952 5126
4114 4164
7852 7401
2241 1883
5957 6094
7401 6629
6693 7543
57 859
10862 9968
8587 9150
2884 2695
7874 8556
5088 5823
41 437
4121 4471
4690 3690
55 627
2510 1932
2022 1676
9056 8462
29 914
5195 4843
6845 7018
7616 7226
8476 8505
1339 1038
2134 2599
5364 5923
8906 9775
1295 1535
7700 7735
8403 9087
3362 3559
5795 6140
5200 4645
7606 8136
1612 1834
6518 7303
2603 2915
9256 9909
2876 3612
9104 9777
8234 7434
536 1187
85 629
4586 5059
8326 7524
41 916
5530 4644
4767 4650
2493 3305
54 233
6565 7067
5280 5969
52 339
8425 8103
7876 8583
5343 4926
7610 7048
1497 1966
8629 7976
9696 9852
5561 4682
8722 9142
10410 9917
8272 8087
14 197
8403 9143
2373 1951
6203 5970
3661 3752
1876 1025
91 575
7471 6535
3338 3523
2055 2192
6237 6933
2410 3346
5134 4607
1870 1352
900 1451
3144 3881
2833 2700
5087 6035
7277 7675
6832 7797
474 1084
6023 6649
2382 2905
5955 5843
7580 6773
1874 1041
7800 6863
5878 6048
10161 9533
9814 9980
719 1211
5660 4986
17 659
10480 9527
8424 8093
6238 7079
3123 3167
8711 9363
2013 2219
8261 7776
7080 6120
4677 4893
3477 3630
8625 8820
6578 6049
251 1178
1436 1218
3607 3694
4920 4891
8949 9739
1973 2761
2595 2358
5694 4761
2498 1739
7738 7415
2246 1960
3126 2199
6345 6067
2057 1489
5989 5935
3764 3443
9630 9815
3788 3430
7951 7478
7716 7175
8030 7925
4366 4966
227 1035
3462 3712
6126 5991
4887 5155
7644 7359
1069 2047
2642 2915
6907 7752
3732 3576
1733 1601
6608 6831
4928 5779
9291 8387
4356 3814
43 394
1291 1637
5627 4665
1078 1242
8514 8379
6516 6085
8814 8150
2791 2385
4957 4394
5725 6114
5798 6266
76 480
2992 3905
2415 2348
1748 1443
4806 4632
5786 5393
3260 3922
3571 4465
2523 1523
71 669
2835 2340
5177 5304
70 875
864 1547
2377 2821
7071 6961
964 1433
7403 7916
10015 9577
5490 5732
2985 2039
8038 8312
62 211
5612 6377
1569 1872
9146 9677
4582 4714
1455 2431
6274 5573
9382 8518
7756 8666
1333 1817
6060 5289
3867 2924
8645 7677
8291 8379
8726 9361
6965 6973
643 1641
4489 5004
1187 2131
9677 9450
2203 2370
10362 9958
10296 9388
3881 3558
8350 8959
2620 2300
84 709
7793 8576
3461 2634
5549 5703
768 1115
47 179
5392 5682
4017 4842
6927 7342
2733 2789
2909 3057
2134 2222
7119 6342
2453 2106
5378 4947
1450 2059
3725 3325
4321 4959
7071 6588
7903 8251
8719 8206
3899 4706
3215 3354
6144 6941
54 850
5680 5785
9493 9897
4831 4156
7768 7179
2836 3424
8714 8650
8997 8279
5444 4714
3846 4340
2404 3170
2301 2476
5406 5329
3793 2827
26 777
5336 5950
2498 2807
6434 6810
8018 7607
1989 2491
5360 4843
9152 8831
5301 4367
5601 5130
6393 6355
12 505
4160 5081
20 930
8804 9632
3331 2345
9687 9444
8591 8907
2254 1470
8371 8101
774 1306
2062 2587
87 797
2829 2242
5223 6024
10188 9977
3189 2279
30 102
3325 3518
9030 8752
8306 9206
1341 1425
7020 7034
4043 3858
1624 1732
1322 2280
2493 2436
2435 3314
1325 2234
3371 3560
7417 8300
3289 3577
1905 1080
8006 7136
2222 2651
1014 1956
1890 1896
4749 4458
9580 9892
7877 8310
4535 4304
8054 8956
2244 2320
1579 1382
849 1545
700 1127
6204 5231
26 373
2825 3122
4206 4788
894 1095
7983 8982
7137 7694
1953 2944
7916 7830
876 1581
1739 1738
7777 8499
2588 1891
4134 5121
9321 9268
5589 5790
4534 3860
11 379
6115 6905
7716 7561
32 508
38 307
7077 7220
6376 5751
9310 9693
10 244
10520 9589
8060 7464
6346 5990
3331 2562
1661 2320
3164 3734
9023 8954
5181 6152
34 341
5338 5442
77 25
3951 4235
3008 2287
2307 1582
4636 5395
3798 4731
7251 7405
3604 2633
6529 6756
7112 7075
1893 1147
7439 6549
4273 5171
3504 3319
4529 4829
5274 5734
4064 3828
3499 4061
5991 6342
5885 5050
4384 4516
3172 3813
4306 4994
3587 3195
894 1563
6718 6258
544 1030
7136 6994
9062 8472
10 488
4338 5040
69 46
4765 4971
4629 4317
6913 6033
32 229
8306 8302
10321 9560
5046 4073
8126 7456
7117 6320
2099 2976
93 845
3429 4187
2434 2732
674 1192
979 1207
5980 6003
5187 5681
8749 9119
3555 4013
5051 4724
8195 8486
5775 5226
4935 4268
26 1002
7807 8700
9129 9234
4573 3708
2817 3735
4015 4837
5006 4139
37 130
9019 9399
2830 3387
2955 3351
15 546
5988 5680
3732 3174
8015 7056
2206 1887
6691 7604
9846 9172
3379 2719
2654 3543
3263 2669
6233 5741
4904 4810
5142 4275
4164 3723
6636 6580
2588 2769
2567 3362
8555 9241
9718 9051
7289 7412
8600 8114
9359 9705
10089 9394
4124 4451
8435 8332
6632 7401
2436 1995
843 1745
1666 2436
6873 7474
9068 9063
1477 1254
10236 9319
4341 3869
7715 8573
2315 2579
88 896
3908 4185
7893 6918
6147 6239
9562 9479
8639 8840
7388 6587
10325 9734
61 622
843 1018
1011 1330
90 265
5997 5843
3748 3710
4200 4088
8426 8110
3397 4292
6542 6403
7812 8027
4332 3980
1727 2602
4173 4034
8921 8540
3821 3568
5899 6403
4003 4541
2419 3103
1096 1501
463 1122
410 1338
6781 7012
45 39
9834 8906
2263 1491
5441 4744
9626 9116
1979 2337
6232 5571
1734 2619
7502 7520
9013 9057
6498 5930
1382 1834
4287 3650
3720 3459
10502 9846
3147 3369
1290 1263
4183 4595
8620 9229
9333 9500
5743 5081
6873 6472
8799 9004
2721 2259
6922 6550
4921 4579
6505 7125
8838 8699
1687 1835
3145 3386
4020 3312
2385 2253
8516 8517
6880 6358
22 272
3291 2926
10336 9881
5577 4833
3693 4251
5336 4515
1555 1519
724 1461
1854 1051
5579 6497
4582 5253
7931 8470
6187 6123
62 1000
1827 1155
5066 5610
5236 6223
3940 3025
1474 1612
1332 1513
1063 1593
4044 4466
7233 8063
3201 3815
4583 4112
3771 3327
4158 3912
5688 5733
585 1250
61 301
7783 7491
9931 9176
4143 5080
3480 3137
5928 5250
9495 9257
6101 5867
4643 3789
3719 3415
5733 5174
5774 6563
5944 5503
5863 4904
1408 1507
2233 3012
8356 8430
5077 5218
8252 8225
5216 5337
7577 7215
5839 5078
5114 6040
10476 9942
8258 9087
2834 2319
3279 4041
2761 2162
8026 8663
53 212
1159 1230
7802 7648
689 1114
6249 6757
6940 7749
6229 6512
9048 9231
6777 6470
7229 7368
1772 2173
5530 5966
4016 3269
8334 8558
4266 4642
8654 9459
1675 1023
7905 7904
9323 9724
8003 8520
84 35
8621 8410
2475 3017
7482 7451
2607 2339
5858 5415
2848 3256
8606 8120
10576 9690
9691 9118
3222 2868
66 189
3357 4125
10121 9305
3352 2916
2639 1746
6202 6112
4590 5226
7380 7004
2444 1988
1054 1521
3353 3772
3181 3880
4779 4161
3160 3432
4987 4766
4819 5706
7877 7489
4690 3844
1794 2261
2112 1478
9058 8817
1233 1297
7977 7326
6576 7224
4110 3936
2479 2744
6832 7822
8326 8334
6191 5813
1873 1646
32 270
5045 5394
842 1295
6717 6688
6580 6159
191 1108
4541 5216
7233 8216
4261 5192
5483 4724
7658 7785
9678 9337
10266 9788
4839 4168
6098 6181
5699 5364
4181 5165
8157 9059
35 1009
2397 2509
6225 7040
4426 5100
4658 5410
9415 9146
9445 8817
8523 8912
8674 8422
2343 2353
328 1304
7964 7692
2488 3102
4073 3672
5059 4983
694 1489
8913 9654
1239 1855
3382 4231
4901 4228
9306 9884
3818 4155
8620 9008
8586 8823
7826 7510
29 119
6286 6786
4999 5835
7551 7050
8569 9108
4590 3694
6268 5940
7890 8697
1315 1350
71 369
2704 2566
1805 2471
28 891
2450 1556
10 157
1022 1846
9120 9309
3643 2749
4946 4208
7783 7876
2536 2179
6215 6155
9858 9357
3486 4293
9925 9127
3252 2913
2349 1956
4347 3583
8504 7693
5887 5927
8629 8770
6440 5727
48 342
6469 7407
8839 7962
3399 2816
8470 8802
7254 6663
3709 3912
8845 8327
27 143
8571 9475
6289 7040
6123 5680
9417 8676
8618 8540
3051 2844
8009 8122
2084 2374
7836 8146
2258 2085
8235 8563
8766 9471
6650 6875
1242 1046
7480 8254
2366 2571
7601 6858
29 702
6529 7219
1814 2763
5925 6698
2763 2847
4218 5063
3841 3929
5710 6162
9042 8302
4666 5581
7449 8449
16 543
905 1179
887 1726
7896 7038
6022 6215
9073 8139
7579 6699
8404 8637
7202 7251
6380 5818
3102 2226
5487 4492
2603 2322
4196 4992
7486 8117
8160 8815
86 725
1708 1170
6990 7783
9274 8288
84 387
5964 6673
5171 5570
9379 8824
3507 3086
357 1032
61 894
3098 3684
4334 3645
80 347
8191 7847
3221 2457
7550 7798
6252 6960
968 1291
7527 7136
4105 4912
3791 3174
1663 1880
2538 2744
5376 5982
5239 5106
7123 7468
4967 5904
9385 8540
6194 7014
9241 9799
3094 3803
3250 3265
7173 6901
4189 4571
5187 4907
3811 4387
1282 2191
9419 9613
396 1293
4242 5064
5044 4103
3652 4281
40 501
8018 7263
4422 3466
2113 2013
8830 8386
28 276
2786 3053
6081 5872
5284 4442
9105 9864
6690 5773
2121 1433
2203 3081
8989 8042
5167 4842
33 701
3878 4153
4085 3639
6203 7103
60 806
2285 1757
2295 2472
2825 3575
5274 5501
1799 1626
5990 5807
6804 5902
4653 5534
4575 3655
2609 2319
10145 9888
7006 7272
9425 9266
1377 1290
8367 8344
5956 5353
7227 7742
4405 4535
51 501
5399 5265
2790 2480
5459 6392
3483 3098
5667 5214
9118 9861
54 194
7994 7141
4355 4525
2509 1669
10373 9950
4854 5649
2442 2489
6641 6006
8292 7694
48 739
5637 6516
3198 3869
69 556
7270 7693
5735 6253
2913 2445
6690 6671
4505 4201
3874 3245
7005 7904
71 790
7609 6821
5633 6121
4059 4554
32 834
9155 9207
92 551
3405 2794
1778 1061
9115 9675
3756 3666
6324 6325
2119 1876
9656 9923
1159 1097
5084 4453
1372 1450
1299 1329
8218 9181
30 335
4692 5570
6924 7275
8760 8790
7158 6388
21 279
4534 5251
1605 1024
4836 4091
6265 5696
100 591
1689 1604
5291 4497
4070 4898
7845 8772
3666 4272
8716 8678
3114 3727
7164 7009
4568 3939
7455 8447
2827 2599
5120 5102
25 158
87 427
5582 4909
8574 9204
10317 9607
9560 9848
95 940
7394 6493
2364 2004
1783 2093
8674 9504
7597 7747
3803 3058
93 753
8844 9472
7096 7547
5977 5913
7637 6939
6486 6481
4587 4327
6322 6432
3829 3358
23 551
3794 4539
7022 7898
8474 8258
80 264
9685 9151
3598 3469
6142 6541
6837 6612
2941 2077
36 179
8331 7560
5285 4702
7149 7063
74 44
9903 9045
91 450
8361 8292
4977 5204
1941 1327
8729 8155
7030 6373
4563 5395
4027 3481
4397 5314
10126 9281
10111 9651
8245 8722
15 667
86 661
4111 3583
916 1194
52 131
5042 4844
8888 8394
7872 7107
7631 8486
2079 1760
1177 1069
3932 4432
4413 3903
1894 1979
8378 8384
8148 8541
2277 2454
2066 1229
4139 4822
2692 2043
2524 3128
1523 1822
44 223
55 535
1281 1399
4043 4048
918 1420
8257 8366
4288 4997
3773 3358
4951 5734
2403 2579
2358 3214
1217 1771
1354 1835
2146 2970
5000 5475
98 722
5087 4837
8412 7796
24 799
4688 3798
5151 5488
6225 5703
10407 9747
8530 8867
3408 3069
3704 3831
7730 6749
26 666
10106 9937
1512 1691
9487 8761
9582 9432
93 353
7851 8334
3626 4257
35 652
2837 1947
4242 3572
1594 1829
6463 7027
2618 1877
1774 1019
9065 8372
8987 8961
1813 1554
9813 9752
2040 2697
10106 9467
1910 2386
6874 6938
9040 8558
5582 5792
1069 1609
6890 7264
1858 2168
9221 8313
7933 8068
4916 5725
9677 8919
979 1051
8010 7770
1350 1989
2252 2929
8905 8621
2223 1568
60 896
3202 2220
4152 4479
5348 4562
1942 1292
2264 3120
33 760
4980 5652
2966 2845
18 504
8353 9167
10 85
6102 6526
5752 4817
3317 2958
10739 9881
7332 8154
1821 1942
10737 9849
6651 7529
8007 7574
1259 1606
2286 1550
2261 1381
2191 3078
2493 2429
557 1361
3749 2789
4842 5711
8933 9555
3912 4201
8623 8017
7218 7741
5678 5598
3719 4044
3919 3018
8784 8083
8597 9144
1810 1563
4632 4558
8282 8877
9158 8949
6565 5704
7709 8082
1146 1935
71 733
3157 2799
4081 4695
9968 9798
8278 8980
1609 2514
2712 3534
1941 2744
7635 6790
1651 1249
4612 4960
1731 1586
9804 8888
6292 6380
701 1444
7242 6374
3807 4155
3191 3101
6546 6496
3489 4200
7335 7602
3291 3054
6566 5840
5858 6778
1710 1488
2481 2845
7515 7302
5465 6120
8267 7894
1528 1566
1382 1797
8912 9764
690 1214
3843 4503
10633 9923
38 249
318 1164
813 1367
9340 8717
7730 8352
2417 2936
43 285
3930 3204
8779 7861
3737 2837
4540 5532
6071 5344
993 1666
1813 1988
6488 7239
5995 6838
8864 8526
2182 1920
6945 6922
4804 5146
38 762
9147 9865
6355 6945
38 1007
5963 6576
20 295
1342 1645
3979 4924
5470 4787
5407 4627
6406 5760
3573 3652
6293 7073
1035 1347
1941 2930
9214 9873
8938 7972
8428 8762
7959 8860
1372 1920
8572 7707
972 1571
38 410
6023 5451
5271 5136
9258 9188
5656 6115
90 555
3508 3528
7504 8248
4792 3965
9389 9141
5521 4556
7574 6792
8733 8859
10424 9685
9468 9102
1562 1614
8672 9128
8478 8330
9039 9720
1661 2217
5231 5221
4093 4474
8784 8470
6081 5547
49 270
4529 4094
2932 2187
8338 8824
1745 2731
2432 2813
2616 3110
8053 7966
4022 3347
8732 9604
2738 3596
8685 9322
1382 1792
3203 3608
8849 9279
7612 8102
3991 3053
1667 2046
1586 2102
7319 7220
245 1050
5065 4506
2545 1889
9290 8303
3312 3776
2337 1367
5594 6264
2537 1889
6278 5855
8744 8662
4025 4731
92 477
2623 2369
9576 9038
8204 7502
9639 9618
1962 1225
17 522
9176 8659
6355 6551
7633 7825
9452 9617
7057 6434
9405 8946
1697 2395
9450 9784
1836 2566
5141 5357
3164 2323
5374 6205
2104 2815
3563 3192
9523 9715
3552 2688
8563 8045
5068 5980
61 514
7379 6530
6505 6426
38 124
7450 8017
8870 8212
2283 2646
8857 9685
8568 8175
7183 6615
7260 7058
960 1836
2021 1363
9142 8893
9471 8545
8931 8449
8513 7954
1967 2751
3992 3387
8218 8714
9469 9891
9157 9379
1419 1966
8512 9091
5799 4837
2092 2061
21 201
6333 6961
198 1013
5563 5626
7685 8119
8525 7782
4598 5469
9094 8812
5835 5789
7318 7173
5631 6483
9935 9522
8523 9385
8105 7708
8571 9128
5520 5600
3340 3303
28 74
3395 3356
6742 6006
8864 8824
8442 9248
5866 6189
9039 9367
3460 3737
5329 6271
5458 5735
3605 2710
2630 2358
5661 5501
4389 5299
5381 4640
10397 9604
3492 3251
7424 7371
3935 3482
9030 8486
2520 2449
1873 2721
4302 4756
3371 4352
970 1479
26 524
3882 4847
2813 2548
6199 6855
7152 7732
4038 3830
1806 1290
1183 1845
2479 2343
5064 6055
916 1074
663 1529
2417 2173
8897 8561
4841 5151
81 751
3988 3423
894 1693
9416 9435
4961 5328
4114 4999
9720 9447
4898 5830
7426 6486
8035 7477
7140 7056
4130 3162
58 652
7500 7989
4390 4890
8021 8512
8396 8655
84 875
7113 7154
67 59
5397 6382
1025 1343
90 343
7134 6312
3173 3888
10235 9739
9403 8588
4952 4093
2256 2121
8712 9454
80 227
3847 4552
3939 3885
2810 3124
3968 3365
9260 9951
8404 8063
3810 4573
3961 3996
2221 2579
7618 7013
6517 6693
5968 5427
1971 2515
4401 4394
8957 9623
1486 1214
8807 7834
2898 2455
4213 4360
7878 8832
8007 8758
6850 6790
8056 8984
2990 3746
10185 9391
2840 2072
8146 8224
2115 2218
10441 9523
5792 5455
3785 4126
4453 4994
5154 4830
3368 4147
5993 5198
86 657
6629 5650
1929 1023
6279 6338
5029 4416
6773 7766
7854 7355
10275 9853
6685 5911
3811 4635
9527 9528
9740 9903
9783 9320
818 1328
3482 3259
5456 5886
3844 3281
3729 3264
802 1236
5797 5547
10124 9785
2187 3041
2890 3691
4530 4931
7075 7774
6985 6155
8208 8658
2989 2687
8961 9336
1769 2442
1417 2159
3646 4623
8077 7695
6952 6892
4831 4567
9607 9181
2152 2823
2885 2689
7504 7407
9324 9944
2964 3711
7743 7743
4764 4786
8531 8357
5632 6549
10244 9833
2294 2390
8505 8750
1611 1246
1111 1198
5084 4807
6943 7085
4927 4543
5502 4940
700 1576
1012 1758
5816 5879
2326 2946
9509 9799
10483 9788
3526 2700
8538 9049
2091 3037
3008 2633
1759 1730
3889 4157
4550 5073
9264 8609
3836 3085
6374 7128
10434 9910
8908 8287
4819 5503
5740 4856
2769 2606
5109 5157
9919 9659
7526 6606
5529 5601
545 1375
9582 8687
35 314
1819 2463
4309 4280
75 581
3067 2566
7917 8384
3799 2865
5393 5066
3420 3777
3401 3935
8300 8671
5412 5637
1083 2080
1355 1750
2978 3784
7683 7559
9373 9008
3035 3960
9022 9185
1821 2745
2940 3427
4100 4927
7876 8699
5826 6617
5803 6516
3630 2796
940 1878
4410 3747
48 241
6090 6308
8120 7653
2132 1884
32 160
63 724
10798 9820
6672 6754
7482 7796
4937 4145
1109 1649
9909 9817
2026 2659
3153 3445
799 1360
7523 7642
830 1092
37 633
2150 2052
61 200
3147 2537
5538 4637
1769 1706
45 330
6815 6598
8820 8101
5464 4615
2281 2987
938 1161
7226 7151
895 1571
3833 4783
3812 4192
2744 2974
2709 1801
3926 4834
928 1268
2907 2620
4805 5467
10278 9535
5873 6736
2752 3062
7759 8473
6137 6608
1117 1940
5026 4030
8258 9009
8363 7761
1699 1281
5506 4833
10333 9609
15 846
1540 1863
8153 8869
2713 2292
2289 1734
2087 2617
27 110
5182 5288
4414 4521
8688 9447
6525 7135
7221 6865
7864 8404
7895 7997
8213 8012
7489 6648
1060 1730
2386 1396
89 405
1814 2138
2692 3324
5762 4905
3282 3791
5052 5423
1431 2120
2761 3084
3484 3726
2494 1574
2357 2676
9239 9838
3167 2243
16 476
5701 4746
10397 9651
8606 7783
7016 7593
7192 6591
7305 7149
7220 6584
7782 8017
93 763
4393 5365
2541 3266
3378 3414
9889 9173
10217 9956
5861 5805
1691 2028
10007 9319
3255 3103
1398 1407
8588 8810
2041 1708
4049 3680
11 357
1970 1014
4362 3598
8098 7558
8015 8946
1510 1479
9599 8885
5552 5100
8556 8539
2932 2236
8362 8759
34 754
1374 2026
5453 4461
5187 4514
1744 1505
87 825
3668 3551
7349 6774
43 812
8337 7633
5105 4661
3253 2387
2184 2651
7000 6464
21 639
3805 3022
6827 7197
8731 9673
6214 6676
2129 2386
2164 2595
9044 9131
10 474
5958 5546
9136 9538
7286 6791
3249 3595
9989 9053
5729 5402
6276 6574
64 585
6771 7665
33 23
4277 3601
8879 8317
3757 3566
8179 8434
1290 1401
3881 3077
351 1236
3885 4296
8808 8199
1500 1423
4586 3758
5131 5697
4110 3886
2604 3364
49 526
9689 9862
54 111
57 583
76 904
4439 4629
463 1379
15 474
9851 9685
59 382
14 473
5511 5166
8868 9172
3243 3890
12 13
7753 7543
6331 6377
65 308
9692 8756
9689 9664
1366 2094
90 465
94 349
4902 4064
4185 4654
2503 2153
5076 5602
9999 9970
7420 8398
8627 9204
7950 8061
3045 3574
6205 6942
6650 7605
3316 2571
6095 6644
5213 5057
775 1650
1498 1442
7088 8025
5026 4110
2346 1745
6658 7556
6508 6848
4487 4618
663 1421
1441 1520
8692 9331
7354 6385
4908 3984
5388 5259
4873 5790
6920 7023
5969 6454
7688 8152
8077 8284
5969 5959
9747 9591
126 1062
8718 9644
33 582
9010 8463
1646 1296
18 194
4752 4329
9020 9245
4416 5068
71 668
6908 6914
80 877
6490 7049
1902 2631
8896 9030
3807 3898
9296 8605
16 650
8758 9506
4698 4483
6766 7152
48 74
2618 2254
4660 4462
8841 8755
2116 1997
2842 2344
3549 3504
9663 8783
1633 2608
9929 9792
6815 7557
4097 4983
8654 7873
7115 6556
5080 5875
7176 6335
7415 6592
6557 6465
8413 7545
11 287
22 696
3450 3211
2383 3047
6774 7713
1641 1062
1842 1709
7271 7914
3860 3525
4948 5568
6166 5201
847 1219
7461 7818
7246 6739
9974 9289
11 978
88 467
3154 2815
3823 4327
6380 6384
9130 8267
913 1100
6805 7709
4563 4994
3912 2925
40 954
6181 6194
3061 3137
9987 9361
9389 8569
7444 7809
3494 3292
1568 2313
26 125
5701 5580
6945 7177
4279 5016
896 1730
5427 5202
3933 4868
5913 5796
9231 9028
2358 3000
8667 8943
1870 1914
9241 8520
5934 5895
8300 7579
4240 4103
5649 5644
4448 4567
5767 6002
4884 4353
9096 8723
10496 9655
9265 8800
10496 9744
1637 1168
1842 1416
8916 9172
3629 2963
24 322
4547 3582
3149 2177
3431 2953
3591 4059
619 1559
2430 2579
4388 4409
863 1813
6710 7224
4368 4879
760 1734
7500 7804
7698 7166
8566 7899
1075 1038
5247 5677
89 909
8614 9377
2018 1117
6138 6523
2591 2243
8262 7499
36 898
2016 1692
5476 5215
6988 6476
4206 3906
7766 7261
5216 5678
8048 7876
2162 2801
5858 6692
7903 8494
7359 7656
10020 9244
2761 1880
8264 8311
126 1126
2215 2655
3054 3752
7118 7611
5570 4669
4803 3950
7855 7068
6973 6382
8594 8507
3893 3273
7581 6617
9346 8590
8126 8534
9124 8445
8591 8200
7852 7530
2075 2520
7738 8112
1884 1285
5019 4296
7812 7956
1411 2191
9801 8891
8103 7734
8119 8564
62 865
5942 6880
5438 5188
4463 3517
2755 2195
9911 9092
1885 1856
9468 9301
4029 4883
5383 5548
5182 4523
5903 5034
2113 2965
30 951
9902 9794
1256 1181
7318 7011
7798 8264
10394 9629
7480 7103
8858 9709
10301 9692
10260 9900
6497 6248
7241 6267
5224 5646
7103 8050
8371 9339
8295 7610
1978 2163
992 1937
24 915
2328 2177
63 836
1145 1318
2751 1764
6098 5609
5119 4513
4147 4918
2557 1939
1141 1409
5886 5496
8037 8514
3263 3424
4653 3677
10571 9928
46 68
7808 7630
6507 5940
5546 5357
3145 4143
5915 5302
3442 4223
6316 6999
84 817
5175 4722
7741 8542
4891 5577
6818 5824
8486 8572
1076 1840
8870 8141
1743 1553
1447 1374
2032 2081
7970 8595
3436 2973
7441 6646
592 1573
7934 7577
4399 5293
6642 6764
10329 9469
8405 8785
1715 2571
9333 8805
4149 4248
6563 6337
8433 7989
1354 1924
3957 3724
7512 7851
3537 4484
553 1236
2244 1959
679 1421
3161 3713
4477 4356
8563 7964
8217 7413
3332 4025
9262 9252
10432 9447
3149 2799
4596 5471
7083 6890
4766 5702
5921 6456
7029 6327
28 219
3586 4173
3672 2906
4541 5493
7755 8025
9421 8994
9483 9023
98 444
2837 3722
1198 1805
3732 4580
7340 7101
4012 3498
46 777
3715 2733
4683 3820
8903 9758
1150 1577
34 440
1932 1318
2115 2965
10462 9607
2239 2798
92 627
21 368
6196 6814
5179 5871
7563 8307
5425 4454
5678 4875
6176 6190
7510 7241
2240 3148
6258 5564
9356 8663
6956 7463
371 1068
8738 9009
1251 1948
6187 5910
2534 2153
9894 9496
68 17
2424 1919
69 978
8595 9435
604 1323
6209 6943
9413 8838
6725 6920
6580 6587
14 139
31 906
8185 7318
67 832
6524 5715
7628 7458
8243 8367
6278 5712
5988 5620
6559 6718
9824 9639
1326 1302
2847 3387
5169 4743
4726 4075
1904 1896
3327 4104
5283 4777
8837 9316
8689 7964
7045 6460
1507 1703
91 425
7937 7857
4374 5052
1351 2342
2927 3370
7500 7250
3054 3624
5036 5389
10568 9568
4962 4970
23 561
7156 7808
7091 7610
9197 9094
2083 1817
8550 9129
5773 6388
4249 5054
3100 2741
2656 3166
7243 6575
36 210
4973 5875
8703 9047
6915 7388
10034 9070
4543 4279
6903 7786
1995 2983
7145 6716
8248 8233
3686 4322
3324 2636
4224 3904
4086 3263
8770 9329
2759 2613
3094 2994
8818 9033
58 818
1691 2119
4097 4828
3945 3754
5804 5857
8594 7601
2175 2758
3886 3565
10388 9916
4647 4077
9800 9987
9546 8821
2509 3262
70 135
2611 3060
6225 5935
2497 3172
1017 1764
8219 8671
10505 9860
3796 4567
3933 4190
2526 2077
5375 6352
5792 4918
6103 5546
7939 7828
2059 1672
5472 5589
8113 8994
5795 6555
4878 5583
8342 8609
2492 1807
1092 1591
3593 3605
7920 8526
3124 3825
10026 9648
7161 7127
5983 6122
4737 4986
48 603
10486 9695
2906 2810
4284 5144
8699 8197
3162 2580
4758 4339
7789 7975
110 1085
62 658
8005 7559
8547 8274
8803 8001
3160 3724
4924 5081
4244 4601
7650 8201
2697 3263
3730 4246
2563 3269
4295 4158
3101 3766
4155 3544
13 307
7572 8477
6325 6584
8560 8575
5066 5558
8722 9291
9203 9881
8426 7892
8331 9003
2924 2193
1376 1643
4362 4806
87 385
2671 2550
2452 2641
5712 5264
8000 7318
9086 8882
7998 7704
62 50
6521 6432
8912 9507
2334 2605
5061 5738
8343 7562
7075 6445
6263 5900
8916 7945
7031 6094
8951 9049
3439 2729
45 105
3925 3340
9101 9228
2315 3256
1113 1749
5380 4819
2791 2270
4756 5257
8217 7390
6188 5436
8503 7535
1854 1807
1604 2529
7046 7918
4172 4115
3976 3788
3994 4624
6761 6856
2815 3414
8535 8531
1319 1309
10028 9151
5818 5921
6742 7620
6989 6597
41 862
42 356
67 959
6434 6846
9983 9590
7321 6864
4971 4747
10211 9828
6786 6447
1889 2078
7358 6359
2545 2878
7718 8076
5482 6055
10821 9877
8915 9444
2527 3014
9086 8785
6013 6984
9605 8985
6241 6201
86 453
6004 5757
7216 7137
3921 3632
2363 2271
11 15
5014 4289
2617 2765
6442 5685
4327 5260
48 252
16 925
7576 6723
2002 2741
3698 2799
14 846
5488 5753
9160 8714
2499 2784
4130 3224
8551 8285
8934 9521
8528 8751
2900 2106
3633 3335
9514 8621
4547 4304
4172 3200
7735 8400
7336 6592
6273 7237
4502 4398
7892 6899
4808 3959
297 1086
8562 8538
647 1618
8635 9150
9985 9462
1211 1659
100 78
6524 5669
4976 4140
7397 7176
7970 7979
9061 8774
100 888
1278 2062
3112 3843
5110 4110
3199 2354
10070 9378
1741 2596
9042 9567
3510 2705
1612 2528
5325 4734
7491 7105
1139 1989
5930 6888
4333 5167
7166 6882
10769 9936
6684 7445
573 1015
1007 1948
2359 2120
2267 1998
8345 7691
2689 1975
2213 2686
98 451
5411 4853
8975 8037
10651 9720
1424 1286
2226 1725
2177 1511
4865 4988
6335 5575
51 274
2201 2449
9619 9112
3145 3230
4262 5197
9880 9654
1468 1971
2877 2977
2113 2595
5515 4935
8240 8995
2556 1950
1426 2146
13 211
2885 2981
5537 4908
2620 2609
5040 5126
7794 7327
4955 5556
618 1547
5925 5824
3021 2756
2060 2993
1666 2481
4420 3976
8091 8027
1282 2138
5930 6476
6834 6862
9196 9158
8703 8959
3667 3851
89 885
7964 7624
8027 8968
687 1527
6688 5847
7888 7166
9032 8344
2244 1893
39 920
7124 6845
2728 2552
75 285
4282 5048
4446 4129
784 1721
2379 1698
9182 9778
1658 1879
3190 3855
5446 4493
8370 7964
100 894
6719 6644
6452 5884
3121 3885
9213 8891
4415 3714
7808 8444
3351 2497
3983 3466
3271 2522
8973 9049
9102 9414
51 492
4325 4319
7635 6863
62 1008
8731 8959
10095 9836
8443 7714
8928 9160
2074 2738
8744 9242
7744 6816
8673 8052
5948 6515
3829 3612
2721 3381
5916 5354
8864 9410
3967 3688
1984 2386
1368 2103
7446 8403
9831 9249
7901 8341
4741 5438
4511 3836
5968 6080
10760 9896
8247 8748
8255 9084
7230 7001
1948 1737
55 866
7294 6599
2977 3974
5132 5229
2234 2748
88 192
3493 4023
3335 2955
6036 5463
4208 4216
7344 7614
8563 8992
9360 9638
3892 4573
4183 4841
7312 7743
3518 4383
6665 7141
10460 9786
73 547
2402 1648
3956 3846
3981 3311
1919 2308
51 602
4584 3895
3535 3649
58 631
2694 2233
5809 5261
67 490
2056 1535
6175 6337
8595 8984
75 403
2586 1983
5332 4468
7115 6471
5578 5731
3898 3043
7480 7475
11 924
2679 2183
8886 7976
9453 8641
6230 6980
8895 9194
9006 9831
3595 3938
589 1143
4416 4547
29 453
75 746
7431 7320
4162 3379
6222 6898
7877 7402
7991 8058
1100 1802
5979 6719
14 467
9288 8335
7187 6499
6549 6604
2097 2275
1117 1719
6063 5644
3293 2539
7168 6838
10089 9314
10 35
6058 6236
1878 2781
7371 7794
8834 9355
2372 2954
2405 3404
3885 3234
7546 7864
1090 1720
4643 3742
5408 5906
4303 4717
2853 2897
91 633
4668 3940
6281 5968
8032 8461
3116 3955
4907 5396
5658 5232
6565 7226
7831 8560
7063 6833
6458 6975
7427 7848
36 912
3747 3006
5825 5074
1831 2095
6284 6116
73 145
5326 5334
10427 9941
2904 2066
5895 6745
1170 2016
6293 6617
2190 2762
3025 2573
2751 2365
94 969
3019 3330
7651 6893
8757 8361
5703 5624
9318 8402
3692 4465
5934 5515
1003 1788
3425 3047
5453 6075
4549 3618
7806 7439
4344 3437
5354 4626
5087 6054
6642 5805
6010 5812
4275 3677
7160 6798
7427 8329
8684 9605
7162 7226
3624 3524
1480 2342
8246 8374
4707 5428
5137 5357
4699 5003
2671 2445
4023 4330
9500 9728
2128 1889
7128 7349
3454 3863
1377 1829
5014 5520
4025 3598
7068 6239
2348 3160
9988 9839
917 1210
5453 4956
4125 4502
2672 3431
7243 8062
33 720
9750 8971
8413 7777
1861 2689
8948 8969
7259 7808
6632 5816
45 255
4434 4666
9167 8788
7312 7041
8676 9637
6713 5726
3892 2929
3153 3937
8589 8008
1972 2691
5361 6254
1510 2179
7582 6658
9228 8708
3409 3135
8072 8444
2056 2779
10 263
8221 8739
8907 9697
140 1132
65 962
2676 2590
2688 2555
2313 1811
4189 4742
7409 6898
1149 1809
5527 5303
5523 5292
18 762
8076 8749
6502 5857
53 29
5635 6532
7729 7571
2686 2094
8791 9080
1905 1253
7159 6285
5404 4925
3906 3351
1543 2466
3416 3105
9216 9699
2970 1986
46 634
9569 8752
9385 9939
6405 6576
3161 2455
6489 6017
2951 2470
9099 9141
6139 6030
2767 3227
16 389
96 204
2558 2394
9082 9601
97 359
68 319
9458 9194
4122 4532
7152 7907
470 1275
8875 9031
8251 7882
524 1430
5981 6039
3032 2880
4597 3898
2809 2746
8149 9009
4896 5038
10678 9796
5919 5976
8765 8205
43 637
6100 7069
31 668
4896 4464
7220 6727
54 819
9936 9638
3417 3459
8940 8451
64 824
5314 6187
1077 1115
9078 9684
3972 4847
1199 1303
81 728
7181 6539
8564 7846
1061 1663
5619 6000
9751 8828
2113 2094
95 16
7872 7123
4561 5040
8417 8913
6394 5956
2996 3156
9432 9557
1682 2178
10219 9359
8603 9283
8463 9049
1410 1552
4194 4755
6168 6713
5415 6333
3936 4588
9867 9939
8966 9274
4065 3426
4504 3949
3981 4516
2751 2137
6003 6830
3716 2920
6825 7420
7552 7593
7356 7181
4650 5134
4310 3847
9036 8246
1479 1855
78 807
6062 6123
5439 6426
4536 4976
2596 2341
83 997
2844 1903
7091 8074
5236 5962
2554 2413
3077 3675
6271 5661
54 331
9090 9418
2078 1768
1328 1117
3252 2378
8849 8750
6528 6279
7736 7159
9926 9447
1091 1837
5430 5834
1967 2408
1233 1256
8419 8880
1230 1826
1359 2342
6733 6265
6854 7287
5957 5044
6192 6708
7061 7875
86 94
1515 1073
3799 3221
9375 9554
2642 1680
6163 5260
5713 4758
10303 9710
8249 9179
7055 6994
3561 4203
2116 2020
5968 6570
7019 6200
7536 7904
5084 5396
9826 9308
6566 6671
1884 1044
4456 5042
85 221
9995 9929
2123 1383
54 224
24 107
42 522
3570 3513
2314 2512
61 575
6627 7441
4417 4448
6078 6159
2249 3176
8013 7372
3302 2402
5836 5967
5022 5244
7236 7810
36 841
3499 3502
5789 5876
92 819
34 944
27 55
9493 9424
1938 2479
58 776
6049 6534
6511 5769
5177 4433
4110 3209
6560 6438
4173 4603
8036 7412
4381 4970
8759 8044
10518 9962
5195 5414
5992 6826
2088 1635
8873 8525
4946 4936
10466 9720
2882 2060
8042 7556
39 677
1051 1595
6673 6411
1758 1673
6433 6837
6158 5337
81 241
9534 9935
5689 6484
1022 1900
5187 4798
60 967
1010 1507
7532 6543
10050 9628
4704 5594
9412 9908
2918 2625
5514 4691
7503 8423
3002 2679
8400 7737
4326 3621
3610 3770
1318 2012
1151 1743
5920 5981
5742 6409
7521 6727
3857 3160
7558 7886
5417 4498
5179 4800
2791 2347
9271 8514
1438 1292
8064 7924
5104 5725
3549 3300
6333 6885
58 263
1889 1177
2114 2803
6886 6724
1850 2483
2937 2698
7935 7569
21 578
3638 3195
4790 5586
6994 6932
7359 7064
5891 6034
7143 6874
4883 5303
6588 7501
28 755
6238 6697
1796 1711
9868 9445
8313 9142
5872 6188
9922 9430
2406 2459
4561 5452
68 572
7769 8473
2393 2766
1249 2084
9324 9988
1421 2012
2498 1888
1744 2376
1239 1188
6136 6814
79 937
9935 9370
13 374
55 354
3737 3402
9339 8369
8180 8218
5979 6514
7730 8630
8286 8027
531 1315
7585 7178
6956 7648
8178 8661
8573 8251
4169 4193
8737 8348
1659 1345
3658 3942
7581 7630
5778 6372
91 873
3778 3392
3434 3643
5982 5076
8593 9341
2859 2549
4794 5543
2660 2977
8440 9070
967 1887
8676 9612
5609 5277
3067 2134
23 183
10462 9899
82 495
5127 5488
5024 5194
5938 5188
91 657
8964 8353
33 289
5856 5304
4522 4629
9600 9046
9322 9091
1672 1083
5799 6255
18 479
8725 8825
7035 7749
8001 8152
7589 8373
47 102
22 269
77 863
5182 4453
4908 4719
1567 1262
7681 8324
8268 8209
5491 5072
2474 2622
1830 1681
7965 7906
4072 4173
5044 5609
9515 9208
6230 5258
4550 4575
88 713
4482 3757
981 1881
7568 7384
3231 2433
2785 3738
8132 7809
6295 6337
9408 8940
6400 5907
3474 3217
4220 3377
2151 1692
3504 3904
28 202
6610 6833
8418 8814
9396 9128
4989 5449
2061 1099
5618 5334
6130 6450
3880 4835
8358 8030
2887 2829
9502 9957
30 865
4671 3908
6570 7181
4495 4944
489 1061
6072 6572
41 769
4775 5451
9303 8942
5615 6245
3962 4078
2941 3620
1713 1516
6277 7194
7066 6652
2912 3594
77 16
3994 3606
9614 8722
1493 1075
244 1228
10099 9406
8341 8136
7649 7617
8499 7587
9126 9966
2336 3154
6313 7261
5539 4641
7615 7512
8218 7404
2443 1980
2059 2586
48 590
3425 3956
10402 9849
6044 6228
7827 6982
2453 3339
7849 8562
7685 8292
6509 6633
2154 1686
3785 4507
9527 9281
5555 5061
43 354
9155 9802
8182 8293
8434 7931
483 1208
10207 9242
3639 4533
1848 2336
9200 9917
721 1318
2566 3048
7103 7144
4379 3808
3039 2056
2886 3730
4832 5074
8800 7985
9760 9646
6193 5821
3747 3173
7877 7453
3423 3863
5627 6114
7711 8199
11 424
4335 4726
457 1199
8569 8321
1140 1797
5834 5758
2292 2337
3305 4296
3459 3558
572 1318
6801 6542
8965 8451
3874 4361
2204 1949
3480 3345
9168 9747
3733 2938
6585 7105
5567 5298
5790 5270
6971 6856
3969 3840
7603 7014
1940 2825
4677 5668
79 872
2201 3152
6088 5988
5885 5307
4124 4634
8560 8408
3698 4155
2672 1841
10483 9569
5419 5224
5481 5053
8437 9119
9828 9959
8940 8806
5132 5301
39 413
55 422
10013 9808
2304 1838
55 453
2388 2560
440 1195
32 869
7020 6339
8333 8211
100 616
7121 7408
7474 8189
6443 6963
60 140
6393 6324
3946 4693
2408 3084
3204 3342
4998 5033
7725 7099
46 929
5457 5373
7792 8343
2599 2557
5202 4675
7086 6097
1429 2268
5740 4747
3672 4614
6397 6205
3285 3174
1009 1033
6704 6692
3486 2511
1167 1875
74 613
65 620
91 655
93 402
4033 4321
2147 1955
6746 7613
8947 8353
9054 9160
8604 7760
430 1331
7893 8549
7151 7105
8277 9176
5295 6046
7667 8585
1633 1116
1653 1813
1581 2142
99 311
31 934
3359 4124
2562 3135
7378 6934
9014 8944
8965 8312
4408 4153
964 1549
8859 8647
9677 9651
6852 7698
5250 4910
9033 9155
6601 6030
5233 5882
6671 5951
8487 8847
54 78
6004 6077
5545 6357
6373 5818
9431 8492
6435 6033
46 899
4163 4703
4128 4233
7250 6257
3872 4746
1890 1461
5342 5754
8998 8612
9530 8593
7389 6450
4628 3774
48 686
7788 7037
3184 3235
54 857
3912 4388
7603 6667
4355 3386
5832 6682
7085 7525
7949 8764
7502 6612
8635 7728
2272 2472
4660 5328
3084 2171
2517 2384
8460 8679
6453 6214
7421 7103
72 827
4953 4047
8877 8141
8782 7814
13 951
3574 4040
4864 4611
15 563
3689 3307
1174 1601
4488 5471
22 416
5610 5027
6677 6216
6524 7213
4460 3972
4461 3495
1100 1938
6828 6270
5512 5321
1746 1177
9796 8832
993 1488
2846 2359
7090 6111
5069 5936
6063 6538
2476 2940
7570 6835
79 32
4727 5685
6411 6640
8780 9006
5139 4909
4449 3897
2217 2836
4821 4857
98 405
6072 5746
9853 8943
6014 5462
2165 3084
8038 8198
5748 4909
7089 7223
63 201
8574 9538
76 139
8910 8120
5548 5092
5549 5231
4757 4729
38 759
2488 1632
1187 1708
86 655
1739 2262
9001 9943
1795 1026
30 596
1695 2587
4242 5039
1679 2422
884 1341
6151 5771
6763 6312
7287 8002
50 812
5342 4909
3830 3320
7979 7549
2788 3316
90 983
8109 8436
6751 7168
5191 5397
8504 7722
8615 9055
4965 5219
7109 6517
4501 5386
5941 5570
1434 1240
6400 6445
9468 8603
7514 8326
6120 7105
5044 5917
7074 7324
5023 4839
4578 4778
693 1667
5649 6334
3894 3881
7183 7352
76 643
2914 2162
5655 5472
6254 5654
2388 1800
2940 3590
1563 2142
4754 5707
7271 6476
6092 5820
33 765
8535 7565
5877 5607
5627 6460
5569 5993
1261 1524
3988 3076
3583 3376
680 1474
8927 9047
3694 4189
4737 4399
1543 2053
8095 7959
3519 3485
972 1786
5696 5617
43 979
5260 5324
7281 6538
1615 2553
28 478
60 886
2844 3426
5026 5131
1500 1466
5219 4407
8278 8668
9819 8823
7952 7249
6009 5114
9581 8865
3858 3900
3013 2138
3525 2798
2571 3521
7010 7030
6421 6172
5782 5606
8921 9087
52 966
5550 4983
65 808
3173 3779
5371 5609
5537 5872
3109 3029
6866 7716
2620 3064
4369 4729
10372 9391
7893 8585
8074 8908
8526 8903
1665 1012
39 136
7991 8309
2640 3129
91 519
9273 9926
1917 1837
7108 6339
5083 5080
19 188
4619 3815
2003 2848
4294 4817
9770 9366
3307 3337
3112 2949
9246 9284
6050 5851
1590 1260
4238 4978
5597 5254
5535 6311
3855 3645
3199 3340
66 956
946 1073
4154 3803
3086 3985
10351 9876
9940 9735
26 811
3973 3983
4813 5135
2337 2896
1917 2665
61 564
4547 4996
11 134
8926 9478
6283 6721
2853 2658
6228 6687
8191 8503
3760 4096
24 558
2410 3293
3839 4743
8074 8857
4737 4530
61 789
1504 1654
8517 9444
2065 2317
4208 3691
7706 8529
6011 5104
5501 5490
9120 9421
1150 1524
2100 1284
4401 3480
8581 9572
5650 6509
18 114
5041 5389
7620 7284
5696 5463
6440 6546
7069 6339
2865 3810
4333 5299
1584 1938
13 130
3541 2652
4219 4530
59 363
3259 2527
4132 3962
1089 1806
4290 4319
8814 8063
3739 2813
90 831
8696 7701
2785 2230
10454 9616
7960 7388
57 440
6314 7094
3704 3279
2075 2090
5294 5638
7161 7341
2411 1546
6492 6404
8537 8594
2429 2239
1196 2091
8108 8330
8237 8230
6763 7097
2577 2588
3666 3619
3406 4225
3078 3325
4945 5287
2636 2025
4094 3878
16 126
19 920
8329 8920
14 550
6035 6737
1322 2319
91 661
1956 2660
9803 9270
3544 3560
2687 2261
42 970
5526 5572
9634 8650
2089 2986
4331 4213
4701 4337
3197 3575
93 1007
2457 2864
5304 5344
7897 8496
9382 9511
4525 4544
25 686
4246 4810
7296 7270
7271 6954
64 515
4342 3435
10049 9222
7993 8958
6233 5556
10694 9907
6447 7209
5366 5941
9226 8508
29 455
3085 3575
92 13
2100 2213
8519 8889
75 489
7286 7266
1902 2896
9492 8927
875 1875
6416 6307
9628 9714
6970 7649
5834 6114
8984 8554
9129 9018
7288 7940
1913 1265
6760 7078
5465 6373
10707 9737
4824 4005
7510 6558
7398 8245
8593 8947
8820 9551
7089 7615
8108 7472
7097 6855
94 114
10171 9350
2735 2793
8832 8183
4959 4162
6068 6924
7079 7934
3325 3798
39 279
4677 4612
5290 5888
1142 1353
9035 8773
7208 7371
2236 1396
9415 9032
26 959
7193 7168
8631 9020
8673 8680
4409 4964
5692 6390
3752 3543
2469 1929
50 275
760 1628
64 792
777 1481
8407 8967
8515 9407
5601 4953
6979 7731
1071 1929
1306 1144
9035 9359
8893 7964
3409 4238
29 819
4188 4070
4842 5115
5595 5625
2263 2606
20 555
1317 1110
1521 1564
7206 8116
40 464
65 56
65 700
9111 8689
7273 7489
69 751
5752 5696
9275 9400
2133 2130
5843 5345
4920 4303
4935 5714
4181 4093
507 1101
8979 8510
8727 8225
2686 1823
2287 2958
6078 5386
4680 5278
8147 7519
10793 9897
3252 3348
933 1645
10493 9569
8322 8192
4544 3834
49 528
2141 2217
7652 8082
5880 6731
10271 9377
2742 3103
8846 9322
3795 3214
8106 7383
8232 9045
7667 8528
6612 7110
6744 7572
4934 5869
50 420
9352 9836
7355 6901
2893 2469
4411 4078
50 616
75 56
7974 8586
1835 2442
30 654
2070 3003
3910 4305
6851 6382
9606 9786
6721 7431
6709 5885
8155 8000
8376 7728
9187 8560
5198 5817
8273 7304
6408 6759
1148 1222
2606 3313
8535 8453
8427 8630
7217 7133
1806 2629
8809 9477
8073 8685
2377 2923
66 610
9001 9704
1418 1982
2773 2880
3644 2915
90 890
8795 8722
7844 8063
8386 8486
6142 5254
9668 9830
7319 8035
8358 8786
76 760
2795 1826
8581 7644
8116 7367
7176 7781
3530 4441
7198 7776
6839 7338
10655 9776
2522 3079
5754 5507
70 283
6936 7724
2414 3312
60 420
5204 4302
2441 3237
31 54
4477 5011
1002 1121
5503 5993
6709 7326
8732 9607
2632 1961
9427 9801
3754 4137
2840 2593
868 1432
6007 5586
4675 3738
48 85
5148 5408
38 609
1411 1503
6307 6335
4316 3547
8953 9740
7425 7129
99 785
3669 2672
1441 1718
6534 7343
5682 6296
1156 1835
3342 2660
3706 3070
4690 3926
6899 6132
9041 8173
8851 8170
10170 9843
1771 2231
9103 9843
787 1116
282 1228
4170 4218
3187 4054
6365 7143
1957 2716
2396 3207
140 1065
4109 4426
5750 4909
4927 4112
2194 2800
4839 4230
4968 4621
6990 6541
1111 1787
7671 8419
86 537
6889 7283
50 486
6430 6425
4844 5188
7251 7765
3090 2779
2640 2662
4458 4004
3130 2320
7567 7137
3621 2719
3248 2576
3123 3657
3384 3364
10326 9408
3967 3282
7930 7778
7830 8058
5487 4747
10175 9921
10082 9207
8461 8127
7704 8454
6435 6709
3745 3761
9001 9108
6456 5595
6968 6883
5266 5457
1639 1649
8347 7400
3894 3485
956 1734
3489 2895
26 266
3371 3824
5533 5852
5016 5289
7541 8013
723 1206
2889 2426
5143 6072
8678 7775
42 326
1284 1636
2770 3083
18 717
8149 7408
10536 9974
5815 6758
6746 6326
5149 5908
7379 8349
65 969
8073 8604
3281 2815
7417 8346
1809 2004
1853 1788
8611 8147
6402 6597
2253 1834
4753 4577
94 330
7302 7880
1845 1392
5292 5699
5874 6576
1115 1030
3813 4380
2772 2663
10195 9461
6087 6504
3827 4198
3014 3587
9092 9746
5329 5356
3901 4277
93 849
1661 1825
675 1134
31 579
3394 3920
7486 8444
5814 5250
7913 7850
1473 2019
5604 6423
4084 4511
6574 6323
1105 1693
7624 6996
2678 2299
2248 1821
5750 6125
4103 3694
9920 9374
1241 1286
3527 3204
3196 2608
3210 2595
10011 9794
7903 7063
5960 5464
6332 6119
7243 7298
6919 7146
2769 2212
3923 4480
5740 5045
3138 4044
4269 4286
6116 6742
43 506
10186 9894
2562 1639
10290 9631
90 778
5194 5041
7807 8605
4348 3564
4881 5011
3426 4240
1110 1242
4825 4399
8427 8436
4764 4638
8659 8216
58 958
6780 6374
49 578
5010 5626
8591 7943
5145 4259
9322 9329
2787 3718
99 421
5434 5290
4070 3327
40 321
8285 9237
8050 8370
5054 5477
2282 2198
59 292
4911 5203
7639 7606
1156 2045
3078 2177
8764 9164
2641 3536
6226 6831
96 426
3206 3477
1722 1596
4677 4793
74 839
64 230
3044 2374
3245 3391
8175 7537
2034 2164
8345 8744
9230 9922
9308 8806
50 24
5281 4758
7317 6770
2985 3091
7799 7313
2565 2126
3427 2841
46 674
8574 8834
4478 4319
5096 4819
2038 2730
4576 4592
10053 9993
5525 5571
3652 2703
9499 9461
8138 8693
6794 6441
64 969
6503 6038
9851 9890
4950 4620
3237 3696
8738 9605
6729 7364
4679 3847
5186 5206
8657 7979
3862 4272
4751 4165
4994 5423
6639 7352
5255 5753
550 1190
3499 3912
1795 2043
3018 2146
488 1113
3275 3470
6290 5979
3731 4645
85 1021
5759 6342
84 950
5990 6848
37 390
9039 9720
3069 2743
59 422
2924 3632
5597 6442
6333 5736
9938 9994
4984 4348
9689 9012
1140 1509
2644 2771
45 907
27 992
5869 5192
5730 6286
5018 5089
886 1736
1356 2205
9031 8164
37 944
6488 6753
3567 4216
5699 6422
1839 1182
2175 1992
6506 6691
2787 1823
6085 7011
8481 8061
1465 2246
3785 3609
75 177
5808 5801
4291 4069
3750 3574
4067 4525
1966 2597
9127 9579
3909 3867
2128 1213
4430 4325
16 936
739 1631
4364 5145
1218 2120
9073 8860
3954 3181
4095 3378
514 1333
9807 9997
2296 3029
8878 9000
10082 9236
9099 9820
25 76
7431 8039
7941 8686
7490 8201
7441 7022
91 540
87 596
7994 7422
4244 4801
7932 8300
4194 4778
1408 2024
8845 7863
1957 1093
7706 7552
1309 2016
6499 7037
7452 7184
63 81
9338 9068
6988 6647
4114 3471
10049 9276
9010 9883
2203 2027
6068 5697
4807 4991
4409 4725
4523 4659
5040 5631
4850 5425
76 772
9923 9938
92 503
5430 5634
9419 9593
3847 2915
3528 3662
3381 3492
5861 6576
6392 6232
3993 4981
2572 2356
3649 4404
4058 3459
4818 5397
4157 4390
3281 2494
14 706
7924 8734
15 604
2183 1812
27 842
5785 5270
7265 7926
6168 6004
4816 4328
7744 6796
2712 2763
8710 7996
4009 3755
4391 4389
5118 4433
5315 5622
4833 4254
4142 3855
9379 9888
4412 5297
5156 5112
6657 6738
5983 6805
80 970
2201 2795
4320 5091
5574 4927
8993 8010
2260 2667
5839 6158
736 1160
7794 8143
6276 6734
8701 7996
5475 5228
45 752
7702 7367
98 707
8747 8546
6231 5665
1163 1066
7679 6934
4254 5040
3443 3570
56 328
7467 7315
9796 9749
2456 2610
36 801
4039 3437
7800 7351
8252 8457
8192 8718
2711 3036
35 144
4257 3529
2803 2389
5167 5320
3079 3323
2989 3187
6588 7483
8792 8908
18 969
6086 6163
7445 7133
1634 2234
5676 5335
10329 9682
9083 9323
92 831
9532 9181
598 1466
9342 8625
4281 3553
9143 9274
3667 2942
1930 1077
9477 9206
10202 9755
7314 6499
4131 4962
6120 5283
6844 7485
2177 2707
8708 8967
2357 1699
5792 5186
9153 9795
9614 8843
1841 1832
7969 8701
3969 4952
6128 6645
408 1210
2363 3247
2635 2727
4032 4031
9149 9147
1783 1673
7480 8372
4013 4488
4397 4822
9613 9342
1376 2231
4309 3620
4524 3993
78 769
5586 5862
7478 7130
7894 7770
4869 4493
8991 9427
3286 3796
84 142
2413 2497
3941 4889
8245 7548
7143 7999
8983 9318
5537 4784
7370 7465
4094 4355
5114 4170
4640 3801
4121 4622
9579 9429
5634 5311
6648 7583
7391 8204
6146 5551
9818 9406
7797 7666
10360 9498
6404 7215
6192 5697
10161 9539
8537 7948
4286 3327
7643 7989
7387 6775
25 503
10195 9932
1737 2514
55 917
5316 5852
8747 8840
2007 2618
1126 1357
35 978
7882 8616
7474 7917
83 637
2000 1024
84 304
8453 9371
1038 1599
7846 7382
2908 2936
1275 1879
36 789
768 1317
10295 9360
3792 3719
31 761
5128 4990
9566 9498
1667 1727
1115 1671
3767 3660
7223 6998
6946 7028
6329 5596
4163 4905
9852 9030
5656 6367
4574 4152
411 1409
3774 3258
9751 8959
7228 7762
2675 2227
7726 7042
7440 6837
18 19
5949 5672
5800 5302
63 711
6989 6019
5021 4508
5689 5057
7872 8240
8459 8185
5045 5484
7664 6877
32 443
6455 7157
8399 8061
9289 8656
1845 2560
5892 5739
4464 4123
90 390
9447 9735
7219 7594
1230 1602
7063 7029
4004 3459
6712 6519
3663 4209
4116 4158
3571 2707
2778 2961
7607 8350
1679 2096
1848 1457
8263 8538
2478 3324
10158 9378
1516 1259
3931 4312
39 575
6362 7014
2920 3810
100 912
8670 8648
5095 5614
2839 3458
6364 7136
1826 1281
3438 3743
6395 7223
38 983
1284 1259
4911 5699
1662 1898
2361 1725
6911 7678
4223 3840
4269 5243
3683 3253
5848 4869
7666 8451
63 224
5084 5715
7412 6580
34 698
8377 8916
74 132
7323 7829
41 468
2138 1995
2069 2684
6435 6288
8010 8436
10860 9999
8509 8119
20 93
4563 3865
5125 5548
93 240
8286 8025
7436 6578
4858 4972
4405 5102
4186 3979
4787 5754
5310 5224
3325 3855
1661 1309
4968 5432
4713 5393
9442 9840
5916 6694
1676 2406
8454 9385
2018 2923
8675 8219
27 396
3652 3939
7826 7198
4928 5187
6239 5246
8139 8644
3210 2969
3340 4076
2962 2286
2855 3113
6421 7273
10901 9970
4161 4658
9201 8882
5324 5284
5177 5911
3524 4117
4545 4181
6758 7172
7529 7822
10406 9766
37 670
9207 9502
6151 6868
5242 6008
7916 8212
6585 7101
4639 3732
4937 4112
8939 8069
2898 3087
321 1268
8608 7978
10264 9816
6262 7256
730 1624
2361 2936
9025 8690
8527 9013
43 714
7635 7227
1345 1742
57 470
4842 5487
2527 2793
1480 2287
2649 2720
6703 7385
2422 3090
6722 7623
6107 7054
9223 9362
6777 7646
6842 6228
6090 6117
6636 7067
5014 4881
20 567
8791 8927
5012 5553
5822 4873
4203 3711
41 157
1743 2346
6230 6765
8000 7319
2753 2234
6481 5903
4875 5490
9141 9525
7728 7773
2734 2469
6185 6022
5099 4719
2633 2558
2126 2694
67 861
5414 6204
8372 9286
5392 4644
8048 7226
8804 9259
8941 8500
2592 1906
3653 3430
2194 1705
6007 5365
2633 1921
3857 2916
89 58
8959 9808
7819 7261
8785 8630
4264 3446
3973 4896
6314 6866
5030 5115
4710 4363
6633 7485
2054 2047
2866 2082
965 1086
3067 3890
19 716
4458 5217
3292 2559
2761 2415
2840 3068
8535 9426
5623 4872
1335 1358
7246 6433
98 873
6308 7127
9814 9543
4406 5199
2422 2514
9806 8998
4414 4668
10662 9820
2835 2694
6608 7039
5077 5275
2439 1528
5660 5852
1608 1621
5843 6156
3790 3140
2772 2162
7960 7684
9514 8541
2644 1662
6869 6328
2013 2480
4547 5368
5692 5598
2208 2836
5543 4971
8491 9093
7027 7150
4316 3728
4583 5557
3096 2848
2663 3644
2110 1652
10176 9428
7137 6255
6741 6000
10239 9400
86 197
1820 2212
6679 6725
29 420
8401 7423
6838 7802
1630 1384
2649 1737
70 363
2272 1396
94 402
8176 8117
5404 4722
7913 6916
5422 4562
1582 2223
6420 5825
1375 2033
4987 4759
4070 3510
7634 6934
7097 7784
4236 3410
9402 8848
6739 7703
2267 3181
9184 9235
8753 7858
9675 9387
10715 9786
8523 9204
2998 3562
7556 7180
2541 3493
1770 2540
1387 2375
6641 7636
752 1496
10347 9513
2506 2626
4432 4572
8695 9658
6834 5934
8356 8622
5077 4878
74 886
6973 7797
6509 7420
3696 3289
3889 4371
2830 2583
637 1033
6318 5795
14 915
1920 2878
2234 2893
8449 7455
5534 5070
4562 3758
2624 2933
7097 6299
4898 5021
13 873
68 316
3611 3614
2910 3652
7032 7930
17 837
2067 2084
5794 5272
7514 7614
4697 5330
4338 4761
9923 9828
2073 1551
8413 8972
6655 5719
15 967
5040 5520
5542 5774
1026 1920
7029 7645
2504 2575
6482 5843
2583 2008
4647 4792
8764 7939
4840 3852
26 528
7856 8830
1156 1289
3673 4664
50 797
92 224
1547 2204
9077 9209
9441 8529
5815 6529
1997 2081
5677 6429
1139 1055
7445 7518
8356 8932
4341 5253
4178 4348
9769 9345
9038 9001
5080 5441
7392 8298
24 716
37 773
2875 2231
4256 4260
6424 6578
9440 8594
5592 5140
2212 2149
7649 7919
4249 3986
6118 5442
984 1617
4661 4303
5155 6041
10268 9531
7852 7686
2860 3731
6240 7034
4740 4020
6923 6772
4548 4640
86 665
31 348
99 426
6017 5060
2292 3030
8456 9297
1957 2576
8009 7508
2354 2675
5463 4828
1724 1985
6140 6833
3829 4384
8701 9544
3353 4082
3752 2862
7967 7482
8863 9199
1343 1396
5233 5803
3518 3717
7547 7378
7358 6553
4205 4913
6965 6757
9551 9603
57 359
6417 6753
7861 8379
2987 3374
3413 2441
8471 9129
3901 4869
4824 5476
5536 5096
2934 2352
4606 5058
7544 7247
1802 2620
471 1060
4102 4268
4399 4982
9931 9724
5218 5277
7412 7295
22 865
7911 7029
2596 1779
7245 7662
93 213
4563 4443
10179 9880
4335 3901
8552 8757
4007 4299
4294 3524
3464 2922
4431 3812
7815 8253
38 587
10365 9594
4651 4902
3343 2454
6887 6686
6983 6964
4268 4563
6496 7372
2913 2868
2913 2312
1546 2156
57 925
1331 1870
3488 3453
9520 9654
8930 7979
6373 6119
8363 7897
2755 3266
36 125
3179 2641
5406 5111
7814 8316
2641 2722
2104 2129
7411 8134
29 927
51 532
2689 2566
3844 3597
2321 3262
4085 4410
8857 8580
6601 5794
10058 9503
817 1598
4081 4782
515 1087
3772 3119
3682 3537
4053 4815
8684 8413
6319 7081
63 858
100 624
3418 2455
9108 9712
1815 2604
7260 7074
7222 7226
39 181
73 675
5414 4501
70 15
5196 5354
651 1214
4363 4813
2980 3054
3481 2959
50 551
6045 5785
8234 8678
5281 5220
6643 5933
78 944
9933 9614
6049 6390
8833 8311
3678 3118
2922 2427
6844 6311
2230 1895
4983 5470
1516 1885
6475 7154
8906 8420
79 807
6045 6596
5549 6448
6626 6401
7812 6903
7712 8488
2734 3697
47 657
9183 8353
4545 5190
9358 9706
4779 4690
3032 3839
5857 5282
69 232
918 1620
8202 8036
65 913
2782 3500
2149 2992
7800 8733
7634 8250
6856 6309
3935 4512
5248 6231
28 796
3236 3099
3481 4248
22 350
5784 5491
8270 9144
6866 7859
1454 2449
3362 2398
4885 5700
5145 4180
5789 5411
1543 1067
1346 1795
2467 1874
4768 5289
3609 3803
10654 9974
3526 4427
8532 7845
6770 7548
2757 1983
5490 6446
8157 7383
6425 7348
2734 2400
3592 3161
8609 8894
4534 4533
6956 6262
4098 4786
6080 6517
8462 7811
3523 3265
8890 8637
10684 9777
6425 6595
4243 5026
2890 1919
6005 6525
6583 7129
5785 5698
529 1343
3369 3501
4573 4774
4130 4553
400 1361
4505 3513
4119 4097
4566 5120
1884 1292
7027 6824
1734 1764
3648 3537
8374 7979
8215 8508
3916 3464
98 62
8873 9358
1882 2765
9282 8802
7815 6940
2528 3157
2218 2968
55 660
7526 7214
85 102
8998 9805
4931 5853
3635 2981
7865 7481
9220 8338
7673 8013
1890 1120
5197 5392
8648 7960
377 1171
8593 7597
16 220
5126 5090
1911 1865
4338 4616
1374 2206
9754 9267
10410 9491
9186 9641
14 757
4122 3517
4034 3226
5111 4508
26 180
3667 3574
7332 6480
2970 3295
3332 3736
2515 2649
8715 8907
8412 9004
5757 5763
6829 6222
2619 2990
13 617
80 69
9720 9609
7170 8013
1195 1592
693 1678
5910 5213
5487 5533
10678 9714
3875 3880
6620 6592
5737 5797
9315 8683
6228 7123
6251 5934
8495 7999
4371 4623
6534 7317
1841 1992
66 794
9304 8625
10 173
6769 6604
6893 6234
6942 7867
8594 9049
8463 8127
4933 5148
4808 5544
10298 9937
3612 3367
1756 1292
1966 1773
1315 1266
2569 2246
8646 8809
7105 6574
7335 7149
10556 9677
8685 9615
9315 8827
5669 5560
4487 4425
5967 6443
3297 2350
27 768
7806 7187
3039 2170
7534 7855
1976 2180
1786 1305
2164 2793
5697 6038
7319 7171
9249 8766
6169 5558
4988 5733
6093 6418
2689 3537
7195 8169
7176 7703
94 57
26 562
32 414
86 650
64 625
42 303
7917 8181
57 223
2049 1209
4291 4576
10424 9710
6289 5970
1863 1449
86 216
9129 9472
8939 8332
9919 9574
3233 3733
6170 6742
8424 8840
7626 7779
3177 3979
7056 6712
10129 9543
5938 6247
3589 3782
9224 9962
2464 3417
6669 6137
10066 9909
9266 8973
4726 4158
1454 1908
8093 8667
55 670
578 1237
3731 3146
5764 4902
8717 9492
2259 2481
7989 8656
36 855
7335 7935
3180 3375
76 826
7340 8182
3127 3568
8544 8418
3550 3834
2215 2925
5202 5466
5118 5187
2153 2919
2360 3009
3809 3505
2345 2760
3064 2744
1221 1988
904 1388
10358 9631
2162 1948
8255 8087
6462 6722
6491 7013
4401 4006
6623 6085
6161 5590
9059 9858
4468 4259
2032 2347
3813 4785
7555 6635
91 260
3109 3127
6513 5982
8509 7651
8118 7310
5673 4806
66 135
5118 4769
2962 2491
4179 4273
8884 9000
6641 6001
2860 2578
2326 1359
3505 4440
4778 4574
41 23
870 1377
6409 6510
9911 9848
1064 1038
6563 6814
4966 5239
3086 3347
7183 6727
2503 2046
8573 8144
7585 8100
9631 9172
44 196
31 11
8395 7687
9166 8897
4464 4763
2383 2120
7578 7177
7135 6279
4438 4681
8959 8318
47 675
20 192
6402 7108
9498 9127
6228 5366
6151 6054
1204 2081
6814 7043
3887 3117
4757 4056
7022 7334
100 691
5972 5005
18 479
7418 8111
6664 6783
9890 9639
6400 6438
9969 9948
3627 4178
3443 3154
5150 4576
4903 5181
9207 8374
3075 2679
7469 7264
2061 2224
7934 7320
6711 7703
6700 5740
6883 6409
5544 5050
6768 7493
9378 9460
9042 9105
4838 5634
8189 8195
9158 9813
10697 9843
603 1331
7554 6710
22 424
8304 8755
6874 5970
3916 3072
7593 8323
2204 3097
4550 5447
5952 5195
6280 5458
10592 9612
4369 5107
8684 9628
3401 2488
8153 7638
9029 9297
2266 1649
9475 8782
4342 5317
5620 5552
8240 7745
3720 3431
5587 5154
10407 9737
7435 7673
7279 6608
6346 6127
8989 9205
4194 4059
7440 7637
6723 7197
5451 6084
1921 1411
2642 2953
10681 9765
5566 6556
31 672
6039 5787
7786 7763
2266 2899
2212 1910
9039 9304
5034 4273
7119 6364
7165 8082
5762 5866
3763 3534
4109 4797
2147 2823
1237 1164
4574 4791
6804 6755
7950 7974
2696 2029
6772 5904
8269 7409
1116 1451
39 647
1504 2122
7213 8076
3187 2273
4432 4505
2142 2647
45 523
2488 2694
87 718
8374 8527
6437 6765
9579 9545
96 1003
3634 4061
2523 2281
2721 2731
8974 9625
6677 6854
6942 6839
2910 3849
6191 6728
2361 2006
10806 9981
5996 6696
94 370
36 532
2169 2943
2071 1520
7481 6832
4149 4393
98 208
7780 7646
9145 9755
8211 8636
8762 8249
34 424
8736 8834
6745 5927
7478 8343
3045 2180
9284 8286
4373 4627
9515 8645
9412 9520
8839 9302
7174 7108
9566 8774
6237 6512
2958 2192
4901 4172
9975 9957
7503 7286
2165 2324
2331 1351
2255 2502
33 819
7795 7809
5512 4615
7844 7329
5937 6346
8019 7483
2766 2804
5165 5750
14 778
2088 1219
24 72
20 693
9309 9910
7943 8064
6388 7186
6842 7335
81 682
9061 9287
5300 5991
3229 3371
1153 1798
2295 1579
2117 2684
3075 2542
2112 1785
10113 9903
2229 3106
3489 3745
2278 2271
2467 1846
6963 7277
4012 3683
7286 6482
4053 4844
9922 9781
9177 9683
3990 4690
8881 9072
1609 1321
6542 6334
1982 1258
1920 2449
7649 7200
1245 1823
5220 4573
8239 8426
3235 3666
2162 1995
82 705
5745 5801
4189 4614
5644 4883
803 1115
1863 2185
10159 9204
5057 5463
77 760
6372 6915
5737 6001
1137 1795
6948 6476
2524 2266
8777 8673
9983 9696
7901 8061
5669 6488
9115 8281
5268 5779
6070 6557
498 1460
94 196
3048 2877
2541 2628
10362 9904
6526 6075
2287 2688
2909 2442
3167 2540
5988 5190
5537 4680
2462 3417
5520 6464
1790 2127
5340 4579
2989 2581
2916 3168
4410 3813
8581 7954
2372 1655
4345 4830
3454 3369
6596 6595
2982 2618
8909 9529
7722 8605
5149 5343
6337 7064
6368 7004
5566 6096
8712 9217
3672 3989
850 1750
473 1263
1466 1534
2354 2367
1587 1030
5681 5157
10 559
5623 6512
88 952
6678 5928
3252 3737
6006 5709
652 1588
9883 9295
2874 2229
2667 3279
8943 9717
1907 1926
2526 2214
98 180
3309 4264
2038 2041
2025 2170
4157 3860
3173 4032
8644 9326
3862 4712
3959 4151
2320 3306
3610 4488
1801 2623
5382 6205
4311 4145
10049 9682
4784 5306
1868 2516
4091 3426
7467 8365
3885 3254
9097 8195
5902 5156
2314 2927
1796 1396
2741 3492
8531 9359
2025 2247
6825 7092
6619 7427
4843 4748
3247 4122
4831 4061
3506 4082
8697 8058
1378 1386
6614 5747
2396 1652
7436 6982
4822 5436
5434 5605
7601 7858
7341 7114
10171 9902
6447 7339
48 521
8356 8511
4005 4870
2563 1755
6858 6020
4327 4537
5913 5195
9915 9316
5947 6015
1099 1927
6965 6720
461 1252
3850 3118
3081 4009
7849 8356
7925 7248
7454 7701
3828 4178
95 583
8640 8348
1189 1299
42 640
4141 4296
3951 4697
3889 3802
10246 9585
4938 4752
5472 4889
2326 2945
7220 6808
62 237
5462 5818
3239 2511
6050 5055
3138 2676
41 742
77 222
4894 4876
2966 3651
4384 4831
5031 5603
630 1117
2575 1716
5912 6799
4587 5060
3440 4392
4939 4643
4587 5009
12 842
8826 8400
28 873
4312 3562
8020 8601
9635 8772
3494 3854
3017 2355
823 1639
5070 5512
53 671
3175 3803
9894 9099
4688 5354
4970 4787
6724 6519
2652 2622
8193 7374
27 744
7460 8094
4119 3559
8737 9027
6288 5891
4604 4323
2798 2802
3045 3531
4291 4970
146 1065
3959 3334
5069 4733
7050 7311
81 897
1165 1393
1889 1858
9906 9843
5198 5547
5281 4904
3079 3198
7967 8563
80 627
613 1388
3018 2145
7074 8041
3660 4630
8597 7737
2872 2684
1637 1121
5504 5530
4018 4016
2401 3195
4661 5474
5071 4964
3023 2795
3103 3885
4405 5262
10062 9086
71 544
9145 8633
4458 4404
77 258
9360 8438
8978 9542
7183 7173
1936 2649
5558 5489
776 1596
3370 2761
2777 3156
5012 4202
6606 7239
9917 9800
6239 6912
9872 9882
4919 4534
1071 2043
2122 2440
6286 5928
3017 3702
8111 7627
3790 4068
6235 6658
7626 7687
6479 6206
6183 5373
6788 6807
3686 4677
11 140
9672 9838
3096 3487
5571 5807
1585 1594
4794 3918
8859 8660
3188 2908
9650 9607
62 850
3019 2574
381 1363
4612 5018
3336 3917
2053 2055
1726 2336
8321 7436
6406 5750
2029 1504
4556 3733
56 551
3315 3816
39 982
7346 7788
599 1567
8488 8510
7009 7840
8757 7760
8054 7106
3077 3837
6850 5881
5510 5665
3470 4136
8613 8243
2452 3073
9577 9172
8294 8210
8511 8156
5257 4673
9725 9219
4856 4414
6434 6235
5615 6007
5773 4821
5077 5219
3455 3619
3564 4108
8787 9081
1798 1904
3082 3143
4715 4050
7344 7049
7355 8144
1755 1936
10585 9632
3982 4926
896 1339
12 378
5934 5073
6105 5377
4338 3556
7852 7490
4632 4694
18 567
3425 4060
7735 6958
8096 8891
405 1088
5249 4382
3359 3475
6055 7045
2174 2029
8096 8693
1701 1589
7071 7764
10293 9693
4842 5439
75 977
10499 9991
1814 1190
15 346
9626 9686
2387 2049
7579 6815
4874 4992
3942 4537
4570 5242
6242 6377
9771 9989
8890 8515
1572 1761
7039 7863
6223 6881
3670 2797
5343 4685
9528 9384
9003 9983
1446 1487
7771 7891
82 90
6274 6053
1921 1279
5590 4917
7519 8291
6129 5135
95 898
10011 9287
8590 8313
17 75
2739 3235
9465 9153
5965 5148
8072 8624
3944 3873
6982 6422
3150 2746
5528 5505
77 252
4984 4155
54 586
7406 7882
7845 7004
5439 6277
9415 8568
5571 5859
8112 7338
2661 1704
872 1703
4518 4849
7470 7234
7590 7827
8412 8618
6262 7178
9591 9175
8163 8366
6961 7293
3081 3457
7505 7836
3848 4763
74 818
6364 7106
4604 5108
1198 2000
8811 8385
1364 2003
7360 6726
2551 3334
5853 6649
8515 8481
674 1601
10703 9912
58 952
5486 5097
8044 7912
892 1201
8852 8016
36 651
3282 3420
5718 5813
3022 3862
21 53
363 1162
9962 9451
9470 9951
9813 9286
1447 2391
9778 9777
2868 2585
9296 9457
8278 8206
2539 1881
3449 3576
7170 7431
5546 5870
3994 3501
5536 6250
77 787
2118 2891
3433 2869
6549 6960
7979 7578
3838 3550
8627 9168
10298 9581
46 895
8531 8759
4503 5469
4598 4267
9033 8562
3221 3909
6266 5433
2118 3099
20 405
1635 1129
1277 1657
3118 2435
2055 2191
4635 5104
1153 1326
7395 7199
9482 9562
2919 2933
5997 6522
4368 5367
4106 4935
1635 1878
7503 7431
9753 9867
5507 4965
662 1295
9632 9666
953 1130
3392 3127
7149 6697
2335 2652
513 1199
4585 4872
2680 2941
5442 5210
3775 2902
1457 2224
2751 3721
7956 8901
3323 3092
4433 5129
1913 2419
7712 8294
10251 9838
2383 1484
8976 8677
5699 5433
3593 3983
5062 4404
4158 5101
3235 3111
6857 7159
83 508
8450 8269
3570 2727
2505 3304
8313 9023
6569 7187
86 215
1449 1639
9283 8447
4622 4995
9480 9301
3456 4323
9689 9244
8643 9426
38 372
3778 3768
1598 2286
7224 7956
1670 1097
6407 7130
5840 6120
6769 6288
4421 4156
246 1134
9139 8993
5090 5073
6780 7697
4373 4353
8960 9094
4847 4612
21 729
6497 6231
648 1626
4489 4601
1500 1061
1640 1931
6569 7496
7922 7155
44 273
8043 8488
6707 6919
4836 4364
8529 8202
8492 8513
3758 4109
5605 5504
8911 9187
1845 2470
62 22
82 863
8478 8540
3037 3154
6364 6084
8063 8799
7791 7436
889 1566
6137 6961
4382 5091
5288 4715
75 816
4769 5513
9922 9733
5139 5200
990 1603
1735 1293
8906 9206
9185 9184
10058 9114
83 139
3922 4891
3854 4393
8240 7285
1161 1865
3229 2423
1360 1145
7900 8796
4743 5400
8385 8273
4428 4723
3631 3174
3605 3643
5499 6134
3976 4535
1782 2362
4516 3866
43 374
3487 2611
8527 8490
4797 3817
4170 4812
3672 2958
2352 1461
9222 9878
2695 3072
6530 5588
8107 8224
2686 1871
3866 3519
98 843
7437 6468
2714 2455
6100 5590
82 428
8111 7386
93 54
3179 2984
3561 3584
82 918
7271 7043
5399 5899
25 304
2978 2121
2885 2296
6342 6169
3834 2933
7666 8158
5948 6398
7994 8719
7109 7583
1047 1638
40 336
2145 2006
8800 8360
8923 9513
3503 3252
2178 1404
1675 2313
6571 6185
6231 6048
33 447
5795 5692
4522 4850
6844 6711
668 1109
6489 5912
9177 8867
8325 7414
8927 8119
4139 4628
2664 2397
8833 8229
8656 8001
6381 6109
1308 2065
8026 7912
8543 8274
9755 8847
3557 4092
4262 4185
6813 6931
7272 6722
5400 5669
8250 8470
9124 9005
8788 8313
5078 4478
8754 8565
4535 5164
7256 7779
9161 8342
9875 9997
3585 3878
1151 1723
73 764
4406 4066
2601 1705
72 1003
1761 1561
3382 3546
9739 8783
8702 9062
2018 2086
3011 3848
2601 2385
8623 9351
48 632
14 199
477 1335
3292 3320
4100 3451
6153 5901
3737 4247
10085 9098
9994 9854
6284 6224
6652 5698
919 1646
3551 2666
2999 3378
4575 4127
7903 7641
2166 1692
3703 3613
8071 7139
9123 9238
14 585
4031 4252
9005 8858
1984 2633
8742 8954
4520 4980
4520 4321
3225 3593
6974 6886
4515 4847
1085 2007
9310 9678
4808 4139
5287 5693
5945 6818
3887 3714
3474 3384
6074 6469
3562 3115
10289 9991
2708 1806
2935 3729
2761 2964
8220 8214
100 831
4423 4672
8235 8428
4516 3654
8128 8551
585 1534
6227 5952
9910 9664
9724 8915
3158 3453
52 983
531 1025
3429 3844
8922 7925
8569 8957
6863 6441
7475 7444
10102 9717
3303 2716
1451 2140
4024 4922
2194 2820
4805 4181
4631 3698
7602 8204
9454 9947
6139 6888
8892 8940
4535 4152
6087 5556
4674 5482
67 11
4178 3933
8765 8277
9115 9483
1874 2382
8665 9317
1250 1052
35 677
6389 6069
7563 7873
2044 2423
4763 5706
6299 6621
2572 2889
4218 3861
9019 9135
6627 6394
3901 3821
4744 5589
3822 3064
2085 1741
8823 8690
1933 1595
5519 5224
8771 8826
1167 2013
4756 4110
4649 4243
6512 5691
3007 2471
3842 4269
7433 8132
80 349
4062 3835
3474 3717
8239 7767
1585 1086
7079 6655
9929 9313
9305 8778
1913 1460
94 373
44 219
7532 6987
5026 4230
27 69
5232 4810
379 1281
7031 6686
871 1152
3555 3871
83 404
7563 7875
4730 5464
4355 4464
5207 4821
40 545
9912 9881
3375 2785
8381 8291
6624 6049
6187 6410
5314 5992
6138 5621
5732 6425
6912 7625
60 430
4546 5059
3094 3154
3213 3102
22 681
50 877
8871 9533
1456 1240
3533 3559
7076 6572
6382 5412
2210 2697
3044 2878
4897 4463
1817 2016
89 905
3995 3995
5836 5109
65 621
1758 2458
1833 2558
68 775
3686 4409
3446 3565
5646 5451
1859 1512
9167 8843
20 668
6682 6306
603 1363
5659 6042
7861 7692
1811 1441
6922 6212
4447 4727
42 428
9462 9704
73 602
7388 7161
8738 9123
4384 4089
3464 4087
4254 4937
1742 2064
2393 2213
8223 7997
9382 9221
7710 7689
4155 4956
2061 2617
7756 7102
6401 5739
9654 9070
3119 3516
593 1299
7363 7386
5408 5288
6421 5480
398 1349
2828 3711
4965 4155
6539 6845
6593 5606
10237 9847
9607 8717
7847 7195
864 1758
3869 4665
6662 6333
2792 2875
62 468
4916 4029
4125 4060
4366 3695
7926 8865
3286 2568
9758 9463
92 466
9259 8512
4489 4346
681 1219
1557 1470
4124 4957
1307 2011
5798 6187
8283 7612
7030 7048
4522 5088
15 235
587 1497
7357 7059
4284 4731
10714 9830
2585 2769
15 394
8482 7521
4836 5395
9391 9568
1984 2932
2228 1976
3693 4176
9060 8389
4919 4016
7213 7990
3405 2449
3957 4016
5975 6221
8397 9218
6564 7410
10383 9565
3019 3503
9061 8291
8994 8760
3993 4339
95 971
1933 1679
9356 8772
4678 5459
5662 6403
2483 1796
82 308
3461 3935
5500 5043
3009 3151
4179 4796
4617 3676
3722 3843
7931 8270
5296 5147
8143 8577
8373 9051
3872 3990
8924 9533
7255 7256
4622 4845
9965 9249
31 569
9423 8591
3044 3281
2939 2713
2354 1975
6694 6523
5064 6048
3830 3829
286 1259
7348 7332
7840 8572
41 337
3015 3216
6540 7336
2317 2946
5342 6327
10827 9901
6975 7881
5842 4977
6072 5790
7911 8771
10137 9232
4117 4962
7850 8566
3542 4046
3043 2141
8027 7573
8101 7396
1059 1814
8305 7956
7510 8391
2746 3057
7020 7635
5166 5111
7597 8339
4507 4225
5386 5857
7529 7102
1886 1432
6209 6679
4564 3821
10 192
7997 7989
8907 9327
5251 4829
2568 1568
6989 7505
4770 5126
6680 6123
93 902
9178 9800
3541 3901
4930 4105
6726 7692
6548 7200
3929 4016
8856 8750
9784 9501
5794 6133
1066 1735
5287 5142
4380 3808
1860 1168
1848 2599
10308 9457
84 39
2615 2220
5190 5011
10092 9213
1339 1756
9207 9692
2676 2331
76 65
57 258
5432 5217
6840 6953
3097 3155
10498 9603
1153 2097
4233 4382
1894 2855
2854 1891
1116 2077
9761 9691
10152 9803
9484 9100
5009 5584
1688 2412
95 963
7553 7939
2015 2929
2591 2339
58 750
4130 4272
8746 7776
2070 2171
8055 8423
8878 8643
5856 5835
3677 4488
29 499
2822 2795
4454 4898
4981 4633
7683 8026
2938 3176
5882 6508
4968 4670
2500 3348
246 1043
479 1367
1382 1738
5102 4344
298 1044
4678 4624
3222 3636
926 1195
6757 7206
9534 9655
2944 2624
5203 4272
8536 8639
3887 3982
5092 5460
9346 8817
59 411
1165 1252
6202 6456
9633 9688
8233 9103
87 973
9973 9995
5863 5514
32 373
8267 7702
4299 4219
2879 2078
1636 2201
62 662
5197 5676
8387 8122
9717 9176
23 614
2411 1800
3146 2809
3838 3500
9337 8803
31 18
9071 9047
57 273
4276 3577
7134 6151
24 973
5562 6219
5448 5760
3389 3396
5175 5923
5557 5116
2247 2804
3312 2943
6281 5861
805 1302
3248 3079
8029 7261
9404 8725
2029 1837
4113 4175
6626 7276
8552 9480
5112 5757
8213 7503
6673 7545
2638 2166
7957 8202
3312 3119
2871 3596
6478 5766
3203 3487
16 993
91 362
1092 1881
6402 5897
8352 8077
10405 9515
3574 4429
4814 5019
6894 6823
1298 1853
3341 3643
7964 7483
9250 8278
7158 7209
3664 3967
3905 3265
15 723
4995 4217
11 560
2441 2118
8132 8312
5457 5374
3048 3310
8924 7967
8877 9742
1311 1632
8803 9363
2883 2511
7377 7192
8849 8356
8454 8585
3676 3188
6056 7046
6516 7491
5854 5683
2994 3129
1651 2307
2592 2844
3018 3353
43 716
1689 1890
2772 2642
9715 9334
3387 3679
8345 7611
5514 5747
2060 1085
1867 1035
2292 3014
6102 6255
4367 4587
6986 7911
7250 7375
47 846
2273 1828
4779 4916
7649 8516
2448 2040
2419 2139
7772 7732
5583 4722
4553 5412
99 789
4443 3542
3512 2890
5202 4496
2328 1363
5007 4052
64 143
736 1239
66 777
5010 5064
72 877
5058 4113
2295 1965
10096 9876
2621 3176
2815 2383
3347 3448
2581 2731
5611 6380
4541 4788
9506 9757
7578 7591
8224 8346
1872 1580
8777 8517
3763 4261
6620 6746
7231 6895
9571 9303
10162 9544
5138 5984
9227 9353
9485 9864
8999 9783
9712 9283
54 858
3061 3869
7256 7066
6708 7565
2842 3018
10322 9776
3717 2752
1794 2343
53 376
2767 3244
4855 4172
29 17
2148 1613
3827 2981
1230 1042
6703 6634
4806 4873
63 203
8249 8921
8854 8962
8600 7847
3937 3037
89 915
3452 2812
7659 7173
8944 9072
6504 6238
5937 5113
2357 1395
10005 9427
9819 9938
7661 8192
4210 3441
81 153
45 713
4187 5125
4936 5381
8114 8492
4146 3362
3773 4588
4455 4434
6101 6681
6525 5817
8899 9028
7188 6800
8125 8866
6349 6825
8207 8346
9682 9795
37 239
816 1465
8869 8958
8681 9418
3091 3584
5312 5388
4803 5382
3705 3330
7627 7621
6822 6570
3993 3331
3389 2782
6780 6692
45 635
1977 2471
1039 1112
1634 1374
3547 4124
10189 9514
6068 5939
8043 8252
4896 5324
7388 7819
5725 6270
6161 7085
913 1067
46 545
6840 6039
8142 8338
7595 7196
6313 6675
6172 6937
5876 6294
3711 3147
9923 9442
8917 9535
2490 2728
7699 7260
8910 8893
2893 2207
7910 7970
2884 3420
8344 8924
8668 7877
6849 7098
4038 3452
3031 2841
9475 8900
5148 4239
4762 5084
88 38
3316 4302
1795 1351
4677 5106
8000 7381
8763 9680
1148 1577
4682 4604
3798 4672
56 46
1556 1247
5719 6650
26 300
4536 5280
5632 4872
2976 2374
3241 4108
4986 5518
1314 2128
8544 9304
7660 6889
6201 5761
8009 7558
3479 4010
2870 2630
27 273
3271 3384
1784 1716
64 663
5184 5697
10753 9778
9002 8890
3388 3738
3296 3091
8087 8208
9306 8994
4835 4585
1079 1332
6977 7474
6221 6206
4302 5111
9275 9912
4826 5759
2997 2947
42 412
1181 1836
1083 1469
3068 3817
3844 3404
1154 1137
5215 4361
1974 2166
3745 4638
8221 7370
12 629
3858 3038
5211 4280
7835 7560
9712 9196
3854 3309
4346 4232
2731 3634
2283 1645
8739 9691
6283 5399
8375 8152
7670 8243
5511 5637
3075 3470
934 1892
4830 4375
32 767
2797 2604
2509 2026
2957 3700
7985 8724
4156 4797
4001 4182
6438 6729
10235 9956
8610 8589
4191 3930
10332 9734
7659 6977
1543 2535
6278 6003
4121 4268
9281 9751
1735 1895
56 453
2415 2706
9265 9088
3109 2804
894 1689
4132 4573
4446 4562
6485 6320
5351 5748
3266 3882
7470 7531
5574 6029
5400 6226
48 297
5782 5559
9820 9648
2165 1351
1895 2294
7368 7899
4308 4188
2602 2328
8029 8279
3222 3410
7114 6738
9092 8731
7802 7395
6335 7244
3616 4314
5617 5421
6650 7467
8772 8010
9262 8343
6103 6017
525 1141
5235 5521
4403 5266
4681 4071
5431 5219
6228 6638
800 1406
4462 5426
7427 7193
4750 4078
8101 8940
6923 6065
4081 4815
5173 5137
3313 3107
4904 4652
79 983
4874 5180
3423 3627
8627 8186
2766 2283
1464 2017
6723 5967
95 907
6093 5835
5205 6185
57 371
2099 2935
4908 4843
6821 6792
14 752
8585 8920
6566 7447
2274 2400
8893 8249
3493 4289
3610 3239
8270 8518
6082 6058
2701 2760
4942 4456
7006 7293
9158 8482
3032 2275
10288 9570
796 1392
3105 3068
5099 6096
3646 3678
69 795
1414 2351
4416 4144
28 164
6750 6890
10200 9836
6810 6807
2844 2657
6941 7407
10239 9619
8015 8918
3907 3174
3615 3047
7419 7918
40 373
10 287
6529 7513
7585 7275
7667 8239
3320 2326
8006 7996
23 851
6927 7856
91 315
9311 9321
9231 9835
7951 7109
5380 4869
2896 3133
8212 8952
29 405
2283 1800
10261 9983
6640 6854
4938 5327
8388 8349
2112 1716
7281 7237
6449 6573
1637 1087
717 1067
48 709
8506 7884
5499 6419
8732 8270
1954 1675
7761 6875
2371 1443
2367 2080
1959 1789
975 1352
748 1602
7226 6460
5239 5782
9180 8305
4989 4865
40 358
7346 8000
7573 7782
4214 4170
2988 2443
8009 7426
98 893
8356 7593
943 1240
2834 2273
55 791
6235 5502
4899 4397
9245 9732
2212 2421
3483 2614
9459 8763
2040 1203
9712 8990
7470 7918
8257 8386
2594 3059
7490 7164
3655 3814
7188 6467
9246 8332
4443 5336
10027 9552
5327 4935
3942 3439
3356 4329
8261 7583
7270 6553
10073 9741
2729 2246
10946 9958
8491 7953
7404 7683
2993 2714
41 807
7606 6673
6482 6231
3729 4085
5204 5382
8893 8563
9077 8666
6219 6382
9361 9033
2209 1910
7395 7967
8351 8363
3818 3048
5681 6496
5577 5385
4609 5153
2098 2886
1129 1402
3392 3764
9369 8710
7659 7549
5376 4722
72 908
2226 2369
4145 4478
7474 7118
6396 7334
22 948
7941 8686
1788 1372
24 192
7188 7645
9754 9937
7904 7715
6121 5785
5715 5328
8276 7958
5649 6125
7439 6638
6973 7233
8973 8414
6475 6862
7796 8730
6813 6693
5341 4776
3636 3174
4113 4846
34 86
7060 6824
6239 6057
5531 4796
3039 2065
3116 2538
4305 4612
1981 1601
9507 9547
1397 2355
4879 5176
48 1005
8377 9139
3124 3592
435 1190
2958 2855
5994 5154
1552 1246
38 983
5400 5911
5061 4218
6259 5323
9660 9750
3053 2355
9899 9187
4461 5228
10329 9697
6705 7347
9412 9432
8375 8050
9111 9324
1523 1580
1474 1459
7596 7555
8771 8720
8390 7822
7303 7976
1562 1350
2529 2904
8243 7754
5654 5739
7339 6758
2272 2171
2401 2469
2783 3071
4963 5893
8980 9945
2855 3231
6239 5444
20 588
5456 5905
1970 1763
54 488
9651 9348
8200 8494
2215 2875
4288 4098
1290 1811
87 390
8175 7184
6804 5861
4279 3497
2759 2303
39 370
1122 1546
6612 6031
51 449
9663 9694
3102 2592
7493 8188
675 1323
6879 6147
3878 3828
2531 1795
2005 2537
2956 3035
5165 5921
9557 9520
3815 4698
9375 8405
5950 6839
615 1375
6192 6257
6994 7448
8690 7773
1483 2445
7380 8303
6971 6586
8477 8994
5381 5495
8848 8725
4267 3498
8858 7897
2208 2241
8044 7454
1848 2786
5191 4992
8767 8640
5029 5918
2898 3332
7560 7651
4934 5818
1478 1241
6107 5165
5407 5477
8316 8086
2617 1686
7869 6971
8569 9188
1836 2437
3015 3120
4559 4697
3709 4688
1757 2208
9566 8725
7505 8034
3757 2894
9816 9943
1376 1415
3020 3070
4680 3755
5698 5427
7999 7839
1458 1404
3921 4696
69 881
5599 6425
8171 7946
2194 2989
9839 9862
5391 5564
6205 6272
8910 9003
10055 9533
8954 8505
3840 3214
7438 6592
2080 1339
1140 1537
2565 3473
4678 4801
5374 4703
5350 5725
1648 1928
7446 7641
9362 8902
40 304
7914 8767
6986 6427
3908 3519
8234 8190
3548 2585
9572 9668
2694 2334
5878 5967
8045 8731
6142 5608
3625 3959
3284 3978
4088 3932
64 732
5576 5244
5949 5112
3294 3474
8649 9397
4830 4610
8319 7327
3449 3113
8110 8326
8000 8287
10272 9692
1305 1682
8260 7795
32 202
8269 8703
10206 9449
4547 3749
7315 8015
1875 1128
2194 2556
7252 8216
8855 8823
9041 9658
3917 3423
9466 9380
6407 6857
3303 3616
5674 4705
11 258
7066 6884
739 1589
4193 3757
10215 9557
7692 6990
2217 2496
3051 3171
8933 9265
8436 7706
3208 3091
610 1595
6993 6672
7212 7658
3440 2600
8393 7944
6628 6490
8551 7791
4864 4662
6772 6829
6123 6458
93 631
7848 8197
6351 5584
2581 2006
2038 2809
6540 7523
5646 5309
6191 6250
9637 8960
738 1327
2510 3225
9235 8368
5925 6451
7215 7716
6199 6445
4395 5308
9805 9860
7678 8124
9375 9156
4220 4933
6197 7148
10053 9174
7725 7710
3909 4547
3562 2886
5719 5616
72 608
3672 3507
7764 8389
10342 9797
5766 6303
3616 3719
6827 6596
3618 4607
6110 5934
6929 6436
4844 4267
7991 7874
1594 1187
9784 8941
5344 4734
2701 1858
7509 7586
53 680
3927 4746
78 43
6467 7421
7409 7250
3016 2985
1236 1688
3736 3962
5423 6133
4147 5118
8759 8463
3310 3047
8296 8323
8206 9149
7859 7631
6625 6731
28 872
5825 6156
5793 6669
3918 3023
3498 3573
3439 2579
7612 8412
733 1651
90 912
10408 9719
6428 6208
6743 6035
4853 4547
6684 7540
62 679
7898 8103
3452 3368
10087 9133
3972 3684
4654 4857
4100 3641
6728 6445
4343 3714
8512 8432
8786 7909
4952 4618
3510 3891
5797 6732
5233 4663
7872 7330
5100 5885
3304 3503
4617 3715
7358 6758
1649 1291
1727 2346
9796 9087
7987 7385
8557 8962
6559 6852
2490 1626
8403 8959
3209 4013
6427 5653
8451 8147
5734 6545
9779 8811
2338 1936
3353 3444
6250 6747
9299 9099
7884 7354
3686 3537
3508 2945
2397 1713
6144 7000
6404 5501
40 789
49 431
3669 3781
4155 3746
18 382
4606 5276
4469 5242
5304 6074
7831 8565
3680 3250
3130 2810
4374 4655
3950 3626
5705 5663
7756 8332
4311 4033
2028 2034
45 857
52 633
7107 6684
3843 4152
4909 4771
9124 9027
64 332
6975 6165
5617 6137
9101 9024
6515 6366
1630 1654
8604 7704
9569 8583
5107 5511
3930 4432
4035 3624
4411 5042
9455 9372
6707 6424
3966 4516
55 686
6269 6552
14 68
7326 7388
61 221
2686 3569
5485 5415
5239 5632
5568 5524
5664 6525
291 1100
4862 4256
4407 4857
3015 3719
50 402
8819 7911
5868 5446
62 284
5347 5374
7415 8107
8478 7921
4714 4637
3634 2978
8156 7370
3885 3347
9443 9742
94 376
9226 8914
7169 6822
7298 7603
4837 4227
2940 2373
6728 6220
9332 9018
6604 6982
2278 1906
2884 2079
5772 5916
72 77
2796 2666
1326 1939
88 197
40 446
3756 4636
7856 7877
1127 2037
766 1621
4499 4571
8270 8483
978 1135
6644 5761
10240 9895
43 956
2287 2193
2620 1865
100 87
3005 3574
7382 6995
6758 7216
8320 8299
2013 1853
7240 7717
4589 4393
8103 8013
5599 5821
7030 7472
6722 7580
9838 9784
9028 8825
6207 6864
1220 1601
5025 4782
2091 1365
8538 9414
3586 3434
3484 3870
18 258
7768 8684
5692 6021
5857 6823
3531 4481
4301 3947
6345 7116
1959 1275
2435 3184
5968 6036
63 199
6576 6661
9632 9244
9754 9150
9967 9929
8711 8872
8520 9299
1177 1411
6330 6406
59 560
6229 7185
4113 4112
8502 7659
31 564
7987 8509
71 641
9162 9549
47 206
9299 9397
4094 4191
1706 2262
8026 7836
9728 9465
5249 4622
4795 4945
2893 3525
6179 5279
87 245
3648 4044
2443 3058
52 287
3284 2816
8544 8653
8686 8763
4872 5153
7983 7513
31 580
5535 5577
5523 4835
3509 3816
65 851
58 505
8830 7960
5201 5859
8643 8083
3527 4331
4749 5429
8728 8373
2569 2059
9496 8595
5870 5453
92 949
2053 2453
6806 7412
56 281
4321 5257
5221 4726
3884 3467
6832 7366
6440 5962
4858 5674
76 901
4537 3537
4789 5600
7654 8128
4153 3198
58 193
4886 4070
9451 8491
3370 2633
98 286
1546 1440
6634 6916
9899 9918
3901 4219
3276 3411
8859 9450
4382 5366
5454 6176
5269 5523
7111 7880
8250 8091
8148 8699
4263 3910
86 302
6154 6664
6228 5335
7042 6067
5211 5380
8110 8409
3237 3682
8204 7847
2846 3725
10413 9606
41 789
8125 8518
24 218
3421 4111
5996 5640
4736 5634
19 586
6717 7166
4388 4663
7479 6884
1087 1382
6124 5915
9003 9721
8865 9116
1013 1194
8436 8170
6042 5923
5263 4431
9142 8714
6532 5942
2271 2024
4348 3514
5905 4979
2708 3688
8757 8970
8318 8319
5797 6691
2470 1738
4239 4709
8890 9874
2583 1610
2864 3000
7448 8097
5280 6091
6350 5622
7811 6922
8270 7636
9305 8828
20 434
3935 4386
1725 1834
9571 8922
5020 6001
4102 3868
49 642
47 587
2732 3326
9012 9719
8718 8779
74 302
7801 7000
8526 7593
2724 2942
3040 3196
1487 1219
8150 8794
4620 4412
10154 9303
3449 4005
1921 1084
3430 3357
29 826
4611 5469
3690 4585
9012 9015
6827 7103
8368 7583
4908 5853
9736 8786
3040 3774
8346 8032
1286 1098
52 798
9185 9675
9835 9614
23 38
6784 6472
811 1447
7464 7780
4905 4264
3883 3324
2005 2403
6680 5943
9238 8734
8055 8113
7113 7178
3594 3608
6656 6346
37 650
1224 1070
6613 5627
8981 8325
2892 3242
1109 1100
4998 5299
10315 9785
9601 8735
5140 5549
5889 5441
8215 8787
99 941
7899 8449
3435 3057
8887 8591
5749 6645
10313 9410
57 841
8232 8256
7422 7556
2091 1136
26 482
3006 3371
4955 4787
3372 4243
2759 2262
6689 6660
2750 3284
2902 3443
7515 6994
13 280
54 372
29 143
2238 1674
3454 3253
3223 4178
5328 5080
2992 3291
941 1705
900 1790
8906 8134
2494 1829
5142 5521
3884 4397
5842 6243
3508 3159
4632 3914
2981 2056
6055 5519
3991 3302
2643 3108
8039 7289
5294 5781
53 387
7043 7440
6959 6268
6658 6122
4411 5074
9302 8946
5906 5062
34 306
5550 4715
6050 6720
3671 3043
805 1665
5248 4557
63 830
7104 7438
7314 7094
3563 3969
9019 8265
6454 6687
9790 8948
7325 7527
6518 6489
5267 4815
4289 5263
37 321
7718 7232
1525 2355
20 490
8126 7229
2273 1911
2306 2501
5743 6584
8945 9888
6082 6298
3365 4241
3673 4273
8594 8029
6764 7528
5300 6007
6846 7422
1690 1747
8679 7806
2439 2512
1722 2054
6173 6802
9976 9286
7421 7210
8121 8830
8809 9359
6483 5744
8803 7988
8113 8088
7661 8035
1865 1967
36 148
7421 7614
1973 2305
8692 8211
9111 8184
3189 3499
6564 6956
1309 1633
7526 7256
2778 2675
2401 2949
2121 1213
5625 5963
4568 3628
8636 8742
34 552
2020 1979
2335 2020
1131 2049
5208 4833
5639 6357
9915 9171
2699 2225
10562 9568
4603 4137
7147 7377
9880 9892
10658 9951
8783 9167
7374 7088
3208 2442
6363 6652
10292 9501
3963 4153
1770 1610
2795 3789
6679 6793
1199 1141
29 598
7581 7539
9648 8870
8724 7953
2061 1599
9640 9752
7298 6327
4165 4084
9916 9260
1974 1612
9401 8680
3008 2190
3840 4165
7723 6973
8120 9116
3488 3298
2856 3169
3736 3701
89 925
1541 1205
9202 8418
6370 5647
68 101
8853 8417
3324 3967
2639 1992
9228 9899
3387 3158
3138 2231
4185 3624
8056 8675
2068 1348
5528 5022
2386 3365
1083 1479
6353 6031
8766 8366
8344 7665
7921 7809
5914 5775
4172 3958
7038 6626
9935 9337
20 643
1119 1190
9808 9358
2108 1946
3989 3635
2732 2773
10159 9258
4544 4314
90 979
3788 3309
9123 9268
9231 8634
760 1171
8409 8826
48 849
1988 1054
7839 7101
9993 9520
707 1311
8338 7716
3464 3831
3506 3242
7481 7462
6702 6192
43 402
4450 3523
7782 7744
5262 4883
3695 4378
6887 7482
6887 6195
2017 2959
9677 8864
9238 8805
52 277
3016 2280
1759 1812
6996 6571
4957 5528
6534 5973
3615 3652
1696 1106
7110 7636
2358 1401
3311 2595
745 1294
6656 7064
8153 8223
2311 2416
8286 8135
5218 4647
3514 3483
3794 3123
30 940
4648 3707
8987 8744
7505 7153
3231 3728
7264 7041
2207 1450
7800 7827
5058 5449
8776 8374
2880 2424
5271 5052
7998 7743
8078 8236
26 175
8110 7633
4488 4022
3930 4124
8875 9492
8982 9541
6692 6252
8297 8951
2988 2257
20 428
6152 5631
8612 9495
1717 1047
2249 2048
5880 6784
75 115
6978 6959
6454 6831
3889 3172
1638 1880
9119 9921
7321 7953
2557 3247
7131 6942
1125 1081
51 906
1987 1289
8134 8631
2974 2490
9397 9510
3257 3381
7677 6870
7041 6547
7803 7474
8349 7900
7492 6715
9350 9381
2945 3742
3012 3517
9255 9725
3838 4521
6789 5875
8764 8576
3252 3910
1504 2119
9341 9878
2338 2024
8181 8159
6786 7207
7143 7374
2462 2241
3851 2977
2435 2917
6576 6563
45 738
8868 9533
4483 5282
31 262
8817 9387
2685 2981
8282 7435
5163 4337
4631 5204
9208 9125
7163 7342
3690 4270
7148 6230
9292 8492
2453 2417
4038 4505
5940 5926
2493 3005
6749 6973
7542 8488
8871 9373
35 556
4005 4729
9189 9559
7773 7154
2361 2858
9467 9505
6805 7056
2286 1823
9791 9391
7309 7145
4279 4133
6414 7086
565 1088
6210 5292
5439 5051
8124 8266
3101 3790
7977 7653
8733 9151
99 399
3591 2697
1923 2586
3274 4230
5807 5725
8120 8669
8886 8989
7393 7830
4215 4123
5215 5976
8487 7671
5291 5539
10295 9801
3052 2384
3574 3528
4067 3404
4898 4207
2733 2706
7586 8288
2335 2108
7953 8609
8243 7447
2139 2316
6609 5687
1350 1030
2821 3094
20 192
27 469
9461 8704
3514 2599
1203 1281
7674 7549
2028 2297
2674 1712
3285 3890
8308 7625
2166 2934
7910 8434
10747 9885
4841 4243
3115 3888
8603 8773
3095 2960
6341 7204
1980 1463
4067 4242
67 501
6975 7754
4428 4068
6295 7272
7001 7672
2710 2261
3081 3377
6953 6738
100 681
5261 6180
3257 2848
8705 8511
5512 4707
6130 5518
327 1313
6995 7233
2093 2454
9389 9237
3988 4528
653 1203
993 1264
6563 7197
40 35
2352 2664
5776 6446
7371 7653
507 1042
8901 9765
9446 9824
4872 5312
2902 3053
7053 6375
7085 8007
18 462
27 997
4865 5839
4158 4386
2907 2844
8705 9390
8365 7461
6990 6617
7926 7470
8002 8780
5143 5818
8473 8882
5428 6398
2216 2455
6072 5819
4796 4449
6177 6909
30 113
6427 6368
2049 1714
664 1516
5120 5058
6297 6558
4656 4322
8458 7950
6384 6315
5098 5895
2896 3808
7260 7881
5092 5921
2816 2534
5311 4759
2249 3102
5364 5251
2515 2810
6781 6794
2346 3273
6114 6945
3293 3373
8701 9099
3987 3485
5787 6454
5320 4809
6357 7244
2835 2199
10918 9974
2588 3410
9570 8943
8606 7881
2495 1814
3056 3862
4773 4402
5168 4765
2470 1743
10316 9717
1190 1941
5435 5000
2926 3622
2672 2099
2816 3523
2846 3572
6461 6160
40 792
8463 8604
5417 4985
43 393
6175 5665
7073 6700
9637 9246
58 22
2352 1886
5031 5090
7323 6654
5517 5053
8667 8325
2752 3280
2805 2640
2661 3386
7807 7698
2576 2057
9585 8934
6091 6485
9946 9904
5729 4921
9004 9286
4386 3690
2133 2445
6869 7731
1736 2311
11 764
8394 8027
680 1060
10184 9861
7070 7996
3245 3994
2066 1690
15 631
24 539
50 283
8564 8138
7400 6514
4968 5834
1697 1850
2840 3130
2285 2999
8851 8461
3164 3267
7181 7209
15 992
4024 4737
2082 1233
39 88
9486 9634
1665 1976
6594 6019
1711 1966
7972 7332
7078 7962
7903 7760
6796 7191
2783 1788
4052 4110
6203 6903
2691 2403
3609 4130
5516 5330
11 811
4445 4684
2940 3317
6512 5692
4215 4642
3764 4647
7872 8135
4654 5434
1042 1953
1085 1571
3829 4591
8100 8771
9540 9488
8250 8450
2311 2662
4353 3538
2757 2686
4735 4547
10311 9979
9858 9148
6441 7072
8421 8693
4236 3420
3869 3675
70 64
1512 2044
10002 9264
4433 4891
5997 5889
2944 2977
8502 8941
2918 3476
84 725
2788 2030
190 1102
9118 8843
5026 4202
4098 4545
4064 4404
97 763
7202 6464
6195 6250
84 142
2785 2409
1256 1743
4420 5179
8961 9751
1301 1967
4191 3605
20 573
2352 2694
4831 4011
2504 1971
5057 6030
9100 8571
2822 3296
61 406
8979 9550
3084 3191
5356 5484
14 419
8463 8217
2839 2157
68 612
1861 1318
1957 2329
4414 4877
7002 7966
6393 5516
8527 8008
5832 5241
5658 5972
10750 9812
10284 9298
5089 5915
8430 8445
7930 7209
26 522
3298 3451
2070 1406
10087 9092
9757 9571
6225 6173
9801 9794
9181 8416
4845 4696
4157 3332
77 888
4932 5153
8255 7650
3705 4576
9267 8628
6299 7252
6516 5569
88 68
7558 7126
1330 1086
6268 5774
3442 3731
6361 5630
39 51
7834 8562
6415 5597
2623 2773
3087 2919
729 1285
3154 3875
6443 6912
8263 8382
2910 3189
9191 9341
3203 3790
9383 9662
1564 1952
7448 7204
5809 5561
1253 1866
5915 5803
8853 9576
4827 4890
5236 5684
2861 2061
4747 5104
3350 2517
2338 1547
28 806
7773 8413
72 733
5641 5636
8483 9282
38 902
1943 1484
2048 2101
8639 8975
8162 7508
9399 9034
6900 6960
90 792
9072 9867
8458 9196
75 11
6064 5133
8867 9147
5927 5111
5509 5163
7316 6914
7838 8392
6946 6536
8319 7322
76 659
9025 8863
8456 9399
6638 7570
4980 5587
7118 6300
79 701
2560 1899
1279 1476
5175 5765
19 188
6513 6231
6738 6872
9387 9516
6009 6327
4659 3746
7400 8225
1166 1349
1362 1890
1202 1962
6164 6612
9203 8292
7549 7853
4185 3363
9963 9767
6567 7237
7213 7428
2409 1417
1594 2548
8511 8588
4144 3604
14 495
87 907
6532 7091
90 314
61 536
4642 4321
8254 8117
2676 3241
1653 1949
2043 2222
1187 1518
2050 2730
6635 7163
7397 6411
728 1556
1691 2687
1858 1124
81 218
2654 3305
2236 1411
7780 6781
4562 4228
6063 5268
8483 9121
5827 5108
3006 2974
6336 6123
37 308
1808 1763
3278 3693
7231 7083
6198 5779
1835 1866
2715 3409
8372 7741
7801 7627
4739 4376
8410 8416
8248 7816
3381 2806
3973 3179
7433 7846
9200 8716
9297 9175
97 710
4204 3492
4192 4049
10097 9815
8771 8691
2636 2449
3205 4160
94 370
7095 6115
9758 9723
55 10
2783 3156
9937 9921
5602 5786
2624 2051
3902 4069
7162 7180
7352 7267
6800 7434
40 848
1651 1353
1839 2155
1839 2585
3803 4774
8966 9965
5214 4942
3745 4325
8647 8466
5465 4954
5297 4303
2076 2690
76 343
88 636
9025 9948
1343 1706
5646 5192
8371 8889
5791 6230
3038 2228
7970 7493
3621 4605
4456 4614
5384 5773
8367 7698
8226 8828
4391 3657
7484 7321
7886 7444
8991 8924
8843 8136
76 257
1130 1927
15 80
94 728
4969 5251
2742 2337
1736 1977
6733 7717
7692 8061
1519 1109
14 442
2101 1217
5646 6016
5906 5162
7595 8075
6664 6841
810 1074
66 1003
3004 3356
2963 3449
9776 9746
5728 5929
76 589
1945 2265
3639 3074
8545 8579
7234 7645
3596 4289
5753 4780
5029 5097
6273 6612
5019 5572
45 678
10072 9741
8796 8197
7069 7888
2053 2362
7468 6792
9860 9609
8838 8045
70 723
2339 2943
5939 5457
8638 9277
8084 7677
97 183
2492 1627
1663 2631
8406 9011
3000 3678
8529 9159
4310 3995
5815 6788
4016 3580
8124 8850
6311 5559
1031 1971
6473 5714
3247 3173
4020 4924
74 971
7374 7494
8956 8239
15 293
1665 1969
7155 7788
8296 7514
41 464
9125 9501
9931 9664
5332 5021
7757 8031
7646 8093
6806 7798
5355 5291
5352 6018
64 645
7492 8007
3184 3421
5551 6186
23 868
5284 5026
7949 8645
8544 8250
8112 8331
7044 6853
3285 2610
10703 9957
4707 5494
6896 7096
8111 7528
10 751
7752 7111
518 1484
9443 9981
3441 3361
2782 2774
8701 8422
6479 5777
3903 3749
1623 1954
1748 1984
10087 9331
3636 3522
4911 5695
16 512
7995 8314
3444 2605
9260 9653
7892 8531
9410 9922
8608 8385
2541 3342
5415 5414
3720 3335
51 254
777 1183
6564 5665
63 772
5578 5903
6722 7684
8515 9226
3196 3541
5482 5906
5255 5982
3168 2502
5335 4947
6656 7513
3731 2769
7513 7153
3997 3437
83 750
46 63
5123 4900
8287 9262
2002 1180
9981 9638
3706 3271
4500 4548
98 166
3470 3424
453 1448
8372 7675
4907 5628
1618 2094
5649 5009
1687 2424
4043 3821
5713 5374
7299 6372
7688 6908
2306 3270
3414 4192
6655 6844
8916 8644
7818 7745
4564 5188
4667 4082
8954 9348
16 843
1418 1686
7634 7280
51 930
9237 9690
8083 7167
3229 2935
4242 3679
8654 8712
4050 3987
2088 1697
10591 9630
7846 8743
32 424
6348 5730
7422 7800
1849 2132
6171 6918
9889 9664
5702 6188
7142 7774
4070 4018
8678 8537
10254 9519
3262 3349
18 314
4657 4961
8344 7401
7030 7019
5534 4896
6660 6304
2401 2944
9572 8743
7978 8177
6703 6158
4178 4198
3205 3396
3196 3201
10076 9440
1727 1468
5522 6039
8745 9218
1723 2388
59 706
8204 9035
9112 9170
7659 7187
7201 7157
4180 4632
6647 6833
7732 6885
6368 5940
2808 3596
2165 1737
5359 5521
5587 5443
5162 4259
4926 4334
3953 4072
69 575
8724 9247
4600 3944
2575 2123
1136 1925
4889 4581
6950 6204
57 886
5320 5211
8358 7394
3325 3639
6801 6825
1096 1158
1405 1249
1001 1708
6210 7137
3936 3119
7511 8370
8892 8726
5426 6185
6553 6636
5199 5758
6415 5936
1424 2225
1783 2039
16 136
5468 5085
1887 1687
4435 4234
48 30
37 530
5823 5209
3998 3710
7535 8158
1587 2342
7433 8142
1952 2771
6726 7007
2231 1613
1696 2636
4615 4751
5010 4677
3905 3530
6781 6516
1640 1399
3080 3581
2894 3251
58 378
175 1032
10681 9858
4033 4968
2050 1547
3024 3023
1646 2462
8935 9466
72 882
2682 3398
5917 6481
2183 3126
81 858
5742 5905
6485 7182
3686 4291
1495 1158
9251 9690
6350 7284
2567 2856
8572 9001
10037 9464
3953 4832
6011 6597
4242 4057
6113 6009
6760 6236
5147 5466
21 856
3051 2133
8575 8023
6823 7737
5109 4372
8807 8683
5382 4879
6520 6624
4240 3684
6187 6550
5606 5602
28 950
3997 4678
10192 9661
8540 8505
46 120
7906 8562
716 1688
6860 7485
3268 2725
2619 2323
5235 5959
4374 5315
2775 2789
6574 7316
42 631
5490 5612
93 178
3409 3521
2974 2784
3879 3586
3853 3638
2411 2040
8939 8372
2390 1885
1364 1478
6702 6054
2875 3159
4568 4927
2343 2369
65 819
5691 5648
7388 6597
97 76
662 1588
5098 5689
9060 8672
79 601
8563 8114
9776 9731
1763 1279
5934 6165
2082 2148
988 1808
6330 6326
5694 4706
7182 8121
825 1044
5147 5601
7386 7819
55 69
4698 3998
7421 6811
8514 8569
4646 3669
59 649
6116 5620
31 967
19 452
4150 3856
44 41
3652 3589
5545 5049
90 446
893 1096
4100 3299
5702 4938
8122 7499
5379 4889
6844 5877
3842 4484
5769 5162
8196 8902
5710 5550
4509 5505
6949 6208
68 464
7417 6636
25 409
6120 6674
7712 8053
10604 9820
8376 7494
7722 7601
4026 4089
4584 4943
4053 4175
98 185
5970 6225
6765 7575
995 1498
7738 7408
7355 6998
4090 4122
7703 6989
7459 7781
4521 4558
29 774
7566 8393
5688 5456
7478 7440
6098 5224
947 1079
9583 8719
16 534
3414 2640
1923 1234
8537 8799
1774 1604
5651 6281
5014 5610
4360 5140
9920 9429
2118 1335
5291 4489
7649 7262
21 310
2572 2092
5031 4253
8879 8767
8976 9900
5249 6186
4964 4067
8092 8409
6091 5884
4471 4351
7069 7666
9134 9470
9664 8857
61 820
2639 3411
5037 5327
8719 9668
6137 6223
7821 7116
889 1863
18 190
10341 9872
1481 2158
1729 1752
1358 1278
1881 2768
4827 4900
6986 6893
7842 8041
6274 7029
10641 9844
2454 1632
5038 4652
1234 1257
5604 6147
3351 3969
9197 9770
24 622
834 1054
6700 7218
506 1135
2856 2153
1394 1298
4046 3597
8665 8409
7152 7039
64 321
2912 2544
1775 2267
813 1185
6640 7032
3529 3699
1962 2747
4673 4287
4723 4946
2706 3392
9998 9607
9037 8350
7807 8015
8924 9837
1297 1994
6475 6846
7240 6651
3622 3354
2397 2369
3235 3359
6000 6042
6342 6011
4203 3713
3360 3004
1761 2491
8352 9188
7671 7461
4157 5109
5685 4895
2717 3256
1339 1373
7773 7151
9461 9585
2553 2319
36 826
10196 9567
33 341
6653 7240
3812 3257
2406 2940
3933 4664
6882 6785
2434 3158
9488 8668
5887 5333
7210 6424
9793 9962
1132 1258
10201 9614
7080 6754
4292 4508
4900 5498
6331 5435
27 477
4596 5012
5560 6494
2684 2400
719 1069
2368 2605
2817 3433
6542 6332
9954 9425
5925 5121
7399 6627
8520 8560
8946 9616
2494 2349
2260 1587
10242 9621
2966 2760
9121 9513
6509 6591
7645 7659
2992 3689
4922 4868
4480 3531
9628 9336
6678 6203
9659 9144
1542 1732
8410 8761
6986 7380
5659 4929
3442 3643
4624 4466
9802 9331
6488 7115
2455 2982
6729 5825
34 250
8267 8027
6796 6752
8675 9130
7137 7067
8511 7522
6451 6297
1973 1293
7417 7813
4211 4140
5091 5729
4555 4631
5165 4892
2665 2207
3686 3693
7756 8301
7006 6286
7356 7544
7238 7328
4194 4675
10874 9949
5195 5703
1778 2386
3986 4224
3532 3281
5376 4795
1914 1074
5565 4621
28 630
1728 1348
4875 5367
4784 5446
7488 8355
8674 9270
5671 6119
1068 1263
9132 9159
5765 6756
1895 2762
1641 1706
9535 9805
3537 2651
8520 8865
9597 8800
9434 8599
3266 3470
92 393
6088 5850
4125 4873
4189 3708
5229 5189
9498 9880
7721 7821
7159 7390
1398 2259
9037 8245
9573 9250
72 717
8465 8762
4967 5065
4320 3905
5556 4850
9072 8629
6319 6588
89 960
4960 5563
2230 2038
4834 4799
8336 9149
7436 7207
1470 1831
8547 8705
23 489
2306 2933
930 1041
4220 4750
1552 2507
20 246
63 138
80 442
2396 1533
10298 9687
4489 4475
8527 9111
3856 4323
3051 3774
1953 1146
9948 9799
2148 1427
