5042
50
10669860
98 93 108 96 110 97 92 102 107 98 109 110 94 107 92 92 105 109 108 100 97 106 105 96 106 107 96 94 97 104 104 99 98 99 91 92 110 103 99 99 93 90 110 110 91 96 104 110 99 110 
-205975 -173985 -221424 -188602 -231194 -208485 -196841 -245860 -236789 -214053 -251745 -260812 -236423 -234759 -219366 -203293 -234324 -249320 -253741 -193434 -200494 -227631 -234819 -177744 -220895 -231159 -192948 -174434 -197490 -253949 -217720 -209018 -207230 -238738 -195560 -210558 -234057 -233073 -232854 -203009 -194242 -202094 -262489 -235940 -209619 -223101 -202415 -267318 -228273 -214851 
179749 153672 192946 166027 205206 178933 174205 217997 208494 187751 221073 228617 205474 203065 192308 180891 204634 214901 217679 172909 174987 198662 203379 158260 193322 203705 169912 151300 171750 220788 194235 184685 184319 205343 170641 180742 203561 205750 202616 177583 168505 175973 228037 205912 179792 193398 176962 231270 199803 187729 
8518 8613
1570 1114
4959 4443
9868 9411
2864 2295
7880 8147
2640 3118
1754 2292
3050 3203
1852 2119
3283 3358
3267 2463
5874 5925
7802 7316
7891 8159
3979 4162
3071 2225
2588 1890
8681 8165
5016 5779
82 133
7541 7329
4535 4979
483 1056
8444 9091
92 884
3694 4130
9713 9439
7351 8332
7868 8769
3535 2755
5615 5596
3546 3591
90 560
12 816
2698 1998
4905 3918
6925 7689
8300 8217
903 1595
10043 9927
2722 2313
2660 3114
5437 4854
60 22
2890 1936
891 1369
10582 9990
2964 3863
9006 9177
4627 4424
2813 3090
9261 8525
6826 6449
99 505
9599 9527
3339 2446
8256 8825
7456 6772
8640 8765
5191 4954
4927 4232
7011 7865
5522 6214
34 196
2353 2939
16 76
72 883
5097 4657
9938 9205
3479 2700
95 695
10140 9803
3538 3971
95 860
4055 3150
7029 6262
65 595
7603 7245
7500 7660
5667 6172
8116 8180
81 62
4818 4111
7178 7905
8872 8794
6084 6765
6834 7815
8124 7734
1702 1630
1579 1297
6694 5734
6959 7752
8189 7371
81 232
7475 7991
2087 2771
6029 5057
51 410
5240 5991
2594 3007
92 873
8119 7527
4092 3731
8173 8705
27 632
10322 9646
5582 5621
3016 2735
88 158
949 1205
1926 2075
5662 6284
7150 7817
5334 5167
5772 6549
7892 8149
4109 4944
4658 4644
2868 2571
3735 3604
8518 7687
2330 2476
5714 5207
8462 9096
8784 8109
80 869
8338 8848
9139 8222
7119 7937
2062 2941
9485 9443
1299 2231
4789 4798
4344 3413
43 171
3320 4287
2412 1708
2602 1772
68 978
934 1828
4984 5181
1875 1898
2060 2170
7130 7503
4342 3394
6739 6735
3565 3537
7681 7804
2308 2855
4204 3400
1014 1074
49 709
5135 4502
4546 5418
2209 1626
6334 5801
2646 1937
820 1036
7142 6303
1821 1257
3960 3379
30 594
5199 4400
2342 2713
1635 1881
7111 6916
7380 7660
1025 1271
24 127
4427 3441
5724 5390
1353 1736
6184 5264
7041 7230
5723 4777
775 1758
80 229
8642 9529
2167 2256
7426 7372
7539 8000
3324 3312
5408 5060
8290 8373
6718 7353
1814 1790
8529 8378
5737 6034
84 599
8464 8926
9873 9587
6741 7610
2535 2262
9421 9248
8396 7423
1525 2175
6888 7216
3008 3638
5696 5490
6062 5527
323 1231
5324 5804
4297 4606
1111 1778
2823 2072
4075 3121
4453 5413
4946 4127
1400 1028
6218 6703
1687 1550
4619 4256
2245 3024
8176 7648
8603 8191
7530 8487
4529 4868
5615 5904
36 372
4332 4567
10716 9970
10079 9854
4494 5129
6625 6090
6474 6914
4421 3646
55 672
3624 2882
5808 5470
3336 2579
75 977
9571 8787
9275 9639
6528 6033
6349 5640
5724 5725
18 152
5979 6364
7280 6308
6656 6964
7444 7168
3428 2689
7590 8021
1783 1482
1129 1801
4986 5415
4007 4820
3394 4209
2082 2157
2581 1910
7898 8156
31 495
10552 9901
6653 6259
8952 8843
7784 6814
3959 4694
4561 4344
2565 2128
4135 3468
2007 1382
3899 3200
2607 3295
30 639
5346 4590
4330 5025
82 41
2654 2586
98 379
4919 4989
7018 6763
4372 3797
5823 6416
7026 6139
3041 3014
41 305
8345 9245
7597 7995
9157 8883
2723 1876
1461 1311
7010 6577
7024 7066
4149 3856
8248 8042
1454 1996
87 35
7360 7023
90 661
5920 6802
7085 6923
9392 9426
35 248
99 113
1635 2546
3185 4073
3112 3609
7035 6832
2668 3575
2369 2163
3850 3137
18 719
1569 1282
4324 4882
2286 1732
3337 2980
6825 5919
5934 6243
9087 8799
8182 7404
6647 7220
92 862
3059 3144
8977 9814
87 228
8646 9593
8927 8886
3381 2868
2033 1370
2916 3856
685 1036
8666 8428
3643 3865
407 1384
7052 7326
8202 8608
9820 9893
3911 3181
1662 2016
7560 6897
3826 3500
3015 3708
74 947
9378 9202
3944 3187
8691 8681
8079 8881
96 793
21 442
1707 1363
71 1000
7136 7334
9409 8509
2253 2564
5451 5644
7246 7820
67 57
63 105
7257 7749
9522 9059
5440 4906
4455 3923
2586 3436
9923 9937
1008 1648
6688 6444
7565 8453
2755 2256
2915 3036
4757 5566
7369 7458
9056 8098
6870 6731
5292 4908
14 465
9748 8812
2341 1769
1025 1053
3077 3685
4237 4159
5987 6016
3515 3340
6434 5800
4451 4382
89 36
2730 2360
8983 9104
3518 3025
3684 2815
47 780
2369 3079
7133 6262
3356 3096
3068 3585
1883 2299
7642 7183
546 1248
2195 2396
8429 8373
1123 1473
7451 7619
7818 7425
4880 4501
2914 3637
4438 4676
10160 9657
4532 5180
2989 2211
5747 5646
664 1143
65 610
9384 9373
36 159
8589 8544
8451 8095
7124 7415
9569 8712
1617 1707
3400 3647
3190 2290
5470 6167
1754 2071
4279 5154
6801 7402
4475 4369
5044 4976
3485 2844
6524 7163
7421 8049
8417 7970
1444 2031
438 1183
8337 8688
4657 5039
4721 4528
7401 7532
5546 5742
8877 7926
6803 6451
2119 1907
4105 4420
1761 1290
78 753
7261 7007
9725 9514
5047 4605
83 688
8261 8422
8105 8357
2173 1685
3961 3263
75 644
2846 2231
9361 8832
6761 6768
9454 9713
4315 4584
4690 4824
857 1406
13 636
5226 6011
5663 6611
6689 6264
4602 4388
8059 8881
4144 3654
5516 6436
6792 6489
28 894
1125 1671
1235 1587
4049 3219
3833 3494
5057 5801
6762 6365
3942 4691
1153 1552
5922 5420
3448 3451
4845 3878
7280 8138
6205 7046
8023 8044
81 953
3878 3976
7196 7468
2847 2173
8396 9261
9535 9353
3847 3015
6412 7089
8179 8807
7501 8158
2863 1894
4062 4483
3804 4596
6208 6438
3575 4031
7638 6804
2537 1772
2906 2314
8544 7621
3003 3673
9071 9325
8682 9536
99 130
7981 8945
4005 4406
19 995
3110 2140
624 1477
1601 1258
1713 1733
6522 5711
3679 3240
9266 9231
2227 3175
23 815
1993 1148
909 1610
4253 4258
1505 2225
69 71
4285 5122
4996 4367
4553 3620
4725 4817
7561 6829
52 892
6317 5365
4958 4800
138 1084
7833 8593
7990 8312
8230 7967
66 349
4052 4248
8395 8954
7971 7268
1734 1530
1743 2378
9741 9307
10270 9713
67 413
4061 3197
57 516
5667 4915
7479 8422
7410 7108
9039 9593
9356 8462
3737 2928
6221 5979
2861 3665
4449 3657
7953 8300
4470 3641
10423 9919
4058 4284
6678 7611
23 82
9691 9629
6787 6710
8056 7179
58 40
5111 4163
5454 4564
9786 8859
8736 8028
8341 8207
6779 5887
6907 6494
7645 7628
1417 2169
5588 6038
8030 7087
4259 3861
2751 3086
2302 1852
57 811
3875 4152
1596 1492
9691 8994
1582 2532
56 487
1513 2075
7672 6800
5095 4743
3904 2975
5420 4423
6537 6708
6488 7015
30 142
4002 3015
5076 4201
2156 2274
7680 8160
22 784
3361 3954
9900 9078
1956 2838
6802 6322
7670 6793
6714 7172
1365 1800
6081 7076
6184 5592
8100 7616
8208 7746
2071 2850
4877 4276
3877 4558
6388 6804
9187 9794
8204 7809
895 1494
3028 3787
8710 7812
3125 3648
4780 5074
89 1082
45 353
1874 2430
6542 5718
3327 3415
7848 8399
41 219
8864 8496
10051 9216
2742 2388
8047 7746
1467 1639
6737 6806
32 858
2250 1283
1897 2824
6317 6670
1985 1433
1878 1573
3310 3257
8611 8242
6818 6567
5123 4339
9208 9972
421 1326
8004 8231
4743 5340
5101 5364
4474 4860
2854 1886
1908 2442
8451 8573
7154 7071
4707 4116
2785 1991
5008 5309
19 989
7600 8011
8692 9040
6602 6449
7149 6688
5224 5399
2243 3134
3979 4597
2900 2687
4473 4484
6426 6250
5758 4987
1937 2524
1635 1026
3726 2995
4996 5877
5663 5435
9547 9926
6785 7749
56 559
9757 9909
1523 1323
1182 1090
8232 8430
4413 4880
4006 3424
6879 6737
5388 6170
8072 7191
8961 8101
7369 8045
2133 1246
7867 8753
8144 8710
5869 5879
59 271
3782 3890
1992 1940
60 446
3782 3760
3548 3488
8476 8273
8702 8283
7554 8139
8412 9126
2547 3018
7317 6387
7982 8876
4514 5514
3544 4257
8339 7955
8570 7677
10591 9834
10 365
4779 5722
5565 4808
7460 7903
8720 7868
4516 5302
6382 6628
8025 7557
5740 5553
4951 4065
7899 8109
6740 6733
10014 9432
1799 2793
5687 4985
4640 4379
5507 4673
6474 6765
1174 1808
7232 6847
37 351
5452 6008
8740 8268
6334 6667
6732 7731
8667 9582
7472 7664
6700 7101
7199 6714
10279 9327
2547 2176
416 1278
8580 9105
39 250
7757 8407
6078 6207
6456 6828
7912 8502
7997 7161
1929 1696
3312 4170
2488 2344
9302 8821
7068 6653
8726 8840
3903 3755
5855 6631
7287 6765
7063 7972
3688 2738
2170 2527
3599 3762
8100 7172
7787 7277
95 645
7946 8715
6199 6139
5035 5600
4567 5535
6000 5264
5907 5487
68 913
9711 9165
4884 4103
9702 8799
1201 1859
7818 7525
7850 8342
5122 5657
4541 4269
80 673
94 72
5867 6532
32 865
1959 2575
6158 5827
6711 7315
9524 9705
9355 9823
4016 4853
7799 6976
7091 6248
3792 4788
7158 7895
6615 6247
26 389
4833 4587
4475 4316
2726 2581
33 669
8151 7565
9010 9409
822 1388
7500 7807
49 715
7444 8348
6964 7827
8511 9457
5097 5148
8721 9111
9780 9651
5963 5114
2972 2185
2355 1844
5503 5402
27 373
2721 1971
4107 4544
7780 8316
5064 5179
3574 4110
4459 4176
6435 7287
6810 5947
7967 8604
6337 6853
6773 6712
4271 5093
9050 9145
9144 9829
2310 1329
3676 2847
5887 6698
2438 2135
6159 5739
8111 8179
5449 4565
5589 5668
8719 8733
7030 6695
8009 8235
21 303
8219 8344
3419 2780
5171 6107
30 412
3476 4412
4394 3646
8600 9479
91 363
9328 8833
6130 6272
4413 3572
1832 1294
1940 2630
6127 6091
10243 9269
5887 5667
6067 7032
4246 5106
5152 4218
4991 5416
3826 4555
9263 9798
6237 5317
2495 1648
2093 2143
6911 7109
7792 6816
2862 3481
1942 1235
6310 6501
5155 4861
1818 2809
3006 2736
6887 7219
4109 4408
660 1261
1277 1264
692 1571
8646 9076
5847 6657
7871 7495
39 708
9074 8179
8394 8365
6772 7146
9333 8901
6628 6415
190 1020
4207 4046
5460 5021
3818 3060
2548 1635
2659 3456
4466 5424
44 828
7549 6796
2229 2647
9529 9753
1472 1616
10408 9573
8855 9255
94 864
9944 9242
7980 8946
50 754
2015 2529
2797 2197
6687 5932
63 667
2222 2908
6974 6272
6853 6219
5806 5586
7184 7706
9179 8827
5932 6209
33 138
274 1182
9269 8750
8413 7884
5798 5417
9021 8270
3267 2944
41 272
2704 3127
4586 5509
7509 7890
6511 6248
7551 8514
206 1032
8458 8647
3056 3849
9386 8832
1647 2622
6738 6990
6690 5887
5611 5150
8737 8870
4407 3996
2873 3718
2488 1903
1188 2002
5933 6622
6593 6521
4776 4151
6498 7171
31 681
4901 4004
8542 8301
668 1560
6140 6718
25 154
8810 7988
16 942
212 1195
2306 2024
3989 4149
6263 5352
1958 2185
10047 9424
6406 7068
2462 3412
7118 7870
3842 3787
6976 6766
1481 2312
7099 6183
3549 3916
8081 7393
6341 7210
2059 1703
3625 3669
5151 5783
5399 5723
7723 8161
5459 5180
3084 2882
4414 4640
3574 3110
5825 6493
5696 5592
7302 8017
1983 1605
2251 1639
2388 1678
6267 5979
24 476
2496 2471
7450 7554
9171 8526
4495 4224
1880 2700
7485 6588
2981 2674
4220 3601
7600 7722
4804 5743
1541 1075
7888 6935
7075 6233
7556 8413
2662 1943
4100 3795
3877 3124
7516 7368
5036 5390
7607 7055
8601 9338
8978 9486
2795 3044
8974 8268
8341 8367
4030 3322
1511 1691
8922 9572
2988 3604
4768 4641
2852 3442
4777 4932
2506 3403
36 240
1430 1073
8579 8681
3963 4334
9807 9741
6438 6326
8941 8387
3784 3594
3191 4041
5011 5989
1074 1797
5149 5009
9231 8377
6396 6100
3610 3714
5683 6658
582 1123
4260 5092
7177 6568
6445 5480
2137 3099
6989 6217
5521 5196
1584 1658
2987 2559
4617 3843
3648 4539
5138 5071
6648 5950
3136 3557
9328 9647
7527 7059
4413 4790
5340 5951
8406 9380
7766 7203
7404 7604
7543 7947
8162 8722
3409 3011
5875 5795
4457 4955
9044 8121
3170 2384
4917 4085
6508 7489
6476 7244
2827 2439
7316 6663
3059 2219
7301 7664
3212 3883
10346 9355
3563 3249
4282 4358
9007 8254
1606 1904
1735 2388
3293 3324
6370 6382
8914 9842
8158 8089
6947 6853
7869 8735
7398 8297
2876 2290
8343 7380
7734 7286
3333 3118
7834 7967
58 559
4356 4849
3322 2898
7522 7546
7066 6468
5955 6948
7338 8188
4551 4512
3179 3081
10 736
6194 6844
5267 5341
147 1095
9835 9485
2099 1210
6568 6786
5688 5284
1436 1511
1284 1599
8572 7833
6391 5791
9335 8692
4009 4321
3404 3070
6186 5779
5541 6185
8588 8654
3330 4239
1788 1362
5788 5329
10380 9904
5021 5832
3422 4287
8605 9133
2326 2685
7386 7603
3052 3026
2886 2225
2784 2272
2467 2134
5159 4301
6136 6854
8661 7992
3671 4460
8417 9201
6967 7647
2965 2551
6154 6002
2697 3458
8946 9149
8306 8162
3494 3177
2915 3062
7630 8362
5060 5302
5854 6773
5551 4713
5115 4552
6847 6473
7664 8278
8893 8753
9750 9838
9509 8948
3793 3049
6878 7465
7472 8461
534 1269
1493 2085
3918 3837
5984 5642
4879 4546
4712 3973
6962 6604
3968 4645
2089 1854
2145 1710
7263 7937
7565 6681
10416 9437
8828 7831
10545 9831
5308 5889
5968 6960
7751 7741
2967 3197
9230 9352
3895 4658
96 687
6955 7923
4282 3835
6209 6447
5479 5150
8780 7985
3010 2499
7838 8830
85 386
2163 1380
732 1030
41 689
7468 6950
9553 9840
8180 8481
5026 4046
336 1112
3240 3724
1710 2685
7266 7367
6562 7433
5126 4693
5814 5970
1491 1849
57 562
8730 9061
9276 8731
9233 8244
7434 7484
4292 3549
4668 3837
1163 2074
4917 5149
9166 8612
7934 8378
1835 1568
2896 3291
8081 8961
3690 3872
4288 3990
8584 7596
7017 6227
9014 8767
10478 9874
39 616
1952 2099
2500 3455
6311 5383
3767 4610
8165 8541
6940 6984
7867 6904
8387 8405
6564 6202
21 560
3964 4845
1588 1218
7858 6885
9997 9226
4731 4092
2246 2402
2721 3141
2062 2237
5290 5838
7654 8147
7139 6464
4264 3837
8014 8186
6627 7015
7053 7495
5949 6192
8827 8929
6208 5216
8036 8617
5583 6142
6127 5569
3242 3039
2759 3543
2478 2134
97 300
10209 9428
4382 4207
6438 5940
7776 7970
6197 6138
67 215
3821 3454
9044 8547
5196 6110
7843 7318
57 785
7931 7502
9991 9986
4653 4765
8609 9386
4653 4596
2101 1757
6850 7487
1906 2762
5909 6050
6536 7427
2455 3223
1977 1183
31 170
5800 4894
7095 6985
8458 8455
4334 5273
1539 1836
6913 6939
8899 8637
8969 9379
7276 7487
2627 2752
8988 9580
4394 3968
8699 8325
7911 7654
5107 4125
8237 7829
5298 4783
7539 7306
9149 9522
6175 6079
9801 9730
8024 8918
10425 9766
3113 3251
4351 3487
8705 9316
6773 5882
7704 8558
8360 8202
7787 8091
4713 3875
660 1535
1974 1740
1535 1357
3900 3171
10068 9949
4732 5020
72 719
9573 9115
8037 7600
9201 9848
3636 2832
3141 3293
5491 5296
68 435
11 369
2331 2284
15 828
5188 4633
66 553
64 910
8299 8684
8883 8536
8769 9337
8636 7959
6382 6069
6415 6623
7743 6917
6363 5389
1638 1762
3924 3079
1848 1761
2285 2623
8208 7375
1608 2023
5483 6133
4976 4452
42 852
4700 3983
8141 7957
2356 3110
1954 1379
5206 4670
4383 3461
4353 3617
4909 5017
2882 2652
7689 8267
62 167
6430 5709
10146 9706
4073 3169
8382 7565
5860 5198
7328 7629
2263 1494
9161 8252
5305 5781
3448 3253
6153 6873
82 961
7195 7373
8183 7315
3333 3097
4642 5074
9031 9393
5980 5920
2254 2187
5332 6012
2210 2309
5300 5754
1714 1447
5354 5849
3219 4157
8348 9197
4961 3978
8193 8924
2821 2308
3751 4559
10619 9862
496 1026
6194 6883
6927 7310
1491 1655
5027 4527
1400 1766
1377 1160
4792 3967
8370 7774
10289 9824
3044 2578
8991 9448
10 76
4060 3685
6586 6776
9459 9599
8388 8434
7184 6655
6661 7069
5043 4960
5994 5900
6833 7067
6993 6010
7316 6881
3728 4276
8441 7494
716 1256
51 784
9260 9684
5174 5969
7474 8428
9807 9593
4999 4455
6822 6249
7515 7436
1563 2251
4223 3574
5176 5721
4448 3927
35 47
2721 2291
16 803
9446 8982
3706 4490
8652 7934
7939 8136
8577 7660
8886 9124
5705 5062
7472 7517
7586 8201
7636 8323
7898 8121
9348 9731
4989 4516
2234 2831
9880 9531
6500 7066
4276 4552
5140 4537
7091 8017
2578 1664
4586 5540
8221 8645
5812 6576
7298 7188
78 167
2434 2956
5392 5056
3516 3473
5103 6099
4128 3292
4721 5222
1114 1647
6658 7131
6961 7256
5899 4994
7046 7853
9296 8337
6287 5590
4602 5351
59 259
9987 9471
8370 9226
6930 6446
4693 3882
9050 9142
2734 3441
7259 6406
5740 5705
7892 7449
3753 3358
4425 4543
3344 3249
5628 6129
9617 9714
5177 5631
94 963
6594 6444
9821 9952
6271 6901
5405 5723
33 583
6612 7403
7069 7190
7774 7070
3061 3641
7810 6833
89 443
7224 7364
6604 7454
83 755
5411 4769
2019 2403
3775 2955
6153 6585
8164 7441
8280 8668
8478 8641
64 656
3822 4403
4767 3821
1903 1273
9684 8969
7652 8503
6127 5629
2544 2542
2224 1840
7545 6978
2152 1233
1964 2362
6593 6479
5892 5676
2522 2550
4758 4987
2574 2444
3871 4533
4344 4197
5248 5105
3223 2717
5802 6640
6486 7243
6833 7211
9518 9269
6497 6824
3661 4052
7114 6558
3724 2998
2363 3256
7718 8715
100 460
7084 6373
2350 1984
3602 4309
5044 4182
6879 7364
7892 7866
78 754
8791 8101
9195 8960
1804 1736
9648 9842
2308 1390
7388 7181
4023 4993
7928 7671
7015 6560
9802 8962
7134 6359
267 1170
8430 8878
8988 9730
9298 9410
7246 7814
2218 1999
83 649
3680 2997
8804 8817
2804 1853
8550 9031
4721 5529
4062 3933
2305 3009
4169 5113
91 1007
9048 9602
6015 5924
9258 9410
44 778
1681 1709
6179 6087
83 168
3015 2797
8224 7485
3366 2571
5311 5726
8240 8581
2558 3221
4550 4162
9356 9844
2817 2272
4762 4234
6375 7053
2458 2855
4618 5438
6445 6517
2856 3215
3536 2730
3285 3743
7714 7972
60 990
4964 5696
1983 1668
7313 7962
9513 9793
9769 8798
8588 9115
5269 4789
70 325
2881 3156
2469 3288
5946 6028
9373 8520
9266 8925
65 508
1781 2553
6517 7095
9097 8802
5118 5534
4113 4087
7997 7556
8270 8534
4039 4678
9901 9405
6764 6038
6381 5740
7666 7583
16 301
2943 3895
1495 1919
8936 8511
8592 7662
80 375
48 906
889 1315
3294 3291
8086 8194
3054 2204
8183 9146
5577 5918
8910 8356
6469 7184
6128 5286
8124 8560
32 501
3187 2441
7903 6931
4922 4337
7056 7913
6970 6023
5799 4888
3512 2660
59 64
5930 6777
1990 1902
710 1112
10804 9833
6003 6181
8457 8553
8312 7394
5859 6373
2908 2510
82 678
7763 7325
8498 7660
1645 1984
4925 4957
89 960
7696 6903
5274 4675
9198 9322
45 394
9991 9842
5475 6143
6618 6755
216 1185
42 592
3873 3516
10247 9436
5816 6815
6528 5770
2068 2157
76 822
9343 9569
1784 1500
49 172
1737 1638
10437 9443
4188 4268
3814 2844
6282 7024
7228 7285
2166 3111
7889 8276
2510 3461
4220 4630
7062 6088
23 528
8805 8961
10 506
10441 9539
3267 3423
10566 9608
6646 7516
7888 7067
6792 7171
2373 2303
7407 7866
34 503
6289 5830
1080 1893
419 1194
7116 6502
3453 3015
4174 5004
8551 8066
8306 9247
4285 4271
1513 2058
3659 2744
8861 8433
7394 6479
4669 4412
1500 2264
1632 1696
7561 6906
3312 3523
6634 6623
8163 7329
5887 6445
5328 5185
4707 4071
4375 4068
1587 1944
7014 7917
4203 3758
6403 7245
2408 3236
4742 4744
2285 1331
10082 9287
4226 3309
1795 2735
9255 9047
5587 5783
9310 9955
5110 5468
4190 3516
8891 8258
8827 7853
5908 6428
6876 7425
5126 4138
27 994
5173 4280
9673 9329
1974 2759
9222 8483
6219 6290
1578 1670
9398 9561
9680 9362
6584 6441
4999 4753
5700 4737
595 1289
8057 7454
3295 3366
7993 8549
2457 1845
49 92
1003 1036
1722 1188
1753 1525
2167 1606
7764 8753
4655 5559
63 775
6324 6084
5417 4798
7648 7040
8364 7752
4659 4027
8633 8627
7128 7403
2633 3235
9155 8944
8146 8094
10192 9364
4660 3680
4650 3839
6905 6620
9320 8946
3557 3186
5337 6202
8269 7821
6130 6752
3698 2871
84 237
7839 8616
3200 3998
5186 6164
1860 2492
3800 4566
3726 4328
3250 3152
4600 3847
7621 8237
1148 1352
3020 2351
7914 8457
7060 7825
6779 6204
10350 9518
1399 2088
5750 6013
2083 2264
69 664
65 37
5436 5470
2877 3133
7853 7733
8163 7171
4218 4012
8803 8272
10323 9838
6544 6868
2761 2916
9023 8201
2989 3906
5031 4759
7289 7376
12 238
5878 5133
9760 9789
4236 3317
1228 1185
8360 8370
10723 9750
5223 4806
7219 7743
4461 3813
6031 6198
7896 8331
7688 7531
7451 7877
9350 9401
7370 7893
7042 7493
64 10
7463 7263
54 732
6525 6921
6915 7414
7665 8617
6571 5613
3923 3142
89 512
7503 6950
2477 1647
69 428
79 736
3861 3331
7986 8793
6702 5900
6220 6727
10312 9348
78 873
7564 6973
5981 5077
6334 6516
53 436
52 219
7970 7987
91 213
2950 3684
9998 9932
5848 5189
9927 8962
3593 2599
9367 9550
8355 8443
6155 6530
4731 4265
3236 2724
2694 3047
4661 5052
393 1039
3645 3541
8720 9590
1998 1411
8351 7653
3582 3667
9502 9252
8033 7490
3049 2237
1295 1356
5205 4873
5807 5593
2595 2396
9993 9933
7486 6594
69 843
9441 9498
38 288
1480 2294
5386 6327
8776 8010
4240 3977
3129 3774
7455 7054
5406 4438
6299 6016
4953 4315
1910 2658
8537 7939
2708 3380
2745 2268
8319 8385
31 203
6755 6694
6234 6757
10759 9883
9615 9082
10692 9739
5327 4617
6709 6500
3869 4748
1076 1206
8397 7949
7353 7732
4976 4689
3898 3378
6605 5693
7979 8106
1973 2208
2630 1776
17 264
8278 8476
763 1159
60 29
1206 1276
2402 3220
4398 3423
4964 4401
3153 4087
5706 5523
7575 7835
1601 1507
1064 1738
4298 4108
75 206
1346 1404
2807 3731
5449 4970
4642 5634
4034 3579
2785 2916
5682 5400
7354 8166
20 479
2767 2917
3111 3762
7282 6779
4020 4654
2788 2444
7851 7452
9820 9267
5579 6527
9034 8461
5918 6311
8628 8163
3108 3419
2335 2104
9522 8641
3698 2999
4730 5634
2607 3040
87 898
3178 3994
6818 7730
6493 6180
8461 7784
6020 5741
8983 8353
2159 2170
1800 2048
7824 7417
2692 3688
47 927
1423 1598
9333 9247
97 604
640 1111
1786 1368
1714 1413
679 1169
8532 8894
73 716
6959 6520
1361 1136
7698 7696
26 167
4381 4776
7156 6318
3893 3608
8104 9030
2363 2011
3361 3217
4215 3484
2026 1644
5540 6115
7635 8283
10805 9852
7401 6836
66 301
3493 4025
4535 5414
6948 7660
8416 9179
3190 3253
4271 4416
54 596
4829 4905
8931 9227
7582 7815
6540 6356
1050 1898
6636 7418
4209 5111
2325 1973
5616 6228
8770 7779
8265 9030
1859 2838
7624 8031
2696 3029
8676 8194
839 1504
3583 2649
5411 6215
9283 9534
7836 7237
30 149
4393 3463
5423 4986
7342 7018
7976 7087
3401 3821
1793 1094
32 508
2973 3209
4764 3917
10702 9781
7174 7315
6206 7188
6681 5690
2471 2859
7605 7536
6226 6289
88 1085
5145 4435
5806 5181
2631 3594
84 542
8245 9063
7206 7757
3706 3095
61 669
9872 9315
49 300
7980 7893
5521 5383
1559 2107
94 213
9411 8971
2928 3762
4388 5118
1778 1923
5041 4335
8611 7981
3208 4197
68 791
2439 2340
6519 5598
5945 6001
2339 1705
7561 8026
8448 9315
8471 8948
8171 7943
5165 4418
4719 5590
7481 7451
3465 2727
4030 3316
10518 9945
54 942
7660 8014
2578 2307
62 480
540 1507
4309 4318
2999 2564
5215 5050
2730 1739
2064 1117
1187 1245
6326 6688
18 1008
3828 4052
6659 7330
7448 6887
8985 9268
2724 2190
3787 3348
7879 7219
4179 3536
8591 7604
2458 3220
5109 4756
6721 7692
1686 2298
6071 6152
877 1674
5140 5566
8438 8851
9777 9782
1831 1648
6447 5621
2574 2138
4678 3983
6445 6043
5503 5972
2998 3046
9402 9691
77 216
31 669
3227 2231
7679 7921
8707 8155
2334 2406
7578 8404
6182 6484
8988 9040
391 1082
7135 6828
2485 2018
8767 9707
5279 6269
4886 5288
97 517
3095 3440
6299 5830
3041 3434
8897 9160
8178 7381
5554 5343
6497 5697
1971 1381
5626 5027
6551 5698
1989 1935
3796 3082
9320 9198
2594 3545
8573 8433
3106 2220
7775 7940
7069 7320
3141 2814
94 882
28 532
6629 6780
4283 5078
3979 3540
3578 3512
4265 4050
7167 6247
24 360
2179 1452
6556 5655
969 1337
63 837
3544 2657
5527 5911
7708 7757
4456 4563
4493 4186
6667 6577
6198 5734
6296 5980
1022 1729
9017 9261
1835 2474
5707 4773
4558 5034
5433 5549
5213 4970
7304 8157
2578 2848
7184 8042
6300 6855
6770 6123
2191 3142
6459 6687
7804 7506
9293 8864
3148 3042
3082 3787
3829 4059
4514 5105
8968 9728
93 354
63 79
5303 4425
7340 7529
4675 3980
7068 6980
7571 7258
4980 4097
3539 2974
6912 5923
4911 4845
4121 4557
2876 2096
5706 6087
8994 8027
25 722
7954 8302
7467 6795
7786 8605
777 1533
8668 8430
3465 4392
7613 7276
26 743
852 1271
10884 9955
1606 2527
9093 9357
8906 8901
3347 2858
88 555
46 533
5564 4691
7044 6848
7363 7476
2989 3169
9087 9532
30 17
3573 4319
8738 7906
4682 5637
2050 1767
4795 5467
9638 8967
6261 6099
6197 6819
61 586
9251 8563
4251 4295
5247 4622
832 1124
9258 9161
9228 8735
6711 5714
2568 3217
1169 1564
212 1108
6678 6683
2336 2492
6560 6502
9580 9563
5473 4674
3131 3474
4803 4685
5966 5162
34 372
3804 3942
5569 4758
8049 8884
5917 5151
3095 3710
7015 7486
2033 2116
8804 8135
4517 3846
5151 5266
6831 6736
4848 4245
8471 9219
6221 5949
7008 6428
6116 7085
5149 4160
8834 7850
4047 3086
7498 7170
6905 6821
5468 4893
3867 3405
8814 9476
51 290
2481 3028
5772 5103
10001 9956
2977 3077
3147 2411
1512 1379
1154 1806
5616 5344
1321 1750
3326 2978
21 798
8525 8030
5773 6604
9631 9058
9585 8615
3802 3133
6227 6640
3028 3043
3389 3104
2708 2416
8568 9466
5037 4568
28 779
5362 6310
6108 5184
9995 9183
10041 9867
31 919
88 465
4326 4099
1206 1994
9186 9989
10092 9975
5738 5431
5820 6411
9192 8379
6090 6179
62 73
33 804
9768 9242
7370 7128
5824 6629
4643 4993
1835 2098
7260 6397
5160 4576
1670 2075
6692 6772
6171 5495
7457 7965
41 741
608 1512
83 368
4162 4318
2866 2984
4451 4971
4531 4523
53 220
3264 2445
6651 6382
9502 9834
7800 7513
14 107
5760 6452
3994 3717
3334 3307
6571 7039
88 305
3906 3201
4958 5099
58 714
1798 1695
3918 2991
5920 5478
2738 1885
8518 8596
934 1033
20 150
93 952
2477 3188
6645 7007
1067 1618
7648 8104
7030 6406
8607 8163
7004 6332
3798 4145
4602 4634
52 122
59 451
1489 1609
5291 5821
7732 6897
7349 7843
8616 7859
4476 4709
1295 1476
6288 6275
34 526
8207 8467
2035 1263
2316 1586
3545 2782
2535 3032
4136 4693
5246 6202
5870 4889
2000 1111
2475 2840
5684 6528
9562 8947
1383 2190
7716 7414
8192 8926
5661 4750
4629 5063
2377 3065
2847 2988
3126 3816
8768 8160
6812 6223
1323 1640
5764 5416
2427 3377
66 722
9000 9506
3662 3646
2987 3942
3115 3865
7453 7942
6578 7045
4665 4709
2320 2819
94 559
9051 9025
4257 4851
60 842
69 530
80 881
9247 9676
7892 7542
9064 8822
7119 7792
8925 8853
2656 3554
5663 5391
78 952
73 141
2785 2029
5081 4508
8121 7449
23 272
8960 8632
2017 2462
8340 7942
1641 2540
8257 8713
8378 7721
4940 4999
5704 5793
8236 7448
26 523
1759 2422
1768 1039
5466 5436
2370 1625
2349 1452
8178 7403
58 82
3736 4084
45 291
8831 8861
2066 1950
69 263
6710 7456
4178 4674
9129 8636
9028 9080
8907 9546
3636 4324
60 918
9881 9060
2298 1448
5251 4444
3261 2416
27 997
74 415
1342 2104
1247 1687
5955 5828
9366 9065
2066 2892
5547 5847
5376 4481
5296 5620
5875 5853
4920 4149
7790 6901
7155 6231
4064 3501
6529 7422
2013 2863
4972 5298
4864 4696
9031 8192
5445 5865
7684 8177
1851 2495
4796 4261
2843 3803
3856 3427
8835 9434
3072 3433
6911 7352
9180 9853
1958 2907
8024 8545
7732 7241
5566 5509
6307 5508
2107 1664
9992 9884
3355 2705
5395 4927
1902 1182
13 30
6435 6591
1024 1805
1337 2084
2949 2193
7077 6150
4995 5445
2119 1282
4269 3799
4925 4397
2951 3581
4612 4653
8932 9472
9194 9441
8446 8252
5404 5773
7800 7526
3117 2928
8884 8397
4641 4283
7691 6989
3031 2176
2647 2844
8299 7787
3185 3895
7875 8684
6528 5895
8338 8886
3229 3656
3031 2695
5562 5540
99 139
7692 6915
4168 4223
4047 4524
4110 4106
97 904
4157 4365
3587 4361
5697 4733
3216 2990
2800 2547
6321 6490
2631 2336
4078 3574
4945 4186
9492 9137
4693 5523
9028 9424
9303 9783
2988 2758
7682 8246
2915 3412
9778 9008
1856 1348
5187 4881
8178 8472
82 584
8632 9518
1923 1631
7883 8376
3467 2948
10200 9854
16 225
1000 1634
2383 2724
1047 1394
4513 4990
9505 8970
9197 9363
9093 9355
8712 8283
2429 3233
515 1136
4345 3363
18 840
26 1008
66 905
4530 5021
9412 8757
1147 1517
8544 7623
3224 3441
2683 2037
8665 7964
9517 9777
8588 8055
22 134
1263 1777
3766 3513
8113 7705
5236 5881
5561 5679
7078 6300
3041 3655
5417 5382
4030 4660
9170 8179
5054 5001
7987 7049
7531 6560
8853 9218
9464 9943
3010 2465
6529 7049
2810 3676
8613 9240
4972 4204
82 104
15 641
8438 8120
4698 5037
77 716
74 605
63 229
10011 9680
3148 4147
63 935
37 468
8966 8743
7633 8268
8663 9647
8211 8220
1431 2173
3574 4113
8994 8425
86 365
6109 5638
28 772
15 928
2968 3954
3843 4552
1877 1151
2641 2710
4351 4617
9976 9674
5343 5361
4504 4428
8808 9443
2017 2716
8811 8751
9008 9880
8274 8506
2265 1836
2800 2742
3178 2309
9375 8963
3182 2464
2476 1645
3468 4143
8714 9495
6211 5757
2457 2586
8147 7147
5161 5951
6368 7027
1738 1094
3412 2939
1250 2186
76 284
2364 2020
7632 7436
7438 7000
2827 2846
4554 4468
7390 6528
3231 2876
7687 7258
2106 1956
4735 5439
10867 9900
8291 9168
6759 7144
73 745
5820 5629
7061 7956
10547 9667
5740 6584
5646 4892
6914 6118
8863 9143
10 697
7666 6721
65 973
4332 5297
12 257
5332 5843
3328 2463
43 421
6296 6089
2047 1510
73 357
8265 9197
3546 3434
7974 7249
24 395
4504 4809
3140 3876
56 753
5762 5145
3147 3432
5178 5840
1916 2431
1955 1424
2407 2138
1931 1794
10310 9565
8656 9053
6735 7030
63 312
9575 9969
9980 9785
8176 7441
3690 3600
56 342
3446 4400
2082 1669
1965 1216
6096 6384
5760 4917
6910 5963
1742 2215
8455 8081
94 49
86 700
8771 8704
18 633
3954 4226
601 1442
7344 6791
2879 2056
4419 3687
7200 7481
9376 9099
7793 7341
2825 3421
7246 6424
24 915
62 215
7726 6728
3961 3051
7803 8356
8025 7907
6603 6491
2791 3552
1408 1315
4031 3947
5317 6260
9230 8540
4804 5179
2349 1592
1827 2158
7027 7184
92 584
769 1049
1603 1817
1920 1972
5068 4633
4744 4125
7654 7477
16 224
8231 7542
9322 8943
914 1249
5788 5033
1822 1459
963 1584
3827 3627
7359 8304
2738 3566
54 668
5455 5159
86 244
7680 7760
7858 6911
5168 6012
86 759
4548 4441
17 273
10336 9350
8082 7477
6371 6599
86 711
7231 6594
2410 3352
93 916
5407 5489
52 203
5056 4195
5057 4696
2952 2022
2601 2195
1832 1932
96 718
3759 3131
67 814
5513 4601
3684 2742
3703 4493
9896 8986
8049 8287
4934 4167
7224 8197
6699 6657
3401 2736
70 490
10221 9500
100 549
2811 3574
69 475
8674 9646
4205 3807
8655 7717
5756 6155
7039 6117
2065 2102
8674 8393
3536 3401
4470 3925
8108 8433
7944 8726
5962 5718
6531 7097
3213 2895
5959 6317
2027 2564
4707 5375
39 17
4029 4615
3984 4874
11 649
3073 2833
6661 5828
6705 6048
7031 6982
6341 5528
3003 3175
2125 2090
3936 3105
7848 8152
4702 4852
40 689
1213 1344
8680 9161
2323 3315
1356 2277
3022 2453
54 650
1076 1141
1491 2152
8912 8159
9093 9145
3803 3430
7231 8112
6738 5918
8088 7509
8116 7762
88 60
1172 1562
6114 5869
32 725
2495 2460
3837 4462
4566 4827
8543 8245
8285 8849
1606 1440
4041 4895
3796 3257
2908 3294
3322 3553
7085 6836
2378 1758
6885 7237
6163 6442
648 1222
7518 7367
7748 7407
4177 4369
4799 4096
1206 1053
10265 9989
30 382
3391 4246
1506 1761
9966 9602
5851 5630
4029 3036
2840 2504
9445 9044
3684 3902
1205 1653
2040 1073
4514 3900
3000 2869
3038 2438
2858 3060
4419 4642
9618 9583
6239 5832
9698 9633
3938 3101
1362 2333
4976 4508
10739 9739
76 350
4297 4495
10016 9320
4006 4664
8032 8388
9527 9769
6140 6900
3001 3716
5203 5621
8747 8562
37 512
3796 4066
4790 5505
7681 7495
43 632
5977 5064
8659 9117
2064 2538
7960 7837
6329 5789
10 752
10270 9753
6924 7420
5662 5172
3834 3546
6838 6378
9490 9075
2379 3249
10216 9266
9347 9720
7322 6864
4741 3864
6329 5494
8003 8874
4983 5968
4481 4504
6427 5699
2531 2591
5947 6366
5570 5941
9442 9137
4964 5394
6156 5445
6460 6618
3493 3793
94 824
6883 7488
7239 6606
587 1189
7840 8535
8439 8232
8911 7925
5807 5223
14 71
1604 2502
7465 7243
10580 9826
6779 7762
1436 1485
2539 3051
7007 6500
4254 3610
7530 7973
2729 2615
1241 1501
2494 3404
9604 9350
6546 6757
10319 9449
8053 7845
6747 6292
5631 4946
4990 4991
54 426
9341 8497
1916 1742
6286 5697
4308 3723
7032 7262
3561 2732
4794 4428
7001 7770
6650 5822
8826 8507
7497 8463
1964 1457
8486 8438
8939 8315
2087 3007
3078 2587
9260 8761
3344 2951
2551 2614
1761 1401
9814 9239
6725 7648
8193 9071
2859 2778
2244 2959
4517 3585
3010 3015
10229 9987
6477 6508
1545 1141
8482 8267
26 505
7518 7498
7455 7989
9238 9096
4220 5048
50 978
3053 2263
5353 6230
2376 3071
6932 6374
7975 8235
4990 4213
8311 8380
1660 1760
6849 6532
4778 3805
6578 7256
66 385
8966 9873
5316 5172
6891 6869
3685 3673
9008 8033
3114 3524
2645 2276
2793 3044
1839 2384
3432 4254
7593 6686
3533 3505
6405 6720
3487 4137
7166 8081
6479 5786
9646 8750
1547 1142
6882 6462
7658 7201
6732 6170
3718 4525
9659 9486
69 369
5759 5061
13 446
1206 1325
1486 1615
8695 8560
10 668
3232 2796
1563 2542
4711 4278
89 309
5425 4945
7273 6699
967 1018
6428 6740
5731 5558
1241 1628
4895 5850
8418 7532
10289 9382
8708 8495
50 506
100 582
6216 6163
8158 8670
9568 9610
3685 3885
1849 2283
8225 8995
8010 7579
5959 5867
9325 9686
5187 5953
3263 3703
1258 1669
2926 3075
68 675
5539 5374
5996 6267
7148 6579
2322 3302
2846 2436
2773 3610
7439 7210
464 1233
5476 5085
7877 8522
6640 6923
3635 3559
5217 5902
1675 2151
9372 9958
3413 3175
4249 4379
5087 5792
5736 6374
1631 2234
6831 6839
4790 5380
4278 4055
1689 1724
4253 4571
2249 3229
6279 5514
4204 4280
8324 8827
2794 2507
2680 2939
8947 9660
7805 7815
10725 9970
19 55
10564 9843
6054 5071
9468 8777
4029 3508
8567 7713
2263 1703
4492 4088
6964 7950
2322 1593
21 501
8343 8394
63 855
6731 6670
31 360
2300 2973
4850 4592
1549 1873
3914 3137
1616 2361
6760 7002
7347 7311
3480 2650
6147 5311
7569 8217
99 956
22 670
6278 6646
6269 7182
2748 3212
6770 6205
3431 3598
3943 4560
8055 8073
7972 8921
994 1660
9078 9221
8070 8078
7638 7958
9551 9432
9789 8813
2038 2882
5767 5831
5552 5001
2737 2690
2775 2646
5416 6105
5423 4721
92 868
4423 5006
4412 4108
7826 8461
3245 2555
9122 8213
1145 1758
4629 4351
9833 9536
86 636
1325 1974
6906 6765
1670 1164
4820 4081
53 453
44 509
8229 9086
9985 9102
6609 7380
7848 7015
2762 2956
7488 8244
270 1046
60 926
574 1254
8422 8188
8933 8483
2867 3822
9450 8985
766 1626
62 622
2775 2330
629 1521
3291 3003
6192 6914
1004 1794
2818 1895
8687 8366
7347 8289
12 624
9046 8525
8392 7533
6292 6817
3592 3265
4884 5496
10456 9473
6353 6478
3143 3115
5270 6124
6349 6270
5870 5721
7040 7530
8508 9406
6997 6997
7435 6992
72 234
2066 1517
7113 6968
8294 8597
2038 2019
2077 2119
2881 2062
8840 9128
62 986
89 775
6094 5999
4708 4617
8301 7317
7590 7617
10208 9910
100 212
4476 4819
5072 5120
1196 1874
7291 6447
4400 4179
3997 4940
6015 6532
5215 5454
2647 2963
93 745
10466 9489
96 800
3785 4291
9856 9544
60 565
8626 8255
1537 1386
7615 8411
2465 3300
1961 2292
25 399
3249 3739
995 1150
10702 9958
5401 5679
7422 7102
2813 3392
4870 3948
2324 2992
4371 3388
3572 3995
6817 5893
9119 8247
3366 2733
8106 8359
4413 5050
4030 4682
4789 4361
10001 9874
4250 4499
5992 5076
5043 5677
6059 6394
6693 7622
5788 4822
1912 2005
7093 6715
5114 5689
1550 1965
4897 4508
3931 4875
17 921
9364 9855
96 517
1088 1168
5781 5104
4080 4827
6552 6115
7151 7090
5867 5464
2112 2742
2967 2352
1226 2154
1272 1639
249 1161
9628 9384
3194 4055
9491 9637
9322 9926
7852 7136
10821 9901
17 801
6891 7662
7908 7494
6372 5692
5976 6140
4530 5232
6347 6181
3713 3147
9015 9208
5039 4386
8410 7786
4351 5298
8604 8214
9906 8908
1496 2096
2772 3483
2767 3731
2175 1377
6314 6361
8735 7752
7119 6848
5298 5587
8680 8693
2801 3539
6449 7018
6600 7395
5004 5764
3921 4589
3052 2315
7350 7632
9213 9434
10876 9931
7859 8207
3820 4613
9531 8828
20 766
4872 4434
5236 5666
7280 7850
7303 6718
3837 3728
6306 5552
5934 5962
2287 1565
1092 1893
4483 3982
9485 8943
5703 6015
4953 5290
8565 8907
4578 5384
3497 3901
6352 6317
6008 6924
3557 4114
968 1393
2371 2405
5057 4837
6467 6756
2661 2809
6075 5641
6667 6060
3290 2975
9387 8476
5892 5431
4623 5056
4489 4099
4515 3964
8432 7746
4217 4255
2862 3177
4605 3951
8750 8741
8440 8490
4726 3990
5248 5288
2207 2362
9320 9192
8775 8810
2847 2634
8966 9190
7145 6635
9955 9589
3012 3781
4999 5713
90 82
6206 6133
2038 1164
5079 5409
5351 4362
5503 4670
78 614
8842 7905
6222 5524
2179 2568
9864 8865
7838 6972
4747 4308
3055 2082
2747 2287
6039 6599
3143 4083
2749 3058
559 1294
42 485
2041 2258
7508 6831
5160 5182
6140 6350
5468 6117
5104 4163
1531 1291
8320 8067
8802 8363
6484 5826
4238 4635
5279 4782
6819 6918
5696 6421
5928 5563
10399 9566
6679 6465
4489 5225
4172 3352
10575 9737
3215 3175
3840 4305
8963 8434
72 319
48 373
2339 2421
8081 7473
1393 2235
7984 7919
853 1246
4917 5246
6923 7233
7453 7324
9461 9715
6582 5914
25 997
3009 2583
7940 8875
4275 3442
7005 7058
9552 9113
7902 8824
1689 1360
4507 4748
2173 2868
4466 5354
1392 1740
2988 2283
53 1003
10138 9652
1150 1382
2263 2243
6966 6974
6430 6750
5731 6562
4700 4873
6037 5231
71 486
6487 5991
36 686
3216 2414
9548 9395
4619 5418
9584 9117
5822 6602
5401 5226
4675 5241
6930 7750
2807 3784
6806 6209
9686 9529
48 465
79 226
8145 7293
1971 2539
1628 2330
5359 4417
9452 9101
3340 2740
2952 1954
3842 3007
4959 5149
5587 5499
10091 9304
1867 1238
3014 3247
9550 8925
3884 4443
5785 5370
1411 1483
5426 5157
6408 7059
9133 8261
1649 1278
2264 2085
9049 8955
1737 1745
7524 7814
8738 8829
599 1167
6784 6426
4451 3720
9121 9678
8589 7981
4237 3618
6475 5945
7966 8885
10922 9969
10239 9990
4868 5727
7869 7006
3884 2966
836 1724
2189 1281
4259 4248
22 213
4106 3966
4800 5044
3093 2556
1826 2008
4428 3502
10360 9734
8251 7407
8694 9471
3947 4639
2376 2484
2488 1607
6291 5968
3690 3160
2830 2882
11 97
10058 9262
3417 4065
8452 8480
2863 3022
6055 6822
8443 9154
4693 5218
1480 2238
6000 5605
7590 6793
1410 1455
7631 7085
6254 5389
9490 8928
9277 9914
1674 1712
5969 5843
7982 8299
4307 3617
9238 8763
3420 2703
8827 9394
10210 9813
8668 9278
6747 7056
5506 4582
5894 6063
8549 9067
2723 3144
6506 5765
1024 1791
44 543
7383 7017
2722 1739
7754 8020
3955 3625
86 910
82 235
4088 4735
5375 5390
3365 2532
6757 6737
10 330
4728 4863
6621 5903
992 1711
8669 8618
5229 4335
9343 9046
5989 5374
7340 6928
4729 4074
84 465
3165 2201
9955 9063
71 822
1826 1443
5215 4785
6457 6386
8979 9845
4797 4861
1870 1542
465 1069
6132 5254
5773 5790
1903 1143
3923 3276
10300 9920
1276 1202
2715 3641
10043 9343
7374 8118
8853 7873
86 637
2338 3319
2355 1421
6102 5746
7027 6764
3851 3398
7641 7858
10171 9924
9536 9968
8962 9331
6552 7441
6316 6238
5804 5306
1838 1136
5208 5701
4446 3889
7662 7064
9014 8850
9466 8702
7482 8023
1985 2418
5054 5323
4261 4249
8978 9107
929 1786
1271 2063
5923 6555
69 535
9302 9864
4237 3803
8437 7547
2541 2491
1828 2526
7781 7964
9549 9693
6585 5698
4412 4203
2971 2138
3700 3468
1377 1057
3972 4541
3243 4151
1492 1248
3736 3398
68 511
9849 9094
1898 1343
1475 1706
157 1051
2008 2824
6966 6912
6794 6325
5771 5394
4740 4239
1995 2205
5364 6027
7297 7272
1002 1599
1905 1678
10343 9558
94 107
7097 6423
4971 5889
4043 3172
5808 6268
3212 3492
964 1314
8014 8432
4468 5326
9492 9694
2974 3721
2954 3382
2423 1957
5235 5187
8770 8917
41 234
4872 4923
6393 5659
7111 7550
23 764
2985 3272
9396 9049
2574 3436
2621 2271
7252 6912
9024 9361
2243 2950
4676 5152
5386 6259
1252 1672
88 976
4534 4717
4248 4524
5869 6512
9233 9283
38 892
5986 6196
9385 8530
10822 9951
3571 3959
5366 4895
6405 5511
967 1766
5286 5849
93 726
8792 8855
7487 6738
3040 2236
2210 2446
5228 6056
9868 9763
5032 4307
3955 4786
7209 7489
6884 6576
10059 9433
932 1766
9895 9010
7328 6842
4244 4083
6395 6094
38 135
9938 9733
4089 3985
2246 2840
1547 1887
71 890
8330 8563
7620 8231
1834 1050
8662 8922
33 951
1258 1892
4007 3162
8649 8065
8887 9797
1446 1263
1908 1583
8460 7719
1023 1587
9706 8927
1364 2027
1593 2001
3776 2809
7072 7165
1136 1985
3790 3468
5516 4637
8644 9294
7234 8229
475 1422
7157 7544
1026 1675
2027 2317
4894 5394
10102 9803
8464 8309
19 757
3387 3307
9873 9387
7778 7416
7671 6976
6951 6752
26 268
4936 5890
10141 9308
4135 4574
8551 7889
7777 8576
5768 5469
6594 7058
6639 7503
9055 8563
40 87
7159 6276
5980 6693
7881 7758
2413 2370
4583 3707
3762 4300
5146 4870
2225 2404
6939 7642
7265 6422
85 738
6592 6183
7507 7339
9306 8947
7946 7672
8985 8052
4307 4435
7685 7556
7924 8700
10541 9807
5969 5859
7726 8528
2008 1187
99 227
4709 4984
10052 9663
1414 1296
7609 7402
94 810
3891 4272
51 205
8771 7919
10553 9723
2323 2035
5467 5344
5838 5877
3231 2474
7446 7009
9332 8370
5328 6328
7956 7810
8818 8357
5404 4425
7995 8793
5769 5690
2596 3276
6201 5571
6499 6056
950 1840
1813 2044
8840 9692
4286 3557
2408 2491
5663 5054
3066 3119
8509 8534
4980 4018
2137 2432
8586 8610
7056 6234
3333 2790
3207 2727
6275 5457
68 184
6100 6826
10052 9800
3324 4212
4800 5258
7366 7206
68 773
9116 9282
5764 6294
10089 9822
7945 8200
6668 7216
2337 1398
7082 7823
5781 6521
6288 6678
6821 6555
84 233
2444 2098
5778 5742
8697 9046
1684 1894
2338 2870
9866 9783
3198 2400
7458 6749
9059 8558
5210 4968
3008 3115
1968 2275
79 988
5026 4348
5475 5331
8604 9006
6679 6583
3671 3873
1874 1675
3551 4370
5335 6091
10339 9742
4485 5328
9985 9764
46 754
8149 7537
3593 4391
6326 6892
3571 4203
2689 2674
4159 4370
6991 6602
8470 8646
5084 6060
6733 6877
6292 6067
7167 8051
2257 3211
2427 2578
4015 3628
7781 8562
4766 4362
9090 8900
3117 3676
3179 2706
8339 8932
6258 6617
1063 1985
62 715
1629 1622
5418 5427
4758 4046
6215 6816
3759 3591
48 159
8584 9402
4303 3690
753 1311
6740 6219
9338 8470
5868 6036
93 222
391 1034
1573 1925
56 861
6336 7089
9160 8166
5172 4437
2888 1966
7261 6794
7398 8005
2327 2814
4214 4559
3162 2936
3244 3497
4071 3585
3068 3652
8061 8122
4245 4504
6471 6854
44 908
3872 3554
4283 3778
6492 6309
21 884
6599 6531
13 86
3966 3285
8086 7123
6420 5987
4110 3379
3731 4309
8682 8109
4651 4720
2550 1738
6987 7079
836 1019
4473 4430
72 599
9277 9063
2358 2953
9426 9922
2298 1423
5606 6442
6457 5654
3529 2640
2217 2605
10315 9951
8423 7741
4797 4733
3601 3847
1271 2151
4521 4993
8297 7414
6013 5112
21 931
4208 4887
3853 4674
5067 4872
5764 5526
3515 2758
8070 7283
2497 1992
9893 9295
5508 4849
2234 2852
6632 6438
4247 4068
5763 4964
9000 9538
1184 2027
81 159
9750 9351
464 1312
4304 4063
641 1149
1787 2145
2068 1223
71 860
2649 3550
4619 5105
5399 5494
5657 5620
6494 5631
7362 8218
6063 5743
3278 3342
4673 4843
3731 3120
1960 1452
3377 2838
1854 1974
3676 4542
5965 5606
6742 5926
4182 4662
85 925
3407 2932
2929 3842
3427 2940
8612 8791
8110 8619
1914 2477
3447 3966
6568 7026
17 36
4464 4034
3053 2076
8722 8080
2771 2229
8069 8852
4515 5247
6148 5254
4709 4644
6589 6283
4506 4165
52 445
7458 6559
5092 4280
6378 7237
2134 1392
2268 3062
4463 3495
1617 1421
5664 5171
7301 6647
9367 8643
4458 4130
6911 6924
4394 3481
6521 6555
8682 8011
6718 6682
8024 8197
9906 9850
6954 5963
5755 5023
4345 5146
6722 7460
4508 5080
4724 4295
7259 7335
66 81
9845 9614
6099 6775
8824 9331
8742 8370
6828 7415
5322 5236
3950 3887
3736 3209
6367 5480
8400 7647
8302 9184
4747 5314
872 1535
6031 6830
6684 6252
85 84
85 741
3563 3273
895 1777
6114 5375
2256 2705
3454 3233
6485 6995
5829 4970
8762 9553
2150 2481
3605 3564
5862 6725
5074 5162
8422 7550
7540 6914
6859 6076
3131 3974
5697 5706
9736 8984
4155 3357
11 126
8099 7580
2116 2351
2289 1868
9296 9119
4923 5671
7527 8122
8426 8853
7246 8130
2645 2368
2150 3086
2730 2319
5066 5726
3081 3952
7512 7449
4659 4837
7903 8356
803 1429
3717 4551
2219 3001
97 35
3376 2567
3766 4265
7971 8559
8447 9051
7707 7173
6661 7530
7511 6636
7757 8059
6759 6265
2741 3382
9568 8713
8097 9040
9439 8954
1220 1961
7306 6612
1142 1920
3798 3150
2883 2486
8569 7849
924 1292
48 650
8372 7736
9170 8559
6014 5597
15 73
3202 2782
5851 5200
5071 4618
35 773
9879 9019
2492 1716
4526 4579
3974 4821
8133 7442
4297 3847
1151 1286
5062 5381
8271 8679
4269 3708
4546 3765
52 19
9347 9388
3323 3237
3174 2341
3702 3378
7286 7481
8714 8303
9249 9348
8087 8648
2319 1930
1259 1029
2063 1902
8531 9496
5959 6208
8693 8527
8402 7759
4840 4643
7594 7542
7336 7560
3514 2748
4519 3838
6985 7725
6259 6599
2932 3615
2434 2193
8608 8240
3415 4337
7951 8086
7250 6758
6284 6056
6744 7474
4803 5758
1238 1066
4001 4349
7848 8509
3083 2697
7202 7500
7768 8143
8403 8288
2804 2928
5142 4515
9827 9207
6200 6751
7255 6966
9010 9662
4644 3665
4137 3826
19 589
7882 8089
2381 2160
7057 6814
1271 1143
1267 1779
8173 8433
2708 2027
8468 7658
6807 7219
4433 3542
1921 2552
59 911
7971 7221
5122 4714
7754 6922
3871 3141
5907 6166
8831 8280
79 696
9032 8461
3916 3991
9180 9980
5149 5193
80 142
7698 7865
6186 6825
5164 4976
7555 7100
4047 3775
2219 1439
1573 1522
8955 8784
7293 7829
2018 1525
10158 9640
9174 8355
5913 6395
4796 4289
4766 5358
7090 7003
5103 5026
4954 4358
4196 3238
6560 6867
3676 4173
1796 1355
7125 7986
7864 7423
8314 9219
7311 7312
72 510
8538 8689
5976 5364
8487 7509
5979 6760
3672 3129
10216 9495
2966 3005
6659 5907
10 202
3216 4082
6224 6778
1966 1882
6657 5684
1416 1337
8339 8743
3647 2786
9390 9727
7302 7889
77 616
7688 8109
7187 7518
1515 1940
8279 8267
7070 7853
19 664
4206 4740
8830 7938
2830 3337
5370 5008
9239 8460
7909 8759
2277 2750
9368 8823
19 169
996 1334
3141 3173
5203 6128
5058 5262
5168 4350
9032 8338
2418 1887
75 719
3089 3493
6706 6005
4218 4301
2223 1397
2414 2174
1812 2304
4039 3702
10009 9666
10 615
3129 2855
5246 5700
61 34
34 503
8468 8242
78 596
10075 9868
4116 4055
9022 9977
2287 2049
66 850
6860 7512
4074 3938
2492 3224
6095 5769
8361 8479
8318 7901
6023 6984
81 517
3776 3264
7727 7913
4077 3361
9276 8378
10692 9886
64 1001
9016 9005
4746 4361
4810 3930
8496 8624
8980 8917
8256 8534
7177 6706
6147 5456
8630 8682
3703 2915
5393 4868
2582 2519
6362 6957
31 713
100 789
9753 8795
3068 3876
8159 8527
10731 9875
9845 9938
4910 5059
5352 4607
9458 9341
7308 7015
10306 9826
5340 6157
2831 3039
62 611
6339 6038
3016 2373
8945 9024
3124 2377
6314 6020
3107 3806
39 542
5696 6231
5764 6244
3605 3819
1029 1430
4514 4575
63 216
2872 3270
8541 8659
1682 2565
8047 7141
6426 5430
7594 7830
285 1104
9315 9346
1242 1368
2286 1674
15 413
9704 9536
3394 3683
56 90
3672 2683
8262 8690
7044 6860
93 909
7559 7056
6302 6307
7776 8643
9161 9630
3390 4154
5427 6044
1416 2303
9756 9134
9989 9986
5262 4613
78 107
4921 4324
4575 3763
5822 6044
8680 8120
17 259
10600 9844
57 34
14 477
6247 6760
3678 3950
2285 2674
8489 7699
739 1494
9355 8725
6989 7944
1385 1632
4283 3653
86 794
8556 7922
6132 6969
7685 8357
6343 6838
2659 3412
9364 8736
10356 9464
3662 3003
4706 3930
4420 4719
2030 1097
9053 8559
773 1439
5076 4909
9409 8523
3448 3787
25 704
28 116
8558 8606
3007 2255
6351 5778
1665 2206
8763 9026
2503 1734
3200 3545
2264 1699
6197 6133
43 101
6897 6671
9506 8795
4474 4383
1324 1168
5745 5117
10264 9809
1487 2200
8312 8312
9167 8442
6854 6605
6802 6630
6887 7280
65 276
5872 6564
72 857
9867 9296
7360 7586
9625 8669
9922 9883
10231 9507
4178 3745
72 725
6693 5876
9675 9095
3678 2899
2979 2333
7206 6713
1105 1847
10001 9740
23 498
5175 5551
2613 1689
5613 4712
9219 9407
4905 4255
4053 4838
5084 5684
1343 1125
2265 1899
7115 8023
8854 8360
4233 3460
9274 9418
3968 4744
2765 2901
62 704
4141 4359
6003 5764
932 1165
2350 1824
10362 9698
5100 5454
6839 6358
7138 7794
9615 9719
5459 5221
4625 4235
7939 8822
8704 7828
55 65
4305 4694
7833 6835
2172 1230
2914 2049
6993 6874
8541 8575
6573 5679
4840 4696
8053 8125
5946 5056
7573 7151
6382 7142
6292 6766
8120 7889
9442 8469
31 877
4135 3867
5594 5113
7364 8274
37 577
9140 8604
1849 2466
7960 8142
9279 8884
6204 6545
4718 5691
1088 1524
7381 7045
7449 6500
9781 9186
5820 5175
2136 1818
32 385
10014 9532
4922 4030
6599 5678
3925 3898
9353 9317
2405 1936
3573 2768
6013 6953
9881 9391
3067 3722
4694 4172
3928 4021
523 1069
8444 8833
8420 8421
6561 7014
82 1051
1675 2126
32 330
1219 1349
9449 9976
6356 6666
8282 8558
3019 3505
10384 9457
6899 6054
4608 5316
66 983
4423 3551
1753 1946
8822 9150
10236 9666
4202 4718
6294 5895
6077 6572
1330 1069
3732 4068
679 1257
1828 1259
3409 3662
3866 4211
7324 6680
2993 2252
5316 5469
50 840
2954 2211
7576 7367
9387 8854
7386 8255
5498 4931
2226 2595
53 594
5208 4671
6089 5191
3340 3253
68 348
7141 6514
2837 3529
6895 6258
3329 4289
2458 1580
722 1088
6682 5912
6385 6203
4126 5064
100 309
8733 7978
3028 3912
12 391
1282 1106
1917 1383
69 763
4303 4397
4327 5202
2816 2203
77 917
10331 9362
2739 3433
8234 9128
5505 5452
8909 9337
2209 2172
9006 8155
3775 4262
2726 2995
10548 9627
8883 9449
3984 4133
5498 5375
5331 5766
1700 1815
1890 1780
73 157
4353 3948
1942 1097
3427 2667
14 152
57 576
6523 7467
2653 2714
550 1325
8952 8984
7352 7872
3992 4153
8043 8398
6976 6550
2932 2749
2813 2198
7618 8507
8505 8072
87 572
27 504
3514 2890
5265 4418
9500 9337
4277 3446
7254 8110
1331 2123
3800 3525
9455 9056
1774 2375
6604 7343
5890 5542
4914 4962
7232 6483
8312 8021
6905 7288
5185 5843
3226 3094
7197 7114
6281 6078
2978 2150
1501 1098
6364 6971
3695 2799
1197 1699
7785 8363
5493 6220
5933 5241
9497 9647
90 139
89 206
9606 8677
9594 9234
1697 2205
8072 8017
2555 2039
7269 8160
2918 3517
6751 6285
4349 4516
4931 4677
8314 8330
6701 6255
9243 8880
4915 4833
1813 2064
1049 1253
2818 2175
1803 1310
10137 9148
8397 8284
9548 9448
9053 8875
9039 9030
5674 4911
5806 5661
5315 5107
1123 1731
6892 7565
10 133
4298 4269
8816 8087
8590 8650
9086 9386
9143 9225
8906 8777
8000 7127
2172 2175
8494 9360
7846 8327
17 413
8784 9030
5884 5897
4769 3815
4306 4727
10113 9505
4420 3941
29 271
3198 3780
8549 8676
9090 9004
2098 2338
60 893
7528 6801
3904 3872
2499 2715
2571 3178
2564 1770
5851 4974
1797 1069
5805 4990
3100 2928
7433 8311
32 864
3741 3834
9094 9550
7177 7872
7030 7010
3056 2659
943 1826
6509 6165
4605 3975
4556 3980
8708 7932
3249 3662
8401 7728
8263 7746
3313 3157
28 964
7551 7716
9019 8448
1993 2947
1835 1437
8733 8872
8273 8569
2499 2510
4193 3805
8056 8870
5084 6020
6420 6027
49 958
9683 9901
3162 2382
8814 8157
9234 9427
4411 5394
8628 8409
7458 7418
7113 8075
7798 7769
7148 6392
6051 6924
2139 1810
8026 7084
9735 9889
8231 7578
6812 6446
6174 6685
1566 1228
1789 1056
4819 5649
888 1605
817 1467
7903 8115
9944 9719
2926 3872
4090 4093
2365 1912
2832 2586
5322 4981
1481 1902
9281 8511
54 563
8184 8847
2755 2242
4919 4394
3568 3128
3743 3807
8120 8485
6228 6287
2921 2054
6665 5924
9260 8358
8129 8494
8891 8411
9757 9729
7379 7223
5642 6056
10251 9883
7193 6398
8983 8016
49 127
3562 4444
9606 8831
79 940
3777 4356
6450 6905
3164 2552
2515 3370
7782 8188
5472 6003
6440 7234
7784 8679
4830 4140
5654 5998
2115 2631
2937 2808
6963 7750
3623 3961
62 191
2676 1958
495 1094
42 312
5706 6413
9542 9182
5823 6134
8833 8274
9744 9820
6161 6360
62 429
7085 7527
6893 5897
3552 2889
7679 7336
57 659
8362 7745
5860 5828
9061 8491
8441 8796
1565 1152
8810 8559
3491 3576
9172 8606
8045 8467
7507 8044
4777 4431
4658 5478
1950 1870
75 988
36 459
9676 9503
5041 4760
5978 5749
2313 2536
8608 9196
6495 5893
3913 3359
4221 3566
6363 6575
6084 5375
3284 3651
71 842
7366 8099
8661 7849
6123 6550
8129 7575
77 718
6140 5886
9378 8942
640 1463
2375 2101
4547 3697
4997 4029
2375 3372
6232 5468
8244 7575
4214 3479
6754 6008
7807 7131
3001 2924
8945 8227
9865 9438
1916 2113
8451 8103
3234 2500
5313 4473
4203 4668
5639 5210
2521 1796
2982 2279
5355 5032
4042 4085
7691 8663
3510 4252
8447 9197
2515 3324
5459 6242
670 1074
6434 6640
5950 6592
1120 1201
1191 1109
4963 4271
2622 2696
2534 3444
7826 8020
5812 6400
398 1375
12 603
1620 1237
6557 7488
3993 4189
7975 7017
4613 4867
67 506
8311 8205
2733 3677
2268 2521
2028 2169
7526 7269
8102 7607
4376 4158
8986 8085
9637 9801
4395 5161
3672 3926
974 1235
1398 1829
7804 7860
2602 2990
15 480
1812 1698
877 1161
1932 1696
2936 3082
4788 4596
4859 4994
2999 3508
6190 6531
2601 3311
1297 2078
2829 2645
3988 3402
3388 2402
3618 2708
2498 1573
1853 2059
7898 7592
2496 3392
9039 9241
8084 7323
2402 2278
2740 2149
8227 7725
7710 7841
44 642
6178 6828
1835 2123
63 499
1111 1177
8991 8432
4802 5400
3835 4067
9941 9856
7482 7585
8136 7263
3508 4128
5003 5478
3596 2739
2146 1585
5389 5844
3263 2804
2091 2085
9249 9407
9379 9364
6370 7024
2661 2407
5651 5152
3303 4054
