5051
100
12627485
55 45 60 53 41 59 55 52 48 58 55 47 58 52 51 43 42 46 60 51 50 40 42 58 55 59 46 59 55 42 50 59 53 60 49 44 47 48 46 52 44 60 53 51 44 45 51 52 51 56 46 44 59 48 59 58 47 49 49 43 43 58 58 46 50 54 40 53 60 44 58 50 46 58 43 56 48 54 43 53 42 46 47 56 56 56 58 40 51 50 54 51 51 44 42 47 43 41 55 52 
-31828 -29276 -39509 -38095 -25435 -39751 -32312 -33221 -33170 -37535 -40696 -39043 -34781 -31329 -34741 -28729 -26908 -27474 -34362 -35441 -34213 -29010 -27843 -37717 -37158 -41836 -30705 -35221 -36643 -25932 -35104 -38555 -37520 -41944 -29922 -30960 -32395 -31569 -30146 -34157 -32843 -40974 -33516 -40304 -27967 -33684 -30950 -36858 -32491 -42891 -34450 -34836 -40997 -31512 -33617 -40044 -31152 -37398 -31411 -29142 -29613 -44945 -41780 -28663 -33074 -33450 -24618 -34883 -38453 -29501 -39576 -32169 -29603 -38353 -32279 -38088 -31343 -33398 -33062 -38680 -26346 -32704 -36580 -38781 -41167 -39149 -43404 -29265 -37010 -32736 -33608 -38002 -32672 -30729 -28592 -35569 -32685 -27820 -44481 -36536 
22610 20584 28365 26335 18474 28761 22750 24179 23574 26589 27880 27380 25691 21973 25233 20518 18620 19662 25056 25228 23808 20748 19724 26775 26312 29108 21995 25191 25914 18682 24738 26886 26153 29385 21191 21709 23202 23158 21148 24088 22987 29601 23685 28827 20178 23592 22220 25263 23318 29544 23920 24149 29730 22433 24028 28498 22068 26552 22786 21150 20193 31508 29558 20504 22818 24275 17635 24617 26902 20282 28043 22574 21043 27497 23227 26424 22053 23970 23460 27101 18148 23343 25992 27771 28859 27905 30748 20243 25591 22860 23820 26553 22995 22031 20456 24965 22978 19504 31080 25900 
5464 4866
3479 3211
35 562
10962 9975
3348 2472
2651 2706
7331 7426
15 842
51 462
8679 8819
14 763
5016 4264
4136 3603
2371 2491
50 233
1623 2142
3184 2775
3412 3086
9247 8855
8130 8947
5039 4203
6851 7788
2872 2212
2293 2700
3497 3023
5261 5871
7926 7749
5089 5426
7539 8351
80 352
5792 4874
1766 2216
5281 4494
5190 4783
2958 2985
1073 1627
4067 3753
96 421
70 552
3485 3131
9059 8576
6801 6411
9000 9952
7638 8555
3835 4459
37 673
2824 3767
4118 3866
2007 1177
6070 6999
10318 9881
88 122
4627 4800
4863 5604
8215 7924
16 769
10 159
2576 2954
8442 9025
5739 6547
2032 2704
508 1371
6246 5409
4968 4691
6009 5752
3661 3657
5972 5216
4717 4595
1235 2119
5067 4358
979 1432
7077 7732
8278 8888
2282 2568
8720 8283
976 1208
5374 5387
6665 6379
1653 1389
7551 7086
7005 6664
4451 4117
3552 4540
5538 4844
7226 7582
8208 8381
95 169
5459 4661
57 43
8796 8663
2962 3463
9629 9396
6724 6255
8516 7517
8147 8742
1795 1023
2618 2763
7563 7658
7365 7574
3626 2739
4144 4873
7854 8408
4911 5202
7325 7587
3300 3159
7153 8146
51 126
3091 2566
8195 7246
6133 6683
9982 9456
2339 3279
6308 5353
1469 1893
701 1571
8093 8228
9163 8379
2137 1991
2829 2003
6942 6821
4943 4416
6739 7642
6439 5956
8007 8615
1745 1371
2672 2096
5260 4881
9477 8969
2296 3000
971 1395
4939 5837
4836 5231
6200 7197
4703 5651
82 389
7742 7952
7333 6951
5717 5402
7695 6823
2597 2829
7058 7583
76 639
5386 5518
3269 3832
9170 9895
9698 9699
944 1744
5177 4943
1821 1944
2224 2051
7106 7330
8617 8823
2185 1669
7354 6783
48 681
3299 2773
48 959
6322 5704
1630 1719
7672 8443
3543 2695
4945 4814
67 325
2431 3273
8060 8653
78 936
2298 1808
5103 4121
8928 9636
646 1506
8426 7677
8794 7807
4021 3977
8912 9571
7524 7493
1658 1608
8473 8738
8615 9212
4676 4598
9967 8998
31 227
5670 5479
10462 9606
6949 6919
7955 8394
5472 4678
65 371
3204 3553
6021 6462
6965 6326
6761 6580
2915 3347
7146 7491
2001 1075
3701 3583
10103 9304
8338 8751
2504 1667
2049 1181
9107 8586
7501 6516
4115 4554
5978 5037
4803 4023
64 763
7491 6981
6016 6538
5157 6076
7690 7692
1866 1651
2595 3340
4970 4057
8348 8703
48 390
5748 5784
7943 8569
9182 9190
57 780
76 709
9000 8454
2226 3122
1935 1819
4141 5121
26 55
5453 5966
9422 9927
10072 9127
3455 4003
3508 3645
5925 5867
5364 4599
1812 1868
2644 2520
6357 6222
6307 5855
7025 6136
4334 4641
4915 4756
63 579
8048 8635
888 1575
4221 4226
3512 2758
5183 5184
2026 2293
6945 6742
12 263
51 352
5228 5870
5800 6616
8845 8903
9473 9234
5205 5837
5262 6089
92 911
4530 5216
3376 3165
3959 4188
5982 6071
2530 2240
1513 2059
6367 5426
3424 3973
1340 1402
7927 8639
7968 8555
8116 8608
7630 7190
756 1696
8020 8155
1745 1634
3880 3853
5600 6492
8421 9402
4512 4279
4702 3837
10338 9913
2152 1617
3097 3521
3294 4168
2221 2139
2980 3757
6920 7534
5388 6001
6392 5551
8127 7540
8006 8803
4914 4651
3217 2404
5891 6882
581 1454
8357 7957
5465 6003
6203 5936
1845 2390
6792 6687
1267 2122
36 898
7824 7876
2537 3433
60 405
9626 9486
3824 4632
2621 2062
4903 4160
2950 3616
5391 5833
6804 7093
7524 7700
10151 9742
6096 6154
9226 8237
7994 7121
2493 2925
8770 8198
7503 8151
3027 3123
4462 5242
1747 1171
8235 7699
4574 3708
99 306
8617 7881
2945 2492
1545 2183
3173 2306
92 47
4696 4037
3972 3497
2414 2239
3416 3702
10253 9956
7863 8826
6632 5830
960 1319
6020 5315
3906 3118
7607 8541
4641 5186
9335 9556
9965 9048
4150 4497
4255 3782
2044 1050
2622 3265
3345 3981
2379 2722
2003 2953
9710 9707
7231 7831
2248 2067
59 179
3830 3638
100 831
4619 4258
4069 5060
1797 1182
6749 6619
15 982
1236 2189
3048 2185
2241 2819
9817 9136
6107 6359
3910 4522
4671 4374
3950 4933
3332 2525
6959 7550
7056 7641
1744 1089
4033 3843
8220 8350
9189 9580
4404 3817
4115 4866
5263 6035
7640 8484
5439 6415
2216 1720
1409 1194
7561 7396
1537 2444
68 388
3874 3295
5921 6243
21 149
5093 4291
8917 8505
78 850
8183 7796
1615 2144
3160 3527
7656 8360
3383 3758
8938 9931
15 715
9958 9316
2335 2919
8297 8077
4040 3710
6964 7744
5603 5658
7193 7901
84 330
2864 2027
5274 5595
1849 1889
3959 4836
4006 4346
5968 6175
6023 6932
3498 4317
2013 1617
2012 2828
7175 6381
9455 8589
5818 4973
4304 4135
2809 3609
7091 7617
6122 6840
7073 8056
8534 9095
8736 9250
8982 9568
8126 7350
2465 3098
5205 4960
8507 7967
4189 3594
5105 5639
6502 6318
7474 6820
1976 2162
5369 4486
1585 1410
83 107
2622 1708
6786 7605
48 833
10068 9421
84 375
87 633
9453 9333
10436 9482
32 246
2896 2733
8026 8027
999 1218
5153 5478
5420 5604
6918 6803
51 499
9999 9486
2584 3194
3014 3738
3457 4184
1946 2519
8727 8586
1657 1150
70 957
9353 8464
10573 9671
10 317
8750 8048
5624 5522
6860 7743
62 228
19 209
68 749
94 503
7893 7838
71 639
4504 5352
5096 4446
1764 1173
2089 2645
8802 8997
9822 9411
3842 3775
6274 6345
1052 1707
6505 6636
5278 5844
2043 2810
5990 5202
8743 8676
686 1403
7647 6852
3772 3754
29 867
2549 3103
7777 7248
2147 1886
7822 8256
3963 3679
8888 8380
92 267
4676 4998
3540 3766
3352 2557
8088 7837
7376 6786
43 610
4748 4601
8142 8090
6615 7419
3446 3857
3361 2592
4245 3984
8321 8928
7947 6973
8502 8511
9135 8320
9845 9008
1721 2307
2013 2781
5610 4888
9446 9803
10580 9615
1884 2746
5262 4947
1779 2580
2320 3140
9664 9104
80 482
3451 2958
819 1287
6429 6421
8654 8691
3906 3138
2543 1676
45 230
624 1027
5677 5105
7473 6657
9831 9722
7774 8240
5202 5252
7868 6885
88 625
4497 3788
5113 5743
7729 8169
6047 5227
8403 7690
6486 6287
8209 8131
7895 8081
7435 7145
8398 8287
6608 6173
391 1311
8322 8479
8188 7246
1964 1543
1901 2401
6672 6020
5515 5261
735 1656
10125 9147
8921 9340
4004 4134
5777 5813
855 1018
2471 3151
7211 6383
1748 1723
9640 9279
9040 9134
5466 5222
6130 5352
8948 8033
2027 1428
4001 3716
9353 9944
6568 6910
7833 7741
5094 4260
4190 4436
528 1363
8045 7383
4049 4350
9860 9884
7190 6505
8718 8443
5928 6284
3897 3380
5247 5688
8905 9085
10628 9794
4974 4354
7752 8536
3083 3608
7548 6851
10272 9617
8266 7841
5620 4831
8245 8039
3888 4777
3752 3235
3666 4319
6786 6401
3332 3795
5956 5972
7558 8541
9469 9510
2745 3422
71 165
8995 9291
6294 5456
5806 6396
5653 5603
8318 8653
5449 6271
10695 9768
8730 9038
2209 2092
5321 5558
47 394
2036 2454
6365 5813
10509 9524
1389 1693
8173 7608
8090 8296
8122 8056
92 87
3262 3215
9041 9443
10263 9430
5962 6580
71 544
7381 7353
8720 7878
6537 7465
79 949
2022 1930
7992 8878
2903 2772
9768 9934
19 120
9067 9724
92 329
82 535
8121 7510
2328 3304
23 394
9496 9304
97 613
8999 9662
4043 4334
2737 2869
3617 3494
607 1574
2604 2189
92 422
10 550
4060 4024
6187 6015
11 906
8917 9368
7808 8398
87 568
8149 8806
8826 9590
6141 5582
64 949
1568 2389
3050 4021
4597 4379
5922 5231
3909 4319
4518 5073
4036 4940
6751 7376
6874 6408
175 1026
6503 5583
78 176
10483 9983
8691 8870
432 1414
6957 6571
5797 4830
8219 8706
2642 1784
5953 6111
1756 1385
5541 6408
5375 4718
10076 9525
5129 5137
3830 3316
919 1370
9542 9105
1564 1821
3383 3522
2542 3296
6088 5934
8012 8241
3115 2906
514 1210
8907 9637
7619 6969
9003 8662
477 1302
29 830
6687 6019
7110 6138
2264 2915
65 686
2635 2940
2603 3065
5918 6016
1994 1924
2807 2887
4518 3558
9145 9389
4302 3903
12 22
4791 4386
2382 3293
4864 4507
6207 6997
9847 9641
4522 3624
6431 6307
2742 2511
21 47
545 1228
2280 3043
5072 4234
6318 5664
6851 6682
2334 2549
5738 5014
3467 4332
8772 9587
6725 7561
8043 7224
5352 6247
3140 2999
8824 9716
6874 5977
4847 4741
1688 1648
2683 2874
55 916
8933 9382
4937 5202
4471 4261
5510 4691
96 803
2341 2558
8992 9812
2906 3391
4257 4589
7952 8322
9025 9554
2822 3662
4144 3567
6826 7145
7176 6829
5357 5492
7135 6271
14 143
60 797
3867 4026
5190 6083
8932 7951
2731 1780
4949 5912
5938 5550
5497 5575
2406 3153
3510 2801
61 106
4984 4501
1257 1463
7764 6871
2041 2940
5004 5616
8083 8386
6979 7171
7455 8146
10040 9858
6308 7183
2675 2223
3339 4310
9385 9360
2488 3144
6886 6257
7238 7516
5610 5201
6449 6943
2384 1871
9677 9910
3635 4078
7908 7434
6514 7138
5090 4728
19 290
2801 3719
5801 5127
9455 9255
2068 1159
2652 3415
10021 9671
4654 4998
2899 2088
7407 7968
5725 5149
2697 2212
4456 4824
1886 2770
3039 3033
4820 5042
3007 2956
29 568
6838 6616
9364 9770
4839 4381
8260 8758
4441 4345
42 780
5778 6200
6126 6976
9247 9368
2090 1781
2308 2446
5885 5704
72 323
4502 3705
2914 3580
2510 2553
5426 4851
2694 2180
4570 3749
50 940
9389 9552
34 756
6709 7621
2769 2456
2797 2196
1494 2364
6812 6200
6853 7617
999 1853
76 77
5063 4550
7748 6830
8950 8551
5363 4390
10456 9569
4688 4582
7589 8090
2774 2275
4102 4776
4310 4922
8413 7680
5258 4998
3051 2778
8460 8063
10546 9686
80 537
9759 8865
6963 6177
8452 9001
79 509
5176 4280
10 688
4767 5744
7436 6906
3608 3299
3227 2445
7470 7494
9140 8805
1089 1708
7136 7570
1603 2013
7492 6846
4087 3401
5957 6351
55 1001
7931 7522
7711 7715
1567 2222
8223 7372
1763 2199
4969 5046
1901 1830
6617 5927
8357 8594
6754 7065
65 825
8403 9159
2560 2779
3144 3093
486 1342
7403 6996
4743 5039
3953 3989
3234 2781
44 221
6845 7095
7409 7527
5580 4597
43 731
8850 8597
7380 7442
8761 8037
1581 2416
1025 1827
75 352
2095 2399
4902 5428
42 19
70 758
5026 5199
5028 5997
3643 4577
9046 9485
84 973
1138 1373
1377 2231
6147 7008
5867 5776
5450 4848
35 105
7068 7696
8221 7348
653 1309
6160 6846
52 437
1519 1803
9589 9692
2085 1160
9506 9469
83 248
711 1439
92 895
6152 7049
4030 4506
8088 7924
2727 3116
2939 3033
8773 8592
57 940
7653 7098
8286 8458
45 404
1726 2173
8903 8934
5326 4664
6128 6561
6483 6101
5686 4734
2166 1774
9608 9288
4795 4803
4471 4610
39 320
3660 3678
5629 6191
23 330
27 275
5722 5236
49 423
1662 1211
7741 6847
1441 1148
8998 8453
52 625
3693 4684
6934 7225
8029 8567
1818 1658
5490 5953
10048 9642
24 260
5960 6942
7665 8594
3986 3464
3941 4000
6971 7344
5985 5266
1181 2017
5245 4516
4790 5011
2696 2646
2768 2571
5826 6191
5262 5533
4739 5172
91 147
4582 5183
98 601
5614 5621
6752 6735
60 862
7375 6951
30 769
7269 7953
2282 3076
5049 4347
6469 6146
4212 3882
5926 6279
9026 9448
6070 5617
3508 2679
9181 9099
8529 9140
3955 3715
8976 8537
6968 6937
79 324
9350 9683
4164 3241
4783 5764
4232 4168
3582 3496
6944 6814
9488 9380
3152 2705
10283 9490
38 816
9515 8683
6869 7855
10511 9823
70 196
7008 7112
3134 2466
8429 7621
7892 8435
8141 8187
988 1040
43 469
21 212
3993 4575
8769 8148
2090 2037
3889 3670
2456 1714
7103 6280
9212 8751
6280 5388
9464 9030
5266 6149
4349 4338
6862 7837
3990 3259
9082 8294
10058 9937
9097 8172
2356 2497
43 182
3668 2749
9623 9173
6543 6854
2583 2388
6522 6197
1682 2144
4813 3895
96 888
9898 9856
6185 5980
3705 4414
5468 5620
3618 3963
265 1262
44 181
6883 7708
2218 2843
2688 2339
6358 6482
5751 5823
4707 5695
8610 8109
4294 4944
7208 7218
8254 7563
55 656
5093 5166
66 774
3877 3236
7177 7260
9892 9941
9347 8469
3108 3537
3105 4101
7178 6737
5809 4948
3264 3586
4512 4669
6862 7539
4532 5368
6735 7105
6658 5715
6054 5795
2717 2890
6933 7421
4606 4960
5341 5574
3306 4065
7998 8129
71 112
10473 9687
34 707
5549 4894
3457 3271
7513 7465
2437 3371
6622 7185
8843 9213
2667 2979
4275 3608
9172 8834
9027 9508
5307 5247
4123 3525
3389 2726
4211 3702
9098 9195
3299 3742
4199 3687
6289 6907
53 37
9051 9466
828 1395
9868 9756
999 1739
4061 4594
8227 8480
3068 2138
3188 4169
79 36
2472 3466
4206 5108
1371 1095
5691 5284
5446 6055
2937 2194
9407 8717
8978 8076
51 594
7952 8323
2128 2757
3561 4152
8027 7149
9243 9337
2267 2024
7186 7159
6327 5703
3332 3625
10440 9924
3527 3117
58 902
8298 8293
3623 4026
9647 9803
4645 5148
132 1110
4026 3326
3771 4373
2092 1184
3297 3195
7915 7972
6487 6550
8783 8557
6787 5916
9499 9810
8097 8970
7431 7400
8507 7582
3510 2658
3007 2049
1692 1240
2471 1886
3995 4376
66 1031
3239 3324
7950 8828
5620 5938
4058 4593
7560 6684
9344 8941
9110 9887
5165 4403
7486 7247
4959 4929
4225 4416
4545 4093
3517 3565
2950 2660
87 586
1254 1139
39 932
4681 4667
2602 2405
8266 9113
10092 9596
6772 6536
8790 9418
2450 2594
40 772
4042 4947
1918 2142
3976 4060
8993 9550
4937 5362
18 368
5268 5842
1635 2106
1978 1047
10230 9662
7412 6673
56 779
6915 7440
6099 5236
4836 5611
6066 6414
7160 7698
714 1704
56 933
6816 7455
2765 2192
9212 9727
7213 7764
7240 6444
8325 7615
3767 3002
6784 7197
5152 4441
6738 6573
1669 2395
10114 9661
73 778
47 168
9827 9858
6386 7282
4112 4793
5243 6011
3029 2786
9684 9021
14 200
8545 7615
9251 9565
7058 7900
2728 2689
6266 6908
5217 6185
7882 7129
5026 4515
7358 6704
2893 1897
6580 7285
3280 2345
5171 5029
2359 2956
20 618
81 29
6499 6843
2252 1984
1273 1454
2117 1706
4623 4663
498 1126
4907 4144
4421 3682
4584 5557
7648 7758
8036 7865
8552 7595
9068 8513
2587 1845
3436 2484
2119 1263
3385 2549
8019 7634
6882 6554
719 1172
3347 2632
6741 6410
7923 8570
7412 7947
63 401
9036 8619
649 1074
9801 9599
4277 3885
6214 6646
4800 5307
9336 8955
3165 2770
7275 6890
4773 4782
5262 4713
1790 1899
7765 8331
8035 7325
7864 8299
2734 2282
6781 6884
7605 7393
8674 8210
3936 3969
9682 9563
70 369
79 411
75 276
2414 3066
4916 4028
2506 3075
1477 1370
16 994
8740 9472
2919 3091
4235 3834
3544 3771
2916 3664
5487 5348
8126 8362
6581 6739
8932 9575
6082 6876
9663 8977
53 498
4808 5175
9196 8739
7687 7338
8134 7364
8983 8331
68 902
2898 2716
4458 4904
4750 5330
7916 7992
9148 9856
8293 8789
8277 7509
9968 9657
2965 3439
1654 2219
8909 7936
3074 2330
9743 9391
3046 3310
1631 1992
65 59
4487 4589
7285 8065
4880 4977
1213 1571
1621 2359
69 837
2624 1677
6881 6408
799 1607
8063 7328
5894 6890
3771 3983
3622 4254
5777 5911
5626 5078
6850 7769
6784 7322
4802 4554
5754 5881
4013 4546
86 182
7993 8583
9385 9408
6653 6382
48 254
4346 3603
4333 4406
10204 9408
5905 5145
78 327
5675 5120
12 364
6580 7380
9813 9391
1200 2067
3912 3373
8132 7658
7200 6787
7476 7754
7514 7361
2611 2164
4247 3330
25 628
4580 4328
979 1302
7450 8034
6534 7222
17 205
9196 9442
2269 1672
88 243
870 1555
46 962
2448 2016
9828 9000
4244 4006
7910 8692
6319 5366
95 826
8045 8815
10520 9819
8748 9400
2103 2634
22 333
4775 5620
4502 4408
4373 3584
3001 2969
961 1167
2403 3010
1627 1077
9102 8440
8612 9108
4359 3591
2238 1457
4866 5496
3389 2602
4665 4424
7227 6951
7702 8673
2367 2986
8796 9245
9645 9746
5415 5324
60 570
63 117
3006 3967
24 811
2226 2760
3090 3762
8286 8848
4332 5330
5323 5399
4592 3869
6168 6864
4133 3422
10562 9671
25 371
8411 7843
5135 4183
15 374
11 62
4868 3874
7656 7602
5737 5189
2740 3593
2867 3277
8836 8620
94 194
1733 1495
5492 5187
9684 9078
4806 4385
74 247
5328 6018
3846 4504
5989 5507
1849 2280
9145 8437
8045 8863
3875 4043
3523 4298
6249 5777
7436 7765
8987 8776
4724 3920
8153 8736
57 828
5637 4977
6776 6280
8351 8737
35 536
42 658
1958 2587
9180 8335
5106 5163
4411 4931
6736 7137
8504 7535
27 286
8773 8446
6112 6549
4713 5121
1810 1488
8794 9128
1846 1720
2055 2221
4194 4071
5337 5994
2849 2132
2192 2863
8136 7780
5098 5121
33 55
6691 7256
7249 7584
1752 1850
8926 9213
3798 3398
4660 4370
4276 4454
5564 5290
2710 2611
6372 6598
2269 1891
4520 5320
3211 4006
981 1655
1312 1365
6708 7074
9610 8718
7016 7389
2221 2222
9075 9097
2584 3564
10913 9938
8044 8793
15 133
1731 2664
6555 6080
3413 4243
3174 3935
5652 5844
4889 4733
3169 2614
33 255
6943 7163
1629 1644
59 516
9468 8576
10130 9460
1029 1604
10279 9659
8312 8171
37 245
2247 2772
9900 9912
81 1009
4918 5897
3710 2815
4077 3460
6361 7150
1249 1448
2458 2528
6229 6491
3269 2642
4898 5832
3932 3205
5243 4476
10294 9377
5271 5966
5483 5717
8728 8819
9499 8946
10329 9333
81 852
7167 7846
4828 4041
6399 7290
2269 2039
6596 7277
9211 8590
67 230
3976 4426
2356 1829
6438 6750
8048 8476
10020 9144
5672 5196
6612 6858
3151 3998
8640 9063
850 1323
4966 4393
5664 5445
8184 8735
2230 1561
6075 6649
1282 1248
8793 8955
9247 8313
4975 4317
9404 8454
7099 7319
96 504
6893 7299
946 1261
8586 7660
5358 5127
3638 3478
4010 3725
3830 4404
9364 9704
3805 4471
4524 4275
88 795
3213 3429
6197 5663
89 535
47 273
4488 3576
7616 8090
3542 3033
6125 6716
3302 3221
3881 3194
7361 8171
7225 6624
1618 1961
2040 1935
8823 9724
5466 5238
5263 4356
7998 7307
91 892
2039 2908
22 369
6479 6954
5393 5496
7585 8252
6226 5860
7793 7660
8655 8990
3293 2962
2812 2111
7557 7585
2052 1278
7662 8270
8164 7518
50 186
3275 2415
1540 2131
3378 2668
7790 6946
8567 7686
2998 2124
68 183
6847 6890
10270 9292
10701 9852
5145 4866
1572 1746
9269 9577
3385 3680
3732 3413
2389 2269
983 1957
8824 9431
5918 5333
2102 2835
7532 7324
6914 6173
3686 3650
8742 9144
3713 3508
1016 1913
6411 7280
6613 7418
1933 2155
10216 9331
3546 3998
1968 2013
1845 2477
10325 9891
9044 8045
7398 7185
5685 6214
4951 5137
6838 7066
2908 1996
4239 4404
4851 3869
1762 1688
7433 6809
2112 1731
8520 9518
7682 7101
8101 8242
7646 6885
5575 5364
2095 2993
3402 3518
3029 3847
2326 1431
86 860
4220 3963
9802 9761
5377 4876
4086 3959
6627 5770
3306 4266
7418 6966
9283 9924
7063 7080
7132 7168
8357 8821
6309 7133
1543 1159
519 1050
92 769
10009 9384
4735 4955
9427 8793
87 430
7241 6329
6592 6074
1162 1518
10421 9458
8706 8727
3792 3688
10286 9467
4582 5365
10449 9617
3082 2633
73 104
3866 3451
5732 6313
83 810
9651 9888
9006 8544
8440 8776
7084 7043
9387 9356
7248 6687
5717 5124
25 724
4006 3141
5623 4828
3567 3788
1797 2351
2483 2769
7080 7463
2868 2499
4305 4591
4536 4536
1419 1276
30 139
5244 5623
7103 6301
2964 2338
5821 5524
3181 4035
2349 1960
2313 2894
7727 8395
8813 9783
2365 2594
5843 6264
6958 6355
2658 3290
5184 4369
255 1160
8633 7710
1104 1270
9032 9432
3238 3552
4024 4690
6493 6715
912 1887
8995 8883
5244 4338
9160 9125
3874 3628
7858 7836
6603 7542
95 258
6960 5967
1913 1682
8810 8031
6161 5558
821 1099
7542 7920
40 922
83 494
52 167
100 510
2962 1972
5496 4859
2966 3866
9298 9629
6260 5554
2298 3053
8495 7668
34 420
6091 6851
5070 6059
1493 1090
9842 9134
7310 6659
5293 5726
3684 3708
1980 1226
8876 8299
66 461
561 1495
4137 4473
3634 2823
2371 2370
10315 9407
3984 3790
4735 5206
9212 8584
4285 4011
3600 4416
4651 3837
7866 8841
3331 3492
10160 9193
3195 2582
94 1040
8559 7795
5487 5984
6316 5333
6729 6848
3993 3684
6400 7134
8610 8869
1128 1235
5520 6350
9343 9314
7603 6862
51 94
6534 6039
4026 4428
8377 7390
2838 2008
7373 7895
6177 6698
2940 2697
1975 2826
8092 7462
2229 2240
4367 5051
4312 5126
4248 3869
6970 7554
5847 5697
4968 5574
6016 6470
55 187
1953 2496
6913 6429
57 822
10336 9552
2414 1562
3455 3247
5792 5841
2040 2534
15 932
8981 9537
57 160
3160 3708
7241 7377
4989 4828
7213 8178
8265 8545
4372 4825
7003 7985
4817 4207
6079 5287
4917 5605
8365 8860
8484 8877
5831 5906
6968 6122
7682 8492
2990 2715
7383 7764
9455 8541
1604 1430
4439 4222
2350 3207
3086 3754
7063 6540
3899 4895
2451 2871
6105 6742
2751 3284
2353 1406
1663 2439
7804 7601
6627 5826
5635 5937
6963 6592
8636 8195
2014 2136
6439 5995
6644 6412
7255 8050
4094 3428
7315 8222
5179 5810
6305 5758
9591 9421
7669 8652
2040 2951
3376 2909
40 142
6902 7105
7327 7581
9094 8682
698 1170
8964 9448
6097 5877
7773 8135
96 595
1731 1768
2733 2393
2989 3289
6526 6568
23 258
1223 1809
9017 9631
7124 7677
2303 2870
10332 9546
4884 4643
4217 5132
3791 4598
99 393
3867 2985
3421 4199
150 1089
9452 9676
5629 5812
1995 1661
8275 8840
4976 4931
7497 8050
4121 4265
2613 2682
2666 3174
6865 6542
8012 8330
18 381
4799 4048
5025 5982
5668 6139
3929 3711
5003 4332
9541 8608
8168 9145
6637 7549
3603 2655
2644 3530
2482 2285
3777 2878
1700 2055
7187 6611
1864 2051
7671 8453
8792 9102
9827 9268
9621 8664
4940 5056
1627 1678
2857 3341
8779 8909
429 1199
3564 2952
88 514
3473 2696
6463 6343
5276 5071
7300 6869
7205 7429
9736 9127
5073 5368
2574 2578
4946 5723
3317 3997
5833 6574
4557 5013
78 579
1831 1493
7957 7369
2782 2204
1690 2023
3885 3366
4415 3435
3896 4434
4821 5631
4646 3903
80 27
46 759
9753 9779
6853 6224
83 894
3603 2999
1422 1159
8446 8223
2384 2404
4523 5294
9827 9847
4437 4688
4579 5329
8702 9482
2094 2589
8515 8103
7464 7377
2191 1867
9917 9587
2380 2001
7310 8045
4901 4410
70 464
2068 2502
69 117
7052 7794
5039 5838
8427 8770
1569 1388
2922 2647
9491 9141
4042 3718
5092 5053
7302 6319
5555 5919
6164 6072
1467 2107
4379 3946
3731 3998
9086 8311
7214 6336
1968 1961
7855 8569
4411 4233
809 1022
4783 4977
4910 4473
8170 7499
84 112
9407 9418
4495 4040
4977 4423
9275 9472
21 898
3200 3979
5589 5343
9964 9125
8001 8382
7340 8020
6691 7495
8581 8905
7441 7600
3478 3647
5182 4323
8307 7628
4535 5166
6932 6279
4366 3867
7264 7682
5222 4227
8960 8556
3460 4098
9178 8531
98 115
6402 6264
1636 1724
4934 4188
2799 3549
6088 6151
5668 6359
692 1067
4710 5211
1464 1700
7405 6543
7689 7336
2596 1999
8297 7805
3893 4755
5794 5480
6556 6046
10027 9192
5422 6401
7712 8075
72 96
300 1255
9897 9769
7007 7281
8631 8482
740 1313
6981 6589
6176 6674
3615 4363
3027 3676
8109 8158
89 39
1656 1798
9516 9972
6260 6348
7835 8367
9726 9954
8837 9689
3427 3310
2486 2957
8190 8631
7857 8327
6341 6084
3502 2847
6037 6494
9374 9962
3390 3587
3973 4950
8638 8239
8897 8038
4031 4610
4135 3248
7913 8018
2982 2527
5709 4726
4510 3839
29 12
2664 2165
800 1636
8221 7685
4296 4604
6195 7074
4276 4189
6836 7141
852 1832
2055 2287
7144 8088
1994 1595
1118 1627
7288 6934
6197 6077
1592 2171
5164 5846
9493 9086
2463 2526
1156 1390
6589 7075
4408 3648
533 1263
7513 7000
3762 4221
6281 7091
9681 8802
3940 4641
3697 3562
4333 4543
6267 6761
4256 4958
33 803
4951 5347
4225 3371
63 779
4288 4039
6862 6156
3002 3119
2658 1774
2681 3066
6912 6117
7281 7416
6621 6471
1927 2090
4512 4344
5565 4892
2644 2016
767 1466
9267 9784
1652 2462
2634 2350
4912 3939
5517 4702
8011 8577
6663 7577
6166 6901
1967 2894
8205 8951
3304 2749
7842 7285
2925 3142
6830 7170
3779 4606
10134 9697
3764 4642
5709 5339
10464 9744
2192 2765
4459 3706
6957 6757
13 25
1748 1584
5007 5016
2171 1276
1812 2677
2410 1889
7423 7249
3984 4380
5478 6354
5137 6136
5569 5501
7127 6184
8556 9405
2026 1422
6928 6006
649 1597
8280 8645
5640 6142
8660 8768
3217 4093
5358 5929
6936 7862
7720 8005
7206 6354
5001 5709
10396 9451
1475 2026
10893 9982
8370 8110
1077 1705
7106 7475
6990 7693
1224 1450
9195 8770
9437 9173
2952 3030
59 439
8038 7754
8729 8202
7182 6264
8118 8271
2758 2982
4638 4332
4974 5319
2308 3156
7836 7782
6451 7448
3587 3972
3840 4322
1642 1325
9149 9948
8279 8548
5034 5448
10148 9485
3075 2121
10226 9619
8787 8651
35 410
3109 3480
2466 3257
8694 9627
1752 1387
4049 3227
8963 8637
4791 4786
4891 4692
6418 6471
7064 6692
1346 1577
36 733
37 402
6125 5216
4984 4532
3351 3301
83 74
8085 8137
8928 8900
2309 3230
1808 2162
8566 9539
9317 9957
14 668
1499 2283
4478 4085
3529 4249
9772 9587
5069 5522
6335 6543
5544 5154
913 1046
7452 6994
5748 6088
2065 2588
5170 4389
53 781
3510 2969
6601 7493
4031 4296
6660 6257
8093 7968
7448 7316
5270 5913
1469 1604
1879 1304
9749 9953
5596 5012
10012 9504
6729 6144
7833 8027
8252 8643
7935 7782
8680 8888
6327 6927
1005 1321
4687 4459
37 528
7539 6716
3205 3671
2616 2480
7643 7946
4632 5084
76 420
8888 8259
5732 6706
3928 4427
10056 9877
805 1383
4887 5801
5785 5672
6904 6322
6969 7078
9385 9137
4249 3399
3927 4690
8282 9192
6855 5915
3452 2534
17 897
5785 5760
6008 6448
3483 3006
9029 8041
7590 7196
5371 4699
72 883
8678 7829
6583 6538
10629 9787
5104 4224
3336 2699
5154 5711
4759 4761
5589 4673
3386 3803
45 399
9072 8746
96 858
7597 8546
58 636
1808 1084
7951 8044
6905 6829
87 535
3762 4557
6835 6616
3915 3781
2411 3293
8026 7132
53 69
5004 5033
3257 3663
9052 8611
7042 7124
1924 2749
3235 3959
3178 3920
1881 2562
5723 5592
2994 2872
52 542
98 512
2510 2518
3980 3281
8600 8703
4084 3856
5691 6342
2182 3146
90 512
8399 9246
2903 3257
9006 8992
892 1102
6045 5727
8694 8327
6679 6384
1848 2613
8313 8033
8506 7719
7015 7074
7487 6806
1317 1995
1836 1608
2721 2542
8649 9140
1956 2360
2570 1853
3797 3752
2262 1973
4637 4428
6292 6715
8360 9294
5169 5499
5782 4805
8411 7569
6177 5359
5810 5403
8744 9203
3299 3312
6927 6609
8510 8403
6310 6331
9514 9264
10144 9834
1212 1741
2779 2118
4622 4266
4238 4033
5886 5750
9802 9833
1886 2106
6231 6738
5514 4542
1675 1449
1742 1212
6860 6044
6825 6426
4608 4925
10557 9609
4992 4459
7758 8243
3442 3823
2267 2536
5700 5528
3817 3579
6042 5552
7368 7549
60 88
7371 6431
5000 5514
99 457
98 732
8457 9262
7810 7141
3955 4014
988 1422
2987 3617
1017 1236
1728 1232
9185 8648
9848 9647
50 292
10084 9307
2531 1568
3263 2888
12 171
7024 8004
6558 6571
3444 4173
655 1150
78 160
7310 6921
4919 4220
21 761
4867 4823
3370 4106
2527 2198
8477 7961
7144 7076
2370 3117
7425 7311
9428 9815
6563 7107
7429 8359
86 130
3581 2907
57 284
15 869
7174 6700
4675 4079
8539 7910
7570 6940
1552 2407
8811 9375
9306 8527
24 980
5927 6751
10039 9980
7692 7632
3543 4529
90 642
9511 9576
5794 5436
6001 5011
6296 6455
5526 4735
42 380
52 380
12 668
8833 9282
6911 6972
6279 6440
4860 5202
7486 6929
3273 3128
7807 7087
8073 8391
6341 5510
8400 8276
45 83
4987 5454
8417 8632
10336 9712
8258 7982
9264 9451
10198 9430
7112 8002
4543 3565
7906 7789
9077 8422
3034 2758
8230 7420
2498 2529
3448 3991
7794 7398
9009 8164
7326 8173
7555 7111
6682 7020
3905 4316
6127 5892
3759 2943
5398 5589
7264 6805
6095 5979
3251 2665
8647 7797
11 341
8459 8150
1761 1261
5492 5489
52 890
5118 4309
6786 7356
657 1491
4493 3587
4942 5749
6657 6724
4891 5066
2218 2888
4441 4661
17 399
6785 6465
7284 6878
4628 4261
9343 8568
5122 4834
10152 9363
2099 1299
9082 8912
10217 9975
6308 6254
5530 6438
88 943
2002 1078
3758 4626
8411 8050
8056 8820
10734 9952
9175 9617
3868 3734
2213 2083
3274 2693
8625 8301
7705 6883
2978 2861
2889 2347
6182 5990
5054 4962
35 1007
3187 4144
2926 2430
5921 5858
467 1267
8534 8308
7779 8618
7566 6702
4555 3911
8557 8249
1093 1374
6157 5543
10053 9482
6477 6634
7840 8823
4035 4491
2006 1405
9676 9528
61 333
2495 2664
3234 2934
5952 5605
4110 3703
1978 2622
8945 9687
1074 1305
6524 5679
6805 7577
62 188
5499 5571
3702 3006
9082 9661
8321 8365
10491 9642
8666 7909
1964 1244
2024 1636
9020 8022
9702 8718
8114 8850
6561 5757
7989 7919
8234 8146
8832 8248
10309 9393
5210 5240
511 1386
5037 4655
7429 7652
3257 3111
9168 9877
9199 9992
7393 7268
4996 4129
6484 7142
6739 5754
1481 1547
7722 8645
7030 7756
1535 1708
2078 1268
4252 4780
2612 2338
5516 5259
97 474
5683 6501
4729 5412
8742 7742
1813 2313
1278 1953
3685 4097
7068 7839
8284 8324
3230 2776
9317 9782
8105 8123
5282 5587
5887 5651
4815 5583
2049 2219
9895 9896
3965 2996
4545 4177
5749 4919
7479 7985
8357 8428
63 767
475 1325
3104 2673
373 1219
4571 5245
9305 8693
4474 4967
36 878
5227 5746
6106 6344
9123 9660
4839 5672
2376 1953
6763 6565
4941 5044
9439 9283
5269 5795
30 73
7249 6651
10286 9880
8310 8837
3854 4114
9217 9147
2859 3362
2286 2545
7777 8437
7924 8736
5104 6039
5535 5201
5843 6415
5627 5751
8165 7504
4890 5559
50 309
2833 3675
7082 6250
9502 8708
5480 4681
4452 4537
9130 9459
5881 4967
9211 9729
5030 4497
4546 4955
8312 8678
10261 9997
1737 2179
3746 4640
4153 4935
4338 3523
66 440
4782 4164
8476 9151
6897 7739
2027 1917
2675 2025
7525 7285
5443 4754
3911 3980
3527 3883
72 882
83 310
5585 5008
8538 9313
1170 2121
3336 2440
1256 2042
9880 8964
51 51
6450 6109
6694 7070
6683 5699
4550 5550
3621 3692
565 1118
5083 5466
6174 6699
7248 6919
8191 7917
1399 1931
5074 4480
6707 7298
2714 2114
5214 4418
2327 2623
3751 4561
4031 3146
1871 2595
7774 8073
66 1005
1085 1190
7203 6990
5623 6419
4334 4190
2822 3073
9795 9829
5564 4963
24 966
6790 6270
6689 6828
1140 2134
49 94
7676 6719
53 579
6805 7081
4711 4187
3020 3697
3961 4617
2344 1999
25 368
91 412
3847 4161
10458 9981
2905 2481
84 622
1457 1843
2128 2697
2760 2894
7625 6656
6725 7335
71 412
6132 6101
6590 7068
4467 5359
3514 2655
5395 4556
950 1681
4284 4511
7341 6832
7232 7379
365 1127
9541 8743
4239 3618
9190 9824
28 359
8673 8726
1403 1673
1746 1510
9641 8969
7118 7648
8671 9098
8431 8819
3808 3703
47 838
73 773
5923 5599
8125 7494
10341 9894
3931 4275
10 645
6667 6909
6871 6172
4062 3349
8055 7501
3262 3826
6510 5761
6098 6183
2240 3199
2712 2445
81 650
8664 8381
2447 2894
6973 7912
9569 8748
8340 9204
2326 2366
6857 6746
8166 8671
5586 5915
7940 8359
10083 9449
7575 7015
9233 9308
36 952
939 1824
5442 4781
3009 2532
277 1212
8111 7597
100 808
4564 5512
2929 2043
6643 6051
6746 7744
5973 5420
7690 8545
1894 2397
3511 3388
2016 1704
5678 5565
3091 3356
7563 7193
65 619
7652 7116
2708 2354
2782 2847
9347 8391
6116 5166
8883 9652
69 894
1822 2189
1224 1988
1976 1949
2431 2224
4197 4671
6543 7427
7605 8535
9174 9535
2749 3702
7801 7313
6507 7018
3920 4148
8216 7719
1586 1341
811 1808
10000 9957
5361 4711
8285 8355
91 933
4608 4990
36 245
8874 8498
3759 3033
2491 1523
9085 9378
3451 3429
10599 9812
2201 2910
7438 8157
5323 5625
7326 6846
1705 1565
4705 4482
10145 9729
9133 8340
5080 5220
3895 3259
2250 2797
10022 9257
2057 1431
5289 4880
86 531
50 526
4955 4381
8616 8159
8222 8853
2852 2788
6533 7351
5720 4733
2825 2134
2434 2137
3949 3151
6405 7329
2606 2064
10753 9919
99 792
42 370
7660 8605
6440 7411
2187 2387
8800 9536
5686 5825
10576 9656
1819 1407
2929 3370
9505 8981
4529 5230
4284 3978
8310 9174
6130 6566
8523 9075
4862 5051
8331 8475
10370 9892
3961 3159
5865 6811
5580 5116
5225 5041
4899 4509
5060 4929
7224 7252
6526 6659
4811 5248
6348 6684
3185 2639
9392 8450
1183 1466
6427 7049
3347 4312
6121 6011
6692 7347
6537 7097
5654 5059
8647 8644
8407 8219
9681 9919
72 112
4853 5119
7747 7787
3794 4455
7767 8019
89 647
6308 6946
1310 1667
7344 8133
8528 9413
7746 8707
7508 6803
3904 3447
24 286
2011 1131
10 857
8149 8742
6421 7320
7012 7714
3981 4552
1574 2099
5933 6567
42 941
87 401
5040 4745
7001 6874
5022 4070
4315 4767
6778 7446
1681 1843
3473 3066
2006 1814
7158 7013
3061 2691
1489 1973
7452 6756
8526 8816
8036 8351
5950 5094
8586 7675
5322 4359
3679 4095
4066 4338
4228 4838
16 66
14 294
3876 4368
5572 6533
8291 8785
34 929
90 984
4770 4058
10274 9359
6612 7451
3560 4332
93 262
4365 4969
9198 8258
66 964
1232 1544
7558 8149
4258 4661
4431 3820
5205 4786
4189 4754
9656 9204
1006 1812
1438 1719
2292 1633
4317 3938
9231 9997
1293 2079
9892 9940
7445 7645
971 1064
6276 7202
9049 8069
7454 7456
4861 4461
6047 6382
9151 8338
70 676
7574 8171
9261 8659
7611 8355
5332 4950
5289 5882
88 466
5820 5366
10072 9190
63 389
6658 5925
4416 4183
3495 2647
3154 2327
5884 4947
7875 8073
8569 8717
5376 5232
59 879
3717 3348
6756 7151
6800 6065
4008 3746
860 1201
8491 9095
5872 6107
4834 4008
6042 6598
4608 4275
9692 8966
2243 2193
7279 6874
2631 2964
7645 7227
80 82
10373 9846
6567 5605
2742 3026
2984 2630
7731 8096
7067 7862
4134 3167
6315 6212
8000 8675
54 997
9586 9011
1976 1390
7777 7143
5060 4422
65 164
964 1706
4567 5048
5112 5286
6542 6088
1009 1214
7101 7287
3703 3332
7190 7565
7416 7621
10315 9339
4438 3745
7695 7737
6618 5685
7754 7326
5804 6762
1008 1585
6234 6157
4717 5592
2402 3110
17 338
34 519
7659 7767
1561 2273
5981 5579
6086 6799
1191 1803
5845 6000
5290 5269
7562 7715
5510 6085
7904 8279
8254 7731
6756 6428
6302 5871
2619 2493
6933 5974
8508 8543
9482 8982
8418 7508
5822 5841
10625 9916
3401 2403
7134 8009
6041 5988
5995 5187
8564 9112
4780 3964
3860 4028
3121 3645
6170 5313
3843 4783
8794 8597
2691 3649
10210 9794
732 1141
6661 6773
6917 6689
7061 6472
7780 7611
2451 1913
1837 1374
5952 5267
6040 6950
7244 6555
2776 2109
7174 6397
1714 2653
9766 9754
9927 9077
682 1242
3867 3546
7296 6418
3154 3871
7470 7351
6708 7352
8771 8349
82 199
10697 9721
8120 7436
7976 7529
2927 3617
1732 2667
3297 4204
8801 8491
8899 9372
32 93
799 1750
10107 9620
6413 6033
5321 5960
4388 3493
6071 5506
4827 4042
98 87
7732 6855
5163 6133
5696 5131
3762 3061
7756 8633
2278 3148
11 240
6149 6580
8112 8989
7431 7433
3945 4680
9142 9983
9242 9318
9295 8610
5622 6554
1681 1083
7111 8049
36 394
7707 7579
33 733
3234 4175
10075 9446
3752 4043
5641 5377
7918 7240
5460 6319
3412 2582
3909 3347
2232 2305
1330 1061
2987 2143
1512 1362
10064 9963
6756 7320
11 770
3460 2875
6833 6425
7805 7593
5516 5539
8144 8060
4093 4998
87 456
4775 5388
7098 7122
3334 3075
2033 1522
5536 5964
8047 8064
7826 8680
6586 5834
8425 9276
2402 1954
3933 3476
3119 4084
4392 4690
4197 4113
4786 4752
2433 2805
78 237
36 754
5388 4943
3080 3709
943 1030
6459 7428
8304 9194
5665 5417
5412 5153
3383 3581
6722 7648
2460 1828
2030 2910
6567 6134
5719 5904
4872 4969
4243 3333
5185 4604
4817 5528
10163 9682
2253 1834
8396 7818
7362 7795
9648 8741
47 207
6503 6514
3781 3367
1139 1414
3118 3815
4943 5582
9928 9296
5683 5630
7064 7942
1797 1217
45 494
5068 5505
16 264
4367 4755
9241 9097
3125 2197
9155 9050
911 1317
1765 1085
1811 2058
1229 1593
2570 2327
7411 7660
31 517
1494 2013
7316 6882
2653 1846
8134 7710
6603 6854
6280 6744
10471 9865
2098 1100
77 137
7192 7027
8738 8893
7868 7102
10735 9812
7364 7169
9776 9921
2633 3364
4516 5262
1312 2106
9567 8985
1208 1065
2761 3068
1523 2088
9913 9116
6961 7060
6805 7214
9535 9827
9363 9572
27 722
2405 2334
4405 3716
10259 9733
2557 1917
1254 1380
267 1227
2885 3778
7839 8282
2072 2887
9056 8739
8445 8239
3374 4214
5167 4464
3007 2927
1730 1556
27 286
2837 3663
9834 9108
70 322
6858 7796
5815 6200
10232 9756
94 625
4959 4600
4394 4935
41 430
2418 1690
1323 1572
9390 9024
3901 4245
3776 4709
5864 6644
4946 4609
2277 2730
2866 3283
8404 8311
4467 3560
3230 4075
888 1179
5985 5073
2996 2495
6028 6952
741 1063
9727 8761
4695 5497
4401 4975
8069 8202
46 994
8481 8332
1967 2518
1702 1738
2300 1847
7161 7774
3846 2990
2520 3380
5982 5042
22 126
6369 6889
2951 3334
9264 9336
4124 4523
3844 3346
4156 3652
5329 5937
30 459
9184 9628
5773 5587
5633 6257
8040 7863
87 752
4717 4068
4424 3512
6459 7376
67 855
3561 3385
8123 7630
4146 3514
8683 9516
74 283
8768 8932
6164 5212
6894 7890
80 777
3283 3698
4139 3165
5167 5096
6231 6546
9724 8904
5322 5216
5278 5158
1210 2133
7492 6773
729 1581
7132 6140
3926 3039
3991 4693
7943 7475
6731 7490
6171 5586
1265 1829
5059 4905
6699 6825
95 189
6696 7064
3378 2629
841 1765
6113 6664
7550 7228
7717 7086
3746 3408
3706 3505
2897 3628
67 39
16 42
8884 8618
9750 9950
3811 4725
2869 3006
8127 8531
8255 8091
2921 2636
8778 9232
57 724
8810 8417
9234 9304
7453 7754
5433 4504
1878 2210
3209 3432
1076 1036
4694 4143
11 260
9036 8393
25 628
6064 5679
7918 7683
8240 9171
10690 9959
2538 3456
2061 2228
10129 9420
1893 1737
25 930
4337 3972
1416 1350
2423 3407
9026 8037
6476 7067
5797 5117
1486 1680
7356 6524
4182 3489
8473 8586
2019 2486
8385 8425
3443 3153
2196 1926
3926 3521
5567 4691
2161 2696
8359 7664
59 785
5319 6132
4347 4066
31 95
4638 4911
2977 2136
5529 5817
3031 3658
1247 1602
99 539
9270 9209
8726 9563
9707 9101
8075 8129
4962 5898
2433 2091
3447 2743
5514 4877
9516 8922
16 181
1964 2771
2748 1834
4512 5132
7171 6990
4520 4511
1519 1383
92 226
6952 7776
8436 7713
3146 3011
8173 8037
5419 4701
3204 3554
7236 6818
5641 5696
9583 9945
3860 3117
2200 2324
4420 4049
18 275
5508 5996
43 633
2776 2388
9317 9026
2666 2293
4466 3719
6596 6029
27 821
4671 4987
1997 2689
4230 3596
9194 9681
2899 3761
4836 4873
10489 9724
3902 4054
3497 2715
6238 6264
38 439
5693 4993
6314 6089
7835 8364
8408 8222
10096 9235
4410 4953
9065 8173
2115 1920
9531 9756
3173 2864
1847 1654
4088 3524
5349 4746
5735 5464
95 192
9023 8977
29 326
9791 9279
3570 3152
3175 2508
999 1146
5014 4776
18 133
5607 5665
8990 9628
31 135
53 540
9045 8995
1546 2418
7813 7115
2755 3316
7315 6473
8795 8399
4614 4951
1686 2544
2467 2322
4899 5415
4535 5008
8053 8390
4903 5054
6975 6118
6707 6765
9485 8844
8880 8130
2763 3738
3815 4333
8030 8279
7917 7128
10702 9715
3174 2516
5233 4937
87 129
4499 5042
2732 3459
8193 7215
8014 8693
7002 7138
6604 6611
1488 2224
38 639
6078 5184
1233 1720
7658 7268
4645 5524
9596 8790
4364 4253
6343 5832
8597 9594
9805 9638
56 959
3611 3569
9010 8681
2988 3722
86 837
8857 8600
3109 2429
3338 2964
2301 2371
1836 2298
7734 6804
2892 2589
7521 8244
5038 4041
4956 4471
10142 9270
5422 5348
5049 5001
3915 3530
5777 6325
1881 2698
3401 4389
8455 8867
5626 5098
1918 1700
7746 7661
5364 4836
86 659
5780 5151
60 565
2649 2164
303 1062
7036 7154
2144 2095
9169 9723
54 842
2361 3296
2878 2027
8471 9343
7681 8359
5511 6079
853 1405
5356 4494
6289 5568
6601 6171
8155 7307
1322 1303
3512 3666
6168 6927
2834 2487
10477 9806
2593 3272
7337 7231
6790 7283
2692 2427
9272 9348
1662 1451
7218 7816
1381 1104
6061 6757
8674 8982
2323 3246
5247 4356
3952 3521
2738 2160
9027 8575
1661 2634
3768 3962
44 133
3181 3657
3191 3093
8859 9514
6598 6142
3821 4428
7989 7149
6752 7744
1606 2382
2109 1318
2318 1496
2314 1624
4976 4036
5587 6127
4652 5389
6844 7099
1257 2202
1558 1962
36 150
4929 5409
6911 6614
3801 3821
1024 1033
8218 7701
6806 6419
5231 4507
10443 9663
7952 7789
1367 1388
8209 8598
8605 8792
2486 3373
5841 6633
912 1607
4654 3821
7912 8645
1589 1666
24 587
9549 8689
2265 3018
6959 6533
7561 7597
2018 2568
2629 2023
4194 5137
8599 8663
10086 9499
4651 3664
4393 4282
6481 6968
2926 3352
5085 5305
3698 3374
1804 1158
8211 8874
1027 1771
3480 4260
10266 9513
870 1245
2324 2403
2923 3579
964 1852
4043 3889
4123 3595
7728 8642
12 404
6985 6494
8989 8483
5145 4854
9364 9460
9487 9985
3069 3854
5768 6186
9732 9889
3835 4077
10709 9937
4415 3594
7543 8506
2863 3311
9751 9506
2276 3041
7851 7248
3921 4284
1639 1752
6349 6185
869 1060
95 390
4774 5727
2020 1946
8367 7423
3308 3801
7495 8157
5663 6449
56 662
8181 7963
10608 9779
7298 8055
7260 7193
8856 8605
26 607
5172 5569
3988 4619
26 343
8004 8252
6947 6714
5118 5545
7630 7334
12 519
3403 2976
5625 5729
2779 3760
7400 7773
5489 6377
7633 7569
7929 7295
7643 8621
8344 7840
9637 9996
6469 6189
10602 9940
6530 6376
5435 4884
7193 7086
8088 7866
2087 2183
7250 6691
2357 2293
94 918
3314 2685
4075 4464
1341 1827
8486 9100
3107 3931
3602 3536
92 476
2667 1914
5401 6020
2111 1775
9240 9507
20 875
3006 3500
1714 1131
2831 2842
2688 2706
9101 9078
7105 7104
3221 2916
9027 8915
9924 8963
6214 6455
10077 9879
3936 3493
7799 6962
61 358
4148 4174
8589 9285
5572 5440
10107 9479
2604 3485
4692 4401
10234 9348
8637 8855
3197 3037
9441 9543
2350 2969
9070 8699
2459 1768
3858 3738
4137 3810
2934 1936
5185 4858
40 682
4411 3451
6967 6638
73 151
2607 3471
17 270
64 649
6453 6202
7563 7942
3098 3450
9719 9258
7533 7125
5152 5008
5480 5823
9606 8720
1500 1923
6600 6940
7940 7082
2852 3409
5557 6140
9569 8835
630 1580
9007 8360
6024 5051
5965 5210
1477 1821
7255 6950
9480 9637
8762 7857
4475 3878
8533 7690
4352 4497
6401 6060
1508 2048
5654 6111
3154 2957
3815 4550
3423 2939
8272 7603
5769 6120
9285 9631
5000 4896
6241 6459
9055 9133
7507 8097
35 557
3567 4511
5279 5623
41 737
7271 7778
2910 3049
4265 4431
76 780
4506 3524
3191 3380
2957 2464
3186 2664
92 549
8489 8392
1024 1511
1817 2373
8982 8419
2289 3055
3167 2619
5857 4938
1469 1426
4706 5034
1737 1965
99 429
7659 7923
715 1369
4246 5108
4710 4120
16 907
2371 2565
9403 9590
9073 8335
1176 1364
8514 7519
88 747
5174 6016
3967 3399
8640 8300
2533 3208
3878 3899
1889 2447
8984 9083
8572 8371
75 163
4531 3784
2950 3439
7251 7413
1805 1538
4150 3335
8949 9205
1864 2170
3202 2556
5458 5225
3003 3536
7214 8069
1567 1171
42 562
5352 4640
6824 5828
2585 3504
6606 6702
5237 4739
8332 8010
5124 5999
6192 6210
7245 8225
4531 4061
4725 5120
8276 8928
3697 4315
2243 2785
3172 3994
5009 5337
2384 1621
5831 5102
7638 8132
7484 7012
7421 7827
7705 7839
4026 4556
8061 8603
7420 6935
6125 6982
4747 4668
7803 7688
5747 5543
4389 3601
61 522
7829 7972
2283 2142
8123 7151
4109 4616
1363 2083
8192 7256
6463 7279
3573 4184
10094 9835
6312 6263
2413 2705
7699 7295
8272 7480
33 407
8941 8759
7631 7487
7292 7642
5216 5824
6629 6423
8176 8613
10221 9791
3671 3350
1229 2161
2707 2500
4092 5028
1852 1241
2972 2808
5377 5408
5281 4938
6840 7284
8158 9016
7343 7552
3548 4525
8114 9015
7207 7902
795 1385
2912 2491
6639 7351
5178 4296
6903 6062
7587 6864
2322 1324
5850 5809
9025 8569
5313 5392
29 943
9658 8885
6250 7063
9705 9388
4648 4077
2952 3581
89 19
4783 5537
8250 8956
3202 3466
9025 8647
97 280
4255 4517
6561 7437
7290 6787
7237 6309
8901 8481
5803 6331
2577 1827
8339 7936
5768 6301
5312 5151
6439 6052
7659 8292
8722 8362
9347 9199
2179 1291
7316 7079
4285 4156
3577 3196
40 236
83 46
1077 1199
9033 8553
74 135
10098 9382
8566 9162
58 176
7475 8039
5425 5025
3384 3623
10257 9448
39 649
4116 4057
7781 7415
2138 1162
7036 7536
4645 4145
3157 2289
2505 2978
2111 2647
3598 4443
26 121
8975 8109
9484 9705
5534 5573
2174 1954
1539 1649
5344 5602
1992 1643
2303 1452
5397 5919
6180 5447
3380 2632
4473 3771
8210 7821
8064 8695
960 1911
1358 1066
30 11
2627 2162
8253 8081
6235 7013
8431 7772
3624 4491
933 1481
9118 8289
2939 2314
4451 5333
8772 7988
7462 7431
5482 6421
4682 4585
10193 9235
1427 2079
4684 3691
18 967
9582 9878
4535 3938
2632 1932
3996 4632
8734 8545
752 1382
1694 1250
9722 8842
6956 7409
3142 3986
7444 6739
5797 5862
4415 4017
7013 6830
6917 6431
1545 1383
5836 6528
1337 1408
10656 9873
6032 6573
8323 8975
6990 6515
6267 6923
4372 4304
8779 8376
5299 5874
5293 6089
7745 8062
54 999
1997 2830
8296 8125
13 964
5458 4839
61 157
9546 9967
7795 8295
7694 6867
1678 1505
6686 7372
3822 4036
9090 9930
1994 2940
6007 6728
3030 2644
8409 8090
9494 9031
5105 6021
3668 3305
3809 4517
10189 9883
5347 5441
4981 4381
7311 6384
10125 9898
4919 4514
2820 3010
9736 9082
2329 2870
58 963
5019 4238
7892 7579
9684 9872
1276 1401
4256 4075
6081 6575
2232 2432
3988 3503
7950 7493
8617 8630
7645 8490
5695 6110
7571 8023
6132 7011
91 213
7991 8228
3609 3782
3321 2767
9018 8200
7510 7821
7562 6654
8587 8851
5608 6400
60 932
8299 8683
2514 2532
4235 4007
9130 9214
972 1867
667 1098
59 489
1345 1182
1900 1291
1560 2191
3227 3506
3584 2990
7635 8256
6339 5494
7024 6249
5710 5616
4886 4369
3468 3210
5645 6352
5423 4999
86 246
5273 5179
8503 8643
9877 9294
8844 8082
4079 4735
35 366
7714 6921
31 529
5954 5159
6979 7904
7980 8579
7493 8149
5103 5558
28 832
7214 6631
8301 8560
7950 8457
343 1285
7986 8260
2205 2826
5951 6690
4745 5500
8968 9161
6663 5718
1901 2297
8193 7639
2322 3189
7920 8278
9793 9934
9718 9290
2346 1474
6321 7085
8135 8789
4668 5494
1407 2323
5246 4318
6183 5451
6851 6928
7492 7139
9098 9756
1374 1553
10430 9667
1860 2116
3978 3393
7385 8312
9404 9531
1939 2152
7176 7625
6563 7088
2328 1400
6300 5623
8908 9599
6831 7720
9742 9266
3836 3495
16 641
1787 2299
5231 5405
9814 9923
4182 4826
8013 8553
5599 4806
3839 3969
8808 8081
9424 9967
6648 7007
3949 3492
7423 6475
5228 5779
4717 4397
33 282
1984 1599
8893 8220
7196 6412
4725 5543
2944 2348
4396 5114
4611 4610
5563 6116
1899 1474
7095 6372
4528 3922
899 1748
2519 1535
5446 5921
30 148
8538 7695
5319 5609
6421 6413
4086 4834
6367 5578
6694 5872
9109 9739
4252 3809
8475 8664
1414 2221
7373 8099
5544 5810
4022 4504
9485 8611
9052 8631
4336 3983
9553 8556
2240 2268
2136 2536
10028 9660
2925 2484
7997 8939
62 147
56 314
8775 8325
6661 7506
5106 5569
9830 8870
2046 2166
7046 7041
6630 6047
6632 5777
697 1691
7890 7494
8171 8620
8272 9159
7698 7789
2223 3170
2875 3051
2516 3313
4684 3941
6981 6235
21 740
1484 2242
4533 4627
5132 5297
903 1407
8239 8964
7343 8146
3732 3454
3165 3032
5434 4674
72 587
5631 5185
8276 8737
3813 3212
8094 8208
7160 6826
9037 9579
3379 3861
8277 7626
5171 4738
1707 1098
3165 3489
4236 5202
10211 9270
8348 7845
6475 6284
4188 4894
6656 6276
2125 2544
1622 2354
4495 4196
1961 1831
5276 5882
5189 6154
7070 6290
6814 6488
7409 7762
4129 4914
4378 4336
7890 8103
3933 3850
3719 3387
1857 2330
9803 9338
4788 5189
3977 4618
4688 4209
8503 9054
1597 2130
4175 4943
5279 6073
8539 8009
9935 9803
8568 7817
4631 3839
15 136
4449 3514
2634 3476
8546 9073
4790 5434
2920 3649
7815 6894
8106 8014
1862 1365
7841 8429
9632 9240
10107 9881
8613 9004
5853 5419
6801 7638
4203 3390
5279 5063
51 557
2427 1673
9256 9319
9410 9440
8963 8513
5584 5970
3345 4273
3569 3042
65 947
7222 7710
5258 5206
3345 4196
7123 7989
5210 5447
8903 9004
5048 4375
8702 8214
10161 9232
6681 7662
9082 8226
32 863
2087 1426
7630 7591
31 109
5578 5040
6110 6566
4203 3777
8328 7413
3936 4180
8427 8595
2149 1201
5474 6066
6207 5310
3363 3604
7510 7275
2689 3137
2498 2993
96 105
3263 2599
1502 1480
4781 4662
3378 3515
5878 6521
6372 5487
8282 7387
9064 9477
4761 5016
8117 7476
7526 6753
5217 5074
3776 3809
9449 8863
8391 8830
33 292
2560 1745
4013 4574
10188 9839
4646 4769
7491 7081
6038 6272
8140 7224
10419 9602
7435 6901
937 1567
4132 3971
3234 2476
7575 6729
5808 5314
4384 5249
6715 5869
3486 3661
2722 3088
7423 7642
3780 2792
9704 8722
3097 2149
8016 7763
8407 8030
8373 7391
8601 8183
2931 3243
1925 2616
2157 2707
6953 7536
3660 4357
3795 4021
7670 7363
4739 3749
5726 5398
2235 2550
3861 4337
7321 7574
5731 6245
6552 5853
3999 4410
8827 9402
456 1093
24 935
5934 6123
4482 4147
39 533
2754 3598
2272 2558
6100 6385
9829 9797
3252 3702
9956 9245
5398 4990
30 843
7709 7987
2802 2944
42 245
7349 6497
69 134
5837 6754
1977 1099
6010 5975
10572 9897
1550 1676
5000 4929
4192 3630
90 279
1503 1665
8383 8793
3753 4189
8724 8533
2099 2878
5940 6040
5260 5301
5146 4147
8579 8242
3778 4545
6031 6216
4208 4158
10166 9354
7814 8083
5413 5084
2681 2494
7980 7615
2367 2803
5343 4433
5773 5976
5314 4601
3367 4297
5487 5681
5543 4978
4882 5463
2985 2691
7152 6194
3125 2261
31 65
6669 6415
2349 2903
4260 5104
75 496
41 416
6263 5751
1184 1038
23 171
8182 7627
4011 3219
10082 9862
4425 4269
6369 6542
1905 1189
7719 7782
7958 8732
1186 1792
3726 3806
1384 2035
6205 6498
4101 3286
7878 8828
9226 8401
1540 1238
6476 6144
9077 9421
7434 7785
7135 6291
5641 5535
1616 1214
8292 8824
4296 4916
6822 6270
1990 2821
5938 6853
7852 7619
8564 9433
4835 4245
42 946
425 1210
80 506
6977 6485
2359 1982
10592 9966
9552 8836
1441 2115
1887 1359
6115 5180
1462 1797
3303 3427
7228 8009
3443 2815
397 1036
6279 7070
9219 9159
8682 7702
9423 9084
10031 9902
24 371
1540 1836
7059 7564
3689 4267
2564 1941
9529 9949
7380 6618
7626 8502
8992 8070
8653 9172
5069 5709
20 312
3927 4019
20 955
6341 5436
8175 7746
731 1179
3655 3336
4141 4245
5545 5177
2065 2107
49 166
5597 5292
9747 9252
8928 8245
2696 2702
2733 3241
6858 7817
6652 6141
4710 3837
7902 7994
4940 4533
10295 9490
1505 2117
9378 9480
5380 5393
1688 1941
6156 6064
10674 9696
976 1430
6593 5634
1337 1365
4645 4853
6173 7121
5496 5471
9009 8540
4716 4546
6118 5197
6213 6418
1959 1342
809 1598
33 1001
5159 5467
2547 1895
5239 5643
4705 3823
4823 5636
2113 2091
5335 5301
4467 4728
1524 1288
4848 5122
83 695
6580 6997
8213 8076
4245 3709
6409 6173
5891 6080
68 307
9047 8143
7624 6987
4150 4506
2959 2023
7188 6366
3295 3268
5436 6354
7669 7155
3291 4081
3299 2310
5138 5969
70 40
9979 9602
8367 8744
5946 5557
1086 2023
8408 9174
6176 6007
5572 6254
9077 9211
7077 7781
7799 8540
9409 8598
97 492
3598 2682
3968 3753
3232 2413
100 661
2094 2766
8206 7994
34 52
3975 3970
8307 8881
2528 2828
7634 8117
7381 8136
5252 5989
45 496
4967 4088
4882 5698
7045 7739
2615 1953
9297 8871
7226 8075
1819 1966
9657 9814
5131 5277
3199 3881
7252 7234
8563 9516
10973 9974
7790 6815
8829 9205
62 435
8289 7878
29 607
4034 4133
3629 3559
2239 3194
3016 2835
1138 2110
5919 5969
2091 2371
4565 5387
42 385
2312 2081
4487 3617
8721 7723
2758 2909
10345 9808
9522 8711
8912 8640
8194 8460
8683 8575
6981 6617
8983 9494
39 49
74 99
6263 5985
9552 8631
6266 6057
7177 7138
21 368
7442 7636
24 320
8734 8002
78 675
5745 4979
8748 9474
42 1002
7202 8095
97 759
6898 6027
1716 2110
4182 3667
34 432
5028 4573
6811 6018
7625 8024
8058 8101
7867 7858
1064 2019
2820 3455
9062 9785
8924 8100
7050 6524
8935 9574
4977 4003
5423 6104
4147 4059
2441 3219
6481 6823
735 1091
414 1145
8903 8480
40 88
6160 6163
9373 9586
9531 9862
4310 4749
7219 6771
9824 9055
9753 9690
7711 8244
2248 2492
10462 9992
6826 5996
4337 4815
10211 9884
1907 1024
8238 9186
7360 7557
7559 6892
5459 5395
85 169
7976 8315
7753 7065
7516 6747
8934 8974
1361 2125
4204 4396
4392 3551
13 688
9252 8858
5825 5061
4112 4256
332 1246
10226 9402
98 414
77 482
6008 6681
2797 3317
6470 6357
2974 3845
2899 2782
10682 9792
4258 3489
1795 2685
6918 7584
5048 4605
3099 3738
6571 6200
8564 7912
8121 8511
76 737
5322 6294
58 736
7954 7479
8762 9636
71 472
8290 7745
10602 9776
8899 8909
6176 5802
2670 1687
7853 8716
4187 4749
9923 9926
5758 4846
8054 7702
1682 1699
6387 7198
5343 4851
1449 1116
1898 1214
9015 9234
80 321
6419 6842
6416 6839
3004 2069
2160 1972
7094 7930
5666 4765
5225 6198
3981 4426
741 1314
10212 9749
8256 8371
7283 8040
10150 9374
4437 4863
9576 8811
6786 6095
81 524
6641 5670
4652 3779
1568 1051
6376 7112
20 683
4566 4240
9143 9096
996 1603
9267 9098
6442 7055
4370 3662
2020 2386
3168 2587
3297 2714
6227 5682
7866 8040
7978 8372
2666 3559
3351 3277
9588 9449
2831 2143
7446 8251
5127 5214
8592 8358
5765 6730
5298 4367
1874 2138
3436 3471
2955 3003
2095 1707
7583 8543
8409 7875
4549 5319
6748 6773
5883 6199
3079 2516
9009 8779
5569 5099
2523 2739
2626 3384
3740 3388
3750 4713
8605 9151
9119 9573
7461 6719
3388 3073
5602 5289
4064 4531
2128 2139
5663 5447
9941 9539
10365 9376
6522 6638
3622 3947
4926 4899
2166 1970
4568 4208
10934 9973
3712 3870
8621 8924
2383 2950
4911 5028
3731 4384
8515 8311
8747 8337
4756 4777
4745 4063
5062 5912
5178 6084
7954 7091
5446 5924
8774 8341
3639 4441
7910 8110
26 143
8413 9334
4002 3074
4114 4140
3771 4228
9636 8960
6508 6082
6957 7418
8095 8656
2722 3500
8402 7756
6655 5657
6408 5475
6413 6762
8530 7783
8121 8125
9324 9643
1387 1017
4889 5085
5499 6206
7592 6633
3939 3439
4185 3608
5244 5304
1993 1839
5558 4795
9475 9657
4658 5248
10005 9051
6942 7848
4902 4457
3157 3953
5433 5964
4528 5353
3406 3393
7869 7440
4458 4990
5168 5947
1810 2661
8303 7854
4701 4681
9502 9267
7514 7065
5122 5333
2705 2891
7890 7848
6964 6009
1562 1985
8933 9651
7156 6572
6397 6212
1512 1380
2453 3091
2305 1360
5383 6145
6476 5544
10176 9812
10163 9607
29 653
7918 8393
5615 4721
30 535
1872 1636
7270 6367
5910 5241
3244 4053
9454 9735
51 934
2894 1927
7826 8778
946 1884
3141 4017
9402 9348
61 343
