10032
100
23313629
100 110 91 100 109 96 104 100 91 97 101 104 98 97 90 104 92 94 106 107 108 96 101 102 107 107 97 105 110 107 104 99 107 94 100 107 110 95 103 98 101 109 99 104 98 90 105 106 96 92 101 107 98 103 94 100 108 96 97 91 100 100 100 101 104 106 101 105 107 90 93 101 105 90 90 95 105 101 103 110 93 90 90 97 95 97 101 109 97 107 106 107 91 96 103 109 91 95 104 104 
-157794 -193860 -139037 -163683 -179310 -155301 -156159 -173474 -141250 -157640 -163984 -164977 -140416 -162312 -141767 -178814 -150579 -142568 -168015 -171575 -161395 -152793 -159457 -172280 -179797 -187972 -176014 -191969 -190033 -163299 -164999 -161289 -167382 -162360 -156057 -180362 -179058 -159995 -160324 -161869 -158044 -161188 -159334 -167683 -156245 -149188 -178293 -189981 -147369 -150883 -154059 -169525 -165947 -174059 -150447 -148709 -190409 -171588 -144319 -138088 -168224 -171738 -156533 -158998 -172431 -164929 -160966 -167315 -152886 -147060 -153656 -156391 -186344 -135364 -147384 -158358 -168519 -172223 -161921 -198845 -148772 -166423 -149973 -138976 -159459 -171316 -161069 -161542 -154463 -173454 -165463 -173520 -152811 -173104 -159545 -177616 -149203 -155335 -174336 -163157 
166520 201234 144272 171483 185319 165003 165875 181012 151792 166280 170943 171729 148929 172015 148459 189344 158904 149646 177907 181947 171944 164908 165760 178657 189547 187403 185365 197471 198648 173244 173261 165999 174053 168442 161544 190478 187729 167356 168983 168004 167796 170546 166695 172757 165298 151508 187022 199242 155805 156980 164174 178180 173726 181398 154431 156855 199911 180458 151387 143369 175214 177680 162482 163506 180221 173556 168468 173874 164100 157289 159678 166968 193568 142604 156421 162006 178708 183568 169400 206520 158192 175334 159067 143044 171369 180052 168394 169967 164581 176451 173988 185190 158766 185211 169128 186533 156216 161710 182707 170723 
67 533
3743 3832
73 160
2736 2999
7203 7887
4794 5056
34 205
7956 8644
7658 6753
6386 6850
3430 3106
91 625
3700 3388
9352 9782
7819 8362
5668 5150
1875 1865
5649 4726
7652 8437
7804 8782
23 806
7754 8301
61 962
464 1372
3255 2431
61 720
4405 4402
35 766
6391 5923
1215 2120
6893 6834
3347 3226
501 1474
1596 1314
3600 3609
33 69
8601 9356
5094 4219
53 409
7183 8073
6974 6383
6851 7797
17 60
8584 7616
7968 7971
5839 5135
7722 7676
1276 1191
8908 9452
6928 6073
2825 3241
4029 4300
2726 2952
3796 3513
2212 1844
6900 6908
6690 6790
4736 5517
3531 4370
6617 7046
9369 8638
9299 9988
5139 4281
2333 1846
9527 8583
4111 3644
9026 8578
9247 9173
7068 6200
9575 9378
8921 8831
3004 3217
9424 9938
30 544
2909 3232
4752 4791
8813 9587
9340 9842
6736 7594
3935 3560
2108 2248
3043 3373
1157 1498
4799 4158
3048 2877
1890 1604
7358 7505
9172 9354
1113 1475
1363 2056
2248 1508
9966 9634
998 1579
6885 5994
5501 5738
9422 9047
2203 1225
6589 7051
6472 6966
4609 4270
4847 4627
9810 9028
4463 3630
2383 1476
4932 5117
2598 3317
7575 7784
3511 2891
8839 8800
1593 1058
6910 6592
4974 4882
51 582
8596 8682
1935 1796
3594 4116
48 937
8394 8712
9417 8888
3815 3383
8299 7800
23 102
1651 1622
3540 2765
5902 4973
4511 4685
8497 8446
84 667
8462 8020
4010 4808
3261 4160
1755 1447
7294 6803
6409 6110
4380 4790
7912 8211
6487 6753
8163 9120
8054 7455
898 1675
68 881
9181 8435
54 492
7281 6439
9682 9617
4228 3637
6585 7186
6346 5669
9391 9299
9612 9803
7503 7027
3881 3452
9573 9691
8831 9816
7498 7122
8165 8472
7376 7404
6158 6078
8576 7725
5381 5091
439 1361
4993 4954
79 692
2978 2299
6438 6375
5811 6810
56 500
4799 5709
12 492
7397 7976
2779 2560
4657 3741
7669 7554
5968 5746
5504 5787
6967 7739
6388 6412
10832 9873
10325 9367
4198 4429
3999 3719
7347 7787
9691 9995
5050 4610
9883 9063
9662 9738
3723 4452
29 103
22 707
5304 5346
857 1063
5000 5582
7642 8226
7658 7036
6054 6430
4698 4252
2029 2653
3122 3853
9097 8629
8798 9030
800 1503
8720 7988
330 1056
1313 1425
6285 5671
5493 4792
5032 4927
10795 9992
7159 7735
4899 4326
9970 9105
2697 1963
8537 7704
5357 4895
8535 7658
75 856
862 1284
5429 4889
4326 5031
6393 6408
6530 7081
5204 5752
6575 6795
5302 5047
4993 5156
5622 5007
4197 4363
8476 7508
2180 2867
2459 2970
8615 8583
1558 2174
59 222
6591 5701
35 520
6239 5328
3389 2638
1868 2520
1748 1104
7277 7000
4315 3936
717 1035
73 859
7689 8177
5715 6256
3907 4199
4208 4003
3740 3236
2364 2957
2906 2485
4024 4210
6314 6000
9403 9210
5201 5153
3123 3789
6788 6977
7097 6949
4850 4880
7201 8067
1407 2264
14 289
4256 3338
4237 5137
2729 3357
7059 7598
9516 9105
3536 4108
4864 4707
1358 1094
26 475
45 283
7810 6905
8917 9522
3147 2940
2822 1953
24 389
8575 8870
2566 2567
20 189
8194 8685
9314 8801
7362 7037
3775 2778
6198 6580
7450 7326
68 707
9036 8312
5801 5635
5532 5509
7319 6765
97 509
4739 4670
3115 2915
4765 4305
8270 7702
5466 4599
12 375
7023 7848
5070 5252
4054 4331
8282 8269
2830 3320
75 740
5840 5683
4722 5246
1163 1124
2531 3525
1697 2225
5975 6520
4823 4334
8791 9172
6929 7616
6197 6535
5563 4946
2393 3111
10103 9386
2504 2780
4752 4832
4046 4821
3135 3237
1821 1088
5467 5176
25 573
9093 9910
5573 5803
4555 4110
4630 4767
8406 8841
2712 3068
7752 7159
7899 8184
7978 7703
5159 4651
2752 2365
3418 2971
5168 5574
6307 7260
9181 9153
2826 3322
9484 8542
9049 9210
6713 7510
3230 4140
5411 5492
8437 8285
105 1093
3200 2726
2313 2047
9425 9703
7961 7151
10381 9880
6028 5345
9226 9600
8648 8761
1956 1877
5545 5483
4890 4262
8764 7980
7246 7553
2820 2139
7960 7294
6545 5853
3246 3332
4877 5604
5107 5494
1288 1930
3246 4018
8130 8357
2908 3551
3232 2335
5797 5229
1742 1736
4664 5465
8979 8780
26 71
2016 1996
1538 1577
45 314
6617 6519
86 670
3797 3161
1993 2094
2675 3553
82 890
5585 5443
10271 9669
4730 4979
8557 8739
4647 3840
6342 6880
3590 3912
8834 9198
3095 2401
6743 6287
927 1269
1671 1482
6298 5674
8593 7831
5418 5847
6108 6243
6241 5444
3414 3617
6949 7346
4520 4935
4359 3546
8624 9333
6867 7492
6067 5631
993 1548
8415 8630
3048 3476
2750 2210
1750 2062
6415 6665
6940 6806
7984 7363
5899 5908
8404 8164
6543 6085
29 476
10111 9322
2107 2653
36 817
41 532
5564 6199
2367 1456
6140 5933
9216 8286
6333 6282
7868 7247
94 595
10 930
21 809
6009 5508
6197 6536
4407 4120
100 983
9148 8220
63 492
8885 9490
9746 8832
3529 4358
1731 1709
5050 5110
5615 5447
95 576
2594 2498
8226 7715
10029 9144
3001 2622
3400 3656
5074 5934
6042 5659
5320 4443
8615 7649
5074 5610
2591 1601
2108 1891
7394 8029
7670 7513
2731 1848
1793 1632
8700 7760
48 246
3756 4436
2874 2876
9990 9633
5436 4473
3320 4082
2706 2696
9958 9943
6472 6894
6889 7250
3469 4394
49 211
4359 4355
5771 5087
8313 7446
3505 3331
8576 8391
4620 5351
2111 1404
8700 8309
5091 6061
2589 3173
735 1158
5251 4943
9819 9503
5073 4135
2467 3414
5663 5106
7300 7506
5729 5209
3819 3841
9415 8492
8601 9477
2662 1673
8069 7942
5127 5992
9138 8984
5992 5123
8433 8259
7771 8372
7674 7007
646 1165
3856 3186
50 275
3340 2834
8306 9048
3240 3658
8923 9256
7975 8806
6752 6518
7529 6772
3700 4372
5505 5367
1877 2080
3947 4827
3919 4554
9777 9833
3175 3708
8745 8783
67 493
5696 6288
10395 9659
3096 3227
43 735
27 343
3130 2978
55 495
8533 9487
4535 4594
4893 4548
2623 3452
7615 6873
4343 5261
9156 8795
99 215
2635 2333
7103 7983
13 153
4995 4602
9063 9092
8949 9737
10267 9762
4444 4585
3687 3645
7097 6965
3234 2791
4199 5023
5505 5232
3969 4006
7279 7466
10357 9699
7367 6475
2336 2750
2677 1699
8027 9009
6295 6435
3584 4171
912 1866
4744 4110
4846 5225
8473 8344
4722 5419
8085 8884
76 807
7503 6993
3157 2757
3188 2506
3140 3611
8691 9169
3304 2472
1609 1569
50 718
2943 2257
2602 2507
76 1000
2681 3220
4101 3312
1893 2618
4830 4704
4231 4649
8161 7390
10333 9558
7479 8131
10953 9957
3056 3870
5552 6057
8199 8071
5604 5985
2710 1930
2722 3129
7364 7962
5720 5871
7356 6979
6086 5692
6925 7692
1300 1297
6458 6840
3897 3898
4964 5826
3419 3766
5249 5471
5145 4360
553 1123
1376 1055
8795 8250
446 1219
2716 2929
7667 7716
599 1532
70 134
3687 2777
4445 4395
6205 7201
65 503
2517 3177
274 1017
6966 7072
5604 5090
3508 4356
6834 6711
54 423
8198 7412
9512 9464
3113 3853
78 876
5936 6122
7259 8004
9024 9872
5996 5482
4304 3315
5281 5165
6945 6962
6958 6084
1166 1140
9434 9978
6409 7302
4451 3630
9242 9648
3110 3197
3311 2853
8142 8427
5369 5300
2265 2241
1402 2294
98 868
8681 8222
1373 1424
5405 4485
5144 5844
7893 8331
7876 7504
7331 6432
8281 8020
1475 1865
2972 3097
4329 5149
10527 9948
5752 4779
6110 5552
42 572
7235 7071
4405 3580
2779 1793
6495 6988
2658 2790
817 1325
9214 9406
5800 5306
2902 2897
77 521
1107 1646
6186 7165
8667 8900
3702 3726
744 1442
7531 7082
2850 1914
2860 2213
6827 7275
5241 5421
1714 2244
2937 2437
47 223
4578 4800
2010 2327
4499 4350
4591 4696
2210 1897
8513 9506
1448 2308
4554 3743
8015 8138
3605 4447
8043 8736
7619 8225
8974 8645
3315 3530
4922 4919
8913 9872
1121 1827
54 709
2120 2303
2827 2566
4894 4394
8929 9716
1714 1833
4609 4949
10026 9372
4339 5135
4792 5173
9626 9651
10373 9903
4921 4544
10553 9814
1802 1615
2779 1937
5087 5469
6618 6132
3575 3947
2892 3861
4566 5350
10267 9672
97 442
3989 3792
7733 7936
4059 3131
3133 2867
3044 3873
10500 9634
5417 5010
1994 1356
5197 5723
9767 9831
4531 5284
1731 1964
2672 3208
8571 8226
8883 7974
3860 4290
5159 5512
9232 8749
5398 5028
2484 2551
6604 7102
26 96
3019 3686
47 20
9062 9049
3688 3501
4250 5203
3321 2696
7458 8092
474 1396
8680 8802
8434 8600
8434 9089
4034 4934
5775 6616
7353 7451
2778 2203
5159 5652
1398 2235
5890 6642
3052 2643
6127 5660
55 22
209 1067
8482 8568
6035 6686
9256 8801
8044 8503
97 30
7126 7286
93 188
3210 3281
7613 7514
10 169
5672 4992
1413 1019
8111 9036
6187 6954
7015 7617
7528 7162
10590 9639
9873 9582
3162 2505
53 627
3353 3448
2406 2941
6407 5917
2869 3380
9396 9019
7198 6380
8467 8196
3949 4853
6673 6339
6571 7271
9159 8315
4047 4297
8338 8839
2547 2513
8853 8049
7611 6707
5599 4783
2998 2858
7289 6679
1476 1252
4254 4221
4883 5865
4487 5120
7792 8748
87 622
5747 5065
1992 2541
4459 4606
5742 5347
8092 8578
1364 1175
19 734
1164 1862
1627 1561
1651 1827
8375 9201
8502 8716
8705 9563
6301 5361
9751 9082
8758 8510
8130 7660
55 491
2522 3344
5325 6099
6825 7617
3865 3723
714 1654
5885 6127
5863 5686
6453 6582
2052 2614
1719 1552
4247 3846
4370 4535
1949 2404
3822 4791
8700 9425
4475 5145
9430 9864
7169 8168
5734 5783
10055 9695
4261 4201
9310 8559
1562 2537
3338 3393
8086 8969
6686 7265
8816 8787
4689 5278
4508 3887
65 121
5225 4925
6522 5550
974 1123
9771 9450
4057 4942
2934 1970
1797 2202
37 834
7731 8061
9619 9242
2521 1982
6712 6424
8318 8793
8163 7656
10657 9700
2521 1826
3961 4401
1993 2593
73 411
190 1170
2990 3390
1914 2073
3837 4100
2584 3398
4858 4819
18 12
3781 3480
3643 4074
2273 1428
6322 7035
9601 9170
4898 5414
2975 3271
4920 5737
52 268
8633 8439
12 183
9843 8981
1555 2061
5101 5620
2422 2762
1689 2125
1429 1686
3626 4113
1560 1313
7903 7976
4742 4946
8289 8314
7157 7210
10193 9335
4364 4162
1136 1785
7137 6230
40 793
5985 5521
5664 5984
4311 3347
9165 8733
2075 1371
2790 3347
10334 9595
3688 4599
2542 1676
7720 7503
83 842
7155 6751
3252 2854
3356 4117
10184 9567
7608 8443
7714 7830
8165 8428
8705 8755
8208 8945
4483 3944
69 433
2493 2515
10184 9685
2996 3265
8811 9283
7712 8490
6040 6422
8793 8707
8174 7760
6044 6584
9684 9921
5383 5153
6775 6354
7659 7283
2862 3322
4149 3524
3403 2854
6301 6554
4871 5308
4376 5276
8783 9363
19 859
3556 3044
2046 2861
1526 2102
9520 9646
4274 4549
8909 8135
9857 9950
998 1589
28 50
2821 3277
1872 1877
3385 2916
51 799
7299 7060
7727 7364
5415 5169
3739 3019
2866 3781
2102 1222
9241 8452
5359 5512
6392 6820
5561 6130
33 327
6991 6856
6016 5925
1119 1810
2880 2467
6086 6661
2009 2757
2464 1573
21 718
9816 9877
8307 7967
47 894
2813 3122
7395 7447
3765 4040
5520 4520
4157 4059
21 1003
1710 2044
8789 9275
9160 9277
6476 7092
4683 4058
3047 3992
4461 4109
7738 7328
1531 1286
4085 4125
9665 9814
5187 5913
2022 2619
8628 7890
7087 7465
6648 7089
2195 2909
7642 7626
10312 9368
9382 9300
9559 8590
4767 3776
2177 1601
6534 5873
7560 7228
4387 5223
4742 4320
9261 8741
9779 9861
7172 6792
86 952
7376 6432
9055 9909
3714 4410
3032 3789
5256 5229
5381 4757
3955 3443
4912 4721
2158 2789
3122 3073
7388 7653
1575 2247
9182 8926
8636 8704
8386 7639
1819 1656
8536 7609
20 398
6348 7008
51 802
5325 5671
4982 5311
687 1107
2744 3025
6201 5758
1455 1935
1548 1246
5523 6521
2044 2272
3411 4040
2879 2090
86 537
9042 8132
3514 3060
9041 9382
1216 1477
5151 4206
4156 4057
969 1389
7920 8295
7630 8174
7702 7443
3875 3320
6842 7533
5752 6698
4987 4219
3234 3494
11 779
7968 8391
9553 8558
6359 5628
3039 2994
3956 3681
60 36
2178 1383
9184 9342
2040 3034
546 1527
4625 5548
9502 8558
8147 8601
52 160
1542 1465
2598 1801
68 115
10106 9851
5268 4826
6815 7732
1985 1357
2787 3737
66 192
8703 8628
4603 4670
3701 4033
4849 5541
1561 1143
3007 3880
8551 7943
9068 9194
2685 2380
7395 7030
7272 7065
9550 9595
7499 8191
38 94
8924 8216
4265 3412
50 133
3851 4799
10332 9691
9573 9914
1890 2455
1526 2391
8184 8038
2131 1563
3376 2471
1301 1522
3598 4538
4110 4136
3772 3357
9360 8653
8809 8035
7342 7062
2737 3418
1642 1435
6262 6362
4749 4568
3697 3516
932 1244
5656 6383
2651 3286
4940 3943
7995 8239
1297 2006
3363 3900
7683 7243
2518 3453
6890 6101
986 1312
4058 3527
2250 2428
7781 7297
7012 7683
2826 2370
6646 5888
2985 2264
696 1567
8110 7601
3987 4589
1138 2024
2600 2802
5733 6026
9620 8946
9288 9748
1614 2083
4605 5447
8159 8613
3059 2268
4365 4790
3266 3873
4717 4808
4919 4445
4549 3837
9804 9026
6216 5446
3227 2952
8114 8873
6808 6320
5810 6337
3164 3457
4523 4117
10566 9723
16 723
4234 4276
2799 2975
7769 8308
4443 4815
6890 6294
9592 9295
9453 8771
49 78
1679 1744
1252 1037
5998 5470
9891 9190
53 392
5223 5221
1656 2238
4632 4440
6122 5540
3328 4112
1443 1023
3088 3473
3131 3181
4290 4348
8600 9191
2410 2638
8659 7808
19 410
4373 4355
8177 9044
7828 8697
7264 7235
4513 4294
9639 8784
3206 3607
1543 1614
2438 1440
7239 6886
4555 4942
932 1518
6598 7177
9065 9360
67 558
57 726
9727 8911
1062 1788
7189 6654
591 1375
39 646
65 979
5976 6769
3682 4137
2414 2925
3275 2341
6389 6413
2773 2373
6357 6532
1061 1883
61 577
2885 1976
3196 2744
8122 8809
4141 4866
7669 8239
21 1009
5807 6551
5243 6237
7043 7113
5081 4508
7137 6606
6787 5800
757 1480
2655 2546
6821 6994
1790 2591
8627 7890
93 342
5224 4418
5123 5545
6853 6764
8693 8480
91 307
5616 4618
2181 2378
7600 7014
4714 4731
5927 5915
8587 8850
3086 2896
7202 7503
1670 1306
2904 2476
8363 8646
7938 8340
5418 5250
1662 1346
8875 9006
2776 1986
5516 6466
2792 3475
6403 6501
4881 5114
8372 8122
8952 9099
2153 2110
3510 4487
85 792
5710 4924
3488 2662
38 827
3858 4090
3380 3066
5003 5115
1169 1798
493 1119
3833 3505
91 15
4916 4233
8160 7697
4854 4320
5077 5665
10161 9894
4985 5980
10082 9919
5644 6127
8604 7899
4165 3788
3961 3650
5734 5131
7340 6384
10407 9664
902 1520
8814 8595
7375 8320
9777 8954
8302 8844
6934 6388
2903 2133
6747 7685
752 1439
1620 2252
7244 7227
8841 8935
7167 7253
2320 2999
10052 9242
814 1080
5133 4935
4289 4926
3985 4963
9821 9899
8800 9691
8629 8279
1920 2220
2113 1799
4050 4235
980 1904
86 73
4368 3877
6891 6783
3715 2823
781 1778
2367 1614
10150 9435
2571 3483
10 693
5261 4916
205 1055
6329 5753
8074 7962
6716 6952
2492 2230
8044 8001
2733 2733
3951 3974
6571 7260
1900 1764
2141 2708
3694 2696
6284 6589
5353 4808
28 716
4861 4564
8185 8948
7256 7648
7771 8339
7474 7300
24 354
5798 6537
9586 8628
3445 4383
9204 9163
73 19
16 765
6551 7399
8964 8361
2435 2024
99 71
5987 6936
7163 6841
1723 1642
7094 6683
5623 5935
4222 4263
4305 4963
8835 8012
8797 9780
6078 6913
735 1639
8603 9327
74 542
9493 8911
1243 1065
68 972
3725 4700
7650 8415
5812 5505
3229 3299
6737 7631
37 203
3412 2558
10519 9634
1424 1066
4270 4002
7612 8318
3792 4221
9481 9596
9571 8799
519 1079
58 341
3616 4286
1430 2033
4861 4513
3136 2241
1462 1973
10399 9997
9310 9502
662 1224
4306 4969
6133 6733
6169 6275
26 243
7593 8489
617 1172
4949 4601
7306 8274
10355 9529
5825 5527
7435 7319
8192 7405
4008 3101
2501 3138
6917 6432
9385 8476
5911 6374
1981 2245
7691 6815
9013 8029
3680 2692
7960 8231
21 543
7391 7182
5509 5745
8618 8538
6737 6241
3569 2577
9417 8697
1720 1243
79 100
6269 5728
8578 7678
6512 7354
3569 3385
3824 4459
5360 5687
7759 8523
5131 4731
73 103
31 199
7549 8127
2575 2515
2289 3202
472 1181
86 760
8281 8466
4477 4464
972 1840
7832 6858
5722 4864
8168 7393
6821 7376
1951 1728
3008 3132
5840 6303
2979 3841
3460 3655
42 231
1226 2110
3958 4886
9507 8992
9294 9033
17 755
4807 4596
4476 4657
12 642
9014 8067
94 183
5629 6270
7625 8397
6064 5908
6435 6814
8701 8305
96 580
5108 6096
1423 2133
79 385
2393 2489
2529 2507
3662 3100
9442 9586
9236 9159
6395 7332
3538 2643
9436 8951
8594 8949
6401 6046
6199 5611
4568 4370
1454 1357
8038 8688
3093 2956
7530 7139
1098 1135
3706 3456
2651 3366
7695 8485
8156 7783
5582 6041
2605 2963
4306 4581
6576 5701
3869 3937
5907 5313
4797 4833
1607 1457
6529 7056
20 651
9169 9914
7617 7154
2270 2942
59 701
8259 7810
6362 6726
5078 5776
10030 9212
3679 3299
9222 9865
6943 7907
8733 9560
8663 9454
4549 4522
4088 3576
2092 2553
2621 1816
3239 3813
1958 2113
2598 2583
4780 5062
46 637
8571 9059
6299 6040
657 1360
3575 2592
5440 5858
6140 5196
10301 9816
5240 5645
10313 9499
8820 9696
5969 5478
3625 3144
4217 4929
1047 1755
9102 8430
3528 4469
4694 4183
2681 3022
4777 5400
9037 9874
5534 6316
4968 4362
3183 3762
4074 4737
9163 8780
77 469
10107 9160
2916 3620
4943 5386
9075 9966
9860 9481
6708 7151
8156 7818
57 933
52 430
7340 6607
38 359
6374 5459
10062 9808
9424 9301
7993 8978
43 115
4299 4040
5381 4564
7075 6683
9052 8681
5987 6623
91 638
34 700
5728 5177
6446 6031
4884 4989
1405 1451
2848 3692
7032 7469
4610 5303
5764 4903
44 419
5522 4996
5504 4773
746 1216
6361 5988
3698 3524
6043 6746
3998 4829
3270 2805
4290 3790
8949 9886
5850 6645
3856 3273
21 391
8858 9172
9379 8642
4864 5420
3108 3259
8733 8095
541 1326
7816 7543
60 686
50 810
83 875
7535 7652
8010 8477
6600 5600
4832 4198
2115 2523
7340 6979
49 759
8999 8975
9946 9846
7031 7261
5483 4994
3705 4632
5290 5596
4503 5264
666 1203
4588 4574
9091 9442
7866 7346
9311 9498
3670 3920
9152 9898
6760 6158
28 973
5280 4529
25 263
6792 7012
1323 1157
8552 8013
64 549
9706 9429
3796 3855
7699 7160
6140 5639
4270 5064
1698 1121
5502 6002
9530 9884
8300 8020
9380 8817
843 1358
4149 5020
7285 6864
5380 4464
6976 6608
1807 1449
4472 5103
1540 2511
4215 3406
7643 8127
6624 6992
7975 8229
4577 4937
2721 3167
4987 5228
4551 4657
6572 5777
80 919
35 384
3517 2657
3570 2914
6239 6707
3694 4129
7671 7731
2250 1358
6492 5872
6506 6302
9168 9059
2716 1963
8138 7447
6136 6754
20 640
2158 1324
4024 3458
5412 5660
6751 7379
10804 9904
31 367
6262 5850
7948 7503
3356 3778
5897 5631
5135 4969
2477 2930
4601 4196
10508 9780
2283 1933
44 812
4200 4069
16 417
10 674
6838 7520
6742 7704
68 870
2790 2543
2753 3632
3654 3027
8480 8322
3828 3307
5012 5714
2900 3629
8833 8123
6291 5400
2788 3715
3241 3562
9685 9071
8467 9276
5003 4530
35 682
3639 3927
7016 6717
2791 3634
7365 8282
4138 4296
4220 4902
6406 7255
8338 7646
2113 2524
8475 8260
2456 2589
5611 6022
3842 3147
7780 7919
96 151
5599 5233
9213 9653
9521 9108
7106 6500
13 16
8961 9489
5865 5925
3814 3525
4208 4620
1748 1680
7916 8739
5299 4568
1850 2799
26 189
9062 9033
7235 6998
28 258
1436 1060
4073 3947
4611 5182
877 1310
3676 3351
2536 2573
4754 4303
7776 8312
3790 3942
1554 1560
3448 4429
1854 1226
89 909
3167 2254
4154 3712
6250 5901
76 857
8323 7418
60 242
1118 1457
8626 9216
10088 9323
100 154
1808 2010
5167 4575
5396 4806
7986 8833
4904 3933
4538 4027
57 868
6101 5576
6914 6159
1914 1083
3264 3120
30 971
9647 8936
5895 6800
7686 7093
7553 6866
1936 2536
8683 9396
4051 4844
7118 6415
9095 9674
1995 2194
4502 4252
7891 8130
10191 9450
8261 8590
5932 6779
3574 2829
72 718
7867 8257
10735 9887
9656 9522
1754 1381
1366 1546
9128 8324
66 781
1298 2185
66 338
3105 3798
2288 2821
8675 9535
4545 4541
7180 7405
6825 7639
6478 6396
6195 7021
4031 4322
4049 4145
6275 6272
85 152
8482 7684
4796 4996
5684 6440
55 739
16 767
9291 9639
3440 4127
2347 1859
5421 6417
7563 8112
8716 8710
8537 8320
1984 2120
7141 8030
6709 6478
940 1869
2151 2741
4956 4819
9387 9885
7078 6667
1240 2165
7683 7735
2639 3246
5726 5536
3340 3835
2889 2225
10182 9282
3733 3209
4391 4426
4418 3879
9269 9849
6441 7134
3206 2755
4041 3770
8618 8000
4288 4341
2692 3182
2020 2966
52 123
4939 5858
4529 5095
7283 6595
3392 3564
8789 8941
8119 8517
10069 9351
4401 3938
10555 9630
10 929
5894 5308
7000 7978
9019 8800
5928 6022
77 449
6968 6838
6884 6955
3076 3689
8221 8850
33 113
4109 4180
10263 9947
4028 3547
4186 4484
8119 8491
9056 9466
10317 10000
14 293
6263 6510
8406 8095
7132 6161
543 1027
4662 5055
4978 4360
2256 1513
8098 8981
3790 3082
7472 7306
4621 5007
9821 9690
4877 5856
4058 4322
5043 5365
3636 4515
51 512
2567 3350
1474 2453
8667 9445
46 495
4319 4001
5625 5906
7717 7005
7861 8595
2406 1881
5228 5684
4552 4299
9128 8255
4608 4980
2407 2488
4031 5000
8159 7925
6492 6267
4229 4279
6188 5806
3332 3272
72 57
5864 5965
1783 1629
4704 5313
2059 1607
5144 4875
1752 2343
5558 6022
2596 2859
7208 8073
3618 3946
9546 8903
48 612
1010 1193
3103 2151
287 1057
71 727
4419 4933
5258 5396
3669 3279
81 602
6749 7187
4226 3319
6769 7240
3110 3542
6082 5987
6294 5741
7462 8153
3139 3146
73 131
1742 2187
8909 9637
6720 6327
9649 9610
7074 7566
9332 8701
2430 2270
98 289
6709 6599
7135 6466
2348 3028
914 1679
1146 1998
4137 4708
4442 4660
2269 2637
2354 3229
3150 3966
5198 5677
6748 6894
7581 8085
4998 5855
8036 7737
22 856
4912 4785
1825 2548
2189 3161
6701 7316
3182 3425
4477 3643
6148 6696
3960 3794
85 566
7408 6957
7686 7134
2185 2492
4744 4994
10406 9477
9996 9398
8017 7046
5005 5767
4876 5793
9529 8567
6520 6985
4959 5379
5455 5431
2157 1174
6212 6930
4810 3887
5430 6220
4239 5097
8451 8320
1847 2402
8252 8333
4670 5222
8873 8271
64 616
2670 3438
6952 7398
30 403
5288 5984
3058 2223
2056 1573
3255 2468
3689 2780
5122 5111
7735 7695
58 569
8379 8451
6752 7081
3608 3677
64 803
7468 6560
3957 3156
3602 4188
55 979
6184 6672
2086 2853
8741 9196
3037 2204
54 455
5628 6446
4875 4394
2657 3168
8012 7639
9179 9635
8715 8132
6382 6942
7529 6533
892 1122
4915 4859
4205 4719
13 204
5610 4844
5136 4703
6663 6942
93 218
2303 1772
98 188
7301 8283
8467 9276
2721 3593
13 597
3965 3819
5567 5092
2297 3278
9712 8984
37 86
9114 8441
4899 4441
4778 3961
8919 8921
5268 5104
34 840
36 193
1149 1372
8019 8483
2835 2320
4683 4661
6995 6480
6397 5642
82 354
6138 5872
7052 7008
2109 3084
30 995
1048 2000
9238 8607
6790 6666
4801 5553
1152 2147
6578 6966
9167 9275
9342 8358
8032 7033
8322 9183
3043 3872
2216 1468
1558 1081
7945 8547
6131 6423
25 682
4007 3185
3529 3845
6421 6590
4057 5052
8541 9445
5307 6071
7902 7733
5942 5895
9329 9511
4751 3926
7489 7114
4996 4779
9993 9116
947 1808
1622 1839
3455 3667
4162 4524
6918 6989
1665 1216
4235 4053
7363 6373
3947 3120
3181 4016
3422 3944
6518 6164
2890 3214
8396 8572
47 876
55 662
1147 1928
7329 7867
6859 7505
8054 8981
6648 6940
7838 7665
3055 2870
4098 4033
28 91
7255 7705
7247 7907
8686 9079
8826 9787
4953 5772
4382 5075
3053 3835
22 749
1365 1863
180 1064
41 359
10602 9801
762 1119
8739 8092
1197 1774
7714 8014
7552 7604
8003 8655
7638 7733
4271 3791
7999 8977
3978 3707
70 717
19 166
2173 1620
6107 6294
1238 1389
62 626
9218 8406
3397 4127
5082 4364
1654 1325
6832 7802
7155 7807
8806 9645
6519 5559
8277 8224
81 475
2992 2220
8450 7670
2667 3217
6597 6253
6876 7167
4155 4035
3974 3302
9126 9813
9592 9603
4960 4532
8285 8254
2348 1381
1504 1881
6234 5663
6787 6258
2054 1783
6386 6279
2765 3115
65 38
3509 3554
7609 8537
40 677
5686 6122
3802 4440
6402 6674
6294 6447
2665 2902
9415 9769
6367 6901
76 506
48 437
8174 8550
1807 1539
9028 8282
9134 9507
6604 7100
4450 3559
47 244
8197 7533
86 153
3955 3166
22 127
10039 9781
5542 5400
10587 9920
6841 6750
1931 1684
5403 4988
4892 4693
97 714
6115 5138
59 564
7754 8298
45 312
21 138
2723 2781
21 229
8273 7837
8371 8652
4268 5040
937 1091
6837 6501
9659 8678
8804 9736
3003 3022
1724 1901
9872 9764
3255 3480
5838 6559
7521 6743
6988 6355
3643 3080
2474 3309
3160 2993
8424 9032
4269 4615
7621 6736
5361 5981
5536 5582
2350 1979
8289 7815
7996 7781
3944 3084
7018 7054
6055 6313
4729 4328
4726 4944
8754 8084
2490 2386
7979 8451
3074 3784
3857 4612
2356 3052
100 552
1453 1696
835 1174
8900 9098
40 19
8454 8741
7920 7454
8771 7851
4827 5361
69 147
4712 5710
11 645
29 351
5315 6139
4116 3953
8798 8648
5528 5403
9092 9942
3074 3037
1887 2493
7765 7358
7184 7035
10564 9803
8996 8890
10401 9437
8803 8603
3628 4474
5440 4973
7859 7289
3399 3906
9271 8283
4952 4394
9513 8837
3044 2051
7873 8718
91 821
688 1225
7071 6243
2239 1293
2896 3182
8359 9151
5778 4812
8089 8309
2797 2177
9945 9908
5933 5994
4294 5122
450 1150
6499 7250
39 893
3152 4070
3403 2970
2210 2084
90 32
2062 1406
4916 4776
8083 8420
3756 3471
3127 2649
6743 7429
2493 2572
2543 1993
5729 5953
6768 6273
2111 1196
9879 9736
6590 6601
7980 7023
3451 3113
10319 9926
8814 7948
1959 1652
4540 4790
2662 3229
6162 6298
6354 5596
7245 6496
1518 1928
4545 5281
1143 2077
6352 6381
7870 8213
8804 9241
702 1502
8602 8413
6683 6134
6159 6465
2039 2314
1532 1170
9065 9536
9818 9761
9170 9239
4925 5486
2254 1557
9422 9322
5692 5870
1954 2659
89 278
2879 3111
52 587
88 542
2754 2854
5255 4801
5502 5116
6523 7026
6995 6457
8135 7201
10071 9413
807 1525
50 311
7556 6731
84 578
3727 4537
5910 5656
5239 5017
1171 1971
2584 1902
6765 6911
6659 6191
6570 6513
5827 6421
4607 4794
2520 1888
63 928
1556 2081
3354 3650
3877 4158
8857 8740
2766 2421
1189 1555
9831 9805
2253 2971
6341 6184
6692 7238
3241 3339
94 306
5915 5814
9144 8373
2349 2823
74 431
5446 6379
3274 3414
4427 5212
6607 6074
4065 3912
2244 2073
7439 7032
6330 6954
29 445
50 657
1351 1204
4926 5311
7461 7059
7190 8023
10301 9911
6555 6391
5660 6117
9297 9202
8975 9957
8919 9604
4221 3864
10011 9127
7322 8142
8692 8190
7739 6832
7412 6506
7238 7370
6742 7667
5809 5025
8724 9309
7543 7495
2887 3007
6612 6721
10072 9849
7316 7639
45 890
4558 3784
7177 7934
8577 8204
4710 5052
21 489
74 752
4292 4652
2788 2667
3743 4421
6971 6618
7599 7657
6657 7413
7441 6956
5572 4752
7510 7210
1785 1248
2184 1558
9555 9223
8363 7908
7320 8127
1816 1014
5959 5581
3702 3402
1624 2414
3222 3005
2054 2980
1928 2665
4040 4715
2221 2641
6288 6292
9115 9846
3037 2674
3305 3538
8863 8912
9484 9049
8843 8126
5304 6036
4704 4469
4433 4366
6949 7617
15 86
7581 6703
8318 8043
6036 5797
896 1563
3391 2651
7190 7275
6847 6644
8535 8028
2871 2142
4229 4433
8503 8346
8858 8615
4918 5654
6388 5767
1576 1914
65 1010
3785 2993
10144 9630
4926 4151
9359 9683
10517 9914
3951 4283
2215 2521
6873 7276
9279 8753
3186 2302
3855 4043
2055 1291
9712 9608
9731 8886
6183 5968
39 292
6635 6177
4721 3812
1166 1913
23 895
7243 6728
7048 6226
8170 8437
3538 3227
4206 3244
26 810
7620 6671
3400 4229
7002 6065
41 817
6001 5109
4716 3857
3958 3922
9945 9290
1892 1533
2761 1909
4675 4661
1681 1447
9643 8646
9323 8526
2152 1383
5540 6209
8412 8707
9654 9636
10619 9849
2909 2363
2596 2207
5411 6181
10486 9503
5031 5446
5477 4788
6141 5887
8862 8343
8973 9837
10738 9748
6436 6023
1149 1429
6992 6431
6706 6361
7916 8144
4149 3453
6763 7084
4940 4082
2676 2662
5517 5366
2023 1115
2625 2153
8844 9620
6270 5464
3089 2919
2257 2483
8271 8347
5918 5012
3664 3166
1895 1876
7499 6509
39 144
57 552
4849 4908
8418 8043
10006 9494
2134 1761
2209 1942
4397 3443
9707 9552
6733 6642
4833 4645
3222 4102
3077 3304
8588 8932
6120 6601
6877 6502
5873 6345
2021 2282
79 534
9481 8971
4201 4428
8981 8837
4991 4251
6936 6415
9029 8300
4957 5309
4212 3838
9428 9644
5865 6320
7462 6576
6179 6604
25 582
9506 8867
8120 7447
5846 5104
2451 2306
2982 3746
5347 5215
2910 2143
957 1755
2168 3148
4629 4212
9910 9417
8231 8878
4885 4145
3967 3428
9732 9067
4534 4370
8788 9483
5598 5932
9748 9440
2282 3146
9808 9660
3267 3612
9174 9805
4976 4216
4974 5568
6376 6195
8244 9143
5356 5646
4476 3676
4207 5072
6443 6187
6446 7285
1655 2510
5680 6479
4541 4676
7047 7452
1195 1767
5794 5617
5761 6449
10260 9903
3743 4185
6719 5922
6749 7457
4963 4502
2663 3639
7090 7658
1978 1982
5750 6255
2936 2465
80 941
5036 4151
9551 9920
5976 6586
6343 6613
6039 6849
8038 7242
78 738
52 429
74 257
3700 4614
8735 8152
7718 7336
6159 6417
1749 1198
4106 4025
4323 4828
7815 7821
10476 9937
8081 7238
8069 8401
6073 6748
5872 6270
3558 3371
4249 5136
6705 5825
7758 8024
5872 5543
7241 7355
4638 4485
4185 4912
3905 4388
9925 8964
7516 7860
8305 9033
5959 6462
2085 2591
6497 7192
7110 6155
5327 5292
74 281
8637 8919
3979 3560
8278 8073
645 1275
2076 3035
4597 3629
8605 9487
6610 6130
6948 6419
1125 1498
2088 2157
9685 9813
7798 7062
6558 5937
5264 5834
4584 4290
2261 1847
8041 7723
4361 4129
9866 9678
8688 8385
10483 9854
3853 3044
2187 2723
21 783
10165 9494
10270 9506
3587 3965
2896 2992
2844 3077
9419 9012
9745 9390
4345 3812
8906 8209
8393 8439
9182 8544
2121 1800
9251 8338
4074 4802
10765 9887
7577 7914
4260 5195
8921 8450
9857 9506
9923 9872
8703 9306
4420 3595
8284 7505
1923 1569
3277 3619
3211 3953
8499 8143
9161 8222
1521 2240
2417 1556
3577 2650
1332 1568
8928 8804
6997 7655
1366 1488
842 1188
3339 3135
9480 8624
4121 4333
2918 2963
4103 5054
1941 2415
10878 9927
8495 8968
3770 4206
10567 9786
2807 3250
7227 8160
4259 4463
4786 4649
3676 4015
10280 9337
1607 1509
2959 3148
3922 2926
2379 1619
1406 1763
2876 3021
3124 2911
2403 2170
73 623
8265 8266
3667 4323
9141 8926
5552 5874
9465 8951
5803 6204
3932 3149
8271 8621
8093 8255
9221 8306
3399 2821
705 1497
5062 4350
16 690
8631 8748
55 39
2803 2104
3028 2752
1663 2200
8717 7893
1974 1729
3508 4291
10193 9948
8594 7838
54 663
6553 6896
1247 1927
3355 3468
8106 7609
5604 6326
4440 4423
2592 2335
2949 3089
8003 8238
9198 9491
7517 7439
8626 7797
1329 1267
4051 3080
2949 2146
2708 1806
9155 8208
6649 6851
6646 7256
9706 9994
7091 6679
3828 3182
8348 9257
80 416
2646 3484
3232 3614
8463 8362
7746 8164
6110 6441
7006 7763
2038 1312
1814 2150
8749 9139
6350 7231
1124 1605
5924 6643
74 975
5086 4870
1440 1122
10658 9715
5673 6193
4411 4380
993 1812
6753 6669
5732 6648
4390 3505
7584 7600
9673 9123
8825 9752
7967 8394
5106 4818
10397 9450
9181 8776
4944 5447
6812 7167
8367 8333
4461 3871
58 217
7984 8571
1978 1936
1959 2894
9998 9445
1631 1093
4185 3569
3253 2254
2401 1437
6168 5605
2185 2001
435 1335
6660 7182
4797 4153
8240 9007
4153 3731
3167 2227
50 498
6887 6662
9229 8699
5234 5865
7057 7448
5530 6249
4017 4641
8678 9653
6512 6867
7731 8544
2171 2464
8538 8284
5717 6352
3376 3311
9578 8647
5077 5855
7329 8202
6374 7343
7593 7076
3826 3146
8536 9304
2245 1951
2728 3357
6972 7191
4522 4308
7837 6982
9128 9801
6335 6241
79 324
3337 3880
798 1454
7176 7635
2889 2920
9176 9754
2235 2508
7584 6656
3574 4563
7864 7275
6744 6999
8700 7928
2418 1607
1659 1809
4115 3666
7325 7548
1462 1249
1689 1024
7904 7612
577 1541
257 1199
6774 6977
5502 6327
2743 2836
38 721
10039 9483
4903 5643
6892 7734
4732 4422
9158 9579
7836 8025
678 1576
2109 1330
2045 2990
4702 5094
1962 1851
5196 5958
5805 6143
10061 9700
449 1411
6363 6421
2958 2679
2981 2790
6032 6039
7192 6570
6500 6363
6920 5989
1768 1291
537 1139
5127 4775
8514 7572
1011 1274
56 61
58 487
2494 2850
7100 8047
68 506
8719 8846
7250 7491
7135 8100
1821 1761
7658 7548
9882 9853
8265 9054
3191 3542
4435 3833
7170 6562
2574 1924
3381 2584
4581 4963
4617 5292
9500 8563
6579 5958
1568 2532
2801 2845
1115 1827
8606 9326
8672 8493
7109 8095
2874 2089
2002 1891
4128 3467
2798 2546
3183 3581
8050 8073
2892 2449
8046 7714
1096 1970
7819 7930
2711 2639
1029 1294
4486 5278
3760 4735
6088 6241
47 99
98 260
3198 2905
5404 6043
8542 8821
6827 5993
7327 8013
5029 4795
14 310
10807 9871
3083 2835
6297 5688
6728 7245
34 785
4549 4422
5049 5213
8346 7645
3915 4194
4534 4379
2697 2163
8854 9259
7694 7572
965 1490
965 1573
8105 8149
8624 9578
7385 6618
1064 1904
9391 8440
4750 4041
8107 7444
9835 9177
2527 2142
2953 2298
1921 1664
66 332
5320 4932
8200 8607
6637 6187
3081 3171
8882 8637
91 895
6586 5654
1632 1916
3745 4527
8347 9141
6103 6749
735 1095
9178 9377
8671 7904
4388 4159
2196 3112
3523 3311
8327 9213
9279 9331
5688 4704
1797 1586
97 384
9185 8693
43 996
6481 7063
9629 9478
4896 5586
9933 9155
40 77
63 484
1967 2230
6682 6914
55 641
6282 5958
1293 2021
2947 3454
7536 7867
7825 8284
6638 6068
2491 2551
939 1015
5479 5726
5413 6340
46 484
5483 5276
6269 7129
9132 9295
7403 6618
7572 7144
6362 6141
788 1332
2109 2556
3394 3758
3985 3686
32 875
9754 9165
6564 6416
75 589
2084 2389
4157 4168
6577 7403
4282 3864
7079 7042
6517 5655
7711 8084
1591 1998
4512 4594
2054 1568
12 612
4440 3768
8838 9045
3458 2873
4162 3250
76 918
7849 7490
8615 7982
4191 5129
6422 7181
5848 5062
9208 9192
3372 3031
5373 5982
5945 5897
1436 1984
78 47
56 829
3903 4781
2907 2157
7847 8275
2911 1920
3783 4017
2296 1986
6945 6598
2729 3030
6178 6038
4565 3987
3290 2505
9303 8689
91 989
1414 1776
7117 6236
2114 1727
2656 1660
980 1017
1057 1646
2612 3560
2459 2960
8910 8937
73 10
8252 8992
5878 6074
6732 6599
2093 2188
8877 8493
2009 2602
4235 5074
11 969
1278 1705
4955 4505
38 331
8772 8879
3030 3921
5396 6023
8749 9254
4895 3900
5860 5173
2148 1694
8036 8327
6755 6449
79 460
8932 8165
10820 9942
7264 6597
83 577
2385 2983
4310 3699
7379 7043
7215 6420
2153 1846
7791 6836
9800 9620
7629 8109
4957 5835
1182 1199
4976 4534
8866 8152
2370 2855
10111 9190
1916 1418
8517 8021
4493 4387
7124 6946
8191 9037
4700 4274
3337 3097
6350 6313
2460 1977
6174 5586
7825 7247
9126 9808
9821 9798
6990 7961
3111 2942
10385 9614
5364 5871
6583 6062
9384 9073
1961 2047
1379 1350
2596 3375
4948 4328
3202 2586
5272 5064
4012 3774
1710 1908
4716 5188
2816 3414
5569 5601
43 607
86 589
3654 3599
5120 5140
3402 3550
9942 9771
29 124
2699 3483
4401 3534
8194 7268
9138 8878
5670 5299
47 733
5326 5334
3644 4221
8467 8185
732 1694
6738 7001
7197 6654
4885 5359
5351 4641
10385 9421
4168 4565
7251 7003
6417 6764
1978 1281
6117 6499
7354 6569
4660 5602
3863 4551
160 1072
6331 5896
75 796
8450 7992
3350 3129
9661 9962
6152 5492
8332 7923
44 55
10009 9685
4457 4833
27 231
1746 1352
10104 9618
5284 4336
1954 2921
9366 9821
5328 5195
2082 2971
4575 3901
5180 5536
2252 2429
48 476
6854 7139
1746 2118
2546 2741
2307 1866
2543 2528
8621 7836
51 970
9233 9315
8849 8118
1490 1785
7827 8063
3675 3908
8047 7584
5659 6313
83 111
7038 6401
4131 3821
7638 8316
1190 1781
6984 6062
2129 1743
40 457
3831 3093
8365 9150
8956 8889
5609 4638
7359 6417
8063 7494
5198 5930
10070 9924
5367 5882
7187 7106
7265 6469
6440 6902
6606 6955
1621 1092
4920 3969
10140 9571
2690 3459
7284 6863
87 448
625 1225
4778 4534
1364 1811
1894 2556
2510 1551
3590 4076
7566 8504
8250 8750
8030 8378
2823 3093
3523 3398
5076 4097
4117 3830
44 820
2835 2745
3152 3990
2693 3114
7792 7116
1392 1365
265 1069
8871 9267
7321 6881
7192 7571
7813 7227
1423 1881
7479 7845
4049 3595
10143 9146
1475 1037
6360 6672
9027 8968
2569 2710
5133 6090
3544 3787
1787 1124
7123 6965
6000 5786
3484 4003
6815 7047
2949 3680
6442 6177
5662 4993
8967 8836
5181 5572
4290 5226
2672 2656
8545 9233
6286 7205
6743 6439
3336 3411
8452 7975
8537 8102
4241 4162
6794 6586
5212 5568
3887 4661
5583 5006
4742 5286
9243 8309
8784 9312
10568 9973
4106 3185
8103 8109
41 245
7759 7110
9021 8827
4629 4819
9167 9866
5759 5347
54 506
4051 4640
39 522
1908 1870
6326 5565
5678 6037
3346 2782
7060 7964
8621 8473
1564 1197
2778 1908
10618 9726
4689 3759
78 765
10469 9669
5652 5567
2483 2109
8029 7114
9884 9592
6971 6174
5734 6136
6964 7620
1883 1527
2886 3269
6166 6413
4349 3632
1891 2377
52 260
8639 9078
10213 9373
80 815
6692 7323
2213 2974
3482 3746
1961 1254
4347 3356
4978 5222
16 524
6114 5813
80 40
100 994
88 274
3595 3810
9326 8435
8784 8363
5693 4899
2693 2664
8549 8202
3107 3615
2254 1906
50 504
1887 2378
7584 7015
4857 4775
3880 3372
6965 6114
27 244
8581 8718
1592 1028
7111 7772
8113 8737
6867 7182
8169 9033
5533 4746
3361 4341
8981 9779
8825 9160
2638 2553
8993 8852
6390 6299
7802 6813
63 468
4244 3296
7049 6520
2409 1746
7608 7767
21 194
8570 8861
40 221
3370 2755
38 332
1828 2524
87 497
7874 6925
6535 6119
8406 8362
9558 9416
6075 6567
7723 7175
8462 9334
67 609
2605 3164
5419 5558
9302 9435
7848 8237
3033 2979
8200 7333
6478 5595
4176 3285
5059 4337
5951 5924
6240 6236
76 250
2443 1601
2647 2880
2847 1900
5381 5595
7754 7062
4672 5526
6624 6223
3058 3464
96 47
3701 3997
2889 3141
7561 7950
1965 1796
2992 3323
7109 6681
7452 7683
5862 5439
8748 8424
7289 6409
3112 3984
1629 2363
7630 7808
7732 7857
40 409
907 1632
7457 7096
924 1170
4112 3212
6197 6396
6231 5679
8515 8376
5974 5643
8699 9621
13 352
795 1164
4509 5470
1700 1660
4252 3511
4615 4657
9445 9398
4164 4024
43 250
6477 6810
5485 5917
3379 3855
1648 1812
3460 3406
3136 3164
1131 1268
4600 5198
7700 7872
7780 7537
5830 6730
777 1646
9456 9609
3541 3251
8310 8373
10248 9256
4446 4441
9050 8375
3208 3457
8342 7790
6742 7538
7590 7074
8463 7467
6332 5830
998 1800
9603 9068
92 425
7262 7699
1353 1940
7891 8710
4701 3860
5275 5231
4863 4008
2384 2058
6686 6986
32 722
6087 6329
7461 8174
8604 8932
41 565
6985 7083
9917 9264
6512 5730
3499 4373
2253 2936
6017 6951
4582 4207
5984 5162
9565 8582
3412 3366
4664 3866
3092 2360
1953 1760
2273 2008
4738 4084
7858 7959
77 12
9198 8698
3162 3892
1594 2233
8719 9490
7661 7992
4889 5194
7014 7304
3001 3966
3495 4445
8958 9928
6721 7416
8464 8492
3417 2800
5914 5634
9221 9803
3389 3500
8514 9075
1939 2892
7694 7154
3183 2835
5927 5012
5019 4634
2888 2076
4973 5481
5664 6287
1576 2217
5098 5075
5051 5438
5838 5752
1602 2572
4738 5442
4657 5644
9198 9231
8396 8389
633 1093
9908 8920
2561 1859
32 831
5178 6075
1532 1973
6044 6457
4869 4258
3763 4507
99 268
1299 2059
7602 6865
6742 6954
779 1235
1363 1840
6005 5379
69 157
1509 1373
28 223
6637 6680
5759 6711
3104 3797
9901 9098
2322 2012
2932 2358
7934 7414
7366 6567
2851 3781
9694 8777
31 547
3379 4298
2532 3017
8382 8406
8032 8796
1253 1271
2405 3002
10431 9973
10879 9993
4723 3813
2938 3755
2050 2012
7562 8210
3443 3936
3585 3372
5012 5872
6339 6458
75 77
3633 4193
900 1387
8278 7933
9319 8821
5748 5373
4146 4336
3326 4025
3233 2557
6396 6333
6790 6699
7350 7810
5736 6050
6223 6444
3066 3750
301 1185
4664 3732
10769 9823
8935 9410
44 472
8676 7803
4513 4531
5135 4276
8267 8119
7738 8094
6799 5951
70 502
4437 3631
11 889
3325 3005
4929 5205
6858 7665
1068 1544
9274 8666
6890 7710
4728 3894
10457 9541
6584 6233
4434 5256
6157 6458
5035 5986
2155 3040
9405 9224
2625 3339
6009 6713
7631 7317
8541 9033
5050 4989
4457 3728
51 122
9628 9036
9556 9888
9113 9198
3793 4402
1668 2072
5006 4706
2763 3459
8491 8060
3471 2669
7523 7396
4609 4647
3040 2876
10012 9416
6420 5421
4514 5283
9856 9054
1699 1050
9245 9442
4457 4808
4144 3934
5517 5721
6757 6315
1454 1404
5110 4739
3591 2615
8194 7512
9435 8650
5787 4931
9866 9935
80 745
4528 5089
6615 6514
5217 5715
2235 2956
6540 6580
9650 9783
8200 7237
8109 8285
4055 3131
5518 6377
1927 1731
8280 8962
8581 8517
4430 3893
46 267
93 429
1214 1515
8957 9185
3590 3379
9632 9485
1617 2113
9265 9316
81 227
5696 6187
6043 5698
8977 9682
8390 9110
9386 9075
9834 9091
80 593
3715 3295
5857 5473
7119 6865
7849 7381
5654 4703
5037 4776
1834 2342
8660 8643
1060 1525
9227 8973
8184 8292
5499 6127
5938 5340
4625 5525
50 991
2477 1864
1654 1499
7571 8195
41 544
8721 9375
7407 8296
69 540
2817 2516
6218 5679
6240 5992
4852 4847
7537 7023
44 595
8694 8303
5089 5958
329 1111
6293 5756
8926 9753
1351 1642
6050 6747
38 79
5226 4639
8498 8894
192 1087
4932 4618
5202 4369
5444 5734
5862 5203
9807 8982
86 739
2655 2141
2410 2910
8988 9412
87 875
822 1672
4638 3826
7327 6958
8471 9103
4541 4105
3419 3958
57 848
4268 4216
20 292
7245 7720
10280 9963
4923 5749
1865 2481
55 552
4717 4639
7115 6543
52 963
7861 7965
6264 6994
1140 1916
5076 5409
762 1747
5884 5949
14 899
3260 3576
9997 9876
8265 8948
6271 6946
48 457
4715 4018
6518 6165
6447 5705
8812 7814
9031 9701
7639 7529
10295 9873
5298 4671
7984 8033
6749 7610
2981 2484
2896 2639
57 139
3063 2157
1663 1955
5724 6591
5113 4812
4892 4535
2401 2670
4553 3795
8972 8684
4177 3832
7924 8924
1937 1194
19 450
6349 6201
7585 8048
6983 7281
9755 8927
1778 1674
96 173
7394 6642
761 1316
6088 6145
2346 2073
2789 2713
3117 2294
10429 9949
3811 4235
1575 1588
8103 7794
4617 4849
7370 7879
1709 1990
5002 4933
1742 1249
68 317
6323 6037
5505 5911
5336 5591
7993 7958
2233 2797
5180 5718
5967 6763
2477 2115
4874 3975
10 578
2441 3368
7384 6601
6529 5583
7673 6839
3223 2521
5484 5758
9485 9769
8605 9461
468 1209
7607 6700
9442 9985
5362 5910
692 1119
9917 9415
3698 4061
1674 2297
47 656
7211 7782
4126 4703
8764 8612
2492 2805
21 216
2385 1663
5145 4345
16 682
9987 9813
4594 3751
1801 1784
2879 2767
2620 2632
2556 2250
6057 7031
4880 5301
10076 9535
1697 2652
6572 6115
4030 4199
3232 2343
6122 6795
1721 1977
1622 1334
9519 9588
62 78
5074 4860
6348 6555
6448 7152
6313 6860
1038 1823
7184 6796
6330 6196
7165 7428
8152 7549
5284 4437
6986 6011
78 891
6026 5317
9464 9629
6970 7772
5693 6063
1348 1648
8246 8827
3434 4272
3839 3553
8289 8504
5140 5660
782 1229
2067 2851
2925 3306
8635 8419
2112 1301
8777 8710
7828 6841
9735 9213
1885 1185
8915 8119
8799 8564
2733 2586
4307 3905
9085 8637
6291 6566
2042 1654
8855 8634
5025 5837
3879 3845
6041 6526
7170 7438
7973 7163
2793 2092
7164 7155
2394 1867
1477 1636
4621 4155
6490 6182
3316 2514
3126 3449
4584 4936
4086 3993
353 1195
7297 7959
3640 4422
47 867
9575 9242
4180 3384
47 47
7270 7999
10430 9659
5285 6130
6209 5744
7026 6201
8799 8909
5659 5690
1538 2071
8647 8173
3384 3969
3998 3610
8098 8854
3314 2809
70 887
7657 7874
1640 2459
6223 7117
1611 1788
4798 5394
7356 6703
5805 5117
8721 8777
50 977
23 592
1524 2085
739 1314
4841 4269
5741 6255
89 154
100 970
3242 3122
5021 5024
9085 9230
8830 8910
6512 5696
7316 8279
1379 2334
6770 7072
8223 7998
2745 2820
18 694
4456 4115
9872 9320
3628 2838
4938 5867
9548 9334
6102 6876
77 196
8038 8379
6579 5740
4264 5114
2683 3331
6651 6641
9514 9937
9497 8784
7233 6499
1714 2119
4315 3712
25 470
1632 1126
7519 7775
6726 7000
93 891
2571 2550
1139 1709
6176 5759
4030 3236
5060 4490
9536 9625
83 299
7811 7084
4336 4209
515 1213
9287 9456
6244 6892
2042 1861
7007 7984
84 839
938 1385
3930 4846
1817 1372
3376 3553
8108 8235
2225 2502
3264 3424
1412 1435
7062 7251
6663 7123
6300 5471
5487 4853
7101 7101
9193 8996
11 203
9527 9859
5830 5629
851 1530
7275 7179
7970 8611
2831 2342
3921 4537
6970 6811
8824 9547
82 265
8866 9077
10231 9379
1677 1080
10573 9643
2112 1456
3952 4034
5312 5935
5613 5973
4779 4241
6668 7289
3049 3723
3375 2876
3466 4105
2407 2162
4569 5095
9358 9309
43 722
1668 1346
2522 3455
1927 1118
9033 9980
92 760
9884 9027
5728 6175
7649 8344
9269 9674
6834 6293
6411 6156
7135 6204
594 1443
79 911
3827 4089
67 196
8491 8686
7139 7675
65 977
8986 8887
5101 4728
2166 2979
9680 9053
4783 5336
8007 8086
3156 2191
65 153
1373 1034
2011 2961
8812 7833
8620 9606
8371 7409
9255 9196
1870 1551
6313 6437
8802 8879
9746 9575
52 356
8244 8280
7228 7415
5747 5722
3706 4255
3288 3752
5452 4516
30 120
5913 5531
3916 3098
2817 2069
2240 2661
6693 6977
9020 9400
46 96
3533 2806
3105 3824
3958 4175
2073 2635
5118 5266
5387 4481
2470 2615
7771 8430
3330 2503
2337 1816
2044 2962
9036 9367
96 491
8251 7437
5627 5895
3707 4413
8784 8162
1023 1763
35 150
2743 3131
7681 7602
5786 5586
1452 1745
3889 4802
1817 1251
9372 9893
6190 6570
9156 8936
1125 1268
1758 2453
78 301
5414 4453
4166 3288
6295 6681
4123 4758
31 226
5614 4656
9381 8562
5748 6644
4341 3793
49 257
15 80
24 225
6230 5747
6804 7316
18 473
1790 2670
5532 6313
5086 5012
4059 4156
3585 3692
5652 4726
73 232
8514 8093
2885 3378
2052 1072
7851 7922
143 1027
3838 4717
3082 2387
3097 2666
6113 6313
9648 8874
1268 2053
10012 9856
8987 9390
53 628
3228 2449
56 263
6286 6788
2727 2781
2326 1843
54 512
6805 6234
4371 4994
8313 9272
9402 9549
49 121
4146 4590
4463 4053
85 484
1573 2039
7765 7246
5254 4851
1718 1790
9566 9416
4767 4196
865 1425
6028 6795
3225 2354
10550 9970
10405 9501
5413 5607
7363 7072
4781 4863
9330 9406
9958 9308
6306 6911
1721 1627
3044 3415
2004 2325
8502 7526
7839 8062
3965 4362
5892 5772
3757 2826
6335 5809
10282 9911
5232 5816
9957 9767
74 594
10788 9912
9764 9482
3040 2107
6910 6525
1741 2390
8475 8769
2242 1598
6863 7327
5444 5583
6910 6355
7246 7733
967 1644
7008 7241
63 576
3782 3731
3241 3709
8418 8591
6952 7380
8697 9208
2645 2918
6837 7222
5349 6116
5226 6086
4396 3561
57 514
98 679
2779 1850
90 986
2939 3096
7211 6851
10777 9929
57 503
525 1280
3845 4521
55 282
8492 9217
9967 9333
6305 6791
8780 8491
6562 5636
4241 3681
6177 6410
94 947
7334 7716
3192 3994
6716 7100
5017 4106
6727 6293
2630 2761
8462 8810
53 889
3357 2918
6846 7365
2838 2696
6039 6951
6483 6571
815 1759
5345 4732
6846 6254
1341 1336
6321 5734
8678 9299
2200 1770
775 1467
10398 9879
51 869
6200 6474
4679 3863
6721 7442
6277 6053
6062 5279
3046 3649
9159 8939
4375 4524
3431 3650
62 325
6573 6149
8219 7400
52 206
7499 7726
7159 6407
9574 9229
4027 3370
3723 3813
5871 5820
8677 8666
3926 4720
9163 8198
4419 4974
4372 4269
28 552
5137 5286
10209 9403
10476 9988
3114 3004
3733 4202
1395 1781
6926 7245
2165 2465
5267 4540
5516 4730
8883 9384
8013 8357
4218 3833
4669 4362
10144 9147
4452 5294
74 430
4333 4809
5144 5778
5610 4693
6151 5376
8514 7725
6242 5392
3266 4053
7053 7513
280 1268
9353 9603
8126 7946
3085 2378
3203 2579
4393 4728
701 1465
4130 4548
10147 9465
80 157
926 1832
62 439
3012 2504
4570 4514
6845 6464
2768 2695
8266 8039
1836 1022
4139 4143
2799 2920
5904 5654
1690 1380
5596 5065
2178 1304
3376 2497
1726 1929
9873 9933
5407 5353
5799 6647
85 190
50 74
9436 8894
8516 9267
7549 8504
9026 9739
6594 6102
6815 7523
2412 2960
8452 8183
7960 8351
767 1368
1752 2574
3766 4183
90 516
7694 7708
1582 2001
4666 3807
2472 1490
6456 5638
8382 7948
6494 6405
8057 7362
2872 2452
3220 3418
3426 2736
9054 9651
44 898
6796 6313
9125 8743
2916 2018
5668 5894
62 511
10343 9537
4790 4080
31 615
8998 9024
8681 8778
3983 4813
8926 8622
1792 2272
2529 3361
9423 9341
3021 2675
4630 4786
1328 1532
1045 1815
4551 4171
5765 6199
4469 4140
658 1515
10745 9958
9856 9654
87 38
3282 3278
51 639
3269 3892
10210 9438
4119 4644
3237 2960
1431 2043
3141 3488
5134 5675
4187 3986
58 567
6329 6783
7348 8189
1282 1125
8537 8010
6918 7208
5804 5918
6342 5596
7057 7554
6147 6408
3305 3760
4823 4050
3558 3270
4881 4317
5806 5531
721 1622
5857 6175
5904 6899
2389 2281
5149 4858
5858 5783
5651 5303
65 505
533 1372
6987 6629
9260 9963
8050 8477
3430 3989
5998 5877
4337 4102
9389 8572
7423 6718
8448 9417
2811 3040
1509 1503
10060 9974
7839 8324
6741 5894
3422 3704
3422 3969
28 394
3616 4181
13 223
5009 4103
3425 2560
9550 9147
8523 9302
6412 7319
4662 4403
4616 4502
9434 8706
7309 7611
57 893
64 438
2440 1807
9021 8214
6924 7469
2174 1870
1594 1502
5791 5555
3227 3035
8936 8678
8544 8189
9688 9794
8648 8884
2632 2420
5742 4998
8625 7816
6103 5557
3665 2882
6889 7851
8104 7403
2806 2778
3604 3581
87 434
1197 2176
3293 2519
4043 3538
4733 3842
7186 7233
79 377
623 1122
4043 3128
2692 2443
8271 7626
6005 5660
1016 1900
8842 8854
1982 2364
1982 1561
7342 6548
1638 1727
3095 2351
6397 5695
7483 7993
7226 6589
4281 4302
6741 7142
4834 5135
2046 1441
9446 9567
8553 7994
9420 9108
7815 8308
2219 1773
7124 6947
27 152
3498 2899
1670 1111
9268 8272
797 1190
3904 4498
3211 3811
7525 7881
7711 6873
6828 5933
7640 7893
1951 1695
4507 4529
6395 6484
3887 3424
8309 8773
5149 4519
6521 6817
7199 6470
4189 5110
2676 3313
6260 6722
8470 7933
5800 6238
4784 3984
27 375
25 818
3596 4107
8626 8713
6848 7622
5496 5309
8163 7241
2162 2772
4120 3522
2651 3035
4186 3467
8040 7290
2740 2367
4856 5499
3501 3157
5997 5589
6326 5596
3846 3294
54 389
7868 8703
6547 7419
2668 3619
8350 8581
9027 9928
9029 8553
92 932
97 799
7960 8300
3500 3672
3122 2896
6468 7403
7277 7321
4137 4522
8979 9029
8735 9047
2648 2299
10037 9592
3252 3402
6705 5752
2130 2918
6131 6792
4164 5121
3063 2240
5954 6928
8804 9752
6096 7092
10 167
2415 2162
84 567
8848 8202
4494 3805
9312 8860
6315 7169
5550 4781
8436 9318
4377 4141
7000 6284
7429 7671
5880 6287
2060 1464
2524 2150
1717 2036
3833 3087
9512 8723
4066 4877
5205 5049
959 1135
9659 8739
4039 3684
6155 6434
3971 3779
6619 5918
5411 4593
1408 1509
3093 3758
3383 4026
2298 3155
1830 2187
4100 3414
9183 9357
10768 9878
4707 5541
6777 7416
6875 5940
67 517
9278 9776
9943 9289
6520 6793
3112 2937
7114 6864
11 379
4576 5052
7721 7440
8499 7906
8122 8995
7735 7051
9344 9260
3647 4388
9263 8594
7324 6664
8121 7983
9685 9568
83 884
6757 6963
1917 1997
7268 7798
5505 4692
7068 6935
10323 9924
21 742
9135 8860
2682 3176
5259 5637
39 466
9089 9110
8031 8476
7911 8322
5678 5351
3497 3761
7304 8182
3561 4308
6104 6198
7540 7571
3098 3202
5697 5792
4073 4037
1989 2580
6101 6894
4316 4320
5737 5426
6437 6988
4037 3935
5653 5451
3102 2985
7553 7356
6546 5697
6351 7205
1972 2648
7682 7735
4916 5161
2334 1509
2035 2870
3978 3796
38 158
4560 3988
2893 2275
4928 5614
7904 7872
2528 2209
7687 7390
8800 8374
7965 8528
10221 9570
2350 2794
7408 8279
33 527
10378 9618
9752 9123
8195 8570
9636 9413
8609 8677
7172 8136
7927 8111
3788 2880
61 900
2263 1661
4274 4872
5071 5330
2291 2958
1622 1876
7796 8262
9149 9999
4905 5443
7658 7920
7169 6957
3414 2832
4074 3772
8516 7664
10436 9514
10298 9660
9655 9294
3502 3488
1338 1122
2878 2249
6090 6121
9489 9363
3961 3957
3421 4013
4957 4863
2253 1690
70 195
99 167
6609 6754
9232 9807
78 763
6474 7393
3317 4106
2174 2031
6588 5802
4608 3901
6267 7264
2800 2797
9703 8925
3519 3086
9629 8973
3763 3263
1112 1362
81 523
8633 9571
3023 2234
8568 8088
5667 4791
7891 7195
1210 1660
7678 8393
3430 3850
7692 7322
1323 1999
10014 9327
9012 9971
3386 3212
4574 3742
1890 2340
9223 9308
9847 8969
4358 3407
6924 6193
4342 3895
3787 4468
72 638
5582 5791
4622 5209
90 428
7666 7823
6008 6548
3396 3279
9967 9875
5592 5246
10 367
5417 5014
4652 4454
2870 2498
2219 3212
1591 1367
6964 7651
4377 3860
7748 7985
7932 8818
3303 3440
6728 6550
6679 5970
1531 1897
9348 8384
41 941
1127 1887
6619 7221
5407 6213
5450 5490
6655 7570
5539 4834
1438 1212
6561 6866
11 478
72 320
1275 1706
2529 2391
2513 2215
4167 4336
70 441
6950 6384
5885 6206
3889 3930
8092 8945
5106 4957
5663 5793
6779 7717
47 848
2287 1458
7523 6716
16 77
7117 7048
4521 5260
4459 4591
6836 7239
2479 3295
8947 8758
3062 3381
80 726
3186 2503
5349 6335
50 515
8487 8051
5145 5833
8192 7454
17 416
6702 7453
5216 4419
4248 3535
70 251
8897 8117
5306 4344
2149 2733
6081 5613
9130 8932
5554 5182
7212 7018
2911 1982
2034 1396
6880 6323
4453 5005
7092 7098
4924 4240
5163 6022
10451 9474
2547 3009
94 581
47 283
31 751
4605 5543
6779 7080
7388 8169
3423 4010
8033 8716
64 778
2463 2485
6499 5599
66 863
5067 5116
9100 8588
7438 6850
4311 4176
1428 2021
7723 7652
7798 7864
5066 5790
4674 4891
10253 9434
8536 9108
4410 4379
2603 1762
10131 9726
2883 3509
3943 3798
43 751
6892 5910
6039 5833
32 522
1371 1118
49 382
8019 8235
3653 3964
8090 7273
61 241
4563 4373
9170 8374
5162 4826
2752 1875
4052 3229
8610 8248
6717 6380
9451 9034
10040 9983
2592 2632
3864 4017
2982 3264
1021 1725
7902 8800
6669 7293
287 1123
3549 4450
3137 3986
6227 7153
3038 3161
8012 8660
32 610
4628 5008
9092 8535
8577 7599
82 421
6424 5640
5709 5710
3197 2691
6562 7512
7631 8577
9565 9312
74 387
9428 8916
10559 9949
5609 5535
7276 7678
5780 4868
8033 8654
2069 1520
2881 2659
82 893
610 1377
2565 3071
42 443
8169 8949
323 1060
2624 2558
8488 8475
10454 9877
5337 5869
43 765
3945 4729
480 1214
8838 9712
8925 9901
7444 6873
3410 2792
1991 2927
4550 5067
10582 9964
5204 5181
93 376
8407 7570
2717 2921
4812 5200
8979 9161
9808 9988
2037 2698
90 245
3247 4225
9302 8331
1689 1067
6932 7118
6328 6161
1214 2029
5407 5179
3740 3568
7336 6606
8453 8095
5886 6180
5978 5602
7406 6561
2346 2095
13 920
4668 4993
23 203
6057 6016
5825 5834
7725 8376
4908 5496
4110 3342
2461 2652
4256 4643
8408 9089
5911 6308
5448 6342
5628 5689
64 840
2541 2397
4637 4825
7209 7712
3217 4181
966 1803
3081 2710
4790 4527
4528 3794
7095 7553
9374 8841
4656 4866
9827 9743
654 1406
5585 5542
10616 9780
4542 3713
6726 7097
6689 6042
1140 1587
4288 5045
85 285
84 168
1677 1632
9526 9413
6260 5378
66 608
79 815
5283 4894
3984 4613
3785 4738
6246 5580
4953 5347
7504 7254
1512 1111
7712 7237
6037 6124
61 373
2507 1785
7662 8562
8591 9405
8160 8210
32 821
8334 9193
3507 3783
58 970
10752 9878
2205 2477
5854 4859
8473 8051
8024 7304
4316 4967
5236 5475
7781 7936
7020 6850
9945 9961
6600 7236
4844 4549
4178 3313
4394 4026
2013 2966
9215 9342
7086 6508
3505 4429
86 740
2115 2805
3259 2847
1067 1953
2249 1519
4645 5435
9522 9076
6621 6391
773 1054
5545 5474
27 1006
7051 7486
14 693
7183 6422
3866 3974
4563 4215
2704 3401
3412 3082
9669 9593
1384 1025
19 327
6059 6315
46 603
3727 2816
9440 9067
8994 8499
6381 5937
5446 4887
3994 4032
8086 8820
6573 6704
98 141
7675 6910
2077 1601
2992 2526
8329 8604
4054 4962
7999 7850
8467 8491
6622 6546
5850 5058
7677 7038
42 363
4751 4927
4262 5008
8912 7961
437 1090
6594 6117
4123 5117
6930 6791
3743 4627
6415 6294
692 1102
7030 6708
6025 6545
5486 5862
3831 3662
5504 5284
70 968
2616 2119
92 323
42 908
3684 3142
1996 1419
5056 5293
5805 6499
9281 8457
4811 4917
818 1477
5203 5455
7249 8050
67 262
5442 5851
8122 7770
3494 3858
7028 7136
6467 5590
3423 4009
7341 6478
1312 2016
6864 6040
3480 4008
8109 8595
7514 7504
6604 6441
8133 7763
7106 6528
2302 2323
8625 8495
98 458
41 279
996 1823
9572 8817
6657 6168
9554 9664
4813 5579
5164 5363
2073 1622
2595 3513
6012 6315
4711 5236
1622 2002
7768 8049
1632 1453
2820 1912
506 1301
4981 5960
7666 8349
54 235
7787 8069
765 1146
1702 1614
6879 6918
4715 5262
3740 4199
7869 8572
10228 9947
2069 3002
44 506
8832 8482
3405 3590
6823 6230
8851 8715
4198 4222
9752 9693
4295 4738
3084 2917
8422 7531
6856 6153
1873 1901
5995 6910
9893 9858
3688 4000
3266 2628
62 201
4732 4013
10388 9941
3615 4161
8538 8795
2668 2373
2846 2967
10176 9519
6049 5980
7766 6982
5234 4297
3446 2919
14 66
6734 6679
363 1290
839 1654
4018 4466
4646 4779
9854 9910
4465 4432
4254 4522
9734 9133
9408 9442
9909 9364
3079 3863
9812 9166
4346 4751
9245 9206
7533 8508
9391 9243
2467 1680
9537 9740
3817 2841
1943 2048
2959 3022
4245 4613
6280 5562
9647 9223
3292 3296
1562 1071
8295 8855
3416 4257
2369 2348
7502 6710
51 724
17 380
8686 8738
4631 4894
3238 3499
9026 8739
1557 1519
675 1333
2338 3181
6864 7594
6012 5144
69 903
9037 9174
9584 9790
2986 3718
2624 1764
7109 6764
10653 9754
490 1439
2151 1431
10514 9588
62 407
75 92
6057 6580
5129 4166
5471 4967
3375 3715
8997 9743
6678 5967
9750 8759
3539 2772
8502 7627
4128 3356
10 190
3303 3671
7381 7332
4646 5308
5546 5471
4474 5045
38 190
1096 1191
4677 3851
1462 1816
9005 8662
1095 1943
2577 2131
2041 1586
4630 5330
5267 6204
7572 7531
8012 7786
3404 3990
1920 2754
3315 2616
10315 9522
67 65
9046 9956
80 548
3240 2338
8294 7452
9329 8682
8939 8167
5894 6520
9150 9026
19 55
7795 8467
4992 5032
6975 6618
9401 9725
4756 4342
8348 8449
7105 7237
4616 5462
8524 9019
8029 7587
8345 8297
8366 7609
4302 3763
4926 4798
7740 7790
6956 6907
4061 4843
817 1783
6486 5977
8388 7483
1460 1036
2982 2593
3805 3474
9304 8366
4407 5080
45 973
7802 7420
5206 5497
5247 5531
2827 3034
7200 7923
6350 6608
4159 5146
10628 9990
4519 4797
2444 3206
5260 5880
2650 3394
8467 8182
2093 2616
552 1348
9247 8825
8976 8698
89 876
2465 2220
5443 4758
7235 6579
8681 8845
7295 6456
9050 8408
1691 2312
3108 3783
1254 2144
7608 6962
1552 2168
3524 3331
8984 8654
10634 9983
4927 4978
5908 6637
10028 9619
5934 6842
5555 5300
1442 2009
5963 5888
3424 3271
2760 2211
485 1308
10307 9697
6159 5538
3861 3071
7801 7748
7985 8786
4539 4641
1571 2313
1197 1895
9331 9947
71 125
7774 7004
2086 1216
3968 2989
4545 4700
5289 4323
51 563
1597 1811
8325 8037
4954 5776
5922 6359
6608 5939
8459 8367
20 368
6066 5649
8400 8331
7754 6900
6435 5842
7328 6750
3543 3123
6044 6342
2674 3617
5610 5642
4980 5551
2342 1938
3550 3059
10428 9435
73 311
2045 2528
7527 6776
5034 5717
8306 8106
2032 1194
5979 5688
3507 4445
75 840
5116 4226
5007 4893
5887 5912
35 525
4263 3599
3396 4147
6475 6749
2478 1957
2733 2004
4127 3534
96 576
1914 1874
5150 5989
8827 8111
6212 5409
5648 4911
87 132
8447 9012
8198 7838
7294 6973
2432 3017
6516 7178
2636 1721
1905 1316
10315 9786
14 698
9127 9120
1865 1246
4749 5131
2859 3856
10091 9212
3866 4108
5964 5718
53 956
788 1566
3424 3880
6004 6908
7192 6233
3345 2668
63 415
3486 3554
8179 8886
593 1396
3755 3497
7458 7657
7212 7293
9685 8986
4690 4153
4246 3665
1830 1401
2490 3070
24 342
7183 6829
6209 6667
89 412
2495 2562
34 624
196 1072
7256 7015
6204 6051
9906 9441
1878 1592
39 533
1512 2405
10074 9665
68 193
7014 7851
8324 8873
2960 2884
2211 1371
1405 1081
6588 6026
4087 4657
7048 7794
3460 2813
6648 6137
7155 6856
4415 3790
831 1249
6975 7314
1294 1768
9624 9929
7376 7915
10236 9634
4131 4455
8858 9708
2057 2604
3886 3345
3352 3567
48 91
5606 4803
8103 8452
6111 7087
6220 5805
3418 2536
2603 2686
3034 3562
6038 5864
4473 4071
8703 8183
1399 1308
5862 5932
8631 8705
9935 8942
676 1550
5617 6553
717 1674
5912 5797
3100 2660
3976 4568
4202 4301
3556 3563
9039 9257
3706 4265
8270 9096
3020 2049
4397 4419
4420 5342
47 275
3367 2820
6130 5783
1316 2190
7594 7007
3827 3627
3903 3562
9263 9291
6311 5503
6472 7459
5855 5476
5913 6408
7492 7686
10779 9975
3311 3255
4053 4212
30 619
6182 5299
6658 6345
1598 2412
7997 8593
79 98
96 688
7673 6986
9292 9816
9753 8907
5315 5910
5208 5838
2615 3596
8620 9414
5978 5307
9112 8991
3714 4650
9375 9632
1732 2178
2191 1591
6180 6907
9808 9911
4856 5732
4964 5308
5379 6018
4151 3519
5737 5851
8537 9132
4156 5113
8474 8562
6012 5028
7181 6999
9801 9013
2245 1767
2448 3219
6213 7172
2131 2751
2476 2053
9299 9911
5636 5141
1292 1912
2330 3245
9031 9621
5421 5195
9978 9486
3457 4025
4939 3998
3458 3662
9504 9028
7166 7938
1115 1736
2137 2177
2225 1413
827 1376
5768 6009
9644 9907
2183 2232
7066 7824
5874 5501
5698 5715
6624 5896
86 123
3165 4017
3661 3574
8072 8011
273 1259
1408 1894
5604 4626
5381 6163
98 231
5580 6102
4799 4283
4309 4835
1290 1584
8962 8049
3623 3381
6009 5523
10814 9816
6726 6484
10449 9513
8215 7315
8568 8960
8762 8961
4495 4413
92 495
6754 7726
9753 9612
5620 5873
5525 5242
6215 5872
1597 1861
3054 2404
8083 7655
7588 7054
5110 5452
4479 3509
5385 5912
3682 4469
8997 8664
5786 6344
2925 3196
2286 2654
6035 5974
7550 8133
1970 1083
40 133
8297 8016
3922 4587
7201 8018
8822 8913
5485 5775
4540 3541
9015 9352
3820 2927
5581 4985
1632 1939
8144 7446
2067 2309
9041 8769
1335 1038
3978 4154
3809 4550
1211 2149
15 896
6878 7729
4628 4121
10175 9280
4438 4614
1284 1814
4793 4530
4547 5498
6109 6104
9345 9058
1661 1422
10537 9621
5748 6404
9835 9910
3017 3808
2192 1857
7639 7516
3329 4201
3042 4020
4482 4457
6970 7777
5190 5104
2859 3133
7478 8166
2768 2851
3092 2510
5789 6656
5007 5414
3280 2955
10810 9903
2905 2391
3619 3796
2377 2091
1323 1244
8884 9845
6704 7251
7984 7453
3594 3946
8041 8659
7981 7077
7528 6763
2871 3148
7524 7927
9558 9179
6748 5913
7174 7220
5244 4699
3019 3718
8084 8762
8152 8576
7335 8131
6891 7812
9802 9255
9430 9240
4834 4508
4657 4189
9407 9151
4848 5196
8016 7196
2438 2318
8766 8496
5760 6680
3734 3808
5179 5683
5348 5161
31 212
9138 8965
253 1039
2588 2560
9341 9848
730 1296
1452 1601
4071 4640
41 12
8614 9320
8951 9637
8513 8462
5323 4902
1238 1128
3746 3443
1693 2543
4059 4693
2402 1597
3460 2705
7192 8180
1901 1172
1588 2347
1022 1620
9753 9192
5624 5590
6696 6928
8061 7614
2116 1328
8684 9081
6772 7077
2110 2067
8508 9234
2286 2117
9365 9052
1284 1252
7763 8750
5835 5764
9950 9147
6163 7114
663 1552
3323 2572
3556 3986
2605 2525
2498 2086
4985 4479
6322 7013
2980 3344
5439 5255
8236 8915
6423 5482
3243 3383
2010 1793
635 1526
6179 5214
5472 4926
8744 7943
3041 3123
6188 6478
6767 7370
6876 7211
60 671
6222 6957
4197 3675
3628 4075
5318 6111
65 116
2733 1937
6322 6594
88 14
3506 3492
1809 1250
6050 5960
5062 5280
3787 4536
8677 7813
7841 7978
8249 7562
3229 2651
1908 1199
3140 4012
4382 3492
1845 1623
7322 7856
2528 3160
50 515
2263 2324
5867 5102
7002 7039
5821 5945
67 468
10127 9887
7399 7581
3314 2713
8882 8320
50 658
5436 5959
4188 3988
2540 2002
4429 4697
3697 3300
2850 2485
430 1113
5604 6432
5035 4858
5890 5178
6358 5855
5630 5144
8582 8171
4439 5391
9219 8795
10090 9296
1778 1671
89 199
8554 7805
64 527
9563 8632
3079 2953
8365 8196
7865 7673
6374 5894
2027 1736
6541 6448
7952 8877
56 109
3575 4286
3890 3032
5787 6291
8473 9260
4143 4663
93 530
8098 7668
3998 3161
1502 2166
626 1376
6828 6137
5736 6235
4860 4258
9443 8533
74 73
2759 2299
6874 7345
9200 8679
4925 4382
4988 5695
4837 5670
2312 3208
1511 2232
78 591
3065 2231
8951 8790
3259 2883
2437 2415
593 1226
6767 5900
476 1196
7468 7097
10072 9308
5726 5754
6295 7045
5390 5104
3518 3343
35 724
9516 9644
9936 8938
2681 3268
9029 8927
3451 2995
2278 3074
8403 8027
2027 2398
39 603
4797 4827
3206 3435
1912 1801
2704 3417
6753 7316
4212 4501
4826 5701
19 351
6690 6139
8219 7316
3114 3999
6765 6196
2005 1430
97 842
2789 1914
4403 4504
51 907
2830 2000
10161 9855
1598 1402
9309 8941
8437 9432
7907 8696
2749 2038
8531 8014
7860 7891
2132 1154
1116 1793
3153 2313
3259 3253
5069 4133
1980 1781
6590 7329
83 887
10532 9568
1328 1964
9044 9839
73 328
5756 5593
9066 9669
6236 7052
3191 2922
8210 8291
2792 3699
6295 5302
2150 1352
8785 9585
5162 4407
7893 8436
10173 9482
9191 9683
9168 8307
8108 7182
6769 7385
5497 5972
3705 3330
4977 4800
6061 6094
1554 2459
4761 4407
3808 4246
4538 4501
6649 6115
3394 3159
9164 9421
1074 1275
1393 2124
9504 8932
4566 4167
77 222
1871 2264
10374 9742
6724 7667
5970 5723
7391 6987
9627 8887
23 426
6412 5627
1806 1595
1516 1238
6831 7683
10639 9866
8453 8362
3554 2999
6936 6688
5843 5667
936 1595
9385 9574
2534 3145
2147 1234
58 111
1287 1194
5954 5274
5483 5247
4840 5350
2481 3184
8249 9007
8487 8067
8763 8217
4750 5091
6010 5233
4345 4376
6933 6956
9448 9715
2795 2936
75 325
17 69
1070 1496
8760 8564
4972 5729
6758 6672
2343 1662
60 999
4433 5260
5936 6002
5231 6206
3595 2953
7616 7895
3601 4462
3093 2249
6421 6030
919 1096
3771 3251
41 272
18 381
2807 2492
1700 1302
4134 4484
6940 6241
1899 1062
3826 4415
8051 7593
6673 6887
7843 8404
2840 3336
2430 2618
9352 9566
4600 4240
3787 3689
3281 3783
2902 2817
6691 6217
9453 9922
1151 2041
9582 9954
7691 7636
33 837
3888 4031
8043 8940
4516 4817
2918 2901
6661 5922
7257 6276
31 591
993 1332
62 728
6023 6885
8199 8111
6956 7244
3238 2748
2576 2590
9223 8501
5382 5237
7664 7644
9588 8720
8116 7179
7104 6457
6512 6155
4440 4701
1438 1152
1580 2525
4531 3712
3354 2726
66 865
4836 4505
9120 9742
2321 2275
4296 4150
1067 1013
10505 9998
6961 7707
8287 8152
8054 7390
8538 9270
32 794
5160 4530
8151 8986
5026 4339
1157 1441
1772 1975
4664 4263
8124 7978
10068 9653
7208 6638
7455 6530
1799 2435
7334 7514
1916 2651
4613 4829
7651 7424
10083 9698
4209 4044
2624 1647
4002 4724
9158 9916
8800 8577
9422 9987
8650 7774
8475 7638
2543 1885
7676 7155
5665 5294
2351 2950
6290 6548
9036 8391
1774 2359
8628 9044
7275 7743
9405 9744
3945 4373
5705 6530
2709 2203
3937 3530
1300 1280
9443 9286
7753 8631
1728 1315
98 583
10067 9076
2867 2751
5590 6587
8842 9130
8864 8324
2269 1462
8882 8199
3147 2506
4472 3613
4822 5778
2344 2473
9641 8957
8795 9454
6153 5777
74 210
5904 5318
2571 2555
3344 3945
4672 3685
4140 3484
4995 4852
8500 8374
5977 6734
3289 4020
8923 9432
10691 9945
5021 5128
5957 5214
4677 4504
9408 9433
1951 1433
7993 7502
8216 7993
8280 7478
5007 4799
1269 1776
9996 9389
36 358
7695 7943
4556 4867
3906 3230
7083 7755
2332 2236
3117 2716
7842 6874
5604 5492
9296 9332
4107 4426
4520 4476
67 324
1490 2248
4558 3988
2337 1862
5366 5335
2008 2768
5795 6465
3374 4237
3786 4503
1481 2440
5132 5652
6463 6148
5950 6445
7645 7202
6025 6645
4913 5028
777 1644
6196 5346
1898 2279
6891 5963
50 606
714 1028
4872 4211
5565 4710
2677 2729
6942 7317
8968 7996
5435 5465
63 890
68 682
6780 6557
5736 5566
29 774
2131 1661
8724 9296
2001 2274
7773 7762
5412 5157
4665 4378
2466 1778
418 1132
73 871
45 188
6427 6893
4045 3617
9189 9574
2191 2690
4510 3551
3442 3837
28 43
7959 8924
6396 6273
3700 2989
9109 9507
2080 2731
4028 3885
9357 8737
9259 8552
6536 6914
6639 6388
8439 8108
8832 8731
3868 3974
3834 2914
8240 8046
4424 5372
3641 3177
10185 9482
5820 5917
3613 3598
3491 2539
9873 9297
6982 7394
9278 8460
5322 4628
3333 4246
5511 6390
8936 8720
8278 9093
6753 6500
5833 5629
2594 1925
2458 1598
4256 3823
2628 3085
2635 3571
4603 4275
6455 5630
2121 1443
3300 3776
4008 4262
6931 6006
5501 5339
8252 8080
9185 9013
2617 2107
5923 4990
14 554
91 917
2370 1998
8885 8473
68 331
1048 2034
1542 2129
3145 3064
10070 9455
8575 8454
1949 2495
4640 4781
5468 5541
5374 4613
64 553
6315 6700
85 998
8731 7803
64 712
9504 9031
5398 5219
4801 3910
42 325
5789 5363
8884 8974
7313 8257
2383 3119
5444 4955
3753 3081
3648 2962
6274 7254
9385 8916
6027 5148
1283 1937
3597 4535
35 606
5185 5274
63 99
1325 2170
2636 2087
913 1838
5554 4792
2118 1198
2836 2174
8714 7722
1267 2118
2348 2958
5153 5792
7669 7014
7440 7298
6877 6629
7685 8252
6733 6412
3892 4643
6432 6512
5139 4299
7432 8284
1813 2555
6093 6747
3196 3815
8572 9389
3454 3031
7058 6472
7459 7943
10653 9844
250 1140
77 689
8115 7636
3757 3463
6137 6014
2598 3294
4331 4433
2396 2540
3194 2691
8032 8329
6141 5888
8405 9350
8486 8734
9669 9568
3295 2533
8673 9583
1115 1726
1973 1097
8038 8138
3830 3559
6447 5828
7507 7739
7283 6976
6019 5442
8488 8173
980 1888
6983 6047
944 1898
1744 1210
6549 6382
1521 1086
6442 6375
7527 6738
2490 2960
4537 5159
7792 7461
6031 5126
66 958
46 217
5081 5027
5811 4837
7456 6686
51 32
2225 2455
3519 4407
8622 9017
1914 1405
4840 4822
9011 8649
6202 5721
3134 2227
87 512
5127 6126
9493 9639
4542 4465
5903 6441
6677 7346
9434 9770
7874 7657
5949 6703
7982 7694
2332 1633
52 877
9274 9019
1705 2053
2816 2396
10 595
33 137
8652 8098
8934 8555
9444 9010
562 1141
4259 5070
97 416
4121 3538
56 939
3354 2895
10399 9793
4081 4913
6623 6043
8365 8008
45 58
8528 8759
7468 7675
1436 1065
5058 5829
8431 8935
5033 5617
8577 7672
5512 5223
22 834
8291 7784
5099 4406
6994 6577
6080 5676
7362 6619
8238 7473
8850 8181
2685 3028
904 1882
2966 2322
6540 6880
2427 2829
4449 3891
5346 4920
2394 2395
874 1167
6673 6326
1443 1382
6907 6468
7138 8103
86 833
5633 5886
8999 9222
509 1420
31 390
8933 9568
5205 4583
5216 4798
3831 3084
7495 6849
8232 7305
9196 9721
4681 5623
7285 6552
6849 5976
6914 7466
6713 7174
9698 9655
6326 6504
2341 2357
5711 4903
53 969
3087 3976
8231 8547
9272 9887
5109 5088
8267 7535
3309 2633
4301 4359
5365 4528
3929 4613
1721 1297
2112 2458
1891 1208
74 989
1392 1384
3724 2977
5255 4586
74 506
7132 7221
7902 8064
8231 9097
2074 1156
9648 9183
6233 6132
8905 9190
5689 6218
2128 2447
1178 2166
42 27
547 1528
8460 7640
5960 5448
1258 1829
871 1704
2935 2284
1438 1707
1143 1350
5586 6243
10 850
8907 9802
8913 9262
8714 8280
11 403
8423 8054
535 1473
7716 8406
32 49
1999 1384
7641 8111
2938 3327
6613 6056
9270 8535
4329 3780
3080 3748
4553 5530
1381 1953
7035 7228
2070 2384
802 1595
9141 8469
7454 7826
1352 1105
86 45
6602 6623
3076 3810
8138 9010
7193 6793
1949 2931
1251 1201
2429 2258
8845 8568
51 515
68 181
7693 7411
7256 7071
1120 1614
716 1459
1934 2694
7663 7378
6847 6726
489 1199
6622 7442
10209 9832
1646 2644
246 1171
3728 3340
91 211
8181 8162
6377 5919
48 115
2633 2622
4948 4835
37 1008
7354 6546
5392 4685
5077 5766
6556 5699
45 644
3502 2940
8979 8035
642 1241
2948 2030
7257 7074
13 308
5720 5254
1471 1391
2590 3585
5464 6097
9886 9033
2350 2528
28 404
3990 4061
4636 5027
5301 4896
4367 4115
4205 3557
6241 6484
9839 8938
7251 7655
7382 8254
3255 3616
4253 4988
9914 9454
4064 3847
3180 3453
9070 9068
6883 7651
5495 5144
89 790
6164 6583
9959 9061
8842 8129
7325 6949
4886 4888
2329 2019
4970 5057
3683 4463
5925 6113
6348 7010
1763 2625
2610 3194
3139 3211
3111 2145
4374 4143
356 1026
9802 9830
8808 8169
1949 2346
9510 8729
7508 8419
9987 9992
8243 8499
4682 5159
6703 5807
8572 8988
5470 5117
4502 3784
5583 5948
10746 9832
2916 2019
4430 4999
2987 2954
4916 5336
5981 5012
6734 6085
78 509
1390 2057
7017 7954
4414 4970
8402 9010
6626 7017
6232 5663
9611 9394
6444 6434
6401 7111
3838 3820
4113 3488
50 226
1414 2188
4812 3868
2354 2757
2297 2041
2728 2433
3504 2985
7478 7041
97 739
9701 9363
3532 4397
1129 2110
7975 8864
10446 9860
8111 8046
4908 3915
2533 2631
3193 4185
10619 9687
6138 5520
48 778
8057 8978
7437 8267
3039 2831
6402 6357
3028 3878
2441 2068
2320 1850
8761 8709
7256 6675
8426 7950
2289 2945
8269 7667
8711 7768
4811 4691
7136 6625
5987 5879
7451 7609
4735 4386
1923 1577
3643 2688
4265 5234
5175 5982
24 1007
7258 7119
85 961
6158 6574
6765 6549
8891 7900
2554 1876
4051 3304
9013 9400
7323 7407
53 103
57 686
8394 9016
870 1597
3922 4425
4805 4015
9913 9714
2723 2115
2469 1818
6904 6417
7345 7371
5203 4368
918 1746
74 791
7155 6791
8328 8045
2296 1764
2051 1939
66 263
83 677
5901 5468
6559 6451
5793 5987
3826 3621
37 437
3786 3523
4878 3906
84 845
6970 6891
10659 9791
4546 4707
6679 6937
8972 8443
7759 8088
4520 4694
7722 8504
3424 2560
2149 2644
7894 7044
54 293
5827 6370
99 328
3398 4031
4750 5559
2032 2321
837 1361
9715 9016
4763 4609
7300 8047
33 791
3482 4096
2677 1999
7771 7277
6751 6671
1186 1910
1966 2818
8442 7944
7013 6831
5994 6174
1722 2567
569 1562
49 20
5617 6529
5151 5476
3677 4103
706 1213
6757 7310
72 214
9755 9730
9027 8938
36 666
5863 5950
779 1219
6651 7069
2850 3001
5193 5759
9460 9351
5809 5234
3009 2163
5240 4996
1543 1477
2380 1809
3607 3871
1550 1134
21 131
627 1551
9141 9554
8911 9211
7291 8102
42 49
6797 6030
7446 8290
3197 3264
5209 5676
3352 3602
7691 8259
8730 9259
64 349
3804 4358
6566 6785
49 23
598 1326
8389 8179
89 910
4446 4567
7521 7770
2657 2211
8524 8016
9406 9670
3903 4179
2760 1924
3078 3541
98 306
3985 4250
77 987
656 1289
4499 4582
6034 5317
7736 7171
1809 1472
10286 9609
4728 5726
3134 3401
7275 7869
3064 2374
3230 3222
5446 5280
5873 5835
7075 6682
38 282
7714 8294
43 235
8897 9739
6444 5844
5388 6184
4934 5323
4200 3286
1023 1845
2028 1258
8487 8623
7034 7081
3003 2137
10700 9791
6790 6255
8132 8162
3716 2963
8721 8948
58 466
8269 7963
10597 9598
2428 2836
4175 3209
4021 3088
5062 5266
9460 9555
5353 5690
8862 8486
4129 3264
1057 1116
6964 7815
5411 4610
5528 6082
3879 4785
4590 3994
6836 7632
8102 7199
3140 3614
4444 4228
6010 5437
45 948
8360 9134
5133 5651
5485 6006
8740 9705
870 1536
3587 3279
7734 8681
5832 5976
26 734
3310 3935
1079 1941
7516 7780
7309 7718
3613 4027
5311 4916
5748 5728
3278 3581
6491 7283
6636 7071
6337 6536
6574 6828
3275 2444
4306 3664
2188 2739
3179 3918
1832 1814
9575 9223
8845 9479
8067 7853
4892 4900
4004 4373
3070 3729
3804 4177
5892 6479
1472 2108
6571 6994
9560 8583
66 71
2178 3002
2399 2557
8684 8133
7262 8064
1795 1627
8837 8735
7821 7474
6223 6792
4404 5380
1752 2526
1327 1471
66 443
11 824
6661 7259
4241 4931
58 854
6339 6688
7278 6562
7408 7089
1991 1969
2017 2604
9322 8946
3024 2996
1961 2287
5398 4607
7466 7039
7872 7372
5103 5810
6203 6279
6415 6563
4525 5400
8783 8127
3022 3770
3568 4172
8045 9043
5807 6007
2413 2895
7508 7928
7227 7387
9654 8931
26 592
35 86
3463 2815
1638 2477
10548 9750
4495 5409
4668 4143
1324 1282
15 52
6643 7528
8597 9104
9583 9450
2054 2048
2957 3331
2160 2313
6491 6740
4754 3922
2713 3326
9454 9514
8802 8294
8852 9673
4259 4639
5285 4841
8780 9564
2315 2509
25 224
5242 4472
4621 4424
8161 7323
4742 5648
2675 1935
4659 4473
4699 4851
7929 7235
6934 6030
8381 7714
8488 8448
4381 4238
4293 3485
6604 7330
1298 1608
6122 6513
5585 5784
7973 7671
2661 1935
1669 2205
91 71
1108 1449
51 611
7577 7646
6805 7073
3382 2652
9473 8702
6161 5898
5421 5202
5259 4377
1073 1311
6029 7012
5105 4931
3813 4221
4309 3761
7291 8080
4772 5520
2358 1709
1001 1438
1797 1339
7823 8524
7767 7119
1911 1618
2909 3516
1535 1300
9434 9041
4526 4273
2885 2509
7925 7500
4128 3911
9468 9245
1169 1158
1577 1869
6339 7272
7490 6747
3318 2567
7782 8133
9714 9959
5173 5300
2197 2948
4295 4666
4187 4753
4559 4760
6566 7003
80 69
5588 6027
6434 6540
6791 6191
1644 2213
7749 7765
5953 4988
1595 1441
6064 5648
4853 5192
6940 7704
91 35
4110 4596
67 192
9004 9834
1478 1957
7084 8042
65 630
2569 3391
8095 7190
3965 4068
8994 9474
5956 5962
7713 8344
9224 9256
4660 4750
3491 4272
6550 7360
52 647
7093 7024
4308 4639
1842 1708
78 959
7451 7973
4316 5308
10642 9663
2003 2468
2977 3941
2317 2567
1825 1641
2041 3012
39 169
2208 2136
10012 9555
1913 1324
8474 7856
6710 7397
2239 2125
1979 2380
1981 1338
78 764
7080 6646
3686 4600
7931 7282
5671 6662
19 567
49 621
8042 8425
6099 5330
5452 5626
5345 5196
1352 2117
4550 5158
59 217
9362 9223
68 130
6313 6667
8248 7616
6321 5563
3190 3039
7654 7690
4448 5433
8388 8561
3945 4020
10245 9319
8115 8161
8745 8595
36 291
7401 6683
3164 3978
10109 9898
3212 3234
2564 1864
6850 6640
10530 9686
3792 3835
5732 5291
83 562
8323 7992
6979 6272
7386 7585
6748 6828
9126 9224
6058 5994
6333 5760
7494 7460
4661 5628
3686 3882
5880 6304
3539 3055
2735 3423
4138 3444
7868 8808
3066 3898
7494 8120
8564 7935
6803 7377
1208 1970
2856 3374
9625 9820
6414 5792
10015 9783
5593 6555
9833 9999
5735 5247
10101 9884
8547 8718
4724 4494
5801 6427
7825 7863
855 1078
1101 1085
7792 8117
1426 2079
7221 7908
9225 8690
2318 1580
1774 2305
1603 1125
1651 1303
7498 7916
5344 4423
6868 7833
7003 6570
2405 1721
6843 6097
7451 7282
3415 4017
6933 7243
8915 8545
3436 3406
7258 6470
90 335
5704 5941
3956 3281
2272 2258
8235 7512
2600 1987
78 113
6258 7243
7324 7038
5952 6511
3541 3805
4419 4021
4353 4121
9124 9631
3788 4312
7467 7423
3693 4061
7538 7000
5496 5366
10565 9606
10125 9970
5792 6019
8129 7359
5112 5471
6199 5657
4541 3893
4997 4437
9167 8616
3754 3598
4046 3912
7781 8271
6830 5849
4279 5252
32 1005
1838 1604
8010 8390
3124 2595
5003 4632
4488 4236
4293 3398
2628 2334
4238 4255
1283 1775
9654 9595
4920 4388
3483 4355
31 193
8081 7985
8717 9715
2454 3388
98 134
5856 6799
3337 3622
7238 7144
4374 4806
3384 2897
3134 4023
6605 6212
2320 2431
2771 1992
4952 4558
7090 6264
5747 5733
39 670
5525 5833
5165 6003
49 333
2898 3888
3038 3583
96 169
2714 2771
2551 2782
7625 8167
7818 8162
1161 2042
280 1072
9566 10000
4455 4830
9349 9622
4536 4057
5638 5921
3163 3615
8932 8517
8770 8099
8097 8312
7780 8270
2542 1776
10114 9924
2908 2446
3531 2758
3870 4424
4372 4818
8649 8116
4188 4922
3293 3699
8103 8866
2107 1275
5723 6286
4196 3701
9088 8502
92 729
9389 8713
8126 8315
4027 3041
2547 3199
9406 8657
3940 4173
5720 5402
1346 1065
2082 2508
4432 3818
5659 5315
5706 6172
8930 8582
8094 7665
61 629
2696 1856
2078 1934
4792 5069
5794 4921
18 215
6581 5848
3156 3921
3446 3783
2047 2092
6313 6288
7484 7347
90 56
57 183
6480 5622
45 39
8200 8617
4229 4344
759 1264
3382 3476
76 520
6269 7199
5333 6311
7732 7393
5705 6154
2332 2451
4211 5190
9058 9053
3498 4463
1236 2166
23 685
3796 3437
10106 9430
10330 9751
1064 1788
730 1319
2476 2819
1311 2016
3889 4218
2529 2776
3792 3825
7121 7509
67 455
5016 5513
5274 4832
3779 4112
32 618
7428 8111
9455 9292
4510 3974
3122 3305
8184 8810
4185 3947
5602 5582
6498 6438
4642 5389
4380 5122
73 44
5069 4075
4137 4060
3921 4256
4904 4080
6781 6498
4664 5257
6330 7033
8604 8793
3723 4469
7781 6812
7589 7809
4395 5179
10243 9293
7242 6383
7618 7905
6692 7661
3951 4010
4272 3351
9330 8594
4725 3752
1445 1739
6636 5827
4529 5419
3635 2647
4848 4527
23 103
13 933
6313 5981
5575 5991
6367 5983
4951 5308
7472 8471
78 348
6146 5674
2852 2361
85 790
8811 8912
6734 6675
7815 8211
6147 6386
4705 3857
4766 5592
7779 7208
6784 7496
2936 3908
7430 7941
2725 3595
6036 6733
8420 7742
6442 5660
2352 2394
6414 6263
2742 3230
95 382
9812 9246
8906 9213
4384 4567
7503 7682
4719 4175
9867 9306
8000 8329
3013 2697
34 884
405 1104
74 625
4711 3779
8325 7806
5744 5799
8358 8932
1052 1219
8607 7988
7839 7296
2598 1773
10248 9258
1642 1842
7867 6919
297 1257
2417 2075
8861 8840
4009 3698
3150 3698
4387 3715
5783 5026
56 644
9149 9072
9539 9429
7286 7723
9379 8772
62 210
2246 2998
35 559
72 438
2838 2689
640 1118
9198 9623
5493 4918
8636 9250
5410 4898
3113 2412
6948 7375
6557 5677
9142 9432
3591 2816
1800 1855
7579 6609
5236 4637
8102 7398
69 663
8174 7577
57 556
6450 6325
6635 6058
9281 8566
6753 7008
5061 5411
8507 8577
7584 8271
1381 1458
7340 7771
7559 6889
5005 5116
1834 2732
5012 4796
57 986
7031 6038
5952 5038
7495 7317
8910 8731
5258 5411
2603 1777
7698 8235
5489 5454
9150 8264
1628 2552
9285 9313
8515 8457
6716 6057
373 1294
964 1370
2476 2467
3569 3909
4016 4026
7757 7585
5669 5982
3419 2975
4067 3500
52 737
7718 7254
5205 6021
5040 4146
5003 4918
4852 4472
6826 6035
2173 1729
9881 9966
7073 6202
6826 6373
8394 9074
2416 2669
9330 8904
1847 1342
2574 2788
5954 5895
2504 2572
7927 7702
6454 6301
8190 9077
7476 6792
10962 9970
1168 1772
43 681
3904 4236
3224 3574
9069 8396
2755 3032
5149 5835
1895 1474
6390 6816
659 1373
3765 4380
6944 6752
67 942
3024 3049
5832 6474
6760 6431
76 60
2859 3709
4663 3700
806 1507
6120 6568
2400 2907
95 426
8201 8367
4654 4905
8573 8661
4818 4972
7890 8003
2732 3571
10131 9585
4863 5358
7627 7958
7643 6664
8126 8795
4839 5550
39 695
3396 3317
7008 6128
4794 4219
2747 1870
9471 9719
4819 3943
3093 2661
4619 4064
2074 2808
30 693
6744 7111
2996 3138
9642 9519
7600 7574
2916 3233
5584 5894
4455 5249
57 291
6693 5953
5945 5873
8964 8745
5382 5985
87 214
2908 3096
7690 7542
8877 8303
3756 4170
6845 7354
4201 4265
1673 2322
9118 9588
3653 4367
3704 3108
9664 9686
30 976
6488 7155
2954 2864
3071 2304
9693 9987
5640 6025
80 18
3836 4401
9917 9232
6140 6912
6495 7432
3649 3067
971 1611
10352 9495
5138 5763
3413 4220
2050 2234
2189 2407
3545 3190
54 601
8429 9170
164 1139
35 860
39 1001
9626 9218
481 1478
85 191
69 697
5374 4402
7176 7906
5309 6189
4924 4448
7373 8035
1702 2061
5602 6367
5164 5344
1448 1874
8111 8575
6287 5715
7575 7584
10091 9891
8768 9616
5175 5367
7811 7530
4218 4063
3885 4094
2887 2675
9601 9118
6728 6922
16 764
4954 5881
1396 2287
83 699
2664 2560
8227 7529
5048 4609
9284 8364
6289 6710
4118 3874
8786 8413
5849 4972
1061 1179
3129 4089
7774 8691
2504 1798
9410 9437
9664 9817
4133 4960
9417 9295
4459 4917
6510 7498
4325 4297
5219 5371
4746 4326
5951 6918
8949 9328
4244 5143
8095 8460
2868 2208
4881 5723
3367 3408
7754 8591
10386 9438
8180 8259
5856 6001
9985 9620
3790 3408
4602 5592
2826 1991
959 1923
4736 5137
6693 6892
4600 3921
9185 9841
3340 2781
3497 3133
9481 8741
1695 1960
7646 8012
4390 3992
4425 3481
6099 5381
6349 6919
7669 7559
1054 1919
1978 2574
4334 4040
5981 6358
3069 2733
6959 7018
7805 7575
9370 8428
1443 2184
3960 3489
2459 1486
5870 5191
7812 8793
9608 9825
354 1263
8139 9025
61 120
4937 5153
97 641
7867 7219
1763 1449
3403 2886
1310 1752
10247 9997
4966 4958
3764 4418
6542 5663
6602 6429
7824 6833
10310 9487
38 508
531 1189
2566 3316
6536 5713
9989 9062
6277 5518
1650 1236
11 738
5706 6684
7846 7599
9506 8591
7149 6620
4084 4302
42 695
31 597
1614 2313
5494 5880
3805 2934
7830 8071
20 89
56 367
5301 4732
3796 3375
7757 8593
3105 3545
4701 4020
1506 1737
7236 7868
7844 8110
6313 6682
4172 3387
7809 8441
4873 5617
62 548
7691 6799
2780 3311
26 630
5378 4533
7019 6895
5091 6045
2413 2261
8508 8091
1619 1370
9046 8111
9074 8620
4570 4392
7653 6890
6816 6804
6680 7093
4717 4568
8162 8025
8829 7958
10438 9484
4270 4642
2107 1813
3922 3995
4190 4419
399 1061
2787 3154
8127 8172
18 313
9369 9224
5908 6381
10322 9958
3027 2488
7285 7519
6509 7114
1143 1733
8651 9305
6601 5891
30 495
10636 9754
857 1087
4435 4968
70 220
6602 5870
7556 7212
7267 8259
5843 6575
605 1375
3463 4460
5925 5965
6897 7698
5069 4744
3851 4331
359 1140
75 573
5665 4864
3189 4107
7817 8463
7981 8495
5359 5361
7915 7685
9401 9507
3902 2905
4860 4161
6897 5971
2389 3298
10096 9595
7746 7847
5560 6128
6197 6484
43 150
12 900
7586 7792
2853 3590
2028 1325
2093 2498
7715 8253
9317 8447
7180 7034
199 1197
5539 6119
7506 7075
8234 7538
6368 5423
7391 7474
4121 4686
5443 5872
3579 3118
5130 5549
4907 4628
9816 9810
4174 3712
10228 9869
1373 1867
913 1544
9794 9139
7592 7359
5079 4150
2839 2186
3893 3072
7247 8139
61 576
3476 3832
7152 7187
7982 7157
8466 8465
10112 9826
6694 6971
6357 7207
5016 5281
3105 3141
6323 6083
6411 5641
5413 6305
5184 4239
6384 6332
11 680
1644 2271
6119 6923
3894 3759
5669 4833
6594 5858
2655 2040
3851 3706
24 258
79 219
4787 5765
5709 5907
6885 6973
3393 2770
5720 5009
5104 4802
7289 7726
7667 7334
7932 8050
10044 9849
4942 4608
6202 5977
34 486
8398 8253
5784 6516
4938 4189
9485 9087
8641 8800
5220 4828
5810 5939
2244 2852
3574 3974
1366 2241
2853 3852
3959 3479
8282 7847
7946 8023
9030 8190
3717 3224
6866 7724
97 565
8561 7679
4865 3912
3372 3846
10141 9972
9303 9108
7582 8274
8407 9264
7383 6740
6687 7089
2043 2736
4175 4607
92 389
1688 1656
10234 9594
1867 1737
2833 2179
399 1065
7252 8014
1142 1123
9195 9721
3252 2503
6015 5839
9343 9918
8816 9648
6137 6027
10933 9959
7023 6916
3013 3456
7819 8343
4661 4261
6335 5816
1574 2517
9126 9406
8460 9338
6273 6648
593 1246
36 871
5458 6452
5427 5494
10491 9647
702 1154
9162 9782
5038 5012
3093 4017
2520 1949
11 760
3752 4287
7084 6363
6172 5695
8311 7604
4938 4847
8836 7843
2876 3592
880 1462
6134 6534
1214 1528
3477 2922
2357 2980
4804 5482
1297 2227
2199 2382
1205 1111
6552 7200
6802 6221
2744 2528
3090 2850
5015 5923
6493 6977
3595 3250
8033 8595
9983 9379
8556 8088
3794 4667
4713 4414
1716 1080
2070 2692
2763 2814
6208 5711
8740 8688
3662 3480
8923 9263
6824 7640
8905 8424
4591 4740
8330 8833
985 1033
4283 4992
7311 6511
92 84
4092 4812
56 553
4191 3564
5121 5219
6452 5972
2564 2962
7865 8317
8253 8354
10126 9464
5719 5121
5447 5982
1198 1322
51 691
2702 3132
52 769
3597 3263
5995 6678
10327 9824
8102 8103
3661 2944
7352 7116
4995 5337
7664 7679
6409 5804
35 421
2405 2092
3579 3325
552 1066
4949 5185
6681 5803
10199 9734
5414 6407
9048 9236
5955 6172
5933 5054
5415 4625
4812 5141
7847 8698
7914 8669
8874 9764
1816 2015
9091 9411
3714 3118
1391 1095
6215 7140
5301 5480
4050 3624
5221 5479
6457 7204
5339 6253
6090 6079
7646 7742
7067 7255
8284 9151
5255 5422
2595 2825
3735 3447
7109 6460
8389 9189
3850 4108
5140 5243
7211 6910
6081 5273
9055 8546
4932 4036
6899 7499
6028 6836
1055 1036
5791 5278
7488 8428
1774 1447
9632 9117
2854 1903
7498 8459
6602 6962
7912 7526
4615 3730
4169 4909
5111 4212
9657 9512
9769 9231
45 643
5856 6138
5168 4734
3158 4096
10244 9886
3133 3901
3875 3301
7730 8446
4894 5847
7475 8419
9004 8299
6646 7149
6920 7167
2763 2634
2893 3464
2534 2952
4937 5161
3921 4798
8536 8165
8528 8874
498 1405
5853 5816
7972 7109
8138 8517
403 1147
7495 6867
9385 8806
3237 3336
56 281
7905 8427
5086 6038
8349 8154
6158 6500
5881 6728
7692 7982
2206 2681
8921 8040
45 269
8934 9069
93 536
4051 5018
8665 8750
9978 9565
6925 6176
3122 4016
1031 1604
4135 3546
80 219
4245 4301
6232 5332
6665 7322
26 918
9231 9582
6550 5897
7966 7072
5649 5366
48 817
2126 2216
699 1687
4914 5891
5431 5229
33 963
6616 6422
8001 7745
1459 1955
2483 2793
88 851
9508 9459
8963 9832
3352 2395
4121 3252
5164 5843
1552 1689
6080 7046
3111 2431
6244 5482
1480 1462
8729 9361
3370 2553
4743 3991
7896 8111
1954 2759
7915 8470
6978 7835
6585 6479
9403 9934
7293 6462
71 908
5764 5865
4935 5234
9635 9504
4511 3675
3166 3618
3097 2583
79 251
6644 6878
4832 5551
9753 9838
73 130
202 1148
10295 9462
3312 2920
7611 8508
9466 8890
7175 7976
9334 8574
6615 7009
6274 5818
60 156
9841 9495
2132 2555
10035 9179
2217 2837
2290 2674
42 447
98 289
1953 2393
63 305
2912 2076
8789 9419
7250 7749
9628 9142
973 1657
63 469
1969 2396
99 1093
5498 5466
4412 4940
2199 2184
3112 2682
7914 7044
3067 3928
6670 7033
7770 7761
4645 4171
1942 1075
3296 4129
989 1185
8041 7186
5659 5706
3454 2647
1548 2014
3954 3428
1034 1863
971 1182
729 1220
5535 5244
4831 4519
7582 7403
8882 9269
71 840
3115 2854
8585 9031
10219 9986
2950 2826
1256 1352
7823 6930
6998 7936
8999 8123
7917 6973
73 177
3278 3339
7826 7615
1922 2701
39 74
8635 9442
2446 2365
4010 3339
3419 3087
3435 3780
5717 6691
1530 1573
5663 4969
2247 1663
47 226
6153 6141
8296 8775
7197 6664
4702 4130
5262 4622
6764 7632
5066 4106
7712 6900
3754 3144
3317 2580
1517 1265
8948 8063
3682 3480
1248 1314
8147 7175
5364 5362
9989 9819
6550 5586
1191 1830
4821 4917
24 65
4622 4389
2861 2816
7467 6494
2608 3102
2510 1928
3757 4427
6608 6206
2303 1938
8423 7814
3110 3711
3548 3245
5365 5952
8557 9426
4893 4595
7650 8318
6867 7649
2801 3089
1727 2276
1772 1914
5668 6495
9618 9467
3539 4140
8167 8599
5629 4980
8867 9448
7344 7871
3193 3331
7655 7324
40 258
8903 9318
7492 7564
4013 3736
850 1793
6043 6256
5493 6139
9817 9795
2921 3124
6894 7846
85 111
1265 1422
5418 5188
81 382
7908 7261
6204 6857
3118 3183
7009 7256
6667 6965
5299 5991
5940 6498
1358 1891
4118 3270
6544 6415
4865 5694
5529 6120
8400 8956
6171 6576
69 420
1052 1539
2228 1693
5447 5905
55 332
5068 5333
5195 5746
6476 6385
3789 3613
7525 7165
8337 8097
5700 5929
2254 1945
9811 9094
6391 6250
1985 2338
4294 5241
7552 8520
91 247
6626 6760
7570 7879
3020 3620
10057 9974
7098 8064
59 497
5473 5763
5888 4922
5823 5450
5390 5642
8365 8417
4023 3330
9402 9454
4033 4007
7646 8320
4930 4224
14 18
7616 7676
6267 5924
4865 5841
4053 4948
8067 8281
5865 5611
4551 5224
4680 5510
10810 9825
5711 5083
2245 3010
2583 2521
653 1196
4763 4957
4958 4847
4576 4292
7030 6592
9576 8730
4990 5408
10187 9752
8859 8756
46 720
9097 8943
1094 1237
2865 2269
3484 4173
8854 8766
6074 5079
5733 5804
2626 3232
1471 2162
8740 9244
1838 1554
7856 8474
3214 2645
4066 3499
5991 5264
10095 9195
9576 8858
9096 8279
8338 7581
6568 7471
932 1272
5184 5231
7334 7681
6883 7610
5489 6283
2609 3276
6507 6270
4889 4111
7312 7956
19 75
4441 5314
4284 3361
36 639
1160 2107
2972 2892
2237 3221
7944 8469
8422 9024
9442 9977
3480 3486
7006 6089
6655 5677
7725 8543
9711 9793
3687 4037
2763 3122
2996 3522
7729 7824
7346 7266
3938 3459
5778 6548
9877 9930
5563 5451
9714 9008
2480 3043
6694 7616
4277 3783
2429 1782
4584 4269
54 516
5020 5915
1987 2788
9402 9912
5155 5002
2090 2251
1286 1462
4330 4739
4437 3722
5275 5766
8596 8362
2996 2424
8727 9128
2084 2046
6520 6166
6425 6670
6399 6215
5839 6350
2767 2415
7095 6874
1407 2026
6380 5909
10106 9548
6447 7141
2116 1645
7005 7205
8568 7662
5595 5315
9467 9307
3360 3704
9045 9523
1931 2590
2408 3376
5331 4931
5359 4433
1336 1632
8796 8646
5375 6139
1171 1256
2018 2661
7905 6969
1752 1844
1398 2037
35 528
78 502
6445 5651
3313 3570
3046 3019
7045 6253
3471 4252
4544 5456
45 641
6925 7414
94 579
1542 2530
3195 2576
5534 5671
1569 1882
1590 1110
8933 9731
9698 9744
4105 3885
25 421
8337 8947
4952 4098
4164 3563
7994 8400
6729 6370
3438 3317
2823 2481
3880 3410
7883 7117
6578 6654
9053 9408
8096 8908
2764 3250
4934 4425
9240 9162
6604 6970
9193 8494
2166 3083
3039 3395
6056 6154
9185 8774
5981 6168
1985 2774
6827 7131
9891 9894
43 948
7995 7192
1988 2820
6906 6819
7195 7327
5966 5538
5640 6470
5059 4062
7368 8008
4162 3671
7012 6134
3282 4197
3105 3139
3624 2992
8576 9279
7329 8007
2334 1620
5884 6785
1750 2635
100 466
4040 3602
7963 7356
9384 9855
56 713
3795 3067
6353 5572
3904 4020
7399 7027
9882 9134
4512 3947
21 583
1977 1588
1316 1120
5124 4611
8524 9152
8446 7730
5275 5839
5974 5094
2980 3942
7773 8349
12 837
4543 4256
6439 5762
6632 5877
3120 3176
7660 6853
5615 5958
8151 8328
6958 6205
3899 3305
4771 4674
1872 1705
4411 4010
1760 2606
5368 6118
523 1234
3933 4089
5750 5914
6435 6416
6394 7128
6137 6558
3582 3397
6489 5543
88 391
3117 2751
6224 6471
6747 6960
8464 9113
5010 5716
9720 9568
3270 4108
7815 8021
74 944
6233 7187
8469 8745
6951 6318
6250 6834
5762 6734
2084 1821
11 977
1456 1915
2062 1487
6926 7362
3101 2225
1268 2104
1681 1209
1287 1305
5462 5221
1782 1301
883 1658
5087 5322
6927 7231
93 990
4940 5224
9054 9182
5784 5287
9319 8958
4014 3696
6889 6523
2775 3251
1907 1404
2716 2117
2460 1523
93 434
5642 5520
7877 8147
3904 3658
3400 3264
9437 8684
5242 5743
8539 7708
6114 5930
2679 3645
2882 2106
7334 7431
2465 3372
3721 3661
4517 4124
5018 5885
75 733
2502 1636
9550 9807
8651 8840
81 12
48 80
4431 3628
3090 3817
1542 2252
13 896
10 527
5386 5232
7730 8633
7593 6879
6848 7516
1792 1926
7416 7169
10316 9797
7890 7280
3579 3714
32 252
3096 3339
4230 4656
2521 2539
7919 8125
2550 2947
2462 1532
9850 9227
6083 6446
6002 5726
2417 1780
1266 1146
8777 8589
2811 2164
5656 5220
4042 4395
9409 9592
4836 4728
5345 4838
4205 5198
9052 9767
3701 3987
2683 2952
1983 1256
4463 3625
2245 1955
1643 1822
5117 4713
3050 2633
451 1089
3408 3721
7968 8835
2463 2263
5009 5171
66 986
7823 7403
41 870
4019 4567
1426 1811
4912 5085
42 979
8853 9319
9412 8592
1412 2316
7733 8140
5988 5790
1143 1823
3123 4065
4175 4043
5068 5022
5237 4663
6195 5785
8752 8907
8822 8623
5277 5047
1917 1394
2076 2707
3763 4618
10649 9807
6661 7372
9342 9168
1902 1504
10 648
9311 8511
6924 6678
4683 5661
5060 5994
1579 2469
6073 6603
2787 2835
6473 6118
21 499
4475 4972
5090 6051
6494 5762
9088 9976
4163 4025
7495 6980
6425 7374
8297 8408
7342 7013
7677 7232
6503 6215
8686 9262
6626 5951
3344 2982
740 1591
3226 3645
7798 7973
2115 2495
1141 2082
51 116
6426 5505
6516 6837
8758 8890
5240 4990
7000 7119
8478 7841
8630 9165
3453 2454
3361 2943
5641 6629
4737 5337
80 332
2613 3322
7082 7687
3439 2580
45 190
24 484
3543 2994
7023 7366
9738 9081
7330 7845
3880 3620
2927 2712
10473 9709
9242 8530
9649 9491
7518 7418
2302 1469
1401 1786
2510 1720
6446 6660
6403 6336
4454 5432
4976 4247
2345 1995
4218 3685
5432 5645
7193 6280
6018 5089
7241 6520
9228 9367
607 1604
8072 7381
6639 6572
5898 5272
6745 6114
7285 6836
5326 5006
9986 9837
6960 6917
1292 1920
2354 2038
3392 2527
4772 3926
2367 1971
8246 8565
5747 4853
1337 1852
3365 2446
2690 1897
8391 8803
7236 8155
6391 7346
4928 4065
72 797
7766 8529
7407 7001
2468 2829
6939 7440
2597 1597
8201 8064
2979 2399
2091 2174
7638 6747
9564 9366
3957 3556
5698 6677
54 712
5835 6082
4104 3999
5907 5152
3285 4014
3369 2891
3912 3061
2149 1411
74 416
1683 1245
2987 3931
52 427
10406 9754
3288 2817
6535 6590
1811 1458
8724 8046
2987 2896
69 1005
56 138
3709 4513
7579 7600
3570 3237
5345 4839
87 594
3927 4395
4968 4193
7675 7504
9990 9763
6689 6376
48 714
4013 3914
7032 7977
3666 4352
8383 7410
9177 8383
8038 7674
4767 5306
1810 2596
5911 5918
1483 2415
97 765
6971 6162
5454 5170
6956 7612
4025 3297
8051 8248
4725 5073
7584 7723
2305 2286
7129 6346
5988 5684
3635 4210
77 357
9306 8439
9200 9309
8250 9146
10022 9388
833 1375
8874 8795
2741 2741
2463 1622
1449 1905
9919 9375
2761 3384
49 620
1512 1558
5016 5956
5915 5129
3732 3574
3458 2921
3379 3815
27 748
7970 8382
1862 1909
25 243
48 485
6948 6604
1033 1848
6751 6703
50 117
9122 8308
9232 8414
60 337
3855 3946
5895 5322
9763 9891
4914 5714
1384 1136
8660 9618
4515 4090
4348 4170
11 889
10423 9691
4468 4690
3000 2310
7911 8851
8543 8791
4811 5362
3606 2750
1259 1928
1123 1860
4518 4820
3703 2802
8319 7870
10016 9408
4117 4009
47 832
2369 1989
4389 3904
3750 4117
6384 6226
5083 5776
7733 7263
7304 7090
4507 4714
8576 8805
9621 8833
5910 5683
4960 4413
3949 4391
7547 7898
3287 2637
4044 4457
83 725
6239 6084
82 408
9373 8758
10252 9380
8798 9368
7082 8021
1045 1718
7275 7541
447 1356
62 595
214 1148
2063 2134
10423 9500
2397 3048
3241 4220
2225 2083
9392 9821
6232 7232
3173 3366
4414 3945
9669 8789
5526 5105
2036 1376
45 865
7195 6938
9467 8669
347 1252
92 441
8360 8810
6234 5394
10356 9628
1137 1876
5779 6394
2587 1819
7907 8059
8334 8812
7506 7717
7584 7848
2576 3143
6922 7627
9083 8393
7885 8670
90 915
7143 6514
8749 9390
7514 8466
4435 5361
10023 9985
8906 9491
5099 4680
5155 6123
4406 3477
4674 4653
1313 1713
6060 6829
6140 6016
3129 3252
4197 3295
7008 6931
5021 5312
7666 7554
1404 1908
50 99
5760 6017
8233 7999
780 1733
2814 2369
6289 7146
2663 2692
6464 7372
13 819
10792 9813
3473 3888
6909 6579
1884 1574
91 603
8863 9777
9322 9839
73 370
9432 9582
5288 4496
6347 5958
97 250
7661 7561
4228 4985
6735 7336
2507 2141
3770 3378
5307 4900
2418 3335
8702 8238
9653 8788
9016 8491
6194 5797
2060 1961
5219 5577
27 73
5738 5894
49 830
4338 3708
2706 3592
3013 2981
271 1153
2217 1741
2178 1324
4065 3802
4466 5351
2887 3363
8224 8928
5679 5024
7306 7889
5173 5034
4526 4875
2602 2469
6626 6735
3034 3665
9275 9363
727 1406
9517 9192
2063 1781
5266 4669
50 148
4408 5101
8960 8779
80 776
1698 2368
4970 4050
14 323
26 278
3137 2222
8421 8598
8449 8356
9072 9213
8786 9302
2598 3070
3483 4154
6010 6419
9224 9183
5149 5911
1963 2370
5167 5927
5980 6882
4495 4184
2229 1582
66 153
7161 6422
491 1443
7319 7802
6178 5808
4595 3610
6657 6519
5051 4915
5645 5045
29 20
8422 8415
3210 3090
6062 6497
6566 5674
9612 9963
8660 8479
6822 7109
5028 5969
4736 5044
3570 3515
6185 5854
7560 7296
99 836
5215 5281
8673 9426
5003 5321
9752 9662
25 823
2040 2160
6600 7567
2869 2007
10471 9628
75 712
10245 9906
7132 7396
9180 8974
1788 1651
6587 6997
7415 7476
3704 4146
3415 2765
9208 9332
6843 6923
923 1144
2242 1918
1813 1813
486 1235
2204 2287
8857 9584
6777 6758
2279 2690
9032 8187
2795 3154
4399 4873
4762 4815
7749 7668
7616 8390
9674 9941
4260 4699
7677 7466
8811 8268
3262 2271
87 436
7020 7827
10652 9703
2640 3243
1311 1629
2154 1813
7553 7349
1833 2002
7637 8090
5037 4488
5856 5203
6613 6718
4452 3672
2926 2926
10297 9316
2100 1917
1908 1954
4315 3970
4816 4165
4279 4158
7926 7504
2162 1533
4141 3770
7536 8029
8431 8884
8880 9353
7864 8138
1868 1690
2780 3566
5791 5587
1883 2750
1788 2308
2355 2418
9530 9640
8625 9257
8752 8767
3144 3383
5795 6392
5744 5619
4419 3496
2926 3308
25 38
5805 6524
6786 6817
10734 9889
8669 9478
4887 4128
3880 3025
48 584
9412 9087
7154 7151
9213 9928
2948 2889
4746 5560
1659 2422
2775 3767
55 809
7595 7534
34 216
1772 2489
6897 6534
7597 6689
5210 5542
9016 8818
1931 2807
5126 6030
8055 8550
3644 3954
9147 9314
3143 3707
10484 9764
84 857
5396 4858
8159 8310
2541 1954
8705 8207
3898 4860
8547 8488
8630 8799
5075 4720
9011 9790
9158 9389
10734 9917
8281 7366
10040 9402
6190 6509
3794 4110
8905 9727
6872 6656
4605 5220
5058 5068
6114 6742
4870 4408
7360 6711
4709 5704
9261 9058
4266 5140
4039 4327
99 919
905 1383
3104 2112
87 692
9607 9532
4055 4140
8183 7306
9262 9984
4081 4302
82 494
4866 5334
3662 4443
4025 4589
6594 7260
74 879
7213 6225
84 813
7366 7610
9432 8532
6693 6978
9138 9162
6705 7379
5213 5424
1742 1946
5299 5029
2651 2619
7195 7408
2263 1772
6601 6262
6305 6475
7103 6187
3026 2161
9311 8976
6292 7072
3428 4008
8676 7752
88 692
4056 4844
9322 9767
5926 5350
6982 6792
6986 6455
7749 7987
4381 4380
2973 3767
7828 7653
7076 7326
9227 9865
2310 3306
9019 9358
1638 1940
5125 5804
3584 4287
5489 6340
7840 7867
6517 6550
4365 3790
6483 5786
78 435
90 768
56 836
2668 2379
3634 4497
2369 1570
6861 7101
4283 5199
7518 6742
4668 4093
8313 8645
6848 6205
59 296
1155 1341
3680 3150
4049 4883
8663 8140
93 130
7639 8294
8380 8575
8988 8589
6809 5987
8432 8439
1693 1986
1555 1868
5764 6482
13 922
4840 5763
1679 2202
6105 5295
10027 9814
55 319
7903 7036
10311 9680
1779 1910
19 273
28 276
9493 8707
6451 6501
4944 5327
8280 8805
4579 5073
4737 4989
7135 6954
7079 6641
785 1449
1177 2015
6617 7599
58 58
3375 3188
5727 4889
7812 7705
1269 2097
3118 2634
40 583
7567 7228
1706 2452
1464 1826
3812 4652
5378 5495
3440 3751
2664 3123
7949 7081
2544 2560
5408 5040
5392 5193
60 909
1862 1186
3987 3131
75 788
5663 6413
7451 7508
8713 9274
4439 3850
2914 2653
775 1200
1530 1819
9367 9847
4882 5734
6235 6070
8759 8863
8129 7665
6522 6925
6544 6645
1475 2065
12 861
5157 5391
4982 4706
8954 8829
5292 4871
6943 7551
8927 8678
2670 2057
1424 1294
8731 8237
5075 5002
90 847
2484 2069
2629 1675
4805 4837
7080 6594
5885 6103
9791 9526
1720 1819
5426 4946
9049 9284
100 484
392 1278
3804 4744
1271 2178
9973 9359
5601 6399
32 555
93 979
31 613
7874 8646
3113 3179
27 461
3166 2874
3814 4664
9637 9506
99 581
3242 3436
4903 4674
10264 9838
3824 4488
2982 2322
8692 9308
4576 5115
7496 6900
8777 9158
3928 3213
2256 2342
6130 5460
3363 2883
5201 4884
8796 9064
2926 3280
9729 9311
8620 7971
4277 5028
3847 3562
586 1169
8545 7673
10296 9807
7413 6763
1655 1241
3556 3781
7824 6869
3976 4490
4119 4030
10383 9802
4906 4419
2757 3046
2780 3344
3680 3872
21 157
7561 8404
7329 7902
9520 9606
6128 6120
8714 7726
6784 6684
52 242
6003 5029
2016 1374
7499 8228
9339 8941
8776 9147
5379 6135
43 952
8983 9143
1344 1297
5206 5321
4066 4031
5878 6558
4325 4698
4027 3559
64 818
6250 7244
9294 8708
3492 4312
8357 8086
4015 4060
4375 3467
5102 5936
7004 7778
38 609
8652 9247
99 471
4765 5510
25 518
8948 9130
9562 9968
6813 7661
6571 7352
6850 7394
5607 5912
2693 1702
3140 2703
5619 5803
16 751
1919 1445
9043 8929
9194 9053
63 67
7312 7364
2245 3112
54 423
8894 9079
4443 5147
1914 2119
2879 2016
79 391
3383 3629
79 248
6176 6571
5921 5442
6630 5802
8971 8324
2449 2191
10757 9758
3446 3778
10771 9999
6592 6552
9443 9334
6156 6429
9899 8959
7681 7279
4844 4848
5295 5392
20 417
2565 3277
5524 5792
2853 3259
4829 5540
3544 2588
6040 6755
6649 7195
5811 6266
2923 2033
7992 8355
1418 1214
4518 5147
8935 8161
21 287
2070 1795
818 1377
1378 2065
8674 9577
3732 2750
7840 7146
9146 8537
6053 5895
80 503
5552 5214
4938 4763
2207 1736
2918 2529
7643 7252
9263 9321
10110 9439
1909 2686
6025 5111
9356 9653
6691 6350
3371 2587
2045 2676
7734 6923
962 1784
1803 1384
7419 6555
9342 9106
4629 4273
7200 7076
8266 8963
5897 5224
3864 3280
5644 6389
3321 2792
6565 5587
8096 7345
3392 4152
9779 9026
6640 6578
1720 2153
88 974
6686 6672
7201 8051
7222 7177
2866 3802
4480 3969
7491 7339
7052 7027
3596 3113
2137 1437
8060 8903
8287 8966
8259 8197
6506 7349
59 501
9497 8711
4462 3497
9305 9495
537 1104
2603 3468
90 452
7578 7662
2995 2858
4806 4688
6376 6440
3245 2524
2657 3291
9446 9491
8117 7432
4900 5328
5569 4664
5172 5261
77 495
3967 3827
4106 4345
9394 9711
11 211
14 575
6433 6694
95 355
10194 9562
2581 3002
3002 2016
6376 7347
6573 6783
7604 8470
9003 8086
3346 2944
6069 6032
1204 1422
1755 1332
5027 4471
9175 9901
1191 1669
71 810
2715 2228
63 733
2311 3200
5973 6105
9041 9594
97 191
5938 4957
6930 7037
2648 3251
7283 6946
75 255
5489 6323
9338 9999
5088 4436
9959 9707
2892 2518
8641 8064
3481 2679
6400 6507
5690 5118
5394 4798
6497 7422
88 671
9287 8792
3609 3900
3608 4086
4166 3655
3587 3537
2404 1751
8319 9120
6365 6314
8788 7993
9235 9735
6358 6575
990 1099
7135 6252
10488 9660
6318 7299
6367 5412
3669 3075
6473 6263
3522 2658
4879 5239
43 776
7037 7391
1516 1348
89 178
4203 3627
10846 9964
3587 4090
4560 3562
2575 2857
3977 4306
2567 2825
3231 3446
4279 4337
4071 3490
1741 2651
2644 2638
2529 2099
7570 8401
8212 7621
9376 9639
9200 9517
7256 6396
8907 8945
6232 5676
9507 9000
7078 7673
7815 7631
5653 5628
1201 1170
4240 4861
42 155
2610 2001
3652 3698
7265 7006
8886 8347
4790 5125
8669 8983
1567 1231
6203 6896
9554 9184
5952 6498
5203 5665
4459 4808
27 338
1875 1226
3798 3975
6886 7084
8820 9377
1446 2046
3604 3946
8750 8005
6209 5887
10051 9617
6977 6851
674 1626
10285 9584
5335 6302
7094 6590
5626 4921
9148 9690
7427 8355
9389 8794
37 380
63 730
68 951
5235 5788
4325 5252
2601 1961
1887 2621
64 535
4283 3900
7921 7821
1232 2089
7420 7507
11 463
1697 2294
3033 3646
7367 6478
5624 4790
5980 6859
8614 9575
8775 7895
7563 7512
9624 8858
7325 7990
4363 3430
5893 6217
7540 8469
3463 4069
8364 9339
10151 9703
10020 9472
6865 5991
5301 5436
6477 6617
8015 8525
560 1219
8763 8004
8146 8880
4808 5806
6917 7866
2820 2403
7805 6962
7162 6290
4570 3711
2492 2727
4045 4890
2970 2339
3400 3604
1433 2381
8112 9097
1658 2508
4443 5317
3903 3386
349 1336
3334 3530
8056 7748
7847 8677
7112 7157
1847 2405
3383 2397
1915 2700
6259 5611
2407 2563
3686 2689
1611 1669
3722 3161
10130 9872
4980 5503
5628 4785
3595 4490
2427 2393
4136 4016
72 59
4685 4957
98 774
939 1050
4809 4990
1551 2253
2251 1772
8593 9450
3183 2261
8193 7349
8763 8710
3544 2988
8386 8203
5941 5501
9755 9698
7674 7130
23 521
3711 4178
710 1256
2840 2002
7908 7312
8877 8865
2412 1812
1905 2737
3016 2558
4440 4218
100 471
4376 4413
45 290
18 116
99 14
62 868
4364 4902
9954 9488
1835 2009
8380 7606
17 413
2998 2300
6151 7005
5336 5578
4797 4887
9546 9804
9678 9052
1851 2725
5706 5039
4211 4235
9016 8486
3062 3111
4959 5403
5923 5448
3288 2567
7733 7903
3085 3877
