5014
100
13168384
48 58 57 45 43 41 41 40 46 42 40 40 50 52 58 49 51 48 56 58 50 55 44 55 40 50 48 48 56 55 48 55 50 48 51 57 45 48 57 44 45 42 52 58 52 52 42 55 44 43 56 48 55 55 47 47 56 41 58 59 47 55 59 49 44 57 40 53 45 43 56 57 46 59 55 50 57 59 57 59 51 48 48 55 53 52 56 40 58 40 46 60 45 49 54 43 48 52 52 43 
-42782 -56185 -49985 -37565 -31674 -34339 -35969 -38885 -35535 -42170 -32172 -35432 -46907 -49676 -51711 -52071 -38150 -33468 -46558 -53630 -40874 -49246 -36522 -39636 -37309 -40363 -36107 -43544 -47806 -48171 -36931 -41396 -41073 -36911 -45145 -55366 -35551 -46154 -52891 -46994 -39528 -38579 -41389 -45891 -48122 -40391 -35539 -43456 -30531 -33726 -49018 -43344 -53170 -43619 -37882 -38857 -47784 -30201 -40069 -48736 -42127 -51645 -59661 -45721 -39607 -47772 -35806 -50972 -36524 -39200 -42774 -49743 -40104 -52406 -45035 -37040 -50502 -52410 -54411 -39083 -45683 -41105 -39722 -45796 -42001 -45965 -44136 -37317 -44529 -34160 -42928 -47997 -39177 -45616 -46417 -37271 -44058 -43820 -41817 -31372 
50964 66826 58892 43516 38388 41449 42649 47309 42541 48643 38695 42270 55452 58557 60604 60178 45686 40564 55599 64427 48754 58017 43912 48466 44688 47728 43818 50525 57418 58781 46390 49514 52122 43359 54325 65141 41422 55266 63202 54455 47257 45886 49136 52510 57568 47193 41744 52252 37074 41099 56824 51832 62248 52539 45913 46227 57067 35426 48833 59323 49226 61165 70103 53636 48915 56776 42157 62135 42987 44928 51283 60929 48687 62321 53857 44101 60473 63611 64134 47438 53893 50523 47317 54498 50830 54275 52265 44084 53296 41903 50478 57006 46865 55213 55688 44650 52208 51227 49448 38278 
3129 3068
54 237
3841 4122
2982 2938
4315 4883
8780 7867
6051 5253
9142 9155
6153 5171
6185 6200
900 1794
4370 5290
2623 3044
6998 7891
6897 6760
9523 8806
4042 4391
5528 5154
2160 3151
3870 3653
5781 5397
9263 8564
5822 6290
1678 2482
2624 2433
1015 1376
43 211
31 572
7462 8004
6550 6091
2303 2482
3628 2941
7912 7685
6915 6417
3913 4502
6279 6919
6830 6892
5138 4336
18 736
4312 3419
8577 9285
6605 6809
7847 8206
8366 8473
9102 9963
6934 6484
7331 6505
5351 5162
1052 1221
9321 8336
49 23
5035 5262
7285 6836
8910 9059
7393 6871
9071 8079
8302 9236
4558 3785
8989 8033
8071 7592
4775 4329
6639 6199
6932 7486
6315 6912
7760 7446
6278 7095
7576 7668
8685 9594
2472 1653
58 654
7597 6944
8057 7063
974 1133
2438 2175
6666 6480
5598 5983
11 706
5220 5688
8927 9198
3488 4160
3578 4343
6949 6252
8177 7794
2395 1396
8558 8119
2795 2982
1758 1812
6452 7321
4691 4854
4994 5731
10 710
6050 6855
4281 4860
5003 5439
4986 4477
9168 9806
8593 9169
5658 6287
501 1149
5462 5900
2356 2341
9401 8897
5280 4384
5777 5817
6444 5771
8157 9115
6210 5338
4175 3254
6018 6555
9690 8732
4869 3965
5442 5690
9318 8534
8817 8894
4879 4681
5781 5409
7265 8226
6454 7271
1671 1259
7040 7983
6076 6776
4929 4962
25 930
2525 2374
2763 2233
8550 7989
3060 2750
10314 9557
8091 8750
69 493
3873 4546
7783 7810
1739 1833
1931 2409
5684 5530
3811 4329
11 53
84 910
3211 2871
10082 9511
4196 4257
5340 5999
9541 9572
1110 1097
2633 3317
15 938
3947 4492
9211 9053
64 707
2911 2694
8508 8110
5327 4439
27 613
2906 2271
83 152
5845 5010
9892 9118
5706 5172
7821 7397
3401 3561
7757 8067
8864 9217
9103 8300
14 278
3374 3562
9723 9326
3572 4234
6845 6135
6677 5849
92 36
8115 8733
1894 1249
2843 2799
3571 2904
3228 3260
1630 2140
689 1316
5059 4577
6016 5799
8249 8934
62 347
4249 4111
3926 3049
97 900
3667 4585
10576 9728
11 556
39 994
6413 5520
5538 5367
10737 9859
6363 5746
8821 8540
6320 5503
3752 4518
4507 4596
5313 5086
8189 7778
3894 3676
3944 2993
6858 6230
1254 1826
7416 6652
5195 5470
9160 8301
5932 6646
4809 4162
6638 7430
6997 7985
407 1047
3033 2153
3269 3775
4508 5160
1271 1291
5727 5559
8570 8596
12 442
2273 2495
6292 5892
5171 4878
3180 4136
5277 5913
4338 3823
72 884
3125 4069
8134 7870
3597 2768
6543 7250
5563 5660
7896 6987
2575 3196
5005 4209
4729 3942
41 512
3271 3136
1293 1200
8273 8202
10117 9867
2477 3219
47 413
6101 7067
818 1286
3142 2372
2984 2889
6756 6767
5474 5319
9754 9076
7814 8166
5270 5216
22 618
297 1094
9814 8994
4956 5594
10258 9332
2080 1554
3830 3341
4948 5151
7837 7346
98 992
7593 8311
6053 6525
8007 8420
5563 6336
4186 5138
33 549
7189 6496
1080 1429
8505 9115
5622 4832
51 937
1664 1912
13 45
6751 5893
8717 9645
3288 3366
39 660
6029 6438
35 761
6031 5611
7836 7548
7488 8223
4773 3817
5952 4959
10167 9614
3813 3327
7413 8396
2879 3000
2985 2672
10350 9820
1242 1911
1561 2343
60 908
6293 6502
5053 4131
4618 4544
5872 6518
4009 4551
9018 9040
6943 6681
2115 1674
6615 6328
7560 7063
5704 6095
7680 7990
4215 5113
2548 3314
83 281
9189 9925
7748 6767
8401 9081
7331 7851
4650 3812
1703 2415
7864 8852
2282 2525
34 152
8924 8012
5022 4340
8159 7702
3909 3061
48 42
8126 9121
5525 4721
885 1706
6680 6000
8639 8380
3693 2898
1897 2766
39 806
71 697
4965 4862
3135 2148
8885 8624
7217 6869
5408 5499
7449 8251
8694 9536
8639 7672
4128 4081
7153 6457
8902 9880
4491 5333
8469 7558
4491 4980
8520 9359
40 747
8460 8621
6901 6402
1995 2049
7518 7578
2226 1512
8581 8558
5220 4394
5536 5449
6013 6940
8429 8177
1737 2230
6989 6517
9656 9654
4555 5325
7876 8574
4354 4989
8011 8996
3455 2621
6968 7906
2594 2366
2089 2439
7172 7997
6694 7496
1967 1293
76 314
2988 3349
1176 1747
792 1730
2566 2735
89 892
25 41
4320 3476
3125 2159
5131 4920
3368 3550
3167 3167
6756 6848
6777 6286
6066 6013
4872 4812
3700 2892
1769 1518
2591 2857
3230 2670
5785 6026
8174 8140
4975 5469
7011 7469
4713 3956
5178 5393
2487 3082
7935 7578
8549 8421
9021 8988
3737 4268
2462 2755
4262 4705
3290 3257
4016 4077
3948 4043
7469 6845
5104 5898
2470 2220
4541 3890
93 281
8763 9453
8167 9160
3906 3678
4148 4957
2908 1917
1984 2589
5619 6439
4580 5044
5191 5016
8505 7628
4801 3985
60 550
6140 5468
69 518
3567 3442
3670 4400
82 856
5347 5744
8405 7574
2619 3095
3626 3047
8061 7955
4425 3772
7404 6567
5553 4618
8038 8520
5177 5313
7630 6967
6515 6640
27 126
7402 8402
2670 1962
3814 3308
3750 3368
8462 8161
10455 9707
7016 7465
6620 5760
8105 8503
9675 9662
7192 6824
9481 9973
8668 9512
10488 9526
7218 7971
6370 6075
2961 2181
91 131
8833 8377
7479 7522
27 661
5798 5487
8996 9420
1777 1482
4491 4035
8337 8188
8136 8579
5044 5803
8416 7430
43 976
6296 6472
8656 9243
24 130
2685 2253
7266 7248
1572 1684
5160 4945
6093 5148
4506 3521
3351 3886
5183 4294
28 322
7436 8031
763 1207
7998 8524
2097 2014
8228 8683
2291 2050
9529 9720
5742 6712
3392 3276
53 106
2039 1540
6486 7342
5985 6316
6615 7363
5921 5494
2792 3374
70 422
5046 4507
9479 9625
45 306
2274 1410
6775 6255
74 679
1352 1040
21 544
6198 6549
8206 9123
3443 3611
4003 4866
1370 1131
6899 7495
10815 9917
7942 8528
3873 4036
2809 2318
9425 8653
92 1001
58 424
8695 9106
3907 3307
9305 8809
9467 9180
89 286
1633 2599
3867 3311
1327 1383
5992 6210
8149 8597
3192 2661
3787 3547
3343 2735
7965 7194
6148 5539
9704 9801
6795 6774
7811 8415
8585 9203
8139 9080
3464 3520
7353 8230
3897 4557
6404 6905
7724 7510
9184 8857
1015 1400
2228 3036
6733 6194
4500 3691
7662 6686
9217 9250
6964 7811
1571 2107
6171 5783
8445 8249
18 42
5175 5566
6179 5933
7761 7174
6649 6397
86 173
9933 9249
13 776
4647 5285
2725 2124
6098 5144
5901 6231
2030 2491
1767 2495
5439 6238
92 207
3845 4127
45 352
7332 6782
10223 9369
8538 8359
712 1520
5787 4948
7137 6922
5262 4981
8424 8315
6496 6965
6178 7133
2004 2461
6680 5840
6582 6450
6519 5903
10425 9934
9575 9584
9602 9863
7034 6851
8210 7391
10181 9478
4190 4167
34 644
4710 4073
5035 5307
5228 6122
9448 9135
1978 2119
4601 4343
6380 6221
9015 9780
8878 8084
4134 3247
2548 3496
8442 9322
6106 5859
8786 8293
9020 8749
7308 6382
3302 4299
7913 7779
1230 1779
7277 7406
7673 8431
1729 2608
5905 5414
6363 7291
9787 9963
6124 5537
9986 9511
8422 8070
27 419
2239 2606
3017 2905
3815 2846
2991 3464
41 261
39 360
6069 5857
5149 4288
8053 8197
5650 6077
66 516
6410 5657
7462 7413
6935 6111
1921 1794
4281 4093
3932 4453
8540 7913
3656 3926
7188 6738
2758 2335
3448 3491
3463 3162
7833 8069
9642 8645
2972 3808
5527 6274
5402 5794
8778 8516
3743 2851
1166 1150
7449 7002
739 1240
4256 4524
8527 8681
2650 3011
6643 6430
7659 8019
7401 7694
17 296
1537 1172
56 67
5929 5744
32 338
6085 6715
9817 9582
3600 2661
7938 8365
9902 9064
6050 5499
3596 2818
6070 6818
2162 2845
11 914
3137 2209
9061 9301
5935 6044
5477 4709
2761 3384
6912 6778
7642 7191
6360 6880
6933 6727
8410 8362
3348 3864
6216 6195
14 359
7204 7439
9768 8770
5584 5520
80 501
5264 4988
2564 1746
3478 2937
7948 8198
1616 2289
2636 1894
10447 9700
8350 8638
5665 6237
3014 3910
3951 3992
76 91
3671 3616
8458 8759
5317 6202
8795 8442
9887 8988
8160 7291
8984 8317
6146 6827
5843 5494
3362 3860
4154 3263
38 90
5810 4996
7576 8358
2158 2158
9128 9517
44 163
6956 6522
6045 5306
8553 8125
8194 8455
7965 7311
6714 6042
2325 2035
7154 6919
9462 9483
7426 7764
4918 5789
7931 7692
7508 6895
9828 9044
8834 8369
9018 8138
7410 7255
5984 6940
4233 3681
10343 9951
2001 1107
3664 3966
7152 7732
5498 4588
3849 4191
3312 3800
1830 1145
7152 6300
44 705
5436 4783
6502 6395
2163 1691
2703 1745
4627 4500
10087 9373
4951 5139
2972 3662
2553 2500
6998 7572
9871 9073
4562 3600
8718 7775
3771 4499
3819 3420
7276 6521
4434 5009
6681 7579
8792 9128
3045 2567
2963 3768
9207 8637
54 673
35 661
6483 7042
2373 1936
4560 4718
24 400
655 1637
5679 6204
3211 2761
6090 6738
4896 4228
84 202
9068 9101
1820 2198
1472 2242
4219 3712
8383 8896
4412 5381
3235 3713
2763 1963
5704 6473
3370 3024
1700 2542
16 315
4937 5325
981 1052
6329 6278
4674 4142
1472 1355
4922 5233
8685 8630
3797 4591
3310 2665
4498 4584
58 979
15 348
5364 5518
3029 3712
5965 6026
9313 8715
15 79
3168 3541
7594 6960
8587 7797
2454 2103
45 147
677 1359
14 202
9253 8890
4764 4658
8029 7724
7750 7649
5804 5458
3677 3272
5057 4898
4340 3723
35 949
11 958
93 983
9376 9879
8079 8535
1142 2067
72 254
6821 7197
3286 2379
3777 3465
7741 7453
5696 6191
2723 2487
2751 3718
1560 2183
54 652
6351 6069
3683 4598
40 192
8413 8960
7783 7013
7321 6574
1574 2369
4487 5362
6233 6113
2334 2805
77 181
2159 2728
42 659
8637 8483
4521 5490
5085 4873
3312 3319
88 408
7028 7950
3444 4433
4889 4572
10226 9279
2630 2004
3107 2270
7994 8204
268 1116
30 809
1840 1045
8435 7894
4207 3781
2889 2433
2533 3259
8392 7655
36 395
9319 9697
4681 4748
3343 2563
7201 6377
2863 2695
8555 8675
8566 9235
9316 8415
1999 1764
4973 5320
5575 4860
7184 7216
1475 1847
9066 8989
6594 6346
2049 1690
1489 1795
9177 9364
7828 8762
8679 8678
2453 2668
4337 4968
4978 5030
1595 1618
1692 1482
2120 2055
4748 3778
7469 7936
7916 7206
2691 3553
10198 9541
5565 5969
9552 8986
7779 8016
2738 3023
3467 4109
3593 3751
7733 6901
2202 3079
3145 2981
2175 1443
311 1300
26 878
4374 4553
8420 8909
3050 2438
3113 2415
1548 2247
7422 8233
3816 3658
7709 8415
4910 5715
5083 5681
10413 9803
6018 6706
4227 4296
9316 9084
9099 9954
6633 6704
6130 5569
7963 8214
7625 8138
6678 5986
9861 9931
4174 3225
5233 4636
9184 9467
9286 9615
6640 6620
4393 4827
1093 1198
92 322
3969 4429
6826 7074
6204 5884
2697 3280
55 933
5182 5115
10539 9613
6669 7311
7529 8005
1734 2322
4929 4567
2490 2918
9736 9349
3807 3195
6866 6373
2936 2620
3335 2438
9396 9594
10153 9153
2936 2180
3875 3535
3226 3243
9177 9161
9852 8932
2794 3458
4547 5074
1065 1898
5080 4925
4279 4242
5347 5606
3321 3388
51 617
6176 5492
1236 1709
7092 6453
5046 5640
385 1063
7889 8381
8781 9213
6444 5817
48 469
51 863
3952 4904
4465 5272
3945 4804
6762 6690
7696 7764
4029 4084
8552 7594
1534 1284
5724 6029
941 1941
8331 7392
2833 3420
2316 1408
1581 1798
304 1088
9661 9366
8945 9403
5560 4682
6757 7449
3504 3021
6175 5771
5164 5572
3456 3332
4991 5801
8983 8690
3723 3206
1210 1683
39 633
2131 1587
9133 9671
6106 7099
3716 3156
8836 9730
5527 5019
7275 7288
7438 8128
8591 8885
6810 7144
7550 7668
1955 1119
2847 2442
1360 1115
9134 8702
10381 9728
17 993
1683 1112
10715 9740
8343 8529
5441 4530
4835 4548
4308 4319
7692 8051
8329 7543
5622 5918
4986 5189
2316 2281
3447 4385
1716 1674
2635 2257
4860 4774
4574 4566
2249 1393
69 899
6381 6913
9517 9870
10373 9905
1850 1393
8189 7555
3338 4122
51 268
1379 1260
7283 6462
1384 2064
554 1278
5185 5814
5230 5945
692 1662
8546 9162
7469 6894
2695 3516
8899 7939
4479 4695
2548 3086
3739 2742
7208 6981
1166 1764
4293 4245
4581 5033
7988 8316
5581 5733
5001 5664
1991 1712
53 189
920 1679
10191 9834
4954 4462
6739 6092
6987 6255
4820 4462
6269 6801
2733 2108
5391 5482
2349 2960
34 657
8533 8928
6941 7801
65 419
6840 7197
8994 8704
5239 5104
2049 1360
4080 3298
7144 7199
9832 9290
1628 2233
3904 4861
2446 1842
8106 7857
3913 4854
4793 4399
70 73
9257 8563
4823 4689
1075 1984
7719 8110
2592 2666
2979 2915
5040 5267
4255 3495
6244 6447
5290 5526
7594 6912
9096 8711
78 848
97 841
9003 9415
2651 3064
28 46
7588 8317
3725 4092
9305 9588
2651 2178
96 289
682 1205
4838 5272
340 1128
3403 2470
4737 5351
4044 3789
7738 8361
495 1211
2434 2367
4742 3970
90 405
1745 2210
6728 7543
1361 1937
6452 7049
2670 2149
7228 7326
3019 3827
4651 5563
1557 1149
6290 6878
6211 6267
1696 1683
4772 5264
5674 4991
3953 3687
5173 4434
2975 3413
3893 4118
3411 3261
962 1743
3686 4318
8147 8347
880 1618
2862 2473
6909 6219
8013 8984
7139 6326
2639 2405
7776 8502
4176 3437
2519 2007
2431 1706
2752 2582
6411 6313
5501 6421
3669 4505
8881 9389
8377 8576
9164 9724
9979 9432
7795 7933
8183 8817
4178 3822
5592 5752
4415 3544
1767 1404
5289 5806
7855 8502
4414 4508
10066 9761
5319 4790
4739 5005
3904 3527
5757 6361
3036 3187
8347 8453
4232 4176
5516 5801
2165 1212
4687 4375
6715 6348
5191 5310
1405 1758
8352 8765
2756 2935
8628 7901
2003 1372
3416 3215
8594 8995
8126 7454
5421 4468
9447 8502
4247 4047
7379 8335
5250 5527
87 563
48 839
92 420
6123 7076
3247 3689
10731 9800
100 512
9730 9467
3963 4783
9583 9148
4541 4997
7216 6424
99 733
5443 5552
1181 1538
6825 6049
9028 8249
6327 5576
4412 4576
6481 7221
89 60
17 557
1316 1289
7554 8186
2489 2552
8635 9028
3789 2867
62 199
780 1385
3911 3648
3878 4271
728 1718
1456 2196
2852 3321
1633 2374
4082 3783
7485 7222
7330 7729
7348 7334
5421 5025
2147 2803
423 1300
1740 1987
9315 9902
2368 2032
560 1388
79 171
3724 4486
2203 3187
3967 4036
48 788
7002 6887
4768 4175
6394 6085
9451 9210
6089 5667
6815 7318
7123 7254
5677 5348
6956 6676
1480 2315
6511 5930
8323 8592
85 594
5445 5482
2433 1550
7100 8003
36 865
2293 1980
5379 5432
9355 9639
85 378
3054 2413
2408 1665
6123 5163
3111 3156
8237 7423
6143 5956
4131 4826
8000 7711
7693 8565
7044 6312
9617 9944
3167 2574
7829 7858
436 1124
7246 7097
3757 3834
8767 8862
4730 3805
6451 6631
7270 6633
4651 5202
5314 6061
6894 6631
1757 1024
4705 5445
1481 1259
2888 2568
2404 2828
6954 6185
1771 2693
7626 6843
18 506
7840 6941
4621 4600
8365 7923
8760 8151
3885 4249
6864 6353
2297 1940
6501 5567
5017 4046
2060 2630
7089 7290
2552 3040
1222 1439
5937 5675
6701 5777
6728 5742
8571 7913
5469 6155
100 525
52 108
7377 8288
7827 8396
5234 4388
6558 6328
3128 2610
6910 6029
3585 4544
8583 8181
8275 8583
24 648
6688 7127
6597 5785
6566 7301
6265 6272
10136 9903
4716 3917
8800 8077
77 709
3146 2940
8846 8461
7544 7326
5137 5354
2062 1413
6425 6675
54 342
18 736
9098 9655
8395 7794
2476 2208
10 336
5499 5442
1891 2864
4197 3421
2494 2314
1426 1793
4559 5060
643 1083
1689 2023
8745 9574
8451 9085
92 609
4496 4382
2421 2310
8910 8250
5288 5020
5622 6103
6779 6503
3945 4078
8626 8264
4310 5098
1638 2582
5653 6037
1335 1694
5080 4471
3106 3768
9747 9719
4915 5570
8552 9245
3734 3185
46 871
3697 3310
77 977
9276 9555
55 757
4976 5372
8172 8992
7076 6833
8966 8143
8880 8090
4385 5360
3383 2573
5474 4675
8095 7215
6374 6151
2367 3186
28 61
9736 8770
6282 6097
2591 2875
8605 8812
3188 4096
5431 6236
9499 9879
76 458
10015 9067
6852 6332
4209 3907
9312 9615
82 706
8414 9069
5536 6350
1804 1975
2783 2947
7482 8195
7398 7336
8868 9737
5404 6179
7495 8271
3095 3664
45 175
771 1667
6918 6339
52 290
5803 5602
2307 2986
4943 5491
2930 3652
56 294
9903 9200
2448 1511
6737 6738
6355 6282
3478 4421
7825 8077
3659 4649
5932 6071
8693 9271
4789 4851
8520 8078
2272 2914
3891 3987
351 1307
3993 4652
85 612
8852 8527
5443 5781
2376 1391
6675 7271
9118 9118
1705 1521
6786 6077
523 1259
46 776
8166 8189
5714 6404
3924 4320
9496 8630
8066 8287
1416 1991
7686 7451
4768 5054
16 664
2156 2390
4133 3314
61 842
69 99
9934 9433
5296 5804
2994 2380
19 345
227 1055
6508 5882
6602 7499
1439 2323
9170 9960
7498 8409
1043 1176
4897 5872
1345 1358
8236 9045
1622 2620
5428 6342
4805 4285
2841 3586
9414 9826
26 972
1671 2629
6357 5977
87 71
2778 1967
8487 9056
1773 2709
3996 4581
5296 4956
5344 5265
9133 9472
7158 8142
1970 2047
2896 2209
9017 9580
5932 5394
42 523
4865 4834
2115 2307
11 861
1669 2434
3811 3739
6702 6049
5416 5743
4702 4641
5791 5754
69 263
4835 4046
13 830
7620 7985
7149 7736
2596 2055
2619 2779
8410 8182
9491 8814
11 690
1698 2534
7180 7945
5010 4266
6493 5904
6513 6651
1300 1547
2985 2664
8153 7581
2654 2088
9805 9808
1673 1896
2750 2801
2298 1423
2316 1551
9458 8604
25 168
1909 1453
1993 2929
4854 5243
6969 7225
12 456
5054 5189
6308 6929
1058 1860
5196 6049
5018 5445
5148 6010
5141 5823
15 800
15 581
8116 7824
624 1422
8808 9680
3783 4515
4018 4911
7231 7456
2993 3557
6321 6557
67 791
2844 3674
9654 9868
54 60
92 774
93 132
4910 5808
8219 7295
6330 6926
5727 6091
6162 7106
8751 8334
7181 6448
15 452
7062 6318
8974 9588
8741 9294
56 502
28 18
8732 9726
9532 9031
7770 7566
8588 9244
8983 8693
8122 8313
1878 2416
46 669
6180 6036
7391 6432
1259 1494
8952 7961
2788 2925
9526 9713
1766 2516
2605 2007
10210 9344
8854 8924
7137 6172
2613 3318
1197 1898
4044 3456
1648 2488
37 408
3883 4580
8167 8405
40 712
7806 6974
2154 3105
4202 4685
5856 4906
4294 3403
7479 7887
3442 3443
7521 6910
17 267
2613 2933
15 865
6473 6689
3142 2547
9485 9264
6873 6811
7078 7739
8858 8331
4952 4575
5602 4670
5274 4894
1496 2361
30 573
3665 3683
1946 1464
3010 2315
6296 7053
2094 1938
57 969
3822 3093
3859 3436
5017 5442
6559 6608
1329 1086
9123 9029
755 1122
3344 2542
1503 1185
598 1317
74 653
2838 3027
2140 1530
619 1217
1597 1944
2280 2151
8960 9191
6999 6500
8669 9477
33 224
5598 5998
6909 6086
3383 4260
6565 7426
8178 8625
6439 6693
5024 5534
6077 5616
3187 3587
8540 9043
9518 9755
1455 2015
9785 9821
9532 9227
4392 3892
9094 9747
1316 2224
3930 3566
8899 9254
9921 8923
3536 2762
10507 9569
6536 6510
1947 1668
53 924
6884 6482
4604 4409
6133 5903
2514 3018
9044 9216
6535 6955
8582 9239
1659 1591
7384 8103
9749 8798
7331 7980
8051 7153
5934 5905
3259 3133
98 542
470 1147
4295 4807
7380 7691
10225 9978
9170 9180
4392 4785
8109 7383
7850 8785
4994 4569
10777 9933
3643 4590
39 297
94 190
3518 3013
3876 3906
4354 4687
4033 3069
100 232
7949 7088
7757 8707
8144 8401
2278 2223
1021 1383
8809 8829
9963 9971
9279 9700
2482 2327
2330 2176
5478 4784
6627 7147
5583 5813
5802 6282
10194 9926
4652 4219
8603 7761
7795 6845
7853 7093
10760 9925
48 126
4324 3411
84 924
993 1967
8114 8731
7032 6398
9158 9887
9505 8528
3684 4344
6784 6373
1244 1837
3830 3318
69 543
7629 7434
2938 2098
9641 8666
8743 8216
9443 9081
4291 4935
7671 7489
1057 1148
1804 1631
28 267
6447 7232
4660 3947
2643 1847
6550 7150
70 601
90 256
3424 4087
1287 1340
8692 7821
8300 9119
1917 1536
99 434
4408 4402
5929 5848
8452 8351
17 607
10521 9644
2461 3456
2166 1498
1988 1248
10108 9153
3815 2939
4996 5120
67 976
5623 4886
2122 1597
1708 1268
8987 9929
3460 3981
9707 9997
9930 8980
2187 2777
4306 3331
3282 4265
1207 1506
7035 7060
7672 7473
8623 9074
6725 6515
4744 5249
2142 2216
8704 9624
8829 7926
9660 8870
8247 7794
1647 1347
5539 5140
7382 7257
7996 7016
4460 5237
2419 1500
5293 6208
9265 8951
15 694
5185 5120
7955 7004
2486 3201
5586 5264
2956 3902
3791 3230
7182 7413
6539 6523
2260 2812
4393 4693
3284 3970
7178 6891
7243 6429
3687 3890
8945 9587
3829 4382
7918 8079
5380 5419
4513 5485
7176 7366
6751 6477
2122 2355
3753 3076
9888 9813
7458 7567
74 978
31 943
9326 9827
6065 6141
8335 8742
7128 6801
4612 4452
4205 4975
10108 9332
6888 6768
5330 6008
8620 8617
2192 1566
8568 8450
5481 5204
7359 8122
6909 6145
4880 4438
5865 4995
5230 5058
3153 3638
4335 3770
5892 5175
7188 6804
28 62
5026 5642
3185 4139
4689 5035
7405 7249
6217 5279
2480 3315
7554 7765
8422 8907
2421 3103
1899 2895
50 996
2581 2747
3789 3171
59 106
450 1271
8737 9341
9074 8953
8364 8012
9952 9810
3468 4015
1621 1729
55 888
8528 8166
3426 4360
3893 3663
4994 5942
8745 8820
4600 4443
2028 2401
7868 7953
4946 3958
10849 9994
6931 7501
5652 5978
4773 4078
3576 2807
6478 5985
5350 6132
6368 6603
9652 8844
8812 8275
3454 2484
3917 4745
2844 2731
10335 9710
8611 8333
2444 2769
10209 9635
2655 3281
1393 2195
10203 9992
9134 9153
62 955
1620 1428
8045 8481
6910 7393
6113 6134
6166 5945
7472 7836
5599 5071
9649 9239
6567 6438
7403 7638
6146 5678
7360 7886
7889 7682
6702 5921
9192 8729
5572 4930
1224 1215
6034 5554
1626 2312
7312 7403
2620 2304
4450 4574
5622 5275
6170 5800
9686 8918
10659 9999
3381 2852
3679 3351
4815 4184
6164 5966
2460 2668
1732 1557
7313 8149
7228 6537
5900 5710
8787 8414
3884 4779
5445 6245
4174 4615
70 219
8271 9182
3224 4011
7167 7225
2807 1835
1515 1537
7887 8383
5837 4926
5917 5830
97 510
4702 5217
5389 4397
4990 5754
7754 7711
5019 4491
9009 9700
9192 9815
3073 4043
1189 1610
8996 8435
6721 6888
6609 5646
5672 5664
6479 5945
47 580
8645 9584
6998 6399
1431 1954
2978 2024
4176 3431
8985 9834
716 1658
3872 4340
7640 7738
5287 5323
4459 4162
10605 9813
2112 2322
6359 6713
8576 8242
6452 6251
4219 4674
8128 7198
5252 4280
8025 7765
1876 1278
15 69
8967 8020
8012 7909
4284 4753
429 1064
8593 9423
1236 1234
38 774
2306 3119
5034 5755
1938 1482
4895 4743
3083 2882
8011 7677
8969 9624
9684 9885
6265 6546
6798 6312
5197 4221
4425 4607
6634 7138
2487 3079
8891 9877
6340 6368
8203 8238
637 1474
1856 1338
4995 5097
2234 1645
8354 9293
1549 1122
3257 3088
3707 4513
2953 2298
3374 3643
3954 3117
59 192
9846 9111
1102 1579
4467 4043
7273 6691
5051 5554
6070 6183
13 450
2001 2873
4983 5656
4605 5286
3528 4394
1091 2080
7620 8481
3442 3941
5843 6262
9404 9883
3475 2838
2238 2259
6287 5320
4771 4663
3841 3424
2631 3343
75 913
5287 4946
4794 3811
8181 8209
5459 4910
16 299
5025 4084
7134 7007
4081 4769
8869 8313
10014 9569
5736 5894
6740 7226
1740 1022
5914 5611
7410 7210
6523 6042
6554 5756
4371 5208
1593 1145
2647 3418
99 601
52 943
6087 5244
12 981
58 204
40 837
73 654
9010 8207
5563 6033
4792 5352
7781 7446
2124 1270
4566 5338
3450 3885
7631 7496
5388 4421
2624 1629
5231 4533
3222 3291
4121 4347
2904 2240
5157 4904
9321 8827
1899 1073
3598 2729
2264 3155
8382 7398
9513 8533
28 519
261 1024
48 517
5753 5007
8164 8772
2835 3763
7364 6513
8546 7857
7298 6473
1800 1328
2331 1644
6130 5303
2539 2467
10558 9840
7958 8934
7947 8360
2220 1712
5269 4415
8832 9060
13 156
2097 1396
3564 3530
7754 7321
7634 6959
5269 4941
8559 9420
5400 5076
81 698
4557 4061
7217 6331
9502 8906
5416 4814
113 1087
6226 6936
1925 1682
8039 8205
3631 3938
5881 5082
8668 9279
3390 4290
4868 5204
1445 2136
5565 6499
9514 9714
9172 9323
1843 2193
2655 1869
7596 8571
5709 5818
7982 7957
9704 8726
52 225
7295 7267
8285 7375
4247 5120
7650 6899
6115 5723
8032 7555
5263 4970
8504 9380
2867 1938
14 208
6636 6995
2789 1940
2099 2799
7748 8179
6758 6659
2646 3299
7537 7002
2830 2893
7811 7597
1965 1594
5388 5133
5303 5817
8043 7462
7473 8329
1356 1388
4313 4780
4675 5067
6730 6463
2281 2377
4222 4867
1553 1347
8681 8331
9709 9673
9019 8025
7485 6867
30 1008
86 377
5855 5351
4693 4467
4031 3139
4970 4178
2275 2912
4991 4986
5043 5232
2869 2444
3936 4906
775 1755
99 811
1305 1390
2704 2655
8307 9259
7370 7136
54 930
4482 3784
9760 9979
5757 6011
63 701
79 195
4146 4430
4128 3131
6515 5694
6483 5504
6007 5281
2207 1879
9390 9747
7346 8007
3253 2626
5979 6573
6175 5394
8225 7957
5973 5927
3907 2935
36 579
1265 1046
4966 4390
31 453
8567 8899
1766 1570
1201 2196
3642 3258
5763 5046
8516 8780
4536 4977
5576 4722
7525 7554
3716 3107
10592 9940
6082 5832
98 943
7315 6548
6566 5947
7740 7452
4800 5794
6696 6446
6295 5475
3240 2940
74 814
1464 2255
4461 3970
2625 2640
8216 8587
687 1016
7823 7627
8184 8790
52 611
9004 9384
3396 2630
3282 2373
6632 6484
5587 5754
4584 5475
5649 6480
7542 6703
6357 5809
3218 3030
9264 8673
5873 5951
41 598
9246 8783
96 861
3032 3685
41 263
2675 1971
3780 3798
3982 3673
3952 4266
9751 9705
9921 9463
2486 1854
4320 4144
7120 7029
1356 1591
3621 2950
6115 7084
2288 1702
4332 5030
1578 1230
3199 2417
2722 3413
7643 7349
2006 2474
5047 5092
53 458
8828 7928
6896 6881
27 184
4497 3924
8353 8569
7632 8530
9030 9641
5323 4921
7368 8267
3810 3062
1071 1055
10324 9837
76 878
33 463
7861 8002
52 501
3404 2746
1852 2644
8036 8235
1523 2240
3932 4724
3091 3956
3618 3264
3845 2870
1174 2003
3665 3028
3095 3334
1070 1556
5134 4703
6126 6256
8656 8458
3668 4498
4147 4493
3710 3160
7604 7999
9010 9984
2563 3026
5711 4806
5692 6640
1076 1167
3827 3765
1703 1515
14 395
4839 5794
5494 5729
5834 5305
16 691
1947 1813
5661 6195
5521 5958
9541 9978
2772 3367
3469 3928
4261 4805
6554 5856
29 842
7133 7231
1414 2025
2711 2172
2964 2135
2889 3025
7159 6325
3098 3937
2085 1905
84 407
4583 4585
4202 3766
7692 8144
50 667
9542 8969
9122 8903
3327 3968
32 645
7146 7140
8695 8349
7175 6473
4071 3583
30 591
1646 1179
1592 2322
46 967
6958 6079
7705 8464
6636 6321
6029 6405
3458 3349
24 677
2652 2800
6739 7416
8904 9443
2035 1541
2498 2400
3712 4612
8911 8952
2727 2057
36 863
4596 5587
8114 8698
7187 6820
7347 6468
2486 2852
68 608
5819 6395
7641 6858
6661 6335
1292 1732
2364 3278
7173 7126
5361 6263
7085 6844
1839 2348
70 116
7438 6872
4811 4748
2603 2399
63 454
5601 6488
7387 7083
4504 4322
82 343
7290 7381
5628 5084
3696 3715
5208 4478
4631 4109
6098 6788
5144 5355
5697 6519
8404 8514
6159 6721
4652 5158
8802 8473
4821 4314
7275 6657
5220 4585
1470 1991
6687 6328
1260 1979
8895 9673
1952 1610
68 427
9657 8759
8219 9203
4934 4079
5826 5518
5289 5175
3634 4497
9090 8404
97 20
2974 2741
2837 2369
2120 2304
8417 9184
6210 5512
4630 3992
2017 1079
69 749
3624 2831
50 139
4854 4008
5300 4632
9959 9112
76 264
3001 2965
3477 3553
7331 7529
5898 6560
2733 3670
8391 7714
1643 1345
8765 8206
3737 3108
7107 7765
8784 8385
2002 1205
3198 2739
3676 4267
10215 9274
8621 9383
8477 8130
2782 1836
1428 1313
4966 4697
1933 2157
851 1556
5900 5721
9641 9680
4723 4987
2119 2386
76 422
3166 3795
5466 5015
10041 9785
9878 9171
8586 8937
1526 2320
2764 3670
2728 3293
9246 9610
2777 2585
51 884
9090 9438
9245 8516
8974 8105
5740 6579
4099 4414
6047 5084
5180 5915
1687 1078
2479 2463
2668 3072
8483 8964
3894 3497
5359 5034
9071 9766
3772 3297
4232 4219
4217 4425
10069 9583
9181 9373
2903 2807
2549 2489
7494 8296
3169 2457
6784 7404
5070 4781
7809 8670
9153 8170
10754 9826
96 686
72 980
4901 5488
5182 4255
6637 6623
9321 9341
5724 6632
5146 5625
469 1020
2238 1871
7683 7670
6859 6858
5776 4865
8387 9194
5698 6060
8211 8545
3714 4487
6074 5763
10649 9854
6205 5495
8860 8814
6087 5246
1117 1300
6440 7257
7211 7600
8502 7920
8791 8251
3687 2860
7428 7658
1965 1487
9999 9076
1667 1164
5659 6370
3647 4041
3774 3192
5126 4988
6687 7283
8023 7772
86 672
1322 1280
5122 4358
8363 8646
7671 7041
3534 2849
1364 1300
5733 5896
3918 3478
8971 8789
7288 7266
4094 4535
4072 3902
7452 7997
2093 2657
2639 2970
11 365
2813 2571
7820 7622
81 268
53 831
4508 4128
6710 7139
2881 3799
4375 4259
5259 5312
7000 7785
25 64
1103 1817
8398 8558
3574 4244
5348 4667
2427 2755
4192 3952
5048 5247
17 958
2107 1560
10642 9775
3910 4351
8861 8591
1282 2061
4587 4627
8223 7695
5162 4548
2752 2191
440 1066
6940 7553
8769 9038
5942 6747
4526 5194
3933 4480
5839 5538
810 1665
2981 3716
3554 2703
6572 6715
2850 3233
1824 1204
7587 8577
7976 7049
6844 6044
7844 6946
6394 7212
8498 9205
7364 8226
7115 6733
57 357
5264 4766
3609 2803
4626 3629
5141 4738
4894 4183
1951 2508
6103 7060
2536 1667
1463 2368
2437 2375
5839 5548
3559 2931
3463 3784
2348 2815
7891 8762
4001 4312
8812 8134
1547 1718
3869 4009
31 834
9131 8348
8940 8780
4067 4477
5514 5224
2326 2565
80 883
9944 9921
1545 1154
9245 8376
8172 8452
4468 5008
8141 8188
8888 9004
3427 3124
7428 7707
5207 5975
3573 4300
3943 3726
5503 6001
5659 6269
3364 3999
1905 2749
1732 1977
3354 2396
2964 3579
8656 9580
1356 2082
4237 3435
8387 7847
48 63
39 855
6778 6390
8839 7960
3604 3882
7004 7552
3011 3303
4541 3788
3951 4950
7047 7342
7444 7385
5144 4702
7817 6880
4591 4079
37 441
4819 4149
94 655
2614 3183
7828 7073
6392 6182
8169 7933
10559 9917
2396 1972
5739 6361
4727 5381
3500 3129
5274 5138
46 336
8455 8728
9623 9305
34 541
4307 4295
1682 1528
8156 8859
5761 6039
3106 4055
29 281
2347 2300
8250 8531
15 16
4861 4526
7390 7387
80 375
6654 6690
8432 8986
4547 4414
6855 6026
91 664
4938 4754
557 1272
6561 6037
8187 8287
6121 7082
2908 3090
2823 2959
7458 7500
9826 9126
1599 1788
3318 4270
9716 8943
3666 4281
2457 1824
6287 6480
8218 8325
85 749
53 243
8857 8487
6737 6506
2252 1612
8533 7758
3277 2422
2866 2846
2963 3503
8523 7912
3233 3047
8965 8101
2809 2790
76 559
7389 7752
8880 8596
6466 6714
5746 6680
73 886
3153 2914
9104 8561
2956 3892
781 1411
3817 3415
2294 2168
5951 4953
3672 2767
3170 3350
7771 8407
7148 7436
5480 6208
6705 7354
5738 5098
37 346
7872 8679
8297 8218
4958 4522
9453 9681
3035 3811
20 727
1800 2747
1300 2243
2779 1991
741 1717
1979 2152
6835 6288
8194 8017
3398 2784
4574 5508
3020 2222
949 1108
3388 3387
4216 4547
3010 3038
51 406
7131 7169
2853 2675
9246 9447
6703 6856
3477 3885
797 1561
4529 4692
1392 1286
2481 1703
4363 5059
7988 8491
8882 8323
4552 4126
6018 6395
4838 4047
4089 3134
40 670
2931 2210
2194 1501
9081 8104
4450 3555
5771 4861
5121 6080
6073 6316
7255 7516
4586 4201
99 173
7952 8227
8788 9423
55 365
726 1038
2857 2693
8335 8363
3348 3526
5602 4752
3885 4776
3487 3050
100 420
25 20
58 514
9445 8991
3341 2493
1380 2126
958 1347
918 1822
5232 5735
3222 2923
1443 1681
1609 2338
6626 6884
3123 2533
1357 1665
1937 1263
7433 8071
2878 2696
4788 5274
1321 1497
72 660
4447 3816
8674 8184
9016 8479
53 302
86 454
5915 6885
8531 9196
10456 9758
49 246
52 709
9149 9702
4373 3516
9670 8980
8412 8403
6442 6890
8759 9368
1464 2306
3214 4190
76 634
2805 2497
4037 3457
78 955
8425 8232
5204 4342
1174 1765
6661 6511
5538 6071
3008 3976
1812 1930
2639 3365
65 270
7407 8174
3405 4381
2552 2353
8335 9305
5306 5810
7005 7528
8063 8168
1336 2205
7580 7430
2288 2095
9126 9315
5483 5292
5621 5743
7924 7597
2558 2011
4835 4621
2444 1657
79 564
5338 5231
4946 5151
8073 7573
7661 7327
1307 1469
2155 2766
5307 4846
6472 7383
2226 2591
1751 2228
6543 6626
44 837
2232 1391
5885 6521
8590 8078
5905 6165
5584 6209
6289 5748
1475 1762
2732 3379
8667 9168
6324 7206
829 1184
71 444
4246 4538
2914 2467
1847 2606
10227 9929
4431 3482
7313 7630
6273 5866
5956 5070
8792 9396
7795 7318
54 402
8629 8204
61 450
6869 5949
6475 5989
5085 4318
4700 3765
6044 5414
3985 4568
7957 8784
6536 5887
3935 4778
2574 1668
1875 1712
1242 1821
9009 9207
7119 7799
8714 7950
4706 4689
6889 6452
5077 4971
1141 2081
53 369
6167 6157
59 445
4682 5018
6899 6842
5312 6285
8618 9438
4935 4167
8485 7786
8639 8966
9586 9483
4777 4706
9390 8732
5898 6120
4594 4590
3791 4118
6190 5409
2104 2323
6304 6091
5150 4394
5007 5196
5534 5646
42 779
1711 1631
6585 6990
8847 7972
2065 1117
6624 6241
7072 8014
4795 5604
66 166
7515 8474
3287 2295
3571 3343
2042 2060
10245 9485
6468 6341
4660 3966
5197 4664
4107 3792
7261 7858
8373 8372
37 477
4419 5145
8928 9779
75 584
1217 1223
3918 4048
10104 9552
5733 5734
9792 9967
4917 5550
50 987
7171 7070
4273 4177
4230 4411
9869 8871
8596 8471
10746 9816
5270 5558
8055 7290
3713 3564
6150 6310
10604 9824
9763 9380
8791 9684
4162 3357
5413 6065
5192 4698
3450 2641
1655 1013
790 1432
8369 8921
4024 4429
46 217
77 83
5238 5587
3618 3142
10493 9857
23 472
8339 9252
7368 7684
75 29
3093 3789
1850 1073
4657 4939
2075 3024
4711 4756
4386 4649
9077 9805
2483 1737
8414 7888
6262 6806
5887 5147
7344 6690
2710 2859
4945 5237
5739 6172
5860 6516
6139 5249
7597 6664
6550 7092
4685 3847
7108 6533
6020 5588
9457 9141
6778 6495
4535 5508
6563 6257
9659 9063
6854 7082
8279 7875
8866 8035
1435 2343
9637 9811
9661 9857
2625 1838
4983 5695
8475 8950
4103 4701
9480 8774
41 636
1904 2837
7959 8906
2904 2384
8934 9021
3206 3769
8448 8055
8069 9045
3822 4588
10191 9974
7996 7076
4465 5066
7028 6378
9856 8905
7265 7096
3683 2855
822 1671
4291 4113
9215 8310
2740 2195
1761 2676
5880 4935
40 707
8664 7846
4498 4648
9417 8689
9760 8875
4183 4925
3193 2785
6347 6494
9339 9088
6379 5859
7611 8593
6713 7400
8090 7271
3855 3739
6117 5291
9131 8583
2303 2348
6171 5586
80 478
7482 8256
6571 5964
8098 8525
2064 2144
8133 9126
58 508
7152 7960
3794 3414
1155 1088
931 1443
5505 4823
4907 4102
3493 2931
3329 3373
7046 7465
2116 1667
4395 4284
2768 2321
9818 8928
5654 5778
7367 6771
4552 5260
8970 8881
7501 8209
8467 8810
4067 4550
18 373
7069 6666
3613 4129
7266 7792
1050 1891
9557 9715
1540 2127
2070 2832
413 1262
8996 9162
3318 3648
8984 9407
7939 8696
6509 5645
7040 7832
6772 6950
1180 1798
1298 1108
87 417
2268 2335
4263 4518
64 252
7978 7123
10366 9753
89 738
5886 5871
5506 5804
5056 4967
6844 7083
1720 1690
9483 8836
8458 9047
8100 7239
6276 5970
22 259
7089 7371
9066 9805
84 537
88 847
7675 8010
7052 7278
8869 8733
7801 8603
1985 2122
8130 8855
9126 9456
7531 7180
1626 2307
7700 7695
7662 7773
5548 5172
2357 3266
3313 2677
9394 8570
584 1121
4082 3924
6988 6546
1549 2286
9450 8766
4794 5160
87 158
5381 6037
30 218
21 316
3206 3776
3945 3478
48 391
2857 2072
9921 9032
86 550
8483 8228
8204 7976
8258 7632
5798 6530
9412 8808
2508 2438
287 1202
6713 7037
6612 6205
9309 9181
1628 1768
3306 3377
10551 9907
4945 5760
3753 3935
6099 6910
4632 5218
3766 3752
2455 2039
9741 8911
6757 6563
1816 2011
2965 3417
4125 4523
7353 7817
1599 2394
6151 5227
2018 1625
8618 8253
4095 3677
2633 2864
3810 3876
7206 8151
8893 8888
6565 6293
59 865
7176 6553
5955 5001
4409 3658
25 379
6075 6391
7274 7019
7429 7500
6382 6177
1661 2322
4091 3479
9122 9882
13 912
99 325
74 316
650 1320
6425 6679
6817 6475
36 731
9378 8738
6920 6240
3369 4348
5924 6043
7595 6843
7023 6937
9120 9056
5690 6178
5683 4707
9790 9111
9666 9416
7619 8402
6293 5628
4061 3672
1299 1812
4621 4129
218 1121
7923 7192
3771 3963
9997 9940
8908 9820
5761 4802
2536 3414
3475 3796
7238 7206
9833 9318
8897 8635
8038 8822
8608 9055
5838 6723
2534 2434
6946 7722
5325 5167
7964 7847
4614 4382
3642 4306
4200 5187
6825 7081
7471 8293
7608 7545
5723 5898
9814 9367
3058 2370
3901 4114
5117 5751
2450 2518
6329 5656
8608 9175
2018 2281
10607 9662
97 139
96 904
6109 6403
533 1417
6771 7539
7041 7229
9151 8966
4212 4158
29 158
7592 8112
6678 6276
981 1669
3958 4456
6897 7195
2420 2345
5165 4523
7348 7481
9227 9585
4359 4760
1139 1858
6346 6320
2075 1925
3278 2285
4428 3452
491 1280
3596 2749
9532 9434
9128 9732
39 313
4409 4427
4309 4633
3681 4636
5073 4284
2560 1644
5603 6516
4132 3172
6746 6044
2144 2450
10151 9453
2182 2556
4117 4308
3538 3915
64 156
3354 2425
3881 3170
5912 5322
4039 3846
5485 5418
3360 3881
6092 6513
722 1076
10209 9747
6953 6568
9765 9869
3677 4641
7801 7168
7240 7388
1415 1449
7541 7890
4215 4241
4443 4802
3257 3270
8564 9058
337 1136
42 123
6718 6719
5085 5571
8577 9363
7143 6443
6806 6062
44 688
8548 8572
7183 7707
5782 6501
5546 4788
42 397
4914 4193
6087 6551
8555 9544
1825 1251
4679 4085
9681 8858
11 676
10479 9694
98 660
56 532
3948 3111
6679 6095
5762 6696
98 232
7307 7273
8284 8732
98 948
4716 4395
6467 7034
1894 2069
9549 8761
2742 2026
7942 8052
4336 3591
4380 4173
9383 8551
4002 3393
2256 1880
4379 3516
9385 8766
2452 1556
6521 5833
7006 6854
9003 8051
1434 1452
2407 2406
1514 2272
6850 7650
4152 3629
98 415
6330 6034
400 1181
2468 1929
8169 8748
3414 2544
100 277
1448 2353
1702 1368
3459 3007
9563 9559
4997 4962
9274 9881
10528 9570
5133 5611
8805 9010
2647 3110
5277 5637
3938 3034
3617 3553
8262 8287
7923 7802
8371 8885
2179 2699
1497 1824
3784 4400
1749 1983
2744 3433
5111 4377
1172 1912
3984 4214
8519 9186
7744 8644
8308 8924
6903 6793
2658 2611
2787 2943
1911 1102
10001 9666
4680 4738
5316 4644
3907 3020
1625 1123
55 583
4818 5456
7608 7736
2974 2001
91 735
9002 8124
55 266
1660 1710
831 1639
7577 6940
8521 8434
2110 1639
9069 8884
9222 10000
2009 2873
46 871
5158 6111
7425 6704
1668 1367
8320 7653
3279 3383
3533 3332
2725 3711
2393 2821
1317 2236
5074 4363
8274 8517
1624 2181
8585 9526
5982 6533
22 741
6983 7589
7562 8351
8729 8375
5439 5368
87 734
8182 8018
5421 5220
1942 1906
3763 3125
690 1380
8023 8791
7246 7879
8785 9036
3943 3981
2554 2896
9943 9910
19 269
10053 9916
8542 9347
7934 7979
4086 3748
6820 7258
98 651
2889 3727
3342 2406
9311 9557
7635 7335
4758 4319
3752 4509
4500 4123
1994 2785
8485 7793
6746 6269
44 841
5717 6177
2648 3331
99 877
6845 6503
9859 9413
6758 7299
6428 6548
10035 9431
8717 9479
4533 4294
3138 3701
7132 7142
49 581
3509 2933
3233 3374
9729 9189
45 13
2875 2121
6586 6667
85 786
4456 3837
7484 7225
6027 6802
3204 2897
8757 8428
8853 9356
6958 7618
8814 8373
6350 6243
64 725
8404 9123
8732 8724
32 471
4497 4183
9814 9458
1535 2316
5343 6023
8434 9270
92 809
1930 2682
4467 4442
2360 2929
5924 5844
3655 3219
5548 5220
69 333
8023 7657
8381 9347
2649 3059
6948 7499
21 423
10411 9610
3651 2899
2108 1852
6281 7061
6740 6507
3995 3946
8796 8035
8911 8227
2625 2954
7151 6538
2286 2473
1383 1141
6029 5965
4108 3628
10553 9610
5636 6082
2107 1905
3949 3407
1706 1714
5272 5787
4491 5290
3309 3999
8149 8289
3552 3208
10073 9124
8876 8786
5390 6151
3039 2829
3166 2460
51 679
4489 4281
6112 7065
5224 4672
7673 7427
8160 8669
9027 9147
10265 9866
4652 3829
5361 6215
455 1374
100 497
5274 5859
7244 6485
8182 9007
9121 8973
3890 4419
1693 2099
2148 2247
7232 7529
2250 2965
2077 1229
6473 6889
2391 2153
1012 1570
3173 3248
2643 2904
47 451
6485 6011
2185 1907
86 169
2225 2247
1718 1278
1901 1479
5499 4919
3978 4584
2871 2815
3122 4064
7162 7705
5422 6232
7160 6553
6089 5633
5906 6394
1733 2408
9048 9758
6514 7407
3906 3126
7226 6960
3290 2617
7047 6893
93 444
6252 5314
2620 1897
989 1465
5480 5680
58 971
10236 9290
2708 2998
4395 4333
8871 9658
7244 8203
4811 4496
3638 2763
4981 4313
7496 7517
7316 8054
8142 8157
2223 1703
5452 5706
2162 2827
7889 8316
2409 2637
6574 7209
3369 3852
2595 2014
4176 3971
8774 9113
9874 9697
4898 5683
5922 5469
32 751
4528 3727
5004 5490
3651 2679
6179 6187
3936 3398
2659 2562
9151 8436
5724 6531
2979 3673
4934 4874
9523 8957
1659 2506
5567 6546
6125 5259
1941 2556
9420 8628
4441 4465
3774 2975
4660 4561
4636 3730
1243 1700
39 317
2385 2795
6315 7226
13 654
1192 1272
27 177
4432 4887
4950 4723
6329 6915
1993 1500
56 319
7382 7969
5017 4309
10090 9406
947 1669
1987 2754
18 976
9981 9548
8161 7765
2740 3001
2773 3164
1987 1370
7460 7458
9127 8972
627 1117
1461 1450
5042 4273
7970 7960
2682 2863
7839 8484
9199 9846
8480 8151
8072 8700
5453 4578
3090 3741
9999 9177
5149 6127
7456 6939
5057 4716
9588 9169
10215 9738
92 196
4048 4503
7356 7108
5682 6324
22 374
1401 1845
16 735
8303 7883
4937 4405
3699 4380
1420 2269
7326 7962
1258 1563
2771 3090
8934 8522
9193 9592
4274 4381
8113 8632
1970 1554
3862 4595
5649 5620
4289 3507
886 1801
2062 2615
10628 9653
7063 7906
9072 8623
3317 2679
8181 8936
3493 3025
4579 5067
7464 7313
1564 1417
5387 4583
1974 2694
1166 1110
5603 4907
6282 6251
5970 6571
60 360
6070 5229
2050 1912
19 668
9628 9044
93 481
88 829
4613 3933
89 959
7325 6438
3278 2858
9435 9299
96 128
8604 8914
7700 8629
22 457
5287 4510
8964 9768
7711 8396
5433 5659
8277 8332
1012 1891
8857 9830
4345 3994
5922 6423
3773 4701
7341 7152
5285 4653
7381 8026
1059 1956
3912 4135
1334 1400
9576 9337
5571 6218
4457 5060
3288 4209
9438 9473
5645 5849
93 966
1205 1322
2961 2928
6618 6388
4187 4659
901 1174
2801 3279
9144 9541
5007 4244
7579 7420
698 1249
9596 9837
5283 5146
7267 6569
4156 3887
8701 8494
1917 1437
3511 3731
4312 4248
8587 8421
2984 3585
7360 7021
7126 6834
8034 8433
7229 6554
7878 7606
3737 4634
7149 6828
5895 5615
6687 6145
6864 6000
6462 6002
4146 3458
7265 7126
1401 1275
32 845
8231 7434
10164 9982
7911 7414
2084 2766
3743 4197
4576 4129
1935 2518
7208 6469
8593 7620
5207 4419
50 803
5827 6812
5791 4936
4622 3765
5596 5751
6457 7380
7281 8038
10087 9390
2991 3926
9516 8656
6583 7551
6673 6389
7499 7352
1238 1089
67 47
5983 6356
4228 4236
8268 9184
7713 7292
5858 5215
1347 1556
7523 7567
5480 5995
1644 2608
9931 9240
8803 8979
5684 6428
4677 5628
9435 8586
7714 7173
929 1861
7252 6945
14 325
3209 4176
1712 1543
8591 8466
6249 5293
10302 9619
1393 1345
7309 8175
4558 3872
4516 5355
4919 4228
4845 5279
1316 1941
33 226
9527 9280
5078 4815
2122 1853
4101 4389
2768 3333
8907 8786
2295 2613
2452 2783
1096 1876
5023 4363
33 522
3562 4204
5694 4915
47 172
60 794
74 472
5372 5937
5096 4232
7503 8268
6315 6045
1202 1686
3799 3649
2081 1304
7071 6234
3428 3572
6814 7086
8053 7056
2935 3904
96 350
2700 2159
789 1260
20 903
630 1295
9170 8924
63 250
4279 5011
69 707
1619 2216
8557 8624
3823 3817
2704 1928
5441 4461
77 46
6196 7164
5574 6477
3945 4177
5747 5837
3400 3784
5530 5453
1843 1316
2300 1828
42 169
3424 3267
31 908
29 311
3304 2514
5015 4450
7668 7214
10309 9816
6925 6188
5674 5704
3688 4390
8141 8617
93 612
9928 9657
840 1301
8368 7794
20 628
6810 6559
9925 9499
8760 8076
3769 3104
1781 1291
5928 5469
5232 5901
9952 9607
2174 2655
5911 5979
8669 9174
4883 4623
5378 6278
10 570
4795 4420
5453 4830
8953 9167
39 816
10666 9733
6150 6728
5187 6166
6117 6778
8304 8904
3171 2549
3926 3003
6757 7675
5086 4952
9359 9460
1703 2409
8345 8930
3105 2243
6644 6541
3052 2228
2212 1685
8164 8083
7379 8114
1376 1996
4254 4836
7642 8331
6748 7189
6563 6018
5754 5407
1251 1247
9719 9082
2687 2899
43 570
1742 1087
7553 7738
1992 2945
7126 7215
5778 5210
8516 8637
2888 3345
8347 9233
8092 7916
5007 5008
8467 9052
2696 1900
2615 2456
67 710
6839 5890
7830 8182
49 961
82 800
5978 6908
8114 9011
1457 2069
17 889
6001 5764
8166 7334
2085 1303
7339 8261
4028 5000
9413 9795
3996 3400
7840 7444
43 1008
9959 9187
4241 5083
4286 5284
3118 3840
8689 9121
5778 6313
8931 8659
5920 4932
63 151
5630 4731
8099 8695
3429 3077
3012 3065
5971 5700
2748 2163
7484 7680
2752 3516
7733 8017
6310 6259
3934 3361
7754 8173
5036 4400
9850 8946
4596 5039
5566 5451
2674 2737
5410 6349
8314 8432
1789 1770
3924 3584
3521 3971
1279 1461
7345 6471
6737 6801
8694 9371
68 226
3971 3931
1149 1589
2562 2016
3101 2649
8175 8929
2042 1424
5096 5864
69 141
6474 7015
4206 4276
2298 1383
8301 8700
58 88
42 405
5317 6130
5733 6591
6383 6333
5021 5065
8121 8633
5499 5333
6927 6861
3035 3037
2914 2213
4615 3937
2951 3029
6671 6158
1709 1977
1285 1986
7352 7659
42 505
8650 8021
8342 7780
1937 2594
7820 8236
7356 6713
3118 3502
2488 3346
9256 8616
7778 7615
68 883
9164 8375
7166 8133
4255 4379
9261 9347
1118 1021
52 15
2481 1722
5782 5385
3554 2994
1354 1157
1358 1087
7983 8729
7818 7622
1461 2048
5724 6231
6528 7134
2709 1936
8381 8524
4385 3870
5782 6046
7186 6263
1454 1479
100 292
6881 7631
6077 6306
2464 3018
7632 7027
1447 2112
4574 4495
79 633
8897 9581
4322 5012
3434 2452
5981 5112
6881 7682
4904 4756
5234 4444
22 308
6036 5791
1122 2064
8293 8637
8376 7932
9233 9149
9017 9676
7443 7453
55 911
6199 5888
1240 1638
5297 4528
63 714
10586 9701
3529 2827
7556 8324
2786 2935
293 1116
7637 8420
10094 9570
7459 6865
5387 6233
3665 3546
6991 6637
6226 6637
2412 2418
4295 4369
2541 2277
951 1098
28 953
8980 8834
78 777
3613 4393
40 744
2459 2716
8198 7957
2219 2807
38 282
27 218
37 160
5278 4372
1480 2025
6999 6575
10661 9875
4068 4721
5777 6149
5156 6135
6261 6529
7952 7230
8728 9538
6449 6516
7034 6413
2048 2544
4813 5418
2625 3487
41 216
7911 8572
5104 4535
9166 9553
2750 2709
8572 7659
6172 5750
7190 6393
4326 4731
1332 1223
9968 9310
2130 2215
7972 7424
2307 2443
5633 4686
1446 1841
3498 4438
5470 5081
9967 9537
10352 9502
2690 2513
532 1064
4220 4918
5887 5195
8501 8917
65 880
2158 1256
4491 4367
5464 5021
5566 4971
3423 3132
9631 8813
2552 2711
1698 2157
92 309
6077 7056
8497 8848
6367 6775
30 706
5922 5860
1588 1929
7202 6916
7092 7080
6450 6653
2592 2215
4073 3946
4145 4231
3801 3920
2651 2517
2168 1921
52 404
8487 8469
7315 7965
9260 8328
3541 2793
1831 2562
5563 4707
7212 7002
8791 8079
1279 1848
3693 4263
9560 8751
6611 6128
9895 9718
8747 8261
9222 8947
2506 3174
6378 6769
895 1144
2933 3235
3489 2516
3578 2889
1719 1715
3528 3835
5465 5597
8836 8569
4657 4934
7270 7536
65 288
6053 5862
4207 4005
6909 6409
33 792
2954 2447
757 1383
2587 1931
7630 6867
6842 7756
722 1519
9023 9238
7243 6693
18 940
7557 8397
7446 7864
25 961
3780 4314
1785 1323
3148 3003
762 1280
1639 1622
9842 9012
2714 2953
5863 6079
9830 9549
7419 6608
85 692
4989 5065
1837 2325
9424 8524
7455 6641
3972 4959
8790 9626
1686 2278
88 781
6057 5706
4859 5381
1583 2108
6050 6552
5357 5076
8793 8098
4503 4949
7990 7586
9576 9889
2725 1970
9167 9060
9886 9565
9055 8756
2436 2799
2666 2130
6498 7078
4510 4137
7935 7013
5155 4916
3290 2738
10 632
3041 2645
3184 3699
8152 8148
7283 7401
96 931
4858 5407
1451 2003
5480 4739
4320 3532
1945 1187
5350 6302
9479 9443
4347 3916
3024 2418
4660 4191
9021 9078
4406 5164
3062 4014
91 629
3461 3761
8440 9411
4791 5428
6945 6603
3608 3746
4934 5545
4009 3520
655 1426
4420 3713
1749 1320
2789 2259
7256 7667
1064 1361
48 212
5745 6523
2688 2552
6587 6404
5262 5395
9071 8234
1705 1446
4848 5126
2139 2933
4021 4338
10902 9949
7332 7392
4666 3916
8879 8118
3454 4320
6179 6072
2638 2499
5867 5183
6310 7279
5272 5514
1622 2474
3381 2737
5834 5233
7354 6493
2711 3408
4677 5657
4005 4186
1566 1779
10 229
2170 1893
2622 3510
2224 2876
3902 4696
2299 3044
9192 9349
1590 1504
11 690
9093 9433
2454 2013
1714 2421
5835 5957
2540 2039
9098 9854
742 1111
2241 1906
4614 5384
4949 4788
8938 8022
7591 7860
8119 8928
3455 2578
1431 2052
8112 8634
954 1708
6338 6761
9936 9325
2837 3060
5477 5055
52 320
3523 2910
7148 7886
5574 5134
6795 7140
5266 5009
8014 8973
6212 6323
38 736
8400 9290
7998 7486
2901 2747
8153 8466
9425 8764
6256 6074
7917 7391
2810 3198
5484 5881
482 1205
2414 2439
8642 8898
7978 8316
8088 8787
3653 2792
4556 5536
4319 5058
3479 2673
1876 1853
84 222
2173 2673
13 320
7733 7531
5706 4819
1532 1833
8309 7487
8186 7474
7433 6571
2025 1508
7112 6992
8056 8096
7114 6534
5412 5997
1533 2508
1353 2352
7793 7787
5312 5359
9580 8855
8919 8675
7884 8455
4794 4439
4261 3303
7921 8597
2312 2959
8832 8147
2217 1401
3270 3280
7326 7566
4262 5093
10172 9404
9217 8659
7131 6374
4039 3477
4572 4387
38 966
4996 5539
10538 9741
9361 9929
24 390
71 511
59 227
1708 1571
9083 9833
6399 6535
2084 2501
1529 2301
7113 6779
8806 8352
8879 9530
1040 1314
9253 8912
1002 1194
7341 6470
25 33
1391 2239
5694 5036
3058 2518
7978 8684
64 518
7078 7357
8508 7606
1865 2459
1707 1084
5859 6359
1076 1241
2029 1930
3341 4095
3708 4245
52 271
1652 2259
5978 5927
64 250
2307 1425
9864 9481
8655 8646
10772 10000
10273 9467
1634 2579
3236 3310
3424 4298
75 126
63 200
6966 6373
1969 1543
10247 9668
1960 1535
8035 7116
5964 6826
5772 6333
8429 8269
2971 2826
5751 5517
6775 6756
2935 2277
3629 4372
10163 9305
6016 5647
5562 6535
6919 7321
4598 4982
24 159
7904 8695
6463 7238
5704 5463
3884 4315
2539 2905
9160 8460
9065 9332
8238 7717
4726 5719
38 352
7184 7304
38 840
34 866
6052 5622
9514 8810
1087 1964
2515 2978
1390 1171
5882 6769
5225 4926
93 579
695 1108
5289 5586
8489 8191
2968 2134
8163 7822
9888 9413
7039 6463
80 451
9159 8770
5943 5667
5171 4710
7875 7843
1674 1682
35 1012
4923 5826
7391 8054
1405 1667
2202 3127
6821 6550
4154 5154
6740 6995
70 105
10348 9870
7826 8640
4970 5825
2447 1481
8768 9753
9012 9469
6237 7052
5887 6541
8001 8597
8817 9418
4060 3206
3466 2945
3091 2777
2337 1776
7518 7536
1562 1123
6051 5625
4811 4123
5757 6239
1888 2177
2601 2848
1544 2431
2241 2505
4377 5135
4290 4620
7009 6989
10042 9977
8271 7522
6768 6272
1371 1939
4192 4036
8279 8048
3052 2531
6571 7185
1273 1968
10649 9657
6579 7038
7485 6867
9475 9877
8746 7988
3935 3209
6851 7595
9621 9672
982 1505
9145 8351
5895 6340
7012 6472
46 33
4588 5382
3006 3539
6144 6807
49 322
3937 3965
2565 2017
2231 2887
6831 7554
3138 4136
4962 5640
8694 8442
7213 8084
3845 4323
8813 8715
4832 5677
6102 5983
3529 3591
69 449
27 359
77 657
2107 1742
5166 5490
8410 8239
90 181
8552 7604
4890 4144
7530 7330
3655 4111
2010 2124
1123 1629
35 843
5966 5723
8500 8532
8777 8225
9283 8948
6227 6865
1303 1498
5390 4999
39 730
9912 9357
8956 8474
7565 7904
7254 6734
6953 6639
5437 4782
6733 5846
5495 5019
86 422
2716 3680
1282 1664
7110 6884
8682 9155
95 151
12 553
6279 6279
9405 9746
6855 6690
6144 5600
8669 8239
1738 1800
6788 6150
3663 3539
1632 2288
8132 9001
1036 1726
8303 8207
8703 9339
5823 5215
4964 5442
4220 3387
2092 2031
6675 7539
6265 6388
59 24
10126 9838
4827 5762
9275 8449
7310 7834
2662 3211
3267 3348
2570 2522
6668 5714
8418 8812
99 211
2473 3080
7575 6799
55 509
8660 8186
6679 6374
9034 9730
7446 6881
2860 2673
9882 9250
94 949
7951 8232
5293 4423
4489 4375
9383 9685
4272 4230
8393 8992
9571 8655
7896 8567
5131 4541
5953 5971
7343 6360
978 1274
3703 3544
691 1300
2346 2566
6255 6792
1845 2810
2178 2602
6203 5508
7063 6421
6355 5919
8111 9104
6323 6223
1137 1411
4444 3773
857 1643
2710 3118
9381 8881
1300 1566
7823 7952
6199 7098
79 556
2666 1669
8344 7594
10231 9886
3862 3253
3327 4180
9442 8823
3972 3789
8327 8461
2301 2271
3717 4169
5323 5832
9370 9831
2298 1936
78 101
3028 2689
4135 3366
5938 5489
7639 8406
4695 4185
85 955
7057 6132
3633 3409
6720 7646
4568 4498
8775 9275
3204 3222
1369 1414
3110 2851
7161 6273
84 873
3871 4201
9722 9694
76 351
5678 5319
3931 3202
6641 5961
5229 4845
8738 8721
1933 2356
8809 8216
4472 4858
7013 7522
6067 5478
2156 1838
4653 3869
874 1552
7649 8429
2888 2638
6226 7210
4175 3443
7635 7189
5475 5967
8048 7742
7356 6842
6386 5494
4039 4592
7868 8638
2207 1208
3329 2575
10359 9544
706 1620
2228 2613
1732 2462
93 484
6923 6236
64 669
3896 4171
5418 4956
3559 3237
4436 4840
2834 2837
4868 4568
9243 8415
8355 8953
4744 4361
9277 9266
6565 6015
957 1472
4446 3606
5268 5104
2955 3434
6210 5735
4026 4285
4575 4345
7691 8258
2026 2966
38 55
5719 5823
3991 3679
7672 7262
7276 8176
90 646
34 233
6900 5985
9180 8404
1089 1205
10519 9685
2542 1865
78 62
31 794
6004 6046
4355 4177
6784 6761
4644 5443
6466 7380
5890 5851
9271 8367
83 904
9236 9431
2265 3065
3198 3119
2155 1718
4427 5419
1878 1839
9399 8493
5016 4613
6338 5532
8595 8182
9262 9520
5424 6215
2117 2815
2720 3661
4568 4848
1438 1706
13 641
9136 9031
7910 6992
3105 2939
6822 7441
6956 6884
4697 5384
4428 4712
2242 3079
7566 7775
5321 4461
1328 1734
8732 8140
2488 1888
6634 7445
554 1482
2347 1836
4616 5602
88 423
2683 2227
60 688
22 388
2594 2643
4459 4180
189 1146
60 1004
5389 5424
5075 5226
5346 5514
4696 5028
3683 3025
1697 1111
5953 6796
7417 6486
