2519
50
5721942
42 59 43 42 49 44 51 59 43 47 55 50 56 53 47 57 60 50 58 43 47 50 42 60 44 40 59 44 42 59 52 46 51 55 50 58 57 45 53 42 42 57 60 43 53 59 54 51 56 40 
-28872 -40037 -31233 -33757 -35142 -27320 -31851 -41331 -28319 -30809 -36899 -32819 -38407 -37494 -34841 -41430 -45324 -32077 -41112 -28954 -28601 -34686 -30649 -41865 -32265 -28719 -46658 -26917 -32342 -43077 -37904 -30011 -37299 -44739 -34297 -41589 -41451 -28542 -42088 -31436 -24733 -37532 -41316 -31778 -37823 -37335 -40808 -33779 -39337 -27061 
27638 38243 30057 31325 33706 25562 30914 38430 26534 29200 35119 31047 36041 35515 32277 39378 42903 30682 38423 27604 28114 33495 28616 40343 30530 26907 43917 25284 30153 40209 36179 29121 34650 42170 33057 38643 39128 27643 40397 29201 24281 35660 39086 30054 36974 36045 38441 32274 36624 24985 
3625 2688
7999 7172
462 1045
7687 8181
74 965
5993 6416
2947 2268
2013 2507
1070 2058
3048 3191
1427 1528
18 803
8053 8370
49 38
8276 7836
6569 6789
8556 8327
4291 3965
42 399
7929 7974
48 639
6574 6448
3139 2825
3303 3664
9025 9148
9966 9923
6375 6859
9582 9765
6850 6386
6938 6852
2809 3122
6908 5949
45 872
7028 6718
5966 5310
4548 4012
89 928
3925 4736
9457 8745
6599 6409
6047 6421
463 1035
4944 4284
1949 1433
1702 1252
95 155
6068 6464
6952 6975
95 1010
16 209
7152 7638
2511 2268
9814 9094
2115 2570
5276 5365
7082 7771
5958 6054
5246 5303
8876 9254
6931 7362
9664 8859
1367 1259
7644 7687
2949 3596
2100 2756
6283 6596
4322 4656
3148 2397
7312 6507
10032 9691
8751 9328
4891 5197
2991 3614
8895 8686
6431 6428
1518 1367
5730 4749
5679 5236
7348 6412
10321 9753
1222 1975
424 1037
10487 9653
3440 4192
71 739
2614 2696
54 893
15 615
8142 8127
4781 5088
508 1243
55 758
3623 3920
9119 9824
2971 2846
74 821
1224 1398
6157 5983
10383 9616
2917 2946
3099 2144
3594 3043
1542 1898
7610 7927
2912 3808
6061 5711
3178 2695
4744 4591
7696 8494
2290 1693
33 992
7923 8628
10469 9778
6039 5991
7641 8379
2939 3012
1887 1751
6770 7665
1648 1656
5642 6192
8229 7430
1973 1612
4584 4360
2692 2819
6049 6623
5664 5218
8629 8900
5588 4973
3144 4144
9569 9564
5259 5310
4686 5025
57 537
718 1580
7209 7897
5880 6557
3760 3407
85 423
4799 5282
5221 5976
9484 9644
2236 1662
5785 4865
9908 9016
2534 1881
8715 8491
5755 5090
4053 3128
40 103
7381 6522
8421 8812
4836 4207
8778 8163
7329 8181
4013 3842
3356 2777
2855 2425
10586 9623
5981 5389
7957 8136
5281 5082
8736 8725
8467 8639
7115 7807
5816 6042
3746 4592
1236 1351
2259 1804
485 1269
6881 7165
6856 6827
6845 7209
10565 9833
9631 9127
2680 2546
6987 7865
4628 3629
7501 7808
1250 1042
2958 3636
3059 4020
86 725
4960 5581
6259 5630
4618 3952
7451 7193
8398 7449
6846 7151
3749 2781
2102 2608
4223 5192
9146 8877
2103 1911
5010 5542
2927 2509
7859 8144
3869 4026
2073 2090
10117 9256
1601 1306
6155 5462
1501 2093
5075 4550
2443 2120
29 701
9478 9346
1875 1643
3683 3978
5307 5870
8439 7941
5374 5179
2122 2556
6802 6935
4877 5833
8209 8773
6421 6405
10101 9300
6615 7385
3780 3117
1183 2168
622 1440
8102 7929
9849 9783
6181 6144
3473 4244
5158 4323
3233 2994
7427 8173
26 36
2764 3336
6333 7089
8833 9306
39 476
6727 7453
80 112
89 689
5374 5195
1594 1166
52 249
6536 6385
4077 3615
3398 2585
4238 3508
2877 3261
2412 2100
7029 6308
82 551
6136 6760
1986 1914
5766 5773
8875 8289
3642 2842
3392 4262
1490 2322
3953 3815
50 824
1929 2282
1986 2919
1763 2063
4799 4636
61 879
1079 1288
8331 8250
9939 9578
6231 6734
8956 8123
5100 4827
5064 5382
8445 8491
4755 3817
5494 4838
7618 7492
1693 1089
5690 6365
5883 5670
27 23
6283 6657
5872 5496
5245 5000
3874 3868
4549 5283
2261 1822
2888 2184
3749 3660
4757 5495
9265 9135
9219 9362
4510 4305
1571 2349
2613 2132
6153 5642
2730 2286
4511 5415
6371 5715
60 11
1303 1502
77 162
5808 6595
9083 9409
7760 8734
7455 7625
1293 1724
2615 2894
5995 6283
2571 3025
4342 5141
8904 8213
3777 4106
4683 4176
2579 2919
6968 7241
4855 4237
323 1268
1671 1984
1273 2033
9911 9548
1054 1047
1653 2575
3088 2463
5515 5290
2550 2803
1404 1897
8991 8642
970 1937
6341 5490
8565 8013
6646 7197
524 1482
2647 3076
3745 3513
3040 3192
8372 7551
2469 1684
54 566
3840 3537
3296 2611
594 1172
9795 8866
4172 3371
4676 3687
2845 2881
8617 8149
6185 6723
51 157
7577 7121
2497 2162
10015 9849
73 769
99 713
5798 6165
9031 8312
3360 2407
9234 8997
8788 9406
86 160
6460 5616
3060 3425
8876 9781
2783 2786
8259 7539
1046 1674
4563 3762
5252 6019
2385 1432
2758 3333
3637 4101
2937 2202
2324 2638
6307 6981
5053 5135
3677 4054
9184 8622
4129 4269
64 689
2611 2037
6547 7051
4468 5458
4523 4125
5104 4331
3076 3733
7136 6730
4413 3689
7646 7950
4505 3609
8351 9223
9975 9930
2795 3597
9120 8660
2722 2709
7494 7063
85 531
4883 5502
3843 3959
1920 1295
3799 3773
8998 9936
7289 6717
6739 6158
2325 1788
7296 6796
38 419
7159 7124
7099 7773
13 948
6526 6031
4308 4206
2974 3304
1321 1188
50 58
2942 2257
5316 4765
3191 3351
5263 4531
2260 2132
2537 2588
5673 6385
2548 3380
3715 3007
4818 5211
5136 5888
67 324
5377 5692
6120 6322
2741 1848
4253 4834
5393 4956
7809 6997
9044 9075
6623 5880
8010 8359
9023 8441
46 529
88 603
9618 9129
5656 5184
6598 7520
2706 2886
8582 8840
10378 9902
3479 2756
1653 1820
7978 8636
3409 2694
2525 2413
4528 5442
22 244
90 393
6083 5770
1589 1519
49 836
5856 5743
6325 6135
7999 7297
4255 4996
7995 8512
4650 4207
3140 3249
8936 9290
3916 3646
4159 3575
43 716
2496 1976
41 251
10130 9580
6896 7391
4010 4310
8235 7598
4941 4821
4554 5435
2561 1604
2186 2841
5143 4558
5122 4308
3431 3842
7052 7523
44 239
46 702
2010 2641
7746 6971
8415 8360
9666 9085
6623 7315
1156 2096
1995 1926
5493 5463
2900 3206
2410 1681
2711 2183
520 1098
10195 9993
5813 6267
62 786
1907 2103
8298 8922
5239 5745
4813 5309
8624 8327
6714 6068
9012 8921
8047 7253
4657 4919
6393 6697
1467 1177
71 773
8435 9272
96 890
36 342
9883 9852
6357 5780
4135 4703
4579 4711
3675 4437
4470 3548
1080 1157
7122 7363
4458 4806
10508 9989
17 160
7902 7882
88 48
1873 1022
5652 5015
90 261
685 1292
1717 2176
6127 5734
6520 7358
69 944
4178 3501
3904 4657
8571 8014
5429 4665
4016 3593
5379 4382
8075 8821
4702 3776
4942 5074
5034 5794
6414 5936
16 259
4166 3791
4398 4366
1955 1625
4118 4552
2519 1858
7374 6846
8223 8531
3991 4437
4044 3097
8435 7849
6879 7599
9605 8665
1419 2122
7774 7497
1688 1869
1792 2222
6396 6154
2477 1994
7077 6782
3977 3071
3218 3522
3323 2428
8680 8984
5659 5083
39 58
1670 2228
5669 5596
5095 4106
6211 6889
8540 9134
4299 4921
5548 5100
3375 3864
74 627
1196 2180
6542 5864
9427 9276
591 1415
4071 4230
1813 1885
30 399
1251 1760
4650 5159
4120 4570
24 855
7643 6748
89 48
8143 8680
3837 3837
4324 3960
5170 5156
5622 5417
9780 8970
93 62
5981 5357
4910 4353
8603 8173
20 217
5420 4876
51 241
6964 7149
3646 4006
2493 3393
5522 5382
2876 3525
2907 2402
6122 5776
5173 5147
7741 7527
3114 2337
798 1602
9753 9561
2895 2279
5354 5087
3132 2629
2349 2912
9887 9735
6579 6125
7888 7910
8934 9143
5354 5645
4298 4019
7487 7377
2229 2524
9177 9464
2903 2247
9777 9693
3431 3569
9699 9750
517 1396
3541 3953
3329 3756
5466 5347
60 671
7043 6314
992 1055
5039 5688
560 1129
3465 3007
2280 2690
10316 9532
9180 8260
5254 6027
5167 4579
4559 4430
1394 1756
47 305
58 889
8496 8142
3566 2835
10446 9490
8324 8562
346 1197
9556 9157
19 422
6557 6931
2401 2602
9700 9951
5900 4987
9089 8551
1381 1087
4762 4206
1052 1836
2315 3262
7409 7500
72 645
5903 6076
3501 3132
44 10
3827 4009
2772 3443
7765 8515
2522 1665
6592 5840
9293 8750
3973 4642
2164 1475
9711 9527
3096 3066
7215 7114
3264 3692
3584 3488
4407 4357
84 297
6950 7665
8503 9474
20 885
4404 4149
6226 5658
3986 3908
5900 6821
6735 7503
4481 3777
9117 8408
9903 9151
4143 4209
5249 5757
5698 5901
3612 3056
1526 1491
8537 7958
2220 2059
4702 3978
55 552
7523 6747
5022 4348
5373 5937
2451 2787
2266 2532
3925 4412
10458 9783
3777 4475
2366 1422
4483 5377
1727 1157
33 67
6042 7012
6501 6222
3341 2406
8027 8253
2812 2256
7781 6835
59 304
6577 7223
5945 6009
5286 4880
1681 1683
7320 7457
9711 9215
10603 9965
2623 2107
3023 3370
1678 1108
3783 4174
10379 9749
8133 9016
7185 7767
6143 5998
2663 2966
4833 5194
10696 9737
3790 4364
58 690
4666 5479
2256 2275
5697 5273
4459 4323
9861 9660
3513 3466
6122 5893
7835 7378
2689 3379
66 684
1512 1596
5619 4970
9964 9815
8711 7832
8660 8497
5166 5368
1718 1151
9145 9441
5583 4895
2642 2260
9438 9659
854 1476
1363 2344
7101 6890
35 431
2413 3367
8176 8352
6197 5945
10210 9991
99 266
6842 7586
3365 3277
8170 8859
8431 8726
380 1087
83 708
4577 5041
2993 2049
17 82
5197 4523
8553 7613
78 475
1720 1264
5353 4355
58 249
366 1208
8302 8709
3198 3495
9419 8528
7069 7170
7047 6555
8262 8720
9582 9992
5611 6519
2014 2275
3305 3436
5228 5618
9656 8899
4317 4212
2715 3146
8196 9180
6191 5976
3453 3788
2333 1635
4844 3887
21 536
70 400
4384 5198
8874 9714
7464 6477
7952 7821
5635 5467
8827 9104
1905 2635
1021 1382
67 202
5487 6040
4012 4150
8859 8699
3692 3453
96 11
8044 7396
4072 4275
5114 4910
6449 5686
4405 4878
2114 1458
7776 7495
9300 8693
7065 7386
6993 7214
7689 8243
4495 5420
2255 1284
7126 7688
7009 6127
40 33
4374 4883
4118 3180
68 718
5778 5689
7393 8081
8868 8915
9158 9190
6610 7313
7463 7829
7258 7521
4618 3733
5620 6207
8945 8288
5513 4613
32 189
3248 3150
7763 8322
7368 8133
26 73
9089 8199
5757 6463
9582 9560
7098 6265
4568 5515
2393 1641
4682 3821
2041 1058
1539 1515
718 1677
6427 6419
5947 4998
6257 6892
54 847
3289 2753
9455 9116
735 1096
9341 8442
1756 2287
1763 1487
5052 4261
4345 3423
1194 2138
1219 1791
4774 5166
9278 8722
3473 4038
6935 6882
2393 1981
69 330
12 18
6953 7013
5913 6892
95 874
2892 2339
8660 9010
9271 9054
10329 9443
3378 3652
2707 3349
434 1382
7182 8155
4325 4747
6655 6016
6606 6635
33 909
3454 4363
32 390
5319 4426
2605 1625
3012 2196
7706 7887
5781 6385
4313 3646
7908 8085
2893 3321
35 665
2834 2629
4024 4348
5742 6510
2020 2537
6968 6297
3625 3984
2022 1567
4716 4436
9413 8969
6693 6852
4900 5586
3943 4677
5726 4774
2527 2765
5395 4526
8272 8879
6299 5492
8632 9534
2125 1420
8936 9676
4604 4298
7199 7384
3100 2903
9691 8864
6096 5363
58 644
10715 9921
5996 5830
2643 2158
8420 7914
5228 5650
5645 4710
3342 3350
3627 4338
6818 7799
5134 4443
60 970
4283 3416
26 529
6205 5891
7457 7342
3123 3270
6443 5673
2833 2823
8743 9211
79 284
46 990
4680 5411
2151 1976
9682 8817
7243 7454
2814 3017
2209 1502
95 441
2622 3343
1017 1216
4847 3900
7316 8062
2186 1903
7365 6949
3976 4264
5468 5408
2101 1485
3709 4127
9728 8893
7029 6301
74 519
30 361
4572 4878
1123 1657
10062 9874
7070 8045
4302 3342
6114 6206
2725 2006
5934 6359
5536 6304
4694 4612
3535 3959
4990 5121
1166 1435
7662 7817
8291 8718
92 124
82 895
4234 4577
5352 6132
3628 3129
3993 4156
6214 6239
6229 6841
9261 8648
6966 7719
423 1024
56 107
8918 9128
8936 8535
9643 9695
6502 7467
3241 3209
7072 7076
1988 2043
3984 4608
92 831
2823 2503
7001 7918
2194 1592
1672 2011
935 1033
1690 1610
2987 2908
41 566
3284 3804
4584 4680
7655 8044
1751 1998
69 794
9330 9233
2761 2135
53 124
5195 5711
7601 7204
2713 2959
8329 9097
3667 2668
4718 5278
56 428
3498 3635
9719 9887
3331 3896
3522 3643
5599 6430
3307 2819
77 929
9188 8534
1951 1104
5894 5667
13 883
8945 9552
8344 8472
5465 4482
1951 2016
10385 9585
3613 4358
9752 9719
1805 2654
6609 6867
8046 8650
2201 1968
1597 1846
8421 8964
6523 6480
31 995
6767 7756
1413 1184
8114 8898
1874 2529
5065 5549
1609 1459
7167 6209
5036 4779
5885 4894
9049 9006
12 553
7137 6481
8824 7897
5628 6585
98 131
1119 1110
8502 8372
2036 1378
21 293
57 1000
9076 8684
2942 3174
7502 7906
2085 2096
4807 4766
4636 5605
7847 7980
6521 7140
5576 5961
2821 2774
67 216
3394 3636
4103 4196
4783 4010
2803 3566
6126 6688
5973 6961
7234 7560
1524 2518
2763 3262
7895 8449
4879 4143
2228 2603
6166 6154
5633 4774
416 1146
9910 9358
4423 3610
3555 3371
4271 3467
28 473
2524 3235
7772 6792
1028 1405
3884 4158
4282 3705
8426 7632
1925 1529
88 868
9049 9981
6057 6763
4079 4809
8145 8240
4170 3735
2501 1875
6982 7926
8783 8007
9165 9816
6448 5942
45 430
2465 1573
7375 6927
7981 6984
8454 7630
3142 2443
74 221
8485 8506
7637 7354
3386 2993
2466 3295
1768 2574
2292 2640
431 1127
38 661
6187 5984
2901 3210
1686 1500
33 565
89 520
9628 9929
4041 3628
7373 7097
8945 9559
5418 4945
5057 4182
7126 6338
97 409
3314 2341
5950 6534
34 572
6203 5280
78 293
4258 3325
5712 4997
1379 1941
7804 7367
7463 6955
5482 6463
8708 9208
1316 2206
7670 8296
66 158
721 1704
4169 3715
8578 8722
6670 6404
4178 4279
9081 9207
8472 8322
5784 6748
5286 4497
99 1005
6594 7291
10212 9324
9087 9400
6925 7747
9625 9042
2370 2088
9004 9271
2567 3005
1583 1266
6086 5530
5563 5479
6081 6322
4836 5827
7851 8208
5377 5922
2739 3473
8451 9440
2286 2896
67 907
8219 8559
172 1022
3854 3058
2094 1716
2747 3267
6788 7608
9418 9290
42 741
3617 3803
20 892
9079 9324
4399 4614
9928 9173
6057 5824
2486 2146
9067 8068
2759 2869
8666 9244
1465 1801
63 477
9445 9322
9400 8672
3113 2892
7741 7671
6509 6095
37 281
6183 6378
2840 3499
8733 7902
5994 5219
8703 8755
2071 2164
3593 3444
7697 8674
9571 8612
4990 4362
1839 1797
5313 4493
5308 5599
3878 3637
4124 3927
8010 8521
3640 4428
3562 3897
8374 8114
9058 9075
9733 9745
2459 1533
3357 3040
8511 7676
3415 4363
2641 3019
5464 4735
7255 8025
1055 1088
4090 3243
2410 2024
8034 8368
1227 1284
7505 7231
2852 3418
8012 7866
4743 3876
8353 7887
2255 2958
5590 6295
3499 4478
5674 5245
9295 9664
2368 1809
69 329
1987 1293
5002 4250
3407 2605
6605 7235
5546 4660
5462 5444
1325 2099
7498 7567
2524 2827
2913 2801
6647 7151
9123 8159
9167 8811
4077 4471
9997 9782
72 968
8257 7614
4915 5533
5001 5749
7282 6548
7207 7465
60 93
5598 4923
1968 2404
5621 5059
2769 2462
4157 4010
6914 6020
2235 3127
6024 5220
93 469
44 411
3576 3932
7813 8083
76 515
2575 1617
9429 9469
3344 2795
9568 9224
5315 5508
12 728
6260 6120
3382 4372
8640 8410
5472 4839
3122 3495
921 1876
8785 8267
7318 7166
10051 9332
4448 4112
7892 8070
7907 7548
6295 5910
7127 6933
6237 7150
3395 3468
7270 8076
5270 4689
7130 6418
794 1377
3955 4471
6017 6453
7373 6717
6974 6786
9095 9057
5568 5743
2796 2904
8011 8580
4076 3757
6613 7132
7301 6414
2050 2461
2865 1979
8095 8816
5363 6182
4278 3291
7591 6724
17 208
3151 4076
2258 1529
5891 6238
2864 2324
3265 2444
4976 4619
6909 6071
3403 3178
1925 1624
79 181
2508 2009
2529 3010
83 639
1749 1020
3856 4553
5597 5526
9447 8781
3533 3701
4566 3846
77 324
2705 2319
7521 7379
2505 3279
3296 4027
4277 5053
6529 6678
1389 1920
2678 3438
4411 5189
8283 8672
7938 7606
4280 3447
1995 2745
7836 7900
8974 9786
9286 9805
4611 4085
2300 1374
6532 6862
2036 1355
1602 2290
8284 9192
4003 3859
1781 1111
2963 3451
2117 2775
8101 7768
4636 4730
9126 9437
70 445
6966 7170
3495 3503
4696 4160
3682 3828
2830 1905
8340 7447
4736 3920
6447 6171
6315 6186
6968 6555
2105 1387
2983 2846
14 121
6765 7459
8132 8550
4381 4719
6094 6215
63 292
7149 7502
7558 7575
8341 7833
2858 2799
10340 9749
7470 8128
7730 7329
6469 5742
32 592
3763 3347
64 764
2350 2703
4576 5450
8669 7711
8412 9115
4947 4631
7070 6271
2990 2888
1269 2132
6451 7192
7381 7089
729 1102
1045 1160
10389 9897
2986 3683
10225 9713
2739 1798
6649 6416
8293 8660
89 201
44 243
3820 3231
6026 5293
9244 9462
58 976
6700 6458
649 1278
9551 8986
2329 1384
9277 8493
6481 7378
9148 9004
8126 8299
3507 3467
6795 6550
8837 7985
5758 4861
6274 5450
536 1146
6643 7535
2545 3072
41 330
3900 3137
70 661
6816 7580
3286 2656
908 1042
7446 8182
3047 3329
7992 7085
5698 4744
8987 8665
6938 7724
6606 6090
6851 6493
5889 4977
4215 4168
4951 5607
9418 8822
3125 2812
2281 3175
7644 6871
1970 2642
4124 4902
9005 9451
4175 3888
6654 7012
6787 7148
9831 9555
3832 3582
3538 4337
6830 6369
33 21
7182 6392
1936 1957
4462 5029
55 338
97 629
4894 4993
6188 6117
1222 1091
1708 1957
3896 4694
7122 6264
2542 3261
8487 7794
2752 3190
4041 4410
5907 4950
3135 4111
3949 4080
7665 8566
9097 8117
8034 7340
7799 8385
9692 8855
2305 2516
23 745
5418 5545
2726 2301
2873 2356
5005 5162
5456 5405
9617 9797
4850 4679
9309 9857
56 118
5236 5869
8133 7804
1810 1689
1665 1491
8037 7822
6001 6278
6094 5119
2803 3549
4676 5557
4848 5641
2177 1886
8865 8160
1970 1801
7800 7834
72 1010
3030 3230
6571 6462
4311 4196
7753 8391
1368 1932
56 522
8174 8603
23 356
3259 2722
8517 8186
1204 1782
7051 8013
6264 6249
37 707
4601 3865
9067 8593
6678 6785
6118 5281
8407 9072
1935 1902
8770 7771
9322 9717
1113 1538
585 1449
77 302
2475 2044
3260 3865
1228 2194
7134 7521
12 750
7334 6465
1980 2394
9008 9283
9440 9651
8858 9735
4431 4245
2906 2571
3461 3238
3429 2555
4895 5001
2000 1443
8707 8179
6566 5875
97 447
8273 9092
6658 7212
86 639
27 911
3428 2713
8444 8069
8285 8468
4829 4681
7352 7519
3496 3947
2574 2507
4938 5336
3973 4080
1860 1146
4851 4712
14 161
7928 6959
4993 4590
10745 9749
8788 9493
6702 5785
10893 9952
99 345
4376 4738
4075 3615
8379 7986
4707 3978
30 950
3950 4358
84 996
1022 1981
5527 5890
9328 8587
1927 2670
941 1274
6350 5395
3293 2644
7966 7335
7766 7032
9223 9405
6976 6814
2688 3562
57 352
1968 2029
3851 4710
8075 7298
5509 5929
2804 2673
6354 6789
7710 6917
3717 4116
9899 9770
1209 1747
6353 7060
8408 8206
3313 2485
8849 8010
7825 7732
7411 8086
8200 7648
6322 6179
6661 6818
6475 6136
1699 1028
7384 7405
9260 8679
3951 4396
5070 5903
7656 8362
5109 4527
10343 9830
10278 9831
5854 6051
576 1161
6232 6136
8023 7450
8634 8858
6898 6176
5211 5184
5807 5193
3563 4108
9459 9456
5083 5911
3337 4331
5912 4992
1867 1799
7732 7981
88 906
9400 8740
36 272
6167 5361
3672 3160
79 183
5926 6689
2487 2940
1542 1652
5246 5125
84 616
1666 1584
6884 6610
4636 4524
8914 8739
6625 6892
4871 4730
45 852
26 491
6773 6902
1279 1840
1208 2092
3394 3688
945 1205
1989 2914
7817 8468
4958 4919
8285 7818
4724 4387
6184 6364
2870 3491
3022 3407
8401 8428
8306 9011
8813 9114
3873 3908
1916 1703
1637 1841
4833 4039
2694 2602
4409 5246
7957 8861
7037 7470
6739 7033
2095 1399
8854 9843
2482 2123
2456 1971
9932 9394
8519 8976
9604 9498
3577 2771
2474 2389
53 82
9842 9196
2334 1821
39 962
9746 9368
9650 9118
6368 5647
4259 3804
2184 2526
6228 6760
13 215
1682 1077
1709 1698
5857 5345
7936 7867
5826 6608
8669 8714
4174 4728
6647 6184
7540 8123
6917 7901
1602 2091
2213 1611
5669 5675
3968 4262
10253 9338
3767 2863
28 27
9151 8665
6174 6927
4500 5010
4975 4511
1558 1210
2351 1539
8175 7460
8000 8413
3550 2585
2120 2957
1952 2889
9934 9319
9066 9336
26 163
3112 3511
73 126
5848 6639
3284 2445
10168 9567
9664 9192
2909 2831
4731 5175
3569 2614
9539 8623
55 702
594 1423
5383 5474
5715 6348
1036 1982
10192 9231
3316 2342
3714 3169
802 1617
9455 8686
4213 3770
1999 1981
5067 4170
3398 4267
8955 9010
2766 2020
3737 3630
3526 3512
9614 9139
9405 9290
5326 4733
5248 4944
9564 8801
1713 2206
4218 3980
6951 5999
3919 4477
844 1060
82 993
5855 5989
3005 2177
3232 2930
7655 8083
8969 8571
9134 8692
8927 9215
7791 8680
7533 8155
7953 7199
30 441
2128 2232
75 602
4464 3924
3166 2350
1153 1515
7262 7022
4794 5586
1673 1706
5267 5420
5088 4701
65 46
2621 2762
2813 3117
54 564
7688 7775
4083 4685
4579 4779
3792 4162
8030 8800
9701 9645
9385 9977
4075 4100
1995 2152
3925 3108
6710 6867
9893 9995
3497 3023
6733 7171
6847 6360
8882 9513
4920 4645
2609 1730
2748 1944
1876 1191
8949 8992
45 896
73 109
9277 9347
6269 7246
90 664
43 693
1340 1122
8088 8512
38 832
8801 9561
19 59
2838 2576
6171 5746
89 359
5572 5673
1175 1115
5006 4170
94 591
3455 2723
2365 2248
2083 2097
9820 9139
2177 2129
8734 9487
3671 4366
8493 9397
6015 5403
5726 6635
97 829
4440 5326
3184 3662
6347 7045
6353 5789
3471 3794
5614 5898
4766 4026
6897 7655
8013 8026
5137 5488
6098 6570
1410 1903
7386 7908
79 655
9518 8861
9612 9180
6213 5307
11 891
10142 9335
8553 9425
2586 2956
3679 4651
9709 8749
8201 8327
6308 5776
7451 8145
6811 5942
7125 6362
8456 8986
8969 9525
2015 2964
2356 1629
7862 7976
8954 8418
4595 4856
2437 2871
4390 5351
4782 5549
4392 4448
3573 3131
8731 7951
54 696
6637 7028
3289 3036
2305 1722
32 623
9494 9805
335 1121
3662 3800
472 1340
8917 9688
10161 9961
3465 4190
4569 4208
92 37
3424 3151
1728 1768
9221 9250
9498 9439
6141 5959
8595 8233
5816 6143
7903 7371
9080 8455
9157 9654
9305 9563
5434 6202
5107 4271
5266 5125
7223 7143
53 592
1410 1287
35 53
2576 2101
5904 6522
4122 4613
5614 5025
7209 7150
7131 6729
2825 2899
6920 6305
1405 1825
9058 8544
6600 6102
4934 5570
7611 7873
2850 3502
5416 4492
28 376
3602 2727
4956 4278
1193 1469
5087 4246
3896 3281
5358 5166
57 52
5391 5932
7172 6683
1711 2495
7921 7903
6157 6849
4127 4165
8898 8315
7499 7647
32 390
3293 3250
4548 5070
2690 1881
79 95
7338 8048
8721 8298
7186 6552
41 567
3143 2754
5067 4606
4514 4191
411 1056
6110 5421
5645 6155
8365 8064
659 1270
3533 3163
2169 1479
8012 8712
9733 9637
1176 2171
4432 4529
27 426
7385 7058
1844 2765
4611 4916
5942 5512
54 844
5167 4527
7433 6908
1360 1953
2728 3496
4209 4248
5786 6630
8605 8292
4059 4744
1265 2224
50 989
1485 1956
6390 6933
2450 3298
1528 1477
6383 5876
9413 9316
86 468
86 589
6476 7336
6258 5530
7795 7508
4119 4718
1612 2290
2009 2133
5804 6530
6543 6512
6693 5798
4914 4465
77 471
981 1642
5410 4523
9108 8309
2839 2500
94 592
6971 7257
8753 8830
6394 6503
5186 4852
2382 3004
82 978
7713 8334
9168 8605
2593 1740
72 95
1922 1095
8675 9259
8279 8227
678 1504
6762 6907
2162 3148
5566 5135
6087 5457
2465 2238
42 588
9292 8311
3663 4660
5915 5966
6751 7746
3631 4531
2072 3039
1380 1256
3939 3192
2599 1884
4035 3314
7187 6796
3702 3644
8781 8865
9834 9623
94 519
1495 1440
7261 6535
2976 3197
5016 6001
1663 1776
5676 6528
94 119
3903 4195
4182 4379
7462 7019
1197 1899
3054 2230
3849 4082
5467 6214
5068 6041
2376 2395
6710 6367
2238 2971
9486 9609
3187 2198
5343 5269
92 417
10522 9886
3978 3729
5096 4519
2456 2904
1540 2432
1025 1315
10802 9870
10493 9935
40 91
5772 6451
7079 7284
2311 3260
4385 5005
2027 1096
7843 7008
1800 1310
7972 8222
10510 9545
8927 8797
7931 8004
8257 8188
331 1284
6752 7493
2759 2388
53 344
11 598
1107 1922
5740 5676
6586 6460
5400 4501
10551 9825
8396 8087
4935 4350
2455 1462
2738 3583
1777 1129
2283 2987
3517 2975
7755 8475
10430 9447
2516 2645
6527 6186
1701 1278
8272 8368
9302 8783
4701 4155
9725 9738
5435 5546
5091 5998
4436 4520
47 674
2132 2262
1233 2086
1807 1528
6961 6754
5318 4901
2690 3025
3085 3578
4788 4074
2666 2229
9767 9685
2828 2730
9442 9209
94 822
4484 3905
6238 5863
7185 6836
5942 5955
6349 6639
7313 7788
2365 2670
9506 9690
5467 5908
872 1231
5830 6641
4411 3997
9212 9449
7840 7683
1020 2020
17 38
2597 3170
7884 6999
4253 3662
6955 7177
8684 8869
9852 9932
10382 9664
8102 8114
8786 8499
3307 3500
15 933
3032 2280
5598 5832
10024 9875
4636 5159
8957 9289
8529 8566
57 572
73 886
7127 7211
7674 8519
7906 8678
4313 3357
4013 4704
7166 8114
7180 7098
81 44
5108 5557
8838 8875
7069 6965
4179 3915
704 1463
10307 9576
67 540
60 702
989 1665
3766 2987
8282 7721
3340 2880
6993 6787
1395 1603
27 577
13 951
4051 4617
3683 4467
6218 6884
4864 4174
1653 2440
6660 7268
16 741
18 104
7304 7625
5923 6679
41 314
8252 7986
2044 2131
488 1163
8087 8000
4741 4196
2569 3470
4050 3132
3377 4035
2130 2607
44 854
2618 2344
5701 6313
8444 8728
2815 2636
10240 9710
3575 4157
5701 5148
4128 3685
1795 1751
69 904
1437 2350
3434 4067
6969 6162
1748 1952
5349 5788
5114 5322
6532 6683
65 319
5032 5047
3627 2890
4446 4999
1663 2334
8869 9373
6245 7074
724 1338
5008 5673
10286 9318
9629 9670
1219 1065
2462 3072
7907 7488
6344 6285
5261 5150
8449 9325
2777 2508
9347 9022
2340 1498
87 657
8011 7866
2751 3165
2578 2163
2265 3230
2229 1666
12 491
6010 6133
4997 4671
3747 2848
1495 2330
8988 8037
5143 5909
1335 1617
7240 6746
7143 7481
9343 9220
4622 4843
3897 3082
8927 9609
10217 9425
6472 7120
4382 3503
3919 4800
76 636
2291 2926
5376 6138
10800 9831
3724 3752
9787 9679
5059 4853
8146 8982
2148 1301
408 1324
2449 2797
2067 3038
2314 1328
9614 8806
2265 1857
8859 9484
9476 8539
8744 9472
1095 1795
6792 6280
2509 1900
8850 9048
10748 9982
2397 3389
4898 5484
7558 6741
41 122
3663 3117
7288 7536
8056 7864
3254 3094
6946 7266
9139 8602
5217 4957
77 50
7271 6770
64 427
55 963
3848 4395
6462 5557
9257 8480
88 571
91 601
1228 2015
57 500
18 511
6070 5441
4094 4191
6791 7380
6071 6818
3799 3138
7225 6749
6126 6537
8504 8339
3166 2692
6574 5671
7342 6551
9559 8867
7437 7335
1535 1874
5180 5422
2286 1386
8296 9285
5829 6293
4853 5370
8884 8207
84 548
840 1709
3968 4676
2924 2162
4342 4907
7777 8088
71 134
14 380
4236 3390
363 1337
2298 2922
8501 9037
4845 4434
8459 9388
6758 6651
4369 3835
5070 4752
3679 3939
3037 3395
1985 2845
7641 6670
7989 8329
43 494
3599 2763
1567 1911
4935 5275
2748 2495
6030 5675
4559 4027
3818 3716
74 722
2060 2169
1372 1279
4323 3541
2669 1929
7069 7775
5720 4912
2911 3158
4861 5480
2295 2733
7494 7843
1836 1011
5121 5401
5312 6002
2250 2254
10592 9779
71 196
2081 2993
1313 1178
6116 6946
6126 5602
4479 5200
6569 6916
2676 2793
5231 5082
5512 4732
4863 5036
4834 4844
5002 5536
26 728
4385 3668
5870 5872
4453 4377
6927 6167
1741 2136
3772 4242
1996 2950
5259 6111
9614 8836
6601 5730
1095 1982
7330 7113
9745 8820
9668 9037
5767 4802
74 188
10155 9986
7632 8071
2846 3163
7910 7373
5743 4848
6791 6268
7916 7482
4266 3341
3369 3739
1742 1032
6384 5668
6078 6076
9617 9261
6559 5970
2711 3066
5893 6814
9700 8707
2818 2426
7759 7423
41 640
6708 6597
1457 1248
3537 2782
84 1008
6209 5398
34 972
7258 6686
8431 8612
2863 2356
4333 3393
8216 7848
2414 3208
4358 4244
6436 6943
2196 2414
2545 1611
3401 4349
7715 7301
9737 8994
5953 6435
98 978
2003 1834
1721 1521
1058 1556
5211 4802
9691 9267
27 723
7167 6251
