10052
100
20668288
95 103 105 91 101 99 92 90 103 92 94 91 108 101 96 91 109 109 107 91 96 107 92 105 103 104 110 94 94 99 91 102 93 108 92 109 110 101 95 109 103 109 93 105 100 104 104 101 94 108 94 92 102 94 110 109 90 104 91 109 96 109 94 106 107 103 104 100 104 97 104 94 109 103 103 105 96 90 101 100 99 109 90 106 101 101 105 100 105 109 97 109 98 108 92 100 97 99 110 94 
-48077 -46909 -48391 -48039 -48341 -45501 -45292 -41701 -49086 -44781 -47317 -42578 -53724 -44075 -45559 -44578 -55129 -47685 -51730 -48695 -54797 -50360 -43032 -48336 -51071 -49773 -55936 -39639 -46750 -57542 -48117 -47034 -43200 -53131 -44173 -51601 -54408 -51131 -47345 -54323 -51210 -52454 -40336 -55405 -49263 -45438 -49909 -53935 -44006 -52039 -45911 -46291 -46966 -41700 -55952 -51961 -42291 -48764 -42391 -50157 -49973 -49618 -48548 -46013 -54704 -46826 -49269 -47393 -51322 -44601 -45931 -47525 -51742 -53429 -45480 -53245 -50010 -44938 -50588 -49325 -51357 -53292 -43601 -53426 -56322 -47080 -42863 -54132 -52568 -53576 -48356 -55025 -44342 -47692 -44208 -47912 -45156 -52488 -54189 -44499 
70060 67211 70118 68624 70026 63807 64793 60867 69928 64360 67360 62127 76647 63735 63962 64700 78967 69716 74470 69547 78015 73815 62731 69289 73300 70604 80704 57527 67099 81963 69704 67565 60832 76522 63892 74300 78714 71588 67656 77462 73698 75441 57348 79563 69761 66454 72523 76831 63609 74733 66302 66806 69231 59657 79384 75637 60103 69477 61354 72316 73075 71368 68306 66529 77531 67500 71908 67413 74523 63882 66951 69451 75133 76762 65910 76236 70746 65495 72125 70087 73768 76604 62893 76836 80087 68618 63526 76084 75424 77502 71307 78746 63885 69174 64111 67143 65474 75505 76749 64233 
8603 9344
2011 2700
1722 2380
4278 3759
9164 8877
9172 9198
2984 2885
5631 6184
6873 7333
4397 4674
5355 4547
3262 2385
7512 6668
5977 6831
9066 8411
7999 7621
5898 6435
81 155
23 853
5977 5407
6339 5978
5229 4271
3991 4126
7324 7514
7556 7852
8976 9738
9681 9346
5463 5389
5603 5919
780 1677
4146 4384
3560 3697
10228 9972
4955 5607
4819 5681
3204 2437
8764 8423
9338 9112
8425 8274
7859 7910
2081 2959
8330 9138
8654 9527
74 650
9602 9235
10096 9932
6050 5346
3006 3079
7979 7691
2188 2350
5742 5972
4939 5765
1282 1282
4761 4672
3251 3345
3760 3143
3537 4490
3068 3187
4994 5048
7674 8277
2372 2575
3281 2790
1811 2779
6606 6642
1136 1714
1544 2095
7133 6408
8149 8870
8386 8873
8013 8035
3926 3608
3758 4215
5042 5585
2121 2883
4689 4579
2781 3445
1888 1148
8142 8207
8245 8798
5802 6027
8763 8300
1094 1078
23 374
4422 5397
2521 2771
3696 3815
2137 1239
9994 9549
696 1626
9728 9337
3902 4031
8125 8223
8826 9263
2702 3326
2365 1659
31 656
35 521
8033 8529
7658 8492
4994 5907
6864 6321
3141 3186
7133 7972
9791 9576
9037 8475
596 1214
2180 1215
1819 2443
5681 5375
4341 4337
9644 9791
7834 7420
11 258
3121 3743
3884 3530
3560 3244
7287 6584
1829 2348
9130 9274
8707 8542
10627 9863
9170 9455
8952 9761
241 1162
9667 9425
4812 4585
4241 3639
9845 9642
2530 2280
4301 3406
5990 6221
3612 4154
8513 8250
1241 1705
5129 4211
3978 3424
3675 3894
3239 2462
2374 2728
5129 4626
19 801
7375 7692
7584 7720
9085 9967
2900 2203
8173 9052
1480 2004
4579 3937
6230 5408
5170 5276
5624 5023
1946 1237
98 97
5800 5631
6947 6182
56 813
3815 3796
30 203
8292 8805
3874 4295
3177 2491
8994 9924
8824 7859
6541 7513
5751 6486
71 449
5782 5525
2983 3797
1567 1726
2564 1582
5380 6255
3074 2348
1189 1023
3705 3361
3175 3760
49 446
8469 8465
9375 9564
8087 8305
3677 2903
9565 8961
7130 6198
9278 8530
2037 2188
1315 2118
4619 4288
3880 3662
12 886
5607 5231
1092 1814
3905 4280
8537 7740
3123 2688
673 1282
1679 1013
1875 2718
3010 3188
2582 3082
4259 4585
2739 2483
8294 9186
1823 2319
6720 6608
6475 6117
6306 5373
604 1579
7597 8176
1485 1572
54 751
9701 8824
6316 6860
3994 3933
1961 1973
1603 1282
833 1734
7101 7201
1852 1738
8872 9592
6190 5719
697 1420
7044 6958
8485 8838
5164 4591
2280 3128
3383 3686
6759 7122
5650 5350
1870 1524
4794 4603
3127 3569
4430 5026
4984 5740
6403 7390
2823 2500
7314 6970
9946 9535
8737 9347
46 495
4269 3911
10 40
8390 8800
9834 9684
5701 5218
10060 9226
5900 5137
37 781
4505 3661
8477 8774
7240 6411
5184 5596
97 401
3787 4527
5511 6245
7404 6810
2965 2399
8257 8003
5557 5744
4233 3998
5664 6248
1500 1719
3298 3224
782 1598
1592 2436
4388 3554
7926 8410
8866 8301
6852 5867
3626 3300
82 703
9224 9990
4757 5503
5700 5358
4734 4790
4081 3096
76 212
55 492
9729 8849
2903 2444
8878 8942
9578 9311
5666 6016
3759 4380
87 914
749 1724
8603 9459
4842 3956
4408 4383
833 1385
1534 1724
8142 8087
2850 1864
578 1220
6279 6714
83 263
6501 6037
89 170
8587 8267
6211 5962
7394 8221
4472 3943
10295 9528
83 696
7895 8703
4449 4865
5458 4689
8206 8982
8507 9299
1913 2205
3609 2670
7746 8371
8264 8735
9650 9614
11 421
9759 9501
41 384
7085 6928
6072 6306
5874 6487
7672 6971
7204 6456
8886 7951
8702 7750
8421 8561
64 725
8122 7656
4324 4107
7119 7144
2365 2374
6299 6775
957 1294
9249 9403
7518 6714
46 279
1253 1464
9668 9184
3122 3948
4433 4265
5719 5176
4726 5330
4644 4580
2558 3029
87 66
5594 5459
53 158
8181 7353
798 1038
61 382
3248 2312
4300 4374
3205 2410
6963 6971
7703 7663
7435 8426
2528 2303
6159 5173
5419 5935
6495 5740
7566 7432
3724 3139
4399 4055
3463 3642
1532 1068
10898 9956
9123 9609
4224 4779
749 1327
2183 2935
6589 6442
9361 9368
9957 9234
4606 4674
4632 4671
56 796
5211 5925
3210 3806
9706 8936
9417 8523
8935 9766
10160 9811
8734 9547
7181 7436
8632 7864
5372 5069
6610 7397
3974 3257
3779 4561
4400 5396
7600 7387
100 342
6003 6210
4430 5271
5861 5962
9021 8174
7376 7759
7910 8578
7065 6492
8312 9167
6081 6148
2168 2807
6958 7204
76 131
6765 7093
78 576
3498 2953
2770 3179
4074 4737
6515 6286
4067 4872
7241 6783
4194 4293
7153 6891
2726 3327
2709 2724
5009 5581
8285 8533
1086 1735
83 311
2239 1329
9127 9490
12 598
9121 9341
69 529
5787 6454
1441 1466
8265 8978
7346 6377
6482 5875
3035 3408
9063 8942
6390 6917
1648 2579
8945 8091
1128 2090
10223 9555
90 578
10118 9506
3506 4313
6275 6271
8295 8627
8640 9374
7932 8356
2866 3756
2155 1322
9026 8266
6146 6224
3481 2834
8027 7944
448 1339
3878 2905
1962 1061
10468 9517
9470 8971
4328 3498
9139 8633
1080 1541
4954 4744
3354 3188
3629 3569
4580 5141
1483 1680
7151 6553
4204 4270
5635 4668
3041 3759
1116 1035
2260 2282
8541 8259
970 1959
13 696
4216 3539
54 371
6494 7145
4786 4304
8950 9318
7260 6840
6847 7597
8679 7887
4610 4380
7853 6863
1133 1113
2424 2217
8615 7800
3917 4464
3354 4024
4769 5306
5357 4800
2656 3476
4823 5380
3327 4194
4583 3609
8691 9650
3427 3086
4038 4847
9539 9984
6037 6804
6337 5832
4371 4060
8649 7932
7342 6872
4154 4601
6542 6437
4889 4736
8263 8285
6275 5791
8978 8872
7017 6774
7081 6289
5379 5562
2602 2236
2993 3478
9655 8844
2018 2136
9512 8590
7335 7149
1553 1582
2223 1486
3824 2958
1709 1123
3891 4043
2804 2064
6793 7209
4032 4275
4672 5403
9794 9981
5782 6183
7202 7702
2859 2370
4996 4273
9625 8739
7489 7810
7926 7630
1281 1070
5926 5198
7154 7185
3752 3371
2066 1270
3493 3272
7302 6692
31 789
2556 3455
72 371
393 1054
5391 4493
1554 1229
4456 5103
5267 6105
39 161
3065 2609
9091 9633
7060 6222
3056 3566
6640 5666
3560 3946
8255 8833
5734 5954
60 44
84 252
3686 4640
8832 9281
6347 6486
4276 3634
3864 3929
3869 4374
4708 5119
3488 4393
4558 4185
7448 6812
4540 4314
8588 8021
2734 1794
99 938
7632 7559
8990 8494
86 82
6533 5825
6587 7142
3161 2843
25 216
1632 1846
7234 6412
1594 1997
1097 1809
10685 9964
3620 2857
5753 6215
5956 5912
2772 2279
3447 4254
287 1105
77 520
3982 3580
5822 5330
9490 8886
3073 3037
8143 9094
3362 3569
5517 6422
4987 4899
2333 2892
2461 3368
7247 7217
8976 8750
3216 3590
6499 7339
4172 3879
542 1011
2032 1076
58 348
9733 8826
8749 9495
4202 4038
8388 8443
6697 5886
6270 6141
764 1509
9702 8939
8889 7996
4274 5197
8320 8918
1946 2451
6101 5121
7000 6604
825 1570
5692 5593
10486 9913
4788 5500
95 422
8159 7986
5025 5829
5989 5329
5647 4930
4809 3887
7786 7660
7691 7506
8723 9712
2141 1780
8654 7730
4492 5050
5826 6649
9204 8887
82 460
3795 3297
33 123
56 63
1674 1610
9376 8984
8219 8486
10081 9458
3355 3634
5712 4950
6069 6090
1881 1939
5738 5454
7450 8258
8802 8068
57 913
17 14
9404 9978
4564 4075
920 1456
1496 1447
7988 8004
9060 8305
1651 1618
5244 5392
78 636
20 99
9591 9566
6668 6774
96 223
7178 6658
4104 3523
51 248
5402 5716
5639 5080
7351 6870
3586 3183
9480 8914
5169 5677
1447 1999
2946 2228
1824 1813
6247 7066
4039 4141
10003 9691
8059 8956
6129 5374
9603 9708
3206 3700
4006 4263
5004 4256
3048 2519
18 728
70 940
7330 7571
2506 2332
662 1591
8558 9083
8938 9429
3182 3472
2734 3100
8597 9473
10024 9583
3418 2757
3455 2806
3248 2506
4298 4321
6538 6436
6229 5256
4530 5273
5109 5826
4270 3660
6143 6860
3565 3079
5126 4605
6306 7134
7096 6617
4505 5434
1590 1115
10352 9511
3353 4288
1687 2635
9609 9232
64 465
5910 5787
7074 6793
2946 3013
66 15
60 675
9565 9086
9676 8745
8316 9087
8854 8987
8662 9578
456 1359
1366 1222
2620 3139
3732 3420
8863 9617
80 820
8039 7855
2402 3377
5685 4814
4956 4332
8168 8736
2687 3524
3196 4022
60 1010
3135 3870
71 655
3726 4660
6343 5669
4520 3819
6833 7293
4582 4553
6111 6054
8172 8284
6945 6641
7844 8180
4369 4031
38 79
7791 7314
853 1736
57 183
2418 2208
2081 2117
6874 6781
2057 2980
96 104
6661 6399
7293 6877
8599 9104
10410 9635
9474 9117
4044 4447
2247 2868
8930 8559
5496 4504
4307 4851
6009 6486
865 1864
2061 2268
9909 8921
8653 9576
1932 1478
6820 5977
4486 3897
84 787
4940 4398
4699 4941
8465 8553
4535 4445
44 624
2387 2976
3060 3128
8230 9162
1306 1328
5062 5511
3100 2320
4934 5777
5429 6416
6887 6200
5692 5936
3122 2370
6948 7248
9005 8412
7759 8414
8843 7997
3311 2654
37 121
5468 4887
3827 3898
1625 2107
5465 4853
1686 1710
2381 2070
9118 9825
7022 7059
2494 2126
38 97
3364 2368
4883 5865
7070 7530
5477 5411
7174 6523
1568 2076
9617 9417
1561 1084
7417 6881
4891 4536
1714 1252
10183 9205
1616 2419
6152 6934
62 612
3759 4085
6213 6304
3661 3893
4366 4754
6953 6154
8967 9802
2379 2350
465 1070
4056 3890
2717 2755
7074 7505
2456 2905
6500 6912
4590 4191
3382 2383
3689 3979
5674 5807
6184 5796
9508 9965
3371 2422
9634 9450
8702 8286
2798 2570
8118 7732
3719 4248
9783 8896
8130 8849
6829 6376
5434 5193
36 724
8510 7906
7394 7096
94 218
7986 8406
5282 5664
5324 5957
7497 7378
6463 5844
8176 8226
3961 3518
26 477
4141 4503
2403 2398
1919 1668
9045 8149
10628 9677
8521 8558
4273 4745
23 569
7591 8141
1509 2175
6574 7052
5382 5875
8057 7266
8094 7363
7951 7349
4058 3802
8351 7437
5104 4336
4033 3812
31 754
1976 2562
9577 9034
9424 9474
6962 6037
6677 6323
383 1270
5487 5759
6705 6257
8243 7709
4929 5854
4505 4771
1789 1890
5492 5761
4681 4340
2123 1550
10190 9506
1265 1423
86 15
1427 1663
4617 4131
8373 9177
7416 8323
1281 2109
28 675
7305 6889
2782 2678
2220 1282
7977 8541
6771 6679
70 15
5910 5609
7268 7563
1604 2205
49 1002
68 382
65 147
23 887
3006 3713
5756 5778
5513 5376
93 679
5257 4706
4769 4739
4228 3964
5213 5054
6745 7126
8085 7854
8393 9288
3164 2996
6224 6400
8695 8047
9327 8766
3873 4136
7198 6714
7014 7652
8315 8140
1652 2426
6831 7405
6050 5886
551 1019
1931 2120
1793 1265
4950 4822
10325 9470
8314 7570
78 158
5355 5634
8167 7598
8735 9303
2613 1880
4761 5458
6595 7269
2416 3211
7854 7649
8218 9129
7960 7273
8647 7709
6900 7190
9482 8823
4952 4109
6812 7802
2330 2921
62 970
8646 9620
2906 3329
4993 5307
43 232
5872 5670
3950 3491
46 889
5392 5208
5176 4769
4247 4081
31 905
9827 9022
48 108
2735 3381
4092 3625
9254 9178
4456 4739
7022 7534
3019 2274
8439 8351
4485 5036
5711 5397
7261 6299
42 628
2867 2740
56 825
4543 4203
8570 8021
79 854
6559 7173
10264 9373
3383 2514
519 1104
5013 5786
6779 7113
7805 8435
4847 5489
3448 2865
7657 7653
5709 6269
3120 3959
4742 4275
7170 7183
10154 9722
5416 4457
6993 7855
3625 3605
7392 6991
7969 8564
8160 8713
3735 2908
3341 2943
3500 2815
8579 9423
9157 9393
9798 9830
3251 2504
31 542
3487 2736
6258 5357
9664 8822
9856 9091
7422 8305
7007 6127
794 1086
8841 9625
7985 7000
2872 2917
6038 5863
1397 1726
2114 1873
4356 3684
8100 7304
5772 6471
46 14
3567 2657
9820 9968
3314 3916
7251 7432
1919 2117
3058 2966
8397 8345
98 663
9903 9771
3234 2584
7617 8325
1967 2276
4042 4977
3388 3130
6185 5222
5326 5565
7288 6777
46 93
3311 2732
6915 6450
7521 7064
6395 6557
2456 3097
2841 3064
8249 9204
6736 7716
4868 5769
5733 5440
8572 9288
342 1041
6744 5765
6622 7133
6625 6512
4149 5131
4124 4919
2011 2540
3698 3305
9450 8997
2396 2468
4085 4833
6689 5995
5924 6436
4490 4418
9012 8063
6580 6352
8256 8827
2444 2390
9647 9919
4613 4081
3890 4443
6808 6748
1245 1515
7130 7417
2174 3159
9685 9583
3988 3880
3294 3398
1752 2088
6494 7311
524 1419
6141 6223
49 949
6684 7175
5640 5599
6966 7708
2539 3497
22 75
3364 4198
7265 6344
2366 2676
6392 6232
9484 8681
3286 2298
2101 1250
43 542
2940 1956
2801 3223
3817 3194
4648 5205
7131 7606
5659 5010
44 59
6083 5400
5187 5645
5921 6511
46 947
100 449
2949 3592
4219 4546
789 1078
8472 8269
7932 8642
3886 3923
7654 8556
3092 3253
9601 8676
6434 7367
2467 2844
4306 3588
10061 9208
8916 8981
6039 5065
5257 4718
8476 7649
4547 5257
53 834
9499 9360
6538 6510
8074 8187
5935 6295
2901 2709
5410 4579
4726 4113
5779 5272
3990 4809
6321 7257
7220 7035
4233 4225
8166 7280
2556 1971
4782 5360
8559 8998
2807 2327
6535 6531
8284 8262
3082 3245
6284 5425
2952 2440
7575 8495
10032 9756
4110 5015
592 1428
58 402
5181 4972
2615 2172
9626 8651
8080 7626
8825 9472
2754 2947
7050 7443
3824 2833
8667 9311
2491 3140
5931 6716
3858 4737
5909 6003
10658 9698
3459 4422
2014 1092
2690 2633
8479 9479
5162 4791
3408 3897
5085 5242
9489 9413
4364 4974
3942 3618
5578 5752
7352 8017
32 427
8547 8622
7840 7300
6819 6286
7513 7901
4988 5145
7710 6827
2782 1957
9710 9270
8532 9392
8090 8150
6200 6838
9131 8158
8427 7554
1595 1874
6359 5971
3565 4019
3297 3512
7665 7095
2620 3325
3620 3857
5533 4656
14 774
7314 7431
7529 7680
1534 1779
6227 6622
6568 5644
7988 8542
7195 6950
99 156
2133 1203
5756 5510
2800 1915
40 797
4103 3166
4301 3594
2288 3145
2145 1191
1809 2404
8476 7650
8219 7469
1959 2236
4333 5051
2772 3188
5700 6452
3666 3679
4360 4481
2973 2836
767 1320
39 295
5172 4401
2879 2113
5940 6938
1268 1596
6304 7083
374 1042
8243 8860
4823 5024
4300 3948
8498 8952
2919 2106
1842 1329
20 153
5114 5912
9549 9821
5191 4719
9712 9101
5196 4381
6781 6457
4347 3826
1118 2088
18 962
58 46
5599 4691
1660 2635
79 963
7128 6241
4412 4384
2674 2489
5297 5540
8502 8194
5469 5121
7707 7004
8890 8159
8447 9288
2298 1879
8446 7811
9167 8705
1793 2157
6719 6643
49 381
4413 5079
4726 4041
78 851
1742 2369
42 562
7294 6480
36 932
1928 1788
14 416
61 448
83 728
8317 8057
2373 3082
9919 9558
6890 6062
5145 4710
8375 8227
93 283
1807 1775
9432 9597
43 948
9517 9259
3909 4252
6351 7029
5217 5506
6210 5723
6224 5716
9079 8090
4956 5076
18 584
14 678
6791 6783
33 954
7600 8009
8983 9903
3141 4125
8406 8996
7004 7801
35 348
6394 6897
3678 3093
6978 6339
4288 5132
5468 5356
1538 1342
7118 6656
5016 5327
8438 7587
6020 6603
8213 8686
6522 6262
4144 3648
2425 1827
2605 2773
3260 3651
2643 1809
6721 6433
3048 2733
807 1222
109 1072
4638 4837
10275 9518
4117 3917
4397 3807
6498 6199
39 152
6736 6054
6143 6072
5855 5397
2845 2425
8912 8182
4733 4279
4596 5263
8748 8542
5096 5597
7422 7032
6466 5752
2662 2166
5458 4555
6676 7052
3235 2710
71 833
4030 4845
8815 8895
65 393
8467 9237
2747 2819
5696 5968
34 763
2522 1647
7541 8145
8147 8191
4126 3515
5616 5087
5404 5722
6383 5488
8232 8212
2404 1597
7096 6187
28 618
7526 6585
2733 2558
10662 9739
3944 3074
2653 2972
3836 4160
5000 5380
32 26
7173 8075
1218 1833
100 932
5760 5260
36 758
3584 2700
6313 6062
5353 5662
3178 2489
6259 5565
4695 3758
8877 9395
6878 7022
10651 9981
9677 9957
3381 3320
3766 3073
5117 4732
1279 1777
4561 5225
3069 2419
4311 3584
89 507
9395 9151
4368 3962
4110 4237
1805 2314
34 990
5648 5090
4242 3527
9349 9781
2599 2429
5098 5712
2093 1373
2147 1648
7834 7818
3865 4081
9234 8715
8200 9068
8942 8935
53 387
3778 4447
10079 9773
6534 6312
84 244
5644 5518
5415 5973
5843 6328
2632 1772
23 887
3749 4051
10028 9916
6905 6503
5221 5333
6882 7324
7733 8655
1659 2221
5221 4873
7118 7820
8289 8574
6674 7223
2551 2964
1775 1541
9082 8629
85 266
1966 2834
9855 9579
5744 4924
27 316
3844 3320
1143 1152
8151 8088
9978 9435
2768 2021
44 388
3073 3403
2140 2123
9106 9476
54 48
8914 8538
5850 5243
9766 9358
7431 6678
4573 3732
2579 2819
8470 8506
2317 1683
94 52
9431 9502
8706 8425
2993 2160
72 301
5506 5946
6055 5667
218 1088
30 36
2510 2032
5003 4295
9176 9986
3386 2789
8455 9415
5958 6797
6209 6812
12 569
87 867
8281 8762
8130 8905
5968 5817
6445 6130
5190 4597
7711 7755
42 689
3541 3804
7848 8139
5423 6364
74 929
65 237
4881 5612
1107 1755
2033 2411
8175 8289
6592 7181
8106 8464
4953 5263
8251 7972
3977 3111
3496 4065
7966 8197
8055 8654
2932 3803
6373 6153
8989 9169
6465 6606
9996 9202
9837 9494
10 857
7936 7770
10264 9700
4507 4608
7710 7810
8619 8755
8348 7683
3052 3558
6887 6878
5116 4547
6866 7184
2177 2772
5196 4261
6397 6392
47 165
4374 4972
77 829
1256 1032
7122 7149
1987 2028
4159 4415
7766 7911
9227 8354
7272 8040
7551 8222
44 444
1765 1521
5864 6525
8512 8277
6827 6410
6556 6017
9108 9709
5551 6304
6850 6735
7971 8531
75 613
5346 5223
3977 3536
4394 5244
10356 9519
4462 3762
1858 2626
4778 3955
8770 9392
96 22
5519 5703
5443 5928
6397 7074
515 1430
4679 4609
999 1734
8263 8693
7628 8117
5892 5452
3279 2909
9588 9422
10368 9613
6885 6854
2841 2394
4327 4650
9299 9440
1586 1133
6266 6707
1829 2215
6094 5213
2249 2164
33 312
5870 4915
5938 5048
8810 7993
24 840
5102 4632
4522 5493
3393 2936
7708 8130
65 610
9529 9202
8941 8009
9305 9479
7609 6864
3643 2733
6235 6900
9594 9251
9069 9755
1975 2498
8715 8413
99 431
2701 1955
6545 6240
10549 9998
61 741
5133 5057
6545 5637
8711 9310
2872 3159
6142 5730
72 575
2763 1827
7057 7344
92 503
6973 7587
9536 9417
5583 6060
8988 8200
4011 4570
74 828
3839 4419
6569 6241
3107 2913
3604 2928
8024 8928
2541 1737
7453 7800
5925 6043
5949 6689
7533 8071
3092 3739
6232 6238
2446 1961
2577 2128
6288 6131
8288 8143
8100 8866
79 783
4796 5277
1953 1544
5685 4722
34 501
2655 3332
2108 2357
8337 8242
63 963
64 881
7783 8299
1129 1180
2370 2817
8465 9121
804 1748
8952 8744
5088 4428
4473 4453
2581 2696
2894 3674
5062 5241
8308 8662
2959 2738
4623 4413
4814 4362
7309 7788
3777 3624
5484 5635
3891 4564
10693 9937
7820 6989
4849 3875
5853 4990
2244 2407
8299 7955
5495 6449
4942 5697
8463 8610
4052 4849
9116 9961
4001 4400
7256 6497
8524 8943
1825 1384
1180 1409
6025 6616
1661 1909
3279 3060
1120 1873
2725 1810
9417 8451
1664 2544
1509 2024
9432 8848
6835 6360
7422 6801
2273 2157
2977 2700
3885 3318
51 664
1197 1183
2582 1940
7847 8079
53 509
2811 2742
4682 4789
7592 8196
4191 4666
5492 5690
2264 3109
4936 5519
7300 7323
67 52
27 888
2638 3255
2268 1986
2182 1935
6810 6555
89 87
4376 3876
5497 5322
979 1685
9854 9000
7371 8059
1540 1606
7297 8088
2779 3433
3720 3464
3853 3165
8280 8418
7934 8660
1266 1882
9516 8804
3316 4278
5489 5605
4702 5484
2271 2395
10046 9412
91 382
8276 9015
92 447
5476 6162
20 982
2790 2191
9595 9424
4856 4422
1440 2310
7956 8720
5559 5979
7019 6485
1711 2343
8651 8818
6026 6787
1570 1017
4506 3539
9042 8916
2701 2184
6874 5906
9705 9277
1130 1741
2173 2640
7508 8293
3119 2830
2700 1892
3750 3235
4463 5177
6469 6138
69 737
5387 6215
7136 8052
2946 3387
8083 7661
2028 2658
2208 2937
6731 6971
4738 4563
6685 6079
876 1510
4429 4773
86 872
5574 5765
9345 8947
7686 7859
2806 3295
5890 5314
8534 8462
3164 2740
6284 7220
2853 3379
3804 4527
9686 9745
7599 6994
1659 1885
68 710
894 1232
5327 5527
7915 8701
90 815
1824 1678
9749 9314
9782 9339
8182 8436
9824 9730
7010 7584
9913 9282
4878 4768
8484 7506
6436 6958
3611 3917
10676 9759
5622 5671
7975 7754
3139 3417
5353 4599
1916 2707
9268 9640
2878 2787
98 461
75 761
3293 2851
81 144
1597 1626
8348 8137
44 288
4933 4322
9377 8511
10099 9367
4398 5197
8098 7683
4867 4516
2223 1995
3873 2914
2662 3432
8069 8066
934 1069
9745 9533
27 722
5864 5642
1220 1683
7774 7770
3839 2959
5694 4876
4574 4606
8379 7698
5208 5769
7221 6453
2839 2638
10915 9919
3702 3730
7342 7350
7301 8201
6977 6286
3123 3825
4735 5211
2117 2528
8761 9751
8201 8750
3404 2772
1600 1656
7759 8734
4630 4811
5888 5870
9778 9515
5434 4448
28 140
7441 7364
2632 3309
5552 4773
8098 8190
2511 1988
8237 8261
4538 5031
8665 7890
4505 4811
100 445
7365 6909
7096 7289
3005 3931
9335 9117
5940 6075
5333 4936
6070 5116
8015 8546
7899 7318
5042 5165
7020 6774
80 814
3676 3363
2712 2002
4716 4998
798 1324
7889 8854
64 628
7922 8908
9384 8965
10217 9743
8085 9000
4108 3573
7588 7383
522 1241
6118 6293
9599 8879
10165 9455
2073 2295
9437 9422
3746 3033
235 1207
6367 5869
8839 8430
7672 7124
6055 6060
5571 4655
7211 6665
8649 9203
5925 5193
4278 3360
4473 4760
7222 6416
7506 7932
22 171
7284 8015
8978 9886
6164 5920
9296 8887
36 681
1488 1268
2672 2531
38 349
2097 1884
4456 5064
10066 9944
46 581
8368 8785
1741 1471
9897 9336
7250 8102
5771 5290
11 526
9746 9028
8647 9345
2015 2561
6802 5908
58 636
8512 7845
5106 5049
7520 7327
8054 8932
5657 5732
8215 8822
3377 3714
9297 8493
7364 7421
6097 5420
7635 8049
4247 4664
6181 5991
10191 9214
7284 6596
9552 9365
3566 3108
10514 9778
928 1095
5445 5453
2878 2343
1129 1236
9245 9568
3954 3398
8922 8006
5009 4583
3133 2630
5822 6736
2504 3156
10524 9524
9066 8900
9425 9557
2590 3514
5869 4931
4889 4432
10667 9811
9273 9333
5641 6542
2133 1729
5371 5280
8717 9597
5405 5213
3504 3196
8145 8605
3106 4066
4713 4103
8439 8346
3820 3093
1094 1106
65 551
9797 9627
4396 4219
10435 9607
2885 3430
6904 7509
7088 6347
7201 7838
7457 7025
8412 9169
5645 6486
2393 2545
9186 9143
8776 9132
11 610
7394 8105
805 1678
2748 2745
5602 6118
9360 9413
7125 7597
8834 8758
9065 8149
7732 6829
9772 9125
988 1483
4787 4511
2426 2614
6200 6187
7950 8676
7705 8094
1792 1519
2575 1884
7432 8202
7890 7161
4330 4135
1649 1920
4939 5915
9417 8829
8200 7445
2222 3085
5316 5397
5960 5132
7807 7016
4156 5014
3031 2967
8470 9053
5100 5588
2238 2937
9138 9124
2650 2976
4260 4313
8346 7356
5668 5103
7438 8133
3470 3768
5050 4638
9691 9975
4773 4986
3837 3607
2628 1811
368 1085
7743 7941
7623 7400
4532 5398
9000 8419
3575 3909
5445 5456
3397 3182
9157 8959
1936 2098
5462 4936
4625 4352
6167 6049
3555 3670
1250 1756
71 223
5385 5646
7267 6401
15 810
69 26
1808 1182
9883 9886
3073 2286
8712 8905
3055 3304
10178 9226
5904 5785
3255 3847
8205 9080
93 862
7397 8026
7097 6731
4289 3970
7135 7016
6010 6118
8183 7424
4453 4244
6202 5604
5133 5509
5507 5431
5373 5891
6039 6312
9353 9788
2205 2189
5397 5631
97 786
6336 5370
6493 7100
4461 5326
93 252
4601 5241
5240 4566
989 1559
9114 8645
6748 6414
6418 7267
4861 5010
11 381
4039 4108
47 354
15 738
3634 4547
6453 7451
2394 2813
2785 3233
1419 1807
7202 8192
7821 8487
2173 1615
2489 2979
6342 6406
9118 9857
4505 4909
3053 3693
862 1662
8643 8928
715 1175
4052 4407
6160 6911
4067 3305
6932 7586
9778 9524
4454 5200
1911 2069
3836 4036
4984 4996
5766 5786
4636 4426
3949 3984
6683 7575
8330 8039
9442 9709
1482 1373
6404 5982
8578 8100
4545 3818
22 333
2213 1775
3443 4146
4674 4029
7829 6888
6858 7456
4006 4840
944 1317
8815 8739
92 373
4479 4010
755 1236
9936 9526
7306 6966
4698 3835
38 534
8964 9453
7701 7554
6067 6822
10 214
9358 9494
4365 4105
6211 6038
4090 3144
9162 9133
1889 2452
3199 3112
44 497
2146 1782
1175 2173
6584 5781
1679 2491
9353 8650
5139 4139
3833 4008
2436 1961
2690 2937
9674 8913
3132 2871
2398 3212
5928 5573
4019 3705
4497 4759
630 1306
54 614
2159 3119
3705 4671
4715 4590
79 999
3089 3461
4134 3758
8073 8532
8000 7395
32 686
3936 4029
7175 7835
5774 6628
76 110
6186 6937
63 779
7867 7553
7344 8142
8811 8223
8577 8975
9563 9133
7022 7509
4815 4198
2746 3624
2162 2342
6171 6687
8083 8222
8775 8731
7854 7881
6938 7511
8844 8440
5193 5417
2262 2907
6646 5803
3810 4593
8316 9038
75 384
1087 1636
8206 8754
4934 4752
6873 7355
9163 9106
32 64
8593 8648
4853 4613
6368 6432
9529 9867
4906 5281
47 851
6313 6439
5036 4736
9290 9440
1523 1792
2468 3125
3272 3082
3268 2997
2398 1426
8109 7480
4240 3343
4635 5166
4150 4093
9243 9553
3837 3951
561 1416
5611 4624
1803 2117
8559 7895
7284 6440
8951 9174
4967 4550
7842 7383
699 1371
2449 2372
3080 3284
5205 5938
7543 8070
91 521
826 1297
6669 6793
3473 2953
9048 9674
5517 5054
9523 9000
5176 5995
10203 9280
7102 6245
8026 8894
46 998
15 449
3985 4665
2146 2475
5559 4790
9018 9974
8765 8805
7195 6541
6735 6824
4159 4747
5622 5258
2985 2559
6762 7468
2182 1243
44 899
3157 3929
9648 9190
5461 5177
4981 4153
2582 1891
5663 5748
3707 3668
1989 1117
8889 9201
22 225
7745 8738
10586 9644
64 749
597 1172
5531 5114
5050 5900
9845 9173
2672 2827
3221 3546
3476 2627
6444 5972
7419 6655
4538 4035
1665 1805
7702 7667
6402 5925
7005 7394
6103 6583
2717 3100
27 483
65 211
20 74
3603 4474
6572 5960
4358 5090
5348 6287
1973 1463
6599 5670
1569 1949
2911 2621
3315 2962
42 916
7329 7209
8258 7407
9867 9524
1180 1430
9342 9182
2103 2273
9808 9084
4969 4113
9163 8253
6275 6859
3376 2571
3616 3145
4072 3838
7490 6530
3611 4579
2858 2209
4941 5448
4047 3652
98 792
8380 7984
7266 6580
90 776
57 912
8221 8626
75 371
8146 7852
1556 1933
4596 5488
6540 7522
10552 9817
2244 2801
3590 2828
5188 4480
5812 6799
5086 5268
7430 8062
5859 6068
5206 4242
5095 5437
1649 1691
7020 7923
3413 4321
8546 7683
4670 4185
6348 6442
4054 3996
4141 4594
5212 4444
4207 4290
7257 6662
2802 3096
74 800
3535 4218
4090 3776
7513 7235
6173 7159
7620 8186
9470 9432
8138 8647
8314 9109
2147 1511
9805 9735
13 999
9294 9066
7512 6772
7874 7944
3919 4529
1489 2489
6918 6403
5079 4440
5713 5656
3498 3428
9721 8898
5590 6060
6407 6522
1107 1424
2634 2405
32 561
90 738
86 676
969 1733
8452 7474
10234 9748
9411 8846
730 1175
7283 7152
3980 3921
94 322
10360 9739
3035 3938
10790 9960
1467 1197
7341 7637
3225 2489
5291 5796
1700 1625
9342 9284
4416 5103
8858 9408
1403 2382
39 667
6264 6017
6818 6109
7724 7098
1611 2480
55 186
2431 3410
4457 5167
8845 9645
72 123
3891 4380
4825 5185
4539 3922
9667 8850
3078 3533
5323 4539
9494 9013
8238 8892
6859 6809
5321 5034
4322 4640
4661 4437
73 1053
1936 1563
9836 9509
5551 4754
5071 4782
1824 1220
2500 2642
7461 7502
24 382
6991 6705
8031 7232
2328 2469
6832 6544
5509 4723
2298 2437
8104 8794
6469 5891
5049 4083
3428 3485
7603 6604
47 972
5401 5879
9108 9028
5211 4596
1825 1972
6281 5377
1013 1450
1603 2271
8456 9335
1999 1594
2748 2046
6467 6943
7521 6781
9692 9758
4589 5037
3771 2991
4742 5409
5154 4247
8096 8088
28 928
8306 8190
9561 9281
4465 4040
9428 8865
3427 2621
5991 6312
3836 4468
1516 1208
14 367
1225 1918
4968 4091
3818 4126
7440 6648
8611 7776
3115 4026
10575 9913
3456 2631
8340 9293
5701 5567
5057 4916
4740 4523
4501 3727
7452 7841
3978 3966
21 577
742 1223
3016 3680
42 608
887 1523
3641 3502
5332 5937
3975 4267
9998 9781
1237 1325
9086 8449
5441 6336
5032 4460
6555 6758
7292 7117
6536 6526
4018 3638
6063 5806
3556 3502
8541 9371
8039 7129
4430 4955
5392 5297
6719 7077
1427 1526
9592 8680
4249 4450
9763 9939
8922 9773
5713 4838
1562 1528
1698 1959
9327 9673
7125 8019
5834 6120
6774 7191
4242 3928
9176 8829
9435 10000
5484 4749
3108 2763
3567 2749
7137 6798
9124 8290
3698 3614
10059 9069
7600 7759
3602 4071
5777 5317
9266 9414
7579 8274
3249 3013
4387 3884
52 465
7814 6996
9225 9509
1279 1831
2220 2805
8378 8660
6422 5863
2939 2077
6619 7413
5954 5130
3750 3207
6760 7608
8170 8928
6022 5547
2929 2360
61 716
4287 4043
87 834
63 132
8180 8149
7851 7746
67 420
1766 1455
2499 2797
1204 1108
4068 3199
3768 3133
3733 4078
6263 6125
3997 4357
8764 9430
5608 5754
2716 3300
1915 1890
7228 7361
9458 8578
26 740
68 482
4340 5249
6122 5687
4896 5178
5760 5425
2923 2341
7018 7232
6664 6327
9059 9876
3138 3288
9294 9370
6944 7436
9846 9810
67 884
2766 2590
3815 3048
10129 9247
3305 2479
1669 1207
3241 3916
5804 5631
4003 4779
7873 8166
6366 6463
9250 9957
4367 4761
2906 2930
8971 9753
4297 4964
1985 1940
5979 6853
10167 9875
6206 6792
3258 3009
2122 2134
4384 4975
4924 5745
5690 4782
8215 8991
4261 5000
9120 9663
2553 3268
7084 6871
48 71
9837 9672
3688 4316
7931 7954
8012 8327
1249 1886
1856 1829
7682 7772
3746 3901
7437 7241
6939 6018
5371 5447
17 259
7466 6472
3221 3055
6634 5759
86 614
32 521
5948 5914
1446 2378
1536 1410
99 317
3701 2719
1360 2013
10440 9736
1380 1855
4027 3407
2858 2533
8516 8649
6874 7153
7623 7885
4447 3681
5157 4439
3024 2906
8038 8537
46 238
5980 6119
3440 4365
40 49
7574 8435
1133 1458
6911 7522
3079 3091
13 553
7909 6989
6151 5262
3736 4254
74 303
29 815
9078 8171
8880 8520
5825 5776
30 288
3622 2684
6231 6481
2319 3305
10049 9764
3297 2454
3873 3315
4101 5039
6146 6106
3764 4604
1918 2865
8232 7836
6386 7262
5914 5246
3522 2667
98 269
9227 8294
6829 7079
39 535
7308 7021
6732 7481
70 506
65 663
4861 4772
2695 2092
5873 5188
2710 3410
3666 2817
6157 7095
2179 2408
26 389
7451 8163
3055 3362
8210 7494
5862 6246
4486 5430
1721 2400
1670 1965
3255 3959
8956 9718
91 182
4825 3853
4300 5007
3782 2856
4824 4043
1692 2450
7160 6674
8351 9223
5298 5144
6470 6092
5695 5050
2566 2045
10269 9945
5547 4610
3901 3638
10 988
3490 3266
9882 9873
3981 4908
1371 2205
4170 3887
8599 8971
3731 3443
5603 4608
4490 4467
802 1672
9250 8893
15 251
7897 8254
9730 9322
4702 5354
1775 2506
3665 3754
59 180
9329 9688
4662 4993
4111 4918
372 1323
8580 8191
7447 7978
8832 7999
7120 6485
35 284
4352 4778
1730 1362
2093 2427
8324 8321
87 579
5055 5033
2074 2244
10010 9812
92 571
4639 3836
8001 8095
4457 4902
2103 3071
7215 7982
5749 5830
10145 9245
4425 5364
4322 3432
2612 3066
5145 4996
4815 4748
9369 8438
10479 9653
7913 8055
1263 1712
24 293
4205 4711
4955 5196
2662 2868
3918 3793
8708 9215
9403 8542
1796 1768
3344 2573
1942 2802
5048 5362
7079 7098
9768 9202
8266 8746
7337 7774
7736 7407
15 980
9003 8476
8059 7790
7166 7627
938 1338
7338 7652
2141 1628
9769 8873
8564 9072
9261 9010
4302 4065
9182 8193
8968 9404
6596 6571
6051 6433
9091 9333
8291 8952
6798 7383
8876 8432
9064 8819
3827 3429
3055 2743
9729 9556
4872 5499
32 608
4663 4920
3704 4549
35 711
7957 8041
5769 6606
5238 4986
5915 5465
7472 7965
9312 9182
8599 7909
4826 4590
2631 1665
7447 8214
7882 8262
2929 2115
4691 3955
8257 7553
6272 7010
9063 8068
3865 4233
1354 1324
87 527
6879 7613
5413 5360
6457 7106
5977 5888
4010 4698
7523 8098
4287 4103
4048 4845
4726 5150
75 896
8735 8093
9650 9643
7687 8179
3510 3417
9360 8384
5310 6299
6156 5499
10002 9632
2604 3267
3135 4002
3844 3764
8459 7953
7742 7738
1743 1189
9518 9144
6949 6543
7712 7175
4268 3889
8545 8074
6761 7481
6712 7696
3210 2675
8914 8977
3002 3104
10421 9755
10583 9970
10318 9454
6959 6202
6299 5812
4461 4464
5801 5419
4302 4769
4035 3082
7296 7385
7680 6820
8651 7747
6932 7691
7991 7970
7291 6723
7186 7194
68 185
5464 6032
1435 2010
2798 2658
9947 9251
7672 8622
4501 3662
9844 9445
7405 7960
66 448
3626 4018
6328 7071
8477 9314
4881 5616
5167 5000
7576 7592
2494 3059
4337 3495
7555 7843
7850 8404
44 501
1225 1188
7074 7082
8539 9485
8652 9184
7352 7713
10435 9587
9501 9426
3215 3834
3968 3479
470 1083
6215 5590
1016 1209
7077 7475
7892 7027
1960 1465
2989 2745
5270 5773
6316 7235
8238 8711
9428 8854
5434 5412
2694 2300
6927 7186
5892 6319
7396 7004
3610 4284
9588 9767
4973 4366
8188 8455
9613 9445
2313 2331
9223 9621
5658 4704
1326 1137
2341 1509
57 213
5849 5828
2206 2507
64 415
10464 9596
3548 3531
6923 7307
5278 5781
20 535
8807 9726
59 81
1660 1308
7570 7589
4571 4110
3227 3646
7776 7430
5541 5933
5783 5187
4397 4232
1111 1976
8263 9106
8350 8716
7166 6269
8192 7756
10665 9795
5691 6145
9224 9001
3893 4883
741 1658
92 33
2591 1842
8803 8900
8875 9799
6013 5883
4168 4411
8903 8680
5304 5357
5741 6516
6127 5211
1276 1016
8397 9240
8440 8733
3082 3529
2212 2783
4869 4130
8608 9280
6539 7307
9012 9795
2923 2355
840 1304
7811 7016
2070 2301
4089 3197
1462 2212
5174 4532
3081 3865
52 638
7133 6929
10598 9962
6909 7909
29 917
6937 7666
2293 2478
4389 4972
5451 5959
8928 9505
10404 9489
2451 3410
6637 7334
5369 4857
6572 6778
8892 8210
5207 4818
8701 9136
7112 7539
26 630
8394 9082
5478 5131
1900 1503
8452 9267
8443 7521
2677 2579
3218 3641
5162 4807
47 877
565 1367
4256 3562
6472 5720
2797 1874
4129 3525
808 1024
8326 9118
7775 8711
8798 7831
36 366
8599 8368
8426 7519
100 569
4859 5850
2947 2277
68 547
4783 4624
2197 2794
9399 9459
1350 1375
5526 5257
2654 1839
5749 5166
6167 5697
3692 2961
6543 6410
3216 4058
7029 6954
928 1449
5192 5712
5201 4979
6657 7048
3662 4312
4224 3944
5596 4868
7541 7430
3504 3980
1165 1926
8991 8870
70 639
5013 5881
6903 6407
14 664
9661 9839
10668 9709
1005 1125
4369 3758
5724 5600
4176 4395
6555 6446
6062 5405
879 1074
9559 9689
2357 1638
4714 3987
77 201
1412 1196
6933 7252
6104 5929
5746 5279
2031 2339
10767 9877
34 217
1243 2193
7674 7593
9004 8652
7144 6423
24 14
2363 1643
5852 6617
1959 1933
9711 9506
49 914
8210 7578
7699 7137
6471 6012
2354 2119
9458 9314
5790 5252
2442 1971
5455 5403
4475 5403
5874 6086
3850 4058
4057 3390
1505 2156
6863 7260
2580 2622
2494 1841
3865 4386
9392 9242
4775 4783
2661 2435
3063 2756
7138 7913
624 1118
1674 1063
1904 1548
7189 8025
5655 5315
4327 4440
68 690
4999 4831
8847 9517
7800 8155
2174 2867
5960 4998
9515 9437
2202 1901
6535 6211
10026 9354
8552 9282
65 882
4693 3726
6771 5889
5117 4179
2390 1694
90 410
5049 4678
8069 7112
67 792
8395 7605
58 701
16 152
17 290
8392 7541
1931 1215
5065 5322
4536 3577
72 783
7483 7204
5359 5711
8466 8714
1737 1513
79 785
7269 7144
4153 5142
10750 9981
21 760
7185 6891
40 132
7939 7688
2180 1924
8465 8840
51 430
5364 6071
11 803
9070 8884
10404 9406
8437 7903
7688 6764
2991 2301
7084 7035
9610 9721
1837 2199
5925 6411
3997 3285
2545 2705
7103 7283
8896 8163
8434 7710
1302 1341
8096 8057
46 940
5081 4507
9242 8808
7376 7594
2762 3639
10011 9443
5556 5381
5629 5444
6828 7263
7034 6547
59 628
7811 7480
2016 1685
86 541
6317 5926
8510 8402
10341 9701
4946 3992
6519 6595
1173 1854
2985 3464
56 863
2941 2459
7138 7305
6906 6970
7393 7484
87 907
6522 6896
7351 8149
5952 6571
3921 2942
2960 3299
1337 2290
72 769
3916 2977
9070 8729
1228 1528
5829 6187
4858 4460
7420 7019
8239 9235
8948 8961
4740 5338
97 30
3522 2561
6547 6200
27 329
1729 1975
3450 4133
5589 6351
6749 6857
1572 2277
3111 2732
9774 9027
3306 3892
8868 8371
4365 4656
1646 2575
6973 6522
19 74
5614 6121
8734 8136
8257 9136
8578 8272
4796 5413
4359 4621
6671 6562
93 155
9052 8373
3644 4286
7653 6879
4111 4285
1049 1917
7304 7334
9523 8925
4571 3918
9070 9405
4612 4662
8745 8683
6833 6985
5516 5608
4220 4963
7959 8586
2197 1657
3037 2957
7035 6523
3687 3006
5701 6400
7752 7467
8431 8251
612 1095
27 660
6546 6841
10 309
8503 8301
6863 6044
5541 6488
3534 3002
9100 8480
1403 1657
3106 3504
4396 4324
62 555
5872 6715
3503 2595
4453 4034
2765 3765
47 344
7780 6843
9809 9971
8824 9564
2563 1743
4703 3926
7379 7402
6090 6960
2913 2871
3763 4687
1103 1148
6217 5395
9858 9257
794 1705
5941 6264
5779 6214
5023 5269
5653 4692
4267 3614
9305 8499
1797 1989
2115 1833
50 324
3301 4256
2148 2932
31 397
5159 4739
8385 8764
7580 7173
1720 2476
9057 9513
9676 8906
3324 3161
8487 8581
432 1286
20 654
10066 9850
6999 6082
1522 1996
5020 5029
5239 6147
9557 8661
9206 9836
8517 9512
8882 8508
2980 2267
9743 9351
2953 2719
7367 6786
6744 7709
8323 7536
9846 9300
58 467
15 861
24 958
2081 2716
13 792
9542 9000
4077 4663
40 849
6258 6062
6443 6001
8580 9421
1884 2838
3991 3151
1341 1337
9141 8712
1543 1925
7547 6835
10196 9399
4115 4809
9600 9494
3224 4191
28 289
5168 4833
4719 5603
1588 2094
9573 9207
1495 1522
7607 8264
94 401
12 744
6020 5344
8152 8527
7587 6903
4655 4246
9623 8793
87 448
9352 9676
8354 8153
8588 9223
1634 1518
2243 2634
88 989
3764 3502
9830 9224
9925 9094
7168 7892
3387 2643
53 97
6780 6359
5889 5789
5798 6309
3793 4502
4250 4499
6365 6439
3328 3425
9221 9149
480 1145
2903 2049
6062 7002
8662 7898
81 47
99 162
3782 3774
7717 8096
4402 4364
86 707
72 62
3157 3732
5701 5275
5187 5348
8452 8439
5611 6192
5343 4846
4776 5273
4977 5847
3646 4422
3882 4639
1819 2118
2682 2287
4683 4989
4142 3908
8676 9110
9830 9815
2806 1849
3172 2837
4927 4482
7773 7218
3907 4640
7035 6097
41 770
1783 2199
28 334
5560 6033
6772 6817
3609 2969
6437 6253
9789 9095
5445 4520
46 837
9006 8242
2097 1704
2671 1748
3593 4040
9568 9544
6865 6458
9104 8439
9139 8709
5485 5863
5808 5620
7757 7845
4898 5162
6762 6887
4416 3635
1423 2059
4591 3873
6771 6608
72 783
3081 3818
5842 6108
2226 2313
2293 1465
7222 7124
3532 3779
5783 6672
2852 2341
9619 9059
4461 5041
1869 1725
29 320
5997 5994
6415 6942
4090 4041
9057 10000
5123 6058
3003 2526
7260 6906
6915 7774
5287 4796
6931 6034
1661 2489
5866 6785
8716 8299
4326 4948
8136 8427
8130 9012
3908 3600
3289 2839
60 629
8457 9437
1036 1493
6381 5920
319 1182
4304 3371
5635 6263
7177 6721
8475 9134
5596 4714
7960 8044
6420 5896
3431 4333
1403 1035
2699 1812
7969 7438
3654 4303
406 1145
7158 6900
3896 3629
8823 9758
7052 7677
54 514
1356 2081
5147 5889
1181 1822
5732 5939
5722 5812
2467 2739
8101 7927
7622 7209
9798 8957
5372 4634
43 921
7304 7900
9412 9335
3887 3670
7790 7017
1705 1724
28 536
2508 2416
4261 5229
4432 5139
2407 3063
6466 6345
8110 7624
5570 6302
5304 5687
2288 1366
8438 7877
4301 3533
4531 4543
1142 1345
4311 4966
42 513
7224 7635
4208 4611
4009 4266
1960 1221
4903 5042
6717 5982
10822 9886
6895 7334
5213 5058
9778 9647
1642 1324
2621 3482
9148 9037
36 297
9013 8770
3544 3517
2472 1950
61 480
7484 7376
3572 4369
3026 3152
7696 7959
8485 7922
5103 5180
772 1222
9497 9498
4193 4738
5896 6213
710 1551
3746 4414
6454 6088
8692 8368
7558 7119
6338 5917
1697 2561
553 1399
8024 8839
10196 9624
7338 6657
10227 9255
8422 8679
5885 5358
2807 2046
5494 5706
7619 6772
14 883
9416 9406
4713 5237
7265 7563
9178 9839
8223 8631
5549 5155
7405 8019
7666 6846
8402 8471
3278 2447
4542 4626
6121 5705
4688 4510
9261 9821
5584 5614
10655 9867
6866 6568
4461 3566
6032 6141
7170 6603
67 622
2467 2144
1571 2009
8443 8198
9578 9359
9060 9610
6333 6786
27 628
4458 4370
9117 9109
5673 5406
81 440
3071 2217
2323 2132
6355 6107
7545 7399
9051 8104
9994 9713
1245 1820
9747 9647
44 201
1653 2529
7226 6803
3377 2862
3601 4288
5957 6657
3582 3742
73 579
3982 4427
79 227
4113 3146
10432 9789
7641 8055
9840 8900
5070 5634
3811 3070
3626 3051
915 1877
1859 1258
3362 3800
3960 3260
5369 4523
10052 9955
9791 8974
2912 2126
10596 9607
6142 6057
4474 3672
3183 3225
4446 4175
3781 3038
7009 6758
5974 6383
19 895
8852 9010
1428 2177
6438 6199
7109 7971
5298 4661
6838 7781
7692 7350
61 219
3026 3569
1855 1542
81 598
4375 4449
7432 6461
8303 7891
9388 9145
10507 9716
4532 3619
55 73
10147 9389
2198 2159
39 824
6615 7254
7397 8128
5490 5204
4420 3813
5350 4874
6758 6238
1909 1865
3553 3009
8035 8633
2883 3179
5689 6302
8654 7918
2394 2318
8584 9267
97 507
5451 4505
538 1296
41 251
4584 5176
5811 6368
10387 9428
6090 6020
9738 9618
6244 5948
6761 6308
1362 1995
4572 4830
85 296
5600 6106
2282 1538
6359 5843
6293 6336
9171 9271
17 560
460 1412
1961 1454
1380 1424
5698 5103
888 1754
3942 4426
7422 7990
6959 7150
6889 7498
8555 9497
32 46
6175 6887
3260 2409
2274 2025
10610 9871
6454 6934
9645 8866
4749 3766
6791 7722
3217 3973
5663 4710
3760 3222
6423 6674
8472 7602
1836 1086
47 830
3051 2885
5078 5439
52 107
6352 6252
8600 7669
10492 9703
8251 8971
2264 2693
5649 5538
9368 8591
5728 6159
7731 7353
4542 4898
79 1007
7420 7069
9050 9461
5137 4798
5251 4426
9348 8881
7229 7844
9270 9253
9285 8827
9330 8795
6120 5360
2648 3632
9170 9565
8484 7622
6863 7399
1212 1785
6131 6050
9456 8939
5892 6475
2486 1631
5146 5952
4238 4588
2699 3696
7107 6363
6362 6515
3418 2469
377 1165
54 278
26 138
6045 5412
1993 2856
8965 8039
4087 3786
5991 6412
7949 7175
6126 5162
8096 9011
2392 1666
8627 9466
2983 3312
9004 9652
4581 4582
8480 9049
3645 3734
5913 6440
6400 6412
46 732
3579 3776
4830 4622
9345 8947
5992 5831
6477 7208
93 278
9120 9728
8198 8733
5398 6157
8430 7499
3400 3645
6104 5378
4110 3179
3858 3076
11 903
2725 3301
7388 6966
9789 9154
1515 1120
7575 7077
8796 8275
8899 9343
2114 1364
3094 2859
4008 4133
1511 1435
1469 1431
4993 4977
22 62
1903 2255
6653 7041
3227 3527
9040 8640
8214 8037
5962 5897
6886 6165
54 175
7103 7707
1645 2232
5020 4611
7658 7121
1566 2329
8581 8507
97 347
4601 5346
7860 7562
3494 3500
7657 7548
7242 8185
1807 1530
1718 1038
2669 3488
7423 6476
32 279
7912 7942
4688 5386
8594 7629
6471 5666
9926 9618
8184 8639
10281 9406
3790 3375
40 596
10451 9501
957 1608
2541 3494
7211 7653
3467 4371
8534 7562
4896 4059
42 856
7389 7461
3121 2429
8945 9287
10316 9962
10712 9790
3113 2124
6000 6450
7128 6730
3790 4537
7250 7745
9539 8610
80 528
68 698
1958 2330
3445 2616
9360 9941
23 50
8304 9063
6958 6138
5996 5838
3323 2868
4614 4939
5358 5617
85 894
1640 1610
7214 6733
7509 7652
8853 8515
9049 9532
8177 8650
92 319
3610 3866
4117 4081
5090 4661
87 962
10344 9716
7482 7681
7546 8338
8757 9556
58 553
3539 3007
6525 5865
4034 4752
6364 5820
962 1749
2793 2553
80 980
6359 6311
85 275
3038 4021
9349 8419
4513 5185
9450 8994
8413 7892
1485 1283
52 701
6192 5275
6354 5462
4699 4944
8653 9014
9764 9838
6791 7210
41 819
8317 8278
7050 6405
4972 5861
8633 8817
24 51
82 724
7939 7831
3488 3275
3371 2793
2825 1922
912 1474
8712 8036
56 800
5087 5185
96 895
4507 5188
6450 7138
10755 9912
3651 3038
8493 8751
9130 9265
1850 1028
2660 3118
6279 6781
3277 3333
1904 1562
4988 5837
1094 1060
5861 5122
4493 4618
4001 4866
3035 3075
6728 6939
3550 3614
5292 5219
5798 5679
8863 9098
2711 3519
3438 2638
3783 2795
4304 5157
1526 2211
1505 1981
7765 7907
40 760
9916 9613
8056 8723
4840 5520
10240 9660
6258 5280
75 118
8702 8056
62 909
9654 8815
4339 3634
7969 7023
6487 6476
6592 7325
1804 2313
9786 9885
5528 5374
9228 8774
7908 7701
7883 8383
7364 6374
7473 7124
5210 5770
6592 7381
2073 1181
510 1164
9627 8930
64 579
4349 3716
5675 4840
683 1299
3896 4777
3140 3450
9233 8710
7577 7106
9706 8793
2126 1621
7522 6750
7767 7044
8813 8916
5382 6223
3029 3624
1313 1770
2875 2326
4033 4379
6437 5896
8493 8392
16 313
1212 1043
2593 2638
7827 7986
2695 2901
8881 9685
59 972
75 482
2180 2473
6302 6656
4466 4448
6970 7186
4709 4544
9748 9715
1068 2053
7493 7405
10356 9412
8085 7190
8767 9403
10806 9913
9808 9522
914 1442
4090 4801
1866 1287
3293 3286
4193 4561
9210 8676
7206 6889
9089 9613
8326 8807
6176 6665
2351 2446
1714 1066
8168 7538
78 72
9066 8818
4011 4467
5314 4589
1527 2508
9728 9999
9649 9622
10214 9670
1181 1388
2601 2345
7138 7087
9527 9663
24 301
5291 4550
10154 9680
8068 8292
5080 5469
48 213
7352 7898
535 1122
972 1193
5762 6066
4141 4166
4224 4427
705 1294
7968 7596
7658 8071
3233 2361
3476 3416
6563 7420
100 268
86 193
9538 8776
3675 2970
7084 7130
4246 3898
49 346
2864 2342
9152 9884
956 1873
658 1216
8531 8711
3014 2069
15 829
8868 9841
2014 2996
6985 6886
909 1492
8035 7083
65 568
1469 2441
2574 3547
2440 2062
3068 2716
5767 5001
23 361
4096 4741
7180 6943
9965 9342
4594 4516
1636 2391
985 1167
7250 7232
1400 1080
9947 9412
7539 6700
2278 2549
9589 9321
7624 8286
1436 2296
5856 5148
5584 4688
82 384
4757 5256
8567 8496
8809 8297
2438 2069
1113 1368
879 1292
1388 2077
346 1188
57 188
415 1034
5485 5726
7630 8112
4171 3402
27 868
7050 6914
2700 1834
41 667
1131 2036
5267 4554
3989 3540
6882 6353
3753 2884
9446 8667
7481 8201
5175 5878
7944 8330
8863 8351
7729 6893
3948 3271
4786 4810
6339 5445
4956 5349
3708 2873
5870 5610
815 1778
89 961
7532 7944
3151 3406
7799 7777
6563 7044
8504 7540
11 126
8096 8895
4412 4020
5251 6038
2774 2121
9420 8512
5826 5150
4585 4637
2150 1185
1385 1759
741 1479
1674 2550
66 740
29 68
4855 4880
5996 5967
7672 7619
7582 7922
2972 2648
2754 2030
2691 2738
8274 7375
10058 9288
3861 3192
9276 8890
4186 3645
8091 8442
2343 2986
4490 3810
3742 3137
7991 8061
6973 7825
1815 1098
5278 5434
6663 6293
1974 2962
2004 1106
3479 3204
1582 2424
3956 3906
5730 5649
7957 8560
260 1233
37 151
4138 3477
8889 8767
8709 8769
3892 4424
8284 7692
1337 1744
5387 5613
9084 8146
8431 8725
4933 5717
3367 3397
8492 9028
5416 6291
6277 6946
9152 9212
4555 5072
7330 7816
8380 7738
6614 6154
6932 6670
3469 3963
9891 9978
3508 4008
8071 7517
3992 4096
8463 8243
5997 6756
7138 6813
7678 7923
75 632
6128 5212
1786 1456
6595 6935
2015 1951
7611 8449
5775 5008
1512 2237
7954 7240
5479 5364
7145 8043
4387 5172
9846 9185
3829 3558
8226 8616
10606 9788
2889 2599
3491 4305
4859 4478
6764 5975
1546 1554
7463 8234
8801 8073
6768 7745
3572 3171
1786 1372
24 153
5310 4313
1539 2172
7637 7326
3125 3568
7114 6976
7037 6621
1390 1176
8786 8902
68 42
7292 7482
7573 8485
9007 8671
841 1650
4284 5266
1461 1721
2588 2984
4894 4637
5270 4653
4275 3908
3057 3517
8329 8694
9055 9878
9667 9017
10334 9792
9576 8737
5745 6531
10049 9710
1032 1396
7512 6919
2294 2684
5052 5776
4666 4413
8359 7581
9072 9428
75 602
6872 6814
5222 4597
3073 3295
2777 2372
8553 8025
8816 8514
6374 5958
4246 3715
1551 2120
8113 8455
7698 6826
10379 9434
5589 5829
9276 8739
5888 5190
14 742
6669 6352
4234 5067
6914 6416
2717 2895
655 1244
6169 6587
9232 9859
7583 8456
1515 2342
13 958
7618 7770
3419 2860
3167 3306
1420 1683
7330 7775
2683 2538
9737 9177
3618 3811
8271 8503
2439 2082
8970 9508
47 850
8908 8473
7508 8225
91 449
9122 8425
2137 1948
82 340
9488 8677
10698 9984
1531 1236
6095 5267
8772 9053
1169 1266
2937 3430
91 758
6833 7159
1169 2056
5627 5231
8601 8643
5917 5709
6177 6094
3103 2964
6091 5515
5791 5220
6967 7101
7101 6795
3299 3708
4069 4512
3988 3405
3323 2766
67 286
8493 7587
8402 7823
4223 3982
2667 2041
1627 1799
5751 5913
2362 1899
1097 1042
7868 7160
55 690
2084 3021
1561 1540
3509 2524
5231 5711
7399 7963
8428 9368
7772 8304
8751 7775
9684 9488
7851 8319
7867 8459
11 126
2961 2490
9710 9119
5603 5150
6193 5426
5582 6136
1916 1174
2371 2106
7594 6614
1763 1140
5363 5812
6814 6436
46 410
6891 7420
2566 2941
5702 5662
2607 3310
5649 5388
5776 4931
6377 5684
28 135
3442 2515
3156 3746
5827 6596
617 1454
3047 2173
1415 1251
6190 5436
4407 5379
6450 5827
2858 3011
9450 9518
3737 3599
6415 7405
4614 4161
3939 3516
2092 2757
2778 2427
2616 2585
2644 3602
1428 1657
7271 6667
5096 5740
3148 3465
1981 1912
3219 3010
7733 7522
49 980
5880 4941
6145 6091
34 104
9784 9938
3852 4370
13 86
7116 6277
875 1536
3807 4123
4535 3838
6167 6963
8424 9155
8634 7818
7571 7486
7585 8453
1515 2087
3722 3317
8010 8779
9617 8971
1684 2519
2081 1908
5283 5978
7173 7915
4400 5272
4745 5457
395 1292
2781 2429
5127 5920
8893 9608
5475 5023
3820 3688
9415 9283
2052 2669
6925 6492
7200 7858
4762 4457
4443 4408
2232 2762
52 385
6931 7016
6286 7269
6791 6636
38 365
6891 6778
9672 9459
6452 7164
2248 1524
22 605
3452 4111
94 219
7289 7098
7622 7911
2506 2278
6072 6879
9640 9127
3345 3777
6202 5346
6119 6395
2495 2577
93 253
4528 4452
4349 4868
2214 2552
8205 7945
2847 2699
1502 1843
5207 4221
7245 7211
3687 4545
3076 3743
9289 8572
6066 6160
9996 9464
3170 3880
6930 6662
3557 2987
9544 9380
5887 5694
10178 9798
4995 4067
6291 6633
5564 5692
6469 6375
5626 5915
538 1503
8580 8957
5769 6093
3027 3058
5325 5657
5085 5494
9063 9450
3478 2574
6451 6061
3546 4033
6471 7322
2447 2598
6308 6934
6581 6221
6001 5764
78 201
6075 6386
3825 3363
7484 7116
2076 1501
5980 5516
2249 1433
5373 6184
3881 3283
6671 6802
2213 2720
5628 5506
7242 7927
7208 6614
86 414
34 811
6958 7086
9099 9683
8051 7598
6863 6099
9019 8646
8919 9842
2361 2498
5847 5350
8390 8022
5127 5705
4966 5918
37 725
1700 2042
43 182
58 978
9726 9650
1267 1024
9831 9304
7179 7643
2849 2305
4839 4881
40 991
6574 7411
4368 4151
7840 8702
2589 3349
4447 4440
2388 2253
1774 2767
8943 9059
3705 3307
4112 3330
5453 5318
100 745
2425 3311
4491 3732
5778 6558
3851 2906
5531 4997
6199 5594
9694 9816
7337 6494
7635 6677
5129 5926
8165 8518
37 566
99 909
2643 3151
3327 4069
3575 4070
6629 6050
8449 9227
19 901
534 1363
3346 4065
8945 9091
7003 7095
9732 9740
6264 6532
5796 5494
4195 4806
5574 5482
6265 5632
7639 6947
7870 7664
5319 5062
5666 6208
6600 7051
7822 8662
8832 8909
8612 9208
2991 3525
5958 5619
9170 9655
8135 8318
2113 2549
9809 9057
6597 5951
9448 8535
5511 5126
6626 6613
6172 6618
8354 8563
4338 4903
3128 4073
3340 2407
5203 5825
8388 7672
2371 1524
8532 8861
4392 4822
9534 8918
2543 2129
3362 4238
8652 8001
4480 3935
3651 3855
9652 9817
7848 8010
8847 7897
1596 1757
8590 7884
6373 5546
6119 6267
6787 6229
7380 8195
1586 1988
4660 4080
5607 5749
2084 2174
9449 9836
7535 7061
8539 9046
44 94
3652 3394
9220 9679
3430 3295
5606 5623
3474 3127
7167 7129
5900 6506
85 16
2227 2012
48 679
8791 8367
5710 4765
6214 7128
4079 5071
9236 9288
1525 1967
16 323
1273 1112
8577 8607
7221 6439
5412 5131
2097 1381
8649 7709
8965 9581
86 154
2732 2599
992 1472
1677 2364
6278 5885
9457 9459
4657 4474
6794 6635
961 1066
4663 4593
1528 2080
3228 3382
3979 3390
5788 5757
5462 5472
20 123
9837 9626
8503 9389
8485 8210
9237 9714
8009 8719
6664 6712
22 614
3259 3605
4158 3345
10678 9902
3917 4552
7870 7681
5660 5521
78 753
100 294
6892 6018
37 28
31 302
7250 6818
678 1162
71 475
3236 3765
1791 2511
7341 6584
6222 6532
4846 5521
9522 9703
6303 5650
6162 7098
2929 3871
7522 7912
3049 2063
6032 6155
4934 4733
1689 1288
7185 6859
438 1189
10712 9951
2011 2836
4358 4066
5644 6372
30 439
6351 6352
4911 5647
3442 3040
4017 3817
2109 2757
10177 9495
2571 2793
5302 5615
8011 8531
98 752
22 401
1933 1338
7453 6819
3048 3943
9524 8693
4072 4752
69 591
8196 7869
75 428
3895 3103
6954 7385
10448 9941
8069 7725
6456 7445
10588 9651
4420 4886
3786 3236
9105 9003
9847 9255
8813 8873
4249 4300
3228 2572
8278 8093
7859 7372
4281 3438
2695 2122
1583 2213
5520 5990
3127 3717
16 1001
52 616
3823 3544
1060 1445
1457 2285
8681 7689
3477 4343
1833 2743
3796 3548
6760 6105
10568 9761
3680 3013
7631 8062
4055 4482
8389 9120
4425 4355
8478 8066
9217 8585
19 293
5852 5033
4982 4282
4706 4425
6358 5963
9733 9003
9585 9379
7258 7968
3573 3527
6821 6563
799 1534
6438 7391
1126 1350
3575 3726
2202 2750
8275 7970
7971 7104
3975 3462
5041 4861
27 863
8828 8560
4636 4744
1537 1209
3261 4185
4519 3648
4426 4945
55 385
43 888
8075 7100
45 368
54 1003
4341 3885
6850 7667
4913 4657
7270 7149
7194 7408
9251 9249
10 887
69 262
8883 9061
9286 9989
7159 7029
4692 4927
8049 8031
4834 4972
3942 3654
8298 9109
6738 6651
2953 3758
9756 8924
4508 4011
5991 6410
7363 6386
7345 7187
9387 9487
720 1257
5600 5754
6887 7613
19 895
5488 5842
54 382
3757 3793
1751 1029
1151 1192
7973 7195
5289 4581
678 1020
5373 5139
4423 5234
2694 3504
1300 1102
10046 9196
7380 7379
7565 6681
2423 2248
5369 5227
4463 4826
7849 8092
2830 2509
4397 3644
18 274
6282 5565
5993 6489
8994 9581
10138 9543
6345 5927
2125 2722
3695 3970
4941 5172
1988 1275
3885 3753
5020 5678
5592 6071
61 893
5246 5602
7545 8281
3030 2367
4450 4381
10171 9344
1307 1582
3729 3251
3098 3840
8533 9256
7028 6701
3139 2927
7795 6976
6968 7554
8890 8043
8588 7744
1311 1070
17 406
6025 5944
3209 3531
8853 9716
2158 1173
7457 8262
8361 7738
6497 6142
2116 1470
6732 7143
3388 4136
16 750
10397 9658
4454 5244
5298 6135
10433 9988
8162 7547
4916 4434
4873 5765
9983 9760
6883 7428
1051 1777
2008 2799
8928 9156
8196 8826
1455 1248
5049 4530
58 180
8237 8413
66 997
7078 7907
6543 7422
2594 3233
2770 2313
4078 4497
8922 8569
6760 7668
1551 2299
9247 8466
8099 7525
62 350
1558 2445
5091 5061
5030 4196
3898 4036
2040 2837
89 795
6247 5273
4024 3838
1076 1901
7377 7964
7945 8082
4079 4406
6987 7870
1002 1694
1616 1563
8706 7952
6950 7500
7709 7260
3900 4732
9132 9838
5608 5128
5943 5064
4743 3973
8177 7368
6439 7018
7162 7557
2610 1689
6166 5181
7072 7035
7365 8251
3477 2956
88 1003
3357 3858
10017 9233
1987 2173
7991 7181
4744 4963
3617 2727
5121 4755
3658 3818
6836 6673
2113 1248
5922 6240
6458 6347
85 368
286 1012
3549 4116
73 852
2469 2178
5348 5214
3064 3907
1079 1506
5902 6315
6442 6066
4028 4246
7874 8648
2859 3240
6954 7496
9186 9481
7803 8696
7593 7117
8033 7034
8788 8385
8848 9708
6003 5462
6154 6018
6991 7443
8743 9692
7643 7113
76 440
1854 2793
9405 8458
7740 7199
8383 7541
3018 3405
55 784
5260 4515
7214 7864
4462 4242
4896 4605
8028 7547
5984 6632
2544 2139
6081 6425
74 240
2627 3226
7499 8446
4239 4326
1739 1386
8799 8938
614 1600
9440 8661
2913 3000
1174 1684
9106 8489
4295 3944
2269 2142
3782 2811
74 680
2003 2317
45 242
7376 6644
4915 4477
4751 4757
39 169
7314 6905
9206 8852
4210 4339
9854 9894
5178 5974
64 479
4916 4352
5189 5554
4436 4001
5388 5748
59 848
5984 6093
5373 5004
9552 9361
8760 8467
1480 1975
65 906
9586 8803
8412 8964
8656 8874
6463 6090
4649 4807
9173 9996
591 1154
4959 4068
3230 2395
4649 5319
1840 1668
7053 7126
10402 9820
4994 4854
8743 9553
3578 3868
9991 10000
4597 4606
2817 3552
4060 3539
7491 7404
4460 3874
74 320
7669 8143
6476 5514
3700 4486
6420 6423
87 464
2423 2484
5494 6309
6958 6814
6666 7365
33 682
912 1100
1008 1481
6801 5908
5235 5988
3313 4228
1102 2099
7221 7944
5154 5448
45 650
8423 8326
8251 8665
5585 5884
2719 2709
5868 5836
1540 2114
4948 5350
7083 7395
9795 9521
8412 7714
70 194
6025 6518
8869 8112
2993 3650
1284 1471
9356 9431
3508 4044
6227 6244
10104 9147
10273 9943
1739 1189
17 611
3872 3228
4654 4343
7667 8559
6340 5510
4905 5499
9179 8993
4481 4420
1607 1943
7430 7108
7364 7689
4488 4798
55 654
4959 4964
4011 4331
4992 5010
3193 4046
7513 7338
4003 4164
3807 4232
1809 1927
1437 2273
4466 4427
2715 2034
2135 1233
8612 8322
3590 4015
6760 7596
2406 2334
8501 7565
6039 6995
2599 2620
1540 1970
721 1446
6765 6714
4456 5324
4259 4266
8894 9002
8861 9752
9552 9648
9389 8576
85 290
6912 7818
9211 9462
1492 2331
8578 8162
1747 1378
3372 2438
2707 3392
96 303
8685 9530
3555 3561
18 302
98 339
9156 9777
6589 7449
4355 5180
9653 9428
61 758
4955 4268
2323 1913
5360 5926
3153 3428
35 825
5215 5481
5584 5293
7177 7793
3862 3082
3136 3191
4616 3656
5006 5250
4630 5317
1836 2663
4700 5278
7322 6533
9419 9932
4561 4161
3899 3824
5473 5509
7335 6738
4332 4486
6727 6004
4316 4921
2183 1656
98 477
10051 9602
8706 8413
5646 5318
8344 7943
1710 1193
7172 6179
4191 4341
10716 9996
7730 8137
3086 2150
3753 2805
34 107
88 899
2825 3632
4363 3521
2649 1817
8374 8049
675 1397
4924 4980
3544 3264
1145 1821
6719 6174
84 629
1747 1044
5631 6111
2380 2185
1169 1221
6406 6206
8146 8018
33 294
4961 5433
2541 2013
6778 6591
2498 3218
2872 3202
5778 5525
8930 8758
7680 6906
3483 3579
6144 6070
7505 7460
5804 6276
2633 3258
10345 9513
5142 5688
6680 6890
7258 6936
2610 3131
89 638
1812 1654
21 145
9395 9402
75 459
8833 9570
9065 9490
6905 6637
48 730
4898 4363
11 936
5913 6516
3239 2721
3751 4552
5972 6813
3142 2878
5006 4462
5260 5137
7051 7429
3665 3427
7978 7353
9888 9432
1611 1417
9959 9658
68 209
5276 5926
9592 9509
8183 8435
2973 3353
37 704
1580 2199
5363 5074
9678 9707
5143 5775
7602 6812
7724 7952
1080 1535
6846 7344
26 624
92 746
9594 9588
4364 4377
4878 3964
95 329
7751 8410
5333 4705
6329 6585
5436 5661
3035 3123
47 535
8901 8059
3084 2749
6853 6781
5198 6181
6968 7654
8142 7784
4666 5159
1596 1605
6732 7466
456 1275
8642 7947
5333 5831
2887 2652
7935 7166
78 977
6807 6030
2263 1579
5327 6050
1563 1091
6704 6520
4256 3687
5778 4807
9592 8739
9482 9743
7543 6562
79 20
2992 2943
7316 8051
4507 5260
9986 9142
5936 5782
8488 7543
1233 1202
5504 5752
2657 2067
6917 6787
4849 5645
4194 5030
6294 5921
7373 6481
4502 3784
2139 1830
7839 7174
5367 4576
15 336
8658 8969
8820 8629
3656 3957
7461 8382
6910 7742
2925 2911
1990 1041
3377 4322
8604 7857
7385 6503
1356 1789
4424 4687
5292 4866
8932 8051
7849 7257
3372 2951
6385 6532
6718 7432
4729 4218
2497 1815
7479 6809
2376 2802
8724 8405
6073 6834
8470 8362
2612 1904
85 503
5529 6393
3268 2792
8375 8440
8016 8094
7681 8246
7279 6936
7023 7000
2672 2338
5973 5849
13 96
7599 6631
1206 2057
2452 1555
8332 8237
3144 4129
8341 8693
16 388
9251 9260
2992 3787
5827 6405
2022 2350
2918 3369
9083 8746
7072 6625
7178 7851
9338 9241
1146 1659
2244 1650
2877 1984
3356 3304
3953 4892
7554 8351
1425 1681
2382 2605
775 1054
6834 6817
10254 9949
6143 6038
3822 4742
6767 7300
3124 3050
5934 5595
2933 2713
5599 5563
1683 1148
5376 5749
48 542
3190 4184
5868 6588
9470 9719
9889 9149
9351 8492
100 525
1555 1883
9615 9625
1096 1720
7971 7235
10101 9970
3606 4185
5700 5356
8942 9089
2669 1729
1293 1984
37 557
9898 9980
8681 9444
1347 1083
8570 7979
7425 6455
2523 3348
8109 8795
75 219
6248 6616
6091 6520
8558 9251
5222 5649
6761 7245
67 817
4819 4663
3987 3350
7932 8141
1494 1422
5133 5879
6867 6237
5216 5197
5767 5053
3011 3737
3566 2821
5322 6136
2187 2727
8260 8831
2856 3191
4247 3631
7774 7359
4733 5665
2077 2480
3836 4052
7717 6790
24 873
2329 3178
9798 9190
4699 4788
1686 2355
3110 3090
3180 3673
3656 4524
8541 7770
9051 8194
3700 3767
7675 7791
79 108
4360 4711
7863 7792
6731 6282
84 551
8668 8262
8313 7572
2891 3860
5340 5391
4415 3828
2338 2239
4709 3915
3386 2481
2162 2310
4434 5103
63 208
4733 4611
925 1601
2014 1425
7673 8555
88 561
55 328
2585 2895
2493 2924
2390 1722
5062 5602
2120 2277
6095 5743
5434 5183
5286 5973
3290 2832
7356 7014
1415 1195
8636 9315
4487 4731
3082 2122
10230 9505
2650 3568
8260 8582
4807 4397
3173 3892
9814 9259
5469 5811
4213 3951
5542 6133
5914 5520
3130 3870
5027 5264
3896 4175
5306 6270
6325 7168
1185 1552
3838 3247
10918 9992
6666 6190
5995 6078
3873 3209
4849 4504
2133 2257
4373 5314
8939 8779
1874 1602
8272 7551
7753 8742
71 890
2946 3239
8494 9436
8572 7768
52 33
54 668
5545 4984
8087 7980
10612 9898
4939 4623
7329 7123
6742 6113
8726 9292
6205 5245
4365 3684
92 429
52 589
7079 6791
4867 4316
9761 8874
9227 9735
7384 7610
5276 5591
3946 4437
7703 6748
2717 1942
2780 2159
7385 6581
7434 8124
2402 2451
6130 7105
7944 7137
7036 7728
2008 1470
6796 7554
9686 9296
8698 9632
6465 6486
3806 3630
7113 7040
61 848
8789 8481
3087 3239
5888 5245
711 1678
3001 2833
3719 3649
19 707
3269 3624
3203 2882
3125 3518
5027 4195
3430 2749
2000 2608
5630 5538
3050 3609
8830 8673
3411 3079
3576 3487
7189 7630
8548 8935
6437 5474
2510 2754
71 300
9485 9058
5286 5646
6409 5581
34 793
76 882
3346 3671
1559 2065
7835 7031
5187 5470
4647 3995
3225 3731
7303 6641
8529 8768
7370 6821
10370 9637
2924 2570
4241 3836
5088 4428
2332 1658
8855 8228
7497 7644
8426 8171
59 58
7467 7054
5574 4856
10786 9971
6279 7082
5855 5881
39 526
8807 8172
507 1460
58 767
3524 3600
7176 6675
6866 7103
7722 7431
4836 4349
9843 9223
5725 4956
4801 5014
7326 7817
87 191
89 886
1302 2114
74 72
7786 6946
28 644
9900 9395
2318 2410
70 841
3834 3412
5055 5428
3560 3780
6751 6894
5306 5790
2827 1893
3527 3930
6387 5802
4976 4788
4509 3740
4459 4724
33 145
5883 5996
3874 4379
8596 8779
8142 8919
8515 9365
3212 2255
2456 3293
7129 6131
74 979
9473 9394
42 833
9038 9937
9431 9309
47 876
6922 6580
3569 2935
8030 7963
6597 6210
6077 5726
66 709
2823 2073
8243 7542
4902 4821
4001 4907
6324 5775
100 827
2107 1793
1580 1863
6677 6373
2798 2768
76 442
5170 5726
83 703
9393 8953
3457 3213
8052 8361
6734 7416
5749 5598
4781 4922
70 849
7449 6868
5892 5753
4460 3506
8202 8990
2308 2074
854 1755
5940 5481
4428 4540
8761 9407
5296 4817
30 442
5327 6176
6721 6381
2169 2755
1877 2468
8539 8924
6900 6389
2941 2236
5820 6661
6797 7717
5186 4187
2721 3651
6648 6997
14 112
2696 3132
8865 9365
8104 8338
35 253
1616 1874
2019 1145
9477 9764
8227 7464
7164 6564
8855 9090
6692 7405
6264 7251
1849 2720
2664 1783
2100 2990
3355 2548
7062 7166
10686 9763
1470 1446
29 117
7005 7769
2657 2459
3556 2686
8238 8168
46 745
6552 6392
2940 2379
7472 6564
9960 9146
8801 8357
1811 1607
8453 8854
5980 5686
7360 8050
496 1439
2952 2497
8466 8711
4347 3828
7110 7546
4921 4330
8371 8218
4683 3916
5527 5507
6381 6447
5856 5055
9103 9081
7110 7288
1694 1474
7278 6751
713 1656
3473 2921
3273 2709
4791 5692
8474 8043
1697 1126
8335 8376
6843 6036
6089 5270
6625 7409
4870 4227
31 540
1434 1761
2849 3440
7924 7342
6206 6611
5079 4663
5986 6666
16 105
725 1494
3740 3891
8609 9185
7423 7556
7058 7703
5912 5773
8039 7843
2895 3316
4441 5409
2592 3053
5116 5135
2439 1731
2511 3147
21 913
49 547
7545 7979
7739 6872
8828 9344
728 1207
5182 4899
2917 2039
1075 1100
8752 9197
51 987
7390 7291
6533 5689
7857 8104
64 132
6995 7533
5255 5890
6575 6018
4101 3946
3799 4633
3743 2762
8912 9503
2379 2341
3308 3770
3827 3146
6767 7321
8473 8810
9454 9251
2994 3771
3298 3091
5507 4722
6475 6010
5275 5873
7164 7311
27 96
6753 5925
5063 4820
1451 1120
5693 5682
4637 4082
5054 5442
8439 8364
49 392
9572 8930
2592 2669
7003 6475
4913 5435
6855 7528
3068 3368
8523 8928
24 931
3355 2581
3048 2964
5641 5831
1468 1925
25 886
1007 1622
3167 2896
8349 8046
3935 4727
6031 5524
2905 3880
937 1120
3697 3157
4640 4022
6471 6206
2954 3459
8461 8800
4594 3651
2447 1876
51 521
2340 1955
4472 5413
8176 8153
4934 5332
6926 6208
7012 7588
1715 2131
4145 3574
1744 2718
5222 5824
8389 8326
3298 4159
2475 1697
5834 6197
4139 3231
6740 7603
6756 6332
3950 3906
9477 9357
5561 5201
6817 7152
3454 3247
3202 3082
8031 8412
4709 4981
9780 9963
1873 2236
2816 2685
7499 8215
8430 8099
6526 6914
2601 2338
8179 8933
8452 9211
2517 2966
6789 7548
7613 8398
7934 8407
4221 4164
2997 2542
1132 2086
11 93
6750 5766
9310 9128
5586 6059
4178 4868
10633 9848
7426 8384
2114 2453
7108 6611
6759 7319
6144 7008
8531 9352
7196 7446
4183 4499
10097 9830
8452 9232
8154 7235
9351 9757
4964 4860
3560 3623
3236 3984
3380 4136
3474 4474
3596 3719
7944 8389
6726 7217
2870 2104
8197 9047
740 1107
5708 5120
9790 9120
856 1569
5789 5449
7036 7474
3010 3980
2550 3515
4137 3908
4766 4626
2018 2108
6322 5739
6504 6013
33 972
9402 9094
7858 8207
6909 5964
7630 7344
3544 4251
7807 8283
1117 1823
2250 1962
2056 2745
7671 6984
6708 6778
8138 7255
3755 3159
8652 9397
10527 9754
2287 2428
8668 8870
4072 3118
9309 9242
1864 1396
4556 5175
2045 2986
4237 4259
5120 5883
9433 9893
31 775
7643 7423
6665 6589
5907 5754
1763 2680
4186 3266
48 104
8879 7888
3098 3031
8397 8891
2341 1473
3087 2253
2847 3154
7153 6530
6585 6503
8107 7517
2593 2559
4727 4580
4417 4797
1659 1379
9060 8536
2194 1206
1296 1838
965 1011
8668 8464
9062 8736
21 903
6108 6973
9243 8768
3895 3284
6138 6458
9695 9318
7036 7343
840 1616
2322 2960
8652 9605
11 76
6432 6496
9190 8746
1774 2505
10 134
6703 7098
9924 9307
4865 4981
28 925
9964 9382
5831 5857
3569 2841
2001 1977
6822 6567
1982 2505
1749 1742
2209 1422
3983 4808
5890 6697
7768 7267
2449 3392
1460 1787
8951 8625
8000 8588
5003 5950
2355 1565
1183 1841
4004 3275
2828 1977
4363 5191
1987 2477
4492 4466
8521 8006
4669 4559
3181 3081
7770 7518
17 717
5458 5248
1098 1843
9390 8441
6642 6327
72 476
3653 3573
9355 9140
93 912
1751 2428
3545 3185
5004 5285
3092 3398
227 1024
26 571
8643 8946
7459 7094
1087 1668
3206 2885
5081 5337
9630 9263
7224 6812
7197 6423
9253 8567
6012 6221
2516 2025
45 104
8155 8144
38 536
10035 9163
6098 5101
5962 5468
4529 3751
77 741
9208 8319
6850 6972
4513 5037
2576 2094
10287 9506
9506 9264
10470 9938
4766 5020
5874 6560
7757 7622
2161 2986
8492 8952
8736 8283
9425 8758
2516 2680
6372 5452
1093 1172
5656 5630
929 1356
26 171
5577 4885
84 57
3312 3392
5255 5575
5071 5471
7434 7422
1342 2330
7873 7894
8441 7556
67 817
10700 9968
4090 3871
2144 1538
5280 4280
4539 4390
1681 1585
3524 3180
6267 6786
4130 3383
7181 6190
7451 6506
2640 3195
8940 8814
10658 9913
6380 6784
7201 6652
8691 9516
3323 2410
5181 5232
4410 4413
5098 5653
8086 7673
8043 8800
5478 6358
3087 2880
6084 6659
7871 7860
8864 9857
91 555
6880 6363
85 247
4357 4093
3728 3249
8728 8294
4402 4317
6720 6401
4728 4172
9752 9337
1952 2101
43 277
3724 3593
3863 4173
7777 7653
8489 9466
999 1943
865 1766
9964 9851
1517 1645
1505 2083
7328 7465
3590 3209
639 1325
6058 6838
3698 3511
2702 1881
6423 6201
3891 3962
75 294
2027 2891
5487 5323
7182 7654
6997 6149
7244 6283
8491 8563
2865 2805
8450 9193
2728 3089
3273 2875
1116 1838
935 1760
8510 9459
6976 6016
30 357
3362 4345
9827 9294
8110 8775
1573 2385
16 540
1910 1237
1471 1928
3633 3422
4750 3916
9571 9093
2384 3334
6909 7166
9659 9777
2235 2874
6661 7513
57 19
5432 6111
4909 5125
2082 1502
3209 2700
8205 7298
4725 3729
7582 6616
4021 3095
7771 7633
2043 2501
3559 4023
8883 9570
1872 2688
4281 4989
9079 9391
4680 5013
2918 2640
3308 3090
4144 4134
3838 2876
1236 1244
1429 1287
1299 1721
1762 1070
7074 6574
3489 3899
1452 2339
5302 4886
2467 1565
5139 4691
8255 8670
1868 1056
6137 6320
5971 6754
2643 2435
9031 9192
9115 8158
4412 5217
7042 7098
8418 7610
4656 5037
6937 7906
8468 8126
9300 9203
8356 8314
54 315
1874 1457
7867 8067
7043 7827
3287 2509
10542 9673
8482 9202
82 558
6610 5936
2204 1985
96 243
1901 2587
1780 1348
1248 2226
754 1720
1152 1362
7272 8091
3821 3912
36 288
7054 7885
3236 2888
7577 7308
3035 2079
984 1376
8078 7547
9481 9618
5128 4788
7591 7732
7405 7580
2278 1285
3905 4639
10082 9504
2278 2699
9390 9164
285 1100
2458 2527
16 754
4655 4473
8171 8528
6115 5905
4599 3941
8773 8289
3920 4634
5148 4938
2733 2967
1729 2696
9021 8971
4298 4112
7830 7659
5508 4634
9356 9943
7280 6837
1712 2171
4432 4060
7859 7712
7938 7208
6524 6584
1202 2005
2758 2123
6372 7070
12 836
4460 3681
7656 8646
84 127
9207 8914
5466 5095
4282 3939
9371 9376
20 901
2639 2163
4329 3698
9720 9296
3903 4131
6100 5293
2868 3225
2897 2389
8026 7150
2401 2590
9479 8845
8033 7835
6969 7523
5533 5837
6791 6768
8815 8311
7237 8223
5510 5343
5785 5576
2646 1844
6092 6218
6838 6492
5266 4657
100 383
4873 5584
5138 4797
7736 7046
3062 3190
2505 2056
8832 8518
3236 2437
3529 4162
8971 9058
82 251
6359 7313
7730 7366
6176 5283
8362 8876
9085 9942
466 1143
8976 8857
9884 9615
1449 2029
3875 4433
2761 2045
1482 1669
7694 6979
84 720
7715 7287
5372 4762
94 114
7870 7414
5888 6610
4081 4007
7017 6837
8547 8908
4194 3702
5788 6259
1938 2022
5235 5390
6656 5692
7547 7501
85 27
66 887
6759 6984
4902 4848
3858 3435
2404 3139
11 283
768 1245
9225 8910
1520 1992
1576 1552
9054 8889
3247 3641
2941 3907
4009 3598
9688 8861
7937 8722
5245 4422
8295 7417
4348 3890
920 1177
1474 1393
95 167
3366 2816
9035 9842
8267 8982
7853 7499
8593 8995
8596 8385
10 136
3308 3544
68 472
8900 9566
4481 4870
5819 5667
8022 7203
1689 2247
7608 7227
8703 8956
5264 5110
4049 4632
10086 9548
6819 6592
4708 4455
3216 4009
4616 4866
8223 8387
3526 3290
2841 2182
7242 6629
62 404
8797 7986
3483 2811
21 552
2780 2622
3653 4562
9522 9961
7903 7755
6497 7136
1660 2568
4987 4707
1064 1475
3769 3128
9404 9905
86 174
25 575
7084 7449
2122 2075
3451 2644
527 1213
8442 8073
4870 3980
9317 9571
525 1254
6524 5870
7618 7622
2226 1252
1662 1637
1729 2155
3859 3763
7187 6682
4268 4690
8169 7724
5463 5199
2754 2061
6735 7235
25 420
2213 2376
748 1281
7117 7502
6489 7485
4119 4176
7877 8743
10446 9653
3699 3998
7633 7859
2625 3274
92 669
8143 7729
8891 8271
1872 1191
2743 1774
3487 3717
8713 8741
3145 3791
9363 9572
1990 1159
5432 4442
4729 4198
9737 8810
4903 5879
8174 7684
54 862
6068 6174
39 880
64 794
37 496
5535 5309
1790 1631
5582 5016
2540 1925
9302 8520
1145 1760
2108 2589
9117 8909
6997 6844
9236 9535
4367 5088
8803 8826
3155 3480
6535 7138
7351 7591
2687 2414
6937 6861
4383 5275
4266 4281
2664 2651
2754 2202
5269 4938
381 1179
3571 2777
8761 9479
4442 3484
4647 4895
4165 3310
966 1426
7251 7192
7550 8262
9791 9747
3131 4023
1976 2734
7228 6663
3623 4212
6591 6735
7969 8962
8703 7766
5636 5963
9414 8688
4414 4656
7111 7975
617 1309
2909 2349
6801 6477
7883 7500
9043 8669
8877 9596
7408 8008
5509 5575
7249 8164
5147 5425
1328 1137
7530 6836
1641 1844
6506 6864
1514 1864
8767 9717
3697 4458
7684 8013
6263 6656
49 832
5462 5048
2768 3576
5033 6000
37 969
9148 8213
4565 4605
2286 3152
2945 3233
9143 9575
6725 6348
4407 5389
92 373
4294 5115
68 481
2678 2220
1668 1580
9875 9353
7689 8042
91 556
1824 2166
3804 2821
1024 1306
8108 8953
8386 8438
5179 6051
5502 5316
3639 3116
3648 3939
6005 6236
2835 2237
8493 8113
1956 1691
55 185
7620 7789
4327 3923
3734 3714
8245 7406
3824 4401
8493 9309
2733 2020
3988 3133
4870 4264
6456 5824
8289 8928
7945 8442
4942 4740
8892 9390
5119 4306
8276 8343
1329 1198
3096 2921
95 567
2222 2277
7595 8292
5625 6236
6371 5834
3709 3767
1967 2589
8963 8060
1834 2153
6636 7149
9238 8531
9666 9409
1177 1551
2975 2558
4674 5360
921 1401
4535 4618
2689 3261
69 965
48 950
8155 7569
7147 7779
9760 9594
5349 5099
10329 9986
88 258
897 1538
6241 6104
4799 4258
98 691
2490 3168
4704 3975
2709 2592
6451 7015
9213 9245
2411 2601
2158 2452
2551 1852
2296 2526
1555 1630
10689 9805
2250 1807
10306 9815
6626 6635
3481 3895
5689 4990
5890 5068
9704 9562
5967 6168
8832 8003
3529 4332
8922 8103
54 843
2929 2880
2671 1688
2523 3189
4913 4002
7030 6923
2264 1601
10222 9686
5617 6109
8318 8790
3611 2693
84 216
3830 4289
3916 4499
7280 8228
7446 7942
3982 3356
5437 5588
7647 7012
93 546
6051 6153
2277 3139
9832 9562
9385 8554
3802 3024
5200 5286
4637 5393
9595 9098
2351 1429
9460 9705
5730 5257
6089 6409
3414 2711
5941 6579
8887 9875
3511 3485
9004 9804
35 627
8574 8391
9470 8558
8131 7761
7649 8023
2099 2864
43 409
7260 7963
5416 4485
2791 2835
8327 8642
3272 2532
4393 4667
5082 5483
5622 6380
4233 4162
5114 4935
3882 4352
8147 7739
4112 4476
5821 5369
6383 5555
8129 9094
5830 6725
781 1480
3052 3934
1866 2773
26 534
4132 4391
4446 4931
3299 2344
4356 4536
1438 1306
1517 1628
630 1292
8763 9325
6734 6325
8695 7760
4937 3952
31 71
7226 8094
4148 4124
5327 5602
3525 2883
143 1093
3659 4309
3322 4006
6024 6171
4167 3327
6105 6743
9103 9006
7638 7644
5778 6606
3068 2941
2352 2266
37 696
3587 3624
7881 7920
9420 8987
1434 2143
9888 9343
8874 8219
6327 5567
7435 8223
2636 1702
7691 8553
5499 5697
3957 4573
2861 2142
1900 1344
6492 5711
6108 6634
5018 5254
3688 4208
5674 6124
2667 3362
2847 2355
35 129
8080 8534
5618 6180
8669 9453
5116 5695
2054 1471
8535 7904
8980 9217
1707 1796
8683 9036
1946 1636
2348 1942
8720 9088
6043 5396
9534 8872
2647 3332
3508 3383
6090 6353
6728 7643
5891 5861
2360 1572
65 511
10152 9510
3680 4493
4959 5066
1678 2245
585 1410
5864 5666
2608 2456
5877 5211
6502 6456
2615 3223
2560 3273
5533 6291
3718 3627
2875 3024
14 221
8122 8848
8707 8083
1764 1922
8967 9206
832 1424
7936 8247
80 378
14 194
86 467
44 737
6332 5497
6657 6204
2106 2243
8353 8612
2592 1764
5011 5869
5524 5809
7813 7942
2339 2991
4301 3623
3113 2445
2014 2455
810 1480
7447 8353
10113 9839
5007 4156
11 669
4020 4433
1955 1199
2275 2171
4365 3981
4591 5327
3305 3634
2650 1923
8804 9770
1637 1821
2319 2624
6462 5699
5066 5403
13 154
22 255
1449 1744
98 258
8429 8611
9654 9350
8470 9296
7448 7864
10182 9864
3302 4033
8717 9195
10421 9564
9575 8858
7235 7532
5022 4079
8645 8248
3384 2463
2851 2745
4677 5131
6879 5932
8908 8492
4698 3922
4146 3475
3428 3363
5367 5756
8433 8143
8525 7563
5434 4562
2949 3220
7429 7066
6736 7541
6684 6156
3666 4581
467 1303
1621 1876
7026 7739
2909 3569
61 468
3935 3035
4798 5031
5423 5519
4063 3830
960 1781
7712 8133
523 1064
9219 8605
8887 9666
4245 3613
5810 6275
4974 4179
5281 4826
2100 1516
5798 5331
9055 8345
4142 4364
3362 3826
1919 1230
8276 7360
2238 3066
6057 5086
9086 9373
51 926
9869 9306
3103 3217
1535 2298
587 1027
8308 8891
7256 6635
5685 4801
5059 5448
73 801
4207 4204
64 820
4107 4992
8414 9232
2807 3362
2412 2113
9042 9188
33 807
65 265
4742 4814
870 1220
986 1399
8970 9267
4376 4479
6219 5296
3312 3614
9723 9487
3676 2997
1835 1597
2413 3140
7892 8466
8399 9005
4314 4041
7345 8074
9709 8809
10 670
8397 8296
2983 2967
9028 9831
6433 5860
46 680
35 881
10036 9803
20 103
4775 4575
4381 4373
4714 5666
5679 4933
5849 6094
2860 2323
5611 4752
9689 9788
6851 6721
732 1069
3678 3091
7609 8507
6965 7023
7114 6525
12 55
3235 3742
8019 7412
8910 9508
2225 3156
9025 9244
2092 2086
3803 3012
61 750
7578 8006
5878 5846
1086 1697
5511 5826
57 138
1019 1437
5168 4516
7103 7922
3315 2808
7742 7402
7789 7776
1152 1930
3659 3134
7216 8017
5917 6818
6667 6942
9480 9732
7048 7348
7578 6720
6541 7226
8292 8699
2052 2063
10484 9717
5284 6263
1545 2059
5424 5223
64 394
2884 3050
2232 1544
8924 9024
2417 1915
6382 7229
3616 2906
9019 8644
2654 2007
8732 9307
4395 5246
2975 3665
3493 4442
3262 3352
1247 1205
10437 9851
5754 6213
9399 9521
7779 7341
6575 6144
5661 5368
7875 8800
8230 8680
6408 5618
5918 5822
7597 8278
5887 6824
86 816
5242 4312
7624 8470
3103 2610
59 282
67 548
31 950
5492 4611
7224 7342
6697 6599
10060 9923
1471 1673
9918 9020
5524 5749
9654 8782
4835 3990
1874 2795
952 1419
6476 6041
8699 8861
5087 6021
10756 9826
3695 4267
82 490
5811 6689
8182 8977
6162 6026
1849 1032
825 1219
678 1383
7141 7447
5821 5527
7530 8389
9303 8649
2764 2084
1145 2031
86 981
9932 9749
7532 6805
1885 2363
7777 8301
4242 4201
4813 5013
4383 4879
3570 3288
34 318
7298 8169
3835 4783
21 140
63 601
2711 2002
8417 9075
776 1672
6022 5873
6484 6569
7028 6526
4826 5221
4108 3827
4114 4587
8702 8939
2597 1606
57 1003
9126 9045
5848 5993
1652 1625
7799 8688
8751 8530
77 800
1391 2000
2516 3488
3383 2589
3508 3754
3265 3604
66 249
4123 3431
4135 3234
8327 8063
82 580
4604 4232
6726 6921
3386 2530
7063 6147
6259 6554
86 258
40 499
9320 9357
8145 9123
4205 5075
6583 7142
8366 8356
4756 3971
9353 8827
27 101
9552 9371
7829 8096
6882 7195
2472 2063
4397 5017
9927 9339
7909 7750
7143 6954
10683 9694
7764 8319
2255 3107
6879 7174
4192 3898
6392 5984
9235 9095
7687 7380
5917 6465
6317 6744
6430 5671
6125 5587
8235 8534
6143 6480
29 486
2119 1777
4799 4412
22 594
5084 4581
41 167
2915 3502
4179 4915
7650 8557
8098 8842
1253 1011
2304 2395
25 385
48 874
4983 5119
3715 4414
9263 9009
9116 9146
7012 6815
4797 3806
3134 3834
6311 6620
3895 3520
82 916
50 753
5532 4634
7541 7525
9269 8817
1703 2194
4644 5613
17 136
6468 6369
6763 7226
1618 2075
1951 2776
10249 9841
5073 5757
9917 9026
7275 8202
3450 3498
4828 4884
8528 7762
2019 1162
2516 1836
4917 5536
5018 5931
6893 6828
6797 6599
6904 7598
3530 3733
5584 6526
5229 5846
4805 5523
9859 8884
99 214
7914 8504
5968 6889
9451 9666
4433 4354
6967 6208
8293 8136
5850 5644
3432 3422
4002 3499
7323 7209
2762 3456
674 1062
8274 8128
8347 9077
5475 5080
6703 6387
9448 9774
1501 2344
21 942
8987 8599
4327 4182
3499 3198
7707 7369
1920 1679
4243 3992
1439 1475
1668 2312
8877 8744
9276 8789
8413 9151
15 498
3283 2305
11 883
9365 9720
6862 6467
10459 9941
9150 8704
7715 7977
7536 7178
4755 5059
1678 2025
3419 3378
6854 7331
27 969
4154 4830
4615 5547
52 657
5940 5981
10200 9645
2386 1955
3520 4077
5198 4876
7089 6193
5575 5281
7348 6749
5142 5617
5917 5487
9246 9673
78 200
10722 9784
12 484
6966 6788
877 1775
8369 9079
10141 9301
3751 4693
43 850
9625 9311
8825 8223
3689 3878
1905 1253
7232 6775
3731 3228
93 488
5002 4801
5523 6500
4695 4285
2995 2934
6234 6037
6396 5861
9205 8966
6778 6416
7770 8430
9078 9527
9997 9156
4744 4531
6425 6148
4974 4959
4357 4753
3348 3021
43 55
1520 1483
1516 2243
10599 9974
6172 6672
8415 9365
5723 5558
8727 8851
6560 6602
8958 9134
745 1128
6609 6376
4721 5153
6654 6255
3188 3071
5402 4661
8361 8543
889 1510
5438 5473
4671 4633
26 529
5204 5749
6343 6850
1729 2571
4760 5708
1821 2218
32 686
1940 1661
2579 2166
8116 8552
8410 8761
7106 6306
40 997
8971 9264
6356 7065
34 111
4755 3822
6719 6054
20 830
6417 5922
317 1149
7147 6163
6237 5997
10 894
4409 4581
2117 2418
2425 1641
6355 6476
9524 9132
2418 2284
96 40
9038 9268
3412 3740
7204 7531
42 90
3359 2634
4343 3469
8566 9474
7855 7391
2447 2707
1990 2675
8942 9656
9368 9660
23 898
9404 9146
8927 8251
24 576
2467 3133
7407 6970
4512 3647
3613 4304
7992 7830
3738 3820
56 772
4854 4687
7073 6393
7052 6551
4283 3732
43 485
2516 3155
44 609
1588 1087
4909 5126
3590 2973
68 261
3910 4244
3531 3847
5616 5419
7354 7744
4076 4415
7761 8168
9687 8770
2318 2537
3023 2789
13 17
4628 4441
6385 7015
7189 6830
3596 2967
1447 1704
6502 6998
8681 7779
6455 6475
573 1298
2647 2504
9439 9037
7097 6583
44 620
723 1051
81 71
9658 8776
22 554
5067 4101
7106 7391
6881 7260
5101 4258
10004 9881
3806 4783
2692 3084
7716 7818
9394 9554
3531 3449
6329 5922
1157 2028
9714 9055
9176 9374
7994 7931
5486 5627
5996 6663
4955 4862
2589 2921
6261 6453
7236 7310
1541 2119
3815 4590
2087 2263
5529 5328
790 1584
4495 4568
3574 4378
8357 7657
5038 5384
2735 2116
9644 9333
1382 1476
8939 8137
6812 7093
2310 2393
6737 6594
3014 3245
9270 9461
2360 2737
7071 8057
10407 9941
8959 9615
8947 9615
4104 4086
3512 3706
10540 9748
5078 5219
4893 5577
10007 9396
3413 3523
50 407
8510 8384
4641 4272
1573 2467
6523 6680
5526 5671
3654 2855
7836 8116
1805 2757
4037 3564
9297 9814
10701 9965
14 891
4716 3763
10406 9691
8891 9045
4837 4666
4920 4111
9132 9868
2103 1479
5395 5567
4102 3388
2638 2256
6031 5492
4956 5367
5856 5606
19 975
3209 2919
7575 8521
8400 8161
3911 3172
91 718
7540 6573
5210 5603
5417 5776
5492 6059
68 144
6370 5877
79 973
1583 1292
9287 8888
4803 3995
9295 8743
7315 7439
2901 1981
4468 4632
8489 7997
1787 1575
56 472
6662 7170
7414 7135
9486 8637
6158 5822
1924 1989
7712 6969
2940 3136
6412 6916
6953 6659
5045 5309
6754 7359
3163 3925
9423 8469
9382 9284
2826 2794
5813 6430
4378 4004
1669 1663
4342 5071
2695 3003
2675 1975
4781 5229
7121 6902
7395 8377
6705 6864
7493 7963
6699 6223
3296 3474
6166 5707
1398 1020
4465 3590
8269 8665
8242 8474
1599 1749
5602 6557
2432 2178
79 111
678 1154
7748 7385
6460 6744
1149 1211
7741 7410
7266 7591
6355 5637
3389 3556
4633 4501
8302 7320
2662 3299
3180 2426
10170 9562
2320 1583
8571 9022
5661 6231
1000 1116
46 170
3496 4209
8145 8925
6233 7076
9349 9223
7919 8785
5459 5152
6787 5893
6673 6139
6059 5392
8486 7707
4011 3073
4638 3741
7704 7706
2645 3173
10699 9843
9244 8332
43 372
10560 9615
1834 2018
2247 1250
3844 4571
9012 9601
8868 8739
6058 5819
9095 8444
10687 9952
4095 3208
4806 5470
8195 8933
1735 1370
5408 5717
4741 5589
5117 5815
2115 1733
93 858
3122 2576
10180 9868
3271 3569
5524 5414
5127 4704
7811 7457
2250 2927
8589 8344
5655 5748
6728 6361
2315 2135
5991 6935
1719 1840
83 386
8603 8388
8780 9718
8310 7457
7717 7366
4241 3416
4154 4153
3143 2799
8090 7595
7563 8201
8970 8178
6809 7302
6881 6952
3891 4299
2150 1381
4599 4757
8594 8951
2630 2559
6634 6096
8201 8841
80 240
373 1165
6357 7261
5027 4891
4408 4439
8834 8264
1847 2576
7306 6733
4385 3970
5546 6074
8417 7639
7453 6968
4664 4333
10238 9703
5170 5649
3515 3582
7872 7419
29 48
9084 9957
6621 6940
79 864
726 1467
9073 8557
64 664
6923 7669
1157 1072
8523 7614
8484 9247
5546 5981
9158 9045
1807 2720
5624 6220
6424 6909
5149 6100
8664 8546
2828 2822
3827 4544
3561 4107
2714 2027
10 901
6912 7846
7964 8950
4381 3503
6738 5854
4308 3957
7327 8036
977 1315
8216 7768
3556 4194
9635 9589
76 877
4234 4125
618 1151
1059 1564
680 1589
9138 8685
4279 5130
8543 7887
3427 4005
10435 9831
6110 6793
7696 6915
2546 2853
7041 7763
4326 4667
6404 5692
8142 8903
7786 8487
2659 3567
914 1549
5883 6214
6104 5360
3823 3692
6805 6689
845 1253
3914 3091
5259 6203
9285 9657
8632 8777
922 1493
89 187
4616 4526
7126 6795
5134 5511
7273 7518
3503 2580
3648 4616
4945 5569
6762 5828
7763 7255
7333 7104
79 731
8678 9108
5263 5069
8431 8239
4070 4810
5799 6387
9029 8244
5910 5468
19 704
1962 1473
8352 7811
4298 4518
9164 8297
4261 4558
3021 3250
9827 9512
2613 1966
1906 2885
4150 4038
5479 5724
2973 2066
34 620
5348 4876
38 459
5814 5187
9574 9538
1500 1156
1793 2745
2372 2091
4920 4591
2459 1782
7816 8080
5906 5981
3102 3905
763 1110
33 535
7719 7443
5290 6216
4693 4386
3698 3033
68 898
1370 1049
9134 8300
6070 6007
6904 7133
9926 9473
3817 3173
7370 7277
4453 5350
52 744
4467 3900
1669 1781
6087 6988
1791 1639
7031 7684
8850 8134
4949 5071
9863 8934
794 1356
9122 8588
8839 8343
9291 8785
10831 9931
3520 3912
6857 6743
8491 8538
8503 8035
4030 3908
7049 6079
7468 8096
6348 6644
7761 6912
56 53
2961 2828
7733 8729
3592 2689
10132 9360
7604 7773
8210 7412
7466 7373
4495 4762
8015 7269
4926 4269
8492 9439
6787 7621
9309 9066
26 798
29 182
3727 4607
3250 2620
9176 9393
7992 8966
1822 1097
1686 2198
2594 3220
13 867
8312 8298
53 884
5957 5789
9668 8782
3594 4062
3077 3258
5224 5486
82 503
60 425
93 980
7791 7024
9430 9198
4356 3664
8423 8402
9254 8635
6252 6439
5110 5785
5776 4920
2831 3046
1508 2469
1720 1121
6224 6286
3356 2472
984 1768
4060 3616
7782 8325
1350 1518
7185 6803
2268 1423
3764 4203
3081 3327
10178 9388
6206 6995
68 894
42 540
3016 3979
8328 8702
8090 7342
3383 3905
6690 6463
5764 6022
10547 9875
4188 5109
10 63
5825 5084
4209 3538
4425 3545
8048 7777
7477 7208
8900 7969
2813 3502
6106 6198
4331 4479
3800 4112
1672 2365
6899 6591
5653 5204
6370 6114
6773 6213
5247 4788
10946 9991
10381 9715
6200 6638
7936 7897
1965 1366
7607 7077
4302 3454
2753 3244
1564 1605
4669 4491
3020 3147
8769 9177
4557 3579
9494 8688
8779 8697
9968 9452
6996 6398
98 460
9601 9219
9410 9882
6472 7444
6341 6892
8637 8395
9809 9452
4483 4802
8478 8539
10312 9485
9418 8531
4409 4098
4879 5266
7319 6565
3550 2969
1369 2028
95 269
2612 3432
6241 6270
2061 1699
76 131
6400 6374
5394 6260
5467 6379
8915 8605
6183 5968
2603 2970
5958 5095
4598 3699
43 297
8412 7479
3368 2568
2079 2514
5550 5486
5950 6654
4616 5156
9223 9966
4491 4871
10110 9155
23 156
3222 2241
5393 5954
6617 5843
5232 4809
5395 5002
5448 6421
10170 9863
9228 8600
9200 9716
77 488
2939 2035
7109 7647
1938 1091
2080 2503
4843 5421
8187 7250
6478 7044
3991 4384
48 643
2390 2934
6106 5822
2798 3098
63 99
1141 2048
7525 8257
3861 4443
46 530
9913 9950
10556 9818
2888 2479
9163 9428
7639 8606
9036 9449
6782 6950
5809 6263
7675 7941
8082 8671
6790 6573
9468 8595
3778 3723
3805 4376
7898 7501
4455 3819
3369 3692
4278 4692
24 359
4562 4977
3012 3605
2729 2126
4993 4056
7242 7109
8798 9780
1270 1940
4196 4494
1006 1337
5596 5942
3630 3780
9309 8599
5260 6214
5234 4596
1957 1332
2738 2487
5007 5006
7285 7473
4186 3590
2585 3283
5868 6349
7859 8211
6841 5958
25 636
9039 9764
9057 9138
9936 9307
83 750
7634 6910
8124 7957
5243 5424
4716 5248
8933 8918
6714 6098
6545 6588
2141 1648
6093 6188
4165 4348
7737 8063
3026 3996
4953 5299
2873 3230
5775 6731
53 1006
5176 5722
37 793
8584 7705
89 784
2625 3123
7122 6258
10021 9219
7584 7666
3358 4150
2840 2048
4808 3899
7510 6890
3612 4048
1439 1279
2349 1877
87 188
7662 6943
1699 2245
74 199
55 1021
5162 5455
41 872
7017 7030
4056 4079
5738 5944
6684 7523
2646 2540
37 144
8247 8016
7664 8171
6008 6806
2075 2516
5298 6279
10897 9979
7942 7607
9970 9386
6285 5455
7378 6485
3210 2981
3106 3388
10326 9480
1925 1338
6706 7614
10066 9735
6974 7971
1859 2568
8167 8370
7758 8259
6293 5822
3584 3937
4200 3924
92 82
7193 6725
4237 3905
3746 4726
1039 1109
8592 9581
743 1729
4395 4642
5340 4654
7716 8436
5554 5180
2442 2213
5859 5148
4793 4316
1060 1051
9300 9803
2666 1805
9021 8897
4924 4152
92 502
6006 5731
7784 7763
8176 7831
900 1268
1882 1959
8304 9190
3553 2612
4696 4711
9047 8991
6019 5477
42 661
8070 9042
4603 4834
4860 5495
1229 1285
3742 4576
3046 2934
2527 3329
28 114
2885 3082
9694 9084
3268 3837
7763 7933
4326 4430
2178 1881
5101 5180
8361 9221
6506 5509
3541 3827
64 391
10521 9953
10013 9536
25 346
4561 5355
3280 2778
7215 7517
9691 8826
847 1673
9140 8286
28 127
8205 8735
6260 7108
4197 4728
6532 6913
3681 4583
4033 4012
89 266
8063 7523
4112 3203
8056 7791
7581 7931
6841 7721
9094 9671
6558 6288
6010 6687
7139 6702
3488 2824
1396 1079
6918 7371
4397 4511
5912 5736
5926 5540
9236 9151
10672 9769
6218 6313
3084 2735
2634 1915
5773 6142
4165 3767
5633 4805
3602 2860
5615 5744
9269 8819
3886 3222
8160 7687
6045 7016
2809 3373
7389 7795
1563 1871
1492 1746
27 271
728 1072
71 352
7673 8011
6938 6270
8629 9453
8306 8764
4724 4694
2228 1960
26 312
4231 4125
7842 7651
6118 6465
59 373
9521 9792
9768 8800
1699 1856
5993 6661
4628 4055
4647 4979
9786 8870
2748 3512
5677 6140
1120 1571
9559 9869
6516 6628
4719 4798
6589 6830
2471 2513
5548 6303
10703 9769
21 628
6412 6704
3213 3098
9411 9253
6939 7166
2178 1994
294 1032
2472 2878
2842 3073
4551 5050
6367 6227
2442 2308
2841 3324
1198 1072
4968 4313
3743 3302
7407 7874
1650 1309
7590 8020
4617 5035
6118 6816
56 323
3342 3746
5345 5575
8080 8534
5082 4211
7721 7921
1023 1807
8768 8606
4310 4425
6366 6452
2899 2849
3944 3617
1263 1189
6431 6887
6019 6722
9608 8625
6940 7704
2204 3108
4678 5383
3585 3676
3007 2148
8789 8129
9304 9564
6129 6078
9381 9874
87 696
8422 8150
5141 5233
9209 9593
3335 2639
37 825
4710 3912
2156 2818
3771 4085
1181 1089
5326 5195
7222 7176
2089 2144
6699 6937
8604 9416
3822 4406
5451 5458
8654 8026
9804 9762
10051 9888
3181 2570
69 956
7817 7183
7338 7388
8010 8714
2204 1948
3099 2495
7503 6714
2547 2687
4259 3744
7944 7315
8691 8340
8601 7926
4292 3524
144 1088
10092 9857
9983 9473
2476 2848
5488 5473
8542 7813
6323 6062
4750 4949
94 677
822 1701
9816 9726
84 313
7045 7523
31 799
2001 1114
6083 5120
7582 7808
6162 6421
98 463
8734 8190
1718 2640
8253 8934
5187 5563
7149 6961
7314 7229
3257 4174
8658 8466
10256 9789
2423 2816
8119 8122
2558 2728
9119 8147
2577 1812
307 1109
4344 4783
10170 9952
96 1005
1500 1847
7152 6699
8631 8782
760 1281
5789 6080
7589 7588
3001 2935
10267 9526
8791 8848
7280 6886
5870 6409
9463 9470
3480 2982
8519 7778
5042 5755
2687 3607
6251 5551
2767 3098
19 415
2900 2595
2627 2849
2437 2312
9842 9452
6838 6957
4848 5421
7439 8408
9736 9788
8341 8266
8527 7884
8463 7937
7630 6671
7268 8030
4546 3769
6706 6154
2712 2305
8450 9332
9788 9523
6428 7076
794 1074
2834 3730
1142 1154
2549 2644
6854 6286
3994 3522
9179 8822
33 213
5550 4675
6755 6489
8788 8405
9484 8517
4043 4909
5967 6201
8285 7491
5301 5910
7922 7340
7424 7530
6996 7957
6244 6314
7499 7338
2821 3318
9132 9538
7729 8358
8859 7915
5938 5643
5246 4596
8861 7891
9237 8349
6168 5225
8374 8748
6429 5637
8688 7898
6812 7064
9220 8635
4611 3624
8329 9020
6842 7435
35 882
9482 9418
2847 3113
1289 2280
9427 9474
61 563
2956 3476
8232 8863
5249 5835
2455 2254
33 396
639 1623
63 29
3733 3131
9666 9656
8740 9163
68 906
6620 6959
6013 5883
32 322
5027 5475
7355 8215
75 507
243 1191
10113 9972
4158 3177
1329 2193
4911 5294
85 1000
8548 8750
2993 2510
6898 7609
5936 5266
60 803
6371 5505
7751 7450
86 220
29 210
8689 8575
5704 6203
99 671
8540 7633
1644 1396
4783 5756
9154 9833
287 1118
8533 8957
3238 2789
6802 7193
10621 9683
1939 1665
4674 4096
6646 5684
5781 5057
7665 7602
9345 9031
1779 2144
2051 2211
3545 2905
4554 5020
5919 6783
1766 1936
5160 5886
7113 7861
5539 4958
87 750
9384 9967
4717 4923
10006 9180
8082 7773
6217 6170
1150 1383
4132 3207
8211 8431
3956 3916
29 551
2256 2604
8176 8814
5439 5923
882 1315
8678 8122
6681 6354
82 739
3246 3806
2033 1385
486 1084
5054 4262
2676 3538
10199 9542
6944 6494
7560 7284
7747 6980
59 165
8881 9779
7080 7163
6605 5985
9886 9322
5305 5224
784 1506
7725 8271
5761 6721
2550 2799
2266 3167
3711 4034
7658 8452
7520 6612
1867 2538
31 931
836 1299
5351 4827
4443 5267
2664 2429
7908 7862
1331 1142
6075 6981
91 341
1806 1404
1486 1514
4481 4892
6581 6502
29 102
82 999
1727 1149
7519 7564
4904 5093
7830 8596
5346 5366
6265 7204
3480 2557
5288 4615
1904 2348
4013 3971
3159 3961
9757 9438
8909 8351
3282 3953
54 144
862 1579
3132 3070
3604 4545
3850 3938
4318 4760
6893 7312
2861 3408
8877 8615
3036 2897
8191 8146
2555 2703
4770 4967
9742 8985
8110 8422
4042 3489
3293 4052
12 795
5756 6221
4293 4667
6727 6812
3920 4796
3587 2657
2738 1999
8038 8561
7596 6874
2104 2936
5267 6142
8756 8811
2870 3029
2936 3404
41 136
6032 6044
38 479
4534 4072
6972 6375
6240 7229
33 783
9656 8787
5957 6319
2212 2795
5798 6056
6694 6233
4737 5406
8355 8007
3186 2522
2706 3627
6846 6049
2487 2615
51 793
5080 5302
7368 7444
2571 2227
809 1545
2524 2372
54 315
3495 4079
1840 1230
4650 4052
6836 6969
5639 5042
1689 1939
3088 3714
9088 9634
1337 1487
42 499
4138 3820
8953 8794
5101 4103
2251 1996
7227 6908
1651 2146
7875 7667
6426 6713
2701 3190
6048 5635
7279 6438
2096 1692
62 916
10259 9673
7804 6939
8802 9184
18 769
8348 7981
9274 9373
2090 2515
5217 6035
4305 3780
6783 7329
7295 7237
6704 5987
9021 9369
1122 2062
5433 6231
9419 8710
5561 6005
10148 9241
5707 5398
6507 7059
5736 6577
2844 3165
5979 5575
1643 1537
8095 7979
2806 3468
59 271
5513 5146
5986 5883
8792 8521
9064 8783
9953 9448
3602 3204
1772 1138
7524 7568
5809 5374
5904 5868
7549 6915
9614 8955
2466 3264
5987 5087
6408 6050
2516 1519
3549 3534
24 862
4648 4474
7241 8102
6718 6813
6216 5474
5311 4490
7376 7380
9961 9096
5968 5761
8039 8493
6128 5923
6609 6941
9432 9612
3351 2854
7295 6791
4690 4525
5963 4979
2386 1904
5072 6039
68 158
8749 8420
9133 9909
8746 8778
9009 9128
7892 7311
9038 8130
60 109
3145 2664
3614 3053
4996 5951
8889 8741
9107 9231
2587 2820
2221 1313
3667 3378
8111 8550
2365 1914
6665 6779
1946 2080
3447 4298
5267 5282
1983 2091
5792 5683
5834 5656
4836 5756
2287 1637
6129 5667
7412 8194
9132 9493
8688 8255
5304 5041
2350 3344
3240 4005
919 1294
1652 1947
3790 3065
1925 2739
5628 6520
8664 8223
2244 1819
5084 5771
7721 7870
6643 7130
10463 9532
5934 6782
4481 5403
1203 1084
9696 8953
9029 8910
6625 6625
3151 2669
6724 6524
5772 6395
1752 1314
57 342
32 406
7028 6258
590 1423
1958 2523
9731 9953
6175 5385
1812 1723
9889 9677
8695 9677
5961 5590
4741 4008
44 381
9862 9916
9105 8430
5530 5708
3779 3294
41 707
3012 2458
3696 4467
7127 6298
3988 3013
6828 5880
3439 3902
8816 9343
5313 4546
7021 7469
2006 2521
3612 2799
5964 6916
7412 8074
8493 8138
8075 7506
3482 4450
8512 9401
1876 1087
6769 6157
3021 2214
8811 8718
3231 2548
4758 5218
7660 7147
4470 4395
8004 8179
5406 5185
6569 6836
5606 6354
910 1711
7656 7063
74 120
5668 4824
8285 7332
1956 2510
5934 6898
6799 6644
6907 7209
10529 9643
9159 9571
2122 3047
8978 8053
37 850
1942 1924
12 537
2770 3709
4424 4275
8565 7784
2855 1935
7595 7911
8828 9032
3608 4538
1556 1988
4526 4959
1809 2086
7725 6831
4379 5096
3885 4108
6485 5556
9396 8949
2186 2553
9953 9105
6258 6631
4265 3285
5849 6094
4116 3159
4738 4479
5103 4165
1816 1798
4504 5342
22 620
5273 4337
8890 8648
2112 3047
7219 6707
4763 4751
7275 7565
9547 9289
8803 8977
4396 4870
5323 4346
7438 6968
4729 4058
4552 4754
2788 3456
9218 9856
6000 6486
2923 2092
6966 6837
9261 9786
7901 7359
31 596
645 1242
2193 2072
6228 7226
8412 8268
730 1490
6280 6685
27 595
4089 3317
5609 5050
8536 9229
5414 4586
4153 4857
4926 4547
3684 3273
7012 7480
2100 1294
2781 2982
5729 6128
7214 7823
6791 6653
3527 3697
5053 6006
6289 5767
7459 6889
3800 4393
773 1157
8888 9804
3589 4518
7780 8235
5145 5180
3877 3938
3103 3488
81 393
31 455
1809 2445
9494 9099
27 917
8482 8407
3324 3512
7878 8803
8130 7419
9263 9244
5574 6227
6673 6807
241 1090
8476 7980
2087 1352
5698 5476
8454 9155
6294 5715
1426 2053
10429 9788
6948 7310
1626 2049
1560 1763
75 741
4563 5105
9322 8881
2220 2759
9660 9421
3803 3013
2238 2472
1137 1396
6279 6384
6563 5687
5102 4906
7229 8074
3794 3431
7021 7293
8441 7887
1281 1264
2540 3294
8502 9234
9352 8999
4672 5285
2775 3166
3556 3164
3276 3790
8251 8367
2890 2674
6881 7769
770 1633
4316 3420
5817 6718
725 1623
2222 3033
6572 6910
7829 7796
1690 2572
2766 3609
3399 3451
2779 3534
9867 9364
3159 3210
4855 5401
6124 7070
8581 8508
8509 8711
9301 8928
8706 9658
7629 7324
6075 5784
8369 7874
6897 7620
4717 4745
3380 4126
6104 6647
9084 9580
1881 2117
2439 1591
9056 9963
10522 9777
2771 3420
4375 3956
7454 8237
10265 9774
4857 4706
1369 2039
3332 3689
3034 3781
4730 5068
8993 9753
7437 8390
2958 3305
87 649
38 51
3338 3428
8083 8233
78 461
6220 6979
69 743
3198 2616
6733 7646
1665 2360
5779 5331
8959 8881
5342 5630
5320 4925
5920 6713
2443 2227
3919 2927
4833 5413
4999 4155
5509 6322
9445 9924
2220 3177
5339 4386
3168 3239
6149 5395
6403 5794
4549 5549
9278 8629
30 239
5347 5755
4059 4204
7802 7906
3643 3889
8187 8947
8725 7727
21 512
1520 2323
7382 6654
15 935
58 249
8669 8818
3565 3017
9600 8774
8596 8819
6339 5407
9991 9765
10019 9684
2330 1434
7454 7444
5969 5742
47 739
81 480
3748 3793
6964 6077
7545 7006
7779 7508
6273 7018
4572 4971
3455 3570
5302 4323
5119 4874
6901 6527
6015 6468
3712 4289
3625 3222
703 1458
57 425
2115 1743
8672 9503
3658 2928
3728 3112
16 755
3948 4770
10035 9836
10225 9490
2523 2939
5857 6630
8482 8240
2529 1983
10324 9965
3087 2795
3220 2635
4916 5340
8737 8949
5886 5307
8504 8147
4723 4602
7939 7584
4164 4682
7240 6723
3830 4753
2832 2213
5503 5131
2314 2905
490 1232
1896 1185
5798 5902
6067 5797
3515 3343
2179 2225
6808 7202
5138 4498
6802 7654
78 83
3145 3051
6903 6212
5040 5633
5136 5895
4997 5640
7332 7919
7954 8425
3888 3944
8980 9978
2784 3444
9319 8729
2065 2657
3987 4281
9127 9559
8762 8004
7141 6528
9967 9744
4849 4336
2092 2565
8532 9495
2523 2269
8112 7629
9600 8999
9029 8333
3741 3275
6065 5152
2087 2345
45 665
6694 7299
5641 5578
3013 3314
2600 3290
6480 6468
1314 1780
2547 2074
8446 9389
5376 5681
6820 7219
9952 9357
5752 5071
56 868
82 938
6338 6690
10197 9640
4729 4848
2837 3311
7143 6284
2315 2760
7559 7372
9744 9660
8676 7891
9715 9579
10424 9658
2318 2629
41 642
2024 3023
946 1049
6867 7651
4613 3863
5566 5631
1011 1190
6140 6196
7838 8481
5600 5702
82 804
51 382
10490 9596
151 1041
2012 2047
2721 3045
7914 7316
7660 6934
8329 8119
8609 9553
9314 9069
7515 7233
6909 6019
3100 2166
4757 5369
6313 5735
3253 2902
7482 7403
49 771
4570 4823
3269 3865
5291 5387
87 475
9161 8328
4346 3697
7529 7214
11 802
8412 7672
8418 9284
6137 6513
2826 3015
1272 2112
5732 6344
4761 4918
2714 1716
60 530
1282 1799
3172 2747
6777 5857
946 1011
8976 8697
1934 2023
3695 2915
1390 1250
2621 2074
5639 5222
8390 8238
2344 2706
8308 7481
1748 2081
7365 7622
9908 9614
93 299
57 744
2731 3402
1484 1950
4546 4708
5489 5892
1743 2129
9235 9534
5013 5533
5910 5526
2586 2208
3324 4136
28 940
1717 2070
6982 6121
8551 7781
2403 1790
8323 7935
5650 5520
1403 1419
3187 3412
6474 6226
5304 6129
2648 2771
6497 6193
6282 7280
9723 9519
88 482
7812 8706
8480 8713
6679 6836
6322 6326
2826 2441
8890 8019
3396 3925
3827 4472
8956 8817
7966 8068
52 124
6820 7675
6529 5974
7623 7079
3421 4088
6819 5945
1302 2118
6826 5865
4575 5339
4515 4962
2735 2224
3330 3862
8173 7425
7300 7621
6750 7295
5569 6198
53 397
52 944
7145 7480
1995 2212
3687 2925
1173 1204
7089 7939
2813 2166
9272 8446
1572 1925
37 955
13 422
2604 2862
2175 1929
1008 1181
1441 1066
5576 6237
6694 5922
6678 7481
5079 5966
8946 8661
7828 7508
5053 4751
86 996
9262 8605
7370 6973
4976 4958
3439 2537
2257 2320
6794 6915
9652 9568
69 644
8500 8870
2022 2589
9637 9364
63 416
5742 5377
88 698
6413 7275
7383 8191
5164 5138
5411 6285
8001 8602
6903 6594
4533 3900
4135 4597
4490 4876
70 488
4658 4944
1449 1627
1064 1075
9929 9163
7396 6674
1756 1744
2916 3876
1722 1364
8322 8406
10050 9739
1926 1231
1360 2170
6766 7591
10667 9690
5784 5655
3427 3062
3130 2636
1534 2463
66 404
3190 2908
3750 4446
8670 9670
7732 6742
5710 6301
81 430
8547 7666
2416 2646
8460 9174
98 404
1123 1965
6558 5846
6166 6158
6393 5480
78 121
815 1186
2516 2479
50 455
5919 5100
5124 4732
5592 6179
3154 2894
1522 1353
71 97
6082 5750
3594 4315
8561 8294
7347 7079
6300 6716
7645 8576
7864 7929
6610 6271
1733 2641
5969 6572
1164 1238
8147 8235
10134 9240
882 1879
80 386
5806 5693
3947 4337
4153 3993
2403 1809
8315 7817
7632 7544
8722 8920
3294 2397
4243 3443
1504 1659
1348 1654
1098 1837
4712 4886
98 745
6390 6845
5909 6031
9907 9198
17 959
8966 9945
1828 2470
9795 8801
75 561
7795 7906
77 123
10693 9857
4565 5538
2431 1450
845 1471
7643 6643
7732 8657
13 681
8053 9013
3090 3219
2325 2929
9387 8677
38 669
5892 4970
7793 7363
9120 9042
20 53
2164 1551
2368 2649
7291 7955
8018 7708
7043 6903
3944 4272
6133 5135
7862 7993
6848 6307
3196 3462
2688 2181
9814 9507
4164 4182
8194 7634
3782 3813
145 1033
8222 8836
3160 3201
5565 6029
8356 8473
2511 2798
8378 8313
3725 3569
33 471
1256 1885
8394 7412
80 531
4113 3571
8661 9482
5819 6489
7238 7549
9397 9874
8424 8926
1948 1474
98 357
3882 3282
5622 4678
2784 3146
6608 7056
12 486
9123 9569
6625 5968
2310 1797
41 863
10479 9824
3723 3423
1139 1411
35 338
1858 1926
6750 6965
3741 2891
4046 3349
6315 6915
5329 5566
6185 6469
71 720
2427 3319
9060 8457
3020 3674
9536 9412
2514 2934
5562 6157
2876 2283
5077 4161
8335 8616
5639 5362
9275 8722
3380 3796
3996 3346
3275 2389
3825 4332
10338 9971
6643 6463
10423 9582
8808 8190
5826 5002
3758 4501
6578 6810
3288 3263
50 408
7158 7643
7132 6977
5862 4926
10942 9944
7526 6994
8304 7895
2986 2935
6090 5265
3789 4514
2230 2563
2866 2269
64 319
9756 8958
8723 7782
9133 8743
4956 4516
6516 7158
9033 8095
1770 1593
1720 1492
9407 8462
5592 5645
5382 6117
3738 3093
44 17
9657 9065
5138 5826
2167 2166
9666 9049
3572 4334
5646 5368
2520 2240
2417 1606
5549 6076
5252 5559
2212 3021
4761 4174
6236 5778
2876 2482
2120 1859
4893 5252
43 557
5180 5261
3853 4678
2764 3458
5684 4846
1418 1154
8540 7652
7338 7519
8066 8769
8370 8386
6436 6825
83 644
5281 6273
6043 6135
6933 6733
4247 4531
4985 5971
906 1654
9392 9179
7406 8022
100 197
5526 4903
7531 6816
5860 6616
7428 7236
2568 1875
7173 6972
9338 8496
10726 9788
6135 5844
1692 2322
2128 2365
7674 7161
2369 1693
8097 8424
10006 9534
5953 5700
4394 4962
8799 9245
5679 5087
619 1116
869 1121
7304 7149
61 234
5491 6164
2237 2367
4940 4862
8816 9273
20 160
89 825
4409 3572
2876 2457
6673 5837
3640 2789
7573 8551
6402 6471
2884 2909
8783 8621
5468 6416
9927 9587
2267 2652
8563 7931
10 457
5635 5896
5458 5714
81 530
21 375
5923 5047
4412 4075
5358 4815
5915 5323
1429 1538
7844 7948
83 355
1228 2109
3581 4531
5227 4971
9730 9726
665 1176
4387 3717
4005 4404
329 1262
6239 6035
8550 8164
5609 6077
7455 7621
3900 4057
5536 6136
6094 5768
5291 6113
25 598
3120 3820
2742 2280
4411 4077
7534 8430
8544 8870
3839 3368
9892 9324
731 1107
3282 4140
1076 1247
9619 9307
95 671
5024 5581
5153 5417
5443 5163
914 1073
5808 6721
5385 5099
1969 1066
10442 9985
847 1084
6061 5272
6745 7234
8895 9686
7958 8436
10388 9866
9017 9406
8954 9420
4278 3865
2057 1579
6533 5894
9601 9696
16 864
6467 6566
5401 5196
2292 1449
2998 2225
6761 7175
5612 5550
5119 4820
8037 8624
6261 5652
4731 4442
2129 2078
73 236
4890 5768
16 583
10749 9802
3776 4609
4470 3942
7516 7768
7779 7402
6983 6600
7750 8088
1080 1091
7362 7858
3413 2912
8458 9307
2403 2997
6877 6243
7272 7844
6021 6994
2595 2658
3984 4942
4226 3546
2253 1376
3226 3540
7239 8006
8419 8072
8088 8628
5325 4690
1735 1446
3171 3476
6514 7137
8393 9196
8978 8565
3855 3626
9074 8533
5528 6033
2869 2970
9428 9751
9290 9697
2375 2779
6736 6454
92 541
8289 8976
9816 9764
1208 1115
5492 6145
6308 5462
3282 4136
8274 7468
942 1570
7362 6423
7545 6568
9576 9084
5886 6715
9365 9145
4621 4627
7292 8081
8575 9387
7109 7162
701 1523
2745 2614
6056 6087
6009 6321
2533 2974
3514 2976
2534 2769
3310 4027
9819 9517
5933 6134
3221 2990
3589 3331
6927 6385
5029 5270
12 225
3609 3720
6524 6517
6990 7609
4975 5354
2306 3070
6466 6782
7776 7090
8493 7958
1944 2061
2902 3297
7387 8310
6917 7688
2497 1591
9115 8905
302 1298
703 1171
9070 8922
56 533
585 1113
4151 3154
6315 6006
3669 4387
9261 8706
3925 3294
4773 5297
6014 6914
5727 5159
1638 1740
5054 4397
2756 1936
14 768
5529 4899
6836 7153
29 984
9260 9996
2554 2202
1968 1693
9062 8965
9289 9529
3529 2754
8717 8769
3023 3817
2236 1662
8019 7224
5929 4931
4405 4106
3582 3357
6360 7176
8912 8440
5628 5440
10432 9826
3370 3428
5989 5649
7648 7364
9209 8274
9040 8246
7268 7334
1418 1983
7641 7359
10377 9421
8724 8313
4878 5205
7085 7113
3363 3009
6330 6772
5503 6305
4139 3166
73 670
4998 4766
100 103
2806 2801
7595 7637
4036 4633
7363 6604
5254 6198
3831 4177
3847 3459
4427 4787
8351 7668
4787 5177
8324 8758
9038 9764
6017 6343
6029 5607
7690 6723
3920 3800
3484 3898
6804 6676
877 1289
4315 3580
3859 4303
5889 6230
4131 4251
6995 7450
1517 1285
1641 1802
2062 1678
6026 5227
3382 2874
24 248
3678 3381
9866 9065
3681 3842
6421 6588
7202 7491
8121 7810
2452 1875
3700 3037
3266 3802
3237 2866
2574 3146
3383 3550
5162 5278
54 747
5122 4950
5496 5891
2803 1916
4717 5487
9095 9735
17 977
96 17
6267 6043
3484 3590
5817 5642
2442 2320
1503 1577
5533 5661
31 333
6372 5384
674 1459
5485 6364
4711 4027
81 544
7617 8332
7837 8519
9050 8277
10218 9950
5072 4498
6153 6792
7424 7951
8961 8517
3987 4276
6848 6212
1651 1020
479 1218
9886 9514
6159 6298
5304 6007
8988 8904
7739 6789
2260 2119
2001 1862
3492 3418
8238 7398
9524 9232
3234 3824
697 1516
6934 7069
559 1444
5845 5522
8701 8081
2867 3523
8692 8751
20 521
7082 6385
8104 8585
8582 7943
3997 4742
3152 3530
8421 8471
40 916
5625 5807
2942 3373
99 794
5630 5983
4217 4943
6827 6295
2080 2038
2754 2892
7370 6909
10126 9153
7814 8343
3076 2869
3979 4116
5656 5139
3366 4034
7886 6990
7038 7428
8800 8868
883 1432
2091 2080
7414 6435
3262 3990
6182 6226
5972 5607
8479 8385
15 228
6008 5047
5915 5148
71 513
6527 7374
8888 8143
3643 4484
2749 2398
