5052
100
11806082
40 60 43 49 40 41 48 40 44 42 53 40 40 41 40 49 43 53 50 49 54 51 58 58 40 59 60 60 48 49 50 59 59 46 51 49 40 56 40 52 50 42 54 57 45 55 60 59 44 56 50 48 53 60 45 55 55 44 53 50 42 45 58 58 57 45 57 51 60 42 58 58 44 55 60 56 52 40 41 43 52 53 48 45 55 44 55 50 58 52 45 55 56 60 55 54 57 54 59 44 
-67098 -118586 -84824 -87258 -79481 -87227 -92164 -79236 -95128 -91372 -97134 -75524 -78925 -87473 -76647 -100030 -80679 -106688 -90390 -99806 -108127 -120187 -109113 -111433 -81854 -112824 -103275 -128115 -93779 -97986 -99938 -118064 -115948 -88532 -101473 -102745 -70953 -114202 -87679 -115334 -99953 -81407 -106139 -107416 -70948 -107830 -119718 -98256 -96760 -103245 -104005 -102407 -110445 -114717 -76702 -113035 -116268 -82548 -106639 -99776 -77230 -80998 -117585 -109508 -124253 -85039 -102956 -99842 -105109 -94680 -100917 -114033 -94355 -110864 -108494 -108242 -94015 -78196 -68457 -84425 -100120 -91427 -93713 -92572 -112089 -74789 -89232 -93401 -114237 -84438 -81230 -115901 -104568 -111522 -121868 -111239 -110532 -108855 -110817 -83487 
67101 117744 84611 87233 77008 85419 92066 77249 93081 87224 97866 75542 79248 85356 76883 95981 81190 104059 91335 96222 107745 117483 108276 108844 79800 110662 104793 128894 91890 97559 98417 118209 117951 85549 102926 100210 69590 112107 87510 115587 101678 81564 106263 108051 71390 106064 119252 95732 95140 102740 102980 101987 108414 115227 75155 111218 113705 81961 106201 98777 75784 80304 113783 107295 123638 86849 101844 101201 103528 92170 100955 111802 93489 105597 106784 107369 91725 78411 69117 82276 98050 89349 92950 94796 112969 75326 87326 91495 112127 83696 82360 113008 104235 107678 118272 111297 108846 107401 110227 82006 
5960 6640
2927 3797
93 652
10598 9906
5079 4738
3594 4132
2927 3539
5235 5577
852 1408
6679 6332
5692 6318
14 32
2390 3126
2441 2314
8881 8999
6407 6203
8817 8150
2460 2230
2948 2807
8560 8456
4843 4464
100 962
84 212
4481 5176
3427 2501
6372 6933
3365 3926
7880 7095
6589 5650
2976 2047
2723 3418
6623 7415
2707 1707
1655 1318
8361 7737
3889 4597
2287 2527
4037 4293
5769 6618
47 196
8372 8216
8818 9413
2284 1688
1694 2150
5577 4801
9869 9426
4729 5554
3539 4462
3859 3473
7759 8318
49 944
1398 2327
91 798
9496 9991
7905 8190
338 1246
2298 1783
4990 4271
4598 5356
100 210
8225 7625
6169 6649
4290 3953
9538 8926
4936 5409
6197 5510
4810 5640
9468 9411
7262 6429
7142 7677
4631 4421
4382 4432
7018 7015
7910 8259
5131 5580
3925 4333
9489 9001
3346 2534
10 872
1026 1575
1043 1067
9979 9153
4555 5507
4513 3793
6418 6704
5819 5509
9788 9047
6921 6150
1372 2295
6076 6576
3427 3324
5316 5744
4329 4400
7421 6804
3795 4714
3745 3148
6885 7097
2080 1385
4236 4277
1423 1021
3326 3530
3141 3802
9647 8736
3378 4015
3349 3374
7948 8267
63 1005
7417 7558
5010 5601
6987 6636
71 376
4409 5063
7104 6469
9269 8446
4215 5126
4418 3612
2779 3746
9391 8889
7521 7888
4340 3368
9698 9140
5942 4995
94 771
2130 1594
6597 7586
3752 4248
3968 3700
6454 7210
52 189
5576 5237
5951 6676
3860 4296
60 608
7558 7626
2424 2458
8272 8770
8301 7681
5739 5319
6045 5297
10330 9831
4186 4472
4493 5043
618 1340
8468 9407
5773 4912
2940 3530
7071 6715
3181 2749
10254 9995
376 1260
7796 7254
1343 2316
9792 9762
1074 1635
2813 3579
4235 4712
4501 3669
4518 4478
2953 2946
5762 5849
12 990
7756 7174
3616 3067
9284 9429
4159 3789
4665 4807
6698 6545
1627 1156
2187 1684
2696 3068
1435 1688
2939 3723
5483 6092
4833 4914
4931 4688
708 1616
7559 7513
5061 4207
4898 4226
51 723
5845 5383
61 586
5539 5278
4164 4163
6011 6467
5053 5058
10440 9919
560 1404
1107 1936
9292 9454
8203 8828
2355 2054
1922 2269
1353 2197
3666 2900
6398 7076
6993 6626
6600 5898
4933 4264
4127 3162
8687 9116
6869 6370
6990 6208
3232 3261
5436 4438
7545 8203
4173 4178
70 217
9832 9078
6263 6097
4150 4523
72 340
7765 6818
2021 2308
8938 8696
1665 1509
4762 4914
1861 2021
3761 3464
53 783
3782 3697
2509 2630
8216 8654
8017 7698
8423 9422
6708 6908
8960 8788
7038 6273
1966 1613
1502 2302
6324 5732
8704 9209
66 412
7524 7086
1233 1673
7648 8392
8596 7713
8671 8157
7840 8197
2747 3106
4208 3962
3588 3652
2925 3632
4237 4881
6120 5315
6079 6327
7513 8397
8259 7585
8380 7599
9980 9583
830 1311
6605 6523
5926 6367
3285 2614
4790 5029
6560 7058
36 257
10353 9363
27 411
6656 6747
3678 4042
5585 4969
6119 6732
10466 9530
5779 6480
7827 8505
4744 4599
94 584
4693 4088
10098 9437
1344 2125
4118 3129
6771 6122
5628 5043
1495 1262
8117 8613
8708 9631
2285 1659
2249 1356
3737 4644
2472 1693
772 1132
6014 6537
8662 7815
4526 3528
8229 8563
5195 5308
9006 8741
1806 1057
621 1376
1714 2684
9252 9056
4694 5454
5935 5763
3782 4434
7336 7991
5610 6246
2164 1454
4474 4836
49 953
9916 9744
5529 6004
1907 1562
2576 2720
9527 8868
5346 4988
6102 6992
10042 9848
3687 4363
7407 7711
3330 3948
2298 2485
2005 2024
8648 8211
2067 3035
6651 6114
70 266
3208 3150
9473 9476
7179 7609
3064 2995
4446 4355
9041 8500
9768 9119
2598 1825
4688 4888
1498 1209
8667 7787
2925 3614
2825 3176
9036 9185
5957 6084
2553 2669
4421 3610
6777 7632
4089 3200
7691 8203
4018 4594
61 711
50 725
9719 9702
9040 8790
5149 4771
6318 5702
6965 7134
8985 9853
1645 2425
4088 4756
3579 3147
6722 6932
4934 5567
1873 1678
5600 5276
6108 5312
3409 2887
4323 3567
4362 4114
20 248
10341 9610
6092 6657
1280 1271
5391 4680
7417 8352
4012 3169
60 1007
4569 5448
9044 9088
4891 4500
10270 9694
4775 5534
1900 2622
3896 3954
1896 2537
6986 6398
3818 4297
2601 2769
8831 9397
3342 3648
8868 8681
7279 7041
7851 7367
2382 3284
4050 3244
8923 8131
4779 4899
4676 4276
5187 6177
7271 6981
8450 7915
214 1044
4908 5317
5833 6489
5470 4645
9033 8258
5985 5096
8754 9150
7635 7407
1760 1068
9082 8368
2687 1918
8616 8511
4851 4843
765 1482
3637 3256
9463 9634
3183 2196
9025 9884
7661 6701
9954 9108
8931 8302
4605 4470
3590 4093
6225 6863
6011 6093
7120 6135
70 162
1880 2232
6152 5287
6454 6631
4273 4056
3211 2286
2475 2402
2755 1983
2015 1730
10420 9996
7905 7272
5384 5820
2967 3327
9538 8803
593 1079
8454 8136
3280 3505
8839 8400
9757 9566
7003 6143
6783 5930
7039 6780
7262 8212
5405 6319
7161 6287
2197 2903
46 394
617 1280
4707 5299
8873 7909
7858 8170
4871 4230
7208 6715
5013 5686
7483 7594
8783 7926
4237 4770
7600 8549
2291 2370
15 573
5047 4570
1760 2681
4573 5064
8273 9114
9028 8886
66 499
6231 5714
30 112
8980 8381
41 203
7003 6826
5799 5125
9295 8604
10546 9772
3972 4143
4353 3656
2214 1481
7033 7106
1970 2494
2101 2654
681 1586
2894 2134
4311 5090
3068 3017
5031 5267
9469 9951
1694 2109
8744 8627
2231 3209
6208 5923
2126 3016
8048 7887
9509 9072
3264 2863
3092 2709
3940 4408
4664 4965
1557 2503
8227 8459
70 342
5976 6495
58 836
8741 8214
1229 1888
1435 2155
4878 3975
2592 3038
9119 8851
7999 7840
8517 8447
1950 1244
8925 8858
10144 9633
2437 3074
8059 8997
6728 7634
3510 3192
3052 3564
2952 3682
6048 5747
5118 5694
8943 8681
8949 9865
2006 2448
23 182
7414 7828
645 1049
3951 3259
7300 7398
69 685
97 287
86 433
4751 4352
7570 7596
30 141
8331 7520
1901 2820
5924 5083
1850 1663
2891 2630
1846 2816
3969 4401
9242 9169
6280 5916
6118 6363
8293 7863
2457 2024
9681 9734
5848 6692
7741 7034
46 530
2930 3040
8822 8882
3925 3866
9647 9435
69 658
7685 7855
3696 4564
3487 3041
8299 8101
8101 7421
6971 7738
78 800
2730 3192
3088 2336
2252 2089
1943 2163
6506 6189
4283 4695
4020 4626
6618 6733
3965 4563
3086 3909
6099 5383
7511 8495
6875 6381
3654 3342
9236 8860
2543 1899
5468 6200
1692 2346
5225 6054
9226 9199
7046 7666
27 75
2901 2075
10103 9173
4700 3974
7392 8364
3856 4368
2517 2024
9277 8860
8739 8650
63 801
9121 8469
5512 5819
49 694
55 148
6834 7264
84 541
2648 2953
8188 7844
9565 9808
9806 9520
1736 2529
1840 1131
5890 5053
9384 8507
2906 2812
8493 8351
4952 5503
8193 7340
7208 7254
8905 8343
5890 5118
5824 6560
4895 5695
6813 7378
8057 8603
9255 9408
54 152
85 380
10401 9573
64 89
5754 5930
4615 4467
26 373
5199 5669
2382 1656
8631 8859
99 649
7206 7316
88 191
7009 7943
6911 7656
59 862
1834 1156
6125 6880
8123 9077
10706 9912
8669 8680
3160 3174
4560 3795
5956 6097
44 724
32 863
6015 5108
1622 1826
2060 2562
7576 7565
4753 4709
3775 3748
4267 3993
8001 7360
3144 2585
8772 9716
11 284
6331 7136
6221 7115
2606 2582
8291 7689
5097 5344
9807 8887
4560 5363
5273 4551
10071 9881
4086 4406
9723 9428
7315 7781
3428 3833
8130 7622
5152 5110
4751 4625
1489 1142
5516 5442
598 1388
1781 1671
8988 8405
10266 9761
1493 2162
58 42
8202 7696
6721 7536
10895 9900
4382 4582
9592 9806
2024 1493
8476 8191
3993 4280
5919 5695
6252 5862
6621 6522
3896 3262
59 547
9174 9186
8909 8387
15 181
2965 3450
3457 2494
3171 3146
4378 3470
4957 5044
9064 8995
93 359
9964 8996
2687 1806
5373 4531
2802 1979
6119 6832
4851 4720
8874 8843
4051 4951
9346 8388
2966 2939
1562 2214
45 291
6963 7666
5793 5165
6644 6427
3227 3906
5510 5799
1978 2522
7151 8126
7632 7030
3894 2979
36 316
4900 5318
1833 1555
9583 9395
8184 9103
9774 9238
4195 5054
3370 4344
9508 8623
705 1139
7495 8201
6853 7114
2116 1518
60 241
8326 7844
5214 4717
7560 8179
7236 6521
8254 7819
1290 1166
38 293
5542 6538
9207 9577
34 818
5439 6139
7391 7618
7744 7032
3708 3942
999 1583
4735 4653
2007 1604
835 1262
2325 2340
1490 2024
5512 5760
6442 6407
73 131
25 948
6446 5565
9852 9067
4260 3407
1067 1727
9951 9414
3973 3916
7298 8285
9220 9875
4504 4139
10086 9481
7934 8195
2388 1834
4345 3993
68 673
1927 1901
5587 4880
7869 7673
6983 7474
9233 9588
4399 4058
2367 2725
9863 8990
2231 1485
7783 8720
3481 4134
3466 4216
8807 8872
722 1678
7253 6498
5328 5603
4744 3822
45 934
4451 4026
8129 7869
6575 5594
7158 6798
3089 2830
2552 2353
5569 5805
27 81
7729 6962
3888 3870
9283 9362
2691 3432
9540 8643
8196 7707
3170 3444
2459 3197
6897 7642
7188 7751
75 899
2525 1549
5984 5790
2992 3106
256 1242
4386 4520
82 529
3197 3786
1567 1406
7670 7352
2441 2244
4789 5357
4432 5249
5495 4548
8793 8580
5865 4993
2284 1347
4823 4833
6411 7053
6138 5758
3935 4638
7039 7515
2366 2201
6146 6378
5804 5696
4228 4857
31 465
10237 9420
1922 2278
39 891
7740 8674
8245 8133
90 291
3537 4388
9687 9306
643 1501
3265 3589
5811 5549
3304 3636
2866 3186
8810 8128
6695 7128
5110 4636
1850 1216
7896 8168
8329 9308
2154 3150
7980 7184
10040 9289
5663 6412
7079 6438
5985 5020
3463 4240
6984 6696
10387 9614
4854 3947
8717 8062
7159 8091
7542 7361
67 931
9531 9431
6854 6026
50 535
5965 5371
1603 1164
4459 4001
7888 7512
3476 4126
6445 6284
4209 3559
4524 3895
8942 8350
4604 4890
6849 6727
3762 4248
4712 3846
7080 6809
1397 1018
8333 7349
10101 9175
2661 3474
4320 5134
5306 4837
6047 6279
9816 9171
1447 1735
2807 2188
4638 4858
43 67
11 341
5476 5818
8022 9019
4539 4423
70 971
497 1426
9308 8479
280 1089
22 838
7278 7716
8772 8266
8718 9709
7546 7189
7548 6865
5206 5950
1404 1752
1446 2240
4551 4034
4557 3605
6944 7091
38 774
89 121
14 589
9241 9706
6652 7294
4266 4742
8751 9120
6010 6837
8111 9099
1883 2111
3243 3233
7137 7059
2545 1909
4549 3872
1852 2325
7984 7706
3824 3755
8426 8356
6099 6076
1846 2189
4671 4676
4598 5145
9760 9097
3176 2331
2609 3168
41 270
3647 3613
4695 5600
5511 6072
7465 6771
10178 9231
3835 3827
9719 8926
1605 1684
4811 5692
83 668
5349 5446
5443 5475
8780 9016
8474 8221
7501 6513
6688 6063
2015 1415
9709 9560
10020 9987
2365 3034
8872 9689
3429 2983
8907 8142
9815 9418
7207 8152
1250 1996
3332 3236
5143 4735
7931 8412
6592 6835
7892 7661
8804 8977
1373 1091
8341 8615
10161 9347
6586 6878
3674 3922
4549 4273
995 1219
3429 2543
9778 8987
4771 4929
6740 6774
8026 8770
9070 8074
7930 6998
9755 8787
9838 9502
7093 6839
6259 5867
67 21
7628 8486
3705 4353
6803 7129
2557 3173
4541 4553
1905 1880
8515 7742
8826 8216
8375 8885
3048 3145
64 1002
5091 5288
4329 4946
2082 1562
8645 8837
8053 8041
4189 3549
1789 1942
3936 3522
8527 8798
7273 7862
2465 2068
8085 8308
4699 3932
2984 3416
9458 9406
4763 5267
7383 8328
10387 9830
4747 3857
8249 7783
72 227
2350 3081
6443 6409
3220 3005
89 954
5657 5098
4432 5063
14 305
1744 1133
7596 6804
7903 7875
7324 8167
1218 1936
3172 3323
70 94
2232 2822
3155 2814
5428 5003
9362 8553
3240 3480
7835 7060
6876 6095
2750 3708
8087 7125
58 818
7051 7711
4848 5076
4538 4217
4484 3583
3464 4197
6483 6647
43 674
1672 1099
4534 4541
3847 4538
6789 5989
8250 9151
9088 9186
7101 7913
8915 8917
4938 5665
40 210
2353 2877
3665 2949
9167 8394
2267 2602
6542 5811
3707 4333
5498 5706
74 348
6631 6719
8234 8945
7447 8273
83 35
24 1006
3812 3537
91 502
2620 2654
7550 6664
4751 4639
7849 7583
6682 6325
4366 3755
8086 8610
1577 2190
16 908
3216 3935
7761 6949
4250 3725
5353 4844
4976 5561
6409 6984
76 962
2941 2757
5215 5107
7242 7423
8137 7139
6256 5832
7096 6718
9157 8845
8727 9292
1893 1299
3483 2920
5727 6442
6599 7298
4093 4352
1837 1134
6874 6412
2991 2143
3406 4342
2393 2701
7598 7027
2761 3611
7001 6971
4933 4267
9147 9477
4741 3884
3128 2951
3187 2795
3930 3988
10331 9910
8246 8521
2349 3108
1762 2501
1503 1144
3652 4565
6216 6046
6976 7327
3773 3390
2759 1798
7204 6359
1011 1123
3890 3184
3937 3411
90 732
9217 8753
5650 5994
4789 4408
5119 4936
3632 3185
5659 6160
1379 1560
8159 8133
5250 6067
2426 2654
906 1701
10659 9674
7338 6942
9957 9567
3202 2773
7968 8849
6846 7099
8206 7954
4334 3676
8507 8969
6310 7272
3256 2412
8809 8313
22 936
10264 9673
7092 6238
6600 6027
6150 6184
7664 7777
3417 3997
2215 2375
14 112
2583 3080
5885 6173
8135 8638
29 893
6116 6724
3598 3337
4135 4994
9363 8978
76 966
1442 1172
9861 9725
7567 7592
6181 5299
8968 8029
6477 5621
6201 6480
4927 4112
5481 6316
4525 4317
4869 4045
8063 7805
231 1105
7791 6865
2681 2762
87 42
4462 5186
2066 2634
4042 4573
8253 8280
55 648
9067 9010
2486 1755
9048 9488
3376 3521
9861 8935
5613 4983
4107 4425
3947 3352
4195 4167
4766 5326
4531 4302
9538 9175
1920 1108
37 245
2143 2832
4091 4833
526 1325
8036 7768
8153 7322
4950 4147
9304 9352
3186 3662
4054 3306
21 197
6674 6747
1453 2237
893 1563
3596 3016
26 394
4743 4630
5844 5709
85 514
5703 6345
2702 1958
74 194
430 1076
6576 6534
7077 7962
1759 1383
8612 8834
7441 7789
6357 6793
91 597
7577 8232
5629 4704
73 469
3873 3312
796 1204
57 757
2329 3158
9752 9780
6675 7605
3219 3115
4429 4505
2254 1545
14 450
6273 6713
8204 7696
8068 8611
1993 2540
4860 4421
7841 7686
5898 6415
53 419
4322 4231
23 642
4848 5402
8058 7356
6250 6173
5378 5506
4254 4174
2725 2011
8899 9485
4751 4744
5905 5566
864 1182
6278 7136
1737 2503
7207 7790
6021 6273
8400 8146
6924 6377
9974 9465
8347 7481
7471 6704
3114 3071
8553 7720
4495 4918
5825 6304
4355 3637
9870 9294
8156 8292
7517 8312
8824 8467
7280 6515
8331 9293
3495 2876
9231 8311
3688 4384
2613 2444
8535 9144
7711 6757
2052 2964
3457 3684
3262 3697
2487 3116
8805 9621
6147 6557
69 912
7458 7678
8965 9478
1010 1897
1898 2649
7253 7807
8642 9378
7140 6521
4601 4637
3445 3657
855 1721
36 84
6603 7283
8268 7859
7901 7824
983 1349
1626 2068
6742 6035
3234 2495
6241 6684
8966 9352
1441 1436
5619 5825
2389 2421
7946 8569
6297 6982
5950 6298
7800 7491
4001 4619
9319 8739
8715 8090
5029 5835
2958 3676
1061 1285
1979 2325
7128 6889
8239 8475
4567 3734
2785 1809
45 615
8457 7475
2634 1853
6619 7206
2421 2200
90 774
1928 1218
8817 9402
6649 5973
4557 4532
4439 5338
7957 7658
7047 7408
8056 7769
8839 9680
8810 8901
3404 4015
2079 2993
4458 4999
3005 3358
2866 2148
8041 8848
1908 1804
4041 4028
5139 4191
59 200
5813 6021
43 119
1265 1062
1021 1297
10596 9713
5408 5364
76 526
2651 3445
9435 9975
10079 9574
6984 6482
3549 4006
8922 9371
1081 1155
6146 5210
7485 8121
6472 5528
6563 6023
5888 4999
7908 7615
7966 7629
91 291
1619 2318
4758 4845
17 400
7158 7343
4698 5599
4278 4668
9301 8357
9039 9065
7241 6902
10286 9887
5983 5788
4517 4534
43 581
74 208
4914 5727
1195 2019
4326 3546
4821 5230
7318 7126
5667 5074
319 1026
8440 8225
2052 2710
6109 7015
5048 5071
7904 7471
2552 3146
7024 7628
7859 7066
6276 6212
5318 5683
9357 9736
1755 2521
9572 8694
2093 1679
5761 5504
6319 6319
5467 5406
50 710
2366 1481
4001 4652
3567 4006
8484 8554
9499 8867
3082 4064
9672 8939
689 1252
4507 4818
5514 6018
3531 4514
1204 1510
5019 4025
1999 2019
1765 1417
2857 2892
5474 5488
10540 9702
6991 6798
4513 5259
7641 6802
9496 8945
7960 7990
5896 5558
3815 3909
2371 2377
9384 8944
4532 3817
7496 8450
6770 5993
8888 9196
9987 9705
1876 2080
1923 1631
32 561
3869 4113
762 1457
8498 9362
3906 4083
8626 8500
3598 4579
2563 2147
2176 2861
4929 5137
6763 7013
7398 7018
4090 4602
6349 6523
72 549
6405 6481
5493 5477
5802 6586
7363 6629
3884 3453
3733 3112
5728 5133
78 162
7614 8402
6808 6551
2417 2019
4053 4672
1643 1824
4359 3575
7136 7626
8867 8198
5612 5443
10143 9685
2044 2223
10304 9614
5024 5787
8167 9002
2205 1538
1781 2331
7322 6849
5329 5527
3055 2736
9074 9828
91 961
10162 9559
1948 2583
2308 3197
6859 6700
9383 9047
1145 2123
3513 4260
3172 2713
4307 4757
2235 3205
8289 7759
9651 9559
4094 4620
9198 9496
663 1609
4667 3684
10264 9825
2835 2058
7281 8033
6671 7441
10128 9949
1735 2032
3219 2620
5286 6140
6321 6515
2057 1392
48 147
2745 1937
9084 8891
1408 2205
4065 4699
7660 8439
7996 7658
78 78
54 25
7834 7955
8992 9327
8916 9901
6542 5799
2665 2988
7871 8771
8956 9011
5713 6377
8951 8430
8501 8632
2016 2282
4798 5473
8048 8443
8453 8213
30 125
8607 9548
5575 5691
1191 1295
2711 1807
5185 5171
3886 3768
6339 6798
6734 5908
1189 1703
8917 8352
1425 2193
65 664
1915 2805
2144 1787
7997 8175
8412 8941
5965 6913
1941 1122
8088 8033
8092 8813
939 1674
1560 1220
1970 1690
31 225
1087 1920
10129 9551
2968 2132
7899 8654
5040 4647
5559 6292
15 275
7423 7014
1308 1920
5220 4982
3820 4752
8561 8707
3473 3364
8144 9022
5923 6700
10217 9764
2823 2619
5229 6107
8114 8671
5339 5008
3266 3117
1200 2161
5242 4760
4343 3364
5030 5410
7033 7355
5454 4551
1930 1753
1941 1657
8452 7797
3972 4195
9714 9566
9537 9958
22 399
1599 1457
6178 6913
53 937
7370 6437
4756 4578
2554 1820
6236 7219
6621 7243
2027 1818
9464 9285
2093 3019
2012 2126
6426 6705
10062 9614
24 427
4490 5421
6508 5517
7491 7771
2086 1787
51 52
1953 2351
4491 4124
3092 3110
3744 2924
5267 4673
7124 6684
2400 2791
8000 7887
8940 9208
2573 1772
6983 7942
4712 3779
8412 7904
6859 5967
3499 4302
5991 5925
5872 6552
3772 4479
7216 7207
1428 1807
10083 9142
3082 3391
2789 2664
7861 8833
6159 7014
16 101
6102 5600
3842 3645
2291 2798
6451 7451
2087 3012
7517 6948
6715 5789
3252 2530
5788 5803
37 698
3768 3704
6899 6132
7904 7987
7893 7772
4240 3316
14 759
8449 9261
2949 3538
8454 7807
3770 4738
53 613
8509 7534
8589 8684
3526 4483
8599 9374
6921 7625
6372 6134
6522 7112
1936 1906
3199 2781
8558 8567
5891 6349
4205 4800
5268 5860
2282 2628
7618 7630
7878 8771
6107 5519
32 51
4251 4469
6071 5278
14 495
2962 2120
5149 4680
4681 5291
9569 9585
1647 1318
3230 2837
6481 7288
10611 9950
2491 3459
4672 4424
9773 9423
9286 8740
8865 8831
9975 9059
1891 2646
6885 6485
7326 7159
9226 9201
7666 6735
9610 8686
7249 7733
3399 4052
4938 4333
4737 4645
3489 3074
6035 6734
6385 7084
6033 5583
3431 3276
7543 6925
3684 4510
1883 1580
7195 8143
2632 2593
6123 6681
651 1331
1197 1334
96 228
9136 8269
4051 3768
4329 3357
5230 4750
1961 2092
8294 8930
7916 8912
1543 2000
8400 9343
1887 2556
7111 6122
1830 2485
39 314
1670 1071
7823 7802
8757 9363
1731 1269
43 360
5389 4643
1936 1517
1787 1493
7435 8119
4629 4156
2002 2798
4523 4410
6431 5449
4147 4361
2692 1877
8194 7305
6808 6897
3405 3937
5748 6445
7092 6483
6502 6262
4792 4993
1999 1623
1734 2294
81 611
7528 8242
1844 1618
27 572
4719 5622
10651 9953
4656 4843
14 372
6618 6363
10602 9685
7305 6980
5599 5448
4939 4051
4331 3374
7808 7355
8654 9429
7391 8333
8473 8313
8840 9555
8638 8017
2798 2522
57 345
7981 7674
7739 7442
8183 9113
5434 5273
7225 6706
5383 4642
6130 5295
9970 9773
2459 1563
4942 4188
12 1004
405 1202
1385 1578
1759 2473
711 1326
5690 5380
9653 9410
8804 9032
10019 9888
49 463
10601 9625
1408 2027
1825 1983
5690 6400
3768 4202
1607 2317
6522 7471
5467 4906
3453 3805
8411 7905
3035 3439
5817 6296
3820 3382
5233 5595
1816 2744
8161 7326
1840 1113
1595 1138
6093 6773
6650 6775
3038 3820
8075 7795
4131 3733
9176 8518
1958 1698
4156 3177
8137 7488
13 661
5984 5583
7202 8047
8522 8091
10377 9710
2849 2231
5228 4968
2686 3049
1572 1545
8452 9378
3391 4354
6193 7136
4057 4312
4615 4769
6689 7209
6503 7398
7277 7581
3845 4614
5426 4429
7159 7982
8272 7616
7451 6567
5144 6058
8431 8036
7679 6838
1066 1596
6286 6790
7109 6276
1438 2217
9478 9946
7156 7722
8934 9144
8621 8282
14 330
5206 5472
72 19
4797 4588
5663 5908
8818 9220
2803 3319
8713 9484
8920 8561
8117 8141
4347 5066
4136 4766
6792 7484
7444 7482
6830 6626
3993 4120
2509 2050
8559 9333
8837 9600
55 432
8099 9027
2588 1800
6236 5684
6564 7007
5470 5817
8960 9146
4576 5260
5297 5093
9513 8669
10756 9938
9417 9521
1617 2570
1584 1340
9490 9815
7083 7841
8363 7486
8742 9071
2508 2078
2233 2208
5064 4178
3113 3766
77 200
3036 3279
2506 3183
4559 4189
6093 6901
7820 6983
8543 9269
2691 2423
3239 3726
1595 2060
5475 5350
4184 4725
5117 4921
6458 6449
9303 8904
4691 4424
8263 9223
99 51
4260 3822
3435 4419
52 727
4284 5277
6982 6353
8211 9063
5203 5804
230 1136
6193 5747
5528 4933
5071 5966
3575 2902
5913 6162
9327 8489
7701 8109
1967 2833
2613 1947
8008 7144
9137 9035
5598 6032
7815 7847
9274 9804
309 1057
79 791
10478 9734
8727 8476
2726 2446
8268 7928
74 386
8541 7684
3958 3759
56 243
658 1032
1665 2348
8183 7698
8065 8886
52 336
8519 8875
3266 3017
4742 5568
4500 5279
8975 9194
7862 8546
836 1361
6151 6987
8509 8835
5847 6396
4602 4201
6278 6508
6167 7106
8905 9450
6138 5768
6740 5791
4945 5279
7028 7701
5539 5621
7493 7946
6331 7002
2526 2527
32 100
49 513
5052 5272
42 656
3183 3700
6368 5732
93 711
4369 4339
9225 9226
24 317
3246 3847
8118 8172
7071 6095
2581 2135
1481 1986
70 308
8346 8938
7099 7621
1684 2239
2071 1726
4995 4618
4690 4636
2325 1382
9785 9500
9453 9653
5628 5847
7107 6557
9360 8889
7525 6881
7957 8494
67 897
8656 9516
6519 6855
6612 6118
2356 2973
8756 9360
2500 2410
4823 4908
10219 9472
8630 7712
448 1380
7109 7448
5656 6607
4571 4696
10289 9890
1976 2888
6463 6738
3740 4417
9138 8884
93 522
446 1065
9449 9362
2652 2751
1907 1816
2038 2729
2982 2234
93 821
4707 4290
5753 5395
10297 9777
3251 3388
1548 2512
5686 5000
5314 5926
5741 5148
5383 4458
4163 3199
1570 1126
1396 2232
5153 5497
3531 4297
6230 6056
3157 2480
7689 8643
3786 4604
3532 3324
8099 8762
9301 8666
3231 3275
1622 2393
1473 1245
5660 5900
9688 9247
10080 9883
4970 5492
5392 4533
9299 9555
5792 5411
632 1038
9278 9964
7298 6654
7480 8425
2504 2110
8537 7645
9387 9774
76 460
3133 3560
9017 9600
8990 8105
8253 8705
3841 4728
2629 3110
6946 7577
81 551
1641 1740
3960 4190
7570 7740
6757 6113
3433 4026
3974 3372
94 227
9867 9948
485 1239
2154 2916
56 167
9436 9744
2582 2158
6055 5063
4544 5490
2563 1563
1296 1581
3985 4223
1519 1650
751 1165
6859 7838
8356 9356
5941 6280
8464 8358
3739 3199
29 287
5690 5880
3827 3139
1138 1685
83 200
3882 4315
5894 5319
8644 9402
6000 5256
8987 9126
6196 6975
2729 2441
5635 5552
7103 6446
1652 1519
6650 7087
5153 4264
8721 9001
1468 2440
3194 2728
91 607
672 1429
2334 1928
2206 2669
6194 6957
3277 3172
2945 3680
3056 3506
8976 8423
2534 2897
12 641
5540 6363
5255 5772
1147 1376
5173 4642
2979 2183
1005 1370
6347 5813
4877 5681
7047 6235
9503 9490
98 271
3066 3674
6479 5824
3393 3335
2852 2253
5632 5037
750 1597
55 528
2254 1809
8003 7593
9463 9539
61 594
9118 9022
2678 3567
20 769
4765 4649
6769 6901
9142 9524
9776 9099
7316 8112
2643 2449
7138 6349
9618 8764
8996 9830
7415 7589
6369 6048
5418 4970
3056 2935
1964 1493
6696 6794
3235 2764
9567 9586
2514 3514
27 28
8407 7737
8255 8400
7866 7436
4610 3916
4623 4653
5117 4285
8227 8057
4623 5154
3303 3538
4919 4743
6693 6190
1620 2022
3731 3769
9578 9088
93 432
3136 2871
3121 3702
1579 2473
5831 6036
1594 2224
6133 5233
2866 3250
2833 3018
429 1326
7668 7669
7901 7947
2918 2675
903 1327
1673 2565
5460 5126
21 631
5118 5364
9450 9723
6492 5851
2944 2983
3870 4518
9844 9381
96 110
5427 4863
1126 1703
4911 4713
8985 8298
6579 6712
4340 4655
5034 4773
6391 7262
68 269
3626 3481
2468 3133
4443 4094
4251 3595
6095 6872
7859 7932
1405 2092
2690 3594
2072 1541
8782 9152
8543 8119
7342 7477
2435 2438
10730 9923
79 166
5837 4881
3453 2602
9686 8860
68 636
8423 9285
9437 9364
1417 2106
1965 1878
8719 9335
4917 4009
1767 1356
3850 4531
4850 5187
595 1403
9821 9681
10796 9926
6858 7521
6985 7608
2882 3835
20 542
6175 5852
4238 4167
3166 3033
7572 8534
3293 3908
1705 2620
4243 3320
6136 6285
6016 5775
7959 7275
8850 8799
3645 2702
8055 9008
1565 1863
9283 9505
4763 5447
7436 8011
5055 5089
3487 3594
6472 6905
1695 1608
3075 2153
86 548
7985 7490
2755 2916
9915 9038
2145 1563
4882 4474
5565 4575
5779 5990
1953 2206
5024 4393
3600 2710
36 449
3617 4576
5251 5648
4937 5505
7549 6725
9036 9146
6613 5935
5544 6375
4697 4393
52 51
1903 2172
3181 3309
2900 2998
5185 4649
96 805
6837 6036
8564 7685
3746 2995
1978 1255
1540 2068
6210 6331
8130 8933
543 1074
1854 2122
5628 5000
3863 4216
3485 2700
2301 2483
80 234
1658 1211
4646 4422
1649 1062
8429 9428
5934 6614
5741 5724
1707 2388
2620 2997
5670 4870
6112 6203
6856 7576
1912 1560
4869 5268
1988 2185
7948 7192
7780 6961
8470 7511
6271 6150
8877 8546
8979 8951
4001 4643
9865 9885
8806 9144
59 513
4251 4933
3827 3857
11 752
9015 9173
4553 4492
7382 6997
9606 9435
7812 8799
7065 6280
4946 4395
6687 7409
18 753
6154 5316
5609 4852
7299 7166
4572 4997
3142 3682
9501 8963
8447 8418
1550 1482
35 969
2310 1550
9590 9349
7887 8341
9848 9872
2694 1989
97 1010
2298 1628
76 807
5627 6400
6397 6413
7760 8117
7151 6641
321 1132
5446 5933
4378 5343
96 263
8364 9057
74 880
9286 8486
2104 1864
9075 9461
39 537
1990 2191
8376 7389
8718 9583
7027 7523
1879 2237
3005 2313
4051 4511
7025 6935
8439 8791
7731 7503
4755 4851
2311 2195
14 510
5999 5344
3570 2613
4648 4197
5180 4728
2080 2159
8023 7260
4681 4652
10147 9590
69 85
3895 3564
2068 2913
8940 8696
4191 5130
5046 5807
8791 9005
798 1259
3043 2423
6791 6699
4465 5085
93 248
6396 6042
7638 7767
5741 6144
6321 6656
98 230
1948 1315
3243 3329
6561 7537
8337 7441
6870 7283
1281 2030
7029 6525
4280 3400
542 1341
8264 9254
3338 3494
6445 6444
5992 5279
5399 5154
7779 7891
7652 6906
4433 4851
71 447
8617 9369
9546 9631
2481 1608
5198 4390
1551 2215
1331 2145
1424 1739
1663 1879
4564 3696
6441 7429
6671 6965
5164 5103
7038 6565
11 60
8380 9167
7453 7498
9326 9823
5426 5448
6655 5699
9499 8610
10137 9454
8181 7410
1785 2351
1505 1291
9105 9047
6135 6952
3060 2155
3066 2604
2412 3222
6941 7295
4389 4377
7570 7337
2530 3457
2539 3316
9131 9346
5356 5661
2587 3477
7777 7387
5841 5432
6300 5595
1432 1360
5110 4946
6807 7481
9609 9426
4787 4843
3166 3358
3556 2949
8004 8545
3481 3142
9033 8251
1758 2213
6306 6318
5382 4425
10406 9787
70 591
3978 4847
7020 6398
8984 9052
4733 5152
6811 7315
690 1309
10732 9839
1624 2504
9850 9429
7255 8116
6263 7147
9308 9221
1221 1612
5090 5510
6293 7215
8790 9166
4946 4211
1666 2561
3452 2525
8960 9685
5475 5351
6155 5414
6351 5812
5264 6171
6490 6443
2825 3336
2525 2663
3739 4297
5533 4664
1913 2679
28 283
7852 7411
9909 9715
3349 2749
9042 9197
6817 6318
2961 3107
3394 4273
1494 2285
9619 9667
8050 7850
3724 4028
7158 7356
5782 5561
1327 2012
6949 7650
7650 7827
8008 8157
6997 6445
2138 1333
4810 4020
9227 9948
811 1733
7809 8010
2602 1692
10559 9730
8064 8257
9016 8415
2693 2821
7066 6699
8018 7648
4905 4621
8523 7935
91 859
2479 1760
3395 3518
9839 9394
6780 7719
3431 2722
1592 1597
3353 2432
5410 5543
8934 9677
9887 9254
95 865
2720 1861
3524 3699
9906 9052
967 1871
3401 3752
651 1176
13 246
8795 9682
3332 2744
8410 8683
5524 5918
94 677
1955 2505
53 67
7586 8357
4024 3112
8521 8888
2344 2314
4603 4883
8645 9436
8918 9229
2375 3345
6037 6218
2806 2636
7552 7458
8810 8720
5516 6367
8664 7958
9835 9531
9817 9269
6238 6017
9079 8683
3420 2829
4052 3764
5780 6029
8260 9248
1879 1860
100 264
4018 4977
1861 2794
3420 3242
49 372
1737 1083
8703 8519
9261 9503
7641 8197
6242 6161
4507 4589
1687 1433
8434 8279
2523 1843
10382 9420
6719 6369
29 553
2974 2055
8466 8091
839 1581
15 675
9696 8803
50 267
93 206
7462 8456
2280 2183
2546 3396
5590 6359
1897 2824
7274 8262
3319 3300
3511 3630
6643 6801
5132 5163
2139 1915
72 52
7115 6844
8412 8683
7585 6906
47 422
8073 8859
91 834
4780 4582
8766 7969
29 47
2844 2508
7142 7229
4583 4425
35 247
2248 2636
2749 1871
99 81
5002 5355
2261 2342
5116 4476
2212 2906
8345 8600
1023 1972
2872 2612
5192 4592
9516 9612
981 1898
10466 9950
290 1124
45 138
7809 7126
4646 3804
3367 3373
3709 3358
8779 9505
4176 3853
8230 8084
6332 5619
9463 9343
3563 4062
9668 9849
3375 3254
79 709
1886 1425
7108 6556
198 1048
2929 3376
7259 7960
8876 8906
8410 8581
3871 4778
10650 9675
2934 2524
37 624
9127 8175
9991 9249
6511 5571
8677 8786
4828 4274
81 742
46 758
9681 8780
4210 3809
6036 6976
2359 2663
8035 7855
58 130
1964 1369
4987 5686
5616 5245
8574 8057
1471 1896
2706 3344
3286 3283
9160 9517
3290 3468
8917 8437
7922 7379
7640 8354
4599 5096
7199 7112
6670 7640
6065 5479
4889 5518
74 478
2595 1777
10034 9136
7638 6690
4398 4663
8212 8011
4841 4644
3107 3671
9591 9694
1281 1267
5003 5310
1544 1238
40 667
5735 6681
6721 6044
8006 8480
9957 9526
5951 5739
3990 4092
6430 6523
6207 6086
2736 3637
7679 7257
58 815
7510 8146
9427 9237
7218 6728
1427 2056
4789 4598
9390 9579
33 80
81 553
2959 3125
9191 9306
4246 4388
69 482
10465 9870
9964 9402
8952 8111
6189 5728
7765 7619
6166 5568
4701 3836
10574 9842
8178 8598
757 1080
1841 1419
5823 6184
2657 3304
5532 5172
2461 1468
8888 9875
7846 7933
5697 4785
5435 4556
4291 3357
6730 7414
8309 8535
28 628
7199 7269
1700 1858
8190 8968
3279 3071
5081 5296
8496 8777
2207 2735
1742 1728
7127 6289
2424 2320
1863 2072
8736 8506
3884 4316
7678 8652
709 1317
10366 9540
10694 9735
3882 4006
4120 3764
5421 5646
2717 1826
4192 5058
2461 2849
7681 8356
4138 3550
9845 9371
8061 8838
2291 2789
61 477
6758 7062
56 908
6718 7044
7452 7538
5329 5852
3205 3375
96 938
50 691
3358 3663
4245 3843
3333 3503
7447 7059
882 1054
5738 5455
3637 4355
3886 3114
5879 6047
5545 4555
4435 4473
6749 6131
7500 7225
4672 4818
17 863
3691 2980
7924 7367
4552 4206
4253 4086
8625 9584
2335 2810
8303 7748
8001 7984
7548 7306
9175 9301
5286 4401
4284 5105
57 759
2382 1901
7609 7404
3363 3182
3035 3063
5590 5927
1884 1915
6073 6176
7881 8541
6503 7471
5817 5782
3712 4216
4328 4030
4559 4165
6142 6764
8072 7481
9666 9939
1509 1210
5344 4544
4019 3129
74 761
5533 5064
5997 6944
9473 9757
4889 4094
4064 4743
3048 2658
10149 9872
924 1619
5871 5642
2039 2687
7645 8310
3038 2712
7848 7998
32 989
618 1069
4245 4722
10495 9909
5816 5020
286 1086
10124 9842
3275 3893
2310 1466
8256 8844
1667 2487
4422 4343
8713 8396
3098 3859
9771 9087
2056 1655
9226 9580
1514 1666
5112 4222
2492 3258
7386 7187
4197 3980
4614 4274
7519 7113
1621 2172
8832 8674
3857 3662
8482 8389
1751 1755
6099 5816
3682 3257
4285 4828
6550 6419
4194 4229
31 1003
9355 9375
9021 9577
2537 1562
3470 3822
8749 8545
7788 7640
5731 4907
4159 4926
731 1607
75 800
5584 6538
2343 3212
4798 5222
3214 2545
6907 7322
5205 5235
5155 4638
8239 8849
928 1143
8129 7859
9915 9373
2607 2717
6878 5942
7416 7014
3833 4678
9865 8867
9035 9450
20 198
9346 9570
1693 2402
3171 2924
7676 7348
3943 4616
9588 9259
4802 3879
3659 3553
1645 1541
7481 7149
5290 5202
7272 6477
1447 1318
5265 4753
7698 7192
3292 3224
8885 9241
94 1012
1725 1016
5526 6215
8136 8297
3937 2981
1326 2171
3822 2975
3914 4881
8494 8388
8043 8880
9947 9484
5009 5521
79 508
4698 4732
5048 5032
52 842
4133 5046
45 83
23 149
2431 2485
6672 6119
2329 1703
71 646
7126 6454
6557 6618
4725 4296
81 36
6193 6701
4635 4521
8021 7620
3196 4051
4888 4183
3750 2994
4802 5679
1394 1954
9285 8914
8510 8462
3522 4336
9907 9386
5783 4988
6114 5572
52 967
3931 3068
2876 3752
3765 3033
5801 6374
5358 5650
36 834
66 50
4091 4031
23 46
2591 3017
3339 2386
7205 7577
8440 7592
4097 4766
5021 5091
1015 1961
7706 7312
7901 8596
5543 5246
9163 9742
1616 1780
4513 4791
2900 2487
2665 2962
7871 7892
2643 2952
7296 6681
6726 5983
5747 6427
9794 9324
7161 7680
3392 3435
2378 2093
5044 4414
66 382
1863 2122
7477 7723
7354 6394
4834 4894
4356 4071
7401 6741
7068 6688
1179 1785
1889 2155
8843 8436
7210 7837
5755 5010
5196 4678
1538 2465
3247 2274
2464 1540
8632 7903
4765 5020
5205 4995
363 1278
6567 6713
4119 4447
8816 9231
7105 7389
5379 4468
8269 7391
6025 5136
1684 1651
4105 4019
5451 6113
5309 4671
3872 3366
4987 4737
3887 3905
7641 8249
7085 6524
44 201
4941 5630
9012 9715
1943 2691
6456 5696
7269 6734
356 1332
4768 4778
6362 6179
7987 8270
8724 8077
4212 4611
82 903
2328 3041
7966 8024
6954 6257
5367 5395
8945 9165
2198 2331
5053 5924
9040 9502
7522 7470
21 219
10186 9520
6423 5777
8633 7660
7909 7276
5514 4765
7128 8123
1167 1015
5412 4999
4131 3516
5144 6073
20 264
2534 1664
6468 7259
8013 8039
8537 7997
6578 6489
64 665
7253 7796
8274 7490
3923 3734
7849 7356
2574 1576
4118 4571
6606 6627
1818 2217
729 1591
33 903
8439 7980
5269 4577
7935 8226
9515 8630
5302 5935
5242 5751
5508 4955
66 112
8268 9190
1086 1337
4205 3459
1711 2503
1447 1265
94 395
7278 6659
5355 6152
3397 2624
2036 2603
1853 1563
2185 1356
7190 7048
8152 7327
3811 3318
3070 3780
552 1289
7607 7011
9401 9599
6582 5972
7273 6537
4629 5075
99 834
7949 8231
8222 8439
7584 6859
8410 9029
5261 4741
7179 7996
3075 2865
9183 9797
4985 4400
7432 8386
852 1437
2642 2184
7615 7323
5271 4454
9624 9913
7528 8248
2643 2342
74 326
3836 3146
5845 5687
5654 5054
5661 6598
4446 4776
98 204
1853 2386
2892 1994
7010 7249
1321 1727
7778 7589
4180 4672
5785 6731
2535 3084
3706 3977
6309 5465
7030 7996
9308 9201
8268 9002
6285 6760
9019 9879
8916 8815
761 1709
7454 7502
3034 3704
9071 8437
8061 7441
6220 5334
7354 8311
3230 3677
5877 5998
9534 8856
3884 3485
1738 2735
4292 4501
3056 3893
9616 8857
1499 2233
99 823
4492 4741
1924 2553
4520 5422
4792 4436
1346 2228
7199 7946
2996 3088
4369 3983
5622 4653
3492 4376
8784 9035
6416 6761
6745 6573
2236 3126
2943 2598
3730 3388
9102 9348
90 985
2076 1330
6068 5160
7465 8388
2535 2725
1032 1708
3950 3814
8806 9216
10536 9871
8580 9046
7313 7388
4542 4206
5941 6396
3187 2374
9125 9890
21 36
4277 5243
4500 3996
4023 4098
5804 6739
4493 4812
5182 4377
3546 3317
2923 2976
3737 3170
8099 8810
1862 2815
1127 1541
6579 5859
10498 9565
23 347
7751 6854
4774 4075
1245 1413
9366 9564
36 1003
5100 4616
4248 3826
5254 5556
2543 2286
3410 3192
6285 6808
9341 8572
5893 5658
4009 3901
43 850
9312 8367
8056 8798
8853 9650
897 1716
4842 5044
4151 4465
4429 3505
7502 8010
9049 9893
4793 5177
7405 7325
29 368
8051 7961
2087 2366
7960 8844
77 111
2661 3075
6514 7145
574 1457
1679 1237
27 136
3465 2778
46 226
3347 2624
6388 7309
9030 8254
2519 1920
6594 5960
6294 6404
7735 7045
55 106
9145 9879
8080 8472
8526 8894
16 423
7366 7104
4708 4818
7178 7348
277 1138
6923 6140
6063 5989
8195 8415
771 1323
9127 8884
5183 4370
8079 8730
8251 8478
5914 6603
7967 7654
4911 5113
4536 5028
3803 2910
4576 5135
8231 9115
4816 5134
2809 2818
5392 5691
3635 4579
4460 4839
7526 8042
6909 6786
9491 9230
4713 3757
3444 3976
48 628
56 679
5578 5633
2102 2975
5700 4758
7778 8310
2036 1453
81 441
36 615
2405 2600
6123 5243
6350 7285
97 683
3421 3025
7189 7952
58 721
2545 2091
2599 3097
5675 5776
7024 6927
6852 6448
52 511
10366 9954
8531 8286
75 775
5325 6311
4142 3356
1591 1383
6432 6211
41 634
3085 2766
7801 7021
36 689
2025 2191
4079 3601
7129 7002
2187 2813
8691 7923
3880 3742
5452 4680
6057 5216
7389 8173
61 320
2993 2069
7242 7895
5219 5996
3080 3505
8987 8175
2655 2724
7765 8006
7427 7384
4718 5416
6877 6433
59 23
2722 2496
879 1417
88 898
4615 3639
6586 5586
6965 6908
3374 3212
5957 5757
4040 4214
1633 1769
7598 7735
12 861
3134 3937
5456 5719
1934 2004
8395 8647
1322 2132
5595 4844
8025 7384
7388 7656
5589 5628
9616 9679
4306 4249
10237 9274
5738 5525
6401 7146
2977 2010
2752 2725
699 1138
6608 7202
9500 9554
7678 8540
2239 2983
4697 4304
8137 7357
7108 6844
2773 3052
3434 4291
6258 6479
7068 6464
7729 6788
1448 1869
3215 3219
44 192
6565 6045
9678 9652
1539 2132
8338 8051
6431 7399
9974 9675
3679 3857
6919 7045
2677 3417
8860 7880
9074 8869
7709 7417
8343 8212
1474 1251
8939 8058
3902 3204
7307 7441
4292 4178
4605 4544
5516 4858
9517 9547
47 244
12 459
2285 2572
5047 4870
46 197
3378 3758
42 60
44 750
74 506
9334 8450
6826 7102
9455 9132
8665 9168
8275 9241
8602 9150
1122 2057
5262 5822
3892 4462
1999 2695
2628 2573
10007 9090
4997 5489
5765 5033
63 165
1489 1964
10666 9908
5489 4622
6051 6051
9753 9360
2135 2759
757 1271
6499 5710
7177 7031
9624 8729
3156 3002
8790 8303
46 336
2306 2372
1099 1576
3698 3184
31 458
1401 2005
7148 7907
12 12
8979 8769
4663 3776
3439 3800
7162 7948
8729 9049
1849 2073
631 1498
3862 3615
5928 6451
5090 5000
915 1543
5368 4478
44 121
7566 6929
3409 3554
8451 8154
1523 2176
6958 6184
80 604
6696 6732
6158 5821
7700 7451
10331 9837
8992 8352
8319 8658
39 581
3087 3293
9401 9120
10057 9327
6157 6732
9864 9561
2763 3575
9470 9097
1594 1177
3204 2485
9670 9542
8980 9533
2675 1998
9567 8723
2305 2280
1765 2488
4092 4377
846 1470
987 1910
10093 9686
5592 4710
9707 9935
2094 2895
8355 8329
8388 7389
2236 1403
2440 2745
4126 4592
8316 8709
4528 4679
2104 1798
8647 9645
2893 2804
1576 1272
6949 6044
23 989
5652 5967
8445 7639
2303 2722
694 1023
4905 5446
75 792
1670 1115
68 838
5592 5153
6771 7533
1727 2045
9576 9636
4229 3461
58 525
8872 8417
6588 7026
2302 2641
3705 4407
4313 5269
2848 3153
8000 7554
3934 2964
7785 7970
8602 8227
7945 8469
4808 5147
3336 3458
2962 2691
9037 8445
8727 9651
6534 6898
3413 3308
9380 8987
3467 4316
7852 8294
9045 8289
2635 3176
5208 5785
5096 4334
9460 8582
2844 3639
3482 3143
4880 5019
8416 8838
7354 7550
6506 5864
6032 5130
5157 4311
1615 1987
7111 7936
1177 1304
7274 6553
77 703
9809 8940
6459 7158
4693 5143
1892 1375
1971 1946
6120 6556
4178 4553
5384 4775
4565 4221
7934 6949
11 227
6962 6699
5565 5580
9155 8889
7356 6649
6668 6705
5475 5904
5278 6179
2096 1692
107 1032
6530 5679
2823 2445
1252 1736
8836 8921
3386 2463
6266 5525
3786 4244
27 864
7853 8217
3590 3039
8936 9058
8008 7122
9528 8788
4086 4782
91 589
9061 8572
5882 4929
3479 3887
2994 2194
8378 9262
6580 5795
9434 8673
6463 5756
3991 3002
8101 8149
3983 3423
5658 4886
6964 6070
7879 7961
8139 7299
4778 4982
100 168
50 631
3513 3705
53 71
3684 4414
8442 7627
7608 6921
4941 5609
3526 3840
2923 3447
9236 9884
6360 6869
15 94
82 663
6341 5466
5542 5908
4551 5246
81 181
8882 8254
3344 3017
8201 7335
1287 1144
5402 5103
7735 6814
1635 1607
10289 9436
8879 9366
2333 3077
93 452
2574 2420
3184 3776
92 754
6813 7124
4472 4123
5067 4812
3248 3707
6995 7846
2484 1552
4185 4474
6073 5289
9451 9505
7905 8000
7535 6907
3935 4288
2303 1387
5367 5784
5168 4861
4667 4613
9848 9156
24 725
1085 1385
3814 4442
3828 3163
6375 6189
8939 8438
4275 4645
6695 7168
10078 9303
79 225
3390 4045
1938 1207
1209 1380
1525 2247
92 425
1662 2539
7278 7650
1822 1955
9389 9855
51 337
2862 3227
4217 5018
6431 5850
6721 5724
3306 2316
5656 4999
6079 6598
2778 3299
1441 1614
4093 3210
10579 9769
804 1368
1118 1740
1796 1435
3760 3726
5660 5332
3210 3335
38 369
9842 9922
6659 6529
5484 5795
6585 7565
2161 1737
4426 4054
4640 5081
5734 5738
1781 2263
5945 5312
78 65
2250 2423
8920 9145
7257 6727
7235 7509
6546 6623
3217 4013
4572 4762
2412 1937
2288 3267
5116 4805
3856 4388
5531 5661
9600 9638
8765 8306
8872 8183
8152 7941
6631 5951
5811 5421
5195 4843
7375 8341
2562 3504
9234 9943
5178 4569
6782 6350
1792 2586
10116 9233
80 407
1556 1126
94 741
8225 8699
6081 5910
5173 4300
2822 3122
91 635
9066 8771
5424 4513
28 597
24 380
4138 4666
3995 4947
8962 8027
28 96
4402 4491
1828 2556
3326 2776
7089 7881
8295 8336
2900 2669
2264 2086
6324 6551
5377 4660
2373 2777
8661 9288
2989 3022
1787 1850
8964 9492
1727 1136
6031 6809
7367 7258
4125 3492
9125 8142
6212 5353
2764 3409
5505 5337
8003 7373
5493 5734
5014 4813
4792 4153
51 169
93 86
9361 8765
4096 4716
3262 3459
10020 9741
6380 6261
3366 3490
2752 3579
18 20
4905 5509
5135 4139
4402 3798
2253 1496
970 1950
5300 4860
2879 2662
2248 1461
4043 4613
8248 7948
7146 7873
3886 3943
5622 5453
9157 9706
7975 8429
2806 3786
8399 7896
10874 9961
1741 1164
752 1536
10 670
9469 8754
5565 6070
8865 9501
4313 4278
8070 8808
8483 9327
4864 4660
8505 8545
4713 4484
5738 6368
5786 6178
4167 4033
370 1062
8824 8600
15 630
3097 3392
8304 9256
7032 6724
4336 4814
4450 5357
3227 3376
6903 7894
1622 1233
3021 3390
3646 4044
5686 6284
2127 2761
7241 7471
3162 3535
2949 3466
6323 6442
77 570
654 1223
2717 3609
4083 5037
3185 2974
1463 2107
2491 1506
4968 4340
2827 2890
7874 6937
25 519
7222 6650
5065 5273
15 182
8066 8541
5341 5288
3553 3831
4003 3768
7501 7400
7643 6996
5105 4256
2704 2637
27 666
5614 4789
8880 7953
2775 3346
50 177
8863 8790
5008 5021
9392 9995
6884 6037
10047 9275
8753 8829
7843 8703
10090 9141
1201 1151
3548 4352
2845 2127
1434 2197
8465 8698
3038 3867
5344 5720
5435 5074
4357 3467
6888 6515
3858 3191
2666 2529
2106 1123
5187 5419
2264 1639
28 775
8595 7821
6507 5864
2714 2861
5221 5020
8690 9147
10 410
3658 3387
6686 7382
7114 6643
7250 7046
2182 3076
6085 5499
6480 5861
6685 6521
1531 1550
1868 2727
5223 5559
8864 7927
3212 3116
8272 7899
6277 6139
5858 6004
9763 8990
2203 1312
4668 4695
2021 2756
2081 1791
3344 2700
36 458
8791 9225
3103 3674
7772 7991
3018 3406
5155 4637
7808 7186
18 638
7495 7518
3302 3735
4784 5007
22 488
3724 4716
1827 1888
9367 9948
5379 5659
9850 8901
2881 3189
7176 6703
3317 2412
9112 9211
4004 4122
7613 7566
1882 2816
8979 8488
34 550
1487 1464
6887 7103
4803 3950
2677 3648
1866 2589
2634 3186
7313 6583
1757 1775
9618 9539
5545 4692
9471 8830
2814 3283
8547 7997
1415 1746
4966 4624
5955 5366
4817 5086
6657 5667
1545 1240
8028 7458
7176 7063
5910 6008
25 1003
8535 8980
6202 6451
4911 5476
7720 6911
1664 1425
40 142
4947 3987
6234 5412
2763 2474
4918 4464
3847 2906
10265 9989
5185 5492
4454 4691
5716 6211
2122 1664
99 475
3180 4018
1098 1462
3282 2379
1652 1873
5886 6707
5354 6215
45 87
4218 4676
4488 5375
1104 1447
4037 3613
7936 7335
4163 3395
1414 1542
45 467
2544 1987
66 339
9902 9927
7455 6705
4826 5165
8772 8561
9619 9492
4536 5152
2969 2221
81 629
2053 2631
2849 3720
9380 8728
4663 3763
9893 9444
3965 4376
2679 2329
9655 9105
5687 6251
4999 4443
5888 5630
95 144
7471 7144
8839 8372
6952 7382
750 1331
5741 6491
6349 6859
7221 6932
9197 9628
5782 6498
9522 9474
565 1091
12 79
1939 1571
962 1841
1539 1977
2204 2877
6736 6390
4176 3196
4869 4904
3617 3454
8130 9045
3579 2872
24 418
7256 7314
4446 3923
6736 6951
4308 4943
4516 4821
6883 7437
1713 1741
6798 6209
10534 9534
3039 3582
1180 2160
3638 3572
5007 4917
6602 6045
2651 3340
9500 9435
79 213
3465 4179
9324 9932
8852 8803
1131 1454
9408 9908
7587 6830
8144 8089
6962 6990
305 1249
2784 3505
4790 4738
7149 8057
3541 3297
4161 5019
6569 6463
2305 1447
7697 7072
5609 6024
3935 3837
789 1468
8471 8764
8818 9737
6719 5909
8933 8342
1679 1569
4998 5228
7411 7844
43 435
2676 2253
5598 6383
416 1049
4467 5258
8784 8410
6340 7138
23 707
7388 6646
24 593
6752 6651
8687 8905
4693 5677
6328 6874
6851 6554
6593 7407
8325 9119
5785 5871
76 48
1766 1656
7065 7456
3525 2943
8681 9347
6111 6547
3638 4464
3022 2179
6563 6934
4108 3473
7712 8541
10834 9989
7362 7748
32 1010
5077 5417
4538 3726
9435 9198
9260 9715
4284 4656
2553 3274
99 695
6599 5950
701 1241
8584 8587
8571 7610
8925 9387
6307 7002
8917 8287
8372 9297
4966 5322
9047 9112
4287 4536
4031 4840
7480 8330
2582 2183
56 186
6803 7037
6625 6816
5358 5066
5521 5244
7358 7362
7697 8180
2296 2609
1702 1811
281 1019
6061 6096
1923 1867
6150 5970
7350 6599
1716 2293
48 70
2245 3198
7485 8117
7703 7079
8074 7643
4674 5521
10348 9455
14 516
76 792
6797 5934
1232 1882
92 640
1597 1436
7144 7255
12 175
5419 4564
6806 7090
1630 1077
7465 6885
7372 8159
19 141
48 546
7683 8518
1794 1383
9861 9738
4346 4854
6865 6848
4628 5229
4329 4084
6745 7297
5192 6038
6438 7114
3599 3336
800 1391
7074 7827
8513 7966
2442 2569
29 72
2444 2156
5118 4738
5538 4677
8313 7313
5232 5743
52 561
8803 9551
65 1004
39 474
5583 5304
45 827
3310 4053
231 1211
7235 6633
3177 2860
2952 2501
5612 4639
7119 6811
5070 4593
9183 9628
8639 8725
7665 7570
9569 9459
2806 2278
45 637
3551 2784
5180 4387
5914 6138
67 886
5189 5423
4820 5081
9319 8668
6805 6680
2453 2908
3810 3852
1435 2166
3185 3696
64 104
69 742
9857 9479
2314 2648
1525 2078
1217 1432
3258 3812
3848 3883
7437 6510
9461 9560
8504 8133
2886 2278
5367 4901
4947 4361
15 227
2606 2345
9579 8673
2386 3068
627 1372
9075 8421
6373 7156
2670 1734
97 204
57 325
2385 1465
96 1010
2467 2178
3530 3445
38 378
3006 3638
8773 8755
4885 4212
5747 6063
1357 1383
2329 2587
8533 8508
8317 7390
4376 5162
1105 1805
3012 2445
5446 4861
7968 7899
50 951
6320 6382
1088 1336
3414 3189
3658 2959
21 117
17 108
5941 5985
4169 3353
3848 4628
97 282
3381 3113
4374 4682
8355 7615
3642 3518
3088 2807
8181 8996
4376 3666
1354 2122
78 159
4490 3968
8992 9147
5688 5473
5107 4791
8177 8722
8129 8304
4037 4066
6479 6828
6274 6359
7822 7120
9091 9464
4212 3752
6547 6244
3701 3097
9086 9242
9537 9827
3170 2695
10274 9739
45 963
6402 5513
5745 4938
3922 3602
2053 2393
4638 5545
4193 3868
51 760
8786 8821
6890 7114
789 1638
8840 8907
2546 2819
4758 5519
2286 3101
2521 2586
34 380
297 1069
8209 8350
5501 4604
7219 8095
7516 8375
1715 1095
3802 4452
3745 3464
7902 7181
9659 9893
5317 5254
8736 8514
2146 1362
6745 6711
8945 8063
3264 3189
3658 2790
2357 2867
3957 4737
5988 6196
6978 6557
7384 6877
8388 7956
5008 4996
2070 1301
8895 9715
9143 8750
6007 5703
5663 5872
2460 2524
4387 3759
2810 2262
3461 3066
6023 5234
7989 7675
7281 8010
92 724
5238 5535
6843 7326
5664 6159
5466 4492
7849 7373
7529 7417
9287 9908
6629 6145
7736 7436
4017 4095
851 1259
6274 5418
5081 5816
3352 3777
42 926
3857 4358
2196 1457
8273 8729
2334 1951
1394 2047
3827 3635
6312 6077
6597 5703
2719 3084
4893 5835
45 175
68 28
2011 1351
9099 8471
3196 3562
8863 8362
5377 4428
7342 7412
3845 3683
34 822
5266 6144
9190 8629
5504 4990
3277 3821
6875 6977
486 1310
48 567
70 416
3512 2562
1989 2840
2194 1599
58 357
3289 3425
708 1510
1105 1770
2027 2475
2370 1897
7144 7666
7731 6873
3130 2383
5675 5273
7579 6897
8206 8604
8075 7946
3201 3755
62 991
4643 5612
4659 4088
9046 8982
24 844
13 257
3864 4757
5019 4123
4439 5273
1723 1717
911 1245
8600 8683
4490 4750
1444 1849
5325 5661
1222 1675
84 872
1777 1756
5502 5739
7192 6289
40 1010
4821 5483
1921 2603
2821 3262
7820 7183
7711 8252
95 156
3919 4907
6413 5678
7069 7756
975 1124
6675 5923
8666 8935
23 926
9783 9030
8810 8999
8231 8136
6883 6893
8156 7474
3323 3201
8076 7479
3299 4299
3062 2350
10072 9489
3273 2573
57 919
1763 2323
7670 7510
3808 2903
8447 7581
8275 8593
13 544
8926 9703
5283 5871
2769 3107
6954 7226
4706 4089
5722 5383
2173 3128
3318 2936
8379 7582
9294 8516
59 444
2024 1271
82 52
4807 5066
9204 9971
5619 4971
14 767
10086 9233
7576 7636
9080 8228
12 694
6823 6279
7209 7181
8950 8722
5621 5467
5658 6183
15 950
6753 6264
3938 4060
5392 5709
417 1388
7450 8222
7706 7699
10582 9899
7860 8710
7758 6920
9883 9421
5553 4966
7526 7656
9872 9025
1426 1510
1359 1423
3921 3031
7519 8503
2178 3145
63 748
1959 1923
9008 8850
5502 5497
1764 1864
9068 8532
7572 6953
8600 8114
4028 4483
16 971
3726 3126
976 1111
71 736
4039 3366
6775 7242
1985 2742
9870 9150
1234 1297
7922 7046
1654 1708
33 622
1629 1818
5748 5679
6268 5974
6343 7136
5710 5513
67 68
4659 5481
9243 9817
2634 2536
4164 3625
6719 6466
8177 8754
9483 9279
7563 8520
3000 3056
9211 9827
2987 3608
6639 6557
4507 4814
6765 6299
7426 6671
4526 4945
1461 1937
8629 8478
25 130
8535 8558
40 897
6389 5913
2938 2482
10016 9358
5064 5086
86 480
8406 8116
7576 7147
9574 8708
6502 6039
3889 3931
3562 3192
5681 5215
5633 5710
3438 3477
3971 3717
4001 3131
5302 4891
2972 2600
4884 4088
8947 9027
4699 5259
8325 9145
50 928
3505 4134
1192 1275
7442 6732
1485 1885
2383 2214
7706 7946
4465 5279
3623 3791
19 167
8309 7420
3192 2938
5692 5029
4006 3301
28 139
5997 6780
87 390
4657 4199
4155 4519
9397 9203
5960 5972
9864 9982
6530 6103
1041 1130
4706 4112
4982 5223
818 1032
2391 1770
8647 8350
55 980
1552 1519
7022 7577
8813 9666
9069 8532
4470 3787
4173 5039
3837 3320
33 18
10599 9790
51 605
47 21
8144 7281
6274 5989
2557 1641
9037 8841
2522 1533
5571 6042
8412 8033
2679 3501
3408 2878
3191 2498
9674 9967
1748 1347
6493 6533
7226 8083
3637 3056
8450 8256
7416 8267
2935 2023
3002 3825
4693 5054
6836 7665
5122 4433
9487 8726
5076 5390
10739 9839
4398 3879
5766 5530
8447 8172
6036 6747
7192 6308
6530 6109
2505 2674
10 191
2719 2732
9005 9703
4821 3942
5847 6443
4363 4448
9180 8917
7653 8604
10587 9925
10383 9865
13 96
2853 2713
7983 8491
6682 6405
1210 1218
2245 1928
8829 9033
9352 9207
4778 4268
1233 1140
9363 9603
5230 5962
3448 3580
8392 9196
3199 2494
1252 1255
5975 6033
3910 3709
3756 4103
5545 4607
3516 3676
34 892
5816 6491
460 1233
9784 9147
7357 6807
10357 9699
9320 9876
37 121
7587 7573
6469 6819
29 445
2114 1851
2310 1458
10201 9960
8213 8971
149 1094
3852 2962
7060 7392
4959 5210
3158 2835
3629 3838
6980 7788
2495 2097
2668 3577
2888 1926
7068 7841
9292 9556
8621 8327
8193 8284
7285 7603
9879 9366
8876 7951
6640 6820
8705 9200
7216 7086
8501 8724
7327 7558
69 277
8107 8878
9488 9074
4447 5360
75 875
87 132
5008 4890
5148 5876
703 1690
9471 8679
1026 1358
1569 2529
2013 2588
3941 4809
10412 9754
6681 6623
1568 2495
4515 3860
580 1126
6764 6298
5842 4901
9398 9760
6334 6275
8012 7665
33 576
5028 5198
4417 3731
6677 6948
4094 3582
2693 1745
5208 5341
3740 3342
7958 8252
7270 6345
7467 7330
2869 3554
6107 6585
8599 8374
3413 2808
7565 6763
2311 3251
70 1008
3868 4622
2363 2740
22 484
93 242
9969 9332
10401 9627
7707 7389
3654 3215
3866 4136
2814 3805
18 477
9208 9183
6954 7021
8069 8070
3688 3438
7267 8097
6531 6621
3472 2982
2810 2628
2711 1961
7432 7801
3879 3407
6911 7222
2964 3583
9786 9798
1707 1193
9211 9494
6198 5542
8549 8469
5876 5141
13 966
3431 2551
4170 3835
9217 9693
3493 4269
5988 6420
6467 6940
4668 5324
8655 8984
4141 3936
27 633
1996 2631
9165 8487
6186 5941
2119 1132
4556 4432
483 1173
7647 7939
3668 4663
9087 9315
7432 7562
4979 5933
8250 7359
2415 2874
10108 9128
9056 9530
7387 6750
8167 7996
42 615
2446 2556
4372 4085
4846 4789
19 149
10265 9557
7320 8018
2490 2258
7623 7244
528 1238
6534 5562
9072 8609
3066 2147
5747 6105
6223 6884
514 1423
7185 7438
2576 2504
7847 7227
1838 1672
3616 3170
69 448
115 1108
9029 8428
7171 6397
9645 9529
8138 7885
3508 4024
2433 1809
9713 9712
5836 5309
6917 6996
4130 3215
6586 5635
5035 5589
1654 1611
8171 8114
7945 7235
4478 3988
7252 7876
3860 3575
7907 8001
4266 3886
6527 6534
6581 5600
1603 1029
3111 2490
1495 1193
6391 5850
2182 1930
5299 5834
4406 3774
2375 1530
513 1259
1857 2452
910 1846
5249 5414
3856 4285
2062 2977
909 1803
1748 1265
9111 9906
95 893
8037 8820
4111 4432
27 1005
6407 5890
6775 7139
7358 7858
9069 9943
1632 1915
3002 3284
4517 4596
8388 8419
6986 7926
7738 8261
8225 7425
1231 1537
4306 5115
4126 4198
34 526
4179 4675
5751 6359
3655 3480
4770 4442
2717 1880
6628 6878
8645 9133
2193 3028
2139 1735
8640 8190
5669 5107
36 878
45 194
5837 6231
6760 7121
3794 2836
6815 7421
5815 6603
5043 4061
9248 9264
2461 1594
3901 4419
10207 9304
6357 6274
7736 6781
5352 4600
7769 8406
3446 3403
3861 3887
8860 8616
10299 9403
2972 2893
5269 5506
89 442
6085 5780
6597 6792
2620 2120
1468 1848
7439 8189
67 475
4956 5147
39 363
4194 4619
2057 2456
