9962
100
26674899
102 96 93 96 106 96 110 102 102 101 95 98 96 95 106 99 104 99 97 108 105 108 95 106 100 92 96 97 100 106 105 103 97 101 94 100 94 101 91 100 99 107 94 92 98 108 102 103 105 91 100 95 92 92 95 92 96 90 107 101 91 95 104 110 93 108 100 96 104 100 96 101 101 101 110 101 96 105 90 103 107 98 108 95 107 98 100 92 92 105 92 103 109 107 93 107 96 98 106 93 
-174841 -168841 -179652 -157820 -169458 -167577 -202260 -183383 -177190 -186649 -178162 -169947 -161218 -162298 -174426 -155616 -183134 -171991 -164331 -197651 -200379 -195520 -158712 -202726 -187737 -183057 -193480 -160408 -166604 -198690 -186635 -189189 -170837 -169886 -172014 -184029 -166691 -171596 -148185 -157658 -182499 -187330 -171116 -177807 -166383 -197386 -175713 -189035 -177364 -165466 -158270 -163798 -142934 -161210 -168551 -151936 -183040 -156719 -200067 -195366 -177952 -170885 -195797 -214840 -176155 -200665 -182662 -186321 -164024 -184640 -167072 -184570 -180664 -166505 -211837 -179606 -150894 -184962 -157024 -176738 -197351 -168833 -209679 -178003 -183736 -176338 -175749 -151460 -160330 -175788 -180410 -163159 -188820 -175373 -160693 -168198 -167674 -183346 -202052 -159361 
186224 177175 184233 169797 176113 177125 210840 188957 185799 198038 188731 178173 172649 169960 182140 167575 195624 180295 171997 209939 209971 204828 165562 209506 194239 187399 200796 173918 177848 211200 197191 199367 177661 180012 177408 193225 173799 181463 156938 170289 188017 197441 175468 187566 173021 209360 185633 200410 187107 170839 167548 171487 150554 167586 173613 159613 188502 160126 211261 205183 184198 176702 207996 223394 186317 207498 194482 196166 175045 193490 175768 192731 186258 173471 219356 186835 158211 193411 164801 183460 209837 175686 221195 185263 197709 185722 187892 157159 166915 184120 186616 174949 200866 185122 164017 177365 176413 190333 207755 166582 
9192 8398
99 220
6098 6133
87 814
6162 6284
8910 7949
16 595
2292 2848
1020 1072
2891 2698
37 447
4912 5565
3931 3421
7322 8204
6533 7171
7896 8736
72 663
10581 9826
6016 6112
8289 7923
1373 1836
24 900
7810 7958
7673 7961
21 342
2074 1928
9776 8892
6633 5866
1786 2060
7585 8351
9781 8899
2694 3135
6714 7180
8845 9045
6275 5861
5766 6304
7890 8433
79 932
80 716
4403 4911
9662 9660
3650 3233
8301 8445
4437 3926
72 988
8089 8301
4752 4145
10427 9794
9298 8705
9078 8397
7332 7029
2273 2937
7850 7834
39 737
8196 8330
5000 5205
7600 7261
9050 9169
4068 4589
52 817
3752 3370
7928 8601
5928 6099
2916 2454
2679 3150
26 930
1412 2197
4801 4630
7741 7785
4336 5212
2838 2484
41 868
99 381
1560 2264
5163 5215
8172 7224
1270 1092
7456 7998
67 705
5632 5148
2882 3295
7189 6529
7012 6514
1594 1609
6074 6813
1075 1882
7073 7988
18 353
3933 3676
7932 7564
4202 3949
5389 4842
8373 7934
4322 5152
3027 2075
1237 2137
10362 9792
8178 8065
2077 2660
6863 5879
1867 2603
3694 3761
1580 1499
667 1531
91 210
11 809
10430 9445
59 17
5784 6220
8605 9393
3886 3310
92 133
6441 6742
2451 3342
1529 1353
4693 5111
47 58
72 920
9364 9276
8866 8352
8968 8133
6774 5776
7072 8020
7439 6586
4788 4125
9385 9936
3309 3091
4027 4978
5011 4969
7894 7699
6580 7280
7807 8474
849 1607
6801 6895
7288 7706
7992 7844
99 565
8847 8395
1503 1897
2694 3328
6574 7236
87 20
4147 4072
4196 3845
5157 5796
5051 4604
4114 3393
3457 4418
2323 1453
2607 3560
1834 1754
5070 4704
9449 9782
756 1608
6705 6252
7064 6997
2500 3321
5951 5062
6238 5500
6123 6965
5515 6081
7889 7952
6790 6359
3195 3606
3623 3543
4540 4554
4991 4234
4898 3938
7942 7334
7938 7379
3674 3094
3350 3961
7094 7728
1712 2241
4365 3418
5208 6121
3045 3465
6459 6586
4989 5598
5585 5125
10 292
3903 3558
9751 9998
1438 1806
5522 4587
2457 2144
2560 2242
7800 7176
8698 9034
1781 1338
6780 6129
8958 8705
4397 4989
5986 6422
6135 6820
8299 7377
5514 5645
8351 8778
9685 8912
7983 8904
734 1146
9772 9789
6215 5532
9190 9238
9587 9306
4145 3990
8371 8233
1808 1853
6488 6116
3811 3590
70 68
7180 6205
9035 8101
1486 1485
9325 8840
2439 2516
2412 2440
3460 3689
6718 6964
1470 1227
7468 6776
6354 6782
779 1043
1918 1690
2532 2757
4197 3817
3599 4148
3857 3148
6937 6667
4786 3939
1750 1145
6050 5333
3656 3096
9138 8594
1145 1978
9222 8879
7901 7046
8422 9028
1021 1707
9721 9857
1970 2552
5611 5955
5395 5696
8892 8672
6736 7335
8005 7662
7838 6946
2687 1995
4067 4110
2000 2376
7788 6980
9533 9626
3324 3162
249 1132
8365 8772
3893 3662
7911 8420
1962 1841
6638 7145
9256 8753
99 938
6357 5610
1178 1775
1827 1286
6834 7540
7425 7712
4015 4208
3814 4646
1611 1224
94 536
6143 6979
9507 9100
5473 6158
2441 1668
8030 8147
9171 8634
5312 4724
8996 8148
5646 4787
8657 8186
39 481
10162 9697
2117 2320
5399 5882
7623 7125
2771 1859
9590 8983
9074 9408
3107 2800
8555 8359
5432 6349
100 250
7104 7284
9455 9680
4560 5027
6432 6514
5861 6113
7669 7127
3100 3413
4047 4676
3462 2787
95 712
3165 2282
75 814
7987 8594
5670 6110
3228 3812
3486 3432
4926 5905
7674 8616
8943 9370
1118 1920
8012 7949
2704 1796
79 203
5273 4790
9318 9788
2850 3207
4311 4705
7447 7758
4816 3881
1623 2316
48 505
1141 1205
9531 9245
9408 8555
18 844
5548 4869
7976 7762
1604 1871
90 860
5609 6483
8467 8435
9522 9103
8084 7662
4463 5060
9191 8808
3266 4166
2960 2766
7596 7845
6124 6336
5171 5256
1949 1666
46 158
7502 8072
2835 1882
1639 2153
6914 7634
3184 2419
2266 2795
32 402
5511 6308
6472 7350
5915 6828
2099 2423
6209 6497
1572 1297
2487 2617
1985 2485
59 688
4483 5212
9354 8655
8291 8439
4864 5204
18 834
10208 9828
4828 4171
8500 7798
5895 5207
10903 9992
6342 6430
4995 5613
8713 9568
26 945
5661 5691
7300 7997
7771 8077
3708 3353
895 1246
3745 4214
1133 1259
3323 2510
2546 2630
2905 3498
2296 1841
31 943
1822 1658
8020 7201
5785 5789
3282 4260
6752 6448
1431 2276
5266 4320
3618 3405
317 1055
2744 3222
9751 8968
2079 1533
4080 4063
10448 9968
10193 9450
3728 3399
3823 3333
754 1233
1462 1537
5519 5840
5499 5132
8072 7148
5968 6509
24 903
2447 2165
4459 5417
3157 3053
1600 1462
7971 7853
1761 1239
1951 2449
9767 9274
3077 2749
9826 9013
3110 3576
7760 8180
98 28
1651 1792
3038 2463
2527 1628
498 1479
7162 7936
5209 5580
2361 2722
2018 2189
7710 7443
2693 3423
6113 6126
6924 6758
5255 4917
9274 9255
2277 2966
3168 3206
3661 2876
4625 5157
7125 6609
22 889
43 688
3999 3580
2540 2392
2311 2514
7695 8597
4799 4861
2506 2070
9285 9490
46 732
14 564
41 917
6539 6860
2928 2040
6946 6100
1231 1644
7705 7685
4750 3901
7036 7932
9751 8805
464 1291
24 834
9689 9987
2573 2361
5163 4932
4275 4113
46 942
6268 6207
6481 7192
40 598
4414 4791
3652 2982
7000 6681
7278 6511
4545 3696
85 325
4146 3519
4304 4216
32 904
8274 8488
3381 2426
5271 5699
5234 5252
7992 8233
5623 4731
9362 9528
4379 3806
5235 4756
5498 5916
2388 1571
9866 9154
9068 8943
8386 8500
8257 9082
1445 1959
3335 3253
8408 8367
1786 2219
10223 9769
9111 8668
8067 7631
1685 1840
1758 1463
6062 6421
688 1488
43 634
1074 1676
9660 9222
7842 7520
2160 1342
985 1981
32 249
58 734
3755 3167
2453 1725
2809 1834
92 477
8618 8394
3254 3980
56 144
6456 7397
10073 9363
78 516
2744 3216
75 36
3941 4052
10 494
5707 5045
6002 5248
5936 6493
10185 9547
1857 1231
2556 2829
8238 8048
7517 8462
2972 3699
3666 4210
10261 9297
4414 5092
8917 8340
6385 5492
2421 3021
6847 6837
4072 4397
5462 5572
4067 3408
6643 7027
8352 8392
9959 9529
2956 2831
1567 1017
5034 5873
8662 9123
9255 8592
10 556
4916 4026
6195 5701
463 1329
1072 1258
7213 7786
1893 2580
5200 5209
9594 9749
5135 5970
7397 7574
9843 9427
6205 5260
6525 6048
424 1353
6646 6888
1539 1738
3678 3489
7690 8494
61 351
5459 4460
2938 3218
5374 5966
9501 9314
7336 8202
3306 2614
6970 7575
6357 6094
2525 3188
7616 7853
7135 7900
6066 6390
80 620
4373 4851
4925 4475
5004 5662
3408 4338
7304 6616
7853 8708
8638 8341
69 29
2510 2563
5696 5517
2757 2692
8309 8117
8065 8816
6909 7836
2114 1976
1149 1155
3241 2310
6135 5196
7998 8024
2746 2908
100 651
9670 8966
4719 4612
6053 6119
8209 8544
6627 6674
8940 8993
2825 3136
9406 9808
8059 7715
2846 3130
10141 9218
93 231
7288 7651
590 1333
2857 2900
2345 3149
6535 6278
8457 8140
7260 7276
7857 7797
2220 3011
5387 4905
4478 5408
2796 3737
3201 2363
8129 7644
5128 4493
9880 9435
59 971
4786 5551
6466 6886
44 163
4297 4848
8860 8634
2882 3112
5714 6269
3559 3750
100 547
1064 1533
5108 4604
6213 5884
8945 9575
8301 7668
7122 6800
6661 6608
96 246
10490 9853
6699 6683
6307 6182
1968 1164
75 363
4013 3739
4286 3540
8675 9439
7948 8701
6622 6144
3744 3923
2364 1438
1918 1678
9084 9737
4556 4329
4344 4517
9656 9395
10272 9659
4517 3935
2021 2200
6839 6246
4853 4716
2879 2510
3100 2462
7400 8249
5823 5336
8619 8602
67 301
4116 3689
5798 6127
7823 7399
7431 7879
5135 4310
8991 8527
24 912
7512 7486
878 1400
25 646
6510 7371
8373 7773
3477 3269
3633 2750
2992 3249
4801 4303
2252 2401
9921 9498
3764 3057
4841 4589
9360 9519
1187 1867
75 604
9217 9442
5659 5930
9116 9988
8894 9403
5405 4513
1545 2203
4546 4241
10239 9691
5878 5037
83 61
6936 6239
9453 8653
8874 8075
6923 5947
1202 1348
1440 1778
6620 7363
4457 3996
1890 1768
2936 3533
6112 5362
8331 8299
9318 8334
7896 7974
7343 6779
9488 9366
1765 2312
7338 6516
4063 4721
92 949
2656 1967
3559 3579
2321 2513
2696 1737
3944 4120
1459 1702
2595 2132
3225 4193
1343 1641
1797 1691
4702 4447
7352 7463
1680 1505
7032 7587
2504 2286
4322 4712
2017 1855
7063 6373
1622 2355
6946 6085
6629 6031
8433 9098
9852 9097
733 1154
8647 8906
6360 6250
3415 3480
6389 5941
8780 8322
65 883
7296 6539
8931 8355
97 348
5514 4528
2419 3283
4520 5411
3272 2536
2977 2277
1537 2185
7604 7904
31 279
7785 8161
3770 4541
8638 7720
8196 7457
8461 8171
2274 2165
3710 2728
2320 1841
1643 2607
7620 6634
93 546
38 23
9222 8881
8942 9008
2458 2492
4226 5010
7548 8411
8667 7906
6637 7434
7965 8895
5580 5399
5697 6539
5761 5313
63 455
9279 8327
6489 6401
7924 8062
3650 2696
9444 9695
3054 2523
3281 2875
3449 3070
5256 5975
3398 2475
3043 2633
4525 4254
4018 4999
100 111
864 1560
4084 4509
4934 4370
2425 1940
5624 6613
8416 7543
4020 3983
26 165
6300 6936
2891 3281
952 1887
5090 5806
35 181
8990 8663
504 1352
57 920
6499 6329
7607 8241
4434 4528
6980 6964
2469 2924
8373 8584
7210 7483
327 1065
9302 9476
2706 3442
9220 8255
10130 9264
3385 2412
5572 5966
6180 6520
2540 2680
1723 2554
10226 9959
1984 2673
8430 7821
8184 8513
83 365
74 247
9321 8950
6271 5384
4314 4958
10289 9762
52 271
5314 5429
2751 2296
10228 9912
80 266
2284 1575
7328 8050
4454 3949
2914 1978
2512 2634
9758 8904
5623 4970
1754 2670
36 519
2582 2205
6935 7405
3920 4809
9600 9721
2425 2987
8172 9150
1082 1422
8999 8492
8312 8698
2888 1950
5974 6260
6622 6658
8541 8851
6884 7331
5096 5910
2624 2337
8559 8083
3278 2993
4854 5574
6818 7173
4765 4625
9933 9094
1863 1741
2934 2787
7819 8079
7500 6797
6054 5346
52 786
1298 1735
6108 5828
6844 6408
9406 8540
6119 5778
2529 2784
5844 6339
6946 6776
6624 7047
3813 3631
3478 4278
1180 1765
16 949
3118 3873
3279 4264
9265 9908
9335 9255
3403 4088
8364 7822
8712 9324
5491 6424
5805 6576
2531 1682
6138 6011
9725 8751
9116 9762
4951 5315
2913 3419
9541 9982
1114 1449
9202 9051
5134 4931
2150 1917
8680 9651
4100 4045
10354 9843
1927 2715
12 729
7903 8699
5116 6033
6384 5969
2001 1131
3474 4297
8046 7961
5097 5313
6498 6435
5584 4891
7693 7672
79 450
37 342
10651 9735
10157 9951
6069 5778
2877 3671
4973 4156
1309 2103
5187 4850
3320 3417
7123 6271
4328 3742
6216 6475
6406 6252
4604 5172
7887 8799
2994 2198
1076 1293
4327 4626
8701 9573
4475 3773
10044 9066
4273 4179
4065 4425
6903 6660
2820 2776
9617 9313
1363 1333
7397 7277
2925 3406
56 204
6665 6846
3856 3627
8023 7652
2377 1733
41 106
6190 6784
4837 4064
4668 4619
7218 7497
5770 6406
1080 1881
4834 4677
5609 5965
6725 7560
6771 7723
6782 7423
2705 2631
2091 2014
7755 6852
1865 2781
1536 1913
5324 4380
8001 8508
2010 2232
7897 7607
7052 6606
8127 8753
7916 7741
8672 9306
5606 5999
1001 1458
9260 9037
1811 1634
3199 3499
8898 8423
68 117
1782 2085
7841 8349
5690 5785
2657 2851
5413 4888
9247 9270
1367 1942
8650 7788
5338 5231
5176 5727
3157 4090
6563 7153
22 513
8686 9417
2069 2341
3663 4188
1506 2108
1440 1375
6276 6018
3498 3397
80 429
5026 5235
830 1367
12 67
1405 1606
1916 2782
8019 8216
8966 9384
3936 3898
9033 9367
9951 9028
8908 8626
2693 2952
5662 5493
9545 8801
91 352
919 1515
5403 4568
80 765
5430 6184
2524 2473
10195 9243
4810 3810
5335 5499
9324 8324
2972 3720
6016 6610
5664 5361
7025 7548
6846 7290
6598 6378
3927 4150
8430 7440
5440 5492
8426 8125
8975 9019
7789 8377
1392 1923
6959 7876
8348 8454
6563 7295
2569 2855
6888 7872
7497 7282
1358 1743
5827 5105
4774 4983
86 837
8626 8744
9521 9200
3711 2953
5667 6320
3648 2819
4228 5203
2712 2471
10049 9741
9763 9457
4772 4129
3901 3912
6194 5790
9260 9319
29 217
4213 4996
4169 3298
2759 2857
55 50
5993 6132
5086 6055
1099 1299
3189 2853
713 1458
9747 8840
8248 8758
8949 8445
7367 8135
6518 7432
7537 6660
5482 4556
3960 4343
9051 8749
44 203
63 86
1871 2751
3059 2784
6458 5746
4530 4273
7100 7233
1967 2335
8815 9573
4535 4800
1075 1984
6919 7682
5711 5662
3838 4099
6331 5449
5281 5496
84 373
1391 1798
1802 2721
10492 9863
2499 2626
8260 7859
3481 3110
1998 1654
8915 9626
9063 8143
19 963
8885 8736
89 400
8231 8623
91 759
5639 5285
1970 1247
2566 1837
2592 3545
5746 5774
46 244
4881 4933
4299 4388
8471 7500
2622 2007
7617 7892
1439 2217
7561 7398
2673 3457
3879 4566
5593 5501
7546 7468
23 588
2498 3071
682 1679
3551 3999
5579 6050
4696 4627
5623 5556
8016 8098
9425 9199
6482 7358
5348 4801
7702 8417
1166 1176
2868 2680
8448 7728
4330 4013
10035 9387
7675 6900
25 232
6666 6386
9330 8383
5139 5837
5179 6139
7482 7476
3822 3659
9447 8613
2005 1296
3396 3262
8713 8487
4321 4427
4457 4455
4828 5147
6503 5682
39 899
9273 8904
7549 6827
7131 7782
4442 4828
7837 7768
9091 9556
1363 2305
73 88
4269 3761
10631 9762
2637 3400
5999 5697
4439 4567
3563 3943
4153 4587
5575 5923
8360 7854
8953 9825
1199 1849
4358 4112
5710 5459
1712 2424
6135 5727
2637 3448
6312 6762
3046 2679
4636 4985
3668 2781
8718 8786
9090 8983
4185 4742
5472 5951
4937 4069
6179 6089
7927 7799
2493 3297
601 1246
3965 3741
5394 5395
6506 7301
7547 7565
4537 4197
22 499
8992 8880
15 562
60 442
693 1418
1742 2496
8593 8806
2519 3484
7191 6604
7378 7965
5676 4876
54 239
7536 7906
7524 7887
61 593
3700 4048
8426 8705
41 903
31 506
6997 6568
8748 7925
6240 7104
3597 4447
4211 3786
6497 7468
9392 8947
6499 5585
1138 1162
70 797
64 392
1704 1855
2296 2193
9446 9188
8733 8450
1349 1065
6165 6092
62 823
2789 2957
68 393
77 604
9348 8833
8765 9393
2828 2334
6624 6967
3144 2926
5131 5915
4277 3847
4722 4297
5808 6327
6028 5262
4644 4390
3337 3643
5710 6179
7268 7528
3189 2761
5126 5357
8195 8901
8474 7976
4658 4094
1996 1268
2411 2102
5233 5579
1382 1324
3320 3152
8386 7878
43 625
2919 3006
6338 7132
8491 7884
5838 5640
2170 2881
23 144
7682 8589
6257 6613
2434 1567
6947 6057
82 941
8398 7411
6527 7113
6854 7298
894 1552
8936 9567
4547 3992
6577 7307
3442 4082
3411 2685
2458 1511
1942 1204
1844 2282
4275 4977
4484 3684
7137 7837
7455 7229
2360 1861
3763 3797
7008 7247
3008 2897
7556 7556
1030 1672
9187 9455
5330 5962
8184 7532
1582 1154
4368 3456
1390 1186
63 211
10309 9965
3536 4294
6325 6204
4975 4432
30 192
1616 1216
10221 9601
3934 4523
90 751
9890 9846
5672 4724
9047 9106
3152 3822
1512 2054
78 147
8607 8697
6840 6199
6162 6089
6098 5468
7226 7826
3282 3201
16 446
17 381
3561 2951
5784 5490
8543 9474
6689 6424
5265 5124
6377 6386
25 233
6156 6038
6647 7088
3713 3962
1142 2037
4316 4717
5537 6385
3430 2609
6649 6395
8552 9266
7387 7727
2945 2808
7886 8376
5445 4530
12 195
5739 6702
1533 1556
5919 6392
3915 4112
10119 9359
6248 6420
10248 9462
1222 1221
10048 9401
4234 3456
3407 2723
25 798
4745 5273
4389 3837
1966 1118
4145 3524
3305 2370
4682 4433
9185 9504
2181 2782
2754 2428
4446 4171
7762 7807
7806 8349
8272 7277
67 107
4061 4349
3272 3045
11 712
3543 3213
3872 3788
301 1223
63 534
3589 4142
8592 7619
3367 2675
6998 6137
7916 8520
5643 4762
91 665
1583 1954
2535 3093
5605 6521
44 550
2154 1445
1533 2147
7735 8226
1596 2450
4968 5309
8986 9890
6666 7106
36 65
9708 9396
7918 8203
6856 6311
9764 9883
5731 6097
2130 3057
8747 8158
7942 7884
1273 1059
6730 7433
5235 5413
6402 5712
5745 5061
5365 5241
1823 1550
2159 1465
3466 3909
5999 6548
7059 7439
10247 9550
4209 4176
400 1067
63 535
8950 9546
8171 8184
2164 2739
4660 3775
7874 7645
4331 5301
7066 7567
750 1125
4238 4859
5880 5588
3367 3358
63 578
2036 1225
7758 7125
549 1523
10054 9780
10200 9895
36 339
1555 2009
3719 4182
3994 4152
4101 4351
6009 5475
3718 2732
2379 1953
8111 8536
4341 4490
4154 3704
2119 1695
7892 8797
72 391
3285 3331
81 722
1854 2198
8142 9099
3785 2939
22 610
4744 5302
3523 2566
99 612
1979 2816
4346 4303
7011 7902
1626 2477
6933 7826
5027 4143
7931 8092
1330 1378
2802 3134
76 767
29 883
2648 3045
4282 5213
9662 9461
1989 1691
3789 3991
2065 1763
72 628
7219 6712
73 613
1755 2106
6855 7317
3930 3065
3682 3670
54 878
8081 8802
659 1270
8879 8508
9714 9379
6194 6198
5911 5877
7659 7894
787 1330
5224 4710
2476 1860
4369 4672
3477 3841
7140 7608
2672 1862
1762 2709
3548 2617
7156 6498
2011 2759
2206 1707
9794 9200
7039 6737
5795 6794
17 836
4267 4970
4280 3672
7681 6943
1588 1931
10266 9887
6148 6112
5439 5769
9799 9196
1692 2387
97 726
72 141
3765 3565
7910 7470
2533 3430
7768 7038
3798 4424
7733 6982
74 399
35 194
7626 7594
5948 6232
4878 5562
2598 2180
7418 8097
6221 6192
8549 8659
7319 7614
4893 4506
8451 9348
3755 4071
10409 9650
4197 5173
8006 7862
6070 6697
6457 5674
3979 3593
3146 4015
82 763
1292 2099
4026 4075
8029 7953
3814 4133
7072 7796
9457 8544
43 411
21 609
3029 2893
50 673
5678 4870
8717 9231
2235 1609
6493 7285
9202 8688
6830 7212
8805 9579
6912 6041
3627 4324
3688 4330
67 140
4956 5578
4068 3356
5286 5522
7536 8491
1748 1142
1993 2743
4568 4371
3723 3068
3468 2692
2971 3605
4863 5587
4102 4264
4920 5453
527 1030
6051 5338
63 995
3489 3410
2436 1889
2665 2192
3974 4862
3134 2392
9671 9110
6374 7011
5580 5735
2927 3406
7437 7691
5373 5348
3931 4393
2893 2363
7918 8300
8786 8562
3421 4172
2316 2936
7594 8463
7496 8311
6965 6622
7583 8049
876 1322
2586 1632
8343 8783
7978 8207
9009 9223
2161 2569
4069 3830
2831 2913
5834 5460
4202 3405
3494 4206
273 1104
2073 2302
8967 9411
10125 9916
4411 3873
5293 5871
8848 8472
69 173
5424 5944
2197 1387
4419 4465
26 488
7193 7802
4769 5120
9152 9622
1570 1778
2883 2828
8674 8510
8890 9543
9010 9823
4384 4842
6721 7103
8856 9161
5432 5510
4169 3871
6477 7318
42 905
1803 1134
5600 4940
5510 4612
9135 9155
4726 3901
7964 7465
6603 7489
4545 5084
5913 6017
52 893
5176 5530
1141 1683
8546 8667
6661 7058
1743 1319
92 201
8030 7746
7685 6699
9863 9261
91 93
3152 2885
5260 4693
9844 9110
6979 6790
5009 4825
6551 6212
4780 4774
6226 5506
4689 4077
9378 8477
5079 4554
3491 3779
9838 9689
3185 2531
3103 3261
9173 9073
9123 9059
7347 7668
38 604
76 51
2621 1902
65 245
84 772
4116 3557
9247 8913
6592 7221
3685 4057
4746 5678
95 231
8534 8067
4560 4904
37 43
8451 8704
5204 5333
56 385
5857 5238
49 567
3635 4502
519 1325
2246 2092
4337 5220
1077 1783
3513 3637
3247 3744
6004 6861
32 984
6681 7510
9882 9371
2445 1955
7423 6566
10179 9749
21 125
5881 6503
5855 5131
4731 4237
4497 4136
5486 5146
2364 3152
1457 2337
6298 5425
7027 6973
6551 6854
63 833
5598 6272
9996 9845
7689 7705
9848 9104
8026 7853
44 579
5360 5089
8893 8892
5695 5626
7025 6227
4835 4088
7508 7989
3607 2834
9393 9481
1694 2388
4176 4027
76 988
7887 6986
29 806
7895 8540
2442 2903
7134 7901
2369 2143
2449 2828
6315 6905
6332 7241
1556 1423
13 590
2823 3119
6156 5945
2940 2294
1461 1954
2890 1898
2656 2121
12 397
7808 7833
9429 8600
100 688
3451 4056
3329 3261
6443 7104
7485 6813
3042 3135
8942 8069
6806 7149
5049 4326
6176 7107
6576 6053
7805 7485
5051 5581
7317 6858
4759 4455
921 1876
7953 7332
8469 8611
3789 3684
9036 8340
3899 3933
5649 6503
77 24
3790 3642
7247 7272
7559 7167
8320 8837
5518 5827
7097 7681
1956 1785
5329 4329
1363 1968
2648 1950
21 760
9236 8953
39 910
44 202
6956 6991
4964 5659
8850 9808
2375 2211
4909 4478
8534 7880
8545 9363
3294 4131
5052 4288
3845 3553
5090 5035
1608 1369
4031 3402
2383 3200
3217 2609
5329 4349
3011 3676
7433 6885
4514 4300
2922 2972
8182 7413
1091 1421
4214 4613
2318 2409
7938 8825
73 864
4663 4601
4546 4909
6203 6387
8250 9216
5355 6123
10198 9445
2789 2307
4910 5481
3161 2410
9146 9441
9453 9084
59 658
3614 4431
8779 7809
6006 6946
7198 6389
1632 1760
93 260
21 789
3613 3899
7111 6633
6544 6131
3718 4135
7073 6268
6288 6038
4062 4713
5435 5275
3852 2912
8693 9681
2738 2211
100 721
6128 6712
2487 1879
6372 6686
4694 5687
7313 7209
7615 7065
6804 6133
9860 9684
4769 5711
6840 6802
8354 8009
5013 4927
5105 4777
9202 9239
1205 1029
5031 4984
7629 8278
3434 3174
8850 8531
8341 8535
3693 3572
4582 5210
8391 8857
1772 2405
10604 9678
2704 3201
55 493
7411 6826
4261 5075
1610 1876
4135 4151
98 446
7242 7700
42 464
87 804
8422 7718
2387 1609
89 895
4374 4554
8797 9686
9308 9192
86 635
1181 1401
5839 5244
7319 6970
7700 6903
5580 4729
80 225
3746 2834
3300 2370
78 715
3607 4317
7157 6175
5031 4688
5281 5502
22 979
3821 4220
5002 4900
9238 9389
3806 3825
7231 6883
3108 3298
9868 9512
5858 6045
9406 9828
71 685
5074 5843
4799 4642
10504 9516
7095 7409
5628 6323
43 550
443 1048
8463 8371
9850 9073
8902 8997
5447 5047
7024 7227
5416 6279
9080 9130
7433 8033
9580 9029
8103 8279
72 820
8189 8879
6744 6928
1535 2128
5733 6161
3043 3590
8299 8107
3960 4847
1397 2152
67 960
7522 7001
932 1718
6768 7319
1966 2671
7958 7464
6693 7001
65 414
3495 2886
2189 1279
8832 9773
7793 6847
6362 6438
49 211
3039 3951
4887 5040
5768 5399
8805 8744
7668 7824
5304 5664
7246 6377
9230 8790
2712 2347
7670 6876
5020 5383
9077 9008
4208 3592
3126 3188
8545 7811
8477 7605
41 955
6983 6658
8647 9306
9825 9085
4200 5012
2748 2783
8760 9102
67 756
21 521
6089 5913
8928 8378
10223 9561
7555 8045
8594 8759
7590 7231
2708 3165
8674 9665
4524 4189
4729 3986
5401 4856
6141 6443
6508 7016
3334 3123
7601 7861
5771 6133
9225 9384
8466 9265
6160 6283
2113 1549
5927 6090
4932 3965
4898 5486
7788 8685
3017 2598
79 819
4241 3413
10252 9984
8775 9077
4711 4449
6782 7487
2818 3411
1717 1902
2587 3540
5363 5512
6116 5752
9637 8912
4042 4146
7944 7103
8028 7671
2832 3757
7607 6833
5866 6192
9417 9119
44 985
3299 3365
4545 3739
2870 3450
3284 2816
8436 8666
1875 2677
2651 1883
8255 8733
8408 8163
7778 7868
1137 1982
7622 8338
2634 2552
3854 3542
2860 2794
480 1150
7104 6895
24 523
88 431
5939 6512
8389 9339
61 36
8312 9190
8423 7856
1295 1947
3350 2926
1374 2210
3572 3247
3726 2861
7084 6893
8957 9143
8308 9262
3219 3486
8863 9823
2791 3675
3722 3075
5664 5830
2587 2216
7919 7487
3222 2483
763 1258
4441 4483
6395 7286
1861 2632
4904 5019
2583 3091
55 589
7680 6985
4637 5130
5639 5285
2510 2849
1280 1611
3607 4327
3130 2376
7699 8202
8591 8074
8492 7684
10 852
6783 7712
9022 9573
4280 3638
9718 9814
236 1053
9422 8649
2958 2932
8369 7802
6544 6160
4572 4603
3528 4468
1564 1974
5806 5654
2461 2016
7657 7617
4232 3540
2065 2636
6836 6177
7549 8109
3643 3688
6323 5877
9842 9147
6340 5351
8146 8885
5501 5101
8199 8155
4082 3977
4891 5680
6338 7110
4694 3729
6361 6752
2413 1638
9820 9100
7523 7241
6318 6301
5142 4810
9293 8541
3796 3623
7105 8104
15 253
1919 1317
7175 7260
3271 2644
7090 6199
7850 7629
8084 8554
6705 6895
4920 4957
3732 3885
2169 2395
3061 2077
8763 8568
4059 4545
3351 2824
4852 5334
7297 8159
3145 3140
4494 5089
90 351
1738 1487
4913 5717
33 178
7743 8247
4127 3967
690 1497
8657 7938
6793 6791
3778 4288
7239 6371
1203 1243
33 65
6049 5979
1532 2437
8449 9002
3072 2634
1280 2084
2538 1697
9644 9082
7120 7994
1163 1014
6100 5814
8426 9225
82 98
1017 1089
7618 7897
5724 5891
3077 2244
1727 2030
9379 9764
8343 8829
3792 3438
4863 4177
88 577
23 974
6335 6124
5789 5684
1748 2501
4780 5153
6835 7564
9182 8357
27 292
7593 8257
6213 6087
3284 2694
6968 6153
9022 8894
2088 1228
27 31
79 479
9416 9469
2296 2646
4651 4103
7797 7599
10347 9564
1679 1425
8404 8026
2607 2560
3915 3328
2600 3358
7815 8014
9261 9394
9246 8510
5330 4877
1319 1453
7484 6489
1715 1976
6059 6073
9435 8863
4178 3917
6564 5661
5569 5216
1965 1745
5432 4498
5439 6400
36 956
5021 5451
7640 7607
49 880
6204 6013
5822 5694
12 567
5290 4952
2656 1915
7723 7950
3232 2316
4596 4037
10776 9868
10143 9480
9331 8828
4250 5068
5190 5594
14 307
3244 3333
2387 2275
2004 1280
96 333
5528 6126
3255 2299
2783 3039
3266 3905
8921 8850
1373 2243
47 966
1790 1644
18 72
4353 3705
6332 6744
8435 8643
61 417
3157 4005
8978 9824
5029 6010
3705 4639
7461 8049
2466 3428
2392 2843
5441 4874
4814 4440
8294 7591
8532 7759
6281 5540
4837 4770
4538 4577
2254 1289
1825 1166
9365 9700
7778 8417
9428 8756
1921 1014
7229 6252
6873 7030
10287 9895
9756 9634
4621 5546
2710 2507
2126 2127
8448 8976
75 940
8328 8868
2831 3212
11 720
3057 3344
3448 3854
4409 4605
3928 3736
9517 9328
5063 5064
10171 9593
52 429
7171 6998
3740 3492
2166 1446
10305 9957
9680 9397
8543 8204
8563 8704
1617 2198
3736 4032
2756 3511
8846 8274
10592 9839
10511 9569
7890 8464
7911 8712
9169 9545
2520 2127
4870 5557
6238 6280
7498 6565
7611 8131
9740 9675
8563 9071
4256 3889
47 272
6985 7103
8425 7527
5718 6425
6366 5531
1887 1444
3362 3303
4247 3854
8242 9202
6448 6545
3772 4221
97 285
5809 6489
2123 2674
4426 3547
5354 5578
72 137
1252 1804
5817 6295
3832 4508
72 626
9097 9900
2477 2198
8042 7208
9907 9286
5707 5652
31 416
4687 5162
5771 5309
5380 4994
5636 4949
4912 4431
4704 4505
7465 6720
1723 2632
4502 4339
5931 5184
8085 7419
5489 6117
17 372
15 129
2444 2184
5774 5718
3099 3123
5311 5229
8807 8431
7767 6913
7682 7044
5954 5280
10703 9852
2280 3236
4334 3404
5910 5446
9769 9353
7735 7339
4107 3429
2265 2021
3747 3351
2939 3799
5660 5992
52 690
7721 7957
8226 8737
6035 6674
10024 9158
5932 6703
7951 7455
5753 4985
6997 7384
2868 2743
82 230
9525 9992
7267 6926
1320 2177
6068 5664
3562 2757
9071 8381
7603 7192
4577 4262
3667 4342
3316 3211
8306 9125
8916 8049
2999 3000
3412 4345
1137 1229
4911 4435
6588 6998
8623 8006
9740 9727
7710 8213
3562 3098
9722 9161
90 24
86 377
8213 8385
8313 7972
2896 3650
9151 8837
7920 8313
8778 9749
9012 8652
9755 9545
3252 2732
1958 1709
2974 3846
6133 5197
9122 8502
6237 5246
4259 5246
6508 6304
2865 3362
6601 7180
4865 5102
3746 4700
1676 1719
7658 6873
4455 3798
2938 2768
58 406
3651 4540
6827 6771
5315 4843
2301 2471
5303 5723
1102 1322
3540 2774
1904 1735
1910 1391
3319 2319
10 176
9562 9491
3799 3107
5110 4553
7613 7279
10147 9954
3238 3964
139 1078
4283 3833
2772 3227
10164 9978
267 1256
86 640
6930 6412
6584 7421
8636 9121
2618 2320
8737 8637
5260 5278
6288 6478
2240 2524
3454 3004
6852 6879
1983 1405
4993 5067
7938 7219
4139 3142
8702 9503
8050 7324
8890 8489
8092 8701
6699 6116
1251 2045
6958 7841
9530 8746
1698 2547
6999 7648
3435 3837
9720 8807
47 265
6890 6272
8284 7656
4096 3358
6649 5975
4263 4894
89 109
9962 9606
7709 8172
3898 4038
3062 2134
8356 8522
6191 6596
7645 6796
7983 7029
7545 7404
9409 9881
34 300
6988 6608
5507 5246
28 164
6742 6874
10203 9968
5134 4924
8907 9439
9884 9335
3152 2455
9437 8471
5245 4459
5892 6274
7575 8046
4236 5192
23 538
8914 8491
5541 4669
3157 3124
7015 6795
3488 4159
2463 2202
5693 5191
8610 8801
2103 1651
7908 8782
7489 6930
8818 9764
10227 9472
1546 2314
4654 5630
8985 9108
4640 3645
6801 5974
1571 1712
10 419
7160 7636
48 331
63 154
6039 5450
4711 3825
2827 2753
4108 4968
8936 8329
4604 4921
6266 6248
6275 5809
4284 3529
6616 5852
3657 3803
1623 2231
8089 7780
2028 1427
2686 3664
10760 9838
6887 6865
8160 8720
6900 7873
3026 3259
9771 9187
3942 3935
34 636
2148 2075
7305 6932
8294 9082
7752 8120
1450 1301
80 372
294 1143
8061 8401
6170 6644
1417 1127
8930 8224
9621 9558
3204 4143
3873 4586
5598 5699
5087 4126
5765 5403
7715 7081
7340 6507
37 21
2122 2810
7182 7383
4675 3884
1220 1444
9390 9825
46 215
5956 6384
8788 9310
43 295
10184 9962
3908 4678
9169 8561
8437 7649
59 16
2713 2052
10213 9833
8179 7832
8607 8289
40 335
8230 8089
1097 2094
1210 1962
81 280
4773 4833
5563 4617
6608 6658
6384 5740
2187 2087
7695 8443
7322 7026
7907 7682
7929 8605
9612 9440
4187 4256
6111 6492
6877 6998
4375 5252
2247 1649
9662 8807
5965 6665
6148 5819
5427 4901
6779 7301
497 1255
7162 6183
8415 8915
7163 6983
9212 9586
8051 7955
9121 8951
6660 6158
6831 6064
5060 5621
7356 7500
8055 7120
2118 1250
4076 4087
10915 9934
903 1567
5805 4838
9588 9843
3242 2659
10258 9654
6533 6151
5732 6551
7432 6578
1176 1635
8220 7290
8483 9017
7171 7727
10058 9313
5277 4801
2599 2888
9806 9322
10348 9667
8805 8818
7482 8306
6228 7200
4752 5577
8696 9514
6329 6540
9160 9729
9254 9224
73 653
2038 2103
2168 3091
6834 6500
8725 8777
5491 6261
1169 1520
7262 7785
4293 3882
2588 2069
78 670
2022 2925
3174 3667
39 981
15 88
1807 2598
2238 3204
3711 3329
56 627
7702 7766
2006 1776
8734 8811
7136 6648
873 1393
6540 6301
3629 3711
2092 1326
8448 9410
81 775
2537 1869
4448 4892
474 1460
9283 9899
7560 6857
436 1380
8956 9009
873 1442
7156 7634
55 63
5877 6727
7318 7225
9175 9761
5053 4259
7038 6898
51 823
7171 6291
78 360
3346 3218
2943 3635
8379 9061
9409 9758
4351 3845
15 494
6646 5982
99 33
4316 4732
9111 8373
2796 3299
3235 2521
7870 7017
4586 5523
5275 5367
8090 8369
1825 2502
7993 8793
1991 1569
1585 1993
30 545
8112 8992
2506 2484
8363 8807
4026 4700
5410 4970
54 498
7709 8663
34 487
5164 4347
2793 1993
54 475
1430 1954
73 567
6459 6533
7310 7267
6709 7048
32 344
5897 6192
1967 1542
4513 4983
1350 1477
9399 9386
4924 4567
2711 3174
3028 3681
1354 1446
6173 6976
1552 2412
40 355
4239 4827
1011 1806
4126 3966
1189 1027
1831 1197
5671 5437
7986 7938
9814 8999
5663 5010
1330 1194
3635 3671
2290 1836
9758 9879
47 14
4573 4708
9264 9236
4435 4985
1050 1942
3368 3205
1645 2048
9000 8282
21 261
5905 5361
6010 6852
6374 7130
1319 2261
9140 8543
1966 2127
9072 9287
64 985
7945 8107
99 831
4413 5152
149 1132
5500 6473
8112 7214
2515 2952
4174 4251
8850 8011
2342 1447
4941 5545
8027 8347
7740 7474
1982 2433
90 752
9324 8356
7053 6986
22 479
3944 4704
4738 4009
6224 7146
2290 2562
4686 4617
5411 5448
8297 9248
9005 8224
5220 4364
6570 6181
2604 2278
7539 8192
8883 9142
5745 6570
7883 7265
10098 9276
8445 8914
6396 7170
2580 2187
39 233
2060 2891
9091 9154
4186 3647
22 764
26 562
7617 8454
7612 6692
5520 5846
2456 3293
9248 9082
4107 4067
3341 3930
6327 6012
3602 3154
3773 3432
29 477
95 369
7097 8000
2185 2419
99 1004
7676 7181
721 1436
9003 9388
6616 7089
9217 8680
7760 7338
56 535
8987 8265
3658 4613
9793 9260
3927 4755
6941 6526
9259 9509
5162 4688
23 416
6890 6321
9550 9472
5392 5693
2216 2059
6802 6719
2660 3186
6874 7385
4608 3929
9385 9924
3013 3006
5868 5055
9899 9730
2729 2841
6180 6280
6638 5822
5906 6632
6696 6368
2456 3222
9313 9474
7869 7416
7639 8619
2508 3190
3448 2775
4124 4211
8333 9104
7417 7241
2427 2500
88 150
6475 5602
3894 4747
12 859
5708 6576
454 1298
8970 9650
5007 4938
8074 7768
90 863
9353 9474
2582 2857
7896 7435
4207 4224
3073 2691
2707 3438
8890 8608
5697 5568
3414 4288
10472 9913
2661 3127
4696 4150
11 446
10365 9635
7693 7808
9196 9551
6440 5629
4320 4695
8493 9306
36 299
4018 4551
4147 4983
7969 8897
3098 3587
6444 6211
1169 1524
958 1184
17 116
6133 5245
3196 2568
8349 8357
9225 8817
9643 8873
8935 9930
95 460
819 1339
5622 6115
3617 3275
3354 2844
6340 6388
3220 4137
7130 6532
4259 3856
6390 7085
7875 8793
5289 5090
1868 1859
5211 5171
8150 8719
4860 4145
742 1556
4179 4055
4081 3520
3375 2378
2188 1968
5791 6126
1824 1138
4770 5133
9132 9828
8140 7540
2451 2343
3668 4612
4203 3326
4856 4013
8007 8541
7965 7313
3773 4243
9608 9897
8758 9326
4962 4597
1215 1512
95 234
7407 8250
6458 6384
3607 4478
10045 9998
8791 8564
3237 2279
9154 8301
2716 2486
5139 4328
7589 7511
6814 6695
8911 9154
8131 7669
2710 3198
5187 5695
4515 4100
4199 4252
5561 4872
7120 7525
4002 4350
4971 3973
3789 4356
9025 9092
9837 9617
3766 3386
2530 2000
4597 3875
4329 4772
6248 7215
7815 8736
5927 6124
4824 4963
87 865
1839 2148
1502 1490
46 159
9126 9569
390 1298
1394 2151
4415 3802
8818 9567
3743 3794
5937 6329
4642 4856
9142 9706
3505 3687
7441 7886
8768 8704
6606 6777
7487 6591
10349 9907
7229 7573
8471 9428
98 162
4195 4596
2834 3243
6833 6550
5852 5620
1477 2177
97 807
19 296
3553 3771
5352 5373
1757 1437
4355 3592
4920 4344
335 1070
4775 5556
4724 4979
6893 7015
3013 2074
4471 5281
4780 5336
7987 8000
75 542
1919 1386
5311 5997
2926 3606
7664 6778
8274 8484
8687 9379
3042 2473
17 745
1456 1354
3678 3104
5414 6055
2812 3545
8259 9243
1248 1749
9141 9970
9637 9545
8666 7957
8620 9171
7555 7706
8848 9758
7845 8347
7708 6873
8417 9047
8245 7528
268 1159
92 248
2362 2730
4347 3463
4911 5338
21 200
4069 3537
1248 1735
2974 3248
3443 3175
3531 4345
82 378
4704 4379
1641 2046
6156 7133
45 891
3070 3965
7582 8032
5680 5994
4177 3313
1493 1769
7787 6840
3699 2864
9964 9087
1886 2250
3823 3419
74 588
5583 4859
6739 6359
5888 4907
4681 4104
4660 4860
99 490
9269 8304
2508 2241
3727 4293
8524 8505
2240 2211
4494 3587
1186 1886
8134 8358
212 1015
6253 6715
1613 1395
4928 5698
90 478
4037 3538
7534 7905
5668 5845
7966 8024
9191 9987
6679 7337
70 897
8243 8769
6043 6854
3306 3643
9347 9845
6462 5767
10081 9453
4302 3671
6142 6836
7089 6099
1902 1327
3476 4297
9119 8218
8907 9351
5951 6253
9425 8609
1036 1155
10846 9946
96 952
4246 3359
8705 9409
3920 3231
5078 4236
4630 4682
9491 9119
6996 6093
7935 7602
6891 7618
8381 9072
4375 4802
9224 9641
47 300
6532 5543
4316 4738
5832 6819
6462 5522
3080 3032
2282 2533
4625 4010
3031 3788
6456 7051
4103 4555
25 339
7132 7672
86 295
9547 8635
7481 7787
8501 7549
6127 6074
6505 6261
77 60
3135 2984
8589 7896
4090 4938
1516 1524
1489 1787
4406 5219
8544 8032
60 938
1910 2688
8752 7797
4746 5184
8340 8268
1808 2773
5486 5934
1090 1136
2528 3291
6222 7196
5703 5443
6976 6286
4348 4774
4001 3736
8742 8947
4907 4560
8147 8462
8332 8157
559 1203
23 82
2124 2368
1602 2264
3540 3364
6026 6160
37 117
6223 5620
3901 3367
9156 9185
4659 4837
8969 8750
1898 1651
3784 4141
6517 5904
6792 6724
7129 7529
2213 2151
7174 7432
5042 4283
9291 9315
1276 1767
1786 1545
8084 7359
6716 5795
2778 2271
2108 2667
10632 9961
8921 8112
5185 5082
4264 5254
8000 7034
6632 6637
5987 5387
3320 4140
9226 9785
39 517
2654 2779
7981 7674
7123 6180
3339 4260
3405 4121
3343 2630
761 1082
4132 3189
6388 6213
8364 7762
5855 6402
7639 7746
1392 1413
7653 7619
6618 5650
7246 8120
2451 1976
1390 2013
7164 6322
1148 1817
10355 9438
5290 5903
5436 5248
8049 8152
5208 5328
71 42
7681 8535
18 709
42 847
1252 1251
4577 4930
10815 9849
8017 8431
7264 7432
3981 3981
5707 5493
7723 8041
9126 8298
2000 1051
2347 2911
6298 6410
6964 7825
3361 2911
8438 8869
936 1397
4001 3759
3468 3973
5089 4752
3755 3131
1963 1012
3768 4523
6615 5989
6994 6819
9259 9623
84 397
2818 3228
8516 8636
6032 6937
8695 9488
58 111
53 187
4378 3552
62 651
7317 8308
6980 6832
5991 6440
2773 3244
5712 6571
2767 2707
9956 9703
66 285
5307 4545
4437 5139
3567 2613
8096 7324
9607 9362
8552 7807
8495 8994
6104 6221
6551 6896
3596 4304
4505 5066
6417 5938
6175 6343
1269 2053
5363 5534
6476 5560
1638 1537
2360 2734
3398 3233
4534 4402
6090 6644
1229 2143
3784 3051
7225 7453
964 1637
5069 5917
30 497
5205 5710
5255 4525
7025 7114
1718 1579
5148 4732
1795 2082
4886 4424
88 749
2593 3291
2808 2980
4856 4744
7080 6273
5647 6088
7996 7100
823 1313
1330 1873
3005 3772
7566 7040
6472 6383
4337 3472
32 137
7472 8040
5853 6474
8093 8629
8015 8682
3126 2268
5215 5399
2001 2003
3633 2836
8123 9103
4847 3995
6566 6437
9446 8701
7532 7007
8679 7682
6914 6230
10201 9411
7382 7729
4720 4705
14 105
507 1386
8679 8560
8965 9069
1662 1228
7864 7027
4921 4662
79 717
5701 5208
7193 6595
2098 3010
4466 4947
8044 7139
98 256
3527 3551
2000 1239
3245 4046
3111 3487
33 746
3201 3410
6270 6631
8802 8853
5720 6685
5951 5069
9493 9038
3108 2116
5316 4359
3805 3898
4070 4663
5697 5635
9206 8575
9463 9523
6128 6822
8549 7814
8216 7571
2707 1867
5899 6210
6220 6310
6082 6531
5045 5557
19 399
1797 1077
10021 9553
7031 6784
7486 6979
867 1431
37 823
66 717
2531 2749
5268 4844
4060 3618
24 844
7862 7055
2626 2468
9968 9323
5048 5524
6098 5936
4252 3336
808 1709
968 1320
10264 9878
2569 3481
9219 9020
3223 2432
1885 2377
7493 7672
51 850
4339 4824
58 38
5200 5595
10677 9984
7858 7695
3207 2422
3511 4264
7958 7238
6940 7830
6388 5853
4498 4595
2118 1750
5323 5915
8382 8138
6673 7288
4852 4720
3967 4711
4368 3516
2905 2580
62 841
5071 4266
5873 6649
3944 2997
5746 5645
6684 6346
9296 8909
3453 3887
8874 9470
5293 5467
2824 2966
1629 2530
3315 2347
7532 6941
10089 9780
3603 2972
9315 9245
1619 1721
99 635
7115 6155
6162 6530
2030 2158
8836 9678
8997 8555
4438 3611
8383 8031
8541 8113
10573 9903
8721 9117
6946 7714
4273 5112
5885 6620
6628 6780
2847 2288
62 649
2292 2455
10406 9727
82 703
3426 2670
7619 7234
14 571
4178 3509
6276 6693
6161 6416
8069 8350
5993 6886
1697 2358
8161 7346
3421 3261
3767 3304
3418 3886
1847 2311
10475 9527
954 1724
1720 2592
1598 2582
6575 6530
519 1329
6423 6078
7999 7043
7367 8144
6388 6785
81 445
6633 7573
6001 5157
8537 8715
9407 9475
42 277
8165 7930
6677 6493
3917 4220
6581 7183
5986 6413
7640 7102
7940 7465
1074 1485
93 704
9125 9131
3546 2580
2214 2912
2614 1985
5296 5066
3475 3619
8224 8638
6249 5869
4643 4301
720 1212
25 467
7491 8169
9149 9587
6414 5699
7312 8226
2399 1716
5395 5911
2026 1410
5898 6653
2468 2232
5422 6155
3061 2497
6054 6883
3851 3076
7973 8462
97 152
8299 7720
52 501
3973 4230
5235 4275
2423 3066
8872 8720
8041 7677
8595 9425
7182 7522
4714 5461
1012 1325
6477 5747
10165 9518
3721 4494
2450 2454
3513 3049
3416 3969
22 680
5701 6296
4074 3285
4957 5062
3386 2401
8450 9257
7417 8118
7062 7397
33 819
3068 3795
7678 6986
1201 2107
61 639
4471 3681
3939 3160
11 894
6449 5599
6208 5533
8038 8075
8420 8344
2605 2509
6523 5929
4206 3771
7333 6473
5132 4268
7150 6517
9654 9540
3945 3214
4945 4337
5360 5378
8026 7628
161 1099
46 96
1979 1126
4251 4185
6977 7427
65 778
6164 5404
4902 5650
5387 4610
5981 6049
5870 5856
2969 3584
2553 3013
4779 5323
5902 5834
8973 9252
5521 4983
8665 8639
1083 1667
6961 6012
9157 9474
8797 9496
4057 4211
6406 5967
83 975
654 1035
7879 7378
2699 1707
7355 6713
8775 8270
7223 8126
6093 7084
524 1025
9839 9410
2094 2772
3910 3828
5030 4953
9572 8892
1884 2812
8689 9238
9653 9170
7763 7345
3489 3856
3028 2172
1306 1611
9285 8574
3660 3157
6098 6670
8159 7593
2049 2877
5639 6476
3756 3791
1100 1163
28 837
3818 3564
2612 1837
53 225
5025 5075
4398 4330
3896 4790
5973 5822
8866 8186
4134 4359
4903 5886
5451 6338
8676 8786
3834 4157
6994 6672
3327 3450
5858 5157
3281 3833
2382 2599
2690 1757
1440 2155
9363 9249
6363 6436
1196 2007
36 47
7592 7501
4288 4765
9735 8902
6400 6516
3351 3056
9753 9132
3023 3414
3966 3767
2985 2643
7107 7755
3344 4318
5784 6681
5009 5955
9896 9632
6738 7415
2132 1199
3333 4127
5943 6834
9555 9499
10312 9524
3102 2799
100 260
3677 3623
1697 1960
7623 8161
5991 6281
27 251
5453 5094
23 963
1813 2718
42 111
5060 4875
5950 6906
1971 2805
5328 4588
4083 4008
2191 1731
7521 7999
720 1329
5551 5607
2585 2196
8693 8507
2815 1845
7836 6931
4153 4132
6220 5562
6396 5959
4335 4338
1227 1975
6040 6014
6946 6367
8401 9160
8753 9379
8945 8971
46 961
3452 3168
2241 1538
7453 7035
5600 5082
25 880
9444 9779
6916 6166
1669 2516
2323 2843
1572 1533
2119 1728
5735 5277
3529 3814
2992 3582
9633 8820
5244 5873
9070 9448
7283 7729
47 634
51 881
8683 7937
1152 1475
18 831
9090 9184
8345 8125
9075 9026
6252 6823
8039 7335
71 747
2836 3330
2766 2367
6684 6505
2735 1793
2368 2557
3560 2567
10105 9197
6059 5372
4023 3889
5589 6377
5089 5719
3237 3104
5533 6040
3188 4116
7557 7314
6034 6810
172 1155
7894 8042
6997 6484
7058 6470
2135 2996
2750 3329
812 1760
6057 5601
2427 1958
4965 5570
3119 2390
71 260
94 908
2363 2383
6951 5969
7403 8174
3916 3301
2967 2568
1808 2775
1102 2013
5698 6346
6620 7440
2156 1690
7130 7610
2389 2802
3139 3352
8236 7319
5480 5386
3341 2603
8348 8949
3911 4421
5113 4340
2230 2315
3887 3296
3865 3882
2832 3225
9298 8823
43 728
6974 7141
5178 5075
9715 9043
1519 1840
1968 1627
3692 3776
2400 2481
805 1574
7377 7409
9599 9741
5629 6409
26 895
3599 3858
9545 9067
2123 2858
6977 6147
4161 3861
77 811
2679 3555
5426 5996
9758 9353
7875 8166
6692 6389
7584 8314
3637 3834
887 1155
99 315
77 48
8087 8962
9480 8536
6080 6734
5533 5369
7333 8330
8638 7769
2382 3177
8509 8149
4984 3991
4194 4880
4194 4096
1601 1294
2799 2997
2014 1168
7683 7479
4894 4105
85 319
5316 6029
1213 1737
8421 8105
9334 8754
8008 8643
4994 5615
6349 6387
54 708
85 391
1744 1340
8459 9147
8451 9136
3603 3628
82 73
9593 8893
2207 3081
42 805
865 1221
2287 3238
6360 5736
5236 5289
8554 8211
2842 3150
61 886
2944 2431
2721 2426
2171 2062
6401 6023
2523 3481
7418 7340
89 258
3431 4255
1773 1877
5883 5911
3385 4089
7066 6844
6969 6301
4102 3950
54 835
6275 6361
48 118
4779 5535
2614 3227
1468 1489
7367 7690
698 1271
8326 9254
3327 4025
2534 2151
8396 8385
3611 4204
2904 2698
2251 2142
7207 7711
8329 8993
4518 5393
5819 5888
1896 1138
2715 2388
7782 7235
7726 8655
2884 3602
1168 1454
8040 8076
73 517
5970 5220
11 417
6275 6440
2130 1528
2899 3170
2183 2029
3773 3428
2567 3193
1267 1754
10088 9488
6403 7068
10382 9750
6049 5956
7275 7234
2449 3085
3650 2803
21 512
3228 4108
7564 8392
2171 2057
3888 3510
9291 8413
7536 7632
8223 8371
1404 2125
9310 8449
4861 5040
5778 5494
8242 8204
9291 8656
9478 9084
13 968
8629 7637
8169 7201
2773 2417
7380 7365
4464 4340
4903 5673
4287 4927
5024 4281
1309 1843
6397 6664
9534 9019
3223 3429
8933 9259
7999 7554
6351 5489
1497 1486
6245 6804
5002 5256
3036 2528
1573 1249
7919 7323
7293 7573
1123 1254
5964 5083
8210 8935
6239 6161
1429 1752
19 769
3371 3002
5098 4521
8254 7295
9673 9664
3274 3033
3743 2798
3231 2594
5896 5891
4321 4787
3729 4611
8919 9001
602 1545
52 863
5368 4641
9991 9670
8939 9096
10 712
76 102
5363 4710
5182 4381
9469 9861
6096 6438
1617 1260
2679 2431
6676 6226
3916 3781
2429 3138
31 286
7610 7919
4027 4131
1107 1892
9750 9302
5426 4995
7164 6394
8168 7573
6470 6370
5803 6399
8785 9062
7476 6548
8740 9152
5841 6246
9642 9062
28 284
3505 3262
7465 7656
1113 1115
2436 3393
4825 5078
7334 7996
6215 6983
6631 7247
5944 5281
3506 4234
1835 2387
5417 4958
9302 9109
2532 2149
9126 8147
7698 7932
797 1557
6231 6155
9139 8600
9224 9703
6278 6462
1524 2035
5682 6496
9257 9553
2535 2150
4326 3627
6979 6936
9238 9271
8128 8080
2730 1763
4922 4158
50 95
42 91
9420 8880
5260 4412
5183 4772
10563 9732
1968 1319
8852 8818
60 926
6838 7345
5254 6164
4108 3352
7535 7205
4894 3944
7116 7328
8018 7777
8512 9167
2125 2042
6253 6858
34 700
5284 5997
30 435
5864 5336
28 443
8518 8975
5859 6065
2226 1304
4404 3841
2067 2674
1825 1863
91 367
1950 1300
9414 9023
9002 8554
42 551
10017 9044
2548 3266
63 596
2319 2110
1315 1277
5675 4958
1278 2235
1441 2031
1122 1897
4449 4170
4523 4992
5444 4867
7112 7587
9319 9360
3504 3787
1693 1226
4871 5374
1242 2120
57 723
4534 4071
8665 8399
3662 3382
5440 5341
9271 9333
4886 4980
7442 7836
2091 2832
9624 8648
2200 3010
9078 9558
7821 8737
6495 6211
52 494
1761 2714
4310 3810
9573 9245
2131 2931
3107 2324
9281 8572
7141 6384
4973 5067
6644 7223
9288 9382
900 1889
6627 7217
2704 3669
3950 3656
2249 1812
8557 8801
8832 9639
7447 7043
90 659
75 287
8030 7054
6216 5617
7343 7173
8735 9729
2454 3203
10024 9085
55 687
5493 4971
2428 2517
7100 6166
5004 5630
72 49
2835 3405
93 504
2211 1998
7689 6767
8342 7826
2208 2523
2280 1608
1739 1038
8961 8810
3346 4177
8727 9340
5298 5240
6767 5876
6613 6386
3610 3949
3977 4248
4607 3673
4713 5520
10343 9450
2347 2119
8608 8241
4746 4774
5115 5446
6470 6125
8448 7836
804 1323
10130 9563
6796 6044
5647 6580
43 631
6459 6028
3483 3716
3529 2738
3674 4655
5323 5683
2331 1902
7469 6666
7940 7248
1713 1678
4952 4120
64 685
8988 8587
3694 3486
1955 2271
4187 3200
6115 5597
6075 6878
4513 4558
8320 8097
7570 7495
8361 7642
3571 4367
7316 7398
3887 2952
1888 1052
5601 4758
7111 7208
9364 8921
9477 9140
3697 3829
899 1258
1718 2717
77 1005
6078 5265
9103 9363
1841 1462
5330 5183
8605 8628
5054 4983
8396 8533
5246 5918
6232 6971
1549 1249
6368 5826
77 357
69 124
9484 9170
1936 2191
4680 4858
2781 2286
7783 7947
3241 3334
3811 4535
2459 2694
7192 6773
42 139
4121 3444
8586 9519
5524 5845
5192 4599
3272 3589
7942 7801
3830 2993
4902 5568
9384 9642
1702 2286
8951 8518
5360 5957
3274 3512
7795 8617
7929 8462
4815 5660
2476 2927
2405 2095
6426 5701
9561 9835
63 839
5215 5098
1885 2498
8014 8917
5660 5277
1855 1545
10541 9604
5329 6293
3326 2329
5089 5975
2892 2565
7076 7540
9702 9488
10409 9514
7238 7422
7703 6793
4144 3301
47 256
6145 5255
8501 8892
25 863
7374 7120
9154 8922
6787 6648
8047 7624
5161 5253
9399 8645
10789 9966
4479 4933
4011 4953
4756 5109
10142 9145
1661 1148
63 346
14 798
7136 6534
1186 2060
6273 6864
1486 1979
6140 6559
4201 5138
8931 9864
9704 9093
4063 4764
4367 3770
6897 6046
7720 8273
5055 5166
8471 9342
2689 3115
9712 9816
4805 5039
2364 1904
9102 8104
42 479
6477 5991
3309 2792
10105 9620
9111 9962
1588 1462
7357 8042
92 715
4670 3679
9094 8422
3738 4043
9253 9595
3629 4462
1263 2140
5114 4853
91 195
5853 6820
1095 1579
2176 2867
8660 7874
8582 9274
9119 9030
3491 3632
1613 1047
1741 2503
3122 2695
53 471
1882 1478
53 572
2525 3416
3491 3302
6846 6045
8072 7755
4839 4731
3970 4403
4188 3427
100 983
6651 6784
1050 1864
3551 4072
6518 6919
4707 3816
3935 4711
2944 2155
5844 5794
67 749
4607 4198
9923 9574
1165 1486
5207 5875
5602 5612
4258 3549
6452 6823
7375 7467
8436 8026
9952 8970
3958 2970
5948 5379
3440 2896
4972 4962
3568 2599
63 60
820 1655
9158 9447
6675 6966
2589 3451
1382 2269
9234 8646
7324 6910
9666 9382
4672 4976
1764 2041
25 439
27 951
4565 3610
1657 1786
4867 4032
2528 3373
6652 5903
1841 2666
8293 7698
1337 1127
9609 9741
6951 6579
4036 4008
8870 7917
7845 8407
7450 8282
5021 4920
2305 1849
8754 7968
43 640
7908 7713
7209 6509
4511 4761
9840 9296
7311 6884
19 958
2395 1861
8405 7699
5715 5757
6660 6056
7227 6461
9174 9803
3886 4461
7463 7480
6354 5366
821 1015
4796 5519
9986 9299
2588 2486
9477 9834
8691 9199
1749 1716
7773 8301
6267 5659
4910 4885
84 347
3525 3386
7343 7506
2629 3461
6999 6620
6773 7175
1927 1170
1266 2121
6365 5708
8499 8906
2777 2428
2166 2428
6910 7744
1425 2047
8803 9303
4251 4223
6646 7093
4451 4594
2406 2332
97 368
6941 7061
9967 9172
8225 8284
59 594
7499 8041
8499 7978
47 697
9757 8760
2545 2337
6266 7038
5290 5133
3432 4207
6709 6660
3048 3191
4650 4819
1103 1862
4638 5058
6792 6750
1855 1608
5542 6256
4027 4957
8267 8126
10591 9985
4484 5291
3773 3581
2985 2066
5184 5863
4293 4245
21 994
1415 2231
7959 7087
5025 5004
4155 4052
4739 5302
8707 8284
9053 9646
9923 9776
5279 4739
5630 5494
2251 2677
5386 5925
1428 1115
6538 6356
5785 6388
3055 2611
4671 5600
7700 8116
5287 5579
8554 8324
8111 8877
3025 3954
5074 5468
9292 9284
494 1306
4750 4536
5633 5194
2169 1660
3109 2309
2333 1563
8650 9642
7552 6816
2056 2815
93 108
8192 7330
7411 7894
25 844
5848 6780
2069 2516
10631 9698
6165 5777
9337 9461
72 896
2641 2702
2752 1808
5676 5848
1960 1814
2358 2521
9121 9875
6145 5871
3089 3290
4898 5586
6394 6830
8854 9577
9209 8411
2035 2002
8237 8125
5435 4458
6358 5586
10148 9855
657 1426
8340 9154
2328 2997
6148 5836
2195 1674
6622 6780
5903 5945
5440 4443
3533 3799
4026 4935
1835 2415
3718 3635
1287 2006
7445 7100
3465 3585
6755 6585
5034 5415
13 305
3657 4315
7459 7263
8277 7425
5381 6158
7098 6683
5285 4551
5333 5636
9852 9349
9109 8363
3209 2309
7656 8366
7143 6443
7882 7445
4395 4271
5359 5118
7314 7979
59 679
2890 2423
8719 8216
7149 7944
7110 6751
11 760
3482 3436
68 486
3085 2173
2921 2673
5247 4571
76 723
6552 6327
1138 2106
4460 4713
3120 3525
10878 9894
2173 3093
7976 7770
789 1696
3414 4407
2208 2214
7725 8007
3297 3279
5756 6275
98 538
9422 9355
9358 9018
1420 2049
21 681
3126 3926
8227 9056
7409 7555
5657 4965
2785 2900
9709 9697
76 740
3150 2774
15 983
2014 2360
1797 1093
2697 3054
4146 3460
3049 3646
8696 8875
3571 4303
7032 7725
1248 1706
7532 7260
6840 6478
41 590
8871 9125
6685 7127
5962 6022
7549 8169
4662 4353
5390 5133
2580 3572
1591 1307
8556 7680
3614 4362
6240 5414
6370 6352
86 779
6873 6946
48 607
8678 8804
8824 8660
7700 7738
2732 3436
3359 4074
8210 8646
4136 3761
32 322
6659 6857
4351 4928
6157 7021
6049 6539
56 295
2100 2164
8751 9485
8789 8296
7859 8025
7320 7906
9158 9473
6937 7710
2563 2843
6656 6209
8103 7450
2438 3227
6277 6824
618 1584
749 1563
9081 9374
3728 3333
10228 9798
9038 8339
53 496
7570 7112
4946 4325
2032 2253
52 411
5830 6607
9867 9848
3640 4317
66 700
1962 2048
4234 3805
4657 4158
8934 9338
8653 8651
2964 3876
2118 2318
5024 4214
3151 2931
8287 8877
7432 6987
7136 8114
31 576
2058 1892
8184 8502
6691 7632
28 454
1801 1668
3768 3231
9806 9611
5036 5065
5746 5250
8671 7858
1836 1602
7982 7846
9064 9199
2685 2304
9818 8984
35 487
5223 5474
7094 6681
8591 9348
2928 3144
2156 2545
8043 8334
5332 5050
1574 1712
8193 7427
3425 2628
4480 4264
1913 1519
6883 6937
3804 2978
4199 4946
4937 4012
6266 6125
86 475
9040 9218
7606 8054
2289 2544
6404 7396
6364 7039
7559 6990
7186 6827
1834 1685
8355 9230
3828 3727
5882 6234
5722 6591
1386 1614
2949 2437
5025 4918
4208 5005
7267 7584
34 417
8623 8346
9047 8870
5810 5821
45 589
7906 7327
7801 8020
1994 2860
1954 1887
8154 9007
2472 2778
2215 2020
2456 1872
3004 2578
99 659
3211 3034
5692 5005
3808 4705
3600 3590
974 1683
5712 6474
3288 3051
2405 2420
58 621
5268 4875
3449 3082
8929 9626
3773 4219
5983 6003
6718 5731
2066 1679
8278 8698
2726 2313
4414 4683
5586 6509
9129 8490
8962 8170
8730 8580
2349 2247
3722 4331
6023 6117
5785 6031
6478 6303
8008 7566
1360 2025
4492 4597
5388 4551
2149 1337
9011 8332
8677 9531
9491 8744
4334 4231
6758 6481
2619 2596
1546 1044
2831 2848
7757 6763
5647 5463
5467 6244
6299 6584
8867 9773
8007 7240
3257 2380
8609 9291
2363 1978
65 59
8789 9085
3798 2938
4870 4737
79 304
2757 3679
7205 6656
2707 3259
88 200
7936 7701
3099 3055
2091 3090
7740 7476
59 460
4558 5263
88 908
3072 3564
556 1198
4464 4132
5260 4682
1426 1514
7968 7652
9409 9572
8021 8250
2337 2563
3610 3773
2989 2117
6353 5509
2560 2135
9385 8742
7695 8265
8647 9556
1966 1782
9508 9289
5097 5099
7415 7439
3107 3554
4936 4963
7215 6712
83 603
2124 2135
8591 8459
5860 5980
5651 6226
10091 9117
2844 2778
8468 9456
4272 3384
6915 6762
9027 9692
17 481
5427 5620
1110 1197
2556 3072
6040 5201
2349 1690
43 754
1191 1793
990 1231
3030 2531
8308 8046
50 871
4181 4488
1629 2059
3646 3720
14 138
273 1017
3905 3517
7559 6992
2719 2266
3172 2715
4109 4461
6428 6420
7072 6624
17 746
4466 4025
4266 4762
2227 2733
901 1696
4393 4739
5983 6316
3842 2876
9730 9928
6498 6536
5508 4809
3628 2914
6523 5952
8369 8745
9233 9896
3828 2872
10215 9259
1614 1799
6383 6748
9406 8777
9300 8327
4577 5487
5883 5943
10072 9252
1094 1319
6123 5303
3921 4003
4770 5598
9898 9885
10669 9979
4604 5083
5888 5945
9807 9158
8888 8649
1215 1251
2550 1771
4636 4747
1916 2554
2502 3290
1504 1053
10798 9988
98 585
10305 9932
3699 4355
2207 2089
1527 2514
6751 6558
2128 1905
98 74
2824 3510
8605 8792
10694 9920
5243 5919
1206 1886
7953 8300
9613 9472
5938 6580
8625 9422
2488 3457
7504 6820
7111 6126
45 544
1208 1518
4905 4661
5209 5255
95 246
4058 4810
13 509
55 568
4010 4734
4046 3209
2458 3332
65 478
3432 2866
7814 8054
6482 7384
7743 8198
5161 6049
25 661
52 875
3484 4261
6549 5944
2839 3101
88 68
9157 8393
3258 4037
4951 4064
4073 3819
7973 7648
2500 2124
6482 6491
5866 5264
5360 4472
20 48
9442 9659
5486 5185
6319 5956
5318 5878
4624 4443
6406 5946
1662 2606
9262 9004
3923 3642
8665 9235
5472 6173
2433 1824
2497 2148
2485 1692
8665 9566
2855 3537
3370 3866
2450 3223
1626 1125
3437 3535
95 274
59 427
5388 4795
1549 1039
9114 9604
37 268
6321 6432
3013 3342
5150 4498
4895 4373
4111 3153
4717 4122
1741 2045
7911 7118
4726 5537
3960 3506
6715 7429
5266 5881
5666 5303
5800 6089
2904 2896
9908 9021
2053 2029
1918 2702
9129 9597
5054 4896
3293 2309
70 20
6616 6222
6177 5637
40 525
3263 2378
8093 7994
9022 9808
9965 9479
7821 7644
4200 4453
5898 5998
3478 3864
7090 7213
5154 6037
7267 7450
23 236
6425 6736
3001 3123
4883 4708
76 309
7306 7720
8556 9104
2610 1616
5562 4622
6175 6446
16 368
8868 9756
10231 9503
6184 5621
1336 1312
10195 9908
2879 2779
5013 5165
2640 2450
2990 2747
5318 6103
568 1459
4010 4075
6227 5499
1133 1563
73 810
7470 8241
777 1054
7514 7408
6747 7277
39 476
5174 5930
9314 8641
2777 2102
2148 2352
3962 4352
8846 9577
3249 2601
5992 5751
4157 4102
94 687
10181 9531
9144 8185
6077 6453
8665 8094
818 1168
33 605
5579 4760
3655 3376
5896 6442
3536 2796
1904 1304
2316 3189
2740 3435
9553 9614
4087 3426
4671 5341
3745 3342
4274 4857
5353 5250
9713 9225
26 230
8571 8808
7916 8654
3623 3439
3996 3276
1745 2177
6644 7600
91 143
4385 5161
8811 8228
6800 6823
2193 1390
4936 5035
8455 7581
9912 9131
79 961
2901 3876
10314 9960
2458 2573
35 988
4872 4274
65 574
1761 2074
9241 9591
833 1174
7759 8160
45 393
4544 4352
8212 8256
9932 9638
2199 2704
7437 7413
4229 4000
5531 6256
64 577
7535 6992
3719 3928
7056 6683
5041 5876
5415 5621
2913 2907
6387 5468
46 83
4944 4063
3770 3484
4892 4624
5002 5945
1456 1381
3096 3330
5339 4464
7035 6704
5038 5062
5606 5635
3955 4454
8070 7296
4708 3800
1693 2291
7312 7698
5221 4260
10 272
91 728
4216 4536
8550 9030
2648 3412
3898 3710
79 17
6335 7131
1911 1777
5268 4589
68 96
3769 4326
2003 1487
6579 5956
7912 8656
3538 3228
2823 1986
2782 2271
5060 5407
7592 7558
11 14
3900 4668
5963 5284
1589 1726
3549 2956
2149 1181
24 661
4269 4928
25 295
7883 8342
9621 8956
6667 7010
5426 4867
5062 5972
6095 5144
95 471
2526 2746
7461 7643
3630 4172
9733 9374
5557 5207
7101 7551
915 1408
100 561
7212 7873
1433 2335
7371 6904
6715 6348
1991 1645
693 1044
4860 4745
6587 6892
2832 3042
8786 9257
3648 3571
3852 3394
4787 5784
8225 8158
1851 1797
3781 4749
6915 7417
1449 1240
3757 3965
7587 8076
8802 9370
4685 4782
4715 4040
8816 7943
7378 7640
6625 7187
9409 9741
9623 8828
6425 5646
1494 1927
2110 2318
35 475
2166 1824
6675 7032
7541 6832
47 807
5641 5520
7471 6797
7625 7870
1959 2074
16 699
6050 6324
10410 9566
56 722
9927 9321
2474 3245
9500 9214
9717 8960
3781 4075
7657 6847
3185 2581
2443 2938
3100 4018
9051 8669
484 1114
3033 3796
6524 6081
2267 2993
3443 3842
92 984
3613 3373
43 56
7028 6628
8373 8174
2866 3460
8334 8098
4305 3878
7773 7064
7188 6249
7039 6192
5404 5077
5398 5262
4197 3974
10090 9744
1883 1797
10168 9182
63 357
17 493
3862 3589
70 742
4627 3731
2919 3364
3686 3664
2494 3081
2017 1819
2458 2062
8595 8035
8449 7940
469 1290
8490 8354
6797 7274
5786 5834
7010 7084
4568 4646
2233 1697
9218 8989
3820 2917
8737 9166
2952 2572
2220 2395
3287 2945
3831 3538
9631 8760
3556 3351
5139 4667
56 36
6730 6298
6570 7308
2469 2201
7988 8975
51 18
7721 6745
1859 2239
8447 8829
3626 3514
4417 4491
6966 6369
5035 5398
51 677
9911 9634
22 945
5397 5433
8138 8861
3964 4704
3039 3444
6559 5585
10251 9759
2915 3043
5064 4855
3439 3743
6324 7265
7879 7982
3499 2944
3235 3535
8782 9585
5485 4934
9638 8992
17 548
7716 7293
4696 5162
1500 1947
4908 4417
7273 6658
7700 7615
7084 7316
2099 2224
39 143
2873 2742
4889 5085
2099 1142
45 757
8226 7541
5970 5528
2953 2979
3085 3277
5421 5047
6602 6893
2275 2847
7405 6898
3037 2778
23 165
8006 7584
5449 6132
6748 6154
5666 5590
4616 4828
2686 2002
5152 5789
7168 7185
7795 6967
4960 5883
898 1247
10128 9268
6789 7136
2221 1279
2618 3398
2538 2836
9249 9282
7098 6127
39 23
5027 4254
4698 3711
92 982
6964 6695
164 1101
6575 6129
9323 9529
6487 5497
4847 4899
9676 9029
3448 3508
734 1561
4587 4551
8157 8689
8324 7728
3239 3223
6598 6053
5691 6471
2745 2631
10408 9439
8762 8750
7446 6998
7580 7514
2381 2176
5080 4371
7737 6969
9526 8933
51 442
6193 5601
7585 8047
1213 2114
6851 5998
4250 4014
648 1337
3355 3662
6233 5670
3805 2898
43 838
6976 7498
4144 5027
6112 5729
67 282
4433 3859
3828 3976
7489 6911
1801 2109
5092 4137
67 690
3969 4637
3479 4377
2005 2198
9019 8870
2840 2167
1332 1492
44 213
8787 9370
8618 9024
7651 6866
74 490
1777 1987
9267 9938
639 1208
1740 2406
1894 1218
4689 4227
6184 7120
29 668
567 1022
6606 5823
10099 9294
6647 6935
6817 5921
44 811
2143 2277
968 1715
3768 3805
3172 3217
8618 9311
4640 5205
4355 3445
3059 3260
6347 5972
3580 4246
5443 5708
7704 6978
2223 2469
2133 1619
8777 8414
10406 9797
5899 5889
6303 5352
81 853
8192 8511
7935 8693
7221 6814
4983 5176
2973 3851
3416 2417
6152 7037
35 840
1597 2041
3629 4068
4812 4248
3645 4378
5277 4400
6905 6164
5100 4638
5987 6347
7309 7792
9880 9817
8255 7328
7729 7536
1330 2020
4230 4825
1263 1768
7925 7252
5097 5366
3671 3965
67 120
6952 7390
3645 4351
2989 2163
5986 6941
7221 6640
5135 4526
10293 9741
8432 8778
3125 2197
5294 4524
6074 6457
4239 3672
7906 7711
9646 9715
7329 6647
1508 1196
59 754
6745 6777
5604 6081
6792 6810
3612 3651
6543 5545
9307 9493
8659 9017
7434 8166
99 679
9902 9351
4080 3465
9149 9374
3655 2987
8184 8442
3539 3288
10063 9754
1288 1799
64 377
1097 1218
5688 6250
45 662
675 1313
6456 6554
6960 7956
4688 3794
3563 4414
6277 5685
8470 8657
10089 9578
6471 6011
7453 6586
8498 8916
5394 5142
3704 3058
2662 2587
48 151
46 267
5744 4754
6031 6083
9441 9921
8732 8092
10745 9986
3248 2571
7243 6968
4829 5181
66 907
1737 2641
3799 3668
4682 4235
762 1744
3266 3207
6159 6029
29 405
10310 9486
6792 6419
8499 7915
4166 4061
3521 3427
6925 7207
8983 8014
3199 2570
3668 4358
7851 7172
46 998
1236 1427
3942 4275
1693 1135
10642 9962
2539 2469
8970 8795
2067 1852
1247 1657
6730 7675
10235 9985
8486 8125
3544 4347
7271 7971
8875 8027
6329 5811
6693 5883
3107 2838
56 962
7851 7856
9088 8874
9124 9885
6584 7067
18 607
4162 4105
4752 5732
3779 3770
6902 6030
8809 8938
3837 3145
6590 6686
9029 8421
4362 3749
4265 3436
6676 5840
3849 4007
2663 1803
6499 6775
8083 8081
9127 8429
7925 7877
2108 2964
2924 2982
8930 9527
2953 2056
8980 8606
5037 4517
7865 7450
7911 7766
79 107
3810 3963
2250 1666
5477 4786
5965 5681
990 1693
84 660
3679 3099
2616 1966
42 102
9268 8316
6399 6822
40 531
8562 8648
6224 5603
20 857
2481 3037
3510 3552
5099 4994
3125 3292
57 907
8232 7665
70 77
3300 2576
3304 2534
2123 1609
71 341
3020 3312
5309 5114
6536 6759
6224 6912
8354 7942
1544 1801
2463 2248
4708 4826
2368 1857
3613 3145
8114 7484
10568 9960
4633 4250
78 639
4033 3236
8154 8551
8479 7933
3411 3581
4301 4342
10072 9137
9442 9806
5692 5810
2683 2150
2553 2110
4247 4462
4675 5036
5810 5954
9900 9877
92 867
3875 4151
6642 6944
55 315
2523 2084
3930 4795
8801 9613
10111 9415
10197 9617
3018 2862
6803 6725
8004 7924
6407 6152
6060 5484
27 649
1581 1298
4535 4745
2289 2926
1448 1469
64 955
852 1468
2173 1778
2569 2176
2585 2355
10051 9295
3269 3564
2632 3625
7079 6919
5586 5822
3893 3900
5093 4826
55 978
7182 6973
7166 7226
3963 4188
8111 8490
4132 4176
6022 6500
1806 2520
3318 4102
7907 8721
8138 8443
8286 7737
6476 5578
92 875
3300 4133
56 900
7696 7626
4335 4120
8707 8771
3845 4683
866 1135
2392 2866
32 781
7739 7696
3107 3111
8856 8379
8472 7581
4469 5020
8408 9392
5938 5233
9660 9413
2506 1722
6356 6069
7213 8209
7486 8471
5108 5780
7916 8501
74 428
9225 9337
9389 9046
10596 9624
2945 3271
5314 4763
4831 5101
7854 7712
1981 1657
4675 4572
2637 2813
9682 9228
2432 2604
4640 4679
7592 7070
9389 8920
7065 7084
4252 4423
7924 7297
6563 6278
8515 9425
9359 8460
2758 3749
4741 5071
2503 3185
8758 9250
6535 5722
7805 6973
1425 1304
7196 7577
6904 6164
2225 2959
8951 9111
90 690
2598 2168
8940 9055
1003 1860
4548 5079
3944 3935
2438 2647
6690 6890
4623 3966
8452 9304
3966 3520
8503 9398
9385 9724
3754 4105
3744 4197
9113 8721
9018 9795
7926 6965
8884 8666
3080 2656
2189 1739
9830 9320
4637 5064
4341 4907
4512 3701
2422 2623
3793 4313
6228 5379
5498 4882
5118 5760
4478 4140
846 1413
5052 5381
3645 3608
2222 1697
8307 8077
6598 6509
8333 7926
8168 9086
9009 8662
34 586
8389 8596
9255 9383
7922 8117
757 1053
3139 3373
8921 8793
8907 8941
4337 5095
8013 7331
5002 4846
6663 7379
4497 5339
1198 1437
8211 8064
7619 8380
2387 1923
9029 8490
3016 3479
9571 8604
5685 6405
936 1535
20 243
4751 5580
6580 5638
4862 5508
25 936
4677 4989
7101 6137
35 276
6135 5511
9093 8428
25 474
6624 6578
2126 2898
4473 4918
6118 6150
7004 6447
7116 6947
5783 5690
4331 4437
922 1750
2388 2610
5327 4331
9674 9334
8796 8050
6877 7179
3837 3173
2739 2379
8756 9062
9966 9995
6353 7198
6333 6116
2165 1432
91 342
1985 2594
3306 2697
4926 5197
7000 7545
3115 2519
9301 8649
4571 5555
2479 2301
725 1697
7173 7520
6462 5842
5393 4545
9919 9858
5119 4926
22 788
9319 8526
5134 5841
8068 8749
5341 4507
7736 7443
8484 7826
1530 1854
10152 9344
9026 9359
6645 6487
4176 4893
1729 1866
1805 1973
8877 8601
5807 5746
9360 9539
10445 9726
6371 5374
4649 5573
30 173
4960 4896
80 192
8600 7984
12 746
8795 8763
6966 6387
2076 1946
5287 4626
10027 9408
5212 4502
5318 5630
8910 8998
7416 7382
4066 3429
8837 9100
64 831
8150 8921
5975 5639
7295 8016
7803 7145
5656 5910
5082 4811
1618 1437
6513 6285
6132 5923
3028 2926
4220 4490
5476 4993
4103 4467
3548 3267
3448 4027
4779 5013
5847 6651
9875 9457
1167 1752
364 1326
4878 5694
5222 4385
4857 3955
8452 8718
8806 8042
5807 5985
6810 6375
3039 2594
6563 7063
1187 1054
9362 9866
7287 6389
5356 6346
10377 9571
6242 6230
89 746
9912 9727
4050 3177
1148 1757
54 483
5507 6248
4980 5020
1205 1448
10614 9962
3193 2866
5851 6067
2470 2594
7882 8226
2662 2042
4485 3605
7567 7997
30 489
9182 9697
8476 9079
4310 3395
5052 4543
5516 5320
24 946
8116 7761
9904 9032
4635 3659
9537 8890
9592 9519
4014 3152
4655 5144
3848 3186
2578 1930
8026 7955
3454 2541
8924 8943
9947 9443
7708 7671
9701 9858
9889 9055
3187 2910
696 1173
5200 4548
3112 4008
9165 8641
8097 7427
2604 2153
8496 9442
2020 2670
4952 5283
1475 1143
8225 8652
7079 7100
5627 5882
7354 6861
4445 4476
59 707
4581 4594
7778 8022
2821 3165
3396 3901
56 720
7871 7657
10305 9418
4440 4704
33 695
1719 1796
48 380
8550 8513
6907 5912
6398 6470
9722 9874
5738 4870
1966 1587
4200 4267
1574 2477
7763 7685
5226 4906
444 1198
9062 8727
1847 2615
4393 3428
2686 2629
6797 5808
4972 5173
9893 9280
11 529
6415 6161
72 842
1416 2298
6203 6074
6624 7059
10090 9649
2678 3451
1694 1850
6369 5789
70 91
2627 3415
42 203
7658 8178
6029 5116
6113 6706
8074 8629
8620 9169
6582 5923
1072 1784
97 907
8981 8593
7869 8731
8911 9179
6271 6438
3890 4715
63 199
7994 8719
11 137
2043 1402
3904 3197
6015 6481
1965 2828
3411 3345
5136 4293
4258 5211
4799 4604
7103 7443
9154 9867
4103 4669
8917 9050
94 828
4254 4799
67 615
5677 5182
4760 4944
4754 3878
3136 3443
2497 2614
3355 3582
3161 2391
3772 3692
5625 4666
2885 3196
6091 5996
84 762
3973 4405
5724 5125
9610 9751
3142 3081
20 118
7845 8372
2133 1322
1528 1048
1666 2065
9467 9604
8794 9653
4909 5613
8299 8061
6157 7126
2283 2081
6847 7552
8749 8759
3459 4432
7404 6488
92 599
8803 8494
8630 9078
9282 9215
9554 8635
4893 4899
8135 8507
6574 6077
60 287
4212 4342
6011 5310
7621 6888
9063 8243
1192 2139
1433 2131
3319 2787
7476 6544
1892 2794
8645 7763
5699 6637
4994 5982
6626 6751
6411 6338
9326 9324
8214 7276
7592 8530
7644 8368
2392 3286
8394 7907
8338 8161
3066 3257
2402 2788
2785 2437
6286 6351
9521 9888
3780 3726
9156 9296
1481 1570
8454 7933
6121 6847
8554 8959
5709 5169
8845 8376
7926 7117
9006 9285
7816 6914
4677 4448
6558 6701
4326 4448
904 1079
8937 9570
35 273
4315 3605
9222 9233
5001 5809
31 854
8165 7993
8120 9088
5308 4624
10287 9906
45 47
9414 9994
8041 7704
5775 6762
8232 7792
6034 5854
4965 5510
10327 9512
4586 3602
1876 1378
5373 6359
76 485
6108 6320
1850 1765
2970 3544
4830 4084
8320 8627
2587 2366
5663 6186
9783 9292
7385 6808
7168 7917
4148 3565
3443 3838
4502 4507
4397 4647
8605 8706
8906 9126
7018 6158
8708 8444
3400 4076
8863 8119
1546 1049
4602 5597
5768 4989
6288 7195
4555 4387
5807 5741
8330 9218
2133 2552
10159 9374
8075 7313
3810 3588
26 14
6773 6421
5605 5653
7888 8349
7559 7430
9064 9255
4404 3790
2101 2674
1363 1742
9453 9383
4597 3648
2301 1646
3147 2688
8873 9501
49 247
8810 9240
2749 2070
8895 9327
1707 2072
27 139
7344 6935
8094 8109
2376 2269
4252 4495
7743 7315
2383 3379
8370 8158
7902 7048
94 851
4713 4233
4406 5202
6008 6175
2954 2071
8581 9099
2217 2871
5896 5707
1769 2227
6474 6591
7467 7102
8582 7643
1232 1885
6194 6495
7061 6241
1865 2052
7401 8332
2793 2427
59 538
9198 9233
3861 3186
9370 8372
4204 4544
7011 6610
10249 9898
86 871
7941 7529
10173 9540
3286 4015
10471 9542
9845 9814
1802 2587
4564 4659
7454 7716
5029 4500
2707 2790
6547 5805
1348 1780
9102 9676
5436 5229
7174 7428
9415 9020
4314 4857
1496 1920
9028 9632
3598 3913
78 57
9863 9897
66 753
4718 5065
7926 8889
7850 8558
5825 5542
8107 8349
5050 5046
5614 5052
5242 4505
6654 7140
4297 5176
9056 9991
1943 2314
20 891
3694 3700
7824 8703
2454 2606
7650 7170
925 1576
5981 5084
2847 2657
2177 2208
1918 2771
3080 3872
3879 3599
20 557
7889 8127
7241 6987
9428 8833
2320 3166
4685 3955
1583 1299
89 722
9919 8924
4847 4965
2792 2467
8067 9062
8527 7847
6418 7039
8635 8743
9773 8943
7372 7773
5773 4998
7548 7343
2391 1733
1065 1876
2176 2227
4815 4268
6804 7157
4867 5261
7372 7005
6977 7741
8512 9147
44 746
5422 4831
7819 8180
84 602
9360 9599
7532 8140
3653 4122
7769 7089
4102 4037
28 732
3320 2705
3425 3667
2640 2278
5842 5485
8758 9448
5084 5460
8717 8793
1880 2223
1979 1778
991 1643
6878 7663
8172 8060
8929 8547
2558 2771
5975 5716
2883 3528
2893 2390
7114 6640
8254 8230
8265 8605
9104 8864
6246 6778
56 532
2661 2980
5337 4930
9003 9380
4253 4904
4558 4533
6476 6833
5792 5211
9771 9160
400 1126
71 713
2008 1468
8638 7665
8786 9181
6115 5422
7072 6516
7842 6863
5059 4957
405 1285
9875 9275
1631 2430
2117 2897
3213 3047
4992 4008
4298 3560
8269 7326
1167 1344
8669 8361
10 844
8472 7534
3154 2669
2682 3492
90 224
62 939
6182 5791
5422 6407
8391 8268
9116 8573
66 464
9406 8455
5738 5184
3953 3445
2706 2587
8505 8898
1826 1476
7919 8354
8830 7982
3036 3023
4479 3746
6179 6413
6726 6822
1894 1413
1669 2031
1076 1789
3810 3758
8614 8750
3405 3343
9378 8535
6725 6960
58 481
9149 8154
6038 6047
20 768
96 678
6755 6768
9560 8654
5473 4907
9289 9247
9157 9146
5141 6036
9744 9637
6628 6576
7230 7960
3774 4449
33 373
4774 5273
9051 8190
7803 8370
8061 7969
41 250
2604 2825
4775 3914
10199 9485
2831 2395
4942 4072
7602 7078
1161 1474
5785 5817
6168 7034
7550 7917
3838 4387
2097 1218
972 1886
100 739
7643 7670
6254 6748
5371 4704
54 783
6985 7108
7637 8592
9531 9802
7903 7661
2752 2966
2215 1985
2660 1831
4336 3961
2794 3267
1589 1495
6244 7034
3649 3519
10545 9579
4216 4347
5207 5283
5770 5429
9253 9152
9292 9745
2128 1942
7116 6227
8714 8084
8763 8231
1688 1619
8965 9841
62 261
8775 9641
3404 3744
68 57
1858 2646
6424 6801
7804 8672
1917 2182
99 512
6145 5455
5923 6312
5602 5807
7222 6514
1916 1887
7933 7384
5687 5600
6516 5855
5273 5813
75 149
1402 1279
2124 2434
4423 4130
8078 8881
4666 4298
9906 9943
5435 6360
5988 6650
3778 3966
4543 4713
7312 7385
8483 9178
7013 7864
6758 6439
7593 8405
2900 3583
6835 6087
3776 3261
2388 2526
3348 3471
2898 2147
4433 4933
6610 7463
1922 1687
8890 8091
2628 3179
4906 5243
9642 9861
6239 5995
3308 4239
5324 6238
9001 9365
3995 4123
4168 4330
8764 8255
82 391
3129 2525
3188 3110
7115 6335
8428 8549
6471 6980
9198 8397
4759 5050
9211 9373
2029 2781
43 805
3007 3719
7467 7179
2846 2760
93 689
8384 8928
584 1566
3227 2481
4916 5897
7158 7510
5495 6333
3165 3713
2354 3192
2814 2752
3768 2859
7578 7588
7872 6934
3015 2059
9251 8533
6419 6686
8817 9239
74 301
1142 1687
10399 9547
6951 6109
5560 5241
465 1377
3277 3033
9871 9535
3986 3185
1667 2458
1696 1902
8456 8610
8398 8510
4430 4089
6318 6813
8316 8794
83 841
913 1504
5872 5925
5633 5538
50 926
9628 9000
1445 2052
4900 5153
7849 7345
8016 8814
8603 8891
7426 6828
470 1429
10471 9815
4694 4937
3923 3049
8654 9099
4655 4807
5417 5214
10767 9880
7459 8184
3934 4476
9380 9846
5097 4813
2168 2684
7002 6879
5538 4549
8438 8942
3929 2979
9422 8662
4120 4791
3680 3945
8222 8259
5828 6455
7850 7498
1279 1180
2103 2352
6154 6106
7024 6211
1588 1691
10728 9856
9075 9274
5319 6088
490 1105
8639 8777
3495 3916
8087 7590
4616 5150
7715 8463
25 472
1809 1187
3945 4251
5327 5630
9749 9180
6996 7199
3860 4652
2266 2261
8611 7909
8034 8033
7585 7448
6749 7529
1584 1425
4232 3788
4019 4889
1802 1242
7689 7027
6124 5288
5108 5796
1649 1108
2101 1295
3791 4171
7967 8178
4967 4782
4895 4168
6769 7695
71 96
5325 5438
64 143
3191 3593
7008 7770
6798 7376
4672 4588
5636 5462
7243 7786
2637 2481
8733 9541
7544 7286
2673 2412
8774 9214
7028 6299
71 543
2858 2238
73 507
10243 9890
62 870
532 1273
3399 4119
4282 5247
3905 3931
7923 7780
4679 5048
8787 7844
5920 6635
1261 1335
4584 4683
1733 2575
1463 1371
4998 5583
9060 9393
4351 4604
87 813
32 98
10057 9364
4200 3380
9774 8855
69 64
10025 9935
2788 3678
4331 4057
9904 9311
10491 9530
47 957
55 664
5718 5965
2924 3774
76 662
63 302
344 1061
7695 6912
8738 7771
2387 2514
6241 5520
2274 1330
6037 6203
69 344
2664 2160
2419 1692
1967 2518
8244 7589
44 817
8264 7971
1441 2044
4551 3747
8862 9261
1640 1970
6438 7296
4325 4298
3217 3654
7252 7582
4824 5333
6326 7180
7735 7845
1253 1073
4792 5659
48 957
9031 9537
26 474
7669 7272
4501 5436
7250 7852
52 466
1779 2358
8543 7868
2901 3455
4157 4782
7173 6601
9234 9911
19 205
5943 6038
6042 5233
2074 2851
6081 7074
6152 6695
150 1077
6733 7162
7339 6930
4259 4648
6115 5709
7325 7506
2911 3885
4943 4322
631 1354
4473 5318
3599 2891
1204 1785
5366 4559
6938 6081
2703 2799
2273 2925
1662 1764
2759 2854
9470 8489
4550 5171
50 724
4533 4720
1916 1962
9481 9041
8713 8591
3615 3913
7609 6768
4309 4923
9394 8602
4652 4884
4704 5599
5422 5355
93 672
5513 4787
4959 5779
5319 4349
8916 8844
7010 6764
1455 1724
5652 5103
1918 2671
4055 3456
78 1005
3034 2733
25 177
7936 7722
3864 4242
3789 2910
7393 6769
8404 8162
9415 9949
9907 9662
89 203
7056 6837
6526 5925
8810 7810
8144 8724
7084 7083
7966 7140
1907 1946
8949 9334
9504 9775
6017 5705
10079 9974
5923 6851
8932 9262
5082 4157
2638 2098
1229 1263
9986 9134
8231 9149
5531 6530
6099 6481
8360 8887
2886 2045
6950 7098
54 222
1575 1233
3580 3975
3580 3476
3697 4537
5465 5967
4750 5654
1258 1655
9957 9592
2535 2835
3284 2495
6334 5627
684 1608
3103 2209
9721 9881
9542 9661
6161 5958
83 108
69 432
7422 8409
6182 6722
9963 9702
10017 9449
60 715
6935 7183
1772 2606
3428 4423
43 80
4615 5097
5805 6313
3385 3665
5805 5375
40 225
7812 7211
6344 5945
5880 5965
7485 6834
3337 4292
3319 4202
3292 3959
71 518
3757 3871
264 1110
5064 4500
7181 7723
3776 3278
65 462
5681 5177
9351 8656
7717 7932
14 612
2382 2035
3927 3013
6500 6874
7867 8697
7151 7496
3951 4608
5903 5470
2700 2906
6777 6062
3991 3495
10176 9583
1614 1494
7307 8244
8960 9186
7696 8235
9030 8250
5618 4668
3439 3741
5804 5248
1730 1204
7317 8101
2225 2885
4819 5154
8031 7743
8383 7897
7216 6413
4149 4221
7909 8815
9573 9221
4927 4813
4747 4261
6552 5886
70 576
3634 4460
6797 6386
7996 8502
1349 1792
6356 5580
12 95
2898 2229
3788 3726
5614 5304
2344 2716
1268 1557
3241 2320
7313 8276
2612 1655
8026 7220
4401 4249
5238 6185
3768 4540
2307 1379
10342 9953
8776 9098
4895 4709
3554 4282
1055 1514
4719 4707
2185 2878
9653 9061
634 1377
10090 9274
89 753
5413 5093
1800 2518
2623 2255
6431 6933
1135 1772
4128 3249
2544 2858
10524 9599
8763 8110
7937 8230
8756 8477
97 65
5050 4059
9108 9111
2956 3542
9467 8771
7317 6318
3733 3617
3883 4580
1744 2153
5709 5907
7363 7036
2038 1879
38 606
1216 1539
4064 3940
4838 4772
1053 1328
9403 9750
8760 9407
3844 4805
28 963
9425 8530
3141 4139
617 1335
3992 3491
9683 9425
6490 6359
4154 4760
2568 2178
7303 6448
791 1324
6118 6298
6451 7258
2790 3000
7131 6732
6909 6604
4125 4905
5981 5650
5203 4872
1674 1287
1883 2166
3511 4342
6890 7088
88 348
7240 7072
2517 2247
9014 9951
7674 7638
3448 3912
2200 1746
1906 1637
6270 7143
7582 8113
4252 3621
7283 6860
9399 8664
5405 6316
8253 9050
7155 7939
7068 6894
5553 5963
4183 4891
70 36
10373 9466
3936 4793
8891 7987
8841 8722
5778 4837
6642 7437
8548 7777
6542 6360
1474 1739
9245 8909
3346 3717
1101 1135
2332 3074
6118 6673
5949 5349
4467 4437
6417 5572
4792 5120
10184 9675
18 278
4067 3118
75 140
4976 4556
9658 8869
5052 5163
4057 3701
8782 8920
4852 3856
2873 2073
6254 5827
1478 1766
10200 9717
5350 4736
8871 9348
3922 2973
8333 8896
8756 8887
8767 9636
1357 1526
6174 5397
3795 4379
2724 1906
9563 9778
8756 8640
6384 6932
3765 3550
2212 1656
3696 2813
8779 9635
3000 3014
5479 5763
500 1075
3331 3211
6981 6886
9451 9394
4083 4019
3891 4773
9587 8872
2920 2163
3614 3757
4205 4819
5811 5132
1320 1293
4691 4841
2706 3385
586 1525
8793 9291
5940 5670
8035 8248
7791 7077
9885 9003
8310 7817
4112 3629
32 832
6379 5656
4251 3643
1901 2248
9764 8963
2859 2238
1476 1114
9854 9861
4539 3736
2382 2715
5496 4822
7993 7928
4543 4399
785 1695
9222 9358
7753 7256
26 914
2203 1935
6167 5955
5952 5480
5338 4441
7086 6842
8024 8252
1236 1302
3067 3688
1888 1082
4356 4529
5826 6468
5502 5081
3252 3702
6671 7241
6003 5591
2834 3400
7781 8577
7254 7093
5247 5506
4840 4875
2314 2681
1968 1241
3068 3867
5029 4787
9471 9589
48 457
1504 2444
7649 7012
71 306
9711 9132
1756 1583
9117 9149
1202 1814
2515 2033
76 921
3270 2420
7007 6010
6907 6489
9667 8707
6403 6658
1040 1440
2317 1420
4147 3480
10227 9414
6760 7693
72 363
2592 1908
2871 2532
7366 7882
8903 8887
2408 1594
5061 5836
5179 4545
6325 5725
2892 3492
4426 5383
4140 4278
1965 1533
6195 5327
4370 4156
4246 3680
2767 2917
1217 1907
47 793
3904 3628
2002 1942
36 747
5861 6498
3912 3605
5130 6106
6672 6623
1016 1625
10054 9244
8420 7497
2888 2788
33 140
7569 7849
7420 8306
10338 9358
1641 1726
9035 9341
2357 3044
5496 5457
4120 4885
1670 2212
6068 5946
3289 3846
4515 5171
7776 6912
3934 3379
9152 8736
1150 2117
2805 1834
5980 6509
6525 5637
6033 5703
25 732
2432 1817
4998 5378
8754 9387
1238 1556
1775 1711
6428 6870
7527 7610
2533 1783
74 61
7633 8136
5540 5457
451 1083
4822 5539
1516 2164
3909 4420
2622 1688
8904 8950
4775 4370
7224 7359
3631 3799
8384 8058
7402 7704
3697 3298
6892 7075
184 1126
5684 6623
6685 6080
8735 8779
76 77
4017 3236
22 809
7194 6666
4403 4279
5390 4851
25 1006
3369 2687
7232 6930
2467 2162
1914 1237
8930 9786
85 700
9003 8715
1706 1914
4237 3857
8160 7809
7749 8363
8509 7532
4581 3993
4423 4765
1695 1368
8047 7325
6531 6452
3000 3101
4499 4203
4338 3488
4782 3891
9006 9610
39 783
7045 7601
8664 8276
6791 7599
4567 4390
8554 8532
4693 5669
3764 3593
3565 3140
8082 8475
5641 5780
1034 1320
8003 7952
6773 5965
3470 3271
68 968
6548 5926
5455 5954
1904 1672
5866 6733
4344 4237
4880 4469
8697 9104
1736 1780
7602 7440
9735 9493
7271 6865
5665 6111
7941 8825
5518 6192
7657 7069
9962 9870
4651 3933
2161 1451
8310 7586
436 1082
4637 3944
2999 2483
7888 8847
1201 1380
5968 5224
4263 4141
7778 7424
9639 8676
5011 4811
40 918
1234 1865
8647 7946
6046 6033
8097 7836
2179 1405
7125 7939
8167 7471
97 180
1661 1121
3482 3032
8743 8918
5358 5595
8880 8126
688 1644
2067 2200
8096 7625
8131 7527
48 274
4216 4646
6626 7582
9923 9335
2270 1415
7714 6841
4641 3888
4249 5018
7145 6908
5342 6254
40 82
5075 5664
4936 3983
8975 9088
7300 8064
1442 2071
7119 7978
5509 6249
7283 7889
872 1029
99 363
3544 3166
7854 8364
8294 8852
5692 6541
5791 5546
9083 8406
6767 5914
6824 6053
9875 9777
9661 9795
10638 9854
5285 4437
8410 8324
7469 7982
6995 6747
2003 2277
7147 6874
8197 8226
6490 5607
4642 5395
7489 6567
4262 4129
48 30
41 945
5345 5226
2226 2813
6038 5761
3496 4146
1654 1148
3618 3434
2916 3325
4161 3922
9596 9001
1565 1152
8889 9421
4071 3857
4205 4758
1892 1371
4079 3994
22 432
3537 3701
4396 3416
5651 5402
4776 4727
7586 6865
4261 3716
6191 6248
6784 6499
7729 7219
10322 9528
2101 2617
8187 7466
6386 6588
1838 2376
22 352
5228 4541
5115 4667
9799 9816
28 634
1344 2299
4411 4671
6905 7110
5083 5820
8838 8761
5163 4230
43 166
8352 7370
76 140
1448 2142
3380 2607
2279 2516
8523 8572
3629 4491
2866 3766
2931 2756
2628 3419
3562 2627
49 492
553 1440
4221 3753
4599 4532
8199 8006
3021 2867
6362 7358
57 179
7812 8558
7091 7900
8493 7820
6257 6946
8509 8265
55 681
9562 9576
4658 4432
9400 9495
7861 8249
79 735
8938 9344
83 676
5878 5790
2934 3338
7210 7858
8571 8503
4524 4311
6628 6109
5396 4835
5694 6065
4538 4041
6770 6246
4995 4761
7382 6653
3513 2852
4939 5822
10228 9240
86 662
10579 9798
1389 1401
4781 5343
2091 1198
97 397
1676 1357
2081 1797
1554 1687
54 433
65 643
2117 2391
5261 4292
1080 1163
87 419
93 866
6129 6546
3252 2498
3516 3285
6933 6134
9732 9198
5795 6565
60 232
8071 7935
6088 6322
6967 6378
4297 3576
2909 2872
24 208
3448 4277
6361 5509
2812 2662
7250 7098
60 32
5120 4661
9159 9896
2921 3032
4331 4654
7699 7656
1347 1724
5458 5373
2260 2816
7194 7456
1964 1838
2909 2977
6469 7050
4734 4254
5005 5996
7473 7330
4137 4814
25 843
10654 9797
9170 9417
5214 4835
7113 7517
9627 9849
2251 2332
7062 7719
9350 9383
3465 2819
2969 3041
9028 9675
4484 5044
54 661
8213 9103
4193 4081
3992 3567
2917 2150
6500 6585
33 25
12 420
2652 3610
2940 3500
4326 3613
2844 3807
4548 5181
8483 8474
3787 4225
7016 6305
4385 4189
9675 8903
84 141
8585 9135
1681 1039
7746 7207
24 732
2684 2668
2640 1901
97 671
9608 8983
18 203
6440 6351
10099 9595
6618 5845
7374 6949
4633 4524
3572 3104
4208 4578
8676 8255
70 37
3954 4273
1218 1337
1823 2000
6414 6623
9215 9153
5620 6003
6621 7574
7135 7439
3096 3657
642 1573
2331 3056
9706 9731
27 269
2322 1959
7968 8844
798 1711
3413 2642
3928 4917
1157 1095
2937 3101
3903 3484
7034 6276
34 1006
7707 8288
94 730
9573 9591
8133 9113
7707 6918
4454 3786
10268 9966
3729 3824
8039 7897
7352 8065
716 1358
6753 6869
5958 6086
3003 3553
5003 4264
5583 5503
8474 8344
2863 2657
7549 8322
6650 6446
5081 5464
3996 3335
6471 6050
6230 5323
4615 4914
6727 6449
6813 6482
75 606
7336 8099
2111 2727
7524 6941
9396 8417
1907 2410
8961 8533
4475 5418
6527 7265
3945 3729
9356 9653
6114 5266
5582 5291
64 384
4695 4329
385 1313
2266 2436
5406 4688
3601 3124
9181 8430
83 97
9188 8706
3153 2399
4667 4425
7764 7972
2202 3058
1915 2551
1862 1911
8027 7692
1691 1762
1223 1750
5159 4844
9860 9276
2817 3303
5994 5737
9537 8571
2631 2028
7616 7394
79 56
8733 9004
4731 4344
1141 1344
2488 2352
3284 3102
3028 2675
9379 8738
7825 8439
4275 5024
5946 6001
1742 2546
5855 5913
2275 1344
6962 7413
9240 9672
6514 6156
6221 6346
2637 3027
1283 1257
10003 9566
6497 7286
3073 2428
11 748
4795 3871
5887 6687
3337 3768
8498 8816
6294 6543
4065 4436
4982 5721
5301 4883
8967 8865
988 1876
5052 5293
7824 7955
4237 4756
4624 4247
5073 4382
6465 6889
2012 2185
3052 2831
7464 7074
5511 5638
4662 4095
4275 3950
6230 6907
61 119
7844 8093
10303 9856
92 923
10164 9624
78 665
5798 4925
2195 2237
100 761
10765 9855
3545 4054
3553 2647
1418 1664
8293 7790
7497 6986
83 895
1822 2623
5355 5697
74 440
7672 7776
5803 5950
6843 6480
3408 2720
9795 9132
3570 3330
3601 3628
8507 8198
7318 6863
5022 5427
6470 6213
7975 7985
75 1068
4261 4067
2080 1289
89 542
6305 6381
3226 2290
8632 8727
4210 5203
1517 2214
5541 6265
2830 3479
4823 5428
7693 7254
3013 2403
1680 1875
3693 3083
7425 7119
4986 4820
2547 2502
7857 8770
5801 5914
6258 5948
3070 2581
8827 9708
3662 2955
46 846
3152 3390
33 182
61 298
8595 8977
818 1599
41 836
2190 2878
6121 5731
2275 2048
3726 3621
8926 8192
6536 7271
1645 1223
5284 5240
2833 2500
5868 5743
6549 6950
7983 8731
6268 6883
1279 1023
8947 9055
7987 7547
8961 9760
2852 2062
2889 2053
4353 4785
7112 7713
1954 1924
4098 3392
93 913
7272 8088
9179 9645
128 1035
3615 3509
4289 3741
5928 5277
7279 8097
21 833
10935 9953
8073 7277
8833 8033
9926 9336
1663 1554
1895 2521
7774 7970
6197 5981
8905 8531
5485 4889
1952 1747
9553 9507
5726 4972
6642 7160
1969 1282
8211 7773
1914 2315
98 348
8937 9633
6302 6231
4380 5180
3717 2785
5387 4427
10400 9403
3157 3220
2067 2736
5213 5414
61 820
6101 6141
5674 5380
4445 3519
6368 7307
1490 1411
5279 4495
2601 1679
3764 4216
7741 7302
4850 4315
7090 6358
3929 3344
5218 4931
7620 8035
1475 1246
4670 5227
6936 6813
6632 7625
6270 5925
9754 9930
3839 3297
4350 4833
6545 7332
3707 4134
9071 8779
4892 3915
3842 3337
2191 2103
1598 1106
69 794
6086 5614
43 400
80 886
7948 7601
9637 9837
1506 2037
831 1027
2318 1562
3450 3213
78 300
835 1253
4266 4673
4053 4997
69 995
5666 5924
5630 4921
3713 4331
8912 7938
63 1008
5911 5676
4254 4940
22 817
799 1173
5825 6821
7294 6557
3635 4016
8815 9762
8604 8361
5339 5464
4547 5106
8419 8885
9712 9187
4004 4378
8976 9694
1837 2443
8830 9668
4838 3962
8815 8040
5709 5208
81 279
5101 5011
1837 2683
905 1340
3431 3068
6485 6045
4782 4047
5624 6049
9231 8696
20 493
3996 3458
2326 2970
8916 9826
5240 5793
5748 6020
4600 5058
4881 4489
9058 8952
4396 4574
70 213
7163 6820
6670 7237
29 929
2334 3221
6771 7044
8422 7648
7185 7508
7070 7543
9014 9017
2645 3089
3686 3947
7599 6682
1714 2040
5117 4149
10371 9597
7613 7307
6425 6272
8760 8565
4043 4982
5925 6559
2103 2981
6151 5502
10208 9860
10404 9544
6663 6774
3768 4507
6860 7153
9695 9129
2739 2808
7560 8177
4206 4483
6809 5981
9052 9377
6309 6888
9041 9642
2121 1278
2287 1706
2383 2084
8007 8562
1653 1554
6008 6639
11 534
4261 4271
2755 3444
9040 9582
958 1226
4198 4219
7774 7231
4804 4149
2413 3161
9073 8796
4773 4080
9757 9775
2849 3179
2805 2927
3313 2840
1753 2381
3852 3401
9854 8989
9137 9010
813 1592
1786 1091
8503 8098
9558 8629
60 920
3463 2830
28 635
7566 7472
8417 7496
8288 7486
8758 9322
859 1484
5629 5423
3598 3966
42 667
2938 3407
3593 4246
6242 5649
3220 2610
1686 1496
2887 3372
10771 9841
96 578
4351 4275
2971 3408
6130 6325
4062 4478
10503 9909
5717 5526
7600 7417
6281 7183
3189 3287
6228 5296
1693 1873
5808 6241
1675 2409
8501 8297
7903 8604
31 838
9580 9768
65 332
4024 3405
6158 6700
6588 5726
2909 2715
1492 2343
4666 4688
6161 6968
26 404
2421 2314
4864 4152
6239 5334
3677 3885
6712 6452
2689 2281
3995 4275
5217 6098
38 71
5429 5295
8317 7624
8258 7481
8892 9890
7325 7464
2934 1952
6371 7138
3726 3083
9844 9665
7383 8201
9349 8789
5107 5256
9457 9170
41 669
79 139
4951 5291
3576 3569
6796 7055
100 637
3964 4468
1805 1334
2069 1869
4673 5588
8938 9221
3508 3375
3917 3833
6529 6145
3849 3313
5191 4249
10287 9693
593 1107
9466 8806
6093 5687
6242 6441
3615 3676
61 929
4429 3481
7002 6262
2125 2221
4705 3870
8671 7867
5264 5536
3523 3576
8208 9183
7097 7376
5553 5990
3984 3732
4016 4184
8725 9522
4208 4759
4983 5692
3463 3158
5924 6885
6666 6698
9301 9453
1931 1960
8611 8931
3298 3312
8586 9441
62 471
1390 1393
9331 9707
1257 1491
11 1005
10209 9664
7072 7484
1137 1425
7653 6879
4630 4351
6430 7083
9084 9168
8483 8730
4114 4564
4167 4382
4654 5637
29 470
2841 1959
2409 2464
4637 3772
4340 5171
5116 5126
4961 5355
3756 4136
59 964
5486 6477
7537 6539
8678 9158
10237 9687
4738 5457
10114 9177
7406 6657
8775 9581
4932 4024
2931 3495
7983 8439
4229 3669
3251 3392
54 57
3230 2612
9296 9887
7807 7497
5346 5184
9156 8482
13 348
6381 7006
10471 9634
38 123
5620 5859
3081 2147
812 1356
8330 7857
6273 6827
9843 9776
7552 6855
10678 9835
8545 8003
7266 7913
2577 3230
6205 6507
5264 5252
8493 9042
3902 3562
6333 6762
8978 8389
71 206
4537 5368
27 1006
5753 5364
10441 9637
7325 8253
6334 6674
5407 5891
4366 3803
18 399
2422 1437
7389 7349
5233 5950
5067 5622
8287 8478
7572 7529
2883 2356
11 533
7792 8468
8269 7918
8184 8349
2699 3201
2434 2852
4441 4599
9027 9639
8757 8424
4347 3558
9017 9704
6859 7433
4423 4683
7329 6888
39 267
3694 3471
718 1070
48 544
7874 7721
2208 2287
9220 9022
27 742
7438 7789
4022 3759
6852 7217
6437 5822
7428 7195
10253 9559
8760 7806
9786 9075
6261 5748
6387 6738
9451 8553
1726 2264
5793 5575
1601 1234
3593 4101
7032 6648
5817 4871
9445 9228
5483 5031
46 721
7758 8590
4628 3917
3971 4167
8851 9823
5395 4704
2026 1411
5753 4961
19 212
5114 4197
2427 2791
39 203
8652 7672
4179 4617
4042 4384
2770 3708
6233 6664
7103 6823
714 1273
5365 6198
4593 4141
9639 8774
9937 9701
7996 8707
2977 3602
8712 9408
7144 8136
2112 1419
6877 6708
1849 1666
3895 3424
6535 7238
4469 5024
3429 3103
5443 4483
5215 4864
50 423
7063 6973
5354 4415
7430 8385
3773 4763
7012 7631
7356 6482
63 276
1820 2225
8073 8882
7541 7035
36 376
6146 6434
3821 3106
3291 2870
9689 9214
2527 3017
1295 1942
3392 3866
7741 7770
6477 6958
6718 6128
2863 2654
10029 9050
5217 5136
2550 2862
8925 9446
4798 5253
7598 7252
5652 6612
2298 3285
514 1151
5083 4341
2434 3072
9125 9747
100 447
8120 8715
2344 1418
2225 1895
21 443
3005 2943
9234 8692
6674 7081
437 1111
1091 1454
5183 4212
7630 7510
6077 6872
3364 3475
6708 5805
8211 7333
8031 8384
1376 1828
2952 3556
7942 8600
3569 3188
7218 8178
9895 9777
7303 7413
5179 4496
3729 3822
4642 5459
90 764
1346 2142
8247 8387
5039 5241
8569 8921
5388 6015
7494 8478
7584 8013
1167 1695
8470 7996
58 181
2212 3167
98 669
725 1315
1041 1938
9065 8258
6058 5070
2614 3198
92 639
7466 7480
53 259
3074 3654
3638 4575
14 341
3845 4382
2993 2423
9886 9466
88 598
9020 9043
4159 4597
94 955
7285 6309
3327 3239
7748 7647
2837 2206
2622 2932
10365 9589
67 592
8805 8789
9839 9551
1709 2517
2941 3273
4914 4074
4699 3974
8164 8798
5123 5191
1826 2004
4152 4667
2092 2689
2964 3729
5244 5207
9064 8069
6258 6527
9654 9902
7032 7892
5864 6114
6015 6346
7521 7659
7411 7533
7477 7087
1631 2126
1974 2303
4946 4488
738 1545
9600 8918
9115 9988
1771 1198
3441 4338
1221 1260
8923 9063
2570 2979
6617 5889
8233 8359
4386 4993
7990 7156
6853 7189
10247 9750
5813 5563
2119 2696
5190 4677
4486 4143
4523 4999
2679 2725
96 693
6533 6360
69 382
6157 5282
9059 9170
6346 5715
8056 8935
7154 6251
5507 5626
5291 4581
5076 4943
4158 4338
10301 9343
4791 4948
5794 5952
9148 8561
3665 4484
30 680
65 807
1740 2028
3452 4103
1177 1539
4562 4317
6817 7367
7502 7954
30 693
7001 6888
2742 2504
1432 1094
6904 7139
3207 3904
3684 3563
30 682
574 1349
8994 8898
30 266
36 481
7019 7946
6574 7283
9721 9352
9138 8485
4643 4340
6514 5601
9159 8274
3718 3333
7719 8495
2192 1342
5483 5646
4331 4297
4966 5678
5219 5501
5755 5542
2956 2784
3496 4039
1977 2953
3210 3633
8739 9052
7999 8135
24 361
8256 8158
10348 9754
7287 8028
2951 2334
3108 2945
8041 7552
4420 4668
3003 2038
9424 8811
3574 3906
31 633
948 1681
8127 7508
6818 6577
6107 5906
8861 9515
8722 9498
88 981
1825 2383
10331 9839
2516 2412
4281 3926
4957 5066
2352 2537
4489 4725
7239 6990
5686 6106
4922 5233
7496 8335
1603 1185
8311 8099
2621 3169
5180 4797
1907 2235
9472 9853
8464 7770
8691 8805
18 590
87 756
72 689
7388 6687
2035 2673
8026 8492
7021 7482
2614 2551
9995 9003
51 407
10011 9984
6923 6015
6143 6895
8205 7402
6376 6763
8992 8785
7108 6466
8584 8968
1556 1358
7402 7998
5648 6620
8932 8474
6571 6503
7218 7706
7412 7362
2153 1702
9812 9203
3940 3872
9533 9642
1297 2193
8504 9160
477 1411
5374 4890
8083 8490
7270 6991
36 719
1844 2155
45 646
4572 5352
4995 4370
2601 2660
9555 9372
5659 4926
6751 7539
4753 4932
7458 8142
8017 8032
9934 9642
36 176
21 432
10196 9940
1346 1914
55 681
3021 3601
9723 9510
3880 2926
43 734
520 1270
4358 5152
53 996
6925 6831
9230 8529
19 626
42 522
6245 6883
2139 2924
4619 5524
2313 2443
3026 2327
7682 6818
6528 7358
9139 8807
38 337
5055 4974
9420 9985
3014 3578
2920 2320
3932 3529
960 1809
3602 2865
6106 5172
2206 2118
4431 4200
5358 4876
10078 9971
10163 9400
69 494
6208 5446
6334 5769
7866 7162
2006 1286
4554 4549
8208 8502
27 209
4406 3470
3403 3303
17 480
7657 7968
50 961
57 351
1997 2138
4647 5248
42 40
5223 5765
4974 5264
884 1609
8800 7824
2401 1416
4521 4879
2192 2744
8237 8343
1407 2060
7441 7609
5650 5282
3970 4231
2946 2977
7717 8293
5495 6111
2108 1794
9124 9383
8957 8589
8954 8090
1297 1803
5654 5746
3670 3948
461 1063
3897 3379
3366 2382
3335 2744
2787 1933
3384 4302
3931 3972
8530 7554
9003 8478
8771 8039
3603 2638
7121 7410
5199 4800
42 96
5566 6053
1939 1660
93 183
3823 3984
5352 5103
8592 9002
6164 6054
2166 2380
10227 9690
7247 7871
47 799
4375 3611
7634 7709
5573 5010
6223 6163
6958 6502
1607 1712
894 1820
8887 8527
3068 3463
9361 9246
7021 7152
5018 5115
3987 4942
1941 2540
3506 4114
32 251
7154 6837
4030 4481
93 457
56 363
3448 3675
8896 8960
6935 7061
5587 5935
70 606
7577 8484
5345 4401
6468 7248
2923 2124
2194 3093
5661 5125
91 188
1976 1634
7537 6895
6667 6573
7973 8328
8730 8926
9890 9028
7313 7254
8336 7656
2012 2663
6704 6655
8940 9116
6502 6649
6385 6598
1671 1550
35 629
6052 5403
88 159
4463 5147
6092 5469
2925 2802
5968 5355
8564 8567
4897 5813
8961 9305
69 630
63 701
8479 9145
5447 5872
4462 3837
2768 2569
4925 4956
8584 9531
1969 1666
741 1466
5160 5131
4245 3511
5873 6128
2369 2250
2788 3286
7973 7724
3330 2761
74 53
5355 4726
8881 8878
5038 4931
5500 6138
1601 2175
4293 3372
4573 5141
7809 8753
7501 7489
2911 2808
7217 6834
6297 6372
2773 3043
3906 3606
96 605
6280 5347
8067 7874
4062 3516
4399 5346
4296 5167
85 497
3831 2926
9125 8180
6549 5754
4688 4818
9385 8621
1550 2279
2469 2976
9140 9961
1996 2707
2039 1292
9119 8218
1832 1148
3087 2309
3616 2983
81 726
4575 3624
8973 9282
6342 6750
6443 6404
8298 7664
3016 3403
6671 7069
5409 4781
4830 4465
4540 3711
95 640
88 175
8087 7174
8460 9453
3684 3028
6005 6023
61 766
6645 7541
4557 4197
7134 6984
30 655
10201 9915
9199 8692
10215 9403
9083 8734
7260 8236
91 82
1674 1983
9279 9905
8250 7983
4106 3755
4928 5173
6575 5731
96 717
20 944
79 889
3102 2944
3431 3538
4300 4276
5596 5277
2560 2869
67 996
459 1025
1927 1722
5120 4322
6247 5274
9966 9013
3145 2269
1746 1609
49 393
1442 1855
2012 2084
4050 4196
4807 3866
7463 7345
4190 3503
41 733
2990 3412
3676 3414
8925 9444
79 492
4991 4536
7707 8193
7347 7425
3648 3039
3207 3926
9838 9971
9239 9873
54 288
4742 5203
1035 1864
10306 9386
39 623
3708 4595
6081 6439
7032 6155
8595 7703
1219 1202
9388 8674
2494 2589
6015 5509
2578 2167
1561 1698
3474 4245
9414 9501
5323 5773
7078 6505
3887 3340
75 787
1709 2570
3453 2718
2707 3292
4723 4154
4875 5711
7942 6984
8021 7227
5687 6310
5756 6040
8233 8686
4731 4547
5405 5291
2770 3558
6963 7090
5084 5114
3783 4305
3503 4047
8674 7780
3802 4706
5739 6250
9517 9150
7275 8126
2122 1905
6532 5607
7084 6618
2550 2713
2323 1357
8203 8155
6385 6490
4677 4412
6253 5551
8927 8567
6821 7174
6943 7294
9504 9281
4155 4883
6188 5528
991 1127
7270 6742
4941 4714
4023 3028
3589 3897
8519 7712
9315 8631
6763 7170
8777 8055
7781 7352
9506 8905
6452 6187
5155 4432
6055 6143
3015 2425
5748 6212
38 948
4932 4697
3223 3671
8248 8506
3869 4617
5271 4418
9404 9909
6796 5801
7610 8460
7958 7956
5241 4480
3046 2430
7164 7868
10498 9628
2502 1717
2827 3371
5647 5379
3403 4330
6330 6912
4209 4252
7391 8266
8809 9365
4537 5408
5147 4240
8453 8344
6323 5687
4460 4469
2916 3346
10583 9956
7018 6657
5205 5142
1712 2338
10207 9726
5110 5740
5489 5436
2854 2468
1531 1246
2557 2506
6122 6808
4424 4899
3364 3101
5424 5941
4059 4971
5608 5686
88 462
74 93
20 137
3501 3662
7617 7636
2200 2051
10327 9892
3932 4723
27 383
7595 7680
5276 5774
8059 8392
2854 2425
10070 9463
49 608
2343 2664
5117 4853
60 491
3536 3960
9451 9044
2297 1580
4450 5255
4397 4332
7576 8391
8133 8781
7784 8523
5414 4705
90 331
10163 9871
4121 3856
7260 7385
6275 6191
82 285
1813 1189
8567 9444
9377 9240
7656 6771
8913 9792
7490 6964
1910 2452
7284 6806
4594 5363
1238 1323
5395 4442
8344 8081
29 398
1343 1766
4824 4671
1940 2796
3922 3639
6812 7057
1317 1617
8082 8664
1773 1716
7903 7543
5125 5246
5116 5266
9612 9451
5399 4734
1269 2188
8444 8722
2828 3681
1697 1548
589 1533
50 507
2220 2683
5958 6117
2779 2818
8800 8698
4533 3863
42 347
2552 1728
3678 3981
34 705
8173 8184
8090 7204
4813 5347
2253 2085
5289 4904
51 1002
73 647
35 806
7519 7662
5160 5856
5222 5937
67 876
46 396
8881 8729
9196 8461
7447 7839
5036 4100
72 571
6162 6418
60 599
2854 3155
6113 6381
526 1161
3445 2888
5110 5471
5388 4489
9633 9818
62 625
863 1795
8522 8003
8668 9277
3072 2347
86 698
68 1001
7742 7423
5810 6083
5866 6700
2164 2894
4173 3827
2031 1866
1426 1024
7670 7300
4413 4790
5361 6071
7204 6834
3759 4347
5255 4450
8209 7958
5502 4607
8022 7799
2642 2547
3867 4426
29 515
7470 7309
1094 1187
7152 7611
6875 6750
9061 8824
32 984
3189 3486
64 548
6072 6207
489 1446
5457 6080
8509 8626
4238 4295
6661 6802
8070 7251
4664 5537
5147 4262
1309 1646
7045 7829
5161 5888
6361 6135
7478 8085
2453 2037
2369 2610
97 104
31 303
919 1399
5763 5670
4905 4331
2537 2248
5021 5137
6479 7142
2337 3036
8077 8308
5185 4286
4653 4792
5018 5624
4621 5247
1952 1317
6447 5919
5134 5805
4588 4089
7922 7464
4617 3639
5203 6043
6041 6561
2637 2983
5359 5915
5100 5536
10095 9589
2071 2919
4085 4037
3955 3416
9771 9922
3173 2265
10022 9276
4908 4766
8892 9034
4716 5566
2252 3014
4360 3416
69 65
9591 9179
13 1010
4541 5250
4492 4840
2261 2685
5570 5044
4718 3977
6087 6407
7211 6625
5193 4892
8006 8415
3113 3100
9164 9794
82 525
6796 7657
6809 7793
9182 9694
3822 3368
3552 3319
8963 8288
640 1051
4008 4325
1233 1777
1860 2827
2006 2230
2230 2343
39 260
8512 9101
5368 5940
10176 9939
10503 9588
1772 1421
8805 8531
70 908
7187 7394
3238 2969
5382 6057
3878 4575
100 573
5665 4703
70 346
4580 3959
4060 3072
1398 2176
35 336
7062 6739
3472 3039
3597 3976
2400 1698
27 68
3045 2803
12 508
73 447
2595 2460
8069 8322
6055 6553
7828 7592
2447 2178
7089 6843
16 423
9464 8932
8613 7721
6064 5206
6059 6976
86 213
8704 9682
7687 8604
526 1393
5809 6605
5207 5600
5610 5040
6781 6898
10587 9605
6934 7054
3152 2728
4654 3828
2777 2423
8203 9034
4190 3609
4399 4755
7029 6850
5474 5588
8550 7723
1161 1319
2149 2949
57 837
4621 4872
6399 5715
1596 1807
51 511
4431 4292
1799 2638
8265 8639
5263 4811
6983 6709
2896 3492
9013 8607
4114 3793
5817 6661
4279 4243
5575 5899
1620 2211
53 565
1917 1784
9036 9389
6349 6539
55 292
5186 5822
3326 3479
7090 6963
7067 7140
7140 7822
930 1303
8580 8668
4799 4707
9540 8556
3074 2180
5679 6316
3271 3989
2818 2761
10408 9432
1743 2340
6652 6970
4849 5080
8094 8142
2511 2773
4583 5115
3034 3828
2295 2253
5692 5226
9070 9446
4552 5115
6275 5624
4265 4409
4748 5169
5765 4774
2905 3654
2549 2598
6914 6089
3605 3369
6367 6783
5508 6031
3642 3747
66 931
4191 3957
3777 3773
5545 5435
6860 6851
13 699
4769 5290
4246 3550
70 196
2305 2344
88 607
7710 7556
1588 2328
1291 1557
7023 7168
8245 7675
9008 9551
9530 9293
1330 1354
9388 8477
4006 4113
6163 6291
7618 7264
5531 6327
3910 3319
7427 7261
1412 1177
825 1205
3220 2294
5413 4640
7394 6737
6559 7253
4120 4514
5816 5731
2611 1656
3568 4125
61 1001
2699 2956
3551 3684
8770 8353
2860 3460
8559 7726
4495 4427
3004 2514
3828 2879
7452 8117
4082 4196
2536 2406
94 980
95 539
312 1258
6247 5570
4774 4370
5290 5653
10163 9948
2851 3458
1689 1391
10655 9857
34 918
2659 2035
3390 2461
3815 3076
2508 2028
5588 6547
8917 8029
9579 9004
1964 2211
6117 5990
6716 7440
3323 2993
9359 8673
7242 7829
6833 6518
3125 3270
4000 3008
7262 8029
9749 9557
3960 4258
4662 3934
5542 4879
8745 9738
7935 7004
8847 8030
1790 1595
7134 6565
7168 6835
24 279
3314 2914
3801 3347
5873 5068
5030 5152
7568 7778
3528 3191
3212 2817
4881 4113
8006 8602
7695 8542
2286 2956
3509 2859
6719 6307
2114 2298
5907 6590
7075 7697
1992 2614
3512 4082
10095 9685
4932 4680
4669 4306
8299 7970
8118 8260
74 1068
4907 4172
6795 6476
5030 4246
7861 6945
4699 5304
2858 2252
8369 8880
4731 4079
2474 1674
708 1246
64 235
16 663
4977 4691
9019 8997
2028 2286
4034 4500
5804 5544
4284 5178
8802 8076
2750 3354
97 716
3876 4148
9973 9223
544 1409
5773 5165
3534 4031
10926 9998
68 540
2879 3146
7579 7014
2706 2173
3565 3398
9197 8715
6690 5748
5225 5811
2874 3491
80 638
1380 1159
51 34
6851 6669
4072 3664
2149 2242
3387 4303
7656 8186
3814 3933
96 217
3655 3171
7710 7646
10 581
3447 3639
4370 4158
6654 7040
2028 2680
73 222
4088 3364
5052 5186
4208 5163
3557 3796
3862 3082
5998 5373
1750 2565
9775 9428
7110 7282
6082 5980
92 708
6473 5563
2526 3412
4014 3930
10046 9173
4839 4260
30 698
3678 3756
4144 3446
10347 9906
69 399
8197 8240
627 1135
58 769
6866 7326
8615 8596
5668 6515
8730 8346
4277 4088
588 1177
4761 3860
2277 2364
51 886
85 385
18 307
9070 9272
2720 3273
8241 8301
5541 4910
7883 8516
756 1483
5535 5657
48 815
1864 2041
7528 7330
2824 2180
5300 5992
4927 5411
3038 2256
7911 7371
7574 7041
3567 2815
72 604
2548 2635
1290 1409
4748 5215
1239 1445
9693 9850
5270 5717
3053 3429
4326 4458
24 629
9939 9241
151 1132
22 636
6320 7166
5866 6395
2589 1641
4402 4673
7205 7801
2072 1743
3581 2632
79 559
8294 8410
9965 9434
8641 8583
6546 6225
4685 4594
9483 9753
2398 2018
4131 3914
6789 6057
4822 5668
2257 2242
6572 5921
7287 7886
6807 6421
5385 6072
5012 5949
7061 6417
64 119
3985 4630
8810 8244
1582 1317
24 123
6704 6897
10183 9293
9252 8562
3415 2618
2868 3746
7996 7722
5074 5514
5298 4916
2370 2906
3824 3626
4267 5194
3468 3807
4354 4317
5217 4577
8455 8508
3618 3733
40 783
1979 2231
1316 1682
6395 5644
8214 8338
36 736
6857 7437
2594 3481
9264 9283
3154 3524
7228 6396
8623 9220
7548 7665
2270 1492
6304 5768
8552 9224
586 1181
1955 2459
10398 9919
9205 8576
8232 7575
2350 3006
2330 2769
9241 8338
8230 7953
9108 9843
10801 9880
9955 9431
8258 8149
6361 6012
1909 1059
9612 9386
2944 3237
5457 5075
9029 8609
5328 4948
7962 8268
5467 4613
35 129
7906 7981
21 564
1920 1678
4562 5243
2680 3557
5362 4986
7251 8024
8387 9069
92 861
2674 2710
3693 3391
870 1198
5376 4805
6689 7505
5285 4995
1485 1949
4843 4737
2745 1826
5888 4910
4850 5601
95 844
7710 7473
8878 9685
3121 3756
7401 6567
7636 7082
3374 3887
2414 1931
2872 2114
16 688
6099 5515
2587 1967
5194 5281
5032 4102
5544 5873
8688 8226
4084 3295
2176 2524
5104 6031
9829 9619
3075 2810
7773 8550
3301 3853
9567 9787
8438 7972
9365 9500
1390 2134
3368 3786
7149 8059
2534 1561
6504 5652
1646 1405
10533 9761
7100 6781
8103 8210
1144 2125
6803 6956
3794 4472
3013 3007
2974 2577
4892 3989
7258 6580
55 651
2697 2345
4947 4258
7148 6858
5748 5911
8712 8468
3815 3820
7694 7614
8399 9176
5103 5925
43 693
8597 8431
6583 6445
4641 4655
2820 2969
6362 6228
4791 5238
1621 1753
8784 9265
10341 9619
15 644
9043 8258
5969 5397
4810 4254
5185 4443
6618 5851
1157 1857
5800 5549
4292 4228
8295 8155
3594 4285
3091 3573
5663 4927
4998 5823
7576 6891
549 1156
6835 6306
5929 6122
6389 5484
1864 1449
9940 9467
2810 3074
3705 4482
6535 7146
14 788
9311 9885
4200 3705
4611 4392
4710 3848
1548 1702
6555 7042
7249 8246
4047 3184
9981 9691
10405 9903
2364 2062
3886 4693
9451 8523
1917 1535
2317 2250
7283 8102
4440 4871
5817 6147
2436 2175
8356 7596
17 709
2621 2553
4108 3678
7033 7387
4149 3414
5779 5192
10232 9846
3955 4761
1876 2296
9088 8145
5718 6618
4313 4924
2184 1457
6343 6738
7513 8248
10119 9624
5970 6631
4205 4436
5165 4576
5532 5132
4506 5065
7918 7611
1182 1247
2936 2742
6436 5500
8030 8008
8313 8796
7056 6097
7988 8910
4694 4060
6025 5915
5885 6204
5447 5640
8352 9034
2620 3257
6612 7028
1684 1461
3007 3872
4702 3913
7891 7482
3350 2586
1635 1592
5663 5267
9003 8494
6608 6344
4088 4569
2303 2080
10379 9887
5419 4942
4822 4025
3662 4534
6934 6782
3301 2471
8468 8343
10552 9837
2121 2479
4273 3629
7291 7947
55 432
3823 3433
3793 3020
1187 1783
10531 9845
89 564
7598 8383
8440 7974
3111 2367
42 793
7026 7899
9782 9051
2810 2376
8040 8613
5054 4551
9182 8514
4863 5805
5335 5541
682 1497
45 118
7274 7259
6045 5870
6954 6613
3108 4106
6055 5496
30 126
66 590
68 294
8218 7827
597 1275
7435 7887
5101 4711
6938 6825
8216 8165
4509 4672
2446 2068
6018 6309
4646 4612
3781 4046
86 325
2559 3107
9037 9037
69 188
2998 3529
9784 9241
7830 6888
6514 6322
2903 3010
3531 4332
8792 9214
6016 6520
3263 4042
8691 8566
4858 4720
9295 8734
74 40
2879 3656
6122 6964
6546 5987
52 101
8813 9524
9336 9655
6625 6632
3323 2758
29 505
3412 3066
2142 2126
4460 3950
2004 2124
3533 2582
1884 1808
5652 5644
9182 8413
5098 4150
3711 2724
4120 4259
7276 7388
9368 9772
2997 2380
6400 6211
9333 9130
6563 5577
6069 6512
902 1513
8423 9116
4126 3443
51 447
3922 4463
8761 9090
1743 2353
4955 4344
1145 1305
3178 3188
2333 1865
6047 6355
