9930
100
21109137
102 95 106 95 92 94 93 109 94 104 105 109 90 93 104 98 102 91 100 105 93 109 99 106 95 101 107 93 107 91 92 109 104 93 102 100 99 100 106 98 105 99 110 95 97 102 101 108 91 101 96 90 106 108 91 90 90 102 106 103 91 103 110 90 99 96 97 107 102 101 95 92 107 96 108 109 103 93 104 91 90 100 102 95 95 90 98 96 107 96 97 100 96 91 98 96 105 102 99 107 
-188925 -185143 -171627 -167916 -181345 -163445 -165003 -181135 -170858 -184262 -217271 -194815 -177312 -179951 -199386 -185248 -194217 -176376 -171493 -184281 -169972 -186985 -175937 -187482 -199661 -192400 -184970 -149983 -205847 -166959 -181058 -218329 -201101 -172702 -188263 -180859 -181875 -190349 -188702 -191706 -203633 -192541 -218748 -171333 -189537 -172486 -183484 -203463 -179796 -218298 -181447 -164315 -186582 -211489 -171413 -174136 -153598 -205675 -197009 -189247 -163691 -197078 -201092 -152628 -189716 -185437 -187543 -208734 -191630 -173468 -166949 -181447 -194148 -183253 -189605 -187651 -187420 -168283 -199221 -195754 -179653 -186157 -190442 -176890 -152074 -151871 -169727 -182972 -201050 -196674 -187860 -190494 -174345 -166900 -189401 -166700 -189797 -186197 -200450 -190218 
201253 198545 179646 181336 194808 178689 178161 192197 185101 196621 234598 209449 187757 194519 211442 194327 207487 188885 183585 193355 179026 196288 189951 203411 208111 204880 197863 161673 217559 179279 195340 232286 213042 186403 204116 192447 192376 204862 201821 205363 216055 207912 229397 186927 206032 182828 200921 217260 191705 231590 195135 177845 200549 227905 183910 185482 165482 220394 209627 202852 176323 209655 220071 164233 201153 196845 201714 221908 202087 184626 181691 190761 207485 195502 205676 200827 200974 183870 213640 207410 191970 199730 204066 189535 164297 161732 180813 195664 211423 210694 199879 200868 185644 180140 203811 177887 202819 198307 212522 202714 
26 11
7797 7129
1962 2311
5733 5457
3688 4267
3605 4480
8607 9108
6578 6993
7246 6689
8236 7290
4061 3096
7607 7822
3124 2667
2332 1386
7688 8493
4009 3412
2142 2064
5006 4335
5055 5132
1793 2036
9066 9916
7938 7306
6909 5928
9790 9139
7675 7723
4482 4202
5873 6165
2969 2421
9826 9300
8397 9237
91 908
2723 1773
2354 2814
5240 5000
8839 8407
9074 8362
10628 9648
1289 1749
9237 9559
4367 4381
1737 2339
3656 3860
3767 3350
1401 2176
3265 2978
2548 3133
7614 8007
56 971
7484 6885
4329 4380
4418 4716
7476 7478
2359 2921
42 281
7221 7252
10780 9913
7703 7055
8510 8648
1759 1359
5763 6004
7963 8538
6542 5731
3251 2660
4683 5345
963 1066
2372 1917
99 837
5398 6261
2079 2204
3849 3132
3192 2975
7426 8179
1105 1666
5580 6323
3254 3279
4311 4335
887 1458
7506 8353
87 952
8466 7779
5502 6017
2761 2045
54 220
2975 3399
8062 7704
6244 6717
4252 4068
9375 9303
4172 4760
7165 7529
1440 1138
3306 4012
3326 2744
8149 8941
2999 2392
5153 4805
6942 6574
10078 9477
6728 7301
918 1420
6717 7694
6027 6927
4648 3742
5823 5653
7290 7950
5305 5903
60 254
9011 9385
9520 9833
6088 5113
7880 7075
9621 9462
3054 2516
3935 4631
5923 6923
60 667
8815 8992
1964 2264
4201 4236
8804 8900
8593 7934
5186 4931
1688 1499
5444 4642
6494 6185
9433 9640
7932 8534
7859 7050
10014 9031
9094 8704
4018 4568
47 999
9048 9346
1212 1938
3847 3955
5219 5290
4854 5451
3570 3654
7035 6166
9071 8495
4729 3919
5221 5844
2575 2292
4050 3449
4019 4014
5653 6491
4406 5185
8252 7984
5229 5099
8722 9340
5778 5712
6544 6071
3507 3355
1456 1401
5691 5000
4844 5739
22 485
3286 3134
1080 1745
5508 5505
50 166
7374 8004
9809 9278
5745 6407
6341 6635
7937 7813
9971 8998
5573 4616
4550 4455
8025 7523
3059 3604
5213 5788
89 577
1777 2624
9423 9990
7838 7595
5263 4611
5168 5201
2674 3638
60 64
2151 2203
422 1344
1030 1801
4386 4363
6908 7553
7900 8630
9096 8973
9102 9627
1813 2119
5949 5271
6591 7507
8543 7940
46 783
95 264
4362 3869
3921 3908
5686 6119
89 369
6544 6977
91 45
7037 7373
4434 4047
5293 6069
6074 5538
1097 1157
4396 5125
7165 6841
5524 5646
3437 4180
5891 5590
4346 4132
494 1094
6923 6728
3499 3264
6240 6398
4382 3507
8154 7699
42 649
5486 5215
6357 5364
2971 3773
4954 4040
7764 6868
4623 4877
1350 2201
1363 1683
4877 5426
2141 2652
3808 3176
5408 5364
1223 1906
5053 4455
5147 4976
3727 3030
7946 8786
8860 9505
3382 2515
742 1184
2980 3879
5903 5551
5360 5375
60 60
8121 8094
6492 5802
8339 7675
99 69
926 1061
8113 7729
10007 9667
55 647
5449 6406
3595 2648
2157 1168
8081 7902
10680 9926
2566 3057
8234 7462
1849 1110
3139 3870
1228 2118
2500 1579
1926 1962
80 212
9568 9536
5491 5184
5311 5378
3692 2797
7333 6412
5817 5480
3536 3288
6056 5121
1757 2182
331 1118
5623 5467
8208 8723
1426 1133
6995 7890
6209 5911
37 449
86 584
2669 2100
2006 1201
9200 8266
7098 6211
9033 8450
5201 4968
3208 2366
65 415
4968 5555
8815 8815
4597 4993
2793 3051
1813 1378
4656 4968
2434 1777
3952 4520
15 568
26 29
37 108
3080 2340
3050 3562
8010 8936
9475 9563
8782 8998
5371 4399
8203 7313
5707 5850
15 11
8336 7484
79 363
2535 3398
2981 3446
4470 4143
1522 2006
5824 5836
3971 4749
523 1269
8179 9073
2654 2123
9835 8876
8712 8909
9106 8931
7357 8303
3093 2728
4190 4064
7617 7755
8649 9400
3940 4826
5665 5756
9696 8942
1147 1794
2846 2604
4566 4687
6965 6161
4534 3981
8579 8192
7944 8774
4950 4697
8441 9165
7776 6861
2992 3037
1369 2078
4268 5155
1656 2640
5412 5078
5600 4731
3584 4081
4211 4195
6196 5563
2468 2145
67 336
317 1090
2264 1839
1299 1162
4739 5382
534 1141
6638 7310
6138 6465
9439 9541
6307 7302
8348 8003
4224 4262
5973 6119
3336 3254
8640 9468
92 485
6865 6473
4372 3606
8906 8177
2585 2948
4625 3844
3135 2545
6652 5804
2433 2059
5869 6638
7244 7913
6567 6225
54 770
807 1755
4746 5282
6424 7101
2010 2937
5167 4595
2123 1610
4837 5726
8628 9351
3088 3154
3934 3859
2537 3346
30 488
4220 3560
6893 6229
5775 5948
98 817
5522 6242
2175 1457
8954 9693
1859 1646
3927 4890
4433 4097
6867 7358
3453 4120
65 114
8479 9093
6759 5839
2233 2663
7108 6965
2869 2849
8789 8793
5326 4385
5767 6330
6363 7111
57 73
8180 9174
3779 4134
11 903
2186 1777
7771 7986
3819 3120
3339 2485
4740 4880
4582 3791
83 634
8532 8528
2430 3232
1051 1984
5589 5739
2879 2785
7118 6664
5420 6134
2204 2023
5006 4831
10405 9832
5728 6725
7839 7794
7835 8189
4145 4683
42 264
8907 9533
2797 2361
7694 6714
3557 4491
3736 4038
8227 7644
8140 8769
6061 7054
8749 8850
4637 3735
5104 4699
4292 3359
8036 8260
9431 9728
8634 9275
8863 8116
5606 5717
2242 2480
9619 8787
5110 5579
7499 6802
2173 2433
4130 5123
2722 3506
5152 4425
8820 8464
1831 2063
7994 7378
7396 7359
3157 2248
9217 9478
4580 3892
8622 8392
6446 7422
199 1148
5680 6569
6478 6938
5644 6552
10010 9795
8237 8118
2297 1357
2588 1614
4571 5370
2030 2260
7509 7617
5853 5720
6850 7431
4392 5036
1221 1960
6748 6220
2213 2115
7084 6703
7683 7721
45 250
5788 6470
2809 2502
7625 7774
7332 6842
7458 7040
85 1020
5364 6302
2759 3699
2087 3023
8784 8160
510 1271
5498 6086
7891 7703
1622 2513
6045 6377
4062 4676
8452 9043
5541 4559
2261 2790
4822 5450
999 1177
7922 8556
60 468
7295 6304
6820 5878
78 553
2095 3003
4762 5373
5992 6303
6474 6950
7731 8547
4585 5565
4484 5458
96 343
2335 2033
5940 5565
1750 2157
3932 3789
256 1237
670 1098
6513 7126
38 485
9236 8633
6770 7430
2545 1737
8961 8591
66 150
4614 4835
2910 2405
6387 6050
6935 7487
1077 1361
67 779
8115 8371
10204 9709
6390 6535
6305 6058
5767 5868
8861 9818
8365 8896
1870 1716
6882 6690
7253 7024
8978 8351
18 534
8573 8970
9689 8790
1278 1087
898 1856
5933 6138
78 295
17 822
69 652
7124 6193
1340 1729
7912 7745
1656 2538
6374 5717
4356 3374
3165 3294
6631 7471
5502 5567
7336 7183
3255 2771
8124 7376
64 694
7227 6383
10674 9953
486 1480
3942 3588
7862 8038
4533 4848
6695 7676
4787 5736
938 1595
1406 1341
4448 5206
95 88
3683 2916
6256 5421
988 1308
4807 4559
5402 5570
38 425
10763 9924
2208 2998
71 908
8981 8414
36 708
9428 9981
2868 3404
45 656
67 242
4838 5161
2022 2213
8792 9254
8763 9471
10494 9753
8286 7804
6948 7840
8827 8031
6841 5987
4896 3922
8405 8794
1471 1986
3282 2353
9236 8752
7226 7584
7072 7584
3771 3989
5458 4634
4246 4712
9425 9052
2186 2913
4518 4133
296 1206
1508 1911
83 240
3328 3452
2643 1936
4020 3125
3702 2798
3697 3329
7664 8488
579 1071
6786 7036
6557 6968
8933 8340
7317 7925
2314 2262
10623 9839
3868 4474
6408 6446
100 964
6585 6866
4093 3398
8817 9148
8626 9558
1458 1239
1392 1658
5232 5933
10140 9356
5087 5269
3805 4111
7267 6808
100 349
2445 3373
5983 6199
9377 8708
8750 8482
7590 8524
4094 4304
7003 6143
3165 3166
7053 7696
76 252
4676 4949
1929 1056
2452 3256
1665 1995
4850 5640
2597 2218
4567 3901
7228 7858
2658 3262
5220 5900
5730 6645
2708 1825
1836 2175
56 132
5164 4574
3347 3703
2496 2500
6587 6395
2539 3371
10066 9925
22 23
5858 5985
8466 9453
10732 9962
8612 8024
3534 3102
944 1706
1902 1402
1338 1849
8739 8536
84 469
5282 5435
10381 9712
4512 4318
5817 6553
4069 4955
2050 1208
3711 3994
6119 5298
6168 5822
30 927
2304 1763
14 891
7620 7801
5911 6396
2231 2694
5495 4772
3114 3101
1300 1403
3532 4272
6910 6900
2201 1375
3348 2583
3294 3451
3018 3403
7220 7675
50 304
152 1052
7376 6896
4681 5441
1968 2242
9161 9948
8079 7569
8363 7388
56 607
10125 9826
1877 1299
86 37
7230 7764
6913 7103
8645 9497
9849 9762
3844 2896
1975 2116
8585 8142
3307 3052
2986 2834
6641 6534
255 1032
6583 6903
8149 7395
93 34
3183 2226
3036 3215
10174 9807
7484 6762
9247 9836
1625 2593
8770 8825
4150 4376
27 162
5663 5159
4657 5332
947 1513
2358 2688
2526 2495
2911 2073
5889 5086
2813 3486
2942 2008
5743 4871
36 937
6491 5978
2081 1196
9360 9897
3527 3066
47 71
1526 1946
8403 7754
8712 7786
2719 3601
1527 1679
2008 2858
8651 7803
3392 4025
5606 5048
3054 3053
5485 5808
1786 1692
5402 5398
2693 2370
6171 5993
9526 9023
4605 4910
5856 5181
9975 9537
7460 7270
1703 1611
6221 5515
1739 2569
6924 7233
8907 9087
5544 4807
5451 4964
3064 3271
3354 3682
1796 1366
6179 6119
3786 3324
6569 6802
1283 1503
7986 8568
9363 8392
24 560
8864 9015
70 443
154 1102
15 362
862 1476
2868 3194
3986 4321
4157 3851
40 378
6182 7076
958 1361
4954 5225
7419 8251
9416 9825
8394 9072
3937 4161
3111 2172
8798 8502
2675 3316
8516 8358
7537 7105
6206 5418
8033 8459
9632 9848
5273 5356
4908 5773
2128 2765
5062 5724
3097 3700
3845 4330
9100 8649
2353 3316
3662 3057
3025 2214
5661 5869
7625 8415
2991 2808
6566 6910
80 860
4472 4528
5639 5854
5533 5046
5827 5077
7727 8621
5471 6115
9422 9475
32 959
6594 7156
50 415
2563 1730
2047 2873
6537 5932
1661 1518
8989 9537
3447 3912
1935 2631
8718 8300
9178 9578
5414 6312
94 356
6612 6561
3851 3672
6884 7135
13 572
97 683
10228 9345
5605 5380
7721 7011
5312 5832
1460 1759
1914 2680
10310 9821
4999 4079
7185 6620
3172 3744
617 1143
9253 9616
2419 3289
8130 7502
8859 7872
1843 1537
911 1735
2852 2628
7403 8053
851 1290
5439 5662
4941 4577
6432 6246
2175 1224
4993 4688
3392 3824
4581 5453
8759 8007
6034 5053
2982 2361
4389 4783
4708 4839
3458 4057
6046 6295
1496 2359
714 1648
791 1222
1850 2663
9070 9426
23 165
7231 8073
5323 4381
3253 3176
5250 6032
5920 6008
850 1095
2653 1779
2719 3583
4397 5111
7058 6315
6041 6553
4826 5542
7477 6526
7162 7291
8526 8101
3148 2223
7900 8847
1481 1462
5485 5094
9003 8402
97 591
4681 3979
9400 9664
3820 3646
6912 7131
8485 9425
36 923
5654 6052
5052 4256
7096 6776
9017 8624
7924 7680
2046 2433
5971 5182
6294 6509
5554 4673
10214 9979
3745 4578
806 1351
7602 8425
4530 4119
41 545
2106 1767
6733 6444
30 1000
2984 3812
7374 6761
7515 6852
2765 2812
7063 6913
2377 3055
4132 5126
3926 3466
9170 8888
5983 5678
6069 5615
9051 9713
4618 3773
4981 4322
3433 2867
534 1072
1760 1780
5240 4547
1625 1651
2216 2965
2651 2527
9031 8968
7869 8186
5651 4748
24 70
1795 2418
6670 7109
7453 7193
787 1749
8817 8636
10817 9925
6623 6947
7965 7503
8532 8851
1901 1790
4845 5406
7152 7377
7242 7670
6273 6270
5414 6253
4644 5513
5799 5783
8928 9784
1144 1496
3051 3957
5589 6004
6021 5841
2186 2228
2371 1443
5067 5849
8093 8658
2027 1140
8963 8454
9643 9813
10551 9912
9663 9139
2420 1589
4591 5588
9925 9507
1852 1435
4798 4285
6233 6546
4094 4604
5944 6901
9596 9692
9038 8968
4278 4347
4766 5403
8841 9356
40 20
8632 8640
9858 9059
8388 8319
91 188
1116 1976
8951 9751
6021 6316
4765 4223
2629 3512
4876 4331
5191 4816
8729 9281
2748 3487
8211 8818
9883 9203
4827 5407
7558 8335
8013 8047
6317 5703
6427 5621
7871 8257
8982 8866
4790 4780
8182 8704
2536 2405
9762 8816
4459 5427
3990 4931
31 901
9536 8781
5852 5446
6825 7747
2663 3528
5455 5192
1083 1721
2192 2190
5727 5062
9847 9563
8835 9381
3491 3286
9327 8607
9096 8459
3589 3632
2092 3029
9229 9435
1205 1390
5715 5364
2615 3219
15 444
6822 7621
57 1006
2056 1459
33 30
3743 4345
6180 6003
6044 6734
3128 2349
10348 9348
8802 9118
3315 2989
2939 2480
9339 9653
4607 4289
3976 4927
4418 4525
84 94
10381 9716
1711 1228
5986 6082
4157 3407
8167 8087
3066 2075
3185 3196
33 284
55 304
7441 7827
6937 7059
4574 3813
4938 4549
799 1322
3761 3163
779 1509
8403 7773
39 719
7301 6429
70 410
7699 7697
4746 4289
1709 2578
10351 9837
3369 3022
5326 5568
2526 2473
5824 5267
5754 6234
1656 2589
2605 2980
25 448
7647 8612
9365 9468
9550 9740
8285 7585
4908 4949
6922 7841
763 1178
2457 2577
4602 4752
3944 4939
4992 4558
2757 3030
9265 8592
6577 7081
7129 7778
2338 1361
3074 2271
5138 6078
65 225
6717 7330
4700 5460
4892 5814
76 389
2111 2375
1739 1806
3514 3668
4663 5019
3575 3322
5506 4661
7367 7385
9054 8450
4442 4084
7911 7044
8714 8290
50 256
5142 5420
6155 6395
7679 6841
2900 3763
24 831
8069 7122
1525 2132
6357 5784
4034 3864
6381 7202
8010 7779
1647 1972
7714 7924
4360 4733
7926 7932
1963 1602
8736 8990
4766 5759
6101 6670
5328 5906
5104 5130
8537 8011
1121 1968
1616 2131
16 213
6387 6301
4587 4778
6459 6597
8886 9700
3290 3972
7421 8282
5558 6286
2282 1455
19 16
8613 9067
7466 7983
10 399
5978 6101
7928 8802
1772 1586
8596 9262
8800 8437
4424 4151
5062 5433
8683 8488
7465 6932
8431 8294
6462 6746
3474 2691
5214 4473
2885 2868
6059 5922
2196 3140
5204 5624
1339 1708
8073 7495
5505 5424
4853 5818
8875 9192
5492 5246
6924 6443
7399 6678
5090 4730
4089 3651
4399 5025
8935 9374
1125 1819
8149 7752
3903 4663
6427 5880
8613 8757
77 146
5200 4290
2551 2597
7645 7415
7887 7537
2796 3489
4774 5168
4795 5443
3386 4374
5589 4656
6530 6554
9957 9749
1645 1710
1866 2720
6671 6011
83 441
65 557
2336 2333
3452 2979
6805 7611
10090 9123
4456 5413
6513 6461
2153 2317
5428 5201
80 27
7469 6560
8378 7656
4913 4803
76 392
5370 5419
9512 9313
7240 7663
5625 5845
5273 6114
6299 5661
8546 7596
6016 5912
8594 9131
3081 2987
9495 9345
6912 6109
50 602
5963 6946
7582 7622
3662 2717
1881 1040
2290 1752
6395 6396
4160 4590
5908 5765
7733 7471
8781 8418
987 1137
9406 8830
7312 6504
3689 2809
8358 7956
48 888
7645 8602
12 396
58 251
2820 2234
9362 9097
4542 4013
7709 8667
7046 6585
7512 7075
29 352
9326 9203
4958 4174
10315 9485
5846 6625
1588 1621
10167 9170
8745 7933
3699 2975
5796 6775
2956 3546
4284 3584
3654 3884
1688 1837
3342 3374
6119 5526
4738 5161
1646 2392
78 544
8703 8363
3978 3104
8407 8107
9505 9033
9237 9822
9017 8234
5802 5926
69 609
1052 2013
1990 1138
4369 5223
7342 6840
4889 4750
6505 6808
6737 6184
8109 7760
540 1231
2179 2312
8142 8682
5211 5741
5948 6071
7878 7362
7989 7746
10435 9980
625 1069
4081 5039
5048 5923
3638 3905
5519 5949
4287 4495
9052 9098
6751 7626
88 43
9325 8730
6902 6807
2374 2855
2067 2883
6315 6363
4754 5681
3300 3260
3210 3889
7141 7944
7428 8079
1232 1643
7446 8254
2723 3183
8682 9463
381 1235
2574 3354
8787 8466
3102 3203
7956 7943
4972 5660
9455 9538
69 1000
5118 4633
3961 4956
5601 6104
3539 2771
5789 6556
4647 5348
4746 5088
6519 6293
5806 5930
7385 6497
74 933
2886 3510
3611 3243
3061 2728
3316 3798
9560 9248
8932 8770
8544 9268
2599 2686
1465 1914
52 414
5301 4327
6120 5773
4318 4459
3094 2104
2729 3133
6304 5586
2935 2791
4679 4113
6572 5645
8637 8649
1679 1962
3999 4137
6002 6826
7914 7520
4152 3835
10528 9773
9267 8571
6110 5846
3763 4533
5085 4223
8587 8735
4337 5253
8917 9643
8384 7513
9335 9751
7851 8456
4645 5435
2423 2124
1594 1772
6191 6830
7666 8269
9354 8937
2814 3117
8591 7889
4661 3867
4856 3886
5102 4213
7412 7582
5006 4518
8668 8879
3125 2730
5736 6714
4090 4540
8831 8097
4419 3591
8318 9047
1151 1951
1947 1199
6208 5302
7736 7464
9205 9877
8528 9375
3517 2721
6553 6761
8061 7773
4344 4034
7905 6937
8436 9239
3205 2347
6885 7815
6491 7154
5525 6287
5824 5913
7910 8323
6026 6919
4890 4691
1019 1625
4317 4168
3630 3803
46 934
6297 5989
62 548
4305 3373
50 708
3941 4175
5961 5033
3813 3382
5195 4370
87 712
4260 4858
10 779
5720 5257
2897 2850
972 1910
7004 6571
1776 2503
8945 9247
7427 8064
6608 6871
77 167
9230 8547
9439 9186
5528 6203
46 51
4128 3210
6778 7338
3248 2373
1035 1479
5589 5664
4934 4765
2369 1812
6044 5333
3463 2963
6824 6407
4693 3913
9674 9405
47 752
7973 8057
5781 5744
8180 8972
6049 6766
5869 5199
8015 8840
3066 2222
2863 2465
7376 6531
8113 7839
5039 5427
1561 1660
3905 3504
1750 1603
8810 9355
28 429
9178 8553
9696 9751
6723 7210
1835 1429
5448 4645
6682 6934
20 969
2945 2327
4847 5269
4980 5052
5350 4566
5845 6568
8768 8596
5430 4609
4361 3411
4705 5322
2454 2475
4073 4638
9267 9230
6217 6799
22 215
1462 2299
4285 4766
75 169
9290 9815
8850 8850
4282 3313
2014 1020
4858 4946
21 657
3959 3943
9581 9325
6528 6066
1861 1932
2715 2113
8773 9640
1496 1874
6230 6980
1613 1392
8075 7080
43 675
5103 4374
3897 4218
3597 2900
4132 3286
4141 3785
5668 5893
2583 1746
6331 6693
5981 6747
10294 9296
8011 8987
2694 3138
4508 4596
6941 7098
8061 7667
4478 4298
2345 2145
8739 8983
7891 7271
5698 5542
1059 1108
2635 2776
3884 3092
3947 4436
7169 6431
7711 7518
10157 9590
3404 4005
7518 6851
95 575
3019 3862
961 1219
9592 9736
6300 7121
37 154
7667 7058
8265 8016
27 202
8863 8747
4656 4274
3658 2804
8697 8013
2257 2025
2531 2861
37 434
7805 8074
2332 3298
7034 6295
3843 4723
7466 7097
6197 6600
5407 4477
712 1380
9090 9592
5253 4935
5610 4645
2118 1863
3632 4179
3323 2856
2225 1852
1943 1618
62 559
7369 7951
4553 5535
4474 4848
3447 3861
10469 9941
1448 2364
6221 7148
9216 8728
6716 6127
5504 5009
7983 8258
2392 3383
4270 4047
6916 6452
5545 5431
6563 5634
6729 6881
5004 4927
2306 2408
8504 8502
4666 4491
2663 2722
5450 4985
6908 7031
7959 8462
4932 3951
8576 9576
3661 3166
6888 7051
18 97
3606 2790
3897 3974
9229 9748
4322 5223
6356 6144
6208 7173
6472 6156
7898 6912
2358 2160
7460 8428
5803 6060
8738 9177
9209 9804
8925 8971
7552 7806
3518 4429
5053 4770
9903 9097
7907 7968
6860 7317
4640 5595
5193 4750
2097 2852
2974 2610
590 1383
1700 2007
7940 7617
1158 1873
3370 4007
4006 3079
2920 3183
8860 9540
3137 3158
9795 9452
5071 4504
6359 5931
8382 7510
7114 8045
5529 4934
8827 9072
5961 6900
24 39
7928 8035
96 768
8765 8364
7512 7994
70 495
60 868
6642 6844
7475 8242
6022 6286
1203 1200
3023 2256
29 499
66 835
1710 2553
1408 1946
5010 5404
4140 3350
2690 1825
5462 4770
9452 8591
3586 4551
5738 6372
7328 7198
4112 3346
7568 7562
1000 1416
8707 8052
8553 8206
8710 9448
9563 9283
6829 5934
9690 9878
1246 1157
3183 3049
8242 9042
3866 3649
6807 6836
2407 2078
7606 8045
5185 6103
6434 7131
6269 5441
10003 9243
8798 8012
4434 5123
6375 7232
7726 8220
6073 6680
1323 1475
8568 7593
91 536
5564 5188
8091 7672
3142 2790
3331 3225
10270 9767
4640 3838
43 777
2410 3349
2737 3319
703 1343
3020 3339
7243 6672
7059 6899
8312 8002
2327 2637
3289 3503
9008 8186
6900 7789
7902 7755
2023 2545
4531 5355
6934 7552
6176 5395
6636 6524
603 1116
8471 7704
2460 2565
2091 2568
1542 1939
1816 2786
5530 6217
5179 5143
6682 6113
8064 7300
3557 3967
1934 2197
7117 7873
4290 4916
5279 4568
6271 5834
3950 2975
8114 8597
83 742
991 1847
1951 1504
7168 7128
1376 1809
668 1205
96 690
1873 2693
6432 6092
1469 1876
4878 5347
3068 2193
6629 6560
5545 6266
1513 1106
34 292
4312 5200
7700 8431
2871 1912
1528 1239
96 768
5586 6526
9507 8569
7281 6604
860 1265
2688 2870
3598 4543
2260 1943
7895 6957
7522 7521
7746 7673
6865 6036
7709 7654
5688 6567
2849 2954
4643 5458
2383 2449
3510 3713
57 150
5483 5029
7800 8426
9779 9808
1295 1190
10135 9497
837 1315
1587 1227
6145 6007
9288 8465
61 528
8927 9030
5402 5524
2641 3305
5142 4934
6358 5704
6931 6410
5888 5998
9781 8862
9479 8700
3524 3089
6154 5792
96 87
6898 6519
8260 9159
1880 2684
2130 3108
6384 6541
9644 8731
5496 6105
8915 8743
10846 9931
2288 3121
3182 2378
25 880
2613 1786
8953 8648
2087 1994
63 18
4829 4718
2333 3102
2676 2980
7047 7764
3969 3692
7611 8611
1833 1686
7077 7209
1567 1414
49 284
3037 3155
7094 6674
2366 1865
7364 6539
3543 2819
7374 6937
2303 2937
10201 9625
9199 9277
8406 8549
9835 9456
8216 7976
2653 3238
5886 5396
1358 1253
406 1064
3073 2095
5747 5395
3124 3356
4378 3721
8453 9184
8689 8969
3854 3117
3831 4307
6050 6332
8098 7803
5171 5908
3162 2261
25 853
3736 3382
4443 4291
7180 6941
24 976
9426 8628
5161 4453
7115 7102
18 435
2929 1982
6253 5603
7817 7907
1399 1222
3886 2924
8553 8191
3163 3839
2893 1956
7315 7863
8133 8032
9849 9495
2705 3649
9071 9110
93 831
5882 5172
378 1232
4102 4057
3701 3499
5432 4939
8875 8271
2171 2678
59 421
6196 5880
2054 2450
3927 3794
7626 6858
4041 3928
83 410
8837 8170
9168 8853
1685 1521
9773 9656
11 786
8727 8940
20 158
2829 3601
5819 6780
10070 9633
7495 7631
4982 4821
2782 3644
36 651
5856 5588
2159 2031
5329 5419
6124 6248
4370 4383
56 207
1938 1161
6657 5818
75 490
5009 4686
10165 9568
4841 5306
2821 3005
10408 9508
1135 1277
4255 4802
3195 2936
7603 7393
89 778
3988 4145
3886 3214
782 1162
5563 5730
1277 1701
5414 5837
1050 1876
2073 1749
1745 2016
10187 9235
5024 5108
8190 7751
6140 6810
1466 1281
6734 5900
9243 8750
5175 5587
1234 1220
2419 2828
10144 9340
8587 7925
5701 5751
11 203
6622 7120
7462 7847
9580 9795
5361 5344
1210 1481
4507 4193
6967 7022
7292 7595
6653 7129
1280 2275
3360 3327
4749 5474
9076 9338
3506 3967
5199 5596
6216 6881
12 121
4741 3835
58 510
8081 7144
1037 1346
98 160
32 572
5235 5723
6021 5555
3156 3491
37 288
10872 9922
1774 1293
8938 8701
6976 7023
10029 9097
2553 1849
6018 5354
8418 8284
3404 3360
4474 5235
7998 7769
2111 2926
5134 4907
5519 5815
10972 9977
5348 4456
8719 7774
7780 6814
8299 8390
5392 6103
2387 2176
1881 1787
7455 8416
3892 2968
3336 2586
2040 2296
32 292
5095 5873
8375 8542
4744 5573
4693 4026
6193 6413
8069 7212
1307 1389
3022 3806
5361 4717
3563 2687
73 993
9924 9021
25 947
1929 1203
10405 9649
79 532
7136 7163
2358 2520
1428 2266
4596 4782
9253 8863
3464 3469
6358 7274
3677 3465
4584 4578
10398 9601
4043 3896
8141 7504
2697 2093
2453 2446
3321 4055
6099 5459
2509 2887
9610 8968
42 837
7935 8529
1732 1560
7571 6874
924 1597
4150 4980
65 1019
8461 8789
8612 7696
7607 8116
6149 6548
3298 2712
69 724
1240 1659
9228 8353
4199 5025
5354 4380
3231 2702
8670 8356
8042 7517
4338 3708
2785 1924
8865 8269
3012 2799
6555 6126
5676 5549
7738 7291
3130 3065
3583 4518
32 630
1427 2156
7767 7081
8357 9321
10536 9777
6977 6552
13 21
3158 3329
82 567
4715 4526
4035 4584
1485 2227
8797 8443
4530 5341
55 130
4068 3950
2867 2598
400 1045
9079 8157
3538 3605
8275 7340
62 24
4837 5781
8582 8391
3324 3619
89 18
2322 1593
4761 4164
3093 3507
9874 9563
3083 3005
1411 1075
5245 5283
2377 1797
2500 3345
1623 1823
6112 5657
5987 6421
912 1177
9344 9923
4032 3714
1324 1324
2912 3367
2073 1949
9705 9294
1888 2037
8426 8620
2599 2073
4044 3815
8617 9419
4761 4094
6518 7158
4058 3940
2040 1105
2296 1302
7684 8665
5756 5440
3112 3728
9454 8529
4131 4255
2733 3063
32 459
3688 3431
7083 6703
10475 9998
4977 4384
46 261
4761 4296
54 716
9358 9321
2609 2728
4719 5247
7839 7306
9162 8166
5111 4348
3030 3573
1927 1022
38 873
34 812
8931 8494
8848 8438
8874 8997
5959 6799
62 325
68 508
1979 2497
77 1000
6171 7055
7254 6967
9228 8316
3882 3905
2625 2612
8447 8872
47 237
87 178
3302 2539
4561 4278
10452 9731
5306 6019
8243 8329
2258 3198
7194 6668
5437 5323
4990 5932
2395 1909
9954 9964
7398 8364
2630 2772
39 698
1329 1592
58 400
2943 3925
93 283
8638 8499
1222 1045
73 299
4339 5010
2083 2644
33 401
4408 4888
4490 5081
3058 2819
7394 6875
5775 6006
4321 3926
9032 8354
6518 6731
2789 2392
4712 4260
4688 4691
7124 6344
7528 8292
3765 4131
9863 9824
1744 1134
5509 4522
4521 4962
9718 9530
10545 9735
19 28
4149 4606
8006 8653
5825 6478
7234 7912
6374 7151
8366 8669
1328 2195
8178 8174
8260 7612
83 931
985 1679
2180 2136
1758 1936
4308 4934
8669 9539
10403 9856
8337 7515
6904 6147
28 114
6724 7051
8234 8819
5978 5467
2181 1905
2255 1415
2744 3665
4079 4747
9019 8394
8623 8182
5135 5861
98 23
21 677
4628 5006
4147 4283
1544 1431
4365 4815
4668 3674
6064 5188
23 723
5739 5852
8427 8489
4851 4044
6095 5427
41 820
38 615
4741 5376
8933 9751
2586 2174
9181 9989
2401 2264
8500 9129
7740 8273
8236 8374
5206 5257
7742 7590
7802 7667
1658 1590
9467 8693
3706 4493
8430 9125
5180 5511
1901 2728
5098 4255
5746 5568
7926 7194
524 1408
5932 6390
3775 3385
2140 2415
4791 5450
3242 3718
9929 9165
10648 9908
42 1002
7818 8574
9393 9533
7259 6281
3050 3022
4279 3327
9069 9795
2313 1581
10549 9907
2821 3381
5149 4966
8573 8491
63 900
6138 5903
4222 4874
3613 3219
4386 4708
9164 8377
2628 3063
2999 2775
5151 4734
5158 5708
6018 6615
5922 5482
36 763
5061 4367
2231 2152
2760 1936
8928 8175
87 913
1777 2686
3895 3545
6234 6938
6765 7287
4107 5025
4387 4902
4977 5131
9760 9061
7898 8162
4676 4151
76 979
3052 2576
5465 6117
3038 3011
6861 6940
3099 3495
52 417
70 191
5803 5499
2876 2152
9570 9298
4628 5573
7304 8109
78 312
1840 2361
5015 5561
1435 2427
1391 1624
8743 8575
706 1582
4314 5308
7726 6917
3803 3133
6363 6406
1920 1377
14 817
6994 7646
9900 9156
4505 3603
56 126
5495 5349
4421 5169
8346 8578
1579 2400
8404 8369
6451 6804
3290 2544
2137 2764
10751 9810
9170 8633
6649 6735
4450 5380
6362 5919
36 727
5351 4819
7425 7298
6708 6330
9268 9466
8857 9497
6631 7312
10274 9961
2489 1686
2692 2350
879 1650
1505 2156
6514 7017
6602 5806
7267 6983
7649 7130
4559 3916
10036 9075
6531 6414
9540 9044
8192 8514
4894 5044
8675 8349
6949 6832
8082 7366
2860 1962
9400 9023
6624 7235
9513 8614
32 262
3383 2930
2035 2572
2364 2315
2794 1952
7428 8230
7641 7088
8791 7958
1584 2035
2574 1590
5752 4914
5708 5476
2436 2341
2928 2312
2509 2977
8589 8211
6621 7248
70 389
5414 6358
9789 9600
7698 7192
8102 7117
5030 5146
7243 6306
2273 3257
5426 6163
8545 8480
2368 1863
6563 7320
2734 3606
5653 4672
10504 9586
8617 8461
7526 8265
4652 4798
6928 6379
3944 2988
2272 2938
6896 6510
33 134
8873 9734
8463 7725
9213 9788
2292 2982
35 924
9029 8974
7884 8057
8108 8457
3313 2701
33 318
9152 9290
6537 6157
6336 6501
2820 2245
2346 3144
21 93
6398 6920
5617 6179
93 29
7506 7353
951 1344
8288 8262
3500 3091
6931 6820
9608 9091
31 396
2175 1253
3060 2151
5386 6254
9270 9485
7595 6628
7584 6654
4387 3533
2769 3007
2774 3748
8429 8266
6382 5627
8519 8127
27 324
6220 5843
96 605
6283 5924
4748 5731
3655 3007
4576 4752
5194 4921
10774 9951
3609 3728
10564 9574
4304 4627
96 841
5641 5159
4667 3848
7738 8607
9041 9535
8139 7510
9574 9256
2943 2803
3661 4352
6247 7036
1826 1512
397 1349
7408 6786
35 34
3015 3823
8786 9200
3522 3896
5737 6101
2581 1830
4866 5473
3414 3341
2573 3220
600 1412
7709 7619
2116 1773
3557 4482
1719 1525
6464 5514
2185 1290
7448 7780
7169 7883
9488 9467
3422 4023
4834 5098
8120 7940
9052 8584
9571 9751
3078 2763
1532 2408
5265 5476
98 567
1626 1707
8140 7619
3300 3732
9606 9903
8212 7335
7083 7312
8852 8733
53 717
5834 5392
10028 9792
7221 7594
1730 2432
7966 8661
7717 7330
19 19
1686 2329
2473 2714
7316 6583
6248 5657
8234 9135
82 923
10540 9635
8710 9614
2070 1459
5783 6555
3872 3647
3318 2667
49 236
38 625
4124 4966
6516 5534
5884 6837
6651 5736
8685 8726
2549 2199
2745 3088
7585 6983
97 813
2349 1531
3258 3668
2114 1513
1335 2128
4192 4542
33 154
7856 7681
3726 4367
3494 2913
3782 4670
9079 9438
6407 5615
7433 6967
3162 3379
3570 3027
6724 6551
7270 8201
8883 9126
2282 1597
4152 4298
2038 2882
6545 6210
6635 5736
2318 2687
3788 4183
6368 7116
1440 1719
15 446
52 989
12 144
5728 6481
2846 2575
3462 4436
4061 4307
6519 5619
8210 9101
7304 7279
6658 6675
2263 2277
6590 6976
37 177
2089 1486
2356 2345
7313 6834
8660 8810
9710 9695
9218 9130
3996 4857
9219 9034
1654 1902
5635 5948
51 79
2304 1713
8071 7789
1632 2578
8154 8124
89 312
6100 6259
4360 4002
5658 5817
1846 1881
7649 7123
5187 4921
7280 6296
2686 2353
3519 4084
7939 8627
5765 5437
4216 4158
5560 5922
43 145
4338 4679
8970 9873
2382 3107
2005 1787
3750 3512
6344 5707
6032 5581
8546 7986
8239 7302
48 172
7724 7991
10108 9989
71 284
4082 4003
8996 9271
5262 4703
5595 4934
10712 9809
9688 8877
36 379
33 599
9127 9356
3646 3122
8322 9023
43 730
9700 9008
1528 2137
8522 8619
6637 5694
1205 2029
4265 4694
7248 7638
8454 8082
95 214
8472 8488
33 497
7306 7515
5792 5213
6562 6814
8028 7493
2684 3677
5227 5106
8641 7903
4115 4286
93 30
8041 8885
9429 9127
5981 5968
3667 4111
9619 9433
3843 3146
22 551
73 313
3416 4199
37 294
4301 4404
180 1016
3011 3960
79 113
5035 4959
3328 3223
3340 3006
3787 4447
6762 6797
7505 7939
6809 7330
1206 1684
6838 7467
9114 9540
5912 5177
47 142
89 776
83 309
5841 6512
7290 7904
1337 1167
7111 6445
7953 7592
3993 3711
7738 8236
1083 1450
25 472
5366 5581
2941 3655
1525 1410
9490 9077
8030 7169
70 356
6934 6496
3836 3448
940 1142
48 192
1694 1514
4982 5229
57 492
3904 3460
3180 2558
16 392
5567 6461
1798 2341
7051 6226
917 1408
9291 8848
95 113
69 100
1897 2464
6731 5888
1464 1213
7895 7705
3751 3862
1121 1582
891 1564
8629 9619
3284 3155
2949 2936
1601 2398
5657 6606
2219 2084
3256 2666
5482 6300
8498 9124
9557 8728
6164 5560
7120 6724
4765 4096
3027 2136
6395 6497
4180 3303
7151 8011
5362 4908
1507 1214
7215 6301
3190 3808
9070 8334
2842 2121
6227 5540
4188 3504
1763 1912
2960 3056
2361 3002
8995 9757
5793 6153
10251 9556
5676 5779
6143 7142
9866 9061
9028 9238
1124 1343
7045 7166
2952 3668
2134 1797
78 904
9933 8995
3089 3348
2028 2238
5178 4335
2326 2744
7573 8495
9822 9014
9023 9576
2259 2614
5755 5893
5474 5013
5414 5588
2411 2286
36 871
8206 8167
6538 6285
8820 8401
6378 6448
1862 1115
2900 3509
10567 9828
9115 9486
7366 7387
4097 3809
2182 1651
7102 6282
1776 1739
2886 2737
4474 4148
7795 8749
8066 8615
8336 8645
70 896
5741 4767
6083 5170
2056 2090
8144 8621
10522 9758
1764 2699
9682 8982
9267 8559
5628 5414
5493 5568
7888 8856
82 156
5046 4424
44 580
3745 4247
6053 6015
5198 5852
6932 6108
3668 3833
7586 8126
4758 4842
6830 6341
5162 4520
5323 5718
4881 5592
2047 1483
3722 4608
2351 2733
3466 3500
5920 5749
2665 2411
3253 4130
6956 6776
4298 5037
29 850
6256 6520
9331 8955
2292 2930
1927 2450
2126 2921
2635 2911
9112 8116
7085 7160
4265 4109
9913 9705
5693 6202
4581 3880
7505 7939
4403 3473
2504 1904
4101 3468
5057 5963
3931 4312
69 186
5754 6215
28 547
954 1069
6535 6160
9800 9317
56 657
6993 6987
6293 6794
5754 4826
9524 9361
4453 4984
44 19
6957 7140
5468 5213
1321 2318
1283 1915
3805 3799
7749 7242
5151 4477
8938 8030
5564 6142
9412 8868
8267 7971
7385 7302
608 1593
32 314
4372 3651
7926 8823
8252 8858
3845 4760
966 1958
14 442
3849 4741
68 1039
4231 4118
8825 9136
2796 2888
5141 4834
7827 6926
10379 9909
4139 3610
7137 6750
5762 5017
4251 3514
5294 5221
8733 8365
71 66
545 1110
1103 1966
3689 3418
4654 4671
3699 2798
9559 9697
7501 7893
9344 9740
7899 8048
7943 8124
1032 1741
4815 4013
6771 5899
8895 9435
3829 3940
5101 5801
7332 7845
1269 1452
1642 1482
6272 6856
3554 4544
1284 1490
3080 2712
4448 5204
8930 8288
1315 1454
2985 2729
5170 5641
4948 4266
9292 8960
7281 7988
2012 2427
5288 4466
4310 3905
7821 8753
4063 4805
1445 2381
4894 4789
10357 9486
3865 2974
4264 5249
2253 2158
7024 6943
10442 9832
6229 6506
16 706
9212 9968
6885 6428
83 738
2519 2879
3973 4029
4635 5584
8575 8547
7084 7301
3380 4306
41 599
4932 5614
8370 8466
4562 3578
3952 4317
6761 7495
5658 5072
9804 9152
8047 8055
5151 4865
4791 3848
9886 9270
3447 4282
6720 6698
1960 1507
7209 6883
3800 4056
5690 5483
7311 6977
8814 8880
9018 9014
1281 1304
8597 9138
4236 4510
20 736
8184 7769
4317 4747
9074 8155
3480 3255
82 199
6149 6777
3277 3171
8646 8925
3951 3970
4333 5240
8459 8820
4925 5916
964 1438
5065 4654
8846 9200
5739 6447
5223 4884
7461 7070
3000 3965
7567 6941
5374 5613
6891 7572
12 891
6636 7580
6735 6165
10224 9280
3384 4252
4964 4165
10106 9929
2730 3599
5086 5558
7507 8009
9463 9746
4541 3773
96 629
3936 3385
7455 8292
4857 4135
9613 9266
42 625
3400 3919
6426 6567
5017 4415
2537 3339
43 748
8851 9743
9266 8833
2348 3038
10446 9855
8753 9707
2425 3006
8060 7646
2329 2967
4780 4552
3655 4305
9193 8850
48 899
7262 7030
2911 2783
6458 5773
6098 6249
1714 2071
8670 8613
3679 3505
6716 6007
6783 7603
9495 9637
3455 4245
3285 2725
7535 7500
8425 7702
8899 9334
3533 2860
91 221
7387 6581
1964 2697
5229 4818
1905 1638
3042 4025
7314 7506
7319 6712
4407 3914
2388 1776
5801 6199
1303 2281
8458 7999
2877 3150
3263 2711
74 740
7927 8192
2585 3001
8579 8272
41 994
9435 8718
7222 6885
4206 5195
2181 1927
6143 6624
2392 2217
9376 9822
6781 7183
8817 8144
2975 3938
7880 6979
5388 4647
9357 8405
9908 9037
4621 4984
5683 5106
5484 4568
6393 7112
7524 6806
6730 7336
2824 2634
4844 4668
9039 9527
9621 9818
3017 3389
6183 6748
5124 5862
8927 9397
7192 7233
3959 4358
5210 4444
6057 5459
2693 3629
2202 1498
4755 5369
8381 7946
8683 7816
41 243
8118 7391
6364 6533
3176 3607
65 916
2267 1399
10536 9854
7559 6801
10512 9693
6887 6939
83 494
5780 6201
1917 1918
2701 2154
9613 9402
9799 9510
7538 6859
5117 5473
3064 3156
3426 2550
3202 3427
5568 6252
3536 4317
82 356
100 950
4821 5428
3311 2628
9081 8127
3177 2995
4685 3827
9398 9480
5967 5188
61 947
2581 1747
4422 4616
1323 1386
8872 8548
3268 2439
5647 6274
7775 8357
9947 9011
38 462
9314 9666
4785 4315
4254 5245
9525 9948
5638 4650
8887 8300
758 1529
8443 7493
9486 9812
6750 6176
2264 1931
4432 4302
2113 1810
4334 4611
8275 7580
5177 5771
7472 8329
9063 9568
9765 8799
6652 7129
2251 1932
2254 1544
2348 3020
10076 9236
3809 3532
8666 9512
8282 8710
7624 6873
6043 5238
6002 6686
3778 3401
8120 7885
2865 3766
6253 5353
5488 6240
4625 4828
74 869
6665 6079
4167 4490
4424 4320
2854 3423
970 1641
1579 1754
2759 3614
4191 3315
2602 2667
4274 3915
6662 7045
61 180
4838 4450
4806 5673
12 398
580 1501
10404 9464
8433 9289
2334 1852
8253 7585
2125 2932
4379 4180
3354 3082
9156 9383
10253 9956
7245 6756
14 497
4616 5513
9256 8266
7282 7793
5676 6489
7933 8762
7537 6910
3121 3570
7876 7193
9591 9318
71 86
2944 2365
2287 2372
14 790
8038 7464
2210 2038
3178 3630
45 743
6857 6215
1516 1997
1824 1683
4093 4683
79 664
2860 1925
8403 9237
5122 4384
340 1014
7405 6920
6924 7212
7684 7925
3044 2799
6761 5859
78 779
7985 8049
3501 2688
7102 7583
9065 8895
2044 1832
2473 3250
4824 4471
63 602
9044 9380
9145 8977
96 629
83 267
4964 5156
2752 2666
7508 7917
55 902
6817 6388
4106 4157
2625 2123
7380 7828
6521 6559
6091 6698
4519 5336
7194 7936
2285 2928
2695 3628
4898 5476
5277 5558
6900 7681
8772 8634
9908 9532
87 582
1308 1910
3870 3472
9446 9365
2812 2251
5330 4819
9131 8495
7381 8365
5561 6112
8401 8096
8697 8824
9080 8552
4958 5957
4661 5143
6742 7276
4721 3755
2585 2965
7870 7299
3140 2900
5022 4940
9377 9627
3273 4144
9144 8508
4438 5070
5424 4559
8952 9334
7316 7020
8303 7537
2979 2634
4911 5878
3141 3266
9288 9346
4441 5256
72 52
2840 3613
9072 8854
6510 7169
3579 3714
6669 6213
3187 2425
5816 6221
7088 7323
8494 8908
7199 6357
8698 9189
7238 7839
3056 2069
8038 7804
4006 3994
9296 9033
6519 5690
6619 7277
6198 7197
6841 6532
36 641
9041 9643
7169 6358
1911 1789
6396 6418
1728 1676
2650 2151
9069 9638
8214 8757
43 958
6103 6215
9308 9138
1551 1928
7093 7630
8591 7600
10480 9880
1395 2094
6936 7341
5091 5473
8493 9488
6276 6535
998 1096
7067 7715
5455 5573
61 475
8808 9084
68 327
7855 7549
3077 2285
5331 5356
5156 5747
1056 1807
1425 1489
2004 2301
6563 6751
5825 5689
2854 2762
7990 8623
6441 6530
8635 9585
86 621
4750 4862
1031 1905
5172 4786
1968 2872
1056 1817
5167 5304
7680 8623
7318 8140
2855 2203
3690 4218
35 819
4159 4453
8304 8107
2504 2086
9364 9957
5256 5090
7070 7445
7797 7824
4541 5018
6269 5553
21 373
8714 9650
6028 6014
5432 4803
33 473
1346 1339
3753 2883
14 974
15 254
7895 7784
10704 9992
8452 7585
1740 2037
9518 8525
2059 1523
3152 3386
2394 1484
40 542
30 785
6931 7482
6270 5726
60 156
4567 4733
6992 6307
5486 4529
5076 4767
2686 2492
4804 4832
5286 4892
6741 7719
9447 9083
5425 4814
6481 5735
94 660
913 1100
7161 6828
431 1085
6790 7656
5839 6356
5374 5632
9671 9741
2016 1732
7719 8324
39 448
10486 9795
6535 6345
3116 2159
3991 3563
3890 2912
4071 3530
1502 2178
5731 6109
3039 2998
5304 5813
2898 2784
5610 5657
1597 1889
1888 1650
6037 5078
5794 5595
7731 8609
3344 4338
3167 2562
9689 8868
5296 4951
9221 8772
6361 5980
3204 3031
3586 3104
6163 6455
7407 7196
9537 9660
3473 4386
6261 5792
7530 7801
4792 5037
833 1449
7249 6298
50 527
3418 4328
5240 4616
2917 2032
5730 5134
7803 6833
3956 4214
2184 1556
5640 5257
5098 5237
6325 7041
2985 3433
1362 1518
731 1541
515 1255
3507 3869
2839 2225
9129 9736
8997 8497
73 102
9917 9889
3745 4738
4412 4326
8194 8999
8063 8337
8704 9683
59 267
9260 8817
1971 1572
7043 7606
4198 4054
55 821
3025 3032
4856 5268
6454 7369
6174 5582
7784 8365
7699 8465
8305 9202
3386 2536
86 491
5597 6522
3528 2821
1494 1171
1379 1725
6545 7001
8426 9371
5820 6608
4241 3743
2314 2749
2812 1818
8036 8177
4721 4656
3802 3994
6889 6804
10362 9788
941 1211
760 1678
4202 3213
16 559
2556 2823
6338 5403
10262 9724
6862 7264
7955 6982
3488 3450
6147 6257
3396 2821
7052 6716
3586 3718
6452 7191
8400 8227
9150 8966
7859 8658
44 88
3809 3979
2300 2006
6485 6351
3174 2704
7742 8312
4829 4759
9195 9491
9696 9859
3503 3491
2098 2544
9470 9557
5576 6274
2612 1677
2426 2321
8231 7424
3133 3026
3685 3459
7014 6662
1556 2368
7488 7169
2506 2301
6234 7076
50 379
5458 5476
6940 7203
4847 5200
3732 4640
4192 4061
6066 6885
60 161
3842 3538
5216 4336
1372 1523
7134 7846
2708 2162
3001 3367
4804 5346
3649 2888
4231 4150
1724 1055
2569 2364
4029 3154
2070 1992
16 843
9999 9969
8671 9165
9302 8749
4499 4676
2790 1995
8413 8324
7516 8343
5039 4928
8483 8990
4719 5329
3050 2578
4613 4251
3584 3449
5779 5201
4878 4403
5712 6161
2889 3413
5297 4447
1697 2031
47 617
1997 1963
7099 7609
8135 7310
10094 9189
3205 3377
4544 5095
8024 8714
5933 5378
1130 1407
5391 4807
5989 5298
6180 6918
3088 2794
4708 5584
6694 6884
8546 7697
9019 9305
3230 4151
2211 1527
4432 4441
3452 3896
2465 2581
1885 1433
3816 3774
9448 8825
2843 2678
1999 1570
7933 8185
9575 9421
2702 2694
3628 4186
3322 3662
3784 2787
3539 3603
7039 7099
4277 4367
9105 9794
6284 5697
869 1488
8375 8041
2697 2763
7827 8661
4430 5153
8714 9432
3912 4561
69 237
7165 7355
2732 2341
1031 1919
2845 1943
7048 7994
9691 8905
18 678
4398 3952
7062 7997
9205 9697
334 1253
7419 6828
8144 8830
10271 9756
8783 8227
1986 1906
4777 4491
9161 9208
3984 3407
8214 8814
2926 3810
3078 3518
6050 5664
8871 8848
3942 3993
1486 2352
6599 6318
4884 4927
5627 5910
8054 7576
8942 9208
2318 1833
6301 6875
5057 5583
5381 5612
5770 4981
8644 9456
6691 5734
9952 9606
7872 7725
3420 3084
5861 5050
69 827
6318 7228
3664 2996
13 614
1950 2690
6554 7244
942 1550
2038 2239
4997 5453
69 314
4115 3727
9524 9968
9249 9877
15 856
2951 2573
2152 1554
10402 9683
3927 4329
1375 1860
5962 6621
5768 5753
8498 9052
43 706
1957 1288
8523 8677
4328 4821
10000 9599
3796 4281
1388 1558
1912 1517
10638 9928
705 1402
9707 9484
22 448
5730 5562
5201 5802
1810 2639
7326 6820
2229 1238
5500 5838
3653 4540
9009 9138
35 667
8891 9226
4480 4005
5421 5665
18 348
2633 3007
3470 3581
2234 1758
8410 8383
7639 8592
5565 5948
1274 1260
4955 3969
7800 8078
7040 7147
1464 1556
763 1749
5069 5910
6738 6071
4605 3658
7055 7943
3844 4646
4184 3896
7735 7396
782 1246
7191 6949
2137 1421
9146 9628
2271 2647
6003 6253
9980 9518
10100 9887
4620 3652
5745 5845
7809 7384
3778 3022
1606 1284
8800 9031
7411 8295
71 344
6325 6245
9380 9823
6082 7001
1588 2105
3900 4140
1444 1555
8282 9069
9121 8354
9394 8408
7428 8225
10445 9661
54 213
3183 3205
7048 6271
8349 7886
1578 1771
5149 5525
1031 1558
86 1000
44 834
1349 2101
3437 3674
7200 6378
5692 5976
98 466
4125 3339
9639 9514
5881 6463
56 85
4203 3287
2882 3508
77 239
8382 7757
6221 6515
6112 5191
5891 5782
4800 4237
1939 1244
4338 3998
3601 3711
2098 1358
6227 6156
2442 1800
9501 9230
4214 4809
2413 3082
6926 6101
8061 8175
6526 6273
8022 7985
1595 1254
9446 9871
8044 8478
9088 8548
6711 5975
8122 8464
56 577
4654 5514
8278 7976
9225 9327
8878 9366
8538 7585
1994 2434
2005 2560
3538 4151
5299 5405
8031 7408
9173 8326
9138 8489
10313 9428
6724 6665
4979 4396
7944 8211
7099 6129
5159 4397
28 695
1480 1992
6112 6346
7421 7643
2691 3230
2676 3663
6225 5688
43 292
8574 8493
4902 5242
9100 9810
10276 9783
1600 1322
3622 2801
893 1466
1308 2064
2072 2907
1348 1958
8722 8709
4319 5038
8359 9333
9666 9695
5353 5625
7942 7641
8618 9153
2305 2392
882 1193
2918 3069
10150 9625
7503 7411
85 254
8562 8164
2523 2872
7892 7547
5985 4987
2051 2419
1404 1622
47 343
6659 6970
2577 2046
5977 6939
7499 8173
8936 8724
58 791
6529 7447
8536 8386
56 682
8120 7857
2307 2472
10188 9528
8598 8072
2279 2779
15 576
9209 8579
3351 4145
1970 2038
1110 1757
2842 3698
3811 3471
92 210
3432 3819
7151 7226
3611 2947
4827 4052
37 646
626 1283
3047 2716
2693 1793
9797 9622
9664 9391
3226 2748
71 603
2531 2043
2224 2884
7478 6866
1044 1861
4335 3908
2514 3420
4222 3664
7982 7707
1576 1555
5488 4899
9245 9407
9785 9890
8099 7510
5406 4671
5726 5813
65 326
2119 2746
9002 8202
90 1008
8391 9319
2636 1651
9862 9905
10442 9602
2699 2966
1834 1493
1332 1898
2932 2773
2499 3131
21 454
3236 3750
7019 7791
3542 3829
3883 4205
2307 2587
9774 9543
8675 8446
4856 4608
59 289
8111 8712
3385 2400
3391 2475
10112 9848
7973 8429
6883 7840
9299 8377
1712 2502
7834 8394
9801 9306
4178 4196
7046 6802
8919 9581
2557 3235
3431 4028
6561 7196
5819 5935
6935 6727
4863 5271
4779 5292
7902 7840
3196 2199
8187 7899
3826 3497
7617 7394
2238 1338
2863 1995
9319 9294
2161 3154
9966 9831
4864 5058
4191 3747
68 803
8053 7331
8483 7977
5813 4864
6152 6203
5211 5519
7434 7122
10445 9474
1061 1870
5236 5636
58 992
8987 9616
3503 4475
9667 8672
5507 6202
8402 8521
1801 2265
9617 9488
6067 5357
6995 6979
22 180
6567 6428
10171 9916
3849 4374
4134 4521
4024 3903
4388 3607
33 849
9104 9617
5348 5947
3954 3427
1948 2381
4579 5026
7258 6935
4243 4624
3674 4207
7599 8271
5977 6403
3238 2415
9379 9590
8920 8900
9070 8927
1920 1371
6072 6838
3533 4089
1926 1924
6114 6437
7040 7003
8187 7447
10804 9922
640 1529
6820 7520
5392 4882
5923 5001
5825 6699
1354 1901
4351 3792
2121 2129
7324 7368
3920 3526
48 753
7668 8396
9417 8608
3362 3316
3128 3950
5903 6743
9595 9249
4329 4778
6804 6914
6542 6317
9937 9180
6393 6662
7478 6797
8536 7567
3618 3250
6221 6368
3753 2952
5497 5450
822 1501
7272 7239
7085 7291
7257 7798
7596 7454
3473 2989
4183 3710
2449 2904
8392 9214
36 52
8408 9203
7912 7064
72 520
4369 4478
2257 2864
8103 8967
10014 9053
1607 1243
47 935
7426 8066
91 766
6340 5688
9105 9974
9302 9083
8889 8336
6232 6436
2257 2673
5430 4971
8726 9063
8833 8316
738 1547
9426 9118
2186 1684
1161 2026
35 316
22 833
17 865
7524 7896
8070 8955
823 1733
5609 5101
9635 9565
7010 6962
1823 1811
5076 4904
5302 4402
749 1354
4988 5804
3619 3515
10363 9742
18 269
44 491
3156 3729
9849 9436
7582 8248
8479 8580
8894 9704
7408 7319
7455 6623
6119 6301
8907 7944
4748 4104
8440 7584
6884 5892
6498 7155
7987 7617
7815 7001
9597 9973
4137 3373
7754 7720
1414 1906
5548 5180
5575 4682
4321 4099
7039 7755
2039 1883
94 786
9922 9127
9067 8426
9530 9783
1518 1174
8106 8326
5782 4915
3084 2467
1449 1371
3844 3092
8591 7999
6237 5843
6780 6695
2541 2023
9041 9405
6993 6688
8427 8171
4149 4239
905 1564
8214 7738
1235 1856
2458 2305
7009 6053
6034 6332
6641 6637
7510 7766
5483 5314
8236 7528
3305 2874
4933 5916
3567 2631
5153 4386
50 51
4205 4469
1715 2341
2462 2172
6551 7551
4565 4331
8538 9046
9444 9702
63 303
9076 9001
4248 4844
3783 3409
42 534
1296 1960
1024 1051
7197 7515
4378 4707
8561 9367
8411 9004
3375 3821
6287 5867
9238 9061
5805 6607
5626 6227
5075 5907
73 810
7938 6958
55 915
7569 6619
2510 1885
7644 7845
5970 5443
10630 9925
6973 7262
4313 5227
2374 3032
6485 5843
7274 6825
1760 1603
502 1228
7364 8198
2610 1866
5570 4883
6143 5795
1929 1314
1764 1594
6630 5762
6737 7107
1139 1465
5734 5814
8247 8090
5905 5430
6153 5992
3652 4228
8041 8080
46 253
88 404
5360 6193
5611 6049
5740 6314
6925 6555
8273 9000
89 502
94 563
913 1442
7626 7439
2107 1536
2823 2250
1603 1109
80 894
23 92
3753 3818
8169 8252
50 458
886 1784
9664 8784
508 1198
5546 5766
5329 5058
5105 5940
7771 8521
38 445
3479 3327
5619 5440
6000 6285
2586 2844
9427 9940
10090 9511
6383 5733
3787 4038
8774 9212
6994 7568
4175 3675
8018 7762
3480 3892
10112 9801
5070 5788
770 1031
1638 2371
8964 9311
45 817
7139 7304
7835 7556
9552 9562
2000 1879
9386 8522
3821 3470
6702 6075
27 588
7423 7510
7351 7985
9654 9672
5987 5857
3581 4210
7247 7642
8227 8967
2483 2707
1361 1504
75 964
71 29
5854 5074
9534 8980
9168 8951
87 924
1199 1856
9973 9736
6400 6540
4755 4316
62 842
5508 6152
9806 9131
9082 9022
4474 4073
7800 8243
4136 4740
5421 6245
6650 6799
2641 2542
5559 6341
1984 2599
37 74
1759 2554
3183 3305
5462 4572
7078 7296
2916 2010
80 97
231 1229
2818 3609
1459 1577
4760 5395
2526 2458
7579 7616
9331 9307
4789 4743
2650 3547
3591 3419
2972 3487
5276 4506
5319 6076
6836 7239
4065 4337
3355 3193
1084 1096
9302 8608
9460 8735
7510 6805
6655 6218
10039 9355
8190 7307
9332 9642
5265 4642
5419 6258
2552 2740
5554 4599
9522 9322
4549 5006
6170 7055
9178 8693
9988 9237
5009 4678
5982 6003
1585 1205
2857 3849
10021 9556
7009 7507
6200 6107
8305 8859
6438 5570
1646 2197
4163 3702
2473 2606
5833 6526
6924 7225
708 1085
7640 8627
2055 1233
5899 5777
3639 2855
3875 4511
3148 3410
7777 8510
9448 9683
2816 3396
9530 9241
3912 3603
4069 5049
2791 2777
3655 4100
1107 1353
7337 7795
7567 7782
3949 4896
6819 7640
6081 5878
4825 5746
38 885
2664 3357
3246 4107
4559 5001
75 333
9374 9867
7979 8685
38 418
1773 1740
6875 6409
9135 10000
7503 8160
5385 5182
9137 9955
2296 2373
7567 6989
3134 3881
8935 9607
7394 7242
4050 3969
8872 9375
4056 3466
3745 3365
2755 2436
7688 8684
6261 6923
6823 7796
1078 1635
8601 7817
9116 8885
3119 3766
8466 7775
8089 7911
4216 4385
10550 9564
4003 4051
93 49
3586 4134
8711 8740
2018 2394
89 889
3803 4471
5981 6656
4520 4336
3958 4476
7378 7402
2171 2756
7191 7567
7097 7400
2783 2575
99 380
4491 4838
5420 5869
3105 3838
4076 3079
9327 9246
4275 3701
5290 5140
7793 7390
6617 6545
1858 2447
51 864
1346 1310
3845 4273
7639 6813
3111 2803
3046 3613
3866 3127
4753 4753
2761 3172
47 260
2464 2860
3224 2586
6833 7182
447 1303
3255 2515
7446 7583
4378 4809
1715 2240
8617 7727
37 204
10351 10000
5348 4770
6850 6491
3702 3350
2920 2070
3851 4016
1837 1821
1808 1486
3867 3339
5262 4536
59 832
8595 8349
8638 8487
7242 8116
3997 3598
95 667
5105 5213
62 256
10747 9885
6873 6331
2236 1760
7248 8167
8918 8075
4425 4101
2325 2860
8592 8232
5259 5602
1589 1038
9449 9168
3789 3363
86 272
7510 7063
2557 1608
650 1456
8547 8343
7895 8596
6033 6306
1635 1083
8403 9032
2363 2306
5403 4825
3828 3139
798 1575
3392 4121
46 172
7363 6732
32 801
1651 1619
2945 3792
8760 9711
6360 6293
10344 9736
5749 4877
2248 2606
8739 7826
2074 1647
9902 9236
8960 8657
4874 5737
8080 8004
4911 4939
7334 7004
1051 1786
3304 3589
2089 2313
9383 9093
9077 8693
10049 9900
8776 8168
7170 7978
3853 4081
5315 6224
10377 9631
6876 6432
886 1405
4065 4620
99 416
4159 4210
7636 7826
77 522
8983 9675
2219 2917
35 933
3500 3126
1336 2149
1950 1896
8484 9384
7034 6894
887 1135
8759 9128
85 65
8771 9087
63 619
3652 3745
3562 3168
6095 5468
97 811
1289 1468
68 41
28 406
5736 6282
5958 6508
6841 7107
8814 8462
1966 2077
3369 2390
2427 2079
9346 9755
2478 2736
60 193
7611 6914
7310 7063
6476 5770
1073 2073
5385 5067
2468 3248
2951 3597
5759 5783
6632 7325
7649 7545
2870 2632
6219 7067
10071 9420
881 1622
4083 4515
7111 7927
16 140
65 134
2715 2269
8653 9005
9728 9311
2168 2808
6674 7246
8855 8511
1751 2518
540 1299
49 104
7555 6762
5035 5620
4301 4906
1375 1921
7059 7847
9276 9483
7823 8576
6114 6937
2537 2707
5626 6223
8198 8988
4477 5411
76 231
6163 5442
3525 4115
7259 6743
4057 3821
8901 8273
5389 5644
5817 6775
4972 4570
8182 8294
7126 7896
6314 7122
2324 1424
1329 1511
3551 2999
1482 2169
6817 5909
7290 8116
6774 6870
7303 8190
7858 7192
8809 8567
9368 9020
1064 1483
2207 2958
50 149
2359 2828
26 85
4400 3931
8479 8508
76 286
6016 6361
4257 5201
8056 7490
7648 7063
28 423
4742 4285
9261 8568
8299 7635
2343 2433
1355 1358
2909 1921
10210 9792
2021 2645
4292 5151
6821 6681
10 747
8629 8742
7006 6275
5906 6131
8548 8415
10418 9994
7707 6889
501 1381
4177 4384
6786 6962
1432 2415
2081 2637
3886 3719
3920 4698
52 570
6360 7098
1975 1118
6278 6099
9200 9068
7026 6313
4944 4384
3868 3049
3989 4846
10271 9579
1269 1540
5909 5258
5640 5638
698 1011
1559 1913
3178 2694
6826 6403
7031 6598
5800 5092
3727 3279
1461 1725
6093 6651
5153 5581
5027 5174
5930 5004
6090 6562
8115 7655
8868 9849
7808 8530
7960 8791
8247 8596
6681 7296
6297 6106
4899 4612
985 1700
2421 1628
4742 5728
6992 7440
5264 6073
7931 7036
3993 4674
4569 3990
8508 7976
7268 8102
4163 3447
64 550
1051 1610
7690 8347
5568 4997
3541 3372
1124 2036
14 347
10102 9589
5440 5642
9636 9128
3083 2664
4260 3552
10056 9228
536 1152
2807 2962
2119 3070
1516 1319
4848 4120
3809 4229
5169 5258
7005 6280
5954 6438
8147 7891
891 1823
5817 5133
3898 3026
2976 2731
4864 3872
8584 8775
6425 6880
9748 9467
10020 9630
8551 8292
8445 8685
5657 4956
8867 8770
651 1313
2895 3488
1492 1893
5438 5521
7458 7741
9304 9915
5544 6311
2660 2361
9846 9187
91 468
6100 5832
927 1541
8733 9578
5845 6099
2063 2804
6957 7251
8465 8961
79 492
8557 8201
1068 1137
2239 2576
4193 3209
9460 9190
1875 2325
8971 9913
6371 6922
2150 3076
8310 8626
7522 6747
8043 8121
6864 7742
10690 9808
2288 3282
5284 4753
7862 8538
84 368
5743 4855
1588 2278
4388 4166
3494 2501
8758 8928
8760 8478
9821 9753
69 712
4356 3691
64 961
10345 9955
6852 6344
100 615
2256 2031
3617 3396
9463 8522
2323 3160
5056 6040
8168 7644
4571 4563
8503 8260
10741 9974
4768 4217
3307 4053
96 169
31 351
8535 9007
8371 8047
4876 5715
10399 9418
4050 3392
8138 8005
31 119
8230 7912
6101 6359
3351 2386
5283 5918
9170 9359
5753 6119
4028 4988
6662 6914
10279 9567
9331 8746
5025 4950
6257 7206
36 932
6412 5688
5366 5881
6776 7352
8814 9370
3544 3308
5342 6110
7769 8389
9575 9969
6452 5964
6134 6151
3195 2294
1761 1877
9179 9262
6940 7181
6093 6919
9694 9232
4364 4855
3718 3074
4386 4594
8565 8513
3796 4305
9963 9540
7337 8283
3306 2797
2282 1377
21 203
773 1273
9406 8568
6094 5439
8856 9793
6875 7506
2755 2592
7947 8107
9350 8458
6803 5898
4495 5431
5731 6301
7839 8754
8279 7807
4681 4880
1724 1582
8379 8791
4074 3881
41 169
2494 1903
5661 5387
10096 9827
8581 8571
3002 2845
7200 6700
7264 6867
8886 9786
6866 6950
4386 3753
7457 8223
5637 5093
37 577
3050 3699
74 465
5091 4285
32 803
7704 8115
6183 6100
9332 8517
6261 5674
10081 9225
1012 1265
9336 9173
7084 6661
7043 7306
5361 4589
2824 3285
6342 7201
9841 8931
4965 4973
8106 8586
3667 4064
5162 6002
4732 3929
57 730
6778 6597
7276 7622
7224 8194
9417 9848
2408 2678
10085 9852
2196 2160
2111 2684
9533 9026
95 62
2912 2063
6048 6027
5343 5633
68 86
6217 7027
6865 6859
8007 8491
9318 9965
8327 8398
1002 1457
6600 6754
1166 1181
54 555
6710 6870
3644 4006
7170 7518
4078 3954
2778 2514
8461 8638
5996 6374
7701 8406
1440 2246
2627 1993
4120 4380
4943 4857
7897 7655
4643 5308
10415 9500
5748 5733
9184 8227
1861 2370
7997 7725
5722 6524
7689 7081
5952 6665
8846 9031
27 254
3525 4319
7792 7581
4419 4851
2370 1395
8006 7410
8532 7832
4955 3994
5352 5845
8259 7479
2409 2134
46 727
2963 3238
14 980
1135 2021
6789 6231
7060 7144
9107 9923
2274 1404
4990 4521
9928 9002
4809 4064
8494 8532
90 932
8191 8932
8999 9996
7613 7513
967 1405
3441 4160
4091 4253
1868 2028
32 681
5656 6535
8055 7109
3075 2975
9428 8889
3443 2700
2969 3936
8896 8046
2427 3050
9657 9648
4328 3926
5198 4305
80 462
3702 3621
2516 2995
493 1474
1868 1459
4833 5521
8759 9198
6248 5750
4658 5503
8697 9244
2573 2128
79 12
5061 4259
2009 1157
2985 2926
83 535
1393 1333
7524 7884
7039 7141
9307 9985
37 402
7327 7421
1331 1295
4813 5704
2792 1816
8394 7462
8982 8008
94 619
8512 7884
7289 6296
530 1225
6258 6008
1511 1412
10314 9405
3998 4594
4997 5588
5296 5177
2497 1685
7160 8066
8384 8098
1493 2467
2500 3411
5048 5922
9858 9752
8281 8267
1441 1505
6242 7223
6834 7047
5208 4708
8582 8327
3640 4313
7947 8617
7819 7925
8318 8865
5316 5913
2475 2396
8436 7784
3977 3367
5489 4801
5067 4548
2886 2972
2529 3433
6678 6299
4483 3598
5798 6162
3815 4213
4055 4485
5925 5699
1783 2121
1307 1549
6668 7479
9270 9442
7786 7232
767 1481
2925 3048
5745 5055
2630 2190
663 1462
6542 6209
9677 9728
1479 2368
3995 4729
6023 6574
7388 6510
7152 7426
8714 9156
79 939
1098 1084
3966 4735
7167 7729
4082 3933
9154 9799
30 1009
8961 8302
7895 8764
68 201
71 347
2804 2869
4962 5013
73 968
80 646
9426 9817
4916 3983
6819 7018
9562 9396
3741 4139
4177 4329
1944 1474
1820 1256
37 1010
3958 4115
4385 5151
17 527
2435 2419
9960 9220
8764 7983
7599 6644
6845 7684
78 845
7123 6702
3960 4778
2560 2740
5078 4345
8329 8057
8872 9819
1499 1148
6671 7277
704 1672
5494 6489
6424 7173
4121 3369
57 445
1662 1821
4688 4147
2357 2379
5916 6557
2828 2429
5312 4966
7652 7154
2453 3072
4902 5432
2553 2619
3758 4673
4565 4518
4495 4722
88 229
3685 4387
8508 9159
3144 2348
9202 8714
5063 5890
8522 8215
3123 2649
6603 6899
3148 2435
8437 8778
8800 9032
7651 8513
7887 6976
3551 3612
1660 2446
1834 1896
49 276
3829 4784
9673 8857
5369 5151
3773 4210
9311 8531
5747 6192
2150 1158
4489 5073
951 1683
5335 4835
53 79
7121 7099
4774 5735
7817 6952
7401 8376
45 696
3687 3491
9160 9047
4764 4530
6595 5760
6939 6274
6151 7042
857 1144
1543 2506
9486 8947
8952 8037
3349 2950
292 1091
7357 7422
1758 1013
5673 5738
6590 5647
8265 7855
8978 8727
28 790
5381 5716
26 161
10197 9417
3651 3788
2638 3197
51 104
4460 5187
7969 8484
2719 2039
8484 8235
9125 9410
4681 5332
5269 4469
9244 9995
13 336
2077 2618
1297 1681
10492 9771
9367 9808
6577 6354
7192 6521
2549 2317
5061 5646
4848 4722
1190 1630
9150 8654
2926 3632
9044 8520
4853 5539
8578 8805
6460 6885
7597 8066
528 1396
81 866
78 506
4013 4264
2282 2878
9443 8728
7201 7383
4967 5958
14 482
9106 8310
10093 9331
9405 8782
6013 5866
6022 6055
9170 9473
4726 5664
5490 5627
1020 1786
8944 9474
2042 2354
2796 3144
4061 3916
9633 9259
8957 8259
2606 3002
5857 6790
8313 8086
4893 4346
5395 5094
6313 6148
9677 9368
9215 8956
6390 6696
1658 1042
1784 2486
5477 6178
7864 6896
96 773
8945 9469
2026 1166
5039 5428
9908 9717
2036 2444
5309 5272
6832 6828
10200 9949
6990 7154
3680 4411
3689 3170
5740 5774
7232 7633
4445 5124
7108 7538
6422 6237
3928 3106
1269 1549
3660 3604
4151 3510
3796 4456
745 1327
5550 4656
49 486
9507 9875
714 1137
5332 6079
550 1196
6869 5937
5036 5402
3995 3965
8474 9356
7042 6174
24 654
11 961
9097 8704
9902 9618
10261 9292
1806 2235
7802 8537
8524 8385
4517 5269
10125 9127
8439 9140
76 611
6134 6332
3764 2826
5225 4804
3499 3183
8844 9407
33 432
5386 4867
7931 7165
2877 3395
8004 7185
5718 5765
692 1251
4568 5264
1292 2172
1667 2513
2868 2349
3022 3951
6011 6185
6018 6515
2370 2112
5701 6682
8617 9157
3078 2471
7129 7913
5352 5247
7501 7203
2148 1178
9480 8536
8675 8776
8813 9535
8063 7577
4733 4735
5721 5732
4174 4882
3785 2966
7126 7645
4696 4627
5586 6301
3135 3028
6390 5532
9102 9780
4209 3599
5444 4516
4154 4254
3843 4606
10710 9833
6496 6484
2969 3169
80 396
5891 6230
7203 7956
9313 8991
8213 8519
7005 6922
5930 6815
3363 2591
4607 4732
6928 7608
1386 1610
1018 1892
57 111
4346 3703
71 333
3129 3283
6013 6847
2987 3035
5888 5948
6972 6361
442 1121
3940 3606
1662 1177
702 1234
6750 5755
7023 7206
7022 6904
7545 8010
10048 9138
74 434
3530 2674
2213 2964
8829 9176
4213 4493
675 1632
7707 6832
4366 5105
6538 6338
6247 6576
8062 8882
9841 9970
9918 8993
5587 6357
2730 3047
2132 2163
10610 9856
1003 1811
9625 9221
5342 4485
4506 5076
5183 5392
398 1020
4623 5494
4565 3826
200 1117
8484 8142
9343 8520
8659 9346
6611 5729
3712 4555
1530 1336
8385 9121
1930 2845
9147 8296
704 1201
41 1003
7085 7313
3033 2785
6071 5331
5756 6042
7029 7812
2825 3308
88 115
3779 3815
3473 2992
10225 9406
9087 8469
9163 8275
1941 2553
6776 7003
7751 7356
1181 2151
9230 9225
6671 6991
20 262
5283 5888
8688 9401
79 136
6298 6937
3471 4263
5823 4929
8683 9641
3498 3161
2826 3053
10131 9774
7606 8466
3230 2629
70 928
87 826
3546 4049
2184 2232
1433 1428
3716 4394
7485 7134
2725 1830
8085 7489
40 573
9354 9424
8282 8277
3859 3012
96 58
2526 2209
1215 1674
6498 7199
5187 4405
3592 2887
5903 6590
100 156
9154 8351
10032 9476
1581 1057
5141 5085
8391 7654
8624 8258
9632 9438
9689 9495
5991 5247
2122 2184
2982 2029
9074 9820
9083 9302
5794 4930
1990 1512
7950 7564
2334 1778
9838 9133
2888 3600
2328 2325
2830 2331
5944 5564
64 769
774 1731
3439 3550
3892 3424
2268 2619
2739 2149
3311 3620
9524 9897
2147 2876
9447 8925
11 397
6598 7046
6844 7562
6908 6989
9250 8481
9503 8768
3971 4262
13 429
679 1442
10113 9396
2827 1921
51 857
2986 3042
8512 8945
2327 2451
1493 2036
7460 7387
9347 9021
5344 4673
1574 1102
5985 6424
8066 8070
19 707
2297 1754
1645 1476
5203 4862
4697 5115
3966 3697
4383 3423
4365 5321
1871 2589
7310 7245
4327 5007
1118 1021
6924 7218
2578 3345
10501 9527
39 184
99 80
1981 2909
1989 2137
290 1189
100 409
3648 3676
8982 8080
2122 2797
7711 8411
87 665
8972 8998
331 1250
6704 6007
8803 9795
8838 8109
6018 5163
9615 8895
9498 9937
2877 2771
8003 8972
4068 4727
18 723
5816 5859
10175 9223
1337 1130
58 944
8740 9512
4044 4961
6842 7198
92 204
3987 4852
5191 4517
645 1012
7557 8145
671 1399
8794 8160
3695 3211
6871 6762
8772 7776
6257 5282
8728 8661
3737 4551
8563 9324
7011 6159
7159 7636
9753 8958
4646 4092
6314 6440
8439 8596
10041 9992
3840 3629
7617 8039
2314 2610
8366 8739
2746 2415
4061 3551
8652 9161
5618 5743
3084 2283
5610 4686
7275 7640
8380 8071
6458 6269
7321 6540
8293 8755
1352 1383
4128 3136
3038 3777
6871 7537
5395 6266
7177 7144
2095 1776
3456 3463
2741 2700
8368 7626
80 730
3282 4269
51 11
4212 4617
8795 8077
8003 7695
9960 9291
6419 6541
7288 8285
7190 7490
3113 3317
5251 5377
6170 6803
4204 4944
8177 7832
3200 3556
5356 6236
2677 3587
2877 2352
2260 2554
6575 6409
7672 8176
97 908
5821 6636
5251 5778
3392 3440
8668 8958
7740 7624
57 503
8360 7628
10058 9425
97 338
3021 3792
4206 4134
6477 6256
898 1425
3122 2543
8815 9230
9606 9069
7108 8028
5111 4359
8956 9462
52 160
9324 9991
1200 1134
95 211
6378 7303
9155 9249
22 147
8064 8101
1791 2138
9298 9683
10251 9347
2021 1410
6347 6346
6347 6933
8709 7852
5432 5342
1911 1978
45 680
14 445
6467 5916
5984 6449
7751 7503
2321 2756
62 512
8583 8480
5271 5017
6387 6340
2613 1977
2893 3807
5075 5418
3966 3991
2813 2862
10126 9422
7742 7591
1684 2010
3283 3387
9527 9089
3527 2601
8825 8308
2218 3207
2553 2725
3043 3800
2183 2658
7088 7904
3544 2624
1998 1979
8863 9810
4966 4197
71 590
7110 7005
6558 6029
9669 8934
6064 6716
986 1576
5181 5756
5122 5842
5533 5211
3448 3367
9276 8429
7338 7981
2936 2894
8307 8461
3897 3258
1932 1109
9770 9820
8423 8288
4011 3398
6379 6072
549 1095
5873 6347
4828 5391
2487 3299
8465 7874
4356 4639
6390 6018
7102 7483
98 139
5768 5080
7495 7023
7318 8146
7400 6841
5136 5884
6540 5865
663 1040
8610 7682
6628 7196
6972 6122
6327 6158
2605 2530
4801 5705
2231 1278
4718 4356
4387 5219
2691 3231
9360 8454
4038 4674
975 1016
3808 4287
5799 5885
3933 4923
9631 9824
2457 1903
1873 2314
5099 4791
10625 9761
6260 6285
1415 1540
9669 9475
1241 1915
4735 4998
1122 1315
7561 7941
7283 7473
8954 9472
8644 9014
56 839
4241 3285
2827 1899
2661 3491
3789 3433
6502 6514
6513 7468
3292 2494
7971 8650
7032 7041
6434 6412
6449 6605
3272 2790
2720 2716
4003 4416
3431 3993
2579 2252
8167 8486
9528 8773
3273 2344
4534 4987
8912 7958
7905 8374
3097 2914
4526 5001
4162 4106
5239 4682
9816 9030
19 772
26 123
14 120
812 1428
6851 7355
1360 1530
7136 6789
8461 8338
8993 8430
4247 5098
4741 5111
21 391
16 565
6386 6739
95 595
3950 4298
6974 6771
5689 6259
8000 7742
8896 9243
47 60
81 392
3265 2620
8933 8755
6521 6923
9452 8748
8332 9118
5843 5272
8831 8245
9355 9257
9401 8680
5838 6629
5703 6687
3712 3365
8517 8937
6842 7051
2886 3404
2155 2955
4882 4970
3591 4218
9251 8361
2063 1774
7065 7839
9769 9353
3841 3926
7573 7928
1811 1705
7552 7939
5887 4963
1022 1695
97 453
7267 6403
2447 2167
8143 7615
7336 8010
6473 6016
4050 4744
2412 3352
2364 1858
9283 9036
3200 3196
4463 4132
8637 8918
2195 2234
7495 7205
1961 2539
6092 6916
2777 1944
3360 4267
16 692
1519 1791
50 914
6544 6669
5733 4927
847 1561
3745 3082
1597 1521
4700 4296
1817 2278
8485 7843
3644 4463
6013 5559
3714 3965
95 683
916 1812
2485 2723
8467 8766
6205 6210
4354 4506
3100 2763
5536 5119
3412 3723
1209 1838
1475 1539
6137 6461
2924 3899
9403 8874
9154 8523
8581 7768
1985 2707
7525 8393
59 680
4429 4117
4392 3397
3558 3944
6565 5997
8312 8766
92 877
8473 9438
5105 5688
9624 8751
9088 8715
1004 1548
5042 5788
7225 7695
1550 1940
1300 1370
4283 3942
1914 1572
1808 2126
5332 5974
8539 8864
2848 3403
4763 5744
2780 3108
6686 7300
3185 4043
6111 5511
84 954
7198 7651
8384 7569
7286 7200
7988 7509
2312 1988
7845 7588
85 385
9523 8529
5105 5598
2226 1397
1524 2496
2791 2685
45 542
8802 8040
8728 7797
93 14
3440 2594
4498 3526
6181 5703
68 535
4359 4109
6003 5254
6722 7199
4454 3708
8751 9673
4807 5031
59 375
9661 9323
7087 6171
2505 3023
1851 2247
8150 8669
10325 9706
6503 6979
9625 9125
5469 5963
3693 4326
8045 7738
2492 3381
3578 3693
9895 9309
42 931
2343 1630
6587 5896
8261 7585
9613 8950
4482 3957
882 1443
4796 4640
6841 6897
6736 6070
4661 4194
5893 5616
859 1085
4967 5239
8140 7400
3250 4191
48 230
7289 6797
2920 3001
47 577
5489 4675
8024 8347
9729 9297
71 351
76 580
2221 2715
5638 6140
14 804
7822 7363
5032 4871
5322 5059
2550 1713
4240 4526
467 1198
6439 5885
5763 6080
7806 8267
6648 6682
6632 6937
49 414
4114 3475
7542 6860
1076 1614
7598 6871
6011 5383
4407 5108
10696 9907
6507 5676
7082 6200
2976 3067
6669 6071
4556 4290
4794 4847
6622 6789
6433 7189
9605 8837
2783 3674
8824 9108
4001 4392
5655 5861
3971 4425
5913 6273
5590 6049
8875 9408
6431 6880
8874 9698
1276 1439
3520 3958
7838 8468
53 186
6454 6068
10254 9314
3765 4527
7103 7503
6536 6851
70 312
8221 8458
2639 3359
8923 8202
10236 9602
56 69
8646 9177
38 302
3209 3389
8090 7698
1585 1050
4721 4987
3044 3637
8085 8548
6992 6698
6086 6177
9007 9594
1162 1612
5469 5733
8494 8859
1486 1307
87 237
7395 6449
5276 4741
1912 2780
10489 9847
8517 9217
2597 2383
2573 3299
2612 2669
3496 4227
3971 3315
2446 2238
7517 7587
2387 2095
4965 5959
4978 4711
2382 2619
92 600
8316 9159
6329 5412
9014 9180
1360 1291
5485 5928
7145 6784
28 838
1925 2162
10044 9072
5059 5276
5839 6115
4146 3609
5462 6035
2490 3334
7727 7662
4990 5941
4761 5077
8086 8003
4224 3946
9067 9110
9369 9698
4145 4283
3456 4143
6057 5945
89 765
4083 4851
4840 5399
9432 9520
8663 9395
8461 7654
5518 4825
5586 5249
51 201
3727 3842
5862 6443
6975 6235
4563 4136
87 583
6377 6628
7666 8494
3970 4547
10038 9707
9624 9801
368 1289
57 855
9201 9802
8389 9261
10221 9358
5965 6135
1821 1920
4622 5050
6078 5826
7761 8570
6148 6765
9666 9333
5056 4315
5938 6245
7623 7816
6558 6350
2664 2268
65 940
3967 3273
84 793
9075 9463
4425 3838
1158 1130
5596 5365
2703 2247
74 471
4756 5239
4853 5725
27 145
4937 5173
8785 9025
2843 3195
31 959
7574 6709
69 629
7354 7131
1255 2149
5317 5543
6747 7596
6873 7282
6288 6601
1865 1892
3618 4531
2132 1865
10257 9755
73 264
43 828
4067 3327
14 864
95 574
10314 9883
5792 6579
1442 2205
9061 8743
6859 7149
7245 7614
8063 7537
4446 3752
8121 7274
4623 4747
6467 5775
7506 6688
1325 1878
33 98
9440 9435
20 155
6707 6413
312 1049
1944 1961
26 832
2162 2599
7821 8003
4151 4262
2912 2421
5661 6314
1091 1407
6132 7011
1834 1210
89 497
4724 4345
2659 2415
63 246
7008 6770
8881 9616
6177 6821
2892 3128
8771 7970
88 899
7496 8262
8768 8107
7733 8699
8452 9432
3262 2738
16 880
3611 3643
8019 7959
2390 3219
4409 5079
7967 8898
2858 2821
3512 2595
45 830
2196 2407
39 556
2009 2255
2160 1579
3658 3346
7101 6915
2711 2024
8558 7575
2426 2260
8257 9030
1969 1878
5879 6277
6027 5336
4585 4573
7494 8037
3712 4430
46 864
7054 7627
61 654
5355 4777
7634 7066
6818 6678
8881 9210
2830 1873
7419 6583
4051 3967
10404 9816
10109 9311
98 390
70 149
6027 5933
9105 9529
2251 1788
1754 1713
3576 4526
4811 5771
8448 8330
4419 4147
7764 8014
1674 2542
34 604
9556 9125
5853 5697
4466 5337
7062 6534
9384 8528
6188 5479
18 594
2428 1648
2118 2083
1420 1403
9897 9931
9376 9793
9144 9938
2752 3678
6121 5649
2328 1526
6521 6378
8407 8900
8017 7953
5427 5583
9701 9347
6482 5846
5102 4398
6867 6151
916 1477
4129 3927
2561 2613
2478 2295
7793 8645
7025 7699
6781 7493
9454 9038
1240 2044
7576 7133
7909 7951
5132 5709
5361 6326
6175 5417
9004 9080
6295 6917
4525 3636
6771 7651
8042 8584
92 615
4413 4246
3215 2389
3111 3717
46 883
1638 2473
3446 2696
4784 4291
3275 2695
10077 9148
34 905
4685 5243
8274 8897
9757 9236
4781 4419
8376 7944
3598 3909
10115 9772
2789 1835
4138 3447
8709 9040
2144 1668
3428 3351
7072 6278
3481 3205
3110 3186
1653 1831
5719 6610
6508 6263
79 171
3822 4149
7292 7230
5528 5620
3271 2993
7628 6897
39 93
6874 6444
9183 8233
79 943
573 1480
3604 4249
7875 6881
6646 5927
1279 1098
4506 4781
9781 9782
1006 1449
1065 1576
7361 6368
4289 4817
6465 6973
24 971
3516 3602
7097 7898
8304 7454
2674 3594
6168 5531
7935 7995
7132 7251
7999 8662
4875 3903
1476 1850
3713 3092
8326 8006
2557 3154
3497 3109
34 500
1815 1882
1257 1191
7371 7104
7277 7697
4034 3566
2490 2440
5486 5284
9091 9954
3146 3702
4361 3440
4925 4237
7391 6530
5212 5921
2896 3475
2640 3058
3942 4185
1231 1699
9613 9827
5840 4941
6900 7005
3137 3001
7622 7245
3243 3329
6195 7011
4646 5238
2177 1629
6541 6882
6032 6457
4819 4683
2634 1892
8560 9103
5056 4400
8236 8020
7119 6511
9307 9152
4962 5105
5051 5906
2171 1908
4112 3672
4601 4701
5815 4967
8294 8818
6951 6781
8039 8096
4757 5235
3819 2884
8620 8878
764 1713
4142 4930
8954 8672
5084 4333
9493 9824
6133 6536
4814 5358
35 995
2202 1878
3117 2583
8325 7869
4916 4143
9126 9618
3187 2266
29 141
9320 9677
6242 5861
9625 8703
69 857
7536 7994
4383 3422
1317 2217
4688 4802
7844 7056
7904 7153
7108 7533
1469 1488
5760 5969
6399 6504
5060 5660
2307 2538
6116 5941
8732 8373
5367 6153
9234 9533
5783 6746
7202 7117
6638 7547
7708 7272
1149 1595
4808 5527
2959 2475
842 1495
65 997
5350 5302
99 345
9214 8524
7509 7890
7673 6861
8757 7984
9597 8888
81 496
6805 6981
10398 9633
7538 7011
4867 5655
2207 2793
6806 7550
3209 3456
8517 7843
9944 9278
6496 7411
6183 5654
1306 1088
3625 4281
5382 5691
9500 8768
94 297
8899 8252
8050 8405
6203 6601
2142 2766
2918 3395
4211 4046
7233 6585
6815 7128
9862 9752
3632 3477
5300 5206
6189 6536
39 371
7829 8518
2882 3343
1451 1035
4279 4453
87 502
69 605
3551 4508
9362 8544
9215 8982
3721 4572
1274 1152
8126 7331
9076 8774
27 639
4291 4981
5827 6444
3156 2307
9001 9346
8795 8247
6778 5779
5332 5075
3392 3195
5803 5073
7502 8354
4643 4087
5175 5746
6067 7012
3032 2966
2602 2366
30 395
3117 3987
8063 8766
5410 6294
8258 7979
6070 6262
5320 5548
8057 7479
1733 2098
6687 6039
73 703
10113 9901
2303 1681
4565 3565
4764 5355
836 1493
300 1103
6499 6800
7156 7199
8405 9176
2491 3038
7805 7937
8682 9223
9794 9334
2216 1953
3360 3512
77 645
8813 9313
5705 5762
5738 6470
8077 7333
83 456
9273 9266
3996 4732
8740 9017
2169 1309
9217 8917
1554 2548
7396 7393
4187 3453
4881 5456
86 396
10476 9964
5611 5366
4824 5014
3580 3696
5146 4685
3988 4358
3240 3016
5713 5759
7136 6204
3507 3948
6163 7021
7711 8115
7045 8014
7297 7524
8231 9212
4319 3666
4304 4267
9478 9369
7595 6721
7929 8399
2853 2243
5138 4443
6872 6804
73 499
5043 4899
7875 7842
7853 7496
8860 9458
1957 1913
8808 8174
9078 9661
4503 5467
4879 4423
7350 8298
2212 2739
3305 3304
16 912
9273 8935
3024 2843
1499 1122
5452 4976
5885 6750
6407 6920
811 1476
76 49
4806 5221
38 569
7131 6438
2101 1878
6716 7095
5822 5855
10830 9942
5647 5052
3969 3823
5203 5351
4333 4028
3596 4098
1296 1524
8852 8271
20 781
6168 6077
68 308
1846 1301
7664 7876
4978 4664
8909 9373
8806 9786
10512 9859
8474 7676
7861 7076
7930 8349
8871 9443
6181 6013
5478 5000
6681 7187
7138 6812
8612 7871
4753 4499
5138 5339
96 200
1682 1771
3112 2316
7049 6719
2734 3325
8325 7375
5834 5053
4658 4522
2590 1844
6936 6570
4101 5020
93 992
4038 4949
2357 2222
1569 2319
8384 7566
2372 1996
62 39
7445 8356
6843 6259
9736 9817
7782 7336
1502 2021
67 315
71 74
7351 7420
1475 1914
2925 3287
6760 5844
8338 8648
7309 6816
21 922
4989 4305
3426 2894
3445 3829
3083 2727
3737 3300
5521 5585
5665 4790
8083 7747
4253 4453
277 1026
1330 2168
4286 3510
4039 4906
9206 9807
9141 8310
10 755
2354 2983
1311 1390
4936 5511
3861 3522
7912 8146
7074 7548
1549 1895
3947 4121
56 430
7608 8016
7113 7097
7759 7011
17 736
5056 4280
4464 3714
9350 8386
82 68
7766 6931
5477 6425
8485 8681
989 1821
9019 9812
7222 7621
5002 4476
7556 6649
8595 8571
8367 9058
9695 9867
5977 6803
9186 9017
4305 3417
5994 6531
2494 2734
2247 2490
25 708
8291 8009
6608 6452
14 77
8836 9326
7513 8272
2621 1870
2347 2207
6831 6198
4244 3312
2992 2362
4967 5011
3173 2647
40 334
2888 1945
4961 4023
6853 6520
2511 3330
8427 8808
6264 6934
3443 2768
4198 4651
9125 9862
7011 7053
11 458
5651 4773
8827 8897
5415 5092
6108 7020
1968 1696
7270 6356
9063 9037
7643 6677
8089 7612
7570 7317
9086 9764
2310 1339
3117 4098
4015 3985
9274 8632
7734 8105
3601 3490
1707 1638
7907 6973
13 375
2783 2799
8401 7950
7143 7725
7592 8334
7818 7662
5310 4588
4548 3821
3784 4519
4896 5605
1358 2151
25 572
3758 3129
4014 4732
9795 9438
7779 8353
3507 3269
3992 3611
98 189
3359 2641
1627 1790
12 130
9764 9088
8114 8072
22 441
1257 1515
5106 5769
7812 7507
8380 7915
1948 2269
949 1454
63 487
2643 2306
2746 2612
1958 2078
2834 3523
6712 6895
9037 9456
4226 5025
6140 6176
4426 4445
1219 1980
6584 6721
9398 8489
9041 9073
7715 7566
7137 7560
76 670
2322 2022
29 366
95 340
1543 1881
845 1798
6741 6530
2981 3640
2484 1624
8949 8718
5584 5372
1878 2821
3805 3481
4251 3611
8891 9407
56 916
2959 2265
6808 6781
9010 9008
5234 4306
1338 1048
3244 2983
55 1008
8290 7574
7023 6553
2313 2183
3345 2825
3980 4342
7704 8448
6434 5499
8246 8729
8002 7468
5599 5420
9476 9184
3865 4034
9706 8896
6361 5917
9433 8542
986 1081
4530 5167
49 753
2490 3352
1949 1089
4271 4518
6060 5867
4053 3916
1454 1657
6602 7301
7158 6377
10560 9719
3644 3473
3125 3884
24 753
7386 6828
2719 2980
4535 5009
672 1643
9314 9664
9939 9270
5160 4729
1677 1119
8869 9344
4250 5089
7142 6932
1468 2039
4949 4897
7401 7961
10204 9699
3602 3652
891 1353
39 712
5418 4722
2804 2028
4443 4067
2500 3124
58 650
6709 6044
6461 6201
183 1125
6379 6455
8071 8646
9133 9218
3236 4235
6533 6818
171 1090
7069 7958
5124 6032
2084 1656
4693 5105
3494 4416
58 977
7291 6875
6962 7798
5772 6616
7248 6626
2192 1981
1725 1801
5808 5013
914 1145
7627 6649
2865 2188
7471 8378
5619 5161
6024 6684
2699 3227
3027 3953
9078 8793
7036 6263
1470 2211
2727 2238
6679 6239
5495 6154
5529 6325
4084 4130
10262 9554
2425 2091
81 820
2252 2694
5688 6599
9776 9656
5488 5292
6146 6907
6921 6356
9708 9134
3047 3798
4143 4937
3194 2600
3690 4155
4446 4464
1350 1011
2405 1679
3096 3954
26 743
8509 8911
5526 5489
5808 6300
10363 9427
762 1160
3252 2934
2249 2747
5198 4818
4224 4852
2950 3662
6137 6231
1518 1665
6040 5389
3116 2440
6964 6664
63 669
3618 4612
5183 5771
4062 4755
6146 5185
8767 9054
8749 8093
57 998
2710 3459
5049 4686
3101 2416
3982 4409
1744 2149
10253 9538
5030 5655
6766 7056
6757 7252
7202 8080
2743 3364
4955 5264
5519 4838
10148 9285
5009 5747
3483 2618
6615 6021
3612 2958
34 204
8435 7894
1631 2228
7857 7579
3809 4578
10043 9357
8450 7874
7150 7630
5179 5978
9950 9718
9558 9811
1319 1585
31 562
4352 4277
7099 6253
8738 8317
9103 8356
1831 1509
2193 2123
8891 8245
8526 9037
8732 8586
7910 7515
1494 2004
1917 1587
6816 6420
2057 2023
6101 5772
8287 7312
9064 9834
6105 6310
6467 6787
3986 4343
5479 6426
5209 4483
2385 1680
2047 1861
6602 5625
5776 5770
2688 2694
4694 4327
2594 1716
9648 8765
4413 4651
41 112
6842 7532
2255 2017
5396 5584
2451 2659
2719 2421
8886 8004
7949 8022
4864 3999
9213 8847
5359 4545
9340 9938
8803 9549
29 924
3771 3417
3245 3334
3359 3314
6757 5793
5536 5516
7941 8206
3448 3060
7944 7219
91 664
2660 3614
3536 3618
15 951
3628 4474
4346 3438
1593 1267
7236 6945
6494 5989
8693 8343
8605 8133
2922 2714
7853 7288
1818 2040
6394 6504
2281 3174
10333 9755
6485 7150
6324 6740
2282 2339
7218 7234
6977 6540
8360 7384
4670 5130
6330 7178
6076 6915
6901 7052
9120 9311
4617 5101
6102 5635
5897 5621
2104 1948
2092 1391
4758 4185
6988 7566
92 826
45 701
2374 1745
8878 8750
1908 1539
1830 2541
1345 1276
569 1062
3098 2923
3061 3432
9535 8638
63 712
83 477
5865 6073
3152 2557
8484 7763
2658 1907
3539 2606
57 159
7096 7818
7956 7050
3503 3438
7872 7964
1630 1749
1203 2172
7694 8265
5109 5050
8181 8624
69 953
69 553
754 1710
7072 7329
7667 8380
9355 9892
5187 4975
4879 5038
8643 9087
8839 8727
24 194
9883 9284
5482 5638
47 591
8137 8957
2818 3638
9973 9295
6785 7388
8221 8991
3887 4029
4404 3923
8128 8935
4094 4185
3973 4787
4853 3987
3239 4048
5035 5347
7630 7277
1735 1670
7559 7320
6894 6125
1964 1266
8444 8298
17 421
8648 8252
5216 4294
6425 7077
3949 3974
8021 8076
3629 3723
3424 4153
6089 5727
11 701
3619 4533
3092 2693
78 804
10017 9462
9366 8690
1435 2373
6229 5685
4124 4567
10000 9738
8665 8136
6358 6032
2101 2651
4296 4888
83 124
97 168
49 927
7290 6499
2439 2708
6362 6796
7111 7420
3107 2297
4824 4800
8900 8973
7456 7106
8506 7785
4621 5603
9209 9022
4374 4269
4687 5430
2185 1507
2552 2467
3903 4591
9781 9528
8499 8680
10642 9659
3753 3945
4378 4557
8588 9133
5216 5937
4353 4061
5274 5811
7857 8741
47 768
4848 3977
8726 8062
49 907
2159 1525
10334 9736
7438 7909
2787 2947
5518 5207
14 399
3498 2581
9950 9941
5134 4411
341 1084
4719 4157
3894 3005
1170 1669
9571 9265
1936 1445
2180 3059
6025 5310
6586 6213
9380 9326
5099 5532
3762 4250
3934 4591
1468 1437
6376 7242
4919 4680
5543 5891
5193 4378
2149 1897
8675 8722
2469 2022
5961 6555
37 861
4941 5927
6817 7387
8302 7695
9185 8618
4223 3604
7727 7696
4807 5782
7663 7327
1273 1678
9791 9290
7465 7235
4737 5113
7383 8127
4799 5361
78 556
7766 8224
5427 6175
4221 4496
3100 3642
4296 4560
8990 9297
6423 7353
912 1537
3132 2442
6333 6853
4398 3771
63 89
7332 6526
4538 4318
2748 2313
8024 7686
6798 6619
5410 4586
7013 7286
6429 6168
28 976
7280 7096
3907 4142
2780 2008
69 262
1032 1042
3286 2329
1103 1273
2956 2996
27 536
4772 5519
1211 1689
8460 8854
8475 9084
2766 2607
9151 9648
7222 7651
3485 3141
5150 5079
52 299
9486 9326
4352 5299
5911 5978
6445 6718
8054 8029
7089 6931
4559 5180
889 1848
2834 1880
4177 3356
8510 9391
2512 2784
6290 6228
2384 2411
8510 8166
68 834
1641 1135
1248 1676
29 402
8907 9713
7827 7050
5660 6037
16 141
10120 9875
2115 1437
6611 7135
6791 7651
3130 3630
65 716
10039 9499
6613 7019
7127 6642
3002 3812
85 208
70 63
7028 7954
56 58
56 319
10637 9679
9440 8859
84 595
3583 3810
3463 4025
9249 8721
7181 7989
1482 2300
4339 3528
8736 9587
9067 8535
3561 4248
1325 1239
4565 5450
96 617
9822 9118
4311 5311
9201 8942
7530 7681
4357 4075
7382 7102
7160 7456
6657 6691
1322 1068
4809 4352
4904 4370
5661 5895
6112 6137
74 205
5818 5535
4862 4181
7911 7399
92 713
3665 3064
2326 1364
6274 5306
4366 5264
5544 6330
3194 2660
5208 4648
4119 4857
5007 4529
4254 3686
7473 6529
3566 4354
4700 4402
4158 3331
8333 7514
8124 8976
8505 8134
3636 4277
7143 7605
3303 3669
3834 2950
2093 2218
8095 8234
3969 4155
3973 4255
2178 3073
8051 8194
9833 9848
6677 6450
4612 4805
2511 2299
3037 4023
9544 9309
23 259
11 505
8293 8603
1045 1020
9334 9339
941 1368
3066 2852
6160 6520
6510 6440
1443 1165
2258 1541
82 774
46 152
2559 2829
1098 1191
9628 9492
4705 3913
6444 6461
9940 9751
3442 3609
8067 8080
4456 4057
1571 1372
8219 8216
7095 6287
33 465
7173 6746
7589 8265
4622 5281
1015 1039
3007 3965
8228 8988
5654 6646
4682 4766
56 956
4060 4560
3382 2546
3127 3709
7692 8272
9151 9221
3872 4652
3119 3636
2325 2816
2870 2600
1435 2415
1580 1153
5361 4668
6325 6957
10005 9687
3791 4399
2291 1764
2068 1811
4232 3505
5680 6491
4088 3844
6022 5043
2317 3227
1494 1400
9411 9165
3341 2612
27 905
7958 8801
7156 7916
4440 3844
7533 6859
6642 6892
3225 3961
2176 1887
4367 4413
2682 3505
4786 4042
2428 1676
9143 8337
6478 6289
6568 7042
7141 6388
96 584
8979 8409
70 330
833 1566
9268 9779
4938 4766
4302 3637
6615 6824
3814 3832
4081 3791
1149 1861
8610 8913
2685 2435
71 856
1526 1595
5930 5523
18 924
7750 7648
4849 4668
87 542
8961 8205
2207 1486
1467 2203
7442 6646
6664 6646
82 111
30 824
6905 7904
3340 2674
7834 7382
8299 9140
426 1357
7151 8024
1027 1371
6923 6099
84 498
4940 4958
445 1142
35 930
67 511
2565 2749
6802 6804
7133 7051
8747 9246
5389 4621
5504 5549
5130 4686
4267 4402
3303 2493
8987 8077
2321 1923
7401 8171
9036 9988
3443 3155
2095 1114
4779 5685
6299 5873
8738 9134
2790 2147
5031 5578
7471 6639
5546 5790
55 686
2121 3022
6448 5692
7419 7252
869 1563
9199 9416
10270 9745
3079 3292
1522 1994
5179 4480
3158 4087
1245 1366
8487 8758
8567 8213
7608 8138
5156 5841
9393 8851
6197 6606
78 186
6599 6567
7201 7460
2526 3355
4764 4989
2257 1674
1794 2703
8136 8858
8436 7771
9470 9933
7984 7855
8689 8710
6956 6682
5728 5005
6244 7222
7437 6572
6251 5799
3870 3703
9945 9696
1929 1784
8058 8882
8171 8971
3364 4167
3324 2525
2157 1697
28 473
87 927
9179 9107
7533 8033
7086 7960
84 11
4557 5263
5612 4731
4424 5093
2415 1633
815 1654
7606 8513
9184 9842
9491 8770
9218 8786
1072 1589
2028 2966
3540 2843
6804 6595
3260 2865
2299 3133
1190 1985
7474 6698
4691 5325
6363 6451
5503 4933
3594 4157
8519 8494
8357 8612
6905 6007
2860 3829
4719 5561
2335 3257
2725 3492
3630 3908
9138 9884
6137 5300
7669 7159
4342 4655
9559 9512
2924 2819
6746 7677
8564 9093
38 559
5164 5347
2854 3527
5854 6113
2333 1432
901 1901
10067 9144
60 546
7223 8147
6503 5962
1983 2127
2785 2477
23 952
4337 3490
1939 1516
2744 3480
6986 7577
3450 3265
5288 4963
7171 7865
5157 4376
6476 7138
10054 9077
8904 9837
30 394
6775 5847
5701 6035
52 1001
8117 7694
5106 6065
5232 6092
4107 4420
5927 6400
2131 2149
54 770
3102 2518
8592 9216
3986 3929
5681 5507
5437 5811
5329 4463
51 203
3790 4099
582 1379
2298 2787
6972 7811
526 1302
9892 9915
7038 6270
1692 2236
6940 6284
8439 8268
1417 2179
5726 6490
1270 1191
4613 3935
8619 8327
26 412
4714 4990
8804 7882
7769 7035
8442 9195
6060 5641
3868 3709
1992 1708
6924 5947
8529 9487
9088 9472
36 415
8937 9056
7940 7258
15 139
5280 5982
8185 8950
2309 2568
1760 1238
6817 6808
5494 6231
8028 7635
3335 3876
4949 5254
3694 3016
5602 5163
2678 2688
7910 7677
38 540
6087 6277
889 1626
2346 1672
2026 1654
4590 4495
5607 5029
68 953
10108 9755
5719 5283
4919 4138
2338 2214
7754 7282
8500 8775
8496 9273
54 587
10247 9812
4244 4717
8368 7822
100 33
5988 6252
7449 7164
8174 8466
9229 9805
7753 7065
7359 7215
9958 9502
9308 8974
6123 5307
1356 2118
9279 8982
2957 2593
90 401
2586 3516
40 800
7683 8635
5296 4658
5399 4545
1982 2663
9294 9128
6745 6203
7701 7857
8802 8839
6484 6924
7965 8445
1726 2681
7789 7356
7257 6353
8506 9493
988 1380
4437 4325
3661 4194
7352 7212
8036 7572
77 563
3279 3562
5554 5658
84 982
5697 6248
2908 3708
3013 3877
6231 5634
5356 4502
9629 9017
1870 2826
8661 9277
2378 2692
7297 7461
6396 6755
4782 5062
8430 8522
5649 5516
5925 6836
9802 9661
2918 3822
6663 6145
3539 4370
5205 5684
8273 8017
7131 7022
7571 6641
8538 7671
2984 3578
10577 9708
8687 7769
3126 2810
5147 4366
9170 8652
9010 8328
2640 3479
9873 9299
142 1049
9458 9317
51 665
4294 4435
3868 3628
2482 1798
9517 9020
1781 1081
7537 8359
5802 5105
7116 6863
3070 2957
8430 8954
2728 2676
9855 8942
77 647
7014 7909
2132 2442
2624 2224
9775 9470
7681 7958
7518 8288
4729 5601
1945 2914
5861 6697
8026 7622
9246 9698
5439 6407
1353 1564
6816 7290
6848 7114
25 755
5736 4785
755 1622
10706 9881
9240 9832
8569 7771
1805 2195
5550 6124
9250 9468
5886 5972
1464 1761
9044 8237
6302 6150
60 404
2438 1915
6415 7088
2324 1570
6681 6278
8449 8265
6091 5625
8897 8757
882 1584
6264 5734
9334 8984
7704 7383
5599 5960
7313 6502
4050 3677
8090 7630
8893 9076
7481 6528
10 873
96 190
4063 4562
1747 1733
7386 6783
43 16
9943 9272
8523 8891
4651 4242
7225 6265
6301 6032
7689 8434
17 543
1464 1170
5831 5588
93 198
10065 9332
7537 6951
8087 8813
5390 5408
8301 8565
100 351
18 202
8207 8460
948 1372
2813 3418
5397 5249
3561 3877
9597 8984
30 599
1120 1808
6083 5138
7042 6278
849 1760
5158 5555
8147 8218
9516 9908
2117 2843
4317 4496
441 1358
5322 5260
7954 7501
8092 8534
9568 9363
3973 3141
5495 4515
6111 6565
6830 7118
9783 9226
613 1231
9312 9623
6110 5815
10339 9748
7974 8626
3382 2841
6173 6641
8681 9644
6872 7201
4796 5212
1449 1296
6094 5801
6217 6857
3997 3319
3521 4489
7445 6482
4096 4184
8124 7945
3304 2873
9722 9235
8665 8896
7064 7526
7800 6802
3967 3994
9205 9474
27 814
7728 8091
8392 9090
16 87
2199 2623
6623 7171
5791 6156
8783 7841
7872 8352
6965 6677
97 961
22 991
8596 7633
4000 3672
6767 5973
5842 5359
69 544
1484 2366
2254 2667
2879 3624
5463 4759
8802 8303
91 266
3295 3067
9300 8996
3029 3443
4866 5686
8802 8928
711 1671
9084 9641
9745 8880
2495 3436
1898 1373
2859 3373
8196 9123
4276 4154
5193 4515
17 981
7339 7471
6684 7655
2711 2975
7106 7979
9716 9519
41 988
8123 7173
4383 3906
2769 2586
5010 4023
6270 6336
9107 9691
4033 3654
1961 1508
7685 8098
7372 7869
4333 4127
5774 6396
7361 7132
2215 1469
3268 3943
9413 9822
4195 4808
6328 6951
664 1471
3148 3837
2307 1790
5342 4442
9397 9512
6562 6282
1625 1456
4416 5150
3166 3616
6686 7555
8829 8921
6260 5723
4431 4653
87 222
2819 2780
6796 7595
4671 4859
5224 5433
6246 5932
4173 3610
1764 2464
6194 6832
7577 7111
10129 9535
3674 3442
1281 1974
19 261
5096 5067
3500 3382
7738 8170
6288 7245
668 1640
8888 8328
7876 7240
4923 4715
9039 8257
8660 7734
2173 1883
1795 2701
9979 9731
5885 6410
4241 3400
2755 1929
3616 4307
6452 7021
1339 1055
10012 9500
4941 4030
3232 3772
5272 5614
4470 3730
5951 5614
2219 2764
2503 3374
60 495
6025 5957
4091 3627
7929 7390
9350 9417
2243 2318
7865 7986
7970 8682
1720 1105
3232 2435
1110 1413
7931 7810
8665 8758
99 852
3295 3489
2635 3023
9161 8484
214 1151
3837 3588
1580 1749
7711 7463
4960 5061
8548 7846
31 209
86 543
5891 6244
6229 6632
5502 5864
62 467
8164 7616
2956 3918
1213 1661
1526 1610
7193 7543
4398 4537
88 719
5998 6251
6877 6653
2392 2051
601 1572
3252 3428
8301 8685
5784 5149
4585 4978
1009 1682
8241 8367
5976 5449
8393 8958
5085 4917
2596 2558
2044 1253
9814 9279
7955 8104
60 435
6544 5883
4069 3227
6599 7483
6223 6082
5792 5315
9337 8451
8289 7297
8485 9479
5375 5983
4824 5313
2148 2274
9806 9504
5466 5524
7656 8014
4372 3510
1145 1939
3839 2870
6746 7199
58 796
1335 2081
4462 4013
9200 9799
7836 8141
4846 4377
7332 7529
4703 4121
6265 5483
9790 9191
9494 9007
4376 4785
4986 5015
9336 9312
2248 2172
9244 9479
4998 5646
38 809
9850 9500
3350 2760
3699 4669
1369 2217
3078 2961
9402 9621
10120 9518
94 336
4511 5309
10382 9564
7427 6543
10152 9740
6131 6577
6402 5871
9776 8779
2986 3790
9786 9819
5448 5187
4356 3836
2994 2466
2858 1868
6882 7014
3074 3737
8494 8539
3584 3054
8330 8695
3994 4296
1984 2107
9183 9892
7167 7859
9920 9822
2466 2643
5075 5354
10117 9482
4646 4513
8271 8504
3704 2714
7774 8723
3868 4730
5861 5976
7540 6571
7900 7030
36 54
2199 1910
6872 6781
96 484
2399 1865
2615 3413
4175 4503
9542 9247
16 865
3448 4357
9683 9031
19 28
7348 7298
4639 5045
10229 9348
4762 5231
3379 4196
85 534
92 897
5080 4583
4187 3484
9903 9385
5224 5444
1083 1937
7017 6669
9066 9778
5247 6201
48 759
6153 6987
4736 4529
89 268
5479 5047
4445 5042
5426 6138
10621 9807
6468 7264
3113 3693
4401 5348
2574 2791
98 655
3983 3507
8124 7803
1789 2480
3721 4346
93 283
4404 5061
4906 4501
8065 8330
4094 4498
4258 4631
2158 1819
3876 3413
4947 5540
5290 4924
7222 6953
6590 6193
4377 3898
4848 5370
4153 3264
1781 1865
6321 5972
2227 2041
6586 6986
2125 2209
568 1167
10127 9507
3641 2813
7163 7152
4409 4337
8713 8999
4655 5041
9156 9678
70 782
7498 7249
4191 4680
40 590
34 674
1812 1610
946 1053
4885 4964
6824 7448
3663 3521
3780 3963
17 916
42 876
2459 2276
7880 8173
1433 1205
2976 2291
2541 1683
739 1439
25 462
4452 5249
7849 6857
31 272
2824 3616
4836 4923
8379 8904
1065 1732
6788 7239
8274 8071
18 435
7102 6841
68 232
4576 3954
2330 2886
1921 2699
2018 1228
7730 8603
5930 6421
4478 5344
5953 5232
8648 7748
6633 5717
5445 6218
1854 2556
17 151
9432 9384
7207 7636
6492 5492
871 1723
3284 2341
3064 2737
1546 1458
5282 4895
8604 7967
9513 9144
6314 6060
3311 3294
10500 9513
5769 6012
4175 4652
6454 6442
6184 5547
4989 4553
3356 3983
8891 8182
4054 3881
4598 5149
44 1003
1868 2165
2841 2273
5223 5244
9978 9567
1674 2321
4836 4757
2103 3077
3120 2751
5990 6853
2748 3742
895 1077
92 862
3442 4434
2728 2396
9802 9469
8308 7411
6248 6022
88 995
3629 4051
9538 9963
2821 3158
3799 4331
8300 8066
862 1710
58 967
6281 5395
4254 4238
3170 2884
7000 6475
5270 5895
2534 3430
13 225
5485 5969
5395 4548
1509 2360
4956 5391
5592 5942
4128 4412
4120 3614
3219 2325
8438 8190
6402 7169
4031 3814
7477 6929
4520 4945
4668 4857
7106 6835
9248 9417
49 273
9282 9767
6923 6241
3403 2784
5732 6479
63 833
5982 5777
2697 3009
7022 6751
5372 4670
4220 3842
7668 8662
1940 1154
8657 8973
5836 5325
3022 2373
8789 8624
5786 5586
7842 7348
34 601
8535 9100
2760 3702
6026 5065
5796 5272
5973 5328
5020 5874
36 488
10071 9931
33 744
1870 1662
6878 6161
27 779
6274 5596
2418 1622
9211 9600
3851 4168
8285 7978
4617 3832
1249 1583
8093 8414
4662 4617
3555 4012
3123 2589
11 116
1156 1126
6060 5161
910 1614
5257 4564
2489 1711
6304 5662
2248 2125
87 505
4385 3394
2400 2276
4301 4552
2635 2698
1194 1808
7761 8693
7277 8155
25 995
3736 2903
3654 2764
2864 2292
39 613
2021 2677
2045 1045
5662 6598
7347 7512
8026 7154
8486 7531
2681 3483
7597 7156
96 254
2768 2111
7864 8530
5954 6847
2339 2149
1140 1892
6756 7129
9716 9464
5671 6396
5921 5430
65 331
2826 3744
3726 3111
2995 2140
3369 3742
2965 3419
7336 6423
7926 7068
1193 1687
4066 4447
6449 7196
98 961
47 861
4689 4715
4656 3836
4639 4594
4132 4993
9003 9691
6684 6777
3099 3453
6665 6915
3032 3122
94 373
52 904
4863 4617
6034 5192
3958 3225
7125 7583
9102 9021
6084 6050
8348 9279
6673 6693
3383 3049
3806 3955
2306 1811
3425 2816
69 469
1273 1209
98 996
9363 9637
9012 9948
863 1234
7221 6346
1938 1455
7927 7596
8932 9386
5034 4562
29 225
788 1715
7687 7951
733 1212
2557 2710
6585 7302
7940 8498
7082 6293
9026 9104
68 917
7372 8309
5009 5636
8532 7578
6227 5357
100 628
3889 3236
7099 6669
98 770
9905 9484
5953 5763
6519 6717
8379 7490
1694 1077
3423 3417
7341 7106
6394 6190
7194 6295
8140 7688
70 304
722 1349
3757 3161
9297 9311
1199 1428
5184 4551
1772 1830
4302 4867
6136 5453
9694 8766
3974 3111
4765 5671
65 790
3955 3600
3352 4081
4564 5413
68 153
8834 8505
4601 3855
5080 5746
8525 8808
5158 4531
45 964
45 184
8899 9393
4639 5290
93 544
9122 8836
5097 5116
3952 4390
1995 2409
9490 9148
1976 1227
5550 4921
8663 8717
3462 4029
5366 6051
9261 9089
10088 9861
3835 4450
7986 7271
9359 9443
2393 1911
7391 8173
1731 1241
7516 7146
8708 8127
3202 3123
4183 3358
5593 6584
9122 9783
10293 9408
3431 3552
7003 6550
77 943
3017 2175
4380 5070
3170 3893
7836 7554
725 1567
27 315
98 934
8838 8433
8176 8388
7610 6815
6931 7282
6799 5899
8633 9303
5490 4548
2515 3057
8112 8125
8146 7953
605 1493
7930 8360
13 888
8399 7953
9344 8778
2180 1248
5661 6508
8728 7895
8124 9027
843 1619
1748 2102
8199 8629
7881 7006
3045 2465
4899 5377
881 1304
8955 8067
2710 1772
7575 7400
4467 3918
4935 5413
2459 2763
4811 5718
5028 5878
5862 6732
1140 2081
3891 3808
6370 6336
5593 5557
2658 2227
9366 9629
6719 6583
7272 6748
7676 7653
9416 9275
9172 8190
8539 8793
2045 2915
9099 8138
3821 3314
9484 9790
7543 7529
3009 2586
4659 5053
4027 3528
7870 7129
7301 7817
7642 8147
1728 1654
2457 1478
2850 3509
4882 5281
8122 8562
4636 4567
6501 6056
9416 9355
96 861
2155 1781
9518 9811
49 172
3139 2205
9519 9117
81 660
6416 5674
2206 1984
7119 6242
1436 1994
9774 8802
2585 2520
7235 6701
6979 6811
2224 2998
5525 4958
2802 3448
4433 4308
3757 3514
2921 3528
7864 7855
64 384
4752 5688
8443 8844
3650 3702
6922 7112
1867 2333
5198 5603
7448 7196
5787 6224
7695 7403
1339 1606
1430 2241
6614 6322
97 587
75 559
8937 9437
4233 3493
8506 7883
4953 4292
32 150
98 617
4616 3819
9607 9345
4829 3950
1187 1761
2259 2295
4614 4920
1657 1418
37 326
6242 5351
4783 4238
3971 4885
2397 2714
4369 3748
8483 7929
2085 1816
3842 3931
4454 4870
7136 7181
5203 4479
9170 9837
6960 6182
4087 4964
62 341
2320 2458
9891 8913
7547 7119
9476 9894
8704 8880
6573 6123
7666 7895
3103 3749
8495 7900
2099 1632
7258 7223
5787 5839
10496 9932
7830 7320
5822 6116
3494 4461
8464 9251
8647 7825
2098 3011
1640 2382
5623 5459
57 121
6126 6138
2875 2803
8752 8447
9394 8420
8112 7329
7135 6770
3722 4245
5054 4632
2859 3720
7465 8134
7580 7960
812 1483
1363 1702
6883 7767
7792 8595
3200 2223
3148 3060
90 661
2461 1832
6595 7481
4835 4523
8739 9634
7650 7753
2462 2090
6035 5965
8812 8654
2229 3112
3510 3374
83 275
1893 2869
60 436
1267 2009
1322 1642
19 1002
6671 5928
10370 9777
6657 7114
7531 6680
6586 6969
7846 8192
4627 4692
7778 7791
7443 7355
1103 1671
6848 7842
9040 8216
8557 8447
10283 9718
5202 5463
10488 9999
4160 4596
5664 5425
6801 5858
3785 3632
9115 9239
6340 6127
7177 7666
9212 9570
3077 2967
9835 9119
1718 1733
8663 8446
6523 6201
1078 1667
9561 8795
8320 9102
5837 6689
3526 3022
4429 3871
6012 5928
4415 4370
8630 9498
8364 7809
1581 1940
100 173
1473 1174
4698 5494
9573 8998
8740 9483
7595 7234
2893 2222
1183 1944
8775 9359
3642 3039
3782 3245
4887 4539
3205 3897
2775 3328
10722 9989
6529 6674
3830 3430
5092 5015
7412 6546
6431 7074
61 947
5678 5460
2648 1995
9788 9541
6693 6674
6455 5504
5395 4993
7194 7490
9743 9911
1666 1859
9292 9336
3531 3384
5759 6442
6277 6812
8923 7949
5997 6911
6557 6048
15 565
3516 2766
5176 5638
2218 1697
18 642
1218 1961
3681 4257
10041 9349
5150 5470
4792 4680
6847 7634
4325 5005
4307 5068
3825 2866
242 1085
6072 5189
60 796
4906 5649
2534 2775
8432 7626
8502 8367
7981 7197
6576 7378
1705 1561
6678 7608
8063 7175
44 578
5675 6286
2526 2355
52 203
1646 1412
3207 3054
42 941
7084 6725
3319 3322
3317 3605
3862 4599
3114 2926
2647 3121
4252 4719
4777 5048
1102 1290
3248 2587
8640 9447
7563 7424
4021 4648
8010 8864
7792 7806
7226 6434
10562 9919
2212 1226
4985 5142
7574 7798
2834 1943
7830 7250
9593 8848
8210 7641
4217 4798
8116 7813
2957 3021
4360 4773
8568 8101
7215 7802
4785 4758
7787 7690
7801 7247
8072 8858
6672 7365
6021 5713
6714 6420
9182 9929
2844 3283
2042 1518
5715 5051
5191 4462
2340 2986
5109 4780
5797 5346
9754 8931
12 200
7216 7667
5222 5549
8639 8330
10319 9667
9285 8491
72 529
99 247
1111 1776
2441 3036
8891 9082
4754 4925
5352 4853
4493 4376
9713 9916
5605 5338
3964 4336
1330 1775
9642 8856
3256 3328
61 22
5864 5682
502 1452
8025 8190
1979 1524
6724 6535
5887 5551
6766 6136
8429 8677
6568 6493
5748 6054
5416 5214
1492 1256
6967 6815
8069 7795
8358 7867
3224 4054
9543 8876
2442 2573
85 463
3141 3463
7169 7287
4918 5240
6785 5877
8798 8066
4767 5198
4224 4013
1397 1836
6246 6992
2335 2424
7324 6679
3638 3510
4572 4466
1682 1277
2406 1669
8605 7606
1872 2268
5860 6682
1680 2074
8035 7435
10772 9960
1636 2000
8130 8690
8241 7775
9634 9775
6351 6168
92 348
10158 9843
10088 9901
8727 8367
6702 7357
78 270
2674 3248
7354 7544
72 547
5690 5810
1609 1423
344 1266
67 812
1249 1167
9009 9114
2903 2142
6455 6845
8549 8643
7532 7162
1910 1071
7474 7086
4722 5022
7563 7102
998 1403
6737 7310
1134 1179
3037 2876
37 317
10387 9429
3922 3631
9976 9559
64 226
9970 9176
4005 4622
6762 5970
13 1002
94 20
4206 3716
1627 2190
854 1638
6249 5839
4015 3555
6712 5759
7710 7238
2686 2399
4857 3962
4674 4815
46 555
7786 7598
2858 3771
3560 3823
4764 5470
5696 6482
52 387
1724 2028
3250 4107
6252 5758
5805 5192
7951 7797
496 1462
8552 8503
8234 7991
8303 7413
10031 9792
4547 4010
9912 9600
7068 6618
4005 4343
3175 3635
2218 2647
1604 1022
8423 7498
34 837
8686 8230
5416 4570
8057 8194
4649 4764
1774 1483
48 1001
25 290
7413 7772
4012 4080
7271 7955
8397 8400
4759 4051
9033 9693
5114 4194
4658 5398
7724 6738
142 1054
988 1632
4843 5672
9185 8922
8515 8893
5042 4946
1793 1583
9853 9339
5047 4739
8732 8291
7740 7600
8806 9660
90 380
3360 2481
7429 7138
608 1050
4582 4635
9133 9960
1964 1264
9407 8936
3813 3607
10149 9967
959 1889
2651 2788
1237 1917
8311 9214
79 478
6765 7344
5351 6112
5063 4466
5963 6662
3262 3556
76 618
14 992
700 1517
3599 4106
1664 2420
3236 3478
7526 8116
8336 8273
6587 7446
64 872
1981 2806
1890 1523
7722 7169
8041 7350
6812 7053
2651 3625
3974 3555
8647 9156
3664 3559
3453 3459
2264 1744
4722 4405
3631 3919
4812 5602
77 78
24 968
4680 3680
9343 9630
2316 2826
8064 8150
7468 7352
9761 9233
60 904
8465 8532
1949 2505
4881 4276
9387 8737
1972 2758
8401 8073
83 781
2352 1633
10337 9851
3975 3604
9009 9129
2059 2725
6438 6145
10970 9973
6304 6269
7700 8204
56 733
8463 7663
6046 5994
8568 8699
3518 3303
4145 4459
10810 9952
7713 7708
4380 4186
509 1323
3276 2736
6088 6306
6359 6488
90 945
1992 2676
2269 3052
2272 2540
8449 7567
3700 2999
7772 7635
3638 2765
6310 6698
7281 7323
8566 8639
9443 8868
4053 3798
2504 3074
8674 8970
82 250
34 861
35 127
9790 9306
6918 7235
2267 3236
5441 6177
7596 7630
7403 8294
4292 3773
7508 8315
9780 9064
4966 4008
2085 2342
674 1376
4804 3808
8370 8169
7429 6948
19 547
10109 9113
10604 9814
9390 9093
10231 9606
4300 3953
2806 3751
1806 2117
8184 7850
5958 6009
6305 5653
8943 9933
3668 4429
3594 3395
3867 3128
2702 3656
7985 7760
33 833
6428 7427
100 441
1204 1333
6525 5741
5318 6313
5237 4778
5531 6471
2066 2363
6244 5484
2164 2978
9581 9166
8626 8913
82 601
2915 3760
6631 6837
2565 2514
1588 2043
4021 4969
6789 6484
3260 3909
1773 1960
8237 7453
9734 9481
7595 8476
6765 7077
3957 4431
6774 7402
4567 4254
10165 9944
6699 7047
5289 6048
7142 8069
10381 9945
7171 7213
3221 2726
3910 3198
6344 6276
9065 8562
10044 9556
6632 5732
6888 7345
6754 7236
7449 7113
4311 3882
4601 5289
3112 3592
25 530
654 1113
7338 7795
8100 7590
21 517
2280 1979
1590 1039
8138 7907
2020 1646
5928 5716
7894 8537
7797 8728
6542 6234
1531 2312
56 601
10223 9428
7957 7702
1286 1336
650 1155
3827 4796
5312 5323
2670 1852
6233 6946
5038 5912
8024 7944
3483 3190
1276 2253
5412 4741
3247 4007
5795 4880
4070 3147
5025 4490
3594 4325
4470 4836
8037 7868
3465 4146
8370 8138
28 632
62 139
6558 6916
5500 4721
67 936
23 75
96 662
9259 9909
1262 1594
8737 8580
4719 4856
4647 5032
3972 3723
4877 5494
2849 2805
7195 7733
5883 5097
8448 8598
6956 6777
8845 9524
4268 3462
4284 4826
7973 7890
41 859
7650 6823
2958 2791
2345 3259
9673 9720
1541 1260
7841 7592
6691 7429
2129 2198
37 499
1163 1567
8287 8898
5859 6312
4351 4585
6792 5901
2976 3516
6406 5685
8663 8292
8148 7350
8340 8254
2423 2024
5808 6488
7959 7337
3362 3738
4843 3866
1147 2085
4896 4385
6180 6776
7071 7296
23 529
8976 8739
63 648
1607 1160
9652 8910
1655 2652
88 307
3517 3803
6545 5762
7547 6832
8666 9645
6959 6163
1205 1377
4337 3738
5933 5531
24 1002
8272 7326
56 713
9787 9194
2891 3491
6526 6058
4153 4496
3470 4424
2826 2408
1933 1834
5365 5287
60 465
90 665
7478 7277
92 706
4997 4105
8459 8545
7804 7955
1648 1636
3399 3042
4709 4420
6815 6227
5143 6143
21 755
3748 3291
9426 9409
7530 8439
3792 3655
8412 8806
1499 2390
8129 7392
5530 5720
6242 7154
2408 2767
6176 5611
6756 6949
3229 3913
3633 4408
6437 6215
1936 2011
2034 1579
3368 3669
2382 2591
8639 8301
3906 4453
1489 1067
1473 1502
86 212
9581 9509
81 680
1207 1801
5522 5365
4405 3896
6858 6454
7455 7118
10271 9758
9327 8849
9083 8303
1342 2333
5161 5606
9280 9425
2926 3680
2872 1928
2460 1941
35 769
5113 5373
69 826
97 529
4892 5271
1322 2132
7691 7487
6052 5483
6258 5374
4588 3955
7052 6628
8687 8836
4223 4883
8156 7419
7941 7900
3228 3988
2564 2365
5235 5813
7508 8019
2714 2426
8933 8302
3648 4586
67 542
5017 4338
5410 6271
4744 3919
10202 9699
5074 4179
1463 1354
5338 5646
3313 2513
9558 9639
6257 7195
9105 9370
7465 6784
2240 1265
6735 6235
4731 4632
593 1461
656 1093
5151 4637
9562 9599
9689 9143
70 857
2594 1674
1630 1833
8437 9140
4492 4727
8091 7375
880 1452
8983 8674
92 506
5969 6923
5794 6269
2690 3565
206 1090
10057 9595
5377 4791
9457 9042
2906 3025
3953 3453
5244 5503
2091 1548
4702 4471
8305 8044
1615 1251
34 656
6660 6856
2264 1914
8291 7498
6606 5688
60 626
10423 9573
76 935
8629 8333
3206 4057
6947 7478
4979 4190
44 279
9176 9528
7136 7032
9316 9816
7589 6852
7584 8070
33 590
2328 2105
1585 1052
4623 4826
5786 6354
2832 2014
7333 8011
7857 8187
8143 8352
5920 4997
7321 6560
7646 7500
4348 4164
5149 5611
23 816
7041 6656
6507 6184
67 761
8776 9735
82 146
4961 5772
66 729
9512 9808
2376 2096
8143 7510
7445 6819
2918 2514
6657 6569
10530 9856
48 306
3709 3135
10426 9707
76 264
82 553
5782 6732
2205 2932
3398 4170
2387 2315
8539 9263
5409 5771
4993 4351
7848 8419
4645 5005
10177 9369
8253 8862
2279 2247
1468 1421
4748 4052
7299 6781
8292 8219
7136 8122
802 1400
55 434
4259 3458
4179 4315
21 816
9238 9588
5017 5760
9110 8406
6624 6898
8382 7401
5420 6228
3446 3208
6348 5730
2375 1900
6351 6748
1143 1220
864 1401
90 832
1558 1114
4309 4569
39 874
4852 4308
4440 4241
7575 7126
1589 1421
6866 7134
4172 4674
6400 6453
4983 4135
9640 9304
3182 2880
4974 4540
1904 1438
8301 9117
6381 6958
7926 7857
9350 9315
5122 4254
2407 1928
5012 5239
4979 5371
8195 8129
4214 5059
5968 6246
6129 7054
9402 9573
10059 9563
820 1455
1084 1828
9523 9002
4961 4558
5599 5944
5382 4407
9299 9895
4931 5361
3721 2854
2962 2350
8652 9371
2296 1686
7262 6854
4894 4248
8369 8352
2792 3441
8796 9288
3342 3077
10850 9983
3101 2362
2559 3531
8060 8290
8503 8076
4026 4913
8797 9604
5393 5195
52 691
7863 7009
20 394
9420 9056
8297 9247
1879 1884
5775 6733
92 999
9153 9587
7012 6790
5326 4566
5500 6200
2531 3039
3470 3889
8698 7945
2394 2592
7200 6608
9159 8292
4687 5123
8118 7473
1520 2151
8324 7862
5919 6090
40 716
4185 3495
1748 1995
10766 9795
7152 6910
5393 5125
4509 5197
925 1324
7943 7839
4725 3863
8047 8662
4341 3674
9105 9075
5492 5881
4169 5030
8288 8110
2167 2289
80 384
8477 8658
2677 2427
8568 9150
2104 1468
4676 5464
5988 6593
6972 6547
7605 6737
9501 9003
81 37
8694 8064
5758 5605
3050 2077
36 422
2044 2274
4658 4140
7942 7206
34 998
5381 4758
2779 1939
2917 2186
4497 4745
6986 6668
1349 2166
4956 5134
3067 3576
6861 6552
48 82
9056 8330
1842 2560
7459 8427
9238 9106
6114 5738
2786 3684
1729 1606
6830 7318
2631 2341
2201 2502
36 411
3124 3307
5508 4942
9225 9871
7884 7491
7788 8234
9973 9694
8574 7771
90 566
8365 8312
8692 9535
4392 3499
7699 8691
9102 8404
2425 2834
9448 9153
2915 3790
43 395
8147 8711
7812 6953
3998 3441
3021 3049
10219 9458
1840 1492
4397 4893
1167 1517
6927 6924
5831 5775
8229 8680
1224 2154
71 847
9259 8349
47 205
1095 1264
7558 6574
5789 5342
6736 6783
888 1055
2289 2981
4009 4814
5140 5409
4830 4238
5424 5202
10232 9955
6289 6041
3028 3089
2151 2475
3476 3906
8750 9407
6860 7844
4978 5176
1727 2364
2520 2329
8593 8591
1086 2042
2505 2883
929 1863
4492 4873
6104 5193
8854 9024
4277 3383
1530 1121
5975 6097
6132 5655
1487 1397
4988 4621
5669 5432
5594 4775
4794 4813
1946 2319
1932 2648
7425 6468
6230 6494
3995 3234
4276 4009
7491 7488
9242 9297
3731 3112
6050 6362
10 576
5391 5341
2912 3032
100 759
3431 3442
