10000
10
2512231
1000	1000	1000	1000	1000	1000	1000	1000	1000	1000	
-24197	-25227	-25407	-25255	-24529	-25279	-25622	-25890	-25321	-24940	
24122	25073	25397	25284	24575	25172	25545	25823	25209	25019	
92	1
91	1
86	2
106	9
98	9
69	8
60	8
90	12
84	16
13	3
115	37
108	36
60	20
141	49
68	26
157	62
131	54
92	38
123	51
139	58
113	48
160	68
141	64
164	75
173	82
152	74
99	51
123	66
39	21
148	80
103	57
54	30
23	13
230	130
139	80
225	134
106	64
240	146
247	152
209	129
128	80
178	113
144	93
133	86
272	176
144	95
280	186
111	74
249	168
286	193
80	54
270	184
148	101
310	213
258	179
267	186
83	58
121	85
159	112
227	160
327	231
284	201
134	95
186	132
232	165
192	137
119	85
243	174
268	192
350	251
324	233
191	138
103	75
351	256
337	246
213	156
309	227
278	205
343	254
155	115
381	283
381	283
183	136
225	168
320	240
244	185
170	129
280	214
292	224
256	197
362	279
362	281
385	299
440	343
434	339
431	337
319	250
294	231
402	316
401	316
476	377
409	324
381	302
468	371
223	177
180	143
403	322
352	282
327	262
288	231
396	318
188	151
347	279
312	251
510	411
224	181
464	375
219	177
380	308
434	352
498	404
520	422
356	289
535	435
198	161
317	258
500	408
324	265
11	9
402	329
78	64
532	438
461	380
166	137
480	397
302	250
302	250
211	175
225	187
196	163
345	287
488	406
434	363
474	397
185	155
449	377
408	343
114	96
393	331
387	326
489	412
439	370
506	427
577	487
624	527
449	380
384	325
631	536
299	254
445	380
606	518
270	231
409	350
537	460
329	282
456	391
471	404
366	314
458	393
476	409
704	605
672	579
542	467
480	414
721	622
467	403
512	443
291	252
249	216
424	368
402	349
662	575
375	326
672	585
613	534
334	291
607	529
501	437
730	637
314	274
315	275
497	434
477	417
735	643
120	105
776	680
308	270
739	648
667	585
635	557
767	673
734	645
366	323
635	561
455	402
826	730
415	367
781	691
630	558
255	226
783	694
654	580
858	761
873	775
794	706
823	732
570	507
436	388
329	293
697	621
313	279
893	796
935	835
506	452
632	565
567	507
871	779
815	729
512	458
939	840
152	136
951	851
410	367
547	490
705	632
290	260
630	565
583	523
759	683
809	728
30	27
738	665
640	577
778	702
565	510
329	297
995	899
446	403
862	779
574	519
715	647
232	210
1024	927
919	832
898	814
738	669
945	857
602	546
387	351
997	905
798	725
638	580
660	600
672	611
1083	985
758	690
269	245
855	779
676	616
959	874
948	864
972	886
1097	1000
1022	932
968	883
1026	936
469	428
538	491
952	869
689	629
138	126
945	863
739	675
962	879
969	888
856	785
1007	924
976	896
833	765
788	724
913	839
543	499
236	217
888	817
726	668
933	859
910	838
636	586
255	235
115	106
64	59
679	626
630	581
780	720
733	677
762	704
1030	952
597	552
559	517
995	921
902	835
515	477
885	820
300	278
712	660
962	892
999	927
710	659
949	881
937	870
912	847
691	642
1064	989
585	544
936	871
461	429
870	810
1043	972
294	274
1068	996
849	792
1025	958
935	874
430	402
278	260
620	580
916	857
813	761
1002	939
863	809
642	602
964	904
502	471
470	441
1057	992
114	107
851	799
560	526
676	635
696	654
410	386
103	97
916	863
557	525
736	694
772	728
599	565
564	532
498	470
810	765
760	718
838	792
933	882
223	211
187	177
247	234
756	717
990	939
942	894
1007	956
869	825
876	832
420	399
863	820
482	458
1046	994
606	576
1036	985
833	792
285	271
673	640
287	273
1043	993
951	906
534	509
280	267
629	600
673	642
834	796
988	943
444	424
1024	978
781	746
828	791
404	386
270	258
678	648
1043	997
1044	998
493	472
592	567
312	299
702	674
530	509
481	462
411	395
876	842
903	868
866	833
1007	969
964	928
780	751
1002	965
875	843
554	534
735	709
771	744
893	862
675	652
712	688
712	688
745	720
629	608
432	419
741	719
373	362
1022	992
959	931
967	939
979	951
865	841
834	811
770	749
298	290
972	946
300	292
303	295
725	706
886	863
156	152
909	887
911	889
736	719
521	509
740	723
658	643
661	646
838	819
284	278
522	511
858	840
334	327
996	976
903	885
713	699
982	963
917	900
279	274
624	613
873	858
710	698
952	936
826	813
511	503
516	508
260	256
332	327
891	878
637	628
598	590
489	483
739	730
986	974
267	264
574	568
979	970
590	585
240	238
859	852
129	128
613	609
812	807
666	662
891	886
797	793
833	829
266	265
800	797
290	289
645	643
335	334
382	381
388	387
784	782
810	808
747	746
105	105
246	246
718	719
529	530
601	603
261	262
519	521
511	513
978	982
666	669
871	876
854	859
736	741
986	993
916	923
252	254
241	243
595	600
778	785
719	726
593	599
857	866
734	742
505	511
750	759
817	827
304	308
914	927
207	210
529	537
641	651
316	321
692	703
913	928
955	971
731	744
955	972
950	967
491	500
544	554
435	443
972	990
532	542
689	702
562	573
883	901
931	950
811	828
238	243
507	518
550	562
722	738
611	625
737	754
561	574
809	828
808	827
325	333
600	615
960	984
558	572
516	529
704	722
886	909
335	344
924	949
662	680
862	886
825	848
856	880
950	977
823	847
582	599
239	246
612	630
509	524
501	516
364	375
128	132
603	622
153	158
897	927
445	460
145	150
578	598
852	882
843	873
248	257
952	987
680	705
944	979
674	699
134	139
424	440
265	275
489	508
485	504
587	610
699	727
702	731
670	698
826	861
375	391
914	953
733	765
366	382
342	357
226	236
788	823
833	870
447	467
690	721
858	897
439	459
476	498
731	765
855	895
787	824
85	89
739	774
758	794
545	571
859	900
314	329
332	349
797	838
369	388
871	916
398	419
582	613
638	672
544	573
539	568
111	117
814	858
908	958
380	401
468	494
735	776
421	445
401	424
814	861
412	436
605	641
497	527
265	281
894	948
628	666
805	854
328	348
835	886
650	690
854	907
801	851
722	768
580	617
591	629
697	742
77	82
472	503
528	563
373	398
313	334
532	568
250	267
235	251
778	831
865	924
491	525
534	571
490	524
834	892
857	918
126	135
904	970
547	587
560	601
817	878
518	557
491	528
828	891
392	422
924	995
273	294
869	936
854	920
400	431
526	567
731	788
644	695
668	721
852	920
688	743
562	607
896	968
572	618
755	816
666	720
787	851
861	933
516	560
234	254
771	837
557	605
464	504
888	965
253	275
608	661
853	928
862	938
485	528
604	658
447	487
399	435
907	989
417	455
606	662
614	671
774	846
880	962
663	725
438	479
627	686
805	881
727	796
463	507
608	666
714	783
887	973
419	460
551	605
336	369
839	922
251	276
502	552
741	815
469	516
354	390
127	140
867	956
485	535
692	764
882	975
772	854
578	640
260	288
779	863
751	832
526	583
666	739
892	990
162	180
684	760
898	998
824	916
366	407
348	387
380	423
866	965
779	870
621	694
304	340
445	498
555	622
370	415
432	485
618	694
613	691
554	626
707	799
705	798
601	681
224	254
627	711
656	744
598	679
442	502
316	359
492	559
490	557
504	573
717	816
351	400
444	506
714	814
491	560
688	785
522	596
467	534
375	429
407	466
659	755
233	267
170	195
407	467
479	550
472	542
592	680
573	659
620	714
492	567
563	649
39	45
253	292
186	215
530	613
529	612
599	695
224	260
613	712
482	560
459	534
432	503
218	254
544	634
241	281
541	631
431	504
583	682
497	583
554	651
548	644
559	658
508	598
478	565
445	526
481	570
189	224
337	400
380	452
241	287
276	330
322	385
352	421
340	410
443	535
379	458
393	476
303	367
164	199
459	557
350	425
413	502
59	72
271	331
261	319
427	522
369	452
350	429
420	516
170	209
200	246
323	398
396	488
314	387
163	201
215	266
370	458
222	275
112	139
406	504
342	425
283	352
244	304
240	300
346	433
397	497
393	492
293	367
83	104
140	176
311	391
191	241
252	318
365	461
136	172
143	183
134	172
286	368
334	430
310	401
312	404
268	350
227	297
154	202
177	233
249	328
283	377
284	379
62	83
174	233
44	59
228	307
204	275
71	96
226	307
242	330
264	362
196	271
147	208
141	200
62	88
150	215
227	326
126	181
228	328
61	88
115	167
165	240
189	280
187	279
149	223
186	279
50	75
101	152
182	274
164	247
136	206
77	118
155	239
77	119
106	164
150	234
134	210
81	127
144	229
162	258
135	216
48	77
158	257
121	198
87	143
77	127
95	157
141	236
76	128
87	149
25	43
110	194
65	117
107	200
94	176
108	203
41	79
89	172
99	197
101	201
67	135
47	95
36	76
49	105
60	140
26	62
14	34
17	44
45	121
57	154
9	25
44	125
51	147
42	131
40	126
33	132
27	126
6	34
8	61
13	108
2	18
1	13
1	15
1	16
1	17
1	20
1	20
1	21
1	23
1	24
1	26
1	27
1	28
1	30
1	31
1	33
2	67
1	35
1	36
1	37
1	38
1	40
1	41
1	44
1	46
1	47
1	49
1	53
1	55
1	60
1	60
1	61
1	63
1	63
1	77
1	82
1	94
100	4
88	4
73	6
90	8
65	9
72	11
29	5
112	22
34	7
46	10
85	21
56	14
100	27
95	29
130	43
18	6
110	39
77	28
51	20
167	70
41	18
168	77
88	41
181	90
167	84
115	59
202	106
173	91
23	13
203	116
151	87
206	119
178	103
73	43
178	106
188	112
175	105
106	64
202	125
185	115
220	137
128	81
244	157
76	49
162	105
231	150
239	156
145	95
285	188
136	90
234	156
61	41
268	184
289	199
188	130
306	219
323	234
343	250
204	149
182	133
372	272
225	165
295	219
338	251
224	167
232	173
123	92
283	213
191	144
61	46
303	229
317	240
141	107
350	266
167	127
377	287
122	93
144	110
425	325
164	126
108	83
371	286
267	206
283	219
315	244
263	204
405	315
352	274
158	123
371	289
294	230
382	299
462	362
416	326
361	283
324	255
349	275
327	258
237	188
301	240
289	231
343	275
444	356
320	257
290	233
254	205
273	221
268	217
321	260
367	298
406	330
123	100
236	193
243	199
483	397
406	335
361	298
161	133
570	471
570	471
503	417
287	238
112	93
343	285
77	64
170	142
493	413
333	279
68	57
403	338
162	136
405	340
269	226
407	342
392	330
224	189
321	271
610	515
213	180
419	355
493	418
590	501
628	534
224	191
239	204
418	357
275	235
193	165
678	580
644	551
424	364
615	528
404	347
478	411
309	266
226	195
722	624
643	556
406	352
591	513
297	258
405	352
708	616
517	450
728	634
388	338
163	142
684	596
771	672
351	306
742	647
625	545
297	259
559	488
791	696
559	492
827	728
401	353
782	689
507	447
509	449
570	503
162	143
439	388
520	460
191	169
420	372
591	524
584	518
823	730
870	772
712	632
735	653
404	359
677	602
643	572
769	685
923	823
823	734
703	627
583	520
841	751
907	810
431	385
754	674
276	247
467	418
763	683
720	645
809	726
647	581
618	555
472	424
964	866
878	789
613	551
267	240
531	478
343	309
989	891
384	346
1016	916
1001	903
788	711
864	780
649	586
847	765
486	439
424	383
872	788
942	852
891	806
954	863
536	485
665	602
650	589
566	513
203	184
695	630
631	572
1035	939
861	782
688	625
605	550
1025	932
783	712
1016	924
819	745
665	605
1055	960
914	832
878	800
1036	944
1075	980
420	383
399	364
1016	927
1077	983
722	659
1032	942
889	812
732	669
222	203
776	710
992	908
927	849
464	425
500	458
1076	986
817	749
890	816
1079	990
970	890
1019	935
876	804
1022	938
645	592
1063	976
1088	999
883	811
847	778
619	569
1016	934
917	843
763	702
1004	924
766	705
930	856
728	671
909	838
1079	995
850	784
751	693
272	251
998	921
719	664
564	521
328	303
1076	994
644	595
1079	997
357	330
597	552
718	664
1012	936
658	609
364	337
488	452
1039	963
974	903
441	409
800	742
801	743
1053	977
139	129
127	118
834	775
156	145
299	278
912	848
756	703
773	719
630	586
906	844
747	696
352	328
867	808
1045	974
606	565
807	753
872	814
963	899
936	874
695	649
712	665
957	894
933	872
774	724
434	406
836	783
714	669
798	748
799	749
64	60
451	423
1031	968
496	466
729	685
781	734
964	906
783	736
890	837
1027	966
995	936
864	813
781	735
953	897
800	753
649	611
794	748
1039	979
537	506
953	898
436	411
838	790
560	528
595	561
757	714
882	832
318	300
583	550
867	818
549	518
721	681
864	817
996	942
1020	965
972	920
374	354
917	868
962	911
816	773
953	903
915	867
770	730
657	623
640	607
685	650
137	130
98	93
726	689
628	596
334	317
965	916
909	863
509	484
225	214
958	912
710	676
482	459
969	923
1016	968
869	829
701	669
973	929
996	951
806	770
523	500
799	764
848	811
896	857
647	619
740	708
852	816
429	411
620	594
890	853
891	854
434	416
802	769
391	375
660	633
369	354
641	615
618	593
986	947
76	73
456	438
800	769
697	670
338	325
916	881
550	529
943	907
691	665
779	750
970	934
836	805
517	498
770	742
883	851
364	351
564	544
453	437
257	248
319	308
737	712
649	627
208	201
901	871
362	350
652	631
954	924
985	956
378	367
1018	989
855	831
585	569
822	800
299	291
980	954
500	487
773	753
894	871
856	834
403	393
646	630
122	119
788	769
873	852
969	946
303	296
938	917
541	529
320	313
597	584
702	687
763	747
911	892
362	355
315	309
1011	992
988	970
721	708
728	715
289	284
820	806
940	924
607	597
794	781
858	844
884	870
327	322
533	525
614	605
968	954
784	773
580	572
526	519
615	607
698	689
563	556
986	974
945	934
801	793
105	104
789	782
946	938
485	481
801	795
948	942
639	635
890	885
547	544
668	665
787	784
835	832
373	372
835	833
710	709
818	817
30	30
745	745
234	234
135	135
295	295
638	638
945	946
860	861
797	798
678	679
582	583
546	547
509	511
984	988
927	931
688	691
419	421
534	537
863	869
966	973
682	687
944	951
673	678
388	391
863	871
101	102
757	765
811	820
833	843
661	669
987	999
872	883
237	240
922	934
578	586
571	579
922	935
918	931
817	829
329	334
764	776
839	853
474	482
470	478
289	294
335	341
868	885
899	917
697	711
743	758
441	450
433	442
903	922
851	869
548	560
493	504
756	773
920	941
891	912
460	471
816	837
502	515
888	911
562	577
509	523
797	819
887	912
665	684
921	948
409	421
539	555
367	378
856	882
757	780
193	199
926	955
663	684
594	613
712	735
302	312
722	746
954	987
519	537
399	413
797	825
511	529
562	582
825	855
600	622
591	613
580	602
942	978
310	322
717	745
459	477
580	603
958	996
504	524
327	340
326	339
350	364
565	588
565	588
901	938
586	611
619	646
524	547
787	822
457	478
86	90
926	970
862	903
832	872
867	909
568	598
577	608
128	135
886	935
795	839
864	912
409	432
800	845
547	578
317	335
471	498
590	624
450	476
777	822
603	638
930	985
467	495
500	530
559	593
179	190
666	707
824	875
579	615
466	495
867	921
336	357
623	662
941	1000
842	897
594	633
456	486
847	903
812	866
519	554
862	921
217	232
748	800
345	369
513	549
520	557
764	819
206	221
566	609
498	536
613	660
596	642
676	729
876	945
739	799
172	186
786	850
698	755
611	661
340	368
545	590
593	642
847	917
760	823
193	209
753	816
893	968
525	570
621	675
322	350
815	886
275	299
789	858
818	890
506	551
539	587
863	940
838	913
793	864
457	498
678	739
905	988
806	880
510	557
754	824
616	674
403	441
611	669
639	700
903	990
765	839
660	724
567	622
266	292
786	863
102	112
903	992
142	156
810	890
694	763
734	807
498	548
288	317
576	634
697	768
586	646
642	708
603	665
696	769
713	788
397	439
586	648
263	291
768	850
580	642
112	124
138	153
827	917
697	773
440	488
825	915
739	822
624	695
394	439
735	819
458	511
553	617
291	325
671	750
458	512
423	473
792	886
202	226
828	927
200	224
812	910
239	268
618	693
626	702
288	323
779	874
384	431
724	813
523	588
608	684
687	773
590	664
692	779
125	141
280	316
687	776
753	851
615	696
622	705
498	565
265	301
352	400
566	644
638	726
318	362
636	724
438	499
660	752
588	670
566	645
192	219
148	169
500	571
56	64
489	559
555	635
645	738
187	214
574	658
196	225
357	410
247	284
212	244
92	106
564	650
531	612
588	678
653	753
540	623
603	696
570	658
271	313
437	506
442	512
455	528
137	159
539	626
178	207
345	402
362	423
237	277
442	517
376	440
334	391
240	281
517	606
569	668
310	364
476	559
229	269
211	248
439	516
484	569
324	382
534	631
239	283
387	459
417	495
227	270
267	319
118	141
276	330
327	391
163	195
327	392
384	461
319	384
176	212
389	471
378	459
331	402
431	524
315	384
178	217
436	532
145	177
308	376
443	541
339	414
427	522
422	516
403	493
299	366
379	469
378	468
376	467
292	363
119	148
217	270
73	91
301	376
24	30
236	295
383	479
107	135
213	269
296	374
255	323
348	444
159	203
316	407
204	263
142	184
157	204
294	384
203	266
223	293
318	418
66	87
279	368
178	235
109	144
250	331
187	250
219	294
81	110
196	270
251	346
203	280
197	272
105	145
257	356
232	322
216	300
205	287
127	181
136	194
233	333
184	264
186	267
128	184
193	278
31	45
135	196
70	102
83	121
158	231
185	271
124	182
150	226
159	241
75	115
181	278
161	250
120	190
138	221
155	249
120	193
129	208
78	126
91	150
151	249
120	198
106	177
141	236
136	230
106	180
64	109
7	12
133	233
70	124
110	195
88	158
85	158
59	113
99	192
72	140
60	118
62	123
64	137
64	142
76	169
71	158
60	135
18	41
28	65
64	156
58	149
36	98
52	142
53	150
1	3
19	59
42	141
37	125
25	85
25	100
24	111
26	122
10	52
1	10
1	12
2	24
1	12
1	13
1	14
1	14
1	14
1	15
1	17
1	18
1	23
1	33
1	36
1	38
1	41
1	41
1	50
1	58
1	65
1	67
1	67
1	71
1	71
1	82
1	101
98	7
102	9
110	12
110	12
88	12
93	21
95	23
127	36
50	15
86	29
126	43
103	43
123	52
180	80
164	73
157	71
71	33
55	26
186	89
124	61
135	72
113	62
167	92
213	118
126	70
187	104
196	110
62	35
201	115
217	125
129	75
203	119
225	132
228	135
193	115
238	145
185	113
115	71
261	166
244	156
192	124
17	11
139	90
189	123
128	84
268	176
291	192
121	80
232	156
217	147
284	194
313	221
249	176
343	243
212	153
220	159
116	84
290	212
187	137
377	277
305	225
282	209
348	258
369	274
142	106
218	163
352	264
353	265
106	80
410	311
411	312
276	210
201	153
360	276
167	129
242	187
185	143
415	321
318	248
129	101
374	293
162	127
434	342
57	45
363	287
239	189
177	140
319	253
247	196
330	262
44	35
445	354
255	203
484	387
468	375
446	359
219	177
403	326
243	197
483	392
186	151
436	354
225	183
292	239
250	205
389	319
268	220
525	433
223	184
462	382
538	445
483	400
181	150
65	54
148	123
243	202
178	148
238	198
319	266
530	442
392	327
363	304
351	294
37	31
381	320
575	483
545	458
552	464
524	441
481	405
597	503
471	397
606	511
185	156
594	501
103	87
451	381
495	419
456	386
588	498
497	421
263	223
395	335
468	397
273	232
234	199
495	421
617	525
349	297
277	236
603	514
231	197
306	261
512	437
239	204
467	399
440	377
7	6
595	510
315	270
113	97
686	589
702	603
617	530
674	579
220	189
649	558
580	499
495	426
381	328
534	461
691	597
523	452
288	249
529	458
653	566
577	501
465	404
572	497
595	517
552	480
662	576
301	262
695	605
757	659
634	552
767	668
318	277
493	430
673	587
725	634
606	530
763	668
734	643
373	327
73	64
424	372
155	136
213	187
767	674
256	225
529	465
635	559
667	588
777	685
779	687
771	681
816	721
820	725
813	719
424	375
305	270
858	760
333	295
844	748
257	228
684	607
784	696
419	372
720	640
524	466
750	667
852	758
281	250
870	775
578	515
679	605
877	782
742	662
283	253
692	619
524	469
696	623
873	782
714	640
755	677
594	533
645	579
737	662
581	522
883	794
913	821
301	271
582	524
392	353
161	145
850	766
832	750
873	787
987	890
306	276
317	286
52	47
920	833
405	367
973	882
663	601
877	795
410	372
367	333
1050	953
585	531
347	315
468	425
713	648
384	349
801	728
925	841
661	601
843	767
832	757
522	475
806	734
919	837
819	746
343	313
897	819
486	444
699	639
327	299
556	509
951	871
969	888
754	691
768	704
953	874
1086	996
484	444
996	914
865	794
1076	988
308	283
619	569
540	497
781	719
557	513
982	905
879	811
639	590
616	569
381	352
251	232
466	431
1079	998
988	914
588	544
842	780
874	812
550	511
1063	989
819	762
762	709
834	776
604	562
606	564
607	565
998	929
626	583
102	95
585	545
441	411
209	195
928	866
435	406
331	309
938	876
636	594
668	624
984	920
727	680
498	466
570	534
699	655
606	568
817	766
823	772
985	924
759	712
582	546
1052	987
650	610
539	506
953	895
972	914
909	855
678	638
680	640
619	583
402	379
515	486
999	943
345	326
871	824
334	316
1002	948
994	941
957	906
1033	978
961	910
454	430
606	574
928	879
1004	951
448	425
437	415
622	591
990	942
992	944
526	501
890	848
424	404
892	850
1044	995
926	883
778	742
218	208
1031	984
440	420
706	674
574	548
975	931
540	516
213	204
974	933
666	638
468	449
522	501
953	915
1017	977
486	467
129	124
789	759
1034	995
931	896
967	931
790	761
881	849
887	855
111	107
895	863
903	871
854	824
400	386
949	916
639	617
677	654
637	616
698	675
650	629
817	791
223	216
681	660
490	475
1030	999
563	547
176	171
845	822
826	804
874	851
919	895
345	336
466	454
708	690
831	810
921	898
965	941
724	706
934	911
742	724
675	659
398	389
532	520
360	352
948	927
816	799
581	569
1017	996
924	906
413	405
568	557
691	678
817	802
508	500
384	378
844	831
718	707
327	322
1003	988
1004	989
1014	999
205	202
726	716
444	438
761	751
314	310
628	620
712	703
406	401
837	827
871	861
526	520
803	794
948	938
777	769
981	971
704	697
810	802
831	823
551	546
776	769
800	793
834	827
379	376
518	514
390	387
680	675
962	955
468	465
328	326
849	844
798	794
991	988
844	842
921	919
490	489
625	624
722	721
247	247
480	480
135	135
1	1
1	1
51	51
899	901
417	418
725	727
591	593
844	847
525	527
261	262
470	472
606	609
925	930
739	743
540	543
351	353
175	176
823	828
912	918
902	908
898	904
845	852
711	717
670	676
659	665
957	966
679	686
848	857
276	279
916	926
723	731
451	456
984	995
957	968
829	839
889	900
944	956
919	931
371	376
292	296
801	812
285	289
638	647
556	564
673	683
803	815
979	994
837	850
445	452
698	709
432	439
244	248
182	185
302	307
350	356
967	984
281	286
327	333
869	885
977	995
911	928
696	709
890	907
846	863
793	809
297	303
939	958
918	937
821	838
808	825
330	337
907	927
892	912
976	998
842	861
437	447
910	932
762	781
855	877
385	395
557	572
852	875
764	785
929	955
602	619
768	790
698	718
797	820
448	461
542	558
940	968
521	537
780	804
421	434
799	824
543	560
747	771
558	576
584	603
879	908
303	313
447	462
714	738
892	924
249	258
882	914
688	713
708	734
921	955
812	842
460	477
484	502
884	917
770	799
629	653
235	244
313	325
703	730
865	899
958	996
175	182
699	728
327	341
481	502
761	795
940	982
951	994
811	848
798	835
705	738
299	313
469	491
868	909
861	902
587	615
668	700
500	524
578	606
308	323
902	946
695	729
566	594
705	740
443	465
942	990
772	812
945	994
308	324
377	397
697	734
843	888
397	419
590	623
553	584
713	754
330	349
573	606
902	954
828	876
464	491
426	451
736	780
602	638
349	370
701	744
877	931
809	859
862	916
730	776
141	150
929	989
846	901
446	475
717	764
640	682
90	96
404	431
698	745
860	918
160	171
764	818
494	529
462	495
763	818
290	311
521	559
465	499
887	952
732	786
488	524
864	928
818	879
831	893
486	523
731	787
682	735
815	879
516	557
716	773
816	881
413	446
922	997
821	888
605	655
361	391
862	934
591	641
861	934
752	816
129	140
629	683
128	139
728	791
710	772
672	731
429	467
618	673
661	720
811	884
863	941
816	890
352	384
714	779
710	775
382	417
390	426
409	447
331	362
708	776
869	953
638	700
817	897
808	888
444	488
564	620
594	653
598	658
807	888
691	761
631	695
502	553
876	965
782	862
428	472
486	536
883	974
772	852
664	733
730	806
431	476
293	324
791	875
904	1000
727	805
381	422
721	799
610	676
402	446
840	932
73	81
854	948
772	857
807	896
707	785
708	787
322	358
742	825
768	854
856	952
673	749
369	411
667	743
831	926
759	846
729	813
729	813
260	290
337	376
518	578
724	808
448	500
291	325
778	869
239	267
731	817
331	370
674	754
647	724
663	742
620	694
649	727
366	410
801	898
542	608
488	548
609	684
738	830
704	792
326	367
676	762
470	530
587	662
218	246
685	773
548	619
524	592
569	643
702	794
716	810
685	775
685	775
561	635
460	521
672	763
518	589
233	265
644	733
639	728
714	814
448	511
632	721
560	639
402	459
148	169
155	177
507	579
575	657
691	791
214	245
407	466
248	284
55	63
354	406
394	452
618	709
409	470
139	160
430	495
514	592
500	576
447	515
292	337
643	743
636	735
378	437
531	615
251	291
345	400
197	229
337	392
354	412
580	676
241	281
247	288
559	652
483	564
494	577
570	666
279	327
411	483
436	513
260	306
506	596
112	132
402	475
443	524
174	206
248	294
531	630
164	195
389	463
507	605
362	432
185	221
246	294
198	237
369	442
500	599
397	476
462	554
290	348
493	592
341	410
110	133
189	229
99	120
385	467
431	523
380	463
325	397
234	287
356	437
210	259
290	359
172	213
356	441
400	497
210	261
90	112
355	443
149	186
372	467
125	157
69	87
318	401
286	366
99	127
196	252
173	223
236	305
300	390
300	390
275	358
304	398
322	422
280	367
105	138
201	266
237	314
163	218
289	387
111	149
162	218
273	368
222	300
182	248
175	239
253	346
108	151
249	349
55	78
78	111
130	186
224	321
198	284
225	324
160	233
205	301
113	166
95	140
160	236
209	309
167	247
196	290
56	83
192	285
174	262
153	233
118	181
149	229
124	192
168	264
150	237
47	75
162	260
93	150
155	251
123	202
123	203
3	5
96	160
51	88
128	221
98	170
111	198
122	218
99	183
102	189
78	145
93	177
27	52
57	111
103	201
84	175
76	159
70	152
61	142
50	119
19	51
34	95
31	92
1	3
26	98
30	116
16	66
8	38
21	107
5	28
18	101
1	9
1	9
1	9
1	10
7	85
1	18
1	21
1	21
1	22
3	78
1	27
1	30
1	41
1	46
1	47
1	64
1	73
1	81
1	82
1	84
1	89
77	2
103	3
22	1
59	5
19	2
7	1
122	22
73	16
114	25
89	24
91	25
112	33
57	18
28	9
121	39
123	46
136	52
149	57
86	33
69	29
149	64
143	63
151	67
177	82
141	67
192	94
136	69
168	88
143	75
200	113
192	109
81	46
209	119
233	133
94	54
181	105
65	38
208	122
231	140
248	152
261	163
91	57
162	102
238	152
60	39
249	162
78	51
195	128
190	125
279	184
217	144
139	93
283	191
219	148
198	134
229	155
250	170
289	200
36	25
115	80
157	110
331	232
246	173
306	217
346	248
131	94
282	203
79	57
145	105
363	263
69	50
302	219
241	175
323	236
208	154
355	263
116	86
284	211
359	267
207	154
272	204
99	75
209	159
198	152
411	317
199	154
58	45
366	284
269	209
171	133
185	144
433	338
337	264
273	214
371	291
393	312
245	195
393	314
264	211
447	358
478	383
428	343
162	130
316	254
337	271
431	347
432	348
479	386
433	351
429	348
404	328
449	365
279	227
291	237
246	201
532	437
410	337
450	370
531	437
541	446
57	47
154	127
527	435
92	76
527	436
542	452
509	425
299	250
208	174
474	397
518	434
463	389
577	486
568	479
550	464
634	535
646	546
254	215
353	299
249	211
184	156
642	545
313	266
568	483
268	228
409	348
490	417
633	539
595	507
552	471
539	460
410	350
246	210
465	397
212	181
573	490
629	538
249	213
457	391
619	530
675	578
412	353
460	396
514	443
572	493
567	489
523	452
737	638
486	421
699	608
584	508
460	401
290	253
738	645
659	576
787	688
617	540
401	351
629	551
784	687
164	144
791	696
762	671
210	185
354	312
490	432
229	202
486	429
862	762
742	656
768	679
722	639
688	609
525	465
849	752
754	668
246	218
185	164
865	767
772	685
853	757
356	316
652	579
814	723
332	295
495	440
181	161
537	478
440	392
577	515
270	241
626	559
269	241
712	638
261	234
682	613
524	471
327	294
828	745
439	395
920	828
711	640
431	388
454	409
939	846
567	511
325	293
1002	904
225	203
440	397
955	862
1002	905
766	692
679	614
1045	945
739	670
676	613
817	741
410	372
945	858
711	646
635	577
969	881
762	693
466	424
1090	992
914	832
758	690
527	480
748	682
988	901
799	729
596	544
1011	923
867	792
939	858
746	682
807	738
938	858
744	681
995	911
652	597
1009	924
334	306
843	773
905	830
484	444
823	755
864	793
517	475
803	738
533	490
310	285
510	469
325	299
100	92
702	646
866	797
226	208
1048	965
859	791
354	326
912	840
797	735
682	629
453	418
1014	936
587	542
731	675
170	157
1032	955
864	800
642	595
1054	977
1060	983
1054	978
396	368
1009	938
529	492
845	786
908	845
1015	946
883	823
986	920
1049	979
678	633
665	621
802	749
1045	976
1020	953
434	406
739	692
825	773
968	907
942	884
1026	963
115	108
857	805
710	667
811	762
912	857
366	344
920	865
586	551
924	869
606	570
371	349
659	620
595	560
295	278
663	625
489	461
944	890
878	828
934	882
810	765
509	481
982	929
668	632
873	827
1031	977
460	436
905	858
657	623
1001	951
622	591
486	462
1039	988
877	834
1027	978
462	440
898	856
472	450
926	883
799	762
996	950
1042	994
881	841
932	890
1008	963
859	821
933	892
1013	969
806	771
765	732
696	666
890	852
831	796
926	887
832	797
144	138
842	807
121	116
654	627
680	652
609	584
880	844
934	896
727	698
201	193
931	894
483	464
580	558
964	928
675	650
795	766
801	772
530	511
852	823
865	836
150	145
991	958
544	526
908	878
396	383
947	916
184	178
924	894
593	574
659	638
418	405
495	480
1015	985
917	890
584	567
899	873
733	712
350	340
846	822
791	769
1002	975
743	723
1019	992
653	636
696	678
745	726
590	575
793	773
840	819
696	679
910	888
474	463
977	955
761	744
494	483
860	842
528	517
551	540
966	947
308	302
364	357
743	729
638	626
532	522
593	582
270	265
163	160
839	824
534	525
993	977
884	870
259	255
587	578
487	480
941	928
798	787
860	849
261	258
447	442
760	752
387	383
1002	992
907	898
912	903
309	306
743	736
578	573
972	964
980	972
250	248
843	837
706	701
854	849
515	512
734	730
997	992
666	663
506	504
865	862
613	611
877	875
919	917
460	459
964	962
859	858
884	883
863	863
1	1
1	1
768	769
730	731
675	676
437	438
420	421
790	792
358	359
629	631
522	524
464	466
430	432
799	803
964	969
920	925
908	913
903	908
666	670
957	963
727	732
845	851
844	850
695	700
968	975
552	556
390	393
949	957
937	946
800	808
900	909
982	992
588	594
391	395
577	583
621	628
249	252
486	492
723	732
633	641
442	448
646	655
851	863
495	502
689	699
810	823
905	920
942	958
235	239
343	349
787	801
730	743
430	438
904	922
394	402
625	638
697	712
926	946
673	688
486	497
965	987
216	221
643	658
922	944
705	722
317	325
615	631
868	892
680	699
643	661
389	400
890	916
675	695
906	933
233	240
685	706
779	803
861	888
809	835
466	481
152	157
750	775
571	591
365	378
924	957
389	403
192	199
675	700
456	473
855	887
473	491
156	162
751	780
873	907
737	766
810	842
577	600
748	778
919	956
734	764
512	533
944	983
717	747
901	939
900	938
493	514
912	951
583	608
511	533
692	722
549	573
114	119
812	848
404	422
448	468
850	888
288	301
684	715
242	253
388	406
620	649
342	358
811	849
865	906
630	660
165	173
514	540
765	804
371	390
564	593
671	706
629	662
362	381
476	501
818	861
928	977
681	717
887	934
736	775
525	553
875	922
577	608
558	588
666	702
809	854
784	828
815	861
871	921
592	626
865	915
481	509
872	923
938	993
136	144
304	322
421	446
269	285
469	497
719	762
881	934
282	299
298	316
492	522
623	661
753	799
619	657
713	757
664	705
807	857
595	632
915	972
668	710
532	566
888	946
306	326
925	986
836	892
567	605
617	659
933	997
636	680
804	860
556	595
213	228
893	956
734	786
832	891
759	813
736	789
830	890
814	873
261	280
41	44
394	423
675	725
337	362
481	517
690	742
843	907
579	623
247	266
637	686
435	469
895	965
767	827
203	219
265	286
587	634
672	726
922	997
687	743
133	144
742	804
561	608
856	928
475	515
354	384
303	329
871	946
636	691
781	849
735	800
784	854
859	936
802	874
490	534
679	742
409	447
742	811
828	905
374	409
605	662
752	823
617	676
469	514
198	217
768	842
341	374
444	487
631	693
468	514
775	852
612	673
860	946
909	1000
835	919
654	720
779	858
727	801
780	860
746	823
494	545
58	64
193	213
347	383
848	936
529	584
672	742
381	421
446	493
872	964
104	115
585	647
487	539
606	671
772	855
102	113
111	123
646	716
787	873
311	345
237	263
498	553
353	392
663	737
799	890
718	800
582	649
447	499
567	633
489	546
120	134
751	839
324	362
110	123
785	878
361	404
803	899
826	925
390	437
281	315
777	872
326	366
753	846
444	499
798	897
458	515
682	767
557	627
541	609
348	392
691	779
628	708
382	431
432	488
679	768
463	524
626	709
419	475
358	406
632	717
649	737
506	575
271	308
271	308
497	565
718	817
645	734
637	725
492	560
545	621
607	693
337	385
438	501
638	731
601	689
616	707
660	758
388	446
421	484
441	507
637	733
556	641
451	520
307	354
385	444
454	524
175	202
613	708
586	677
206	238
482	557
607	702
248	287
610	706
629	728
627	726
585	678
409	476
586	682
603	702
450	524
559	651
577	672
563	656
120	140
186	217
538	628
351	410
479	560
477	558
170	199
497	582
575	674
564	662
253	297
149	175
234	275
537	632
439	517
494	582
335	395
361	427
497	588
185	219
249	295
236	280
505	600
388	461
324	385
327	391
458	550
119	143
373	450
364	441
339	411
437	530
383	465
223	271
394	479
289	352
455	555
354	432
322	393
365	446
36	44
202	248
320	393
324	398
282	348
106	131
325	402
219	271
291	361
178	221
373	465
174	217
247	310
262	329
354	446
274	347
313	399
127	163
310	398
338	435
215	278
327	423
79	103
115	150
268	352
274	360
111	146
291	383
160	211
303	401
154	206
94	126
202	271
263	353
256	345
230	310
238	322
205	279
253	345
237	324
197	270
91	125
61	84
124	171
258	356
222	307
36	50
15	21
213	300
145	205
207	293
28	40
192	275
129	186
145	213
89	131
181	267
144	213
45	67
193	288
74	112
167	257
148	229
7	11
113	178
138	218
145	232
154	247
142	236
3	5
58	98
134	232
31	54
78	136
127	222
117	206
107	193
102	184
98	182
63	119
105	202
83	164
51	104
45	96
53	118
48	107
73	164
38	88
65	159
1	3
37	111
28	100
22	92
1	5
1	5
15	81
15	84
17	97
13	87
14	98
8	71
1	9
1	12
1	12
1	12
1	16
1	26
1	27
1	27
1	29
1	30
1	30
1	31
1	31
1	33
1	34
1	38
1	42
1	44
1	45
1	46
1	48
1	48
1	49
1	56
1	61
1	80
1	84
81	4
98	10
102	17
101	21
42	9
87	20
114	29
57	16
121	34
113	32
143	43
44	15
29	10
89	34
54	21
147	58
137	56
44	18
138	58
98	42
22	10
119	55
132	62
162	78
162	79
98	48
130	66
181	92
92	47
13	7
187	104
150	84
100	58
227	134
174	103
230	140
227	142
211	132
190	120
206	131
254	162
266	170
250	161
191	124
286	186
244	164
310	211
238	163
277	190
263	181
184	127
321	224
290	203
120	84
157	110
121	85
191	135
347	249
245	176
205	148
178	129
11	8
265	193
256	189
283	210
364	272
20	15
204	153
105	79
313	236
338	255
332	251
390	298
119	91
47	36
292	224
219	168
129	99
309	238
420	326
204	159
214	167
170	133
222	174
311	244
436	343
264	208
227	179
430	340
273	216
391	310
330	262
414	329
302	240
274	218
383	305
447	359
480	386
502	404
492	397
334	271
384	312
513	418
147	120
540	441
82	67
407	333
381	312
383	314
317	260
274	225
551	454
486	401
410	339
218	181
219	182
426	355
344	287
564	471
542	453
483	406
327	275
267	225
187	158
129	109
480	406
591	500
306	259
85	72
289	245
661	562
202	172
183	156
563	480
287	245
548	468
261	223
367	314
664	569
693	594
442	379
597	512
436	374
679	583
624	536
271	233
243	209
704	606
174	150
393	339
584	504
389	336
316	273
262	227
120	104
271	235
735	638
755	656
676	589
272	237
353	308
456	398
629	549
371	324
627	548
716	626
537	470
595	521
656	575
391	343
636	559
694	611
713	628
287	253
363	320
568	501
744	657
317	280
763	674
321	284
704	623
404	358
643	570
150	133
584	518
743	660
797	708
278	247
767	682
650	578
614	546
218	194
855	761
728	648
593	528
542	483
285	254
904	806
655	584
820	732
767	685
553	494
113	101
349	312
227	203
343	307
946	847
906	812
857	770
632	568
633	569
841	756
475	427
970	872
970	872
426	383
149	134
719	647
400	360
930	837
902	812
772	695
692	623
733	660
191	172
997	898
504	454
434	391
1008	909
789	712
888	802
466	421
643	581
509	460
967	874
845	764
964	873
636	576
885	802
342	310
1006	912
836	758
1072	972
638	579
458	416
448	407
996	905
909	826
891	810
297	270
308	280
651	592
1027	934
972	884
657	598
156	142
1082	985
926	843
905	824
1071	976
215	196
737	672
780	712
968	884
405	370
861	787
828	757
1055	965
920	843
939	861
675	619
205	188
808	741
377	346
1035	950
894	821
1000	919
521	479
993	913
974	896
1063	978
288	265
778	716
389	358
860	793
848	782
966	891
664	614
241	223
554	513
299	277
806	747
847	785
1001	928
990	918
234	217
859	797
707	656
584	542
114	106
157	146
506	471
813	757
1003	934
742	691
1012	943
926	863
782	729
1019	950
889	829
1021	954
1017	951
419	392
980	917
935	875
593	555
960	899
378	354
709	664
993	930
499	468
867	814
740	695
692	650
683	642
921	866
492	463
426	401
904	851
1013	954
155	146
951	896
469	442
1027	968
544	513
424	400
460	434
514	485
927	875
179	169
611	577
676	639
869	822
796	753
611	578
465	440
602	570
1041	986
951	901
952	903
588	558
642	610
824	783
898	854
820	780
902	858
821	781
330	314
867	825
1041	991
544	518
1047	997
798	760
487	464
666	635
453	432
577	551
697	666
721	689
619	592
528	505
666	637
692	662
676	647
700	670
751	719
1010	967
47	45
872	835
660	632
513	492
864	829
953	915
539	518
878	844
827	795
426	410
484	466
135	130
279	269
587	566
817	788
374	361
870	840
822	794
624	603
687	664
551	533
836	809
684	662
530	513
439	425
628	608
1022	990
824	800
896	870
517	502
764	742
941	914
317	308
916	890
607	590
250	243
863	839
937	911
875	851
746	726
947	922
341	332
880	857
77	75
656	639
553	539
575	561
588	574
424	414
425	415
942	920
814	795
875	855
974	952
898	878
295	289
640	627
792	776
905	887
422	414
795	780
817	802
600	589
383	376
335	329
695	683
1007	990
261	257
788	776
931	917
548	540
464	458
473	467
477	471
969	957
825	815
618	611
896	886
993	983
816	808
307	304
922	913
515	510
429	425
863	855
1005	996
684	678
592	587
356	353
960	952
749	743
786	780
821	815
824	818
844	839
722	718
189	188
626	623
445	443
812	809
547	545
594	592
304	303
332	331
553	552
679	678
846	845
911	911
67	67
971	971
508	508
820	820
554	554
842	842
1	1
962	963
960	961
669	670
571	572
544	545
837	839
373	374
720	722
955	958
839	842
806	809
259	260
744	747
688	691
940	945
502	505
472	475
926	932
308	310
970	977
806	812
532	536
930	937
124	125
850	857
481	485
485	490
656	663
737	745
534	540
524	530
965	977
615	623
500	507
667	677
716	727
852	866
417	424
867	882
740	753
888	904
217	221
593	604
946	964
909	927
521	532
743	759
868	887
800	818
884	904
573	586
849	869
678	694
887	908
718	735
967	990
457	468
823	843
370	379
731	749
351	360
621	637
460	472
561	576
448	460
816	838
680	700
365	376
882	909
906	934
353	364
689	711
497	513
643	664
517	534
482	498
910	942
311	322
378	392
212	220
503	522
600	623
673	699
687	714
533	554
827	860
798	830
945	983
545	567
268	279
876	912
826	860
919	957
691	720
806	840
741	773
229	239
686	716
352	368
283	296
191	200
820	860
880	923
654	686
864	907
512	538
373	392
813	855
793	834
516	543
514	541
897	946
326	344
661	698
855	903
564	596
404	427
768	812
226	239
724	766
769	814
558	591
926	981
450	477
850	901
433	459
429	455
790	838
734	779
114	121
602	639
146	155
840	892
590	627
669	711
445	473
692	736
750	798
873	929
653	695
665	708
688	733
745	794
314	335
762	813
626	668
625	667
341	364
575	614
698	746
739	790
793	848
673	720
371	397
356	381
680	728
694	743
352	377
908	973
416	446
289	310
685	735
657	705
860	923
886	951
845	907
257	276
769	826
876	941
888	954
695	747
264	284
850	915
456	491
611	658
671	723
688	742
634	684
834	900
897	968
755	815
238	257
539	583
778	842
863	934
194	210
646	700
191	207
577	626
870	944
362	393
640	695
766	832
139	151
587	638
597	649
743	808
903	982
674	733
912	992
79	86
654	712
811	883
580	632
678	739
143	156
351	383
764	834
120	131
761	831
505	552
653	714
706	772
738	808
481	527
135	148
619	679
680	747
797	876
161	177
743	817
622	684
110	121
818	900
856	942
533	587
285	314
571	630
839	926
820	906
572	632
418	462
787	870
813	899
820	907
497	550
761	843
250	277
370	410
563	624
386	428
799	886
251	279
430	478
492	547
590	656
787	876
778	866
511	569
690	769
384	428
793	885
542	605
206	230
513	573
85	95
589	660
431	483
737	826
455	510
543	609
380	427
419	471
617	694
707	796
475	535
663	747
513	578
749	844
534	602
563	635
779	879
333	376
619	699
738	834
182	206
432	489
438	496
528	598
360	408
157	178
432	490
499	566
417	473
416	472
549	623
385	437
642	729
361	410
390	443
279	317
377	429
456	519
300	342
150	171
185	211
135	154
426	486
454	518
417	476
473	540
679	777
103	118
411	471
176	202
383	440
534	614
196	226
432	499
89	103
366	424
618	716
591	685
386	448
255	296
428	497
496	576
605	703
424	493
459	534
421	490
445	518
134	156
271	316
229	268
234	274
566	663
220	258
346	406
555	652
450	529
176	207
363	427
391	460
269	317
504	595
360	425
393	464
94	111
427	505
231	274
75	89
466	553
407	484
341	406
464	553
239	285
489	584
447	534
235	281
476	570
496	594
488	585
217	261
78	94
414	499
483	583
437	528
175	212
364	441
236	286
354	430
294	358
293	357
224	273
115	141
137	168
251	308
383	470
179	220
277	341
402	495
310	382
396	488
377	467
381	474
285	355
309	386
314	393
226	284
214	269
305	384
293	369
292	368
349	440
300	379
224	283
330	418
132	168
62	79
291	371
324	414
61	78
265	339
334	428
283	364
328	422
340	439
182	235
119	154
240	313
285	373
55	72
316	414
276	362
189	248
156	206
190	251
193	255
87	115
238	315
250	333
256	341
271	361
216	288
168	226
89	120
285	385
224	303
217	294
226	309
247	338
234	321
221	304
233	324
83	116
233	326
250	350
77	108
70	99
12	17
237	336
184	262
98	140
174	251
166	243
171	253
99	147
114	170
105	157
134	201
178	273
128	197
113	174
154	239
172	267
55	86
150	237
153	242
150	241
115	185
107	173
95	154
55	90
97	163
88	148
127	216
128	223
67	117
93	164
112	201
69	130
63	121
82	161
67	137
15	31
52	109
79	168
53	113
51	115
34	81
13	31
33	79
66	160
32	79
66	165
34	88
23	66
51	149
32	95
1	3
23	95
9	56
4	25
9	67
9	74
8	83
1	11
1	13
1	22
1	22
3	83
1	28
1	29
1	39
1	39
1	40
1	42
1	46
1	47
1	52
1	54
1	65
1	71
1	74
1	75
1	76
1	84
74	6
72	9
107	18
33	6
106	20
108	21
76	15
117	24
106	23
85	19
100	23
114	27
45	11
63	16
71	19
114	34
140	42
114	38
29	10
98	35
149	56
110	44
135	56
87	37
176	76
71	32
166	75
136	62
175	84
130	63
125	61
115	57
157	78
193	96
139	71
149	78
58	31
158	85
22	12
106	58
178	98
195	110
136	78
168	97
190	111
128	75
213	125
123	76
110	68
254	158
67	42
215	135
220	139
248	157
225	144
45	29
60	39
226	147
277	181
237	156
88	58
256	169
222	147
293	195
108	72
117	78
173	116
295	198
174	117
159	107
296	201
253	172
185	126
314	215
51	35
287	198
311	215
203	141
227	159
287	203
270	191
293	208
194	138
106	76
283	203
258	186
122	88
273	197
190	138
326	237
276	203
158	117
297	220
317	235
264	196
373	277
51	38
254	190
358	268
300	225
307	233
321	244
259	198
215	165
97	75
232	181
352	275
250	196
182	143
341	268
409	322
306	241
290	229
450	356
393	311
460	367
438	350
126	101
419	336
466	376
497	403
413	335
377	306
475	387
405	331
511	418
479	392
487	399
495	406
234	192
286	235
488	401
457	376
336	277
357	295
428	354
434	359
490	406
193	160
347	288
306	254
348	289
484	403
301	251
290	242
231	193
597	502
435	366
421	355
404	341
518	438
209	177
340	288
497	421
288	244
286	243
449	382
283	241
616	525
493	421
556	475
539	461
687	588
689	590
631	541
682	585
443	380
349	300
421	363
22	19
510	441
432	374
539	468
388	337
397	345
620	539
629	547
583	507
683	594
509	443
641	558
363	316
403	351
621	541
430	375
432	377
676	590
532	465
519	454
671	587
642	562
696	611
574	504
773	679
459	404
793	698
777	685
720	635
523	462
758	670
335	297
619	549
418	371
606	538
116	103
197	175
458	407
858	763
630	561
484	431
395	352
684	610
717	640
894	798
574	513
773	691
321	287
693	620
826	739
656	587
664	595
607	544
667	598
457	410
867	778
429	385
824	740
702	631
813	731
967	870
532	479
976	879
827	745
972	876
852	768
914	824
448	404
846	763
482	435
885	799
969	875
517	468
138	125
596	540
841	762
374	339
743	674
496	450
626	568
800	726
498	452
499	453
783	711
381	346
686	623
828	752
901	819
849	772
960	873
585	532
914	832
660	601
667	608
567	517
499	455
726	662
420	383
466	425
184	168
1027	938
662	605
988	903
735	672
958	876
199	182
762	697
340	311
1009	923
956	875
379	347
524	480
1060	971
645	591
504	462
806	739
462	424
268	246
933	857
970	891
934	858
971	892
856	787
600	552
926	852
840	773
163	150
1082	996
342	315
850	783
702	647
549	506
537	495
422	389
744	686
863	796
933	861
832	768
1054	973
965	891
955	882
974	900
1019	942
1074	993
825	763
720	666
775	717
482	446
1049	971
499	462
992	919
924	857
580	538
795	738
837	777
475	441
1028	955
1044	970
1009	938
697	648
842	783
944	878
788	733
648	603
636	592
784	730
758	706
498	464
132	123
30	28
991	925
664	620
624	583
843	788
982	918
508	475
775	725
828	775
864	809
456	427
332	311
997	934
304	285
736	690
993	931
710	666
683	641
736	691
830	780
708	666
985	927
975	918
688	648
953	898
312	294
989	932
630	594
894	843
319	301
535	505
716	676
991	936
957	904
615	581
859	812
501	474
427	404
762	721
933	883
655	620
906	858
661	626
989	937
382	362
803	761
1055	1000
270	256
815	773
843	800
256	243
491	467
759	722
657	625
208	198
955	910
823	785
967	923
924	882
339	324
791	756
883	844
725	693
960	918
869	831
826	790
419	401
801	767
920	881
898	860
742	711
793	760
268	257
964	926
128	123
1014	975
732	704
950	914
884	851
804	774
592	570
814	784
698	673
728	702
200	193
486	469
720	695
634	612
1035	1000
211	204
1004	971
640	619
398	385
967	936
468	453
844	817
1003	971
669	648
727	705
863	837
974	945
481	467
693	673
993	965
322	313
900	875
509	495
510	496
549	534
697	678
965	939
965	939
969	943
909	885
813	792
931	907
662	645
858	836
753	734
714	696
776	757
623	608
89	87
401	392
736	720
797	780
471	461
427	418
856	838
866	848
299	293
907	889
913	895
464	455
678	665
424	416
898	882
842	827
994	978
564	555
956	941
587	578
398	392
766	755
641	632
859	847
1009	995
445	439
970	957
614	606
722	713
663	655
933	922
682	674
556	550
936	926
666	659
692	685
397	393
409	405
994	985
689	683
819	812
592	587
948	940
537	533
882	876
746	741
315	313
989	983
522	519
362	360
615	612
237	236
916	913
673	671
707	705
471	470
551	550
584	583
929	928
938	937
528	528
661	661
1	1
776	776
259	259
452	452
760	761
742	743
482	483
469	470
701	703
642	644
893	896
481	483
892	896
651	654
866	870
649	652
372	374
710	714
387	390
756	762
869	876
242	244
963	971
361	364
592	597
948	957
937	946
943	953
471	476
650	657
688	696
479	485
708	717
829	840
577	585
551	559
974	989
579	588
427	434
862	877
939	956
657	669
813	828
743	757
633	645
871	888
763	778
750	765
922	941
803	821
789	807
522	534
861	881
885	906
125	128
833	853
816	836
685	702
720	738
430	441
544	558
842	864
831	853
857	880
821	844
899	926
527	543
457	471
641	661
556	574
954	986
830	858
619	640
858	888
760	787
889	921
746	773
791	821
918	953
472	490
917	952
546	568
491	511
660	687
878	914
767	799
883	920
402	419
957	998
349	364
534	557
394	411
750	783
544	568
802	838
600	627
774	809
808	846
484	507
454	476
594	623
932	978
616	647
536	563
99	104
948	996
767	806
334	351
743	782
820	864
223	235
611	644
721	760
615	649
920	971
895	945
904	955
383	405
634	671
610	646
624	661
774	820
235	249
514	545
881	935
682	724
856	909
484	514
821	873
470	500
700	745
921	981
889	947
564	601
396	422
347	370
527	562
732	781
878	937
915	977
572	611
777	830
584	624
686	733
772	825
407	435
448	479
600	642
722	773
779	835
734	787
837	898
874	938
872	936
864	928
787	847
928	1000
460	496
421	454
905	976
599	646
852	919
325	351
311	336
691	747
740	800
148	160
415	449
888	961
303	328
544	589
759	822
421	456
815	883
848	919
809	877
367	398
864	938
856	930
532	578
724	787
873	949
630	685
790	859
900	979
727	791
836	911
607	662
591	645
818	893
730	797
362	396
893	978
786	861
544	596
425	466
319	350
866	951
473	520
593	652
863	949
641	705
781	861
801	885
903	998
538	595
395	437
395	437
611	676
823	911
576	638
777	861
662	734
807	895
786	872
329	365
537	596
91	101
580	644
687	763
723	803
397	441
840	934
497	553
753	838
867	965
596	664
701	781
622	693
747	833
609	681
219	245
530	593
336	376
428	479
710	795
757	848
792	888
330	370
507	569
653	733
472	530
251	282
152	171
327	368
642	723
683	770
563	635
422	476
637	719
406	459
753	852
521	590
429	486
466	528
718	814
516	585
659	748
281	319
199	226
667	758
543	618
188	214
532	606
545	621
684	780
518	591
645	736
451	515
626	715
286	327
576	661
291	334
412	473
269	309
588	676
628	722
553	636
293	337
133	153
185	213
571	658
492	568
592	684
508	587
589	681
486	562
603	698
557	645
150	174
331	384
442	513
479	556
566	657
246	286
246	287
282	329
204	238
373	436
59	69
559	654
292	342
568	667
572	672
446	524
193	227
113	133
253	298
494	582
537	633
456	538
456	538
200	236
399	471
276	326
382	452
424	502
65	77
472	560
391	464
348	413
482	573
338	402
400	476
199	237
261	311
418	499
129	154
493	589
51	61
305	365
328	393
375	450
210	252
5	6
192	231
319	384
381	459
366	442
178	215
388	470
393	477
313	380
153	186
308	375
408	497
365	445
72	88
90	110
441	540
155	190
316	388
378	465
288	355
375	464
214	265
323	401
236	293
298	371
301	375
397	495
345	432
341	427
363	455
369	463
321	403
128	161
378	476
280	353
372	471
83	106
357	456
181	233
300	387
277	360
322	419
120	157
295	387
299	394
62	82
115	153
272	364
174	234
113	152
155	209
193	262
137	186
184	252
113	155
156	214
242	332
84	116
128	177
243	339
181	255
144	205
188	269
136	196
113	163
187	272
166	242
94	139
177	263
95	142
173	259
52	78
174	265
127	196
33	51
156	242
37	58
162	254
65	102
152	239
65	104
162	261
126	209
112	188
120	206
93	160
129	224
107	186
131	228
65	115
96	171
73	132
39	71
121	221
66	124
113	213
100	190
73	140
52	103
1	2
56	112
79	159
90	185
77	159
48	102
34	73
80	175
67	158
68	168
47	125
37	103
37	112
18	65
28	102
29	110
31	126
13	54
19	88
1	5
16	97
19	117
18	114
16	111
1	7
1	12
1	12
8	107
1	14
1	23
1	25
1	26
1	28
1	31
1	32
1	33
1	33
1	42
1	43
1	65
1	67
1	74
1	76
1	78
1	83
96	3
76	4
94	8
92	29
89	29
97	41
103	45
109	48
177	79
56	25
175	81
143	67
19	9
164	79
170	84
147	74
164	83
136	69
66	34
123	65
192	102
199	108
185	101
118	66
130	73
51	29
228	130
166	97
107	63
212	125
111	67
172	104
252	154
84	52
86	54
99	63
195	125
223	145
75	49
234	153
238	156
122	81
51	34
277	188
47	32
229	157
51	35
273	188
101	70
121	84
56	39
255	179
329	231
336	238
335	238
318	227
217	156
338	245
169	123
260	190
191	140
346	254
48	36
384	289
212	160
90	68
337	255
326	247
301	229
216	165
313	240
117	90
171	132
335	259
405	314
410	318
223	173
447	347
273	212
341	265
426	332
409	320
318	249
233	183
416	329
269	213
169	134
263	209
357	284
316	252
289	231
145	116
488	391
476	382
351	282
93	75
488	394
291	235
410	332
526	426
212	172
492	402
271	224
442	366
530	439
549	455
390	324
534	444
190	158
386	321
264	220
315	263
547	457
535	447
446	373
415	348
609	511
460	386
125	105
439	369
201	169
490	412
416	350
482	406
191	161
499	421
318	269
604	511
273	231
575	487
433	367
593	503
514	436
343	291
417	354
419	356
181	154
476	405
423	360
565	481
388	331
604	516
606	519
183	157
690	592
567	487
487	420
706	609
284	245
460	397
557	481
705	609
634	548
590	510
661	572
710	615
249	216
515	447
282	245
565	492
249	217
370	323
182	159
769	672
452	395
246	215
621	543
546	478
733	642
802	703
786	689
276	242
772	677
759	666
523	459
139	122
804	706
349	307
283	249
567	499
735	648
602	531
696	614
690	610
423	374
763	675
746	660
462	409
378	335
828	734
627	557
448	398
441	392
684	608
514	457
695	618
565	503
484	431
496	442
819	730
525	468
487	435
637	569
452	404
802	717
529	473
350	313
843	754
942	843
505	452
773	692
296	265
851	762
884	793
704	632
587	527
617	554
399	359
690	621
680	612
481	433
745	671
423	381
212	191
1000	901
779	702
325	293
897	809
649	586
876	791
633	572
711	643
795	719
566	512
924	836
631	571
349	316
764	693
1068	969
702	637
769	698
260	236
326	296
913	829
762	692
773	702
921	837
396	360
1003	912
808	735
710	646
667	607
267	243
323	294
1029	937
1061	967
806	735
1079	984
252	230
689	629
692	632
969	885
1063	971
1066	974
800	731
1012	925
1003	917
836	765
806	738
760	696
1049	961
454	416
409	375
856	785
705	647
1058	971
792	727
1009	927
888	816
853	784
472	434
874	804
413	380
589	542
915	842
767	706
566	521
888	818
203	187
686	632
868	800
513	473
180	166
811	748
155	143
401	370
571	527
832	768
919	849
171	158
844	780
330	305
716	662
1028	951
829	767
644	596
606	561
654	606
442	410
921	855
801	744
887	824
844	785
604	562
375	349
811	755
973	907
964	899
1013	945
968	904
627	586
812	759
787	736
556	520
929	869
853	798
962	900
552	517
632	592
1013	949
937	878
1051	985
952	893
486	456
714	670
346	325
1009	948
1060	996
995	935
865	813
716	673
250	235
585	550
892	839
221	208
630	593
971	914
852	802
1040	979
718	676
964	908
450	424
1049	989
718	677
947	893
826	779
318	300
866	817
566	534
799	754
462	436
961	907
557	526
595	562
598	565
865	818
980	927
982	929
876	829
729	690
584	553
586	555
1027	973
837	793
552	523
707	670
1054	999
847	803
728	691
593	563
539	512
823	782
845	803
881	838
771	734
944	899
441	420
126	120
422	402
1035	986
657	626
581	554
668	637
431	411
997	951
912	871
112	107
1035	989
631	604
867	830
1009	966
849	813
781	748
526	504
654	627
926	888
465	446
860	825
542	520
690	662
1001	962
876	842
902	867
365	351
1019	980
694	668
749	721
404	389
689	664
675	651
169	163
959	926
207	200
929	899
947	917
641	621
867	840
751	728
960	931
868	842
302	293
848	823
518	503
486	472
943	916
923	897
748	727
767	746
405	394
445	433
150	146
938	913
723	704
500	487
545	531
789	769
691	674
693	676
834	814
709	692
544	531
465	454
924	903
492	481
728	712
859	841
915	896
726	711
873	855
396	388
855	838
811	795
923	906
884	868
500	491
974	957
641	630
828	814
323	318
753	742
963	949
568	560
431	425
1009	995
953	940
955	942
295	291
906	894
838	827
614	606
705	696
797	787
322	318
820	810
986	974
942	931
950	939
972	961
768	760
192	190
386	382
414	410
842	835
499	495
869	863
937	931
676	673
470	468
241	240
484	482
763	760
286	285
840	838
552	551
570	570
906	906
258	258
33	33
192	192
957	957
794	795
698	699
466	467
696	698
553	555
811	814
436	438
422	424
838	842
800	804
756	760
838	843
741	746
717	722
672	677
642	647
510	514
314	317
836	844
784	792
375	379
640	647
880	890
842	852
417	422
458	464
661	670
919	932
491	498
695	705
689	699
507	515
938	953
375	381
937	952
984	1000
542	551
899	914
167	170
270	275
699	712
483	492
590	601
727	741
849	866
236	241
423	432
770	787
754	771
973	995
819	838
558	571
515	527
720	737
528	541
683	700
779	799
581	596
885	908
603	619
619	636
581	597
425	437
843	867
413	425
574	591
67	69
948	977
488	503
485	500
691	713
436	450
683	705
628	649
561	580
745	771
544	563
899	931
533	552
586	607
756	784
724	751
827	858
793	823
567	589
771	801
534	555
584	607
906	942
502	522
466	485
608	633
750	782
210	219
680	710
901	942
918	960
495	518
389	408
753	790
506	531
615	646
309	325
591	622
743	782
495	521
587	618
502	529
722	761
627	661
781	824
687	725
876	925
946	999
783	827
605	639
919	971
318	336
740	782
890	941
889	940
899	951
910	963
220	233
777	823
151	160
921	976
418	443
535	567
433	459
599	635
867	921
449	477
928	987
267	284
691	735
800	851
435	463
589	627
743	791
696	741
866	922
834	888
768	818
938	1000
181	193
241	257
820	875
819	874
814	869
725	774
369	394
191	204
365	390
597	638
610	652
476	509
804	860
602	644
56	60
797	854
357	383
932	1000
506	543
829	890
814	874
149	160
338	363
486	522
601	646
307	330
748	805
257	277
628	677
550	593
800	863
330	356
405	437
802	866
926	1000
684	739
669	723
296	320
345	373
738	798
578	625
196	212
574	621
377	408
765	828
777	841
521	564
758	821
901	976
382	414
95	103
788	855
411	446
574	623
852	925
338	367
558	606
810	880
850	924
631	686
912	992
709	772
292	318
857	935
648	707
637	695
850	928
467	510
896	979
798	872
312	341
394	431
685	750
683	748
788	863
628	688
722	791
830	910
414	454
360	395
873	959
142	156
496	545
589	648
847	932
776	854
825	908
730	804
896	987
757	834
665	733
602	664
572	631
793	876
677	748
537	594
160	177
234	259
505	559
570	631
765	847
594	658
730	809
736	816
855	948
658	730
383	425
601	667
308	342
595	661
874	971
815	906
590	656
867	964
840	934
330	367
888	988
434	483
800	891
571	636
797	888
740	825
530	591
851	949
155	173
618	690
439	491
791	885
781	874
663	742
760	853
400	449
816	916
24	27
504	567
559	629
661	744
299	337
377	425
679	766
631	712
109	123
542	612
657	742
115	130
565	639
564	638
377	427
729	826
547	620
306	347
500	567
676	767
555	630
621	705
398	452
492	559
504	574
223	254
567	647
602	687
127	145
581	664
84	96
460	526
304	348
558	639
305	350
513	590
623	717
556	640
251	289
419	483
480	555
452	523
286	331
132	153
576	668
441	513
537	625
572	666
395	460
594	693
491	574
556	650
106	124
192	225
564	661
411	482
235	276
538	632
432	508
99	117
526	624
525	623
273	324
174	208
146	175
353	424
286	345
479	578
271	328
299	362
392	475
127	154
333	404
286	347
417	506
302	367
333	405
230	280
179	218
179	218
303	370
442	540
192	237
405	500
275	340
397	492
394	489
296	369
402	502
131	164
310	389
277	349
215	271
264	333
343	433
115	146
245	312
163	209
92	118
141	181
232	298
108	139
191	246
315	406
247	320
202	263
161	210
74	97
228	299
242	319
297	393
135	179
184	246
248	332
197	267
262	356
161	219
108	147
173	236
191	262
131	180
92	127
94	130
211	293
236	328
219	306
151	212
238	335
233	328
154	218
175	248
176	252
226	325
194	281
93	136
96	142
208	308
59	88
172	258
129	195
127	192
124	189
91	139
167	257
128	198
12	19
134	213
122	194
160	259
33	55
62	104
128	216
144	244
123	209
107	186
73	130
58	104
80	147
84	156
104	195
99	188
56	111
20	41
89	189
36	81
69	159
65	153
46	109
56	139
43	110
40	104
17	45
55	150
17	51
42	139
24	80
29	109
25	95
22	84
31	122
20	81
24	100
9	38
30	130
15	78
21	113
1	6
15	100
1	7
8	63
1	9
6	62
7	77
1	13
1	14
2	29
4	62
1	16
1	25
1	28
1	29
1	31
1	33
1	37
1	38
1	42
1	43
1	51
1	53
1	57
1	58
1	59
82	2
66	5
112	20
52	10
64	15
62	15
97	24
83	23
64	19
103	31
81	32
133	53
58	24
94	39
172	74
167	72
56	25
175	80
180	84
107	50
188	92
89	44
94	47
200	101
140	74
147	79
91	50
159	88
148	82
169	97
213	124
164	96
185	109
215	129
93	56
220	133
94	57
181	111
232	146
234	148
243	154
122	79
207	135
197	132
297	201
162	110
245	167
227	155
180	123
320	220
266	183
251	174
238	166
10	7
162	114
304	214
338	238
197	139
215	152
289	205
254	181
318	228
287	206
236	170
147	106
323	233
289	212
248	182
361	265
222	163
311	229
206	154
331	248
189	142
164	124
322	244
292	222
260	198
278	214
305	236
319	247
214	166
182	142
447	350
255	200
259	204
491	392
434	347
225	181
298	240
432	348
444	358
434	350
383	309
240	194
345	279
429	347
378	306
231	187
477	387
525	426
314	255
365	298
158	129
137	112
105	86
366	300
476	391
452	372
222	183
365	301
454	377
243	202
598	501
222	186
488	409
482	404
415	348
273	229
501	421
365	307
404	340
272	229
438	370
355	300
633	535
233	197
376	318
397	337
663	564
556	473
316	269
613	522
548	467
515	439
546	466
397	339
89	76
481	411
530	453
365	312
305	261
314	269
575	493
420	362
426	368
125	108
640	553
686	593
711	615
668	580
548	476
581	505
646	564
515	450
611	534
580	507
175	153
593	519
329	288
161	141
725	635
713	625
472	414
643	565
380	334
827	727
424	373
810	713
226	199
838	738
579	510
657	579
144	127
225	199
803	711
656	581
474	420
697	618
593	526
418	371
508	451
358	318
747	664
406	361
707	629
100	89
847	754
816	727
517	461
37	33
566	505
512	457
448	400
590	527
843	753
677	605
668	597
527	471
509	455
925	827
370	331
911	815
334	299
755	676
751	673
896	803
841	754
731	656
811	728
755	678
206	185
482	433
721	648
754	678
725	652
978	880
949	854
969	872
180	162
392	353
574	517
395	356
970	875
388	350
532	480
215	194
789	712
994	897
759	685
987	891
774	699
851	769
997	901
944	854
463	419
800	724
950	860
942	853
834	756
870	789
584	530
737	669
575	522
630	572
272	247
778	707
1025	932
739	672
664	604
830	755
1086	989
778	709
869	792
795	725
207	189
1027	938
312	285
891	814
587	537
482	441
553	506
825	756
781	716
781	717
98	90
749	688
209	192
371	341
606	557
861	792
612	563
575	529
502	462
922	849
1018	938
649	598
968	892
819	755
978	902
901	831
1034	954
958	884
622	574
858	792
702	648
833	769
341	315
725	670
885	818
608	562
876	810
266	246
346	320
1069	989
754	698
297	275
676	626
960	889
284	263
1019	944
912	845
667	618
798	740
1056	980
252	234
702	652
155	144
282	262
579	538
454	422
813	756
216	201
922	858
923	859
968	901
334	311
789	735
1056	984
618	576
339	316
741	691
743	693
818	763
687	641
553	516
682	637
288	269
774	723
873	816
613	573
861	805
708	662
385	360
796	745
579	542
235	220
757	709
757	709
571	535
797	747
866	812
770	722
739	693
1047	982
147	138
690	648
888	834
1038	975
116	109
864	812
787	740
1029	968
770	725
793	747
692	652
485	457
799	753
1012	954
1017	959
791	746
704	664
933	880
973	918
503	475
271	256
870	823
853	807
1043	987
903	855
888	841
473	448
670	635
1015	962
958	909
238	226
934	887
897	852
860	818
781	743
517	492
994	946
522	497
941	896
1032	983
387	369
802	765
639	610
953	910
769	735
724	692
794	759
209	200
809	775
382	366
406	389
317	304
703	675
1008	968
912	876
887	852
762	732
1018	978
615	592
840	809
872	840
900	867
658	634
935	901
1006	970
988	953
777	750
792	765
648	626
476	460
478	462
675	653
556	538
819	793
923	894
514	498
837	811
807	782
702	681
607	589
548	532
654	635
793	770
212	206
426	414
611	594
720	700
508	494
510	496
439	427
688	670
994	968
664	647
950	926
994	969
495	483
995	971
668	652
672	656
783	765
914	893
874	854
835	816
484	473
841	822
488	477
700	685
562	550
899	880
852	834
145	142
905	888
748	734
548	538
723	711
549	540
798	785
251	247
265	261
267	263
484	477
572	564
937	924
963	950
693	684
855	844
706	697
175	173
795	786
357	353
998	987
390	386
863	855
939	931
949	941
874	867
587	583
947	941
815	810
540	537
735	731
564	561
952	948
947	944
342	341
717	715
368	367
804	802
625	624
856	855
594	594
521	521
945	945
731	731
843	844
437	438
862	864
359	360
712	714
596	598
862	865
557	559
265	266
764	767
941	945
404	406
744	748
742	746
865	870
514	517
315	317
152	153
728	733
710	715
898	905
810	817
924	933
912	921
950	960
927	937
647	654
989	1000
889	900
882	893
943	955
861	872
950	963
716	726
640	649
345	350
790	802
777	789
957	972
418	425
475	483
407	414
811	826
372	379
827	843
909	927
580	592
286	292
809	826
809	826
934	954
501	512
816	834
904	924
627	641
935	956
771	789
341	349
935	958
727	745
824	845
818	839
739	758
580	595
928	952
834	856
779	801
945	972
719	740
648	667
569	586
922	950
952	981
452	466
94	97
927	957
183	189
393	406
807	834
478	494
560	579
528	546
380	393
774	801
563	583
56	58
760	788
829	860
401	416
800	830
922	957
368	382
365	379
891	927
618	643
345	359
905	942
432	450
954	994
805	839
756	789
928	969
905	945
495	517
447	467
927	969
939	982
915	957
583	610
555	581
827	866
715	749
752	788
825	865
588	617
911	956
808	848
882	926
60	63
655	688
436	458
949	997
860	904
408	429
853	897
865	910
861	906
285	300
809	852
545	574
430	453
797	840
942	993
679	716
510	538
360	380
520	549
465	491
587	620
320	338
637	673
915	967
333	352
648	685
104	110
779	824
552	584
940	995
802	849
273	289
654	693
396	420
937	994
935	992
665	706
594	631
826	878
552	587
612	651
938	998
669	712
653	695
530	565
775	827
415	443
694	741
617	659
600	641
830	887
859	918
923	987
670	717
753	806
923	988
675	723
265	284
164	176
724	777
706	758
799	858
595	639
498	535
839	902
173	186
676	727
806	867
882	949
624	672
844	909
389	419
803	865
789	850
840	905
870	938
805	868
797	860
707	763
290	313
441	476
637	688
869	939
571	617
735	795
355	384
472	511
914	991
318	345
677	735
894	971
289	314
392	426
183	199
846	920
589	641
485	528
832	906
708	771
820	893
784	854
828	902
378	412
709	773
862	940
898	980
612	668
647	707
555	607
710	777
725	794
514	563
485	532
698	766
807	886
599	658
202	222
131	144
614	675
905	995
753	828
883	971
839	923
821	904
722	795
883	973
333	367
810	893
829	914
243	268
865	954
800	883
625	690
739	816
602	665
305	337
447	494
824	911
605	669
356	394
877	971
528	585
284	315
438	486
517	574
498	553
873	970
521	579
404	449
797	886
619	689
88	98
437	487
770	859
570	636
634	708
571	638
790	883
620	693
627	701
546	611
453	507
425	476
821	920
255	286
789	885
459	515
392	440
594	667
716	804
574	645
686	771
653	734
223	251
611	688
603	679
641	722
268	302
625	705
536	605
589	665
457	516
456	515
641	725
731	827
544	616
409	464
583	662
332	377
295	335
730	829
569	647
284	323
607	691
530	604
609	695
395	451
611	698
455	520
593	678
609	697
179	205
327	375
371	426
362	416
67	77
659	758
192	221
547	631
423	488
221	255
272	314
417	482
493	570
447	517
38	44
144	167
316	367
548	637
412	479
294	342
336	391
360	419
193	225
515	601
338	395
461	539
478	559
418	489
141	165
340	398
392	459
544	637
410	481
344	404
444	523
325	383
210	248
330	390
272	322
432	512
379	450
269	320
481	575
495	593
380	456
491	590
493	593
69	83
452	544
331	402
87	106
168	205
247	302
146	179
84	103
131	161
108	133
72	89
55	68
173	214
257	318
364	451
116	144
302	375
256	318
321	399
361	449
242	301
220	275
337	425
252	318
144	182
343	434
326	413
340	433
307	398
111	144
269	350
310	405
171	225
174	229
197	260
117	155
301	399
108	144
295	394
288	385
245	328
53	71
191	256
143	192
101	137
184	250
72	98
124	169
247	337
212	290
106	146
121	167
223	308
223	308
169	234
244	340
163	231
94	134
202	288
57	82
90	132
137	203
195	289
160	239
187	280
141	217
145	225
94	146
173	269
168	264
111	175
163	258
25	40
122	207
103	178
118	209
95	171
117	212
108	196
120	218
66	123
15	28
90	177
64	129
75	155
46	96
64	137
70	151
62	141
70	160
24	55
67	157
46	109
40	98
49	127
29	77
8	22
15	44
1	3
41	125
1	4
31	131
9	39
23	108
8	40
1	5
1	5
1	6
17	102
1	7
8	60
1	9
8	94
1	12
6	76
1	14
1	15
1	15
1	19
4	87
1	22
1	23
1	30
1	36
1	37
1	43
1	43
1	45
2	92
1	49
1	53
1	58
1	58
1	60
1	73
97	15
120	21
117	23
94	19
98	24
119	31
101	27
84	23
133	39
108	34
57	19
35	12
102	39
121	47
70	28
90	38
126	56
171	83
141	69
126	65
208	108
134	70
208	110
112	60
41	22
177	97
170	94
195	109
237	137
157	92
150	90
242	147
128	78
222	136
122	75
107	66
223	138
164	103
251	158
271	176
247	162
268	176
179	119
193	129
113	77
261	179
276	192
309	215
302	211
51	36
281	200
327	233
290	209
280	202
288	211
229	168
144	106
353	260
19	14
165	122
345	256
97	72
186	139
370	277
171	129
401	306
394	301
386	296
168	129
427	328
13	10
382	294
327	253
377	295
452	354
291	228
453	355
215	169
442	348
355	281
389	308
365	289
260	206
417	331
453	360
240	191
423	337
371	296
478	382
451	361
467	374
277	222
411	330
472	379
198	159
458	368
331	266
269	217
463	374
120	97
376	304
374	303
470	381
487	395
205	167
347	283
485	396
420	343
549	449
315	258
499	409
405	332
195	160
78	64
73	60
341	281
296	244
421	349
447	371
296	246
137	114
575	479
12	10
253	211
575	480
452	379
25	21
319	268
599	504
619	521
490	413
625	527
442	374
443	375
568	481
380	322
548	465
482	409
445	378
554	471
326	278
435	371
567	484
322	275
629	538
491	420
554	474
686	587
313	268
654	560
628	538
154	132
616	529
136	117
639	550
591	509
621	536
622	537
595	514
567	490
576	498
601	520
588	509
730	632
452	392
648	562
691	600
646	561
641	557
604	525
337	293
274	239
505	441
658	575
310	271
646	565
623	545
344	301
745	652
659	577
557	488
745	654
631	554
607	533
763	671
349	307
690	607
441	388
686	604
385	339
328	289
278	245
597	527
438	387
723	639
613	542
449	397
670	593
491	435
491	435
231	205
676	600
725	645
808	719
672	598
591	526
491	437
774	689
678	604
422	376
653	583
925	826
715	639
66	59
590	528
362	324
334	299
843	755
367	329
735	659
416	373
901	808
912	818
913	819
185	166
969	870
933	838
148	133
873	785
964	867
726	653
557	501
995	895
999	899
710	639
415	374
679	612
406	366
437	394
625	564
698	630
698	630
829	749
1039	939
671	607
589	533
694	629
707	641
911	826
890	807
598	543
327	297
343	312
344	313
645	587
886	807
584	532
992	904
977	891
887	809
252	230
783	715
485	443
820	749
1092	998
873	798
540	494
870	796
918	840
640	586
1045	957
797	730
607	556
275	252
216	198
819	751
206	189
764	701
692	635
390	358
197	181
950	873
683	628
287	264
814	749
769	708
532	490
1014	934
736	678
420	387
917	845
589	543
412	380
954	880
503	464
932	860
469	433
576	532
774	715
488	451
740	684
784	725
506	468
1026	949
534	494
481	445
804	744
1024	948
957	886
931	862
802	743
627	581
1065	987
1046	970
1007	934
664	616
595	552
909	845
1025	953
145	135
435	405
1069	996
504	470
104	97
844	788
484	452
577	539
383	358
822	769
1024	958
234	219
801	750
945	885
473	443
1041	975
1048	982
926	868
961	901
891	836
925	868
943	885
326	306
770	723
722	678
937	880
379	356
927	871
1034	972
819	770
940	884
907	853
336	316
170	160
956	900
1012	953
501	472
571	538
450	424
727	685
624	588
106	100
848	800
708	668
622	587
644	608
340	321
689	651
346	327
566	535
379	359
769	729
561	532
1007	955
834	791
740	702
1036	983
513	487
934	887
577	548
815	775
595	566
994	946
912	868
990	943
974	928
809	771
686	654
1017	970
671	640
1005	959
728	695
1039	992
871	832
294	281
614	587
712	681
846	810
521	499
892	855
783	751
873	838
998	958
327	314
487	468
1033	993
337	324
710	683
894	861
954	919
1007	971
758	731
394	380
1014	978
884	853
432	417
955	922
875	845
760	734
356	344
943	912
797	771
401	388
896	867
960	930
966	936
810	785
292	283
784	760
1005	975
940	912
792	769
813	790
921	895
896	871
289	281
622	605
588	572
481	468
931	906
820	798
1025	998
419	408
229	223
880	857
638	622
774	755
367	358
970	947
766	748
514	502
947	925
910	889
489	478
447	437
539	527
597	584
368	360
371	363
846	828
191	187
851	834
601	589
756	741
749	735
805	790
922	905
674	662
787	773
1014	996
845	830
847	832
858	843
633	622
870	855
873	858
294	289
939	924
787	775
668	658
276	272
911	898
962	949
892	880
231	228
928	916
713	704
793	783
323	319
915	904
168	166
732	724
479	474
192	190
201	199
795	788
459	455
943	935
875	868
269	267
971	964
866	860
446	443
752	747
759	754
656	652
981	976
594	591
904	900
499	497
780	777
291	290
335	334
371	370
748	746
489	488
506	505
738	737
862	862
264	264
586	586
392	392
61	61
669	669
211	211
507	507
148	148
983	984
820	822
806	808
365	366
347	348
911	914
860	863
990	994
688	691
221	222
696	700
317	319
932	938
300	302
149	150
838	845
458	462
108	109
531	536
688	695
294	297
876	885
762	770
946	956
361	365
938	949
914	925
386	391
765	775
902	914
890	902
148	150
958	972
605	614
598	607
928	942
978	993
513	521
547	556
721	733
539	548
179	182
692	704
559	569
866	882
980	999
823	839
802	818
802	818
827	844
919	938
787	804
275	281
682	697
500	511
614	628
646	661
298	305
806	825
548	561
493	505
657	673
532	545
521	534
638	654
292	300
839	862
251	258
284	292
672	691
810	833
762	784
826	850
953	982
624	644
489	505
512	529
508	525
889	919
697	721
605	626
950	983
823	852
849	879
881	913
189	196
103	107
921	957
332	345
865	899
432	449
557	579
124	129
615	640
829	864
848	886
731	764
903	944
769	804
877	917
456	477
866	906
870	911
717	751
693	726
647	678
562	589
703	737
285	299
516	542
663	697
680	715
582	612
640	673
948	997
615	647
557	586
206	217
761	802
938	989
733	773
146	154
619	653
745	786
752	794
945	998
516	545
475	502
858	907
825	875
337	358
811	862
613	652
899	957
730	778
818	872
922	983
542	578
901	961
828	884
870	929
659	704
626	669
659	705
515	551
398	426
724	775
868	930
843	904
732	785
769	825
329	353
229	246
792	851
895	962
399	429
462	497
921	991
800	861
852	917
699	753
834	899
865	934
388	419
458	495
704	761
320	346
921	996
574	621
867	940
759	823
911	988
544	590
294	319
667	724
842	914
793	861
440	479
455	496
710	774
845	922
689	752
382	417
586	640
813	888
531	580
889	972
491	537
64	70
287	314
888	972
590	646
836	916
365	400
447	490
580	636
838	919
610	669
712	781
808	887
721	792
232	255
584	642
805	886
417	459
883	972
347	382
168	185
810	892
868	956
737	812
655	722
388	428
879	970
694	766
429	474
543	600
179	198
623	690
899	996
889	986
273	303
694	771
234	260
662	736
661	735
687	764
496	552
865	963
827	921
733	817
855	953
433	483
355	396
498	556
548	612
507	567
777	869
134	150
443	496
467	523
724	811
740	829
831	931
298	334
181	203
632	709
654	734
711	798
697	783
696	782
738	830
767	863
431	485
702	791
306	345
249	281
762	861
653	738
675	763
722	817
751	850
400	453
715	810
495	561
561	636
467	531
264	301
185	211
422	482
693	792
544	622
557	637
475	544
405	464
293	336
668	768
593	682
273	314
659	758
445	512
633	731
541	625
541	626
373	432
624	723
578	670
550	638
193	224
423	491
553	643
362	421
446	519
244	284
394	459
229	267
373	435
333	389
88	103
439	514
298	349
388	455
566	665
426	501
214	252
315	371
346	409
435	515
210	249
322	382
281	334
517	615
274	326
194	231
75	90
284	341
119	143
382	460
205	247
390	470
418	505
468	566
413	500
413	500
118	143
198	240
353	428
93	113
376	458
250	305
286	349
434	530
420	514
390	478
393	482
328	405
315	389
265	328
209	259
413	512
183	227
321	399
392	489
193	241
353	442
214	268
311	394
374	474
352	447
95	121
29	37
205	262
328	420
301	386
217	279
278	358
183	237
81	105
269	349
138	180
134	175
84	110
196	258
193	256
284	377
132	176
202	270
76	102
210	282
255	343
246	334
175	238
230	314
96	132
263	363
175	243
90	125
162	226
195	273
136	192
182	258
217	310
149	215
151	220
166	243
184	272
163	241
114	170
180	269
162	244
177	267
164	249
165	251
146	224
183	283
64	99
58	90
179	279
154	242
67	108
130	210
153	250
151	248
133	220
107	177
111	184
124	207
50	84
76	129
125	214
131	230
103	185
103	185
118	212
77	139
90	163
48	88
86	160
45	85
64	121
12	24
81	162
72	147
90	188
88	185
81	177
34	78
49	122
24	60
52	141
46	134
45	133
1	3
1	3
1	3
38	130
25	94
34	128
25	97
26	101
25	114
1	6
15	101
1	8
1	9
1	9
8	73
1	11
5	69
1	18
1	19
1	20
3	90
1	30
1	31
1	34
1	36
1	38
1	41
1	42
1	43
1	48
1	49
1	50
1	51
1	55
1	55
1	56
1	56
1	65
1	66
1	70
1	74
1	78
72	1
22	1
82	5
63	4
95	7
107	12
107	13
112	16
49	8
55	11
60	13
123	31
64	19
134	43
129	43
102	34
120	43
105	38
158	58
143	53
142	53
152	58
75	29
140	55
96	38
159	66
91	38
101	44
161	74
155	72
166	80
139	68
127	63
140	70
164	85
178	93
159	84
144	77
169	92
175	97
106	60
152	92
208	127
246	151
249	154
92	57
98	61
227	144
196	125
61	39
14	9
202	133
156	103
274	182
246	165
204	137
150	101
252	171
241	164
227	156
289	199
163	113
239	166
298	208
275	192
201	141
302	213
153	108
141	101
307	220
250	180
176	127
103	75
263	192
160	117
365	267
175	129
309	229
197	146
271	201
334	248
206	153
319	237
211	157
352	262
122	91
389	292
310	233
379	285
342	258
272	206
235	178
260	197
155	118
153	117
422	324
401	308
400	309
325	253
442	345
134	105
172	135
43	34
461	365
245	195
309	246
408	326
330	264
466	374
407	327
519	421
527	428
517	420
193	157
361	294
463	378
475	388
426	348
515	421
511	418
522	427
294	241
550	451
358	295
387	319
218	180
477	395
486	403
211	175
547	454
448	373
378	315
505	421
496	414
311	260
442	370
482	404
594	498
418	351
436	367
324	273
598	504
593	500
390	329
264	223
587	497
411	348
421	357
290	246
579	492
355	302
476	405
591	504
306	261
364	311
670	573
672	575
690	591
363	311
372	319
548	470
675	580
664	572
458	395
373	322
666	575
514	444
90	78
360	312
402	349
175	152
444	386
322	280
334	291
373	325
406	355
438	383
56	49
402	352
581	509
446	391
472	414
554	486
800	702
645	566
394	347
405	357
680	600
459	405
716	632
810	715
589	520
582	514
780	689
858	758
628	555
439	388
414	367
238	211
150	133
724	642
801	711
642	570
714	634
876	778
398	354
597	531
490	436
538	479
461	411
166	148
702	626
832	742
684	611
338	302
648	579
848	758
858	768
450	403
653	585
975	875
558	501
458	412
362	326
745	671
454	409
820	739
719	648
953	859
274	247
474	428
695	628
1014	917
807	730
1020	923
846	766
742	672
689	624
818	741
907	822
1025	929
1004	910
406	368
568	515
580	526
873	792
962	873
942	855
608	552
797	724
241	219
472	429
869	790
583	530
981	892
1060	964
964	877
290	264
460	419
552	503
609	555
893	814
1040	948
353	322
700	639
793	724
978	893
1082	988
405	370
1024	937
824	754
591	541
759	695
973	891
1040	953
985	903
831	762
687	630
663	608
821	753
739	678
1006	923
861	791
247	227
1048	964
825	759
1072	987
531	489
545	502
495	456
689	635
935	862
1005	927
595	549
853	788
1008	932
1006	931
849	786
1052	975
138	128
97	90
222	206
375	348
281	261
803	746
578	537
381	354
651	605
773	719
43	40
946	880
1035	963
1025	954
928	864
1022	952
370	345
728	679
955	891
659	615
590	551
964	901
676	632
1023	958
955	895
513	481
988	927
489	459
703	660
1049	985
198	186
239	225
942	887
978	921
825	777
345	325
968	912
404	381
932	879
352	332
581	548
800	755
734	693
508	480
581	549
884	836
671	635
997	944
770	730
622	590
429	407
977	927
699	664
915	870
986	939
1028	979
1032	983
595	567
959	914
710	677
928	885
628	599
743	709
376	359
335	320
881	842
711	680
544	521
930	891
434	416
872	836
782	750
832	798
1031	989
566	543
842	808
100	96
562	540
492	473
1007	969
746	719
637	614
866	835
559	539
535	516
944	911
323	312
1024	990
985	953
558	540
473	458
813	789
655	636
771	749
386	375
788	766
691	672
1026	998
367	357
777	756
951	926
840	818
770	750
858	836
199	194
717	699
943	920
909	887
911	889
920	898
643	628
869	849
1013	990
974	952
540	528
855	837
771	755
916	897
820	803
900	882
964	945
1020	1000
664	651
982	963
208	204
600	589
449	441
402	395
714	702
424	417
747	735
436	429
562	553
381	375
903	889
648	638
853	840
920	906
560	552
658	649
672	663
306	302
545	538
571	564
335	331
529	523
719	711
930	920
373	369
779	771
820	812
216	214
978	969
331	328
897	889
151	150
757	752
505	502
527	524
934	929
803	799
656	653
946	942
965	961
492	490
747	744
532	530
301	300
669	667
764	762
964	962
502	501
989	988
1	1
421	421
48	48
899	899
835	835
983	984
571	572
562	563
450	451
892	894
751	753
958	961
883	886
652	655
920	925
805	810
412	415
268	270
398	401
629	634
862	869
971	979
539	544
418	422
713	720
868	877
654	661
279	282
909	919
842	852
882	893
774	784
673	682
372	377
933	946
827	839
814	826
929	943
263	267
456	463
694	705
373	379
667	678
598	608
894	909
703	715
641	652
749	762
570	580
843	858
774	789
789	805
636	649
630	643
337	344
904	923
285	291
711	726
968	989
719	735
179	183
772	791
360	369
837	859
824	846
630	647
447	460
507	522
774	797
835	861
96	99
827	853
757	781
562	580
593	612
731	755
840	868
560	579
376	389
289	299
834	863
832	861
712	737
142	147
367	380
533	552
868	899
947	981
895	928
867	899
730	757
774	803
449	466
579	601
494	513
776	806
914	950
227	236
655	681
297	309
878	914
779	811
656	683
679	707
435	453
891	928
720	750
882	919
448	467
766	799
162	169
416	434
735	768
862	901
574	600
834	872
810	847
301	315
898	940
362	379
614	643
417	437
807	846
762	799
101	106
807	847
503	528
820	861
519	545
872	916
823	865
899	945
762	801
917	964
688	724
248	261
760	801
438	462
252	266
592	625
179	189
726	767
650	687
877	927
555	587
812	859
854	904
580	614
187	198
609	645
591	626
430	456
562	596
330	350
376	399
658	699
639	679
834	887
534	568
845	900
877	935
408	435
782	834
406	433
766	817
595	635
460	491
726	775
885	945
844	902
767	820
246	263
709	758
545	583
752	806
612	656
748	802
152	163
523	561
932	1000
902	969
834	896
482	518
816	877
881	947
426	458
907	976
841	905
714	769
207	223
605	652
763	823
925	998
772	833
719	776
390	421
726	785
821	888
837	906
918	994
777	842
513	556
436	473
573	622
724	786
746	810
267	290
332	361
755	821
456	496
527	574
727	792
659	718
748	815
619	675
794	866
837	913
747	815
723	789
591	645
655	715
261	285
565	617
76	83
488	533
216	236
772	844
698	764
745	816
648	710
574	629
740	811
457	501
810	888
847	929
226	248
763	838
356	391
393	432
544	598
442	486
775	853
732	806
433	477
344	379
727	801
637	702
734	809
478	527
338	373
596	658
538	594
739	817
785	868
331	366
557	616
604	668
599	663
886	981
634	702
642	711
619	686
203	225
247	274
789	876
861	957
652	725
859	956
590	657
809	901
674	751
356	397
701	783
636	711
517	578
643	719
59	66
622	696
696	779
250	280
794	890
671	753
774	870
443	498
498	560
279	314
693	780
509	573
723	814
683	769
127	143
364	410
577	650
496	559
305	344
248	280
562	635
406	459
693	784
258	292
639	724
736	834
307	348
621	704
605	686
537	609
572	649
178	202
690	784
469	533
636	723
175	199
531	604
689	784
680	774
425	484
471	537
485	554
499	570
533	609
557	637
582	666
609	697
366	419
476	545
324	371
681	780
433	496
474	543
295	338
329	377
415	476
630	724
464	534
192	221
462	532
497	573
528	609
378	436
513	592
519	599
282	326
639	739
370	428
185	214
586	678
310	359
610	707
492	571
341	396
301	350
497	578
386	449
517	602
473	552
382	446
334	390
552	647
122	143
561	658
501	588
270	317
566	665
130	153
561	661
140	165
497	586
407	480
389	459
418	494
389	460
490	580
532	630
376	446
499	594
519	618
438	522
276	329
443	529
369	441
213	255
477	572
476	572
460	553
351	422
269	324
458	553
412	499
222	269
373	452
419	508
457	556
376	458
396	485
364	446
364	446
438	537
406	500
365	451
206	255
391	486
226	281
78	97
240	299
253	316
357	451
374	473
202	256
361	458
293	373
28	36
261	340
222	290
318	416
175	229
270	354
223	293
284	375
190	253
30	40
279	373
144	194
198	269
61	83
273	372
239	327
197	270
178	247
72	100
256	356
112	156
103	144
102	143
156	219
151	213
183	263
194	280
211	307
161	235
184	270
204	300
17	25
197	290
205	304
154	230
68	102
189	285
191	290
107	163
148	227
130	204
35	55
132	208
112	178
83	132
145	231
161	258
106	170
163	262
158	254
11	18
107	176
120	201
92	155
139	235
39	66
86	151
113	201
93	170
70	129
73	139
18	35
88	175
38	76
6	12
86	173
42	86
81	167
74	154
76	165
40	87
30	66
47	106
59	134
64	154
47	114
32	79
18	48
34	91
51	151
15	45
22	68
31	109
22	78
33	126
1	4
20	86
5	27
9	53
9	60
1	7
14	105
12	92
1	8
1	8
1	9
8	83
2	21
1	13
6	81
7	97
1	16
1	19
1	20
1	25
1	25
1	25
1	32
1	34
1	36
1	45
1	48
1	49
1	51
1	65
1	66
1	69
1	89
