1000
5
24835
215 181 202 186 216 
-2692 -2099 -2381 -2097 -2662 
2262 1737 1977 1725 2230 
104   94
50   40
28   18
51   41
106   96
104   94
79   69
48   38
64   54
106   96
26   16
77   67
17   7
102   92
100   90
60   50
41   31
39   29
50   40
99   89
80   70
11   1
83   73
107   97
20   10
15   5
40   30
46   36
49   39
79   69
41   31
76   66
69   59
66   56
12   2
38   28
89   79
15   5
66   56
38   28
57   47
46   36
84   74
103   93
28   18
64   54
87   77
84   74
97   87
81   71
12   2
63   53
14   4
68   58
104   94
100   90
78   68
70   60
63   53
69   59
106   96
89   79
32   22
104   94
88   78
32   22
105   95
15   5
52   42
68   58
33   23
13   3
100   90
89   79
101   91
59   49
64   54
91   81
67   57
16   6
51   41
88   78
98   88
50   40
94   84
94   84
74   64
91   81
75   65
103   93
75   65
51   41
102   92
69   59
34   24
65   55
63   53
85   75
100   90
70   60
47   37
55   45
96   86
67   57
41   31
103   93
76   66
85   75
21   11
64   54
44   34
70   60
53   43
87   77
39   29
76   66
32   22
108   98
90   80
15   5
29   19
36   26
15   5
90   80
56   46
102   92
67   57
34   24
48   38
23   13
56   46
13   3
69   59
105   95
99   89
42   32
48   38
65   55
90   80
78   68
78   68
37   27
14   4
19   9
30   20
53   43
79   69
46   36
88   78
23   13
81   71
94   84
59   49
106   96
79   69
53   43
49   39
44   34
59   49
32   22
50   40
11   1
66   56
102   92
15   5
30   20
26   16
26   16
102   92
61   51
42   32
73   63
36   26
78   68
20   10
59   49
106   96
36   26
79   69
71   61
77   67
98   88
37   27
98   88
37   27
50   40
20   10
101   91
56   46
64   54
85   75
107   97
61   51
37   27
21   11
88   78
80   70
81   71
72   62
57   47
49   39
101   91
52   42
94   84
26   16
39   29
88   78
22   12
29   19
99   89
62   52
63   53
15   5
78   68
55   45
65   55
79   69
38   28
93   83
45   35
91   81
14   4
31   21
22   12
37   27
38   28
73   63
40   30
25   15
86   76
55   45
97   87
51   41
99   89
17   7
97   87
73   63
106   96
29   19
39   29
84   74
94   84
97   87
31   21
16   6
106   96
43   33
83   73
13   3
76   66
95   85
97   87
80   70
49   39
60   50
22   12
15   5
88   78
63   53
29   19
34   24
95   85
17   7
43   33
71   61
36   26
84   74
19   9
21   11
34   24
74   64
76   66
81   71
109   99
71   61
90   80
18   8
27   17
60   50
102   92
43   33
62   52
53   43
21   11
11   1
22   12
59   49
20   10
57   47
52   42
86   76
107   97
90   80
85   75
27   17
15   5
65   55
77   67
78   68
23   13
69   59
65   55
33   23
59   49
78   68
100   90
12   2
64   54
14   4
53   43
104   94
20   10
26   16
102   92
23   13
41   31
66   56
16   6
73   63
37   27
65   55
51   41
27   17
26   16
50   40
58   48
78   68
97   87
17   7
29   19
90   80
65   55
31   21
19   9
32   22
64   54
58   48
30   20
97   87
37   27
71   61
79   69
102   92
74   64
61   51
82   72
14   4
94   84
103   93
15   5
95   85
84   74
98   88
51   41
45   35
14   4
30   20
74   64
16   6
37   27
15   5
95   85
85   75
98   88
44   34
73   63
68   58
65   55
25   15
65   55
53   43
58   48
94   84
65   55
69   59
68   58
28   18
96   86
33   23
67   57
34   24
25   15
107   97
48   38
12   2
46   36
60   50
92   82
89   79
32   22
42   32
86   76
92   82
73   63
106   96
76   66
87   77
35   25
53   43
80   70
27   17
20   10
105   95
14   4
35   25
104   94
15   5
26   16
51   41
38   28
109   99
69   59
80   70
35   25
62   52
44   34
67   57
30   20
93   83
83   73
24   14
41   31
28   18
49   39
31   21
109   99
101   91
85   75
26   16
24   14
75   65
91   81
108   98
39   29
92   82
61   51
85   75
12   2
58   48
87   77
50   40
46   36
29   19
67   57
81   71
36   26
48   38
49   39
88   78
17   7
12   2
92   82
27   17
32   22
93   83
74   64
47   37
77   67
55   45
101   91
61   51
40   30
34   24
91   81
41   31
18   8
22   12
12   2
29   19
12   2
60   50
57   47
69   59
107   97
57   47
73   63
89   79
50   40
89   79
95   85
109   99
25   15
31   21
37   27
25   15
22   12
75   65
56   46
102   92
76   66
23   13
110   100
34   24
48   38
110   100
75   65
20   10
25   15
64   54
82   72
71   61
80   70
95   85
110   100
53   43
68   58
26   16
75   65
51   41
57   47
101   91
85   75
108   98
92   82
68   58
36   26
107   97
47   37
45   35
21   11
15   5
101   91
49   39
42   32
99   89
40   30
103   93
50   40
19   9
77   67
22   12
51   41
14   4
46   36
48   38
71   61
41   31
67   57
39   29
105   95
40   30
66   56
55   45
25   15
88   78
24   14
103   93
89   79
77   67
70   60
106   96
27   17
19   9
90   80
66   56
97   87
13   3
59   49
48   38
79   69
25   15
20   10
26   16
31   21
47   37
87   77
55   45
95   85
104   94
47   37
13   3
88   78
79   69
104   94
69   59
81   71
85   75
43   33
31   21
42   32
34   24
103   93
108   98
67   57
68   58
22   12
22   12
69   59
27   17
74   64
15   5
67   57
54   44
51   41
86   76
39   29
90   80
41   31
60   50
23   13
64   54
96   86
79   69
103   93
86   76
104   94
97   87
94   84
31   21
28   18
92   82
21   11
47   37
91   81
37   27
101   91
96   86
53   43
15   5
96   86
46   36
92   82
14   4
14   4
98   88
14   4
14   4
42   32
62   52
24   14
18   8
40   30
97   87
53   43
65   55
19   9
82   72
78   68
97   87
79   69
46   36
66   56
31   21
45   35
92   82
69   59
62   52
64   54
97   87
27   17
43   33
33   23
98   88
78   68
59   49
107   97
34   24
57   47
57   47
92   82
88   78
39   29
31   21
44   34
65   55
96   86
100   90
18   8
94   84
21   11
39   29
78   68
31   21
43   33
31   21
99   89
36   26
38   28
20   10
106   96
37   27
35   25
46   36
108   98
70   60
19   9
64   54
48   38
28   18
97   87
11   1
49   39
40   30
51   41
50   40
47   37
45   35
12   2
31   21
82   72
12   2
53   43
12   2
89   79
32   22
66   56
28   18
41   31
32   22
102   92
93   83
89   79
35   25
15   5
83   73
54   44
43   33
92   82
70   60
95   85
106   96
32   22
85   75
78   68
65   55
15   5
18   8
11   1
78   68
13   3
31   21
43   33
89   79
59   49
60   50
69   59
23   13
27   17
63   53
17   7
76   66
24   14
46   36
90   80
96   86
66   56
46   36
18   8
56   46
20   10
89   79
61   51
15   5
91   81
90   80
86   76
88   78
16   6
13   3
18   8
51   41
107   97
15   5
39   29
40   30
35   25
55   45
46   36
91   81
110   100
99   89
18   8
55   45
61   51
38   28
36   26
58   48
76   66
56   46
60   50
75   65
40   30
25   15
74   64
35   25
19   9
98   88
102   92
64   54
34   24
41   31
93   83
76   66
94   84
84   74
64   54
50   40
108   98
65   55
104   94
108   98
34   24
29   19
41   31
62   52
88   78
91   81
21   11
50   40
81   71
104   94
108   98
110   100
16   6
30   20
17   7
106   96
26   16
106   96
24   14
15   5
64   54
87   77
96   86
97   87
50   40
93   83
97   87
27   17
63   53
50   40
90   80
43   33
41   31
108   98
77   67
64   54
34   24
52   42
27   17
93   83
41   31
55   45
59   49
69   59
30   20
20   10
79   69
44   34
65   55
29   19
22   12
70   60
38   28
32   22
11   1
22   12
83   73
90   80
78   68
39   29
67   57
70   60
85   75
106   96
54   44
65   55
26   16
79   69
30   20
45   35
43   33
42   32
80   70
20   10
56   46
62   52
69   59
91   81
44   34
70   60
45   35
56   46
103   93
96   86
97   87
14   4
25   15
103   93
81   71
24   14
80   70
29   19
37   27
45   35
101   91
103   93
105   95
87   77
84   74
45   35
80   70
73   63
105   95
85   75
106   96
75   65
43   33
50   40
51   41
82   72
96   86
35   25
12   2
62   52
28   18
15   5
29   19
58   48
43   33
33   23
100   90
42   32
62   52
105   95
28   18
90   80
34   24
100   90
78   68
98   88
92   82
62   52
58   48
66   56
92   82
82   72
48   38
109   99
81   71
48   38
48   38
95   85
87   77
46   36
12   2
56   46
52   42
72   62
97   87
59   49
81   71
99   89
60   50
32   22
64   54
53   43
65   55
63   53
100   90
67   57
45   35
107   97
21   11
79   69
86   76
14   4
30   20
37   27
56   46
61   51
81   71
38   28
34   24
48   38
44   34
13   3
75   65
25   15
11   1
99   89
41   31
27   17
67   57
97   87
58   48
67   57
107   97
55   45
71   61
66   56
34   24
67   57
54   44
29   19
11   1
40   30
44   34
106   96
33   23