5000
30
126321
158 156 161 158 152 180 177 164 155 155 167 152 172 174 163 162 151 150 155 153 157 164 174 173 156 179 153 155 181 293 
-1878 -1778 -2000 -1911 -1837 -2344 -1938 -2019 -1919 -1906 -1947 -1998 -2063 -2111 -2126 -1844 -1764 -1802 -1849 -1738 -1932 -1977 -2127 -2109 -1905 -2280 -1839 -1802 -2260 -3513 
1562 1466 1678 1595 1533 1984 1584 1691 1609 1596 1613 1694 1719 1763 1800 1520 1462 1502 1539 1432 1618 1649 1779 1763 1593 1922 1533 1492 1898 2927 
20   10
94   84
48   38
99   89
94   84
28   18
43   33
16   6
64   54
22   12
70   60
101   91
97   87
62   52
100   90
76   66
109   99
51   41
54   44
55   45
96   86
99   89
11   1
43   33
20   10
19   9
28   18
18   8
25   15
107   97
81   71
72   62
37   27
94   84
96   86
70   60
21   11
31   21
54   44
94   84
13   3
94   84
108   98
63   53
28   18
100   90
47   37
16   6
61   51
25   15
28   18
23   13
38   28
108   98
100   90
84   74
62   52
90   80
55   45
37   27
82   72
33   23
36   26
48   38
52   42
48   38
45   35
67   57
80   70
100   90
49   39
93   83
68   58
41   31
105   95
19   9
32   22
47   37
39   29
12   2
103   93
16   6
70   60
90   80
62   52
42   32
38   28
35   25
91   81
91   81
35   25
23   13
94   84
81   71
62   52
29   19
95   85
53   43
16   6
110   100
67   57
43   33
68   58
11   1
45   35
95   85
20   10
101   91
81   71
108   98
80   70
90   80
33   23
79   69
99   89
64   54
88   78
96   86
14   4
51   41
53   43
76   66
87   77
74   64
76   66
22   12
47   37
22   12
32   22
43   33
28   18
17   7
105   95
33   23
107   97
78   68
96   86
33   23
78   68
18   8
54   44
85   75
102   92
15   5
94   84
89   79
35   25
22   12
12   2
39   29
61   51
54   44
19   9
90   80
55   45
85   75
25   15
68   58
15   5
56   46
50   40
99   89
62   52
26   16
35   25
42   32
22   12
46   36
66   56
109   99
42   32
49   39
40   30
14   4
100   90
55   45
58   48
72   62
87   77
67   57
57   47
106   96
61   51
34   24
81   71
98   88
76   66
69   59
104   94
24   14
57   47
55   45
49   39
93   83
13   3
52   42
28   18
69   59
60   50
85   75
93   83
25   15
72   62
26   16
66   56
47   37
32   22
30   20
37   27
39   29
46   36
39   29
27   17
98   88
23   13
33   23
63   53
26   16
101   91
13   3
47   37
102   92
55   45
38   28
17   7
30   20
21   11
92   82
89   79
54   44
11   1
73   63
99   89
15   5
81   71
49   39
41   31
46   36
65   55
43   33
20   10
70   60
77   67
35   25
48   38
82   72
91   81
59   49
13   3
16   6
59   49
33   23
20   10
41   31
36   26
82   72
47   37
16   6
79   69
81   71
78   68
35   25
17   7
39   29
87   77
100   90
104   94
67   57
57   47
54   44
110   100
48   38
29   19
101   91
91   81
42   32
90   80
59   49
84   74
62   52
39   29
18   8
77   67
65   55
79   69
102   92
31   21
52   42
85   75
80   70
22   12
95   85
74   64
109   99
71   61
15   5
25   15
73   63
82   72
83   73
101   91
41   31
33   23
91   81
18   8
64   54
60   50
84   74
58   48
69   59
40   30
12   2
26   16
74   64
39   29
41   31
98   88
56   46
57   47
101   91
37   27
35   25
43   33
54   44
58   48
66   56
66   56
21   11
37   27
25   15
46   36
17   7
87   77
23   13
88   78
88   78
42   32
22   12
85   75
109   99
103   93
63   53
98   88
98   88
69   59
22   12
110   100
70   60
47   37
95   85
47   37
44   34
50   40
55   45
85   75
110   100
94   84
86   76
24   14
17   7
75   65
35   25
77   67
110   100
28   18
49   39
32   22
33   23
49   39
17   7
37   27
18   8
42   32
73   63
57   47
96   86
28   18
40   30
69   59
91   81
86   76
109   99
103   93
48   38
32   22
74   64
24   14
48   38
61   51
104   94
94   84
90   80
60   50
41   31
58   48
32   22
11   1
75   65
57   47
36   26
107   97
12   2
61   51
14   4
59   49
100   90
91   81
26   16
27   17
78   68
101   91
93   83
100   90
47   37
18   8
32   22
27   17
46   36
65   55
23   13
60   50
49   39
72   62
105   95
35   25
109   99
49   39
57   47
30   20
40   30
103   93
95   85
104   94
79   69
96   86
101   91
61   51
88   78
54   44
55   45
58   48
54   44
69   59
91   81
17   7
84   74
52   42
105   95
68   58
77   67
88   78
44   34
99   89
40   30
25   15
50   40
59   49
109   99
79   69
77   67
89   79
92   82
106   96
95   85
81   71
62   52
18   8
60   50
65   55
12   2
20   10
33   23
73   63
63   53
93   83
25   15
13   3
102   92
69   59
51   41
21   11
45   35
87   77
65   55
57   47
110   100
19   9
76   66
54   44
56   46
67   57
14   4
58   48
68   58
46   36
51   41
80   70
105   95
96   86
54   44
83   73
28   18
51   41
62   52
89   79
84   74
78   68
87   77
71   61
17   7
105   95
105   95
72   62
24   14
92   82
16   6
43   33
87   77
73   63
45   35
27   17
41   31
45   35
18   8
47   37
108   98
59   49
110   100
91   81
77   67
50   40
83   73
110   100
18   8
44   34
63   53
97   87
59   49
83   73
33   23
80   70
46   36
23   13
29   19
52   42
36   26
15   5
73   63
61   51
50   40
62   52
83   73
27   17
70   60
62   52
73   63
41   31
27   17
32   22
51   41
101   91
96   86
62   52
51   41
39   29
35   25
19   9
67   57
92   82
63   53
101   91
40   30
11   1
48   38
13   3
65   55
57   47
91   81
11   1
94   84
82   72
99   89
88   78
63   53
48   38
62   52
58   48
89   79
95   85
90   80
15   5
75   65
42   32
11   1
58   48
51   41
26   16
25   15
84   74
59   49
48   38
96   86
67   57
67   57
90   80
72   62
65   55
14   4
103   93
28   18
52   42
37   27
75   65
99   89
61   51
57   47
80   70
53   43
95   85
44   34
94   84
76   66
78   68
50   40
102   92
38   28
50   40
42   32
106   96
32   22
34   24
52   42
69   59
69   59
37   27
31   21
86   76
58   48
109   99
15   5
66   56
22   12
95   85
29   19
88   78
73   63
50   40
36   26
13   3
19   9
59   49
105   95
70   60
98   88
11   1
103   93
74   64
81   71
105   95
100   90
84   74
107   97
27   17
44   34
17   7
24   14
40   30
42   32
90   80
65   55
11   1
18   8
79   69
75   65
51   41
39   29
32   22
38   28
64   54
14   4
73   63
75   65
106   96
92   82
38   28
15   5
88   78
100   90
76   66
81   71
15   5
25   15
92   82
47   37
102   92
15   5
45   35
24   14
51   41
82   72
36   26
97   87
24   14
53   43
96   86
26   16
72   62
29   19
88   78
42   32
89   79
85   75
19   9
55   45
87   77
50   40
83   73
48   38
26   16
99   89
98   88
80   70
61   51
106   96
65   55
63   53
18   8
79   69
42   32
41   31
99   89
63   53
37   27
47   37
88   78
77   67
19   9
83   73
27   17
85   75
96   86
108   98
110   100
42   32
20   10
74   64
106   96
18   8
76   66
48   38
97   87
25   15
83   73
91   81
50   40
46   36
88   78
12   2
89   79
42   32
23   13
15   5
23   13
23   13
108   98
47   37
91   81
102   92
51   41
70   60
91   81
50   40
19   9
37   27
86   76
44   34
98   88
12   2
28   18
68   58
83   73
96   86
33   23
98   88
83   73
103   93
74   64
42   32
100   90
34   24
81   71
77   67
52   42
102   92
80   70
84   74
98   88
80   70
45   35
16   6
36   26
66   56
89   79
57   47
94   84
72   62
15   5
97   87
102   92
81   71
56   46
16   6
46   36
76   66
42   32
73   63
78   68
102   92
30   20
92   82
83   73
48   38
15   5
64   54
101   91
106   96
97   87
25   15
103   93
19   9
78   68
94   84
107   97
49   39
88   78
53   43
16   6
78   68
92   82
19   9
85   75
77   67
95   85
27   17
77   67
70   60
72   62
79   69
108   98
93   83
101   91
82   72
106   96
90   80
36   26
43   33
74   64
43   33
26   16
66   56
59   49
91   81
42   32
25   15
54   44
58   48
93   83
74   64
47   37
58   48
65   55
63   53
22   12
48   38
72   62
32   22
62   52
37   27
75   65
64   54
86   76
61   51
72   62
15   5
40   30
29   19
66   56
21   11
99   89
37   27
100   90
76   66
105   95
97   87
29   19
97   87
39   29
13   3
59   49
72   62
49   39
100   90
89   79
97   87
33   23
94   84
103   93
35   25
22   12
39   29
18   8
60   50
35   25
48   38
42   32
24   14
47   37
109   99
46   36
99   89
25   15
44   34
110   100
94   84
61   51
100   90
42   32
62   52
64   54
54   44
90   80
20   10
18   8
98   88
18   8
16   6
94   84
64   54
93   83
93   83
44   34
72   62
107   97
31   21
106   96
80   70
12   2
108   98
80   70
69   59
107   97
21   11
63   53
72   62
28   18
64   54
105   95
61   51
11   1
20   10
103   93
101   91
103   93
97   87
79   69
66   56
90   80
26   16
101   91
52   42
69   59
77   67
70   60
110   100
48   38
52   42
77   67
83   73
97   87
27   17
55   45
53   43
19   9
59   49
57   47
66   56
27   17
79   69
87   77
63   53
30   20
54   44
103   93
106   96
49   39
31   21
24   14
96   86
18   8
57   47
71   61
35   25
104   94
103   93
97   87
50   40
15   5
29   19
71   61
71   61
85   75
97   87
87   77
90   80
25   15
40   30
51   41
52   42
35   25
13   3
64   54
51   41
92   82
21   11
44   34
49   39
68   58
22   12
69   59
21   11
70   60
50   40
46   36
13   3
21   11
107   97
37   27
74   64
70   60
76   66
53   43
14   4
85   75
107   97
56   46
12   2
64   54
18   8
25   15
31   21
22   12
41   31
11   1
36   26
70   60
65   55
23   13
75   65
85   75
43   33
57   47
40   30
34   24
64   54
52   42
86   76
29   19
34   24
97   87
42   32
38   28
57   47
13   3
26   16
24   14
40   30
24   14
38   28
14   4
63   53
19   9
35   25
38   28
96   86
49   39
67   57
58   48
42   32
98   88
50   40
16   6
97   87
77   67
78   68
94   84
17   7
84   74
31   21
14   4
11   1
66   56
89   79
19   9
30   20
21   11
98   88
19   9
48   38
29   19
109   99
25   15
16   6
46   36
49   39
39   29
80   70
66   56
40   30
101   91
27   17
43   33
51   41
63   53
12   2
72   62
91   81
90   80
91   81
46   36
70   60
31   21
46   36
107   97
28   18
17   7
93   83
107   97
21   11
69   59
99   89
52   42
32   22
87   77
96   86
88   78
23   13
84   74
95   85
29   19
106   96
55   45
29   19
77   67
82   72
49   39
97   87
75   65
58   48
30   20
31   21
102   92
100   90
21   11
20   10
25   15
38   28
108   98
95   85
65   55
37   27
50   40
22   12
44   34
20   10
66   56
93   83
11   1
62   52
101   91
92   82
71   61
93   83
27   17
36   26
52   42
43   33
47   37
79   69
30   20
75   65
81   71
93   83
101   91
38   28
26   16
72   62
36   26
108   98
72   62
92   82
58   48
65   55
95   85
68   58
22   12
96   86
47   37
41   31
42   32
63   53
31   21
84   74
40   30
90   80
43   33
104   94
104   94
43   33
43   33
106   96
32   22
83   73
85   75
93   83
57   47
98   88
74   64
102   92
104   94
89   79
56   46
24   14
63   53
49   39
71   61
77   67
46   36
49   39
26   16
81   71
101   91
104   94
37   27
69   59
79   69
53   43
90   80
52   42
29   19
24   14
17   7
66   56
14   4
94   84
33   23
58   48
84   74
25   15
64   54
86   76
28   18
70   60
110   100
38   28
74   64
89   79
91   81
110   100
84   74
94   84
19   9
25   15
85   75
63   53
44   34
26   16
41   31
33   23
67   57
50   40
12   2
11   1
107   97
56   46
52   42
103   93
60   50
77   67
109   99
16   6
24   14
105   95
69   59
30   20
56   46
68   58
72   62
92   82
30   20
30   20
83   73
32   22
26   16
32   22
28   18
18   8
47   37
79   69
109   99
31   21
64   54
28   18
27   17
77   67
60   50
27   17
102   92
103   93
79   69
50   40
48   38
97   87
15   5
30   20
98   88
74   64
28   18
24   14
74   64
68   58
108   98
109   99
31   21
79   69
95   85
55   45
52   42
19   9
94   84
69   59
13   3
86   76
75   65
11   1
56   46
52   42
89   79
47   37
27   17
69   59
54   44
37   27
25   15
22   12
12   2
61   51
48   38
62   52
84   74
42   32
47   37
16   6
106   96
27   17
50   40
81   71
105   95
35   25
87   77
28   18
94   84
95   85
91   81
103   93
69   59
79   69
62   52
77   67
52   42
53   43
95   85
77   67
18   8
17   7
28   18
106   96
71   61
110   100
91   81
105   95
49   39
84   74
79   69
80   70
23   13
97   87
46   36
53   43
42   32
29   19
95   85
95   85
86   76
73   63
103   93
69   59
18   8
67   57
89   79
97   87
105   95
48   38
60   50
17   7
41   31
24   14
70   60
12   2
97   87
110   100
110   100
43   33
39   29
32   22
42   32
52   42
64   54
78   68
96   86
105   95
100   90
76   66
59   49
102   92
99   89
59   49
58   48
49   39
47   37
80   70
21   11
26   16
35   25
52   42
24   14
78   68
43   33
12   2
90   80
22   12
17   7
88   78
102   92
33   23
98   88
31   21
64   54
12   2
104   94
22   12
79   69
94   84
69   59
55   45
71   61
27   17
24   14
86   76
20   10
70   60
46   36
30   20
103   93
34   24
26   16
41   31
31   21
75   65
50   40
49   39
15   5
106   96
64   54
37   27
67   57
19   9
26   16
81   71
50   40
44   34
95   85
18   8
48   38
47   37
103   93
69   59
92   82
93   83
57   47
69   59
73   63
93   83
39   29
77   67
33   23
35   25
58   48
44   34
51   41
102   92
37   27
25   15
43   33
102   92
45   35
103   93
100   90
28   18
15   5
34   24
59   49
84   74
58   48
93   83
99   89
88   78
67   57
83   73
52   42
39   29
19   9
80   70
28   18
77   67
76   66
65   55
73   63
103   93
25   15
16   6
110   100
35   25
76   66
43   33
101   91
73   63
73   63
108   98
38   28
89   79
29   19
14   4
82   72
76   66
84   74
27   17
35   25
66   56
73   63
93   83
33   23
107   97
105   95
80   70
50   40
63   53
32   22
49   39
54   44
93   83
36   26
97   87
52   42
43   33
78   68
30   20
74   64
107   97
11   1
91   81
33   23
57   47
100   90
68   58
73   63
84   74
62   52
32   22
61   51
37   27
45   35
18   8
86   76
12   2
88   78
72   62
58   48
110   100
22   12
62   52
76   66
72   62
101   91
68   58
87   77
65   55
25   15
87   77
92   82
91   81
31   21
41   31
21   11
52   42
103   93
109   99
31   21
105   95
99   89
77   67
41   31
56   46
11   1
108   98
79   69
46   36
67   57
68   58
42   32
107   97
76   66
40   30
47   37
34   24
79   69
52   42
97   87
46   36
47   37
37   27
73   63
43   33
22   12
41   31
21   11
20   10
56   46
65   55
85   75
21   11
88   78
41   31
78   68
64   54
43   33
13   3
32   22
24   14
18   8
76   66
20   10
82   72
32   22
19   9
11   1
102   92
39   29
73   63
58   48
62   52
49   39
86   76
39   29
66   56
27   17
63   53
25   15
66   56
89   79
95   85
33   23
25   15
67   57
108   98
57   47
100   90
105   95
110   100
33   23
96   86
90   80
97   87
52   42
30   20
44   34
54   44
109   99
19   9
104   94
43   33
48   38
88   78
23   13
68   58
48   38
40   30
11   1
19   9
78   68
69   59
11   1
53   43
32   22
77   67
15   5
34   24
13   3
37   27
56   46
102   92
99   89
105   95
103   93
42   32
51   41
47   37
94   84
99   89
91   81
39   29
14   4
71   61
41   31
100   90
26   16
48   38
19   9
105   95
77   67
106   96
84   74
106   96
22   12
53   43
95   85
82   72
41   31
64   54
56   46
110   100
22   12
67   57
40   30
79   69
23   13
63   53
85   75
82   72
27   17
12   2
19   9
85   75
98   88
88   78
69   59
39   29
12   2
34   24
89   79
93   83
57   47
66   56
55   45
76   66
30   20
12   2
29   19
94   84
20   10
21   11
80   70
108   98
57   47
83   73
54   44
42   32
80   70
96   86
45   35
95   85
47   37
82   72
92   82
21   11
80   70
106   96
25   15
93   83
61   51
18   8
84   74
56   46
36   26
94   84
102   92
53   43
71   61
73   63
38   28
102   92
109   99
38   28
69   59
67   57
79   69
107   97
108   98
74   64
78   68
34   24
97   87
73   63
74   64
64   54
86   76
47   37
62   52
85   75
97   87
89   79
59   49
87   77
81   71
94   84
29   19
95   85
110   100
17   7
21   11
106   96
78   68
47   37
70   60
17   7
52   42
65   55
98   88
71   61
38   28
103   93
96   86
44   34
34   24
69   59
16   6
100   90
13   3
39   29
90   80
34   24
25   15
72   62
97   87
27   17
61   51
67   57
65   55
103   93
91   81
17   7
28   18
97   87
50   40
39   29
74   64
32   22
85   75
77   67
15   5
79   69
17   7
105   95
66   56
71   61
103   93
86   76
105   95
32   22
86   76
24   14
44   34
76   66
88   78
77   67
54   44
20   10
63   53
59   49
87   77
101   91
84   74
28   18
12   2
59   49
64   54
95   85
42   32
54   44
96   86
37   27
18   8
94   84
99   89
84   74
61   51
41   31
82   72
89   79
96   86
17   7
55   45
108   98
67   57
44   34
39   29
33   23
84   74
58   48
79   69
94   84
63   53
85   75
46   36
67   57
12   2
40   30
98   88
16   6
97   87
80   70
104   94
89   79
87   77
57   47
73   63
28   18
60   50
44   34
16   6
13   3
79   69
86   76
62   52
18   8
103   93
28   18
49   39
35   25
81   71
43   33
109   99
84   74
98   88
100   90
61   51
106   96
34   24
100   90
99   89
52   42
36   26
69   59
102   92
22   12
62   52
88   78
24   14
101   91
87   77
23   13
44   34
43   33
108   98
85   75
106   96
14   4
93   83
34   24
44   34
80   70
19   9
81   71
45   35
85   75
19   9
52   42
108   98
28   18
92   82
14   4
11   1
109   99
102   92
37   27
61   51
76   66
11   1
87   77
91   81
84   74
35   25
27   17
79   69
46   36
33   23
72   62
11   1
61   51
72   62
65   55
13   3
107   97
40   30
57   47
60   50
41   31
59   49
108   98
48   38
86   76
24   14
27   17
78   68
102   92
107   97
28   18
43   33
78   68
13   3
13   3
58   48
59   49
84   74
95   85
41   31
79   69
64   54
100   90
93   83
65   55
17   7
18   8
67   57
89   79
93   83
75   65
48   38
73   63
13   3
13   3
12   2
11   1
72   62
23   13
20   10
66   56
84   74
67   57
53   43
73   63
86   76
12   2
73   63
27   17
16   6
35   25
73   63
37   27
74   64
57   47
96   86
23   13
99   89
71   61
100   90
102   92
18   8
15   5
95   85
67   57
93   83
93   83
17   7
19   9
93   83
30   20
53   43
79   69
28   18
97   87
82   72
60   50
88   78
14   4
13   3
16   6
101   91
39   29
88   78
33   23
43   33
79   69
93   83
95   85
102   92
66   56
105   95
44   34
55   45
41   31
12   2
64   54
96   86
39   29
71   61
16   6
19   9
108   98
62   52
103   93
99   89
58   48
40   30
40   30
65   55
36   26
60   50
103   93
43   33
96   86
78   68
71   61
91   81
29   19
103   93
81   71
31   21
99   89
109   99
50   40
36   26
108   98
11   1
80   70
45   35
103   93
18   8
39   29
42   32
16   6
74   64
80   70
86   76
46   36
48   38
100   90
99   89
69   59
48   38
86   76
13   3
33   23
50   40
94   84
90   80
49   39
13   3
109   99
21   11
36   26
38   28
78   68
29   19
61   51
68   58
28   18
17   7
89   79
13   3
75   65
86   76
23   13
41   31
61   51
49   39
50   40
97   87
77   67
91   81
91   81
44   34
86   76
87   77
18   8
49   39
34   24
28   18
29   19
89   79
103   93
25   15
103   93
17   7
76   66
57   47
52   42
92   82
46   36
51   41
22   12
93   83
49   39
51   41
69   59
23   13
66   56
11   1
37   27
32   22
62   52
13   3
28   18
12   2
76   66
86   76
27   17
39   29
40   30
53   43
93   83
71   61
52   42
78   68
99   89
53   43
105   95
102   92
80   70
85   75
51   41
63   53
81   71
73   63
76   66
24   14
98   88
12   2
14   4
84   74
59   49
41   31
104   94
57   47
109   99
32   22
94   84
101   91
81   71
15   5
80   70
12   2
59   49
109   99
46   36
24   14
73   63
88   78
77   67
98   88
15   5
57   47
64   54
14   4
27   17
98   88
110   100
35   25
93   83
84   74
35   25
52   42
105   95
79   69
90   80
99   89
86   76
56   46
102   92
77   67
43   33
94   84
53   43
67   57
65   55
48   38
26   16
16   6
36   26
43   33
67   57
27   17
39   29
71   61
47   37
87   77
46   36
12   2
87   77
11   1
103   93
72   62
60   50
72   62
82   72
100   90
105   95
63   53
22   12
104   94
102   92
97   87
85   75
20   10
68   58
108   98
56   46
41   31
57   47
81   71
32   22
89   79
84   74
59   49
61   51
47   37
66   56
43   33
32   22
67   57
20   10
95   85
48   38
66   56
69   59
44   34
22   12
105   95
60   50
57   47
87   77
41   31
68   58
89   79
20   10
108   98
16   6
13   3
64   54
55   45
97   87
80   70
41   31
99   89
79   69
75   65
72   62
69   59
91   81
109   99
37   27
86   76
44   34
48   38
68   58
104   94
106   96
83   73
101   91
73   63
80   70
45   35
63   53
38   28
74   64
30   20
103   93
47   37
86   76
24   14
69   59
82   72
100   90
100   90
51   41
85   75
93   83
15   5
106   96
13   3
76   66
54   44
103   93
93   83
60   50
110   100
27   17
77   67
19   9
93   83
56   46
30   20
33   23
42   32
79   69
19   9
50   40
87   77
38   28
36   26
49   39
78   68
70   60
106   96
68   58
97   87
99   89
98   88
45   35
71   61
37   27
96   86
56   46
57   47
40   30
42   32
20   10
14   4
32   22
61   51
28   18
15   5
14   4
76   66
70   60
62   52
82   72
36   26
14   4
109   99
65   55
41   31
46   36
79   69
97   87
55   45
35   25
56   46
84   74
35   25
20   10
31   21
94   84
13   3
26   16
38   28
39   29
67   57
15   5
54   44
52   42
85   75
21   11
20   10
47   37
97   87
79   69
23   13
98   88
81   71
100   90
79   69
49   39
87   77
44   34
43   33
48   38
101   91
31   21
100   90
59   49
108   98
93   83
67   57
17   7
11   1
24   14
14   4
68   58
53   43
21   11
38   28
43   33
23   13
30   20
60   50
60   50
19   9
29   19
50   40
77   67
38   28
59   49
41   31
93   83
53   43
60   50
98   88
103   93
81   71
14   4
102   92
86   76
100   90
53   43
63   53
70   60
28   18
49   39
88   78
104   94
47   37
79   69
64   54
85   75
65   55
23   13
32   22
12   2
50   40
76   66
68   58
88   78
108   98
50   40
56   46
65   55
61   51
69   59
56   46
52   42
85   75
106   96
97   87
27   17
48   38
51   41
95   85
36   26
63   53
36   26
28   18
58   48
46   36
33   23
75   65
69   59
106   96
84   74
67   57
23   13
32   22
23   13
39   29
35   25
22   12
59   49
67   57
42   32
84   74
108   98
45   35
33   23
55   45
93   83
57   47
34   24
64   54
72   62
46   36
36   26
45   35
67   57
83   73
86   76
102   92
58   48
39   29
49   39
77   67
65   55
78   68
77   67
23   13
95   85
92   82
65   55
91   81
97   87
55   45
67   57
74   64
72   62
104   94
60   50
54   44
57   47
67   57
33   23
27   17
16   6
78   68
86   76
56   46
41   31
77   67
17   7
66   56
51   41
51   41
87   77
101   91
14   4
76   66
39   29
19   9
39   29
19   9
84   74
85   75
52   42
47   37
72   62
14   4
62   52
43   33
91   81
42   32
44   34
50   40
22   12
22   12
42   32
85   75
102   92
90   80
62   52
48   38
109   99
23   13
55   45
21   11
64   54
107   97
83   73
53   43
16   6
82   72
20   10
11   1
70   60
104   94
35   25
67   57
73   63
57   47
70   60
12   2
98   88
80   70
77   67
51   41
40   30
29   19
46   36
56   46
108   98
13   3
13   3
11   1
52   42
65   55
91   81
75   65
55   45
100   90
57   47
94   84
16   6
54   44
37   27
86   76
16   6
18   8
60   50
52   42
67   57
66   56
103   93
40   30
31   21
34   24
100   90
25   15
56   46
31   21
45   35
15   5
51   41
75   65
36   26
63   53
14   4
87   77
86   76
86   76
90   80
97   87
66   56
26   16
63   53
107   97
19   9
19   9
34   24
108   98
106   96
30   20
13   3
110   100
77   67
88   78
56   46
106   96
68   58
29   19
32   22
73   63
23   13
22   12
56   46
11   1
82   72
34   24
101   91
50   40
101   91
47   37
87   77
24   14
23   13
18   8
26   16
54   44
53   43
45   35
59   49
23   13
101   91
87   77
15   5
53   43
26   16
50   40
70   60
19   9
83   73
62   52
70   60
66   56
55   45
57   47
35   25
82   72
51   41
95   85
83   73
42   32
51   41
36   26
87   77
71   61
85   75
69   59
60   50
91   81
36   26
58   48
32   22
94   84
61   51
53   43
78   68
86   76
11   1
43   33
33   23
37   27
48   38
20   10
53   43
68   58
97   87
60   50
48   38
78   68
19   9
31   21
83   73
54   44
41   31
46   36
49   39
105   95
86   76
36   26
98   88
74   64
71   61
20   10
77   67
53   43
94   84
56   46
21   11
31   21
98   88
87   77
57   47
64   54
79   69
104   94
94   84
93   83
43   33
103   93
110   100
108   98
26   16
81   71
66   56
91   81
23   13
13   3
91   81
54   44
67   57
110   100
110   100
62   52
31   21
28   18
66   56
60   50
92   82
43   33
20   10
61   51
51   41
66   56
77   67
108   98
108   98
109   99
20   10
109   99
86   76
18   8
54   44
45   35
44   34
74   64
46   36
49   39
28   18
76   66
47   37
99   89
61   51
15   5
22   12
32   22
48   38
34   24
67   57
55   45
103   93
98   88
55   45
59   49
73   63
39   29
42   32
105   95
51   41
59   49
59   49
57   47
72   62
12   2
44   34
92   82
49   39
89   79
73   63
107   97
36   26
29   19
86   76
50   40
110   100
88   78
41   31
100   90
49   39
34   24
31   21
86   76
55   45
54   44
75   65
35   25
73   63
20   10
64   54
60   50
100   90
107   97
35   25
101   91
49   39
79   69
24   14
29   19
37   27
62   52
99   89
38   28
88   78
19   9
68   58
45   35
20   10
40   30
36   26
25   15
110   100
44   34
27   17
86   76
28   18
98   88
83   73
34   24
78   68
80   70
87   77
60   50
71   61
57   47
25   15
77   67
40   30
57   47
90   80
32   22
40   30
22   12
66   56
101   91
60   50
49   39
21   11
91   81
29   19
79   69
38   28
76   66
40   30
108   98
39   29
26   16
90   80
82   72
35   25
47   37
25   15
90   80
42   32
77   67
16   6
95   85
20   10
84   74
94   84
40   30
97   87
53   43
75   65
64   54
36   26
53   43
71   61
45   35
24   14
100   90
59   49
62   52
43   33
56   46
103   93
94   84
39   29
90   80
54   44
83   73
51   41
23   13
49   39
55   45
103   93
35   25
63   53
11   1
16   6
59   49
35   25
102   92
18   8
25   15
96   86
57   47
36   26
98   88
57   47
41   31
46   36
100   90
40   30
85   75
79   69
62   52
106   96
50   40
55   45
14   4
66   56
49   39
52   42
86   76
91   81
44   34
12   2
82   72
96   86
29   19
65   55
73   63
97   87
16   6
105   95
46   36
56   46
32   22
39   29
72   62
79   69
58   48
79   69
23   13
70   60
27   17
75   65
54   44
78   68
79   69
110   100
74   64
31   21
54   44
41   31
27   17
55   45
83   73
34   24
26   16
23   13
104   94
24   14
67   57
11   1
66   56
58   48
78   68
31   21
74   64
67   57
78   68
33   23
40   30
51   41
14   4
91   81
20   10
46   36
88   78
30   20
59   49
37   27
82   72
65   55
56   46
30   20
83   73
95   85
73   63
28   18
104   94
88   78
96   86
32   22
65   55
23   13
100   90
20   10
108   98
25   15
17   7
82   72
85   75
62   52
83   73
18   8
83   73
45   35
36   26
40   30
79   69
38   28
24   14
24   14
63   53
45   35
27   17
64   54
30   20
46   36
110   100
80   70
90   80
71   61
34   24
17   7
59   49
69   59
34   24
108   98
104   94
39   29
16   6
44   34
40   30
71   61
75   65
39   29
64   54
11   1
80   70
33   23
16   6
60   50
52   42
58   48
43   33
69   59
14   4
106   96
103   93
30   20
74   64
108   98
102   92
24   14
93   83
16   6
52   42
22   12
88   78
62   52
66   56
19   9
56   46
55   45
89   79
19   9
72   62
87   77
24   14
65   55
108   98
50   40
66   56
25   15
17   7
57   47
12   2
70   60
21   11
56   46
39   29
103   93
81   71
93   83
75   65
100   90
70   60
72   62
89   79
106   96
45   35
110   100
23   13
15   5
47   37
77   67
13   3
47   37
46   36
30   20
75   65
70   60
110   100
78   68
30   20
68   58
80   70
27   17
77   67
57   47
61   51
19   9
54   44
46   36
102   92
67   57
105   95
65   55
16   6
93   83
61   51
76   66
11   1
80   70
73   63
57   47
13   3
41   31
31   21
14   4
17   7
56   46
41   31
84   74
65   55
57   47
16   6
31   21
65   55
17   7
30   20
72   62
81   71
49   39
75   65
75   65
31   21
29   19
65   55
12   2
71   61
55   45
105   95
68   58
68   58
19   9
78   68
82   72
41   31
52   42
97   87
109   99
88   78
68   58
74   64
106   96
46   36
108   98
43   33
94   84
12   2
63   53
87   77
16   6
110   100
108   98
63   53
105   95
39   29
33   23
109   99
98   88
108   98
51   41
77   67
16   6
82   72
44   34
93   83
79   69
47   37
68   58
28   18
56   46
93   83
71   61
75   65
96   86
63   53
98   88
104   94
102   92
61   51
20   10
61   51
70   60
39   29
28   18
62   52
37   27
69   59
73   63
31   21
33   23
70   60
28   18
40   30
29   19
83   73
63   53
106   96
106   96
104   94
19   9
87   77
53   43
26   16
85   75
67   57
110   100
104   94
87   77
51   41
94   84
75   65
62   52
22   12
76   66
52   42
15   5
103   93
86   76
18   8
26   16
41   31
50   40
26   16
98   88
15   5
49   39
64   54
36   26
61   51
93   83
71   61
20   10
27   17
87   77
92   82
90   80
13   3
32   22
107   97
103   93
44   34
43   33
48   38
107   97
88   78
80   70
14   4
39   29
107   97
53   43
103   93
15   5
61   51
22   12
63   53
58   48
82   72
64   54
13   3
91   81
34   24
86   76
40   30
16   6
100   90
24   14
48   38
50   40
63   53
69   59
43   33
79   69
18   8
49   39
23   13
40   30
102   92
85   75
32   22
59   49
93   83
17   7
22   12
94   84
34   24
15   5
109   99
91   81
28   18
49   39
90   80
27   17
106   96
47   37
92   82
46   36
13   3
48   38
36   26
24   14
57   47
19   9
105   95
26   16
29   19
83   73
23   13
56   46
92   82
102   92
103   93
60   50
71   61
75   65
100   90
97   87
33   23
19   9
73   63
41   31
78   68
109   99
43   33
93   83
28   18
87   77
63   53
90   80
80   70
24   14
93   83
101   91
33   23
85   75
39   29
40   30
107   97
41   31
93   83
17   7
62   52
69   59
18   8
104   94
107   97
14   4
73   63
57   47
16   6
44   34
78   68
104   94
88   78
59   49
92   82
41   31
35   25
57   47
63   53
52   42
90   80
28   18
35   25
81   71
96   86
40   30
61   51
14   4
70   60
104   94
30   20
61   51
25   15
72   62
97   87
45   35
109   99
71   61
21   11
110   100
13   3
76   66
65   55
45   35
46   36
56   46
73   63
90   80
105   95
23   13
18   8
97   87
82   72
43   33
57   47
16   6
63   53
94   84
22   12
47   37
34   24
44   34
100   90
45   35
107   97
85   75
49   39
15   5
46   36
25   15
11   1
27   17
106   96
97   87
77   67
35   25
75   65
108   98
109   99
50   40
21   11
48   38
24   14
96   86
98   88
54   44
81   71
45   35
53   43
68   58
102   92
71   61
109   99
92   82
24   14
77   67
46   36
95   85
49   39
68   58
26   16
85   75
73   63
26   16
53   43
77   67
79   69
58   48
43   33
85   75
106   96
23   13
16   6
51   41
84   74
85   75
18   8
84   74
54   44
70   60
78   68
54   44
66   56
50   40
85   75
17   7
70   60
69   59
77   67
58   48
94   84
102   92
21   11
50   40
66   56
81   71
37   27
59   49
89   79
103   93
83   73
30   20
46   36
26   16
72   62
46   36
42   32
48   38
44   34
34   24
87   77
89   79
90   80
52   42
45   35
61   51
78   68
34   24
50   40
16   6
28   18
57   47
19   9
32   22
86   76
69   59
21   11
69   59
78   68
46   36
70   60
101   91
59   49
41   31
87   77
107   97
75   65
32   22
55   45
82   72
110   100
67   57
26   16
34   24
25   15
38   28
107   97
103   93
38   28
64   54
16   6
19   9
31   21
106   96
60   50
95   85
94   84
70   60
48   38
86   76
17   7
108   98
11   1
72   62
43   33
14   4
91   81
101   91
43   33
13   3
82   72
102   92
32   22
99   89
85   75
27   17
63   53
36   26
45   35
72   62
46   36
90   80
79   69
26   16
50   40
84   74
14   4
49   39
44   34
48   38
97   87
63   53
96   86
92   82
74   64
100   90
102   92
26   16
11   1
110   100
74   64
101   91
80   70
104   94
56   46
32   22
106   96
66   56
73   63
55   45
14   4
24   14
101   91
69   59
33   23
97   87
90   80
51   41
37   27
20   10
97   87
67   57
97   87
21   11
77   67
66   56
47   37
30   20
37   27
53   43
107   97
48   38
71   61
12   2
60   50
21   11
16   6
36   26
107   97
109   99
18   8
61   51
103   93
68   58
97   87
20   10
17   7
11   1
93   83
95   85
107   97
23   13
37   27
73   63
92   82
84   74
58   48
49   39
25   15
81   71
20   10
78   68
31   21
28   18
35   25
58   48
66   56
52   42
64   54
75   65
93   83
66   56
70   60
63   53
19   9
51   41
63   53
24   14
106   96
109   99
81   71
72   62
74   64
95   85
48   38
55   45
58   48
20   10
17   7
39   29
96   86
37   27
106   96
106   96
79   69
13   3
76   66
47   37
95   85
21   11
58   48
50   40
108   98
93   83
13   3
50   40
75   65
22   12
59   49
32   22
105   95
79   69
61   51
66   56
106   96
99   89
33   23
83   73
11   1
85   75
57   47
27   17
25   15
62   52
72   62
12   2
103   93
37   27
47   37
107   97
38   28
65   55
100   90
20   10
84   74
52   42
63   53
64   54
18   8
87   77
12   2
29   19
87   77
65   55
25   15
89   79
46   36
31   21
32   22
109   99
103   93
106   96
75   65
93   83
35   25
29   19
94   84
77   67
23   13
22   12
109   99
74   64
36   26
42   32
58   48
74   64
12   2
65   55
32   22
102   92
48   38
32   22
99   89
39   29
58   48
39   29
85   75
13   3
46   36
19   9
47   37
12   2
66   56
16   6
49   39
49   39
107   97
77   67
103   93
80   70
62   52
93   83
97   87
68   58
80   70
34   24
29   19
72   62
86   76
41   31
93   83
93   83
82   72
64   54
107   97
57   47
11   1
32   22
46   36
90   80
71   61
104   94
52   42
21   11
20   10
23   13
89   79
71   61
23   13
87   77
68   58
109   99
58   48
94   84
31   21
61   51
42   32
109   99
85   75
53   43
21   11
88   78
52   42
47   37
95   85
92   82
74   64
15   5
50   40
25   15
86   76
40   30
80   70
13   3
20   10
35   25
104   94
79   69
33   23
15   5
26   16
89   79
108   98
102   92
85   75
56   46
75   65
101   91
99   89
25   15
50   40
25   15
56   46
102   92
79   69
42   32
75   65
35   25
70   60
74   64
15   5
14   4
71   61
43   33
81   71
30   20
86   76
71   61
64   54
92   82
47   37
85   75
58   48
21   11
96   86
81   71
101   91
13   3
93   83
68   58
78   68
16   6
83   73
25   15
77   67
98   88
17   7
64   54
59   49
77   67
67   57
42   32
13   3
71   61
44   34
91   81
99   89
11   1
11   1
100   90
50   40
29   19
102   92
13   3
87   77
38   28
80   70
30   20
108   98
23   13
94   84
90   80
108   98
77   67
17   7
45   35
58   48
105   95
82   72
67   57
51   41
98   88
26   16
82   72
66   56
88   78
45   35
101   91
78   68
65   55
59   49
27   17
83   73
19   9
39   29
19   9
61   51
61   51
92   82
74   64
99   89
75   65
84   74
39   29
76   66
25   15
75   65
48   38
48   38
19   9
78   68
106   96
93   83
91   81
99   89
38   28
105   95
108   98
86   76
23   13
52   42
63   53
97   87
44   34
40   30
90   80
84   74
15   5
29   19
32   22
39   29
72   62
102   92
68   58
105   95
88   78
110   100
90   80
83   73
39   29
15   5
104   94
86   76
88   78
31   21
63   53
86   76
60   50
69   59
48   38
32   22
26   16
32   22
54   44
74   64
74   64
39   29
18   8
50   40
41   31
55   45
62   52
66   56
97   87
109   99
76   66
32   22
51   41
103   93
26   16
99   89
81   71
24   14
100   90
100   90
39   29
17   7
74   64
38   28
25   15
80   70
60   50
37   27
78   68
31   21
92   82
82   72
57   47
93   83
90   80
30   20
57   47
57   47
72   62
64   54
65   55
20   10
109   99
97   87
77   67
58   48
108   98
59   49
11   1
92   82
106   96
18   8
34   24
38   28
108   98
103   93
83   73
56   46
20   10
103   93
84   74
95   85
99   89
16   6
18   8
90   80
99   89
15   5
88   78
78   68
83   73
90   80
87   77
55   45
40   30
32   22
83   73
96   86
101   91
80   70
100   90
14   4
91   81
79   69
64   54
70   60
30   20
55   45
38   28
38   28
67   57
81   71
90   80
23   13
14   4
89   79
20   10
17   7
101   91
77   67
64   54
67   57
16   6
92   82
35   25
45   35
69   59
94   84
39   29
12   2
28   18
78   68
25   15
77   67
87   77
107   97
95   85
42   32
19   9
28   18
94   84
22   12
26   16
83   73
38   28
92   82
90   80
49   39
97   87
12   2
28   18
28   18
38   28
26   16
110   100
33   23
42   32
24   14
39   29
29   19
94   84
58   48
17   7
92   82
13   3
25   15
62   52
110   100
66   56
13   3
103   93
87   77
109   99
12   2
65   55
77   67
82   72
73   63
78   68
87   77
42   32
14   4
100   90
64   54
98   88
47   37
74   64
83   73
44   34
62   52
12   2
15   5
97   87
19   9
100   90
80   70
73   63
37   27
31   21
33   23
109   99
72   62
67   57
95   85
90   80
52   42
88   78
47   37
11   1
103   93
50   40
48   38
109   99
50   40
20   10
14   4
77   67
56   46
51   41
99   89
108   98
57   47
78   68
59   49
14   4
15   5
110   100
15   5
32   22
87   77
99   89
46   36
51   41
46   36
86   76
21   11
63   53
46   36
75   65
105   95
86   76
101   91
18   8
100   90
22   12
58   48
29   19
12   2
73   63
20   10
105   95
32   22
18   8
39   29
86   76
65   55
99   89
100   90
30   20
104   94
11   1
73   63
18   8
11   1
38   28
43   33
72   62
97   87
20   10
62   52
53   43
40   30
17   7
27   17
38   28
30   20
96   86
48   38
79   69
76   66
56   46
96   86
40   30
76   66
40   30
65   55
52   42
105   95
94   84
88   78
104   94
57   47
69   59
93   83
52   42
83   73
41   31
32   22
69   59
98   88
14   4
59   49
55   45
67   57
26   16
98   88
63   53
19   9
72   62
61   51
34   24
69   59
64   54
90   80
28   18
19   9
31   21
63   53
35   25
107   97
41   31
63   53
37   27
39   29
11   1
57   47
49   39
18   8
24   14
76   66
66   56
53   43
100   90
11   1
69   59
62   52
92   82
93   83
68   58
43   33
57   47
45   35
29   19
35   25
22   12
70   60
70   60
15   5
50   40
53   43
56   46
76   66
26   16
80   70
71   61
49   39
89   79
18   8
12   2
36   26
71   61
44   34
70   60
106   96
47   37
45   35
75   65
81   71
66   56
65   55
54   44
33   23
88   78
49   39
105   95
66   56
91   81
38   28
109   99
42   32
94   84
99   89
16   6
27   17
79   69
51   41
84   74
100   90
62   52
52   42
42   32
89   79
94   84
71   61
25   15
104   94
87   77
76   66
108   98
104   94
94   84
45   35
88   78
86   76
40   30
74   64
62   52
55   45
101   91
41   31
106   96
45   35
102   92
53   43
16   6
87   77
67   57
61   51
76   66
84   74
31   21
75   65
19   9
70   60
65   55
14   4
64   54
60   50
35   25
65   55
85   75
23   13
102   92
37   27
90   80
17   7
58   48
91   81
32   22
88   78
78   68
52   42
84   74
91   81
72   62
55   45
79   69
38   28
73   63
81   71
21   11
56   46
103   93
27   17
99   89
33   23
84   74
87   77
50   40
62   52
108   98
72   62
90   80
107   97
24   14
30   20
16   6
23   13
93   83
27   17
11   1
95   85
109   99
101   91
90   80
77   67
40   30
68   58
71   61
99   89
35   25
91   81
65   55
85   75
26   16
99   89
21   11
76   66
11   1
53   43
35   25
81   71
41   31
69   59
71   61
106   96
55   45
43   33
18   8
84   74
106   96
50   40
26   16
55   45
93   83
56   46
63   53
107   97
47   37
62   52
18   8
67   57
72   62
80   70
84   74
67   57
49   39
65   55
14   4
50   40
31   21
41   31
79   69
18   8
22   12
60   50
48   38
78   68
43   33
65   55
13   3
20   10
77   67
83   73
58   48
84   74
100   90
52   42
52   42
100   90
100   90
43   33
30   20
36   26
108   98
84   74
28   18
33   23
52   42
100   90
62   52
95   85
50   40
25   15
83   73
41   31
21   11
17   7
44   34
74   64
71   61
103   93
60   50
50   40
73   63
32   22
91   81
14   4
81   71
49   39
51   41
81   71
64   54
21   11
71   61
36   26
82   72
41   31
51   41
48   38
50   40
31   21
25   15
67   57
61   51
21   11
106   96
25   15
75   65
100   90
20   10
18   8
109   99
34   24
80   70
91   81
42   32
55   45
81   71
25   15
11   1
12   2
15   5
101   91
11   1
30   20
83   73
97   87
84   74
82   72
60   50
44   34
28   18
51   41
67   57
19   9
36   26
96   86
44   34
71   61
87   77
17   7
20   10
71   61
96   86
76   66
11   1
66   56
93   83
74   64
83   73
98   88
88   78
20   10
69   59
42   32
60   50
95   85
48   38
69   59
89   79
32   22
87   77
36   26
37   27
69   59
43   33
85   75
59   49
54   44
49   39
35   25
70   60
11   1
88   78
71   61
80   70
40   30
51   41
56   46
14   4
79   69
59   49
59   49
43   33
65   55
87   77
46   36
95   85
80   70
75   65
43   33
29   19
21   11
57   47
29   19
82   72
27   17
90   80
71   61
107   97
28   18
82   72
28   18
99   89
32   22
39   29
64   54
61   51
11   1
52   42
53   43
36   26
63   53
99   89
90   80
16   6
12   2
87   77
25   15
41   31
41   31
108   98
104   94
36   26
73   63
17   7
63   53
107   97
98   88
24   14
88   78
42   32
97   87
102   92
43   33
16   6
26   16
103   93
69   59
31   21
35   25
36   26
61   51
103   93
46   36
68   58
90   80
106   96
60   50
56   46
12   2
26   16
82   72
103   93
94   84
94   84
22   12
55   45
45   35
34   24
18   8
89   79
52   42
53   43
57   47
82   72
32   22
45   35
39   29
66   56
22   12
106   96
40   30
81   71
103   93
20   10
92   82
105   95
11   1
71   61
106   96
83   73
35   25
37   27
79   69
103   93
18   8
75   65
83   73
87   77
12   2
102   92
75   65
81   71
19   9
41   31
77   67
76   66
14   4
11   1
17   7
40   30
59   49
70   60
29   19
66   56
64   54
51   41
69   59
20   10
61   51
98   88
21   11
39   29
110   100
63   53
36   26
106   96
37   27
31   21
73   63
38   28
84   74
89   79
37   27
47   37
41   31
68   58
109   99
54   44
54   44
105   95
109   99
39   29
72   62
19   9
46   36
83   73
99   89
79   69
69   59
71   61
13   3
91   81
66   56
48   38
40   30
95   85
40   30
90   80
22   12
74   64
22   12
79   69
108   98
107   97
11   1
76   66
59   49
100   90
11   1
31   21
95   85
68   58
107   97
57   47
73   63
81   71
108   98
69   59
81   71
77   67
71   61
47   37
33   23
66   56
76   66
58   48
78   68
94   84
65   55
87   77