500
30
12377
15 15 14 17 14 15 18 14 17 18 14 15 16 16 14 18 13 13 17 13 18 17 16 16 16 14 16 17 13 51 
-46 -51 -45 -43 -45 -50 -59 -40 -52 -52 -45 -52 -49 -43 -39 -47 -31 -34 -52 -40 -59 -51 -43 -48 -39 -40 -41 -47 -39 -152 
38 43 38 35 38 43 50 33 43 43 38 45 41 35 32 38 25 28 44 34 50 42 35 40 31 33 33 38 33 126 
22   12
92   82
90   80
97   87
80   70
34   24
105   95
18   8
38   28
24   14
32   22
107   97
31   21
96   86
54   44
78   68
35   25
89   79
76   66
57   47
34   24
93   83
49   39
109   99
78   68
77   67
50   40
24   14
107   97
73   63
35   25
94   84
59   49
60   50
54   44
72   62
15   5
49   39
20   10
92   82
103   93
104   94
42   32
105   95
34   24
66   56
105   95
74   64
31   21
27   17
34   24
53   43
12   2
46   36
94   84
98   88
20   10
60   50
49   39
55   45
12   2
103   93
98   88
86   76
18   8
18   8
63   53
33   23
98   88
74   64
27   17
95   85
98   88
71   61
23   13
85   75
62   52
41   31
33   23
38   28
73   63
102   92
108   98
92   82
60   50
52   42
24   14
101   91
105   95
41   31
29   19
65   55
76   66
27   17
80   70
103   93
97   87
15   5
74   64
88   78
77   67
25   15
54   44
85   75
51   41
105   95
46   36
83   73
43   33
70   60
106   96
68   58
31   21
93   83
57   47
54   44
62   52
42   32
72   62
13   3
51   41
42   32
77   67
28   18
78   68
44   34
89   79
52   42
90   80
97   87
50   40
103   93
43   33
43   33
93   83
12   2
54   44
31   21
60   50
24   14
32   22
15   5
80   70
69   59
84   74
23   13
53   43
96   86
86   76
37   27
23   13
60   50
21   11
92   82
69   59
91   81
95   85
106   96
85   75
78   68
24   14
65   55
80   70
32   22
69   59
84   74
108   98
60   50
96   86
15   5
12   2
11   1
98   88
36   26
90   80
101   91
104   94
70   60
69   59
13   3
47   37
88   78
75   65
44   34
107   97
100   90
82   72
23   13
78   68
26   16
47   37
85   75
107   97
31   21
31   21
110   100
70   60
87   77
18   8
95   85
67   57
39   29
14   4
72   62
16   6
21   11
42   32
100   90
11   1
65   55
72   62
101   91
45   35
64   54
13   3
31   21
97   87
104   94
23   13
35   25
13   3
76   66
65   55
36   26
91   81
96   86
23   13
74   64
55   45
52   42
49   39
99   89
61   51
25   15
35   25
55   45
99   89
24   14
63   53
89   79
66   56
68   58
67   57
29   19
66   56
80   70
25   15
21   11
63   53
14   4
85   75
75   65
82   72
31   21
38   28
12   2
45   35
30   20
49   39
59   49
52   42
37   27
39   29
25   15
65   55
50   40
90   80
25   15
19   9
104   94
44   34
110   100
27   17
55   45
65   55
12   2
56   46
29   19
34   24
64   54
105   95
16   6
79   69
27   17
69   59
88   78
25   15
94   84
63   53
86   76
48   38
101   91
72   62
19   9
41   31
37   27
91   81
67   57
100   90
17   7
39   29
99   89
87   77
105   95
48   38
66   56
54   44
66   56
108   98
67   57
38   28
94   84
52   42
92   82
81   71
31   21
36   26
22   12
87   77
63   53
51   41
61   51
85   75
96   86
88   78
84   74
20   10
99   89
67   57
47   37
48   38
87   77
21   11
13   3
46   36
50   40
92   82
80   70
11   1
99   89
69   59
21   11
60   50
76   66
19   9
96   86
56   46
68   58
109   99
93   83
13   3
78   68
24   14
29   19
35   25
84   74
16   6
64   54
30   20
79   69
69   59
105   95
23   13
80   70
38   28
39   29
90   80
15   5
79   69
19   9
95   85
76   66
72   62
11   1
35   25
74   64
90   80
22   12
107   97
13   3
60   50
67   57
25   15
110   100
66   56
36   26
18   8
50   40
11   1
18   8
72   62
32   22
98   88
35   25
84   74
34   24
49   39
45   35
35   25
94   84
65   55
90   80
55   45
36   26
25   15
38   28
45   35
12   2
25   15
52   42
95   85
47   37
50   40
85   75
48   38
94   84
17   7
64   54
103   93
109   99
98   88
55   45
46   36
11   1
93   83
15   5
79   69
47   37
80   70
42   32
13   3
85   75
34   24
21   11
42   32
71   61
19   9
110   100
108   98
17   7
72   62
52   42
75   65
97   87
51   41
30   20
34   24
67   57
62   52
95   85
82   72
46   36
33   23
90   80
95   85
92   82
17   7
43   33
81   71
103   93
31   21
66   56
104   94
81   71
87   77
20   10
12   2
74   64
71   61
26   16
26   16
19   9
91   81
29   19
71   61
27   17
87   77
92   82
55   45
109   99
31   21
67   57
37   27
103   93
47   37
60   50
17   7
86   76
64   54
74   64
73   63
28   18
32   22
46   36
56   46
21   11
90   80
67   57
66   56
20   10