500
10
13411
51 42 45 55 59 56 45 54 50 43 
-477 -443 -374 -531 -617 -556 -396 -542 -460 -373 
400 380 306 448 528 472 328 461 385 309 
108   98
22   12
44   34
47   37
102   92
60   50
63   53
104   94
16   6
110   100
94   84
89   79
69   59
82   72
84   74
72   62
37   27
99   89
58   48
43   33
32   22
71   61
23   13
51   41
36   26
63   53
20   10
98   88
49   39
47   37
57   47
100   90
21   11
78   68
28   18
26   16
25   15
99   89
38   28
38   28
65   55
74   64
56   46
55   45
72   62
108   98
51   41
68   58
105   95
89   79
36   26
99   89
54   44
60   50
64   54
12   2
58   48
110   100
99   89
101   91
94   84
69   59
104   94
48   38
64   54
84   74
89   79
87   77
36   26
36   26
101   91
61   51
104   94
89   79
85   75
47   37
80   70
15   5
79   69
44   34
47   37
64   54
22   12
106   96
106   96
70   60
102   92
35   25
11   1
103   93
39   29
95   85
86   76
73   63
18   8
105   95
43   33
17   7
96   86
38   28
87   77
107   97
48   38
35   25
37   27
11   1
12   2
25   15
45   35
80   70
100   90
26   16
69   59
39   29
67   57
92   82
100   90
12   2
14   4
19   9
65   55
52   42
59   49
90   80
48   38
86   76
95   85
14   4
64   54
15   5
84   74
49   39
77   67
29   19
51   41
14   4
80   70
109   99
94   84
94   84
46   36
93   83
86   76
107   97
102   92
33   23
99   89
30   20
100   90
91   81
105   95
102   92
95   85
90   80
83   73
69   59
13   3
100   90
47   37
64   54
90   80
35   25
26   16
46   36
107   97
54   44
22   12
54   44
22   12
61   51
58   48
13   3
92   82
62   52
60   50
47   37
22   12
36   26
55   45
95   85
73   63
102   92
45   35
18   8
73   63
38   28
96   86
61   51
108   98
28   18
69   59
15   5
17   7
53   43
93   83
96   86
24   14
77   67
36   26
57   47
109   99
65   55
52   42
66   56
62   52
83   73
76   66
42   32
29   19
99   89
38   28
67   57
91   81
86   76
107   97
73   63
71   61
110   100
77   67
41   31
103   93
110   100
83   73
98   88
101   91
50   40
13   3
84   74
41   31
14   4
87   77
105   95
107   97
79   69
53   43
77   67
85   75
30   20
73   63
91   81
64   54
70   60
41   31
19   9
72   62
74   64
79   69
71   61
17   7
104   94
99   89
41   31
24   14
97   87
24   14
74   64
79   69
88   78
103   93
97   87
98   88
107   97
45   35
55   45
83   73
72   62
36   26
47   37
109   99
50   40
58   48
76   66
37   27
73   63
31   21
30   20
54   44
99   89
48   38
74   64
71   61
106   96
73   63
81   71
15   5
74   64
59   49
68   58
25   15
24   14
90   80
99   89
78   68
73   63
107   97
47   37
93   83
101   91
50   40
107   97
89   79
25   15
21   11
87   77
62   52
56   46
16   6
44   34
34   24
17   7
40   30
96   86
42   32
66   56
27   17
61   51
110   100
72   62
65   55
21   11
85   75
71   61
87   77
62   52
94   84
102   92
94   84
77   67
29   19
61   51
70   60
77   67
39   29
15   5
16   6
64   54
22   12
22   12
49   39
57   47
31   21
15   5
110   100
46   36
81   71
106   96
54   44
26   16
19   9
63   53
107   97
60   50
78   68
31   21
29   19
78   68
14   4
50   40
84   74
109   99
79   69
99   89
85   75
74   64
48   38
89   79
16   6
101   91
77   67
81   71
37   27
34   24
106   96
89   79
101   91
36   26
24   14
64   54
85   75
83   73
110   100
93   83
99   89
84   74
108   98
94   84
16   6
84   74
49   39
52   42
102   92
62   52
80   70
53   43
18   8
72   62
99   89
43   33
65   55
28   18
79   69
32   22
29   19
30   20
59   49
76   66
99   89
58   48
43   33
22   12
81   71
105   95
104   94
43   33
70   60
24   14
43   33
42   32
93   83
67   57
52   42
61   51
48   38
105   95
67   57
57   47
45   35
69   59
66   56
40   30
27   17
95   85
20   10
67   57
100   90
65   55
93   83
32   22
54   44
19   9
66   56
110   100
101   91
75   65
45   35
44   34
40   30
73   63
108   98
29   19
60   50
48   38
63   53
96   86
21   11
54   44
59   49
77   67
27   17
105   95
93   83
20   10
82   72
59   49
81   71
66   56
78   68
16   6
37   27
20   10
56   46
89   79
89   79
107   97
93   83
69   59
89   79
58   48
57   47
31   21
41   31
17   7
59   49
13   3
17   7
14   4
87   77
64   54
70   60
56   46
51   41
38   28
34   24
88   78
34   24
31   21
56   46
93   83
64   54
66   56