2500
5
63233
481 455 541 536 487 
-4267 -4089 -4975 -4993 -4393 
3546 3407 4163 4189 3662 
56   46
90   80
76   66
71   61
50   40
96   86
87   77
100   90
64   54
58   48
30   20
69   59
21   11
102   92
28   18
12   2
93   83
47   37
102   92
59   49
68   58
11   1
63   53
27   17
28   18
103   93
68   58
58   48
21   11
87   77
57   47
16   6
93   83
74   64
96   86
14   4
57   47
31   21
38   28
70   60
81   71
102   92
56   46
59   49
36   26
84   74
35   25
16   6
61   51
49   39
92   82
83   73
50   40
92   82
16   6
92   82
62   52
46   36
95   85
65   55
98   88
101   91
48   38
108   98
24   14
76   66
57   47
59   49
60   50
64   54
85   75
109   99
32   22
97   87
25   15
15   5
96   86
43   33
43   33
36   26
23   13
40   30
18   8
38   28
18   8
50   40
82   72
23   13
63   53
11   1
59   49
99   89
98   88
33   23
42   32
109   99
39   29
25   15
32   22
58   48
87   77
19   9
16   6
107   97
29   19
27   17
44   34
17   7
97   87
68   58
100   90
102   92
21   11
39   29
87   77
48   38
64   54
36   26
82   72
107   97
13   3
88   78
63   53
46   36
40   30
78   68
55   45
70   60
32   22
107   97
12   2
29   19
61   51
57   47
47   37
106   96
104   94
89   79
54   44
94   84
22   12
65   55
50   40
67   57
66   56
65   55
83   73
82   72
72   62
47   37
13   3
14   4
51   41
82   72
107   97
57   47
57   47
44   34
63   53
88   78
50   40
83   73
78   68
94   84
55   45
66   56
30   20
46   36
102   92
89   79
62   52
73   63
24   14
106   96
80   70
51   41
78   68
64   54
47   37
11   1
37   27
66   56
37   27
62   52
105   95
98   88
60   50
33   23
76   66
56   46
33   23
35   25
25   15
33   23
101   91
68   58
44   34
81   71
36   26
109   99
89   79
101   91
48   38
62   52
34   24
51   41
64   54
106   96
41   31
35   25
38   28
63   53
51   41
74   64
23   13
89   79
63   53
74   64
77   67
69   59
15   5
70   60
51   41
94   84
105   95
90   80
21   11
76   66
61   51
110   100
51   41
61   51
87   77
59   49
17   7
57   47
33   23
42   32
57   47
91   81
84   74
30   20
57   47
55   45
56   46
42   32
99   89
35   25
13   3
84   74
67   57
69   59
52   42
53   43
76   66
42   32
11   1
68   58
59   49
109   99
74   64
83   73
89   79
99   89
23   13
108   98
24   14
75   65
13   3
38   28
38   28
96   86
101   91
77   67
75   65
62   52
66   56
95   85
96   86
94   84
27   17
94   84
17   7
25   15
79   69
54   44
87   77
60   50
101   91
76   66
42   32
71   61
38   28
57   47
39   29
87   77
21   11
89   79
102   92
71   61
81   71
37   27
61   51
71   61
94   84
72   62
104   94
76   66
54   44
77   67
32   22
16   6
26   16
78   68
39   29
105   95
78   68
68   58
29   19
45   35
13   3
79   69
43   33
34   24
42   32
62   52
14   4
61   51
29   19
69   59
50   40
37   27
99   89
15   5
100   90
12   2
34   24
26   16
105   95
85   75
11   1
63   53
58   48
38   28
73   63
90   80
54   44
30   20
107   97
83   73
39   29
84   74
50   40
31   21
105   95
82   72
74   64
46   36
84   74
69   59
99   89
75   65
45   35
62   52
56   46
53   43
48   38
25   15
17   7
45   35
37   27
106   96
22   12
41   31
105   95
12   2
64   54
44   34
25   15
75   65
86   76
109   99
47   37
84   74
52   42
26   16
76   66
52   42
73   63
80   70
22   12
110   100
80   70
69   59
86   76
36   26
35   25
15   5
13   3
48   38
79   69
36   26
57   47
86   76
63   53
88   78
107   97
62   52
87   77
46   36
41   31
33   23
84   74
43   33
50   40
88   78
23   13
46   36
13   3
27   17
16   6
61   51
16   6
89   79
19   9
17   7
29   19
85   75
58   48
76   66
27   17
35   25
56   46
91   81
44   34
41   31
57   47
48   38
106   96
75   65
26   16
58   48
45   35
59   49
45   35
28   18
36   26
45   35
28   18
101   91
20   10
72   62
19   9
44   34
61   51
54   44
47   37
109   99
19   9
65   55
69   59
40   30
90   80
59   49
57   47
42   32
34   24
48   38
13   3
76   66
80   70
57   47
93   83
31   21
13   3
53   43
73   63
94   84
21   11
63   53
37   27
101   91
91   81
17   7
37   27
30   20
15   5
96   86
90   80
64   54
19   9
106   96
70   60
32   22
74   64
83   73
68   58
57   47
32   22
82   72
63   53
80   70
27   17
82   72
45   35
84   74
34   24
39   29
19   9
77   67
17   7
17   7
24   14
24   14
32   22
96   86
35   25
35   25
17   7
41   31
79   69
45   35
33   23
70   60
11   1
92   82
79   69
90   80
103   93
41   31
74   64
83   73
90   80
66   56
52   42
23   13
37   27
71   61
71   61
85   75
56   46
90   80
95   85
41   31
24   14
24   14
103   93
65   55
97   87
102   92
94   84
103   93
67   57
58   48
50   40
97   87
57   47
27   17
32   22
19   9
41   31
84   74
74   64
79   69
107   97
43   33
63   53
35   25
104   94
99   89
49   39
104   94
11   1
64   54
65   55
73   63
69   59
63   53
83   73
86   76
98   88
23   13
68   58
15   5
20   10
46   36
78   68
17   7
107   97
54   44
51   41
51   41
34   24
79   69
78   68
95   85
110   100
33   23
24   14
59   49
84   74
32   22
59   49
11   1
102   92
92   82
29   19
26   16
79   69
64   54
48   38
45   35
35   25
23   13
93   83
41   31
36   26
89   79
75   65
52   42
74   64
40   30
94   84
106   96
14   4
106   96
78   68
14   4
102   92
28   18
14   4
76   66
17   7
69   59
85   75
11   1
106   96
38   28
89   79
43   33
14   4
106   96
75   65
21   11
12   2
21   11
62   52
12   2
77   67
43   33
95   85
45   35
82   72
54   44
67   57
47   37
50   40
13   3
105   95
96   86
28   18
63   53
51   41
36   26
81   71
12   2
16   6
74   64
98   88
53   43
15   5
86   76
15   5
19   9
79   69
15   5
20   10
46   36
80   70
82   72
73   63
23   13
38   28
12   2
22   12
39   29
36   26
100   90
48   38
109   99
43   33
13   3
40   30
35   25
58   48
99   89
17   7
12   2
107   97
18   8
76   66
65   55
40   30
33   23
68   58
50   40
32   22
41   31
92   82
82   72
105   95
109   99
55   45
31   21
71   61
22   12
31   21
24   14
82   72
47   37
74   64
80   70
29   19
94   84
65   55
79   69
54   44
27   17
78   68
101   91
91   81
63   53
37   27
59   49
56   46
109   99
35   25
87   77
107   97
13   3
52   42
72   62
18   8
18   8
96   86
34   24
94   84
62   52
96   86
92   82
65   55
77   67
11   1
55   45
110   100
106   96
52   42
56   46
85   75
102   92
71   61
55   45
91   81
31   21
108   98
91   81
75   65
70   60
47   37
58   48
51   41
30   20
63   53
105   95
102   92
92   82
46   36
40   30
40   30
72   62
87   77
36   26
37   27
38   28
83   73
67   57
42   32
90   80
84   74
34   24
29   19
97   87
20   10
90   80
68   58
104   94
70   60
92   82
17   7
24   14
60   50
74   64
93   83
49   39
94   84
36   26
47   37
65   55
102   92
53   43
104   94
20   10
66   56
72   62
94   84
93   83
18   8
70   60
106   96
56   46
11   1
84   74
39   29
20   10
85   75
54   44
81   71
49   39
35   25
51   41
38   28
42   32
87   77
17   7
68   58
77   67
44   34
74   64
24   14
23   13
45   35
97   87
15   5
91   81
45   35
90   80
48   38
51   41
72   62
109   99
49   39
34   24
90   80
18   8
20   10
59   49
38   28
67   57
90   80
42   32
71   61
95   85
90   80
29   19
26   16
106   96
89   79
74   64
55   45
82   72
77   67
55   45
102   92
68   58
84   74
64   54
34   24
29   19
95   85
20   10
58   48
89   79
44   34
95   85
64   54
109   99
30   20
45   35
43   33
93   83
52   42
92   82
29   19
93   83
93   83
69   59
23   13
17   7
79   69
48   38
41   31
92   82
33   23
93   83
69   59
42   32
55   45
67   57
98   88
15   5
66   56
12   2
63   53
96   86
50   40
12   2
83   73
25   15
66   56
83   73
65   55
96   86
74   64
46   36
17   7
104   94
106   96
86   76
36   26
22   12
94   84
100   90
30   20
110   100
38   28
20   10
74   64
64   54
21   11
53   43
104   94
76   66
59   49
99   89
38   28
72   62
60   50
48   38
20   10
109   99
95   85
89   79
51   41
24   14
100   90
28   18
69   59
13   3
83   73
68   58
23   13
41   31
27   17
65   55
51   41
90   80
106   96
106   96
37   27
104   94
81   71
65   55
86   76
42   32
40   30
36   26
77   67
87   77
45   35
107   97
31   21
33   23
43   33
91   81
109   99
34   24
15   5
99   89
23   13
95   85
74   64
74   64
87   77
62   52
25   15
43   33
24   14
88   78
98   88
69   59
79   69
87   77
96   86
67   57
65   55
94   84
79   69
37   27
103   93
71   61
85   75
69   59
99   89
78   68
93   83
36   26
27   17
36   26
79   69
61   51
48   38
19   9
100   90
101   91
92   82
17   7
60   50
46   36
73   63
29   19
50   40
62   52
18   8
89   79
65   55
67   57
105   95
74   64
102   92
96   86
45   35
38   28
49   39
15   5
96   86
52   42
88   78
34   24
41   31
95   85
62   52
53   43
103   93
40   30
82   72
13   3
43   33
83   73
101   91
71   61
17   7
24   14
50   40
80   70
80   70
54   44
85   75
110   100
37   27
26   16
22   12
37   27
45   35
70   60
52   42
44   34
48   38
78   68
94   84
75   65
87   77
75   65
46   36
92   82
21   11
27   17
98   88
62   52
78   68
30   20
40   30
25   15
49   39
90   80
50   40
109   99
36   26
39   29
62   52
91   81
90   80
41   31
107   97
98   88
89   79
98   88
75   65
52   42
89   79
21   11
69   59
104   94
38   28
29   19
99   89
40   30
74   64
76   66
45   35
91   81
31   21
15   5
79   69
64   54
44   34
47   37
42   32
67   57
42   32
62   52
47   37
22   12
59   49
68   58
49   39
85   75
51   41
33   23
101   91
19   9
16   6
44   34
35   25
16   6
64   54
87   77
56   46
83   73
93   83
54   44
103   93
53   43
105   95
98   88
65   55
105   95
91   81
62   52
98   88
11   1
42   32
44   34
45   35
48   38
93   83
90   80
44   34
75   65
49   39
61   51
22   12
66   56
72   62
84   74
70   60
49   39
99   89
22   12
53   43
84   74
43   33
37   27
35   25
56   46
56   46
11   1
75   65
99   89
110   100
47   37
89   79
85   75
29   19
54   44
46   36
12   2
84   74
84   74
108   98
36   26
38   28
69   59
55   45
12   2
90   80
68   58
91   81
13   3
106   96
63   53
11   1
40   30
84   74
38   28
95   85
100   90
104   94
15   5
63   53
98   88
100   90
83   73
25   15
69   59
101   91
26   16
94   84
86   76
40   30
57   47
104   94
88   78
15   5
41   31
79   69
37   27
22   12
61   51
54   44
101   91
17   7
100   90
49   39
57   47
47   37
53   43
22   12
76   66
53   43
84   74
65   55
74   64
78   68
98   88
93   83
30   20
16   6
105   95
32   22
38   28
88   78
82   72
26   16
34   24
22   12
45   35
47   37
70   60
104   94
30   20
11   1
101   91
73   63
99   89
24   14
102   92
93   83
109   99
43   33
94   84
72   62
99   89
39   29
72   62
20   10
23   13
104   94
65   55
33   23
64   54
56   46
29   19
33   23
98   88
108   98
40   30
108   98
84   74
94   84
62   52
75   65
104   94
70   60
72   62
68   58
98   88
87   77
107   97
93   83
99   89
52   42
56   46
39   29
13   3
36   26
23   13
14   4
15   5
63   53
66   56
20   10
25   15
23   13
70   60
22   12
38   28
24   14
24   14
86   76
32   22
32   22
57   47
39   29
51   41
11   1
43   33
64   54
35   25
66   56
49   39
85   75
86   76
19   9
31   21
20   10
60   50
41   31
99   89
75   65
45   35
106   96
109   99
73   63
18   8
72   62
41   31
84   74
78   68
100   90
54   44
91   81
84   74
98   88
19   9
62   52
93   83
73   63
55   45
55   45
84   74
26   16
87   77
43   33
19   9
69   59
67   57
38   28
61   51
64   54
17   7
103   93
97   87
66   56
101   91
32   22
110   100
59   49
46   36
67   57
109   99
49   39
44   34
11   1
100   90
31   21
81   71
14   4
49   39
78   68
89   79
91   81
27   17
90   80
21   11
39   29
57   47
98   88
95   85
69   59
17   7
33   23
32   22
56   46
105   95
33   23
100   90
90   80
32   22
101   91
42   32
50   40
27   17
55   45
16   6
82   72
64   54
100   90
42   32
16   6
57   47
28   18
36   26
19   9
14   4
91   81
67   57
70   60
109   99
87   77
88   78
101   91
74   64
83   73
44   34
64   54
22   12
71   61
92   82
34   24
66   56
21   11
52   42
54   44
73   63
50   40
15   5
80   70
24   14
16   6
22   12
63   53
22   12
49   39
51   41
71   61
55   45
48   38
94   84
108   98
74   64
102   92
54   44
15   5
54   44
30   20
33   23
79   69
51   41
34   24
61   51
19   9
110   100
24   14
97   87
79   69
103   93
50   40
25   15
30   20
60   50
91   81
50   40
100   90
103   93
51   41
37   27
72   62
85   75
17   7
25   15
21   11
61   51
71   61
21   11
17   7
103   93
98   88
104   94
95   85
98   88
85   75
81   71
43   33
50   40
57   47
63   53
40   30
76   66
87   77
106   96
39   29
20   10
86   76
21   11
43   33
20   10
35   25
87   77
40   30
83   73
51   41
72   62
84   74
97   87
72   62
29   19
49   39
103   93
109   99
20   10
98   88
35   25
76   66
23   13
61   51
69   59
101   91
100   90
74   64
77   67
93   83
62   52
62   52
96   86
104   94
103   93
31   21
58   48
73   63
93   83
69   59
47   37
97   87
100   90
46   36
19   9
84   74
49   39
102   92
85   75
20   10
93   83
108   98
43   33
110   100
98   88
58   48
59   49
63   53
91   81
105   95
97   87
40   30
100   90
53   43
68   58
22   12
24   14
41   31
17   7
21   11
102   92
102   92
84   74
12   2
100   90
38   28
110   100
46   36
62   52
56   46
72   62
65   55
16   6
43   33
49   39
93   83
23   13
40   30
27   17
35   25
49   39
21   11
12   2
15   5
61   51
79   69
25   15
55   45
49   39
77   67
32   22
19   9
16   6
19   9
46   36
47   37
92   82
34   24
51   41
44   34
20   10
31   21
90   80
107   97
36   26
109   99
66   56
99   89
57   47
29   19
43   33
50   40
105   95
109   99
104   94
28   18
33   23
17   7
69   59
40   30
69   59
62   52
48   38
71   61
109   99
32   22
32   22
66   56
20   10
64   54
94   84
44   34
107   97
99   89
66   56
83   73
81   71
90   80
106   96
57   47
22   12
19   9
34   24
67   57
103   93
65   55
34   24
77   67
103   93
81   71
81   71
71   61
60   50
17   7
28   18
49   39
58   48
89   79
104   94
70   60
97   87
24   14
78   68
52   42
42   32
61   51
23   13
72   62
43   33
44   34
60   50
107   97
36   26
76   66
76   66
47   37
103   93
102   92
17   7
107   97
85   75
76   66
45   35
19   9
94   84
101   91
49   39
48   38
42   32
47   37
45   35
59   49
66   56
87   77
19   9
30   20
79   69
99   89
23   13
86   76
83   73
97   87
44   34
74   64
32   22
39   29
37   27
109   99
22   12
72   62
38   28
38   28
25   15
31   21
54   44
53   43
60   50
60   50
74   64
54   44
91   81
80   70
87   77
59   49
39   29
109   99
66   56
71   61
44   34
83   73
65   55
54   44
12   2
13   3
63   53
60   50
102   92
49   39
93   83
81   71
102   92
15   5
76   66
66   56
96   86
53   43
82   72
36   26
93   83
108   98
92   82
105   95
107   97
26   16
50   40
76   66
40   30
37   27
95   85
63   53
18   8
44   34
73   63
76   66
94   84
89   79
45   35
65   55
102   92
108   98
76   66
16   6
110   100
38   28
65   55
43   33
21   11
66   56
62   52
37   27
70   60
69   59
67   57
27   17
99   89
64   54
22   12
22   12
18   8
77   67
93   83
74   64
28   18
66   56
23   13
50   40
17   7
93   83
85   75
75   65
59   49
45   35
30   20
21   11
47   37
98   88
73   63
33   23
30   20
66   56
47   37
106   96
57   47
92   82
29   19
14   4
71   61
22   12
63   53
108   98
28   18
82   72
81   71
44   34
108   98
93   83
99   89
102   92
50   40
17   7
12   2
53   43
19   9
65   55
43   33
45   35
71   61
107   97
101   91
52   42
37   27
30   20
47   37
74   64
72   62
73   63
33   23
27   17
83   73
81   71
69   59
74   64
75   65
31   21
58   48
53   43
20   10
46   36
56   46
60   50
40   30
72   62
77   67
70   60
104   94
11   1
95   85
75   65
13   3
76   66
12   2
12   2
67   57
60   50
43   33
54   44
102   92
108   98
109   99
86   76
70   60
39   29
20   10
69   59
69   59
70   60
13   3
40   30
17   7
59   49
56   46
91   81
72   62
15   5
53   43
108   98
70   60
51   41
34   24
95   85
41   31
62   52
27   17
64   54
96   86
54   44
28   18
25   15
84   74
56   46
85   75
35   25
25   15
97   87
24   14
80   70
108   98
72   62
73   63
43   33
98   88
82   72
110   100
87   77
68   58
45   35
95   85
53   43
103   93
85   75
24   14
58   48
44   34
69   59
54   44
106   96
92   82
107   97
24   14
76   66
41   31
30   20
46   36
94   84
92   82
32   22
81   71
15   5
23   13
92   82
95   85
44   34
53   43
42   32
78   68
69   59
86   76
92   82
88   78
51   41
77   67
85   75
93   83
55   45
104   94
76   66
84   74
68   58
62   52
79   69
73   63
110   100
33   23
89   79
12   2
43   33
23   13
91   81
80   70
19   9
71   61
75   65
94   84
101   91
108   98
75   65
109   99
68   58
109   99
77   67
91   81
44   34
13   3
72   62
33   23
15   5
36   26
68   58
54   44
28   18
107   97
62   52
14   4
79   69
20   10
67   57
14   4
41   31
101   91
102   92
39   29
56   46
27   17
105   95
47   37
96   86
64   54
77   67
109   99
33   23
86   76
15   5
65   55
97   87
27   17
64   54
41   31
53   43
57   47
76   66
55   45
40   30
43   33
44   34
22   12
76   66
19   9
57   47
21   11
22   12
76   66
73   63
75   65
12   2
59   49
109   99
93   83
110   100
77   67
104   94
63   53
91   81
75   65
28   18
102   92
102   92
39   29
103   93
51   41
69   59
41   31
85   75
83   73
109   99
54   44
89   79
43   33
84   74
37   27
18   8
88   78
20   10
98   88
73   63
48   38
41   31
43   33
64   54
17   7
47   37
75   65
57   47
31   21
98   88
22   12
17   7
84   74
19   9
25   15
76   66
80   70
84   74
99   89
107   97
104   94
75   65
36   26
98   88
35   25
23   13
58   48
104   94
88   78
45   35
92   82
96   86
99   89
51   41
80   70
90   80
19   9
31   21
93   83
63   53
93   83
59   49
51   41
33   23
14   4
28   18
80   70
95   85
88   78
61   51
79   69
106   96
87   77
74   64
52   42
98   88
100   90
74   64
42   32
100   90
12   2
63   53
69   59
64   54
62   52
41   31
81   71
14   4
14   4
62   52
17   7
93   83
85   75
33   23
80   70
62   52
42   32
13   3
109   99
60   50
68   58
49   39
13   3
33   23
31   21
46   36
99   89
109   99
89   79
53   43
70   60
41   31
77   67
83   73
59   49
60   50
18   8
99   89
22   12
109   99
30   20
32   22
53   43
21   11
59   49
25   15
67   57
105   95
28   18
101   91
104   94
36   26
102   92
79   69
70   60
101   91
89   79
31   21
81   71
83   73
86   76
27   17
73   63
36   26
74   64
13   3
64   54
40   30
28   18
22   12
67   57
55   45
84   74
17   7
25   15
67   57
12   2
90   80
63   53
73   63
25   15
90   80
76   66
49   39
87   77
87   77
53   43
77   67
40   30
28   18
70   60
88   78
106   96
68   58
47   37
69   59
28   18
101   91
13   3
40   30
42   32
61   51
45   35
31   21
92   82
16   6
67   57
93   83
62   52
80   70
45   35
40   30
57   47
66   56
35   25
61   51
36   26
22   12
19   9
22   12
18   8
11   1
105   95
40   30
95   85
96   86
49   39
11   1
82   72
11   1
34   24
56   46
58   48
89   79
103   93
14   4
73   63
67   57
61   51
24   14
106   96
64   54
80   70
79   69
87   77
27   17
23   13
59   49
39   29
43   33
78   68
32   22
15   5
23   13
67   57
44   34
24   14
80   70
22   12
108   98
41   31
23   13
90   80
20   10
42   32
97   87
73   63
84   74
32   22
16   6
72   62
69   59
89   79
73   63
88   78
45   35
44   34
43   33
41   31
19   9
62   52
47   37
68   58
83   73
84   74
95   85
36   26
86   76
45   35
108   98
18   8
77   67
76   66
33   23
27   17
37   27
100   90
45   35
108   98
20   10
84   74
69   59
76   66
83   73
73   63
96   86
57   47
11   1
15   5
19   9
40   30
97   87
95   85
37   27
17   7
46   36
16   6
104   94
80   70
76   66
94   84
59   49
101   91
37   27
84   74
109   99
79   69
42   32
22   12
14   4
67   57
91   81
110   100
68   58
25   15
58   48
44   34
64   54
99   89
69   59
57   47
87   77
42   32
73   63
96   86
70   60
15   5
65   55
92   82
30   20
75   65
45   35
35   25
21   11
28   18
34   24
89   79
54   44
99   89
47   37
18   8
99   89
94   84
108   98
53   43
30   20
58   48
18   8
12   2
57   47
55   45
26   16
77   67
63   53
85   75
40   30
20   10
97   87
40   30
94   84
76   66
26   16
104   94
41   31
80   70
51   41
66   56
60   50
66   56
38   28
34   24
68   58
74   64
13   3
33   23
29   19
50   40
63   53
77   67
43   33
35   25
68   58
56   46
59   49
76   66
79   69
38   28
41   31
62   52
30   20
35   25
95   85
91   81
70   60
44   34
89   79
89   79
104   94
51   41
69   59
55   45
67   57
86   76
37   27
56   46
11   1
89   79
31   21
40   30
107   97
24   14
41   31
103   93
88   78
55   45