2500
10
62735
237 252 239 270 270 268 245 233 256 230 
-2006 -2372 -2239 -2379 -2373 -2425 -2326 -2053 -2377 -2018 
1650 1994 1880 1974 1968 2023 1959 1703 1993 1673 
57   47
59   49
45   35
104   94
63   53
45   35
72   62
29   19
25   15
35   25
63   53
18   8
14   4
43   33
45   35
13   3
34   24
44   34
39   29
16   6
105   95
108   98
48   38
96   86
109   99
76   66
45   35
43   33
98   88
76   66
18   8
97   87
42   32
87   77
41   31
27   17
14   4
48   38
31   21
35   25
14   4
59   49
57   47
56   46
17   7
77   67
64   54
13   3
30   20
58   48
37   27
32   22
79   69
21   11
69   59
93   83
107   97
43   33
56   46
22   12
35   25
66   56
13   3
53   43
101   91
85   75
90   80
40   30
73   63
25   15
50   40
82   72
37   27
42   32
46   36
76   66
25   15
68   58
80   70
33   23
44   34
109   99
71   61
107   97
55   45
107   97
55   45
24   14
88   78
64   54
48   38
20   10
87   77
62   52
55   45
18   8
28   18
50   40
25   15
15   5
12   2
92   82
45   35
64   54
50   40
44   34
41   31
98   88
42   32
25   15
93   83
59   49
102   92
48   38
16   6
29   19
93   83
25   15
107   97
60   50
106   96
21   11
32   22
51   41
57   47
51   41
20   10
79   69
77   67
24   14
49   39
30   20
50   40
38   28
12   2
55   45
37   27
26   16
103   93
79   69
107   97
18   8
107   97
68   58
55   45
14   4
68   58
63   53
53   43
108   98
58   48
103   93
72   62
47   37
80   70
38   28
70   60
61   51
100   90
53   43
63   53
52   42
67   57
95   85
16   6
55   45
51   41
11   1
43   33
30   20
59   49
54   44
97   87
55   45
29   19
44   34
63   53
101   91
48   38
56   46
62   52
67   57
18   8
23   13
102   92
99   89
81   71
26   16
49   39
77   67
78   68
64   54
86   76
26   16
26   16
37   27
45   35
66   56
73   63
14   4
46   36
106   96
69   59
19   9
63   53
68   58
105   95
83   73
58   48
92   82
39   29
44   34
52   42
31   21
52   42
50   40
72   62
107   97
78   68
42   32
60   50
87   77
68   58
31   21
74   64
75   65
98   88
37   27
38   28
47   37
68   58
58   48
84   74
92   82
70   60
38   28
18   8
51   41
70   60
16   6
81   71
47   37
82   72
88   78
109   99
59   49
44   34
40   30
14   4
13   3
16   6
50   40
45   35
74   64
109   99
43   33
84   74
89   79
40   30
62   52
31   21
28   18
110   100
44   34
64   54
69   59
61   51
32   22
90   80
91   81
87   77
37   27
86   76
86   76
40   30
83   73
99   89
40   30
37   27
91   81
52   42
83   73
74   64
82   72
108   98
87   77
72   62
25   15
14   4
89   79
83   73
32   22
11   1
46   36
104   94
84   74
82   72
42   32
71   61
88   78
30   20
102   92
54   44
32   22
91   81
33   23
21   11
73   63
47   37
62   52
69   59
29   19
63   53
27   17
68   58
82   72
103   93
101   91
46   36
54   44
46   36
80   70
48   38
11   1
51   41
99   89
83   73
82   72
74   64
26   16
107   97
58   48
100   90
56   46
89   79
69   59
47   37
51   41
46   36
30   20
64   54
84   74
15   5
59   49
78   68
107   97
23   13
23   13
64   54
64   54
68   58
25   15
87   77
84   74
82   72
55   45
31   21
71   61
97   87
90   80
40   30
24   14
98   88
79   69
93   83
62   52
41   31
46   36
78   68
86   76
34   24
35   25
51   41
98   88
38   28
73   63
13   3
81   71
66   56
12   2
47   37
30   20
28   18
33   23
89   79
47   37
105   95
109   99
90   80
13   3
51   41
43   33
69   59
14   4
63   53
17   7
104   94
40   30
82   72
85   75
60   50
109   99
106   96
31   21
60   50
73   63
56   46
71   61
80   70
87   77
102   92
66   56
61   51
64   54
35   25
89   79
72   62
39   29
42   32
92   82
57   47
22   12
73   63
110   100
68   58
98   88
82   72
54   44
23   13
53   43
108   98
104   94
69   59
12   2
69   59
66   56
98   88
77   67
107   97
100   90
47   37
87   77
106   96
32   22
42   32
21   11
45   35
50   40
69   59
78   68
69   59
37   27
56   46
101   91
106   96
39   29
76   66
42   32
76   66
86   76
70   60
29   19
91   81
60   50
18   8
59   49
87   77
21   11
58   48
65   55
69   59
50   40
14   4
76   66
30   20
94   84
54   44
11   1
54   44
52   42
82   72
74   64
72   62
26   16
62   52
107   97
108   98
45   35
87   77
69   59
96   86
59   49
23   13
37   27
35   25
96   86
97   87
78   68
101   91
63   53
72   62
29   19
92   82
67   57
86   76
89   79
103   93
32   22
48   38
90   80
106   96
86   76
65   55
33   23
89   79
21   11
60   50
16   6
82   72
70   60
60   50
22   12
82   72
43   33
76   66
57   47
24   14
51   41
32   22
18   8
43   33
104   94
71   61
43   33
49   39
20   10
66   56
28   18
32   22
106   96
17   7
67   57
56   46
30   20
101   91
65   55
80   70
42   32
66   56
47   37
67   57
60   50
20   10
27   17
23   13
54   44
82   72
56   46
77   67
44   34
22   12
93   83
23   13
72   62
72   62
12   2
60   50
48   38
101   91
88   78
94   84
105   95
108   98
105   95
66   56
50   40
62   52
24   14
76   66
91   81
87   77
56   46
105   95
28   18
77   67
75   65
83   73
86   76
88   78
99   89
12   2
28   18
95   85
48   38
39   29
32   22
91   81
86   76
69   59
104   94
89   79
93   83
84   74
96   86
67   57
105   95
86   76
19   9
24   14
49   39
109   99
30   20
64   54
64   54
82   72
38   28
65   55
74   64
76   66
109   99
15   5
25   15
87   77
71   61
15   5
55   45
51   41
71   61
95   85
65   55
83   73
65   55
94   84
86   76
50   40
20   10
51   41
75   65
74   64
16   6
55   45
27   17
72   62
98   88
97   87
58   48
71   61
57   47
46   36
92   82
72   62
42   32
99   89
15   5
24   14
16   6
35   25
26   16
106   96
57   47
109   99
24   14
60   50
105   95
70   60
45   35
101   91
63   53
31   21
90   80
64   54
27   17
64   54
20   10
48   38
76   66
81   71
27   17
21   11
51   41
54   44
80   70
47   37
105   95
99   89
48   38
101   91
49   39
57   47
22   12
108   98
34   24
65   55
84   74
15   5
40   30
38   28
29   19
68   58
91   81
97   87
30   20
109   99
78   68
57   47
91   81
89   79
50   40
61   51
95   85
82   72
30   20
36   26
16   6
92   82
107   97
24   14
77   67
75   65
48   38
95   85
105   95
78   68
39   29
78   68
32   22
15   5
20   10
43   33
54   44
64   54
104   94
50   40
68   58
29   19
30   20
24   14
68   58
52   42
82   72
25   15
21   11
43   33
47   37
77   67
23   13
47   37
55   45
97   87
33   23
86   76
18   8
44   34
20   10
99   89
31   21
41   31
13   3
62   52
95   85
36   26
20   10
48   38
32   22
25   15
28   18
20   10
103   93
32   22
63   53
72   62
55   45
60   50
90   80
91   81
41   31
103   93
89   79
33   23
41   31
68   58
41   31
18   8
71   61
84   74
40   30
15   5
71   61
41   31
59   49
98   88
90   80
93   83
95   85
29   19
105   95
67   57
85   75
86   76
49   39
29   19
39   29
22   12
34   24
15   5
97   87
36   26
38   28
39   29
86   76
41   31
13   3
95   85
81   71
11   1
50   40
15   5
43   33
11   1
73   63
80   70
89   79
96   86
45   35
82   72
103   93
66   56
54   44
60   50
12   2
79   69
67   57
20   10
74   64
93   83
70   60
73   63
55   45
17   7
48   38
54   44
38   28
56   46
72   62
90   80
43   33
77   67
84   74
17   7
82   72
90   80
103   93
83   73
47   37
81   71
56   46
39   29
32   22
23   13
15   5
52   42
92   82
55   45
18   8
59   49
55   45
102   92
99   89
16   6
75   65
58   48
64   54
15   5
69   59
49   39
89   79
67   57
38   28
64   54
81   71
83   73
98   88
33   23
92   82
61   51
58   48
43   33
54   44
100   90
86   76
25   15
33   23
74   64
90   80
90   80
30   20
104   94
110   100
40   30
33   23
58   48
13   3
66   56
50   40
18   8
63   53
28   18
72   62
55   45
52   42
63   53
29   19
92   82
93   83
67   57
61   51
40   30
86   76
19   9
68   58
102   92
109   99
43   33
15   5
22   12
89   79
107   97
91   81
25   15
95   85
83   73
13   3
31   21
31   21
35   25
105   95
95   85
57   47
58   48
78   68
37   27
49   39
88   78
64   54
35   25
57   47
109   99
53   43
73   63
94   84
68   58
18   8
28   18
105   95
49   39
93   83
82   72
26   16
80   70
97   87
52   42
46   36
48   38
38   28
72   62
71   61
19   9
47   37
78   68
41   31
18   8
38   28
71   61
79   69
33   23
81   71
58   48
92   82
110   100
76   66
108   98
106   96
16   6
20   10
78   68
67   57
56   46
48   38
92   82
12   2
35   25
87   77
68   58
43   33
70   60
12   2
69   59
105   95
83   73
74   64
52   42
100   90
57   47
40   30
62   52
31   21
44   34
22   12
36   26
40   30
38   28
106   96
20   10
87   77
102   92
93   83
28   18
25   15
16   6
98   88
77   67
84   74
73   63
22   12
21   11
50   40
57   47
23   13
70   60
62   52
23   13
95   85
15   5
90   80
58   48
40   30
106   96
71   61
31   21
33   23
18   8
59   49
54   44
44   34
81   71
61   51
29   19
43   33
74   64
96   86
95   85
22   12
16   6
45   35
107   97
62   52
104   94
48   38
74   64
32   22
70   60
81   71
39   29
49   39
65   55
75   65
22   12
11   1
78   68
11   1
103   93
74   64
58   48
103   93
73   63
89   79
29   19
99   89
83   73
48   38
52   42
76   66
71   61
57   47
58   48
44   34
11   1
35   25
107   97
51   41
17   7
42   32
50   40
91   81
63   53
42   32
65   55
104   94
103   93
72   62
59   49
38   28
72   62
51   41
70   60
11   1
28   18
69   59
106   96
94   84
94   84
57   47
55   45
78   68
20   10
73   63
107   97
37   27
78   68
96   86
64   54
84   74
44   34
29   19
25   15
108   98
55   45
48   38
63   53
31   21
16   6
19   9
48   38
25   15
38   28
18   8
60   50
26   16
66   56
84   74
81   71
65   55
72   62
65   55
21   11
32   22
89   79
40   30
74   64
31   21
52   42
34   24
38   28
59   49
18   8
66   56
80   70
23   13
27   17
56   46
95   85
81   71
30   20
81   71
106   96
15   5
105   95
84   74
34   24
106   96
43   33
51   41
21   11
93   83
27   17
34   24
60   50
31   21
86   76
89   79
16   6
82   72
56   46
77   67
49   39
44   34
36   26
44   34
43   33
52   42
38   28
78   68
66   56
15   5
107   97
53   43
41   31
25   15
57   47
25   15
87   77
34   24
104   94
65   55
95   85
77   67
68   58
82   72
19   9
12   2
56   46
13   3
37   27
99   89
12   2
29   19
93   83
12   2
80   70
83   73
21   11
68   58
46   36
38   28
82   72
91   81
23   13
99   89
89   79
26   16
29   19
57   47
20   10
26   16
108   98
14   4
87   77
82   72
55   45
86   76
70   60
57   47
50   40
98   88
20   10
70   60
39   29
61   51
46   36
85   75
18   8
103   93
95   85
11   1
90   80
83   73
69   59
110   100
101   91
107   97
105   95
99   89
95   85
103   93
31   21
62   52
92   82
15   5
85   75
11   1
92   82
106   96
98   88
48   38
61   51
71   61
90   80
86   76
96   86
51   41
17   7
20   10
100   90
77   67
69   59
68   58
89   79
22   12
58   48
25   15
81   71
34   24
30   20
63   53
25   15
37   27
77   67
85   75
35   25
47   37
72   62
109   99
99   89
49   39
97   87
23   13
36   26
56   46
78   68
40   30
13   3
93   83
72   62
26   16
17   7
104   94
55   45
76   66
64   54
87   77
45   35
78   68
16   6
79   69
107   97
67   57
85   75
13   3
95   85
97   87
45   35
50   40
64   54
40   30
80   70
76   66
89   79
104   94
55   45
54   44
94   84
23   13
60   50
36   26
77   67
33   23
62   52
96   86
108   98
14   4
75   65
70   60
18   8
47   37
101   91
82   72
61   51
27   17
97   87
11   1
44   34
45   35
19   9
28   18
87   77
102   92
42   32
92   82
32   22
77   67
87   77
76   66
88   78
96   86
106   96
84   74
103   93
30   20
101   91
42   32
64   54
66   56
27   17
42   32
105   95
23   13
48   38
95   85
48   38
14   4
82   72
53   43
40   30
77   67
56   46
74   64
35   25
78   68
43   33
22   12
96   86
20   10
15   5
58   48
72   62
110   100
11   1
56   46
38   28
18   8
26   16
109   99
33   23
34   24
50   40
85   75
47   37
101   91
94   84
47   37
107   97
32   22
32   22
33   23
11   1
97   87
41   31
87   77
49   39
42   32
69   59
33   23
56   46
107   97
48   38
32   22
75   65
46   36
16   6
101   91
38   28
27   17
96   86
29   19
97   87
31   21
96   86
109   99
91   81
55   45
82   72
21   11
79   69
62   52
47   37
12   2
25   15
101   91
57   47
11   1
60   50
71   61
42   32
32   22
76   66
104   94
29   19
67   57
69   59
59   49
59   49
23   13
104   94
95   85
99   89
50   40
20   10
48   38
63   53
90   80
44   34
103   93
45   35
26   16
88   78
76   66
15   5
14   4
107   97
45   35
52   42
35   25
101   91
80   70
68   58
66   56
17   7
86   76
42   32
66   56
74   64
94   84
92   82
86   76
18   8
16   6
95   85
29   19
60   50
11   1
74   64
34   24
32   22
35   25
14   4
68   58
77   67
37   27
48   38
23   13
68   58
45   35
19   9
94   84
32   22
73   63
56   46
92   82
97   87
100   90
80   70
97   87
73   63
94   84
29   19
42   32
110   100
44   34
46   36
109   99
27   17
36   26
81   71
68   58
74   64
70   60
66   56
97   87
23   13
62   52
62   52
99   89
79   69
81   71
105   95
80   70
92   82
95   85
90   80
106   96
110   100
48   38
34   24
21   11
83   73
44   34
33   23
62   52
59   49
22   12
101   91
14   4
69   59
40   30
107   97
99   89
87   77
68   58
52   42
80   70
90   80
110   100
73   63
85   75
62   52
57   47
83   73
21   11
66   56
50   40
94   84
83   73
55   45
65   55
13   3
97   87
99   89
55   45
43   33
99   89
45   35
13   3
50   40
29   19
40   30
110   100
30   20
108   98
69   59
80   70
16   6
90   80
66   56
45   35
16   6
86   76
108   98
22   12
80   70
66   56
22   12
97   87
36   26
89   79
28   18
67   57
24   14
105   95
31   21
24   14
93   83
65   55
88   78
63   53
64   54
25   15
90   80
103   93
52   42
66   56
26   16
104   94
103   93
58   48
46   36
81   71
53   43
94   84
26   16
58   48
37   27
22   12
51   41
41   31
44   34
94   84
61   51
97   87
91   81
21   11
37   27
91   81
57   47
84   74
68   58
51   41
44   34
90   80
95   85
107   97
82   72
75   65
108   98
83   73
88   78
100   90
34   24
83   73
46   36
24   14
66   56
22   12
20   10
61   51
102   92
85   75
34   24
99   89
30   20
45   35
87   77
26   16
105   95
19   9
57   47
47   37
58   48
84   74
37   27
96   86
21   11
69   59
104   94
21   11
29   19
29   19
104   94
84   74
15   5
58   48
56   46
98   88
81   71
90   80
72   62
31   21
62   52
30   20
41   31
87   77
20   10
98   88
36   26
59   49
52   42
80   70
19   9
56   46
56   46
36   26
87   77
28   18
54   44
41   31
39   29
29   19
92   82
82   72
98   88
67   57
13   3
59   49
75   65
58   48
96   86
39   29
42   32
81   71
69   59
87   77
51   41
80   70
101   91
80   70
48   38
12   2
90   80
55   45
20   10
69   59
64   54
58   48
103   93
45   35
74   64
48   38
41   31
27   17
106   96
26   16
82   72
59   49
48   38
17   7
75   65
101   91
26   16
103   93
81   71
38   28
81   71
85   75
58   48
96   86
51   41
75   65
65   55
21   11
22   12
92   82
24   14
87   77
45   35
46   36
25   15
43   33
50   40
18   8
22   12
75   65
97   87
77   67
53   43
27   17
15   5
50   40
100   90
54   44
55   45
107   97
50   40
99   89
74   64
52   42
100   90
44   34
105   95
75   65
95   85
75   65
18   8
22   12
91   81
29   19
75   65
84   74
47   37
70   60
30   20
74   64
28   18
92   82
70   60
91   81
14   4
60   50
15   5
38   28
106   96
31   21
103   93
80   70
47   37
82   72
101   91
110   100
91   81
12   2
43   33
72   62
97   87
101   91
55   45
98   88
105   95
57   47
94   84
48   38
95   85
35   25
38   28
13   3
46   36
48   38
22   12
108   98
66   56
24   14
56   46
78   68
101   91
18   8
67   57
88   78
59   49
89   79
22   12
98   88
64   54
20   10
66   56
74   64
67   57
60   50
40   30
31   21
50   40
89   79
75   65
65   55
109   99
65   55
33   23
74   64
79   69
69   59
80   70
84   74
108   98
46   36
57   47
109   99
53   43
32   22
85   75
96   86
59   49
23   13
53   43
102   92
23   13
51   41
40   30
57   47
22   12
46   36
47   37
98   88
65   55
22   12
16   6
49   39
16   6
49   39
12   2
106   96
33   23
91   81
68   58
31   21
88   78
22   12
35   25
60   50
77   67
37   27
87   77
17   7
46   36
13   3
33   23
90   80
96   86
18   8
42   32
53   43
13   3
77   67
45   35
102   92
60   50
19   9
27   17
39   29
36   26
97   87
34   24
72   62
46   36
20   10
38   28
49   39
83   73
97   87
14   4
79   69
35   25
105   95
64   54
69   59
29   19
66   56
99   89
23   13
99   89
25   15
29   19
18   8
76   66
76   66
81   71
104   94
85   75
26   16
11   1
67   57
58   48
83   73
37   27
45   35
52   42
26   16
22   12
42   32
12   2
89   79
97   87
25   15
33   23
39   29
28   18
30   20
47   37
50   40
106   96
69   59
60   50
12   2
96   86
81   71
88   78
36   26
108   98
55   45
22   12
53   43
32   22
74   64
53   43
90   80
58   48
52   42
49   39
58   48
109   99
54   44
88   78
37   27
49   39
39   29
25   15
64   54
75   65
95   85
84   74
109   99
76   66
95   85
46   36
30   20
107   97
80   70
49   39
36   26
62   52
100   90
85   75
61   51
66   56
94   84
106   96
47   37
84   74
102   92
62   52
40   30
41   31
18   8
18   8
106   96
85   75
40   30
53   43
52   42
109   99
83   73
77   67
36   26
58   48
38   28
99   89
77   67
78   68
32   22
41   31
40   30
38   28
74   64
95   85
106   96
65   55
20   10
92   82
76   66
21   11
67   57
95   85
36   26
40   30
36   26
50   40
102   92
90   80
44   34
62   52
19   9
58   48
16   6
57   47
42   32
67   57
45   35
25   15
39   29
30   20
77   67
14   4
96   86
81   71
94   84
104   94
40   30
74   64
104   94
67   57
15   5
46   36
97   87
84   74
94   84
77   67
69   59
109   99
52   42
68   58
57   47
40   30
81   71
51   41
104   94
100   90
43   33
17   7
69   59
58   48
49   39
77   67
20   10
40   30
57   47
95   85
68   58
32   22
106   96
24   14
94   84
44   34
12   2
110   100
83   73
81   71
109   99
108   98
109   99
14   4
100   90
91   81
28   18
31   21
49   39
47   37
41   31
47   37
11   1
17   7
13   3
44   34
14   4
109   99
43   33
78   68
22   12
35   25
55   45
39   29
82   72
46   36
78   68
50   40
45   35
43   33
103   93
110   100
26   16
33   23
105   95
34   24
50   40
26   16
12   2
79   69
52   42
50   40
42   32
34   24
27   17
26   16
82   72
80   70
40   30
85   75
47   37
84   74
83   73
18   8
107   97
81   71
94   84
30   20
96   86
58   48
52   42
50   40
21   11
86   76
97   87
17   7
35   25
20   10
79   69
98   88
102   92
96   86
102   92
60   50
91   81
100   90
50   40
85   75
87   77
18   8
37   27
41   31
105   95
79   69
100   90
16   6
93   83
102   92
62   52
16   6
53   43
51   41
56   46
54   44
30   20
103   93
33   23
102   92
64   54
88   78
30   20
98   88
45   35
53   43
67   57
41   31
31   21
97   87
84   74
66   56
109   99
54   44
18   8
61   51
51   41
98   88
82   72
12   2
69   59
29   19
12   2
46   36
67   57
61   51
34   24
41   31
18   8
47   37
72   62
62   52
61   51
71   61
28   18
23   13
79   69
104   94
54   44
69   59
72   62
85   75
74   64
32   22
23   13
108   98
83   73
77   67
103   93
54   44
40   30
43   33
14   4
32   22
34   24
25   15
63   53
101   91
81   71
12   2
104   94
32   22
16   6
12   2
52   42
20   10
87   77
53   43
28   18
28   18
56   46
109   99
81   71
21   11
87   77
37   27
102   92
24   14
43   33
77   67
79   69
26   16
94   84
53   43
89   79
49   39
93   83
62   52
42   32
46   36
33   23
46   36
93   83
88   78
58   48
108   98
19   9
28   18
25   15
56   46
57   47
44   34
85   75
67   57
78   68
93   83
79   69
98   88
13   3
14   4
28   18
74   64
17   7
30   20
21   11
41   31
33   23
74   64
85   75
48   38
58   48
85   75
18   8
108   98
88   78
92   82
69   59
38   28
48   38
102   92
34   24
103   93
53   43
81   71
29   19
77   67
55   45
36   26
94   84
50   40
29   19
22   12
32   22
15   5
19   9
51   41
32   22
104   94
91   81
57   47
26   16
87   77
17   7
61   51
72   62
26   16
38   28
104   94
75   65
26   16
25   15
11   1
48   38
94   84
77   67
23   13
56   46
102   92
16   6
50   40
53   43
11   1
82   72
83   73
104   94
84   74
43   33
52   42
59   49
89   79
46   36
19   9
95   85
107   97
29   19
66   56
96   86
55   45
22   12
76   66
98   88
65   55
17   7
18   8
73   63
95   85
45   35
79   69
37   27
78   68
89   79
56   46
75   65
45   35
43   33
103   93
63   53
73   63
95   85
106   96
62   52
90   80
11   1
80   70
110   100
56   46
88   78
65   55
101   91
28   18
53   43
28   18
23   13
102   92
11   1
11   1
108   98
84   74
72   62
51   41
57   47
74   64
34   24
89   79
20   10
90   80
20   10
32   22
23   13
50   40
101   91
52   42
94   84
84   74
77   67
56   46
69   59
62   52
100   90
73   63
68   58