1000
5
25465
215 206 217 185 177 
-2600 -2562 -2580 -2197 -2245 
2170 2150 2146 1827 1891 
74   64
32   22
38   28
17   7
24   14
26   16
13   3
70   60
38   28
76   66
36   26
99   89
83   73
96   86
82   72
30   20
87   77
97   87
28   18
17   7
22   12
93   83
29   19
81   71
34   24
13   3
78   68
36   26
31   21
33   23
103   93
34   24
35   25
20   10
38   28
48   38
83   73
65   55
40   30
24   14
79   69
60   50
14   4
109   99
42   32
86   76
105   95
58   48
95   85
95   85
66   56
73   63
48   38
70   60
106   96
90   80
104   94
36   26
29   19
51   41
104   94
15   5
14   4
90   80
54   44
14   4
63   53
77   67
106   96
70   60
79   69
39   29
30   20
79   69
47   37
41   31
42   32
45   35
109   99
106   96
45   35
102   92
76   66
80   70
84   74
108   98
32   22
85   75
93   83
49   39
13   3
13   3
72   62
91   81
88   78
95   85
73   63
55   45
54   44
24   14
17   7
89   79
74   64
25   15
39   29
81   71
14   4
63   53
19   9
74   64
14   4
100   90
47   37
97   87
105   95
26   16
94   84
22   12
12   2
57   47
87   77
94   84
25   15
84   74
62   52
20   10
29   19
88   78
74   64
29   19
106   96
19   9
35   25
95   85
89   79
76   66
110   100
55   45
24   14
40   30
28   18
43   33
16   6
17   7
20   10
87   77
57   47
80   70
70   60
13   3
103   93
80   70
61   51
68   58
49   39
95   85
51   41
106   96
89   79
34   24
24   14
85   75
92   82
76   66
109   99
20   10
12   2
28   18
96   86
91   81
84   74
11   1
34   24
16   6
50   40
93   83
24   14
98   88
37   27
105   95
107   97
56   46
75   65
108   98
75   65
48   38
70   60
55   45
98   88
66   56
95   85
13   3
71   61
27   17
63   53
90   80
82   72
87   77
82   72
47   37
107   97
87   77
110   100
40   30
24   14
33   23
66   56
84   74
23   13
53   43
48   38
101   91
81   71
12   2
81   71
55   45
29   19
92   82
55   45
11   1
37   27
84   74
85   75
60   50
107   97
48   38
71   61
62   52
91   81
76   66
45   35
63   53
97   87
85   75
87   77
63   53
59   49
60   50
91   81
41   31
14   4
104   94
27   17
101   91
106   96
16   6
81   71
21   11
63   53
22   12
57   47
95   85
106   96
83   73
102   92
32   22
93   83
110   100
45   35
87   77
92   82
25   15
11   1
29   19
17   7
74   64
30   20
81   71
63   53
108   98
108   98
30   20
47   37
23   13
69   59
84   74
104   94
97   87
18   8
56   46
37   27
48   38
43   33
31   21
37   27
20   10
53   43
34   24
107   97
110   100
56   46
17   7
20   10
91   81
53   43
109   99
47   37
79   69
72   62
65   55
51   41
71   61
15   5
65   55
64   54
38   28
46   36
26   16
96   86
43   33
66   56
90   80
100   90
20   10
97   87
95   85
48   38
74   64
91   81
71   61
51   41
37   27
101   91
104   94
28   18
88   78
56   46
63   53
79   69
87   77
108   98
59   49
89   79
57   47
14   4
50   40
20   10
24   14
19   9
47   37
109   99
53   43
64   54
40   30
31   21
104   94
96   86
104   94
13   3
109   99
57   47
26   16
24   14
61   51
43   33
104   94
60   50
36   26
50   40
11   1
105   95
85   75
83   73
44   34
50   40
19   9
70   60
27   17
23   13
99   89
79   69
24   14
100   90
39   29
71   61
18   8
74   64
18   8
99   89
69   59
60   50
51   41
65   55
46   36
106   96
16   6
34   24
110   100
47   37
18   8
100   90
56   46
86   76
31   21
64   54
94   84
49   39
25   15
95   85
62   52
17   7
58   48
59   49
56   46
105   95
22   12
89   79
96   86
61   51
60   50
75   65
59   49
54   44
93   83
88   78
86   76
73   63
80   70
23   13
101   91
90   80
75   65
34   24
99   89
81   71
23   13
107   97
47   37
12   2
94   84
65   55
29   19
30   20
73   63
46   36
51   41
91   81
46   36
56   46
105   95
48   38
64   54
91   81
89   79
15   5
22   12
22   12
63   53
50   40
31   21
38   28
26   16
73   63
102   92
63   53
20   10
65   55
75   65
45   35
67   57
39   29
66   56
108   98
97   87
103   93
96   86
24   14
58   48
55   45
90   80
46   36
71   61
15   5
53   43
27   17
107   97
71   61
88   78
87   77
77   67
59   49
43   33
49   39
83   73
107   97
68   58
57   47
26   16
100   90
14   4
69   59
24   14
68   58
78   68
20   10
77   67
38   28
99   89
34   24
68   58
101   91
30   20
81   71
80   70
19   9
42   32
16   6
73   63
77   67
43   33
83   73
91   81
106   96
42   32
58   48
66   56
45   35
101   91
51   41
51   41
37   27
95   85
43   33
12   2
25   15
86   76
49   39
28   18
101   91
31   21
88   78
25   15
20   10
24   14
34   24
105   95
55   45
77   67
57   47
75   65
102   92
100   90
49   39
107   97
54   44
18   8
21   11
75   65
99   89
92   82
56   46
49   39
85   75
60   50
60   50
35   25
39   29
85   75
74   64
101   91
67   57
62   52
56   46
41   31
21   11
25   15
65   55
41   31
86   76
93   83
91   81
94   84
53   43
78   68
15   5
71   61
43   33
61   51
97   87
104   94
12   2
69   59
14   4
89   79
58   48
24   14
16   6
79   69
105   95
28   18
37   27
29   19
68   58
101   91
32   22
21   11
88   78
31   21
26   16
101   91
110   100
18   8
69   59
37   27
68   58
46   36
27   17
100   90
41   31
50   40
74   64
59   49
33   23
77   67
39   29
51   41
86   76
75   65
45   35
58   48
76   66
46   36
16   6
80   70
104   94
36   26
48   38
60   50
44   34
54   44
24   14
30   20
75   65
103   93
19   9
97   87
28   18
32   22
27   17
13   3
48   38
68   58
37   27
31   21
58   48
47   37
68   58
74   64
51   41
65   55
13   3
47   37
56   46
20   10
25   15
89   79
96   86
59   49
55   45
22   12
46   36
29   19
97   87
30   20
95   85
38   28
62   52
20   10
56   46
39   29
57   47
100   90
77   67
77   67
41   31
61   51
54   44
52   42
94   84
104   94
39   29
89   79
24   14
26   16
92   82
85   75
70   60
50   40
94   84
55   45
45   35
15   5
90   80
45   35
16   6
93   83
39   29
106   96
73   63
28   18
78   68
79   69
62   52
43   33
74   64
56   46
38   28
47   37
26   16
16   6
95   85
79   69
81   71
77   67
81   71
68   58
73   63
54   44
64   54
49   39
44   34
30   20
59   49
96   86
91   81
17   7
40   30
61   51
72   62
99   89
93   83
45   35
63   53
65   55
86   76
71   61
49   39
45   35
17   7
75   65
42   32
54   44
108   98
48   38
34   24
100   90
12   2
104   94
26   16
26   16
87   77
59   49
49   39
69   59
76   66
96   86
66   56
74   64
95   85
76   66
105   95
97   87
89   79
29   19
42   32
17   7
29   19
68   58
73   63
28   18
33   23
100   90
13   3
11   1
16   6
42   32
12   2
110   100
14   4
54   44
45   35
54   44
95   85
64   54
33   23
49   39
72   62
56   46
62   52
84   74
71   61
11   1
50   40
60   50
102   92
34   24
92   82
66   56
79   69
14   4
22   12
48   38
99   89
75   65
36   26
42   32
41   31
95   85
76   66
99   89
30   20
102   92
104   94
46   36
76   66
39   29
20   10
100   90
92   82
78   68
73   63
110   100
77   67
62   52
95   85
104   94
67   57
87   77
105   95
89   79
12   2
92   82
73   63
63   53
38   28
91   81
74   64
92   82
78   68
73   63
51   41
11   1
77   67
89   79
67   57
28   18
78   68
97   87
46   36
91   81
83   73
68   58
92   82
96   86
106   96
89   79
76   66
21   11
96   86
12   2
69   59
37   27
24   14
103   93
72   62
56   46
23   13
24   14
69   59
44   34
75   65
81   71
48   38
98   88
50   40
34   24
80   70
55   45
109   99
86   76
88   78
27   17
98   88
57   47
34   24
79   69
44   34
91   81
61   51
75   65
94   84
106   96
43   33
43   33
23   13
67   57
101   91
99   89
33   23
94   84
83   73
94   84
59   49
11   1
31   21
84   74
97   87
45   35
36   26
61   51
108   98
94   84
41   31
38   28
24   14
22   12
61   51
31   21
104   94
69   59
99   89
22   12
96   86
36   26
23   13
70   60
44   34
24   14
90   80
52   42
68   58
46   36
20   10
40   30
60   50
86   76
36   26
98   88
15   5
43   33
110   100
66   56
17   7
13   3
100   90
98   88
110   100
18   8
38   28
87   77
105   95
79   69
69   59
82   72
22   12
42   32
83   73
39   29
105   95
26   16
61   51
59   49
97   87
95   85
21   11
28   18
12   2
60   50
31   21
78   68
95   85
75   65
92   82
36   26
34   24
46   36
87   77
45   35
79   69
17   7
109   99
95   85
65   55
69   59
43   33
32   22
109   99
29   19
25   15
49   39
100   90
80   70
65   55
20   10
87   77
17   7
66   56
82   72
36   26
67   57