500
5
12423
119 94 83 85 119 
-1024 -796 -777 -870 -1006 
846 655 653 743 828 
85   75
27   17
93   83
40   30
11   1
17   7
76   66
105   95
25   15
11   1
39   29
90   80
14   4
67   57
109   99
89   79
110   100
48   38
91   81
96   86
25   15
84   74
12   2
56   46
89   79
20   10
33   23
99   89
34   24
104   94
50   40
69   59
54   44
67   57
109   99
15   5
22   12
32   22
91   81
51   41
102   92
87   77
93   83
60   50
97   87
89   79
88   78
29   19
62   52
42   32
77   67
92   82
71   61
33   23
25   15
89   79
23   13
107   97
48   38
70   60
107   97
22   12
21   11
29   19
69   59
33   23
66   56
12   2
53   43
49   39
26   16
54   44
29   19
70   60
82   72
28   18
17   7
20   10
92   82
17   7
32   22
109   99
55   45
75   65
67   57
35   25
59   49
64   54
108   98
68   58
16   6
68   58
35   25
46   36
35   25
14   4
16   6
70   60
65   55
83   73
32   22
76   66
29   19
84   74
94   84
56   46
25   15
38   28
30   20
53   43
45   35
99   89
110   100
24   14
40   30
89   79
57   47
65   55
27   17
56   46
98   88
97   87
32   22
103   93
49   39
15   5
16   6
47   37
45   35
16   6
29   19
38   28
46   36
38   28
36   26
87   77
13   3
38   28
35   25
63   53
79   69
82   72
75   65
16   6
23   13
46   36
20   10
55   45
45   35
20   10
74   64
11   1
68   58
35   25
44   34
90   80
98   88
61   51
100   90
81   71
63   53
12   2
23   13
15   5
88   78
23   13
79   69
95   85
19   9
94   84
95   85
54   44
41   31
95   85
109   99
64   54
99   89
41   31
56   46
76   66
42   32
27   17
18   8
55   45
86   76
99   89
77   67
66   56
33   23
73   63
26   16
28   18
18   8
98   88
18   8
77   67
101   91
42   32
105   95
66   56
66   56
106   96
17   7
79   69
67   57
100   90
69   59
99   89
90   80
12   2
27   17
44   34
20   10
31   21
84   74
62   52
88   78
75   65
46   36
106   96
48   38
91   81
52   42
43   33
82   72
51   41
46   36
81   71
106   96
59   49
92   82
14   4
76   66
48   38
46   36
18   8
22   12
19   9
110   100
16   6
105   95
39   29
62   52
24   14
105   95
103   93
72   62
40   30
14   4
17   7
28   18
110   100
57   47
50   40
65   55
51   41
108   98
105   95
88   78
26   16
51   41
96   86
46   36
20   10
40   30
81   71
81   71
60   50
86   76
67   57
19   9
21   11
70   60
70   60
16   6
71   61
47   37
48   38
81   71
87   77
92   82
51   41
82   72
110   100
92   82
103   93
84   74
69   59
86   76
77   67
87   77
16   6
35   25
82   72
60   50
20   10
34   24
98   88
59   49
12   2
110   100
38   28
18   8
64   54
75   65
45   35
93   83
77   67
67   57
74   64
109   99
77   67
63   53
91   81
52   42
90   80
83   73
77   67
98   88
58   48
94   84
68   58
80   70
39   29
95   85
51   41
103   93
90   80
30   20
46   36
87   77
94   84
108   98
28   18
97   87
69   59
87   77
99   89
50   40
78   68
108   98
100   90
43   33
15   5
110   100
11   1
43   33
15   5
92   82
24   14
40   30
49   39
87   77
100   90
86   76
39   29
79   69
31   21
57   47
106   96
56   46
64   54
102   92
11   1
73   63
26   16
81   71
102   92
50   40
50   40
50   40
59   49
15   5
86   76
106   96
45   35
105   95
81   71
62   52
92   82
99   89
46   36
100   90
25   15
109   99
63   53
37   27
89   79
82   72
61   51
15   5
79   69
89   79
62   52
79   69
97   87
104   94
80   70
62   52
45   35
12   2
93   83
58   48
67   57
24   14
65   55
28   18
15   5
72   62
91   81
94   84
74   64
37   27
68   58
31   21
37   27
24   14
71   61
26   16
88   78
53   43
82   72
93   83
106   96
12   2
78   68
46   36
102   92
39   29
29   19
108   98
76   66
17   7
88   78
21   11
106   96
34   24
21   11
55   45
20   10
35   25
19   9
38   28
104   94
26   16
93   83
89   79
22   12
13   3
94   84
49   39
53   43
76   66
81   71
14   4
103   93
100   90
58   48
84   74
42   32
50   40
29   19
19   9
68   58
50   40
23   13
43   33
13   3
26   16
73   63
29   19
102   92
50   40
64   54
34   24
58   48
46   36
35   25
70   60
60   50
70   60
38   28
52   42
42   32
42   32
11   1
28   18
65   55
31   21
13   3
44   34
83   73
67   57
77   67
67   57
24   14
21   11
94   84
61   51
63   53