2500
10
63773
267 240 257 237 253 242 272 243 241 248 
-2522 -2089 -2306 -2259 -2255 -2211 -2523 -2165 -2288 -2260 
2122 1729 1921 1903 1876 1848 2115 1800 1926 1888 
14   4
27   17
71   61
27   17
105   95
13   3
34   24
97   87
71   61
102   92
40   30
34   24
56   46
102   92
98   88
44   34
96   86
47   37
73   63
35   25
74   64
80   70
30   20
20   10
15   5
72   62
11   1
55   45
11   1
92   82
23   13
61   51
40   30
91   81
95   85
99   89
92   82
39   29
69   59
90   80
64   54
102   92
82   72
36   26
23   13
65   55
81   71
65   55
19   9
18   8
83   73
103   93
109   99
65   55
34   24
88   78
108   98
67   57
106   96
105   95
108   98
26   16
98   88
101   91
26   16
17   7
68   58
104   94
103   93
88   78
24   14
38   28
103   93
66   56
99   89
72   62
55   45
107   97
33   23
96   86
74   64
13   3
20   10
98   88
109   99
50   40
20   10
80   70
90   80
103   93
17   7
96   86
16   6
97   87
84   74
97   87
38   28
101   91
71   61
86   76
13   3
68   58
31   21
87   77
72   62
96   86
55   45
50   40
11   1
17   7
62   52
75   65
44   34
39   29
81   71
21   11
15   5
61   51
61   51
80   70
79   69
49   39
33   23
63   53
66   56
86   76
57   47
50   40
78   68
83   73
15   5
74   64
103   93
110   100
109   99
90   80
67   57
29   19
64   54
74   64
80   70
78   68
80   70
92   82
25   15
78   68
102   92
66   56
106   96
99   89
59   49
79   69
45   35
19   9
18   8
62   52
47   37
65   55
81   71
104   94
56   46
100   90
64   54
87   77
25   15
98   88
36   26
55   45
80   70
94   84
24   14
101   91
18   8
11   1
15   5
76   66
61   51
61   51
42   32
35   25
59   49
87   77
15   5
54   44
91   81
98   88
54   44
97   87
27   17
101   91
68   58
83   73
44   34
86   76
95   85
45   35
87   77
93   83
67   57
25   15
20   10
65   55
71   61
22   12
41   31
107   97
95   85
30   20
48   38
16   6
93   83
92   82
90   80
15   5
37   27
17   7
17   7
91   81
40   30
77   67
53   43
18   8
62   52
35   25
72   62
102   92
60   50
40   30
40   30
51   41
89   79
90   80
42   32
104   94
76   66
70   60
104   94
23   13
43   33
80   70
74   64
82   72
55   45
35   25
54   44
47   37
17   7
76   66
64   54
64   54
37   27
17   7
82   72
33   23
46   36
87   77
89   79
76   66
110   100
21   11
104   94
31   21
40   30
16   6
101   91
61   51
83   73
99   89
23   13
46   36
73   63
68   58
32   22
69   59
65   55
38   28
68   58
24   14
11   1
102   92
46   36
51   41
51   41
73   63
18   8
70   60
102   92
88   78
24   14
61   51
29   19
63   53
93   83
54   44
38   28
100   90
79   69
57   47
77   67
59   49
16   6
97   87
43   33
11   1
104   94
24   14
67   57
28   18
52   42
41   31
31   21
21   11
21   11
74   64
30   20
38   28
100   90
28   18
28   18
54   44
16   6
31   21
45   35
106   96
81   71
83   73
100   90
102   92
32   22
25   15
77   67
38   28
93   83
40   30
38   28
29   19
44   34
87   77
16   6
94   84
33   23
47   37
32   22
55   45
23   13
15   5
40   30
47   37
81   71
80   70
33   23
85   75
69   59
44   34
84   74
107   97
89   79
79   69
110   100
53   43
58   48
80   70
87   77
18   8
35   25
82   72
87   77
90   80
63   53
26   16
36   26
50   40
21   11
86   76
72   62
85   75
70   60
36   26
68   58
52   42
17   7
93   83
41   31
16   6
11   1
110   100
39   29
29   19
76   66
109   99
72   62
42   32
38   28
101   91
60   50
49   39
57   47
31   21
44   34
61   51
57   47
85   75
59   49
98   88
109   99
13   3
73   63
75   65
53   43
83   73
27   17
29   19
55   45
56   46
52   42
60   50
74   64
19   9
80   70
32   22
83   73
86   76
22   12
58   48
101   91
54   44
15   5
106   96
100   90
96   86
106   96
23   13
11   1
72   62
58   48
110   100
80   70
32   22
81   71
52   42
52   42
70   60
63   53
11   1
56   46
28   18
74   64
101   91
94   84
101   91
78   68
16   6
78   68
21   11
16   6
94   84
42   32
49   39
77   67
105   95
80   70
85   75
49   39
28   18
23   13
11   1
29   19
16   6
88   78
88   78
94   84
17   7
68   58
43   33
12   2
33   23
83   73
82   72
11   1
75   65
52   42
86   76
30   20
46   36
60   50
35   25
90   80
85   75
97   87
12   2
105   95
87   77
40   30
53   43
40   30
24   14
15   5
42   32
99   89
58   48
53   43
105   95
97   87
38   28
87   77
37   27
40   30
59   49
34   24
77   67
31   21
46   36
19   9
28   18
91   81
93   83
78   68
51   41
27   17
57   47
94   84
82   72
64   54
31   21
85   75
56   46
41   31
30   20
62   52
21   11
96   86
43   33
41   31
30   20
46   36
91   81
31   21
44   34
58   48
94   84
74   64
82   72
66   56
29   19
26   16
101   91
97   87
57   47
88   78
98   88
65   55
72   62
73   63
23   13
69   59
37   27
11   1
92   82
55   45
23   13
11   1
68   58
93   83
12   2
82   72
100   90
65   55
32   22
47   37
51   41
47   37
49   39
110   100
53   43
15   5
57   47
35   25
108   98
69   59
43   33
85   75
27   17
46   36
20   10
87   77
18   8
20   10
62   52
41   31
94   84
89   79
27   17
69   59
79   69
49   39
15   5
84   74
30   20
102   92
108   98
19   9
68   58
25   15
32   22
28   18
89   79
76   66
90   80
90   80
88   78
30   20
34   24
70   60
55   45
72   62
21   11
46   36
13   3
86   76
100   90
104   94
77   67
109   99
110   100
109   99
23   13
100   90
106   96
100   90
49   39
85   75
108   98
31   21
78   68
20   10
99   89
69   59
42   32
67   57
16   6
61   51
75   65
33   23
14   4
42   32
66   56
37   27
21   11
80   70
55   45
90   80
73   63
84   74
30   20
41   31
84   74
80   70
54   44
79   69
28   18
70   60
40   30
94   84
48   38
43   33
85   75
71   61
79   69
60   50
77   67
38   28
98   88
97   87
72   62
25   15
83   73
31   21
83   73
66   56
82   72
64   54
28   18
77   67
73   63
68   58
56   46
95   85
24   14
67   57
25   15
85   75
30   20
78   68
92   82
84   74
52   42
68   58
77   67
110   100
87   77
91   81
14   4
67   57
66   56
27   17
82   72
31   21
66   56
51   41
19   9
11   1
33   23
78   68
36   26
66   56
54   44
29   19
12   2
101   91
23   13
96   86
92   82
43   33
23   13
71   61
48   38
17   7
99   89
16   6
98   88
58   48
59   49
43   33
108   98
59   49
54   44
98   88
75   65
89   79
34   24
86   76
65   55
100   90
18   8
74   64
23   13
77   67
86   76
87   77
41   31
92   82
21   11
13   3
80   70
48   38
63   53
14   4
13   3
51   41
43   33
53   43
68   58
86   76
28   18
67   57
11   1
106   96
79   69
18   8
90   80
82   72
103   93
14   4
89   79
89   79
93   83
24   14
101   91
31   21
104   94
25   15
69   59
100   90
34   24
33   23
47   37
21   11
82   72
95   85
22   12
40   30
34   24
98   88
23   13
78   68
44   34
57   47
33   23
16   6
56   46
107   97
27   17
32   22
45   35
104   94
60   50
50   40
17   7
45   35
110   100
75   65
65   55
20   10
28   18
77   67
38   28
73   63
98   88
21   11
33   23
57   47
44   34
30   20
104   94
91   81
55   45
31   21
90   80
82   72
15   5
105   95
31   21
89   79
86   76
91   81
37   27
95   85
66   56
54   44
59   49
20   10
34   24
101   91
99   89
84   74
107   97
98   88
56   46
63   53
14   4
96   86
43   33
45   35
19   9
82   72
75   65
81   71
64   54
100   90
15   5
105   95
67   57
48   38
22   12
56   46
31   21
47   37
62   52
105   95
90   80
11   1
87   77
68   58
109   99
110   100
84   74
64   54
61   51
93   83
73   63
84   74
53   43
27   17
28   18
74   64
70   60
80   70
61   51
50   40
62   52
62   52
105   95
63   53
69   59
59   49
38   28
97   87
62   52
25   15
53   43
79   69
57   47
28   18
73   63
75   65
79   69
90   80
104   94
13   3
19   9
41   31
69   59
37   27
45   35
105   95
16   6
18   8
97   87
108   98
108   98
64   54
53   43
100   90
31   21
92   82
68   58
101   91
27   17
95   85
51   41
36   26
92   82
49   39
38   28
100   90
85   75
45   35
84   74
100   90
61   51
15   5
85   75
97   87
47   37
21   11
92   82
110   100
80   70
50   40
105   95
38   28
70   60
69   59
89   79
63   53
53   43
43   33
69   59
45   35
108   98
78   68
98   88
101   91
93   83
50   40
42   32
104   94
86   76
16   6
72   62
20   10
57   47
21   11
94   84
15   5
93   83
68   58
64   54
79   69
27   17
81   71
54   44
18   8
63   53
67   57
66   56
42   32
63   53
65   55
88   78
33   23
70   60
110   100
51   41
59   49
95   85
47   37
100   90
25   15
89   79
61   51
67   57
55   45
71   61
104   94
15   5
53   43
101   91
30   20
55   45
12   2
102   92
29   19
39   29
63   53
93   83
65   55
64   54
25   15
106   96
70   60
67   57
83   73
45   35
107   97
74   64
87   77
99   89
43   33
41   31
97   87
98   88
105   95
78   68
64   54
24   14
71   61
47   37
100   90
104   94
59   49
87   77
19   9
99   89
95   85
12   2
71   61
106   96
23   13
88   78
85   75
105   95
13   3
17   7
88   78
89   79
13   3
11   1
80   70
87   77
39   29
61   51
61   51
57   47
59   49
55   45
75   65
22   12
87   77
26   16
44   34
66   56
12   2
15   5
23   13
88   78
26   16
19   9
72   62
55   45
86   76
32   22
105   95
76   66
103   93
80   70
60   50
38   28
53   43
26   16
66   56
69   59
87   77
35   25
53   43
53   43
75   65
43   33
33   23
91   81
12   2
14   4
46   36
66   56
71   61
78   68
73   63
84   74
68   58
25   15
60   50
36   26
76   66
89   79
29   19
76   66
36   26
64   54
39   29
87   77
77   67
91   81
54   44
45   35
23   13
23   13
97   87
20   10
29   19
74   64
97   87
59   49
102   92
52   42
103   93
106   96
58   48
74   64
91   81
92   82
66   56
73   63
53   43
57   47
55   45
27   17
86   76
44   34
51   41
18   8
77   67
82   72
107   97
71   61
59   49
81   71
78   68
14   4
28   18
68   58
25   15
65   55
52   42
100   90
16   6
51   41
82   72
64   54
24   14
46   36
73   63
62   52
107   97
56   46
96   86
13   3
86   76
71   61
20   10
40   30
69   59
38   28
18   8
33   23
50   40
20   10
42   32
87   77
60   50
64   54
36   26
61   51
59   49
102   92
17   7
36   26
39   29
92   82
90   80
109   99
49   39
73   63
49   39
92   82
109   99
37   27
82   72
85   75
57   47
87   77
18   8
25   15
38   28
71   61
54   44
40   30
22   12
103   93
62   52
18   8
51   41
76   66
16   6
41   31
20   10
19   9
48   38
26   16
70   60
58   48
43   33
64   54
41   31
61   51
90   80
46   36
93   83
41   31
65   55
33   23
60   50
81   71
44   34
57   47
73   63
37   27
40   30
57   47
64   54
28   18
67   57
11   1
81   71
78   68
11   1
46   36
51   41
42   32
58   48
71   61
66   56
35   25
52   42
95   85
52   42
25   15
41   31
86   76
58   48
79   69
106   96
65   55
91   81
55   45
102   92
74   64
15   5
110   100
82   72
50   40
14   4
40   30
54   44
17   7
35   25
35   25
98   88
50   40
83   73
96   86
78   68
69   59
99   89
47   37
91   81
76   66
75   65
89   79
56   46
14   4
53   43
97   87
88   78
65   55
38   28
71   61
17   7
68   58
44   34
59   49
62   52
36   26
26   16
77   67
62   52
92   82
104   94
63   53
22   12
19   9
46   36
38   28
65   55
30   20
77   67
95   85
82   72
44   34
109   99
33   23
27   17
105   95
22   12
59   49
37   27
40   30
46   36
11   1
101   91
37   27
103   93
54   44
18   8
99   89
66   56
92   82
52   42
72   62
93   83
17   7
65   55
53   43
48   38
58   48
30   20
21   11
79   69
94   84
15   5
27   17
69   59
81   71
88   78
28   18
68   58
18   8
100   90
63   53
34   24
29   19
64   54
11   1
65   55
23   13
88   78
55   45
56   46
54   44
103   93
97   87
30   20
46   36
72   62
54   44
67   57
14   4
110   100
103   93
45   35
109   99
40   30
68   58
109   99
105   95
90   80
61   51
40   30
89   79
68   58
50   40
22   12
107   97
101   91
65   55
38   28
89   79
65   55
12   2
63   53
81   71
91   81
52   42
46   36
25   15
19   9
104   94
84   74
57   47
20   10
79   69
33   23
88   78
86   76
109   99
77   67
25   15
78   68
106   96
22   12
97   87
35   25
81   71
58   48
31   21
73   63
96   86
93   83
97   87
81   71
65   55
104   94
27   17
65   55
16   6
34   24
31   21
70   60
36   26
64   54
62   52
100   90
81   71
41   31
98   88
49   39
72   62
95   85
57   47
106   96
91   81
69   59
106   96
31   21
43   33
74   64
15   5
102   92
50   40
71   61
14   4
28   18
51   41
77   67
38   28
12   2
46   36
102   92
11   1
33   23
70   60
30   20
55   45
31   21
81   71
78   68
47   37
21   11
74   64
28   18
21   11
98   88
102   92
74   64
63   53
85   75
41   31
30   20
89   79
100   90
41   31
47   37
93   83
66   56
82   72
52   42
76   66
101   91
36   26
29   19
106   96
56   46
30   20
38   28
19   9
56   46
36   26
15   5
32   22
82   72
55   45
13   3
89   79
89   79
93   83
89   79
105   95
86   76
63   53
75   65
44   34
50   40
13   3
51   41
86   76
79   69
29   19
15   5
99   89
59   49
36   26
44   34
35   25
78   68
31   21
88   78
21   11
19   9
53   43
81   71
101   91
71   61
106   96
81   71
53   43
71   61
103   93
37   27
107   97
56   46
49   39
72   62
28   18
96   86
24   14
16   6
27   17
58   48
106   96
56   46
57   47
18   8
106   96
87   77
15   5
17   7
38   28
56   46
63   53
57   47
36   26
88   78
33   23
86   76
76   66
44   34
21   11
72   62
77   67
63   53
93   83
20   10
51   41
20   10
12   2
50   40
60   50
105   95
83   73
33   23
31   21
34   24
17   7
99   89
72   62
89   79
38   28
103   93
71   61
31   21
36   26
50   40
65   55
43   33
73   63
110   100
97   87
70   60
37   27
90   80
97   87
31   21
101   91
98   88
24   14
53   43
106   96
45   35
36   26
60   50
40   30
34   24
53   43
41   31
22   12
22   12
88   78
19   9
99   89
50   40
102   92
99   89
24   14
88   78
49   39
107   97
100   90
54   44
105   95
31   21
89   79
86   76
81   71
64   54
52   42
93   83
53   43
71   61
37   27
29   19
49   39
78   68
86   76
95   85
51   41
14   4
50   40
41   31
81   71
101   91
34   24
40   30
54   44
74   64
98   88
58   48
107   97
80   70
99   89
43   33
84   74
75   65
74   64
18   8
84   74
79   69
17   7
95   85
78   68
56   46
21   11
65   55
61   51
54   44
74   64
50   40
51   41
107   97
52   42
70   60
96   86
34   24
28   18
90   80
69   59
15   5
60   50
57   47
75   65
73   63
89   79
58   48
49   39
31   21
110   100
17   7
59   49
12   2
57   47
75   65
95   85
33   23
78   68
69   59
26   16
102   92
64   54
56   46
51   41
50   40
88   78
25   15
99   89
23   13
21   11
108   98
89   79
106   96
69   59
63   53
110   100
75   65
83   73
73   63
105   95
46   36
110   100
92   82
73   63
38   28
99   89
12   2
47   37
95   85
104   94
62   52
11   1
63   53
19   9
74   64
40   30
41   31
45   35
101   91
16   6
96   86
68   58
102   92
31   21
23   13
33   23
19   9
87   77
102   92
20   10
53   43
32   22
28   18
98   88
50   40
106   96
30   20
73   63
108   98
16   6
77   67
59   49
99   89
109   99
60   50
20   10
62   52
110   100
42   32
109   99
26   16
74   64
12   2
30   20
92   82
70   60
90   80
40   30
70   60
110   100
85   75
25   15
86   76
14   4
97   87
31   21
80   70
18   8
72   62
59   49
13   3
76   66
107   97
51   41
60   50
79   69
107   97
74   64
33   23
97   87
105   95
91   81
105   95
78   68
88   78
106   96
94   84
64   54
52   42
18   8
71   61
28   18
37   27
78   68
40   30
94   84
41   31
63   53
108   98
74   64
51   41
38   28
68   58
16   6
41   31
88   78
46   36
49   39
21   11
109   99
86   76
52   42
28   18
43   33
17   7
11   1
55   45
16   6
71   61
87   77
68   58
11   1
91   81
39   29
73   63
74   64
39   29
58   48
108   98
88   78
17   7
85   75
104   94
37   27
89   79
75   65
91   81
90   80
92   82
39   29
21   11
59   49
27   17
60   50
80   70
21   11
26   16
97   87
11   1
26   16
17   7
44   34
21   11
95   85
97   87
73   63
47   37
93   83
82   72
96   86
75   65
96   86
24   14
39   29
50   40
93   83
21   11
23   13
69   59
45   35
15   5
94   84
40   30
69   59
31   21
93   83
86   76
53   43
41   31
96   86
25   15
45   35
83   73
75   65
73   63
86   76
25   15
54   44
41   31
64   54
19   9
65   55
92   82
16   6
48   38
72   62
18   8
66   56
41   31
38   28
32   22
41   31
86   76
37   27
30   20
58   48
45   35
79   69
20   10
55   45
70   60
13   3
68   58
104   94
64   54
55   45
100   90
40   30
40   30
72   62
87   77
19   9
60   50
52   42
57   47
37   27
106   96
17   7
76   66
47   37
80   70
57   47
103   93
86   76
58   48
24   14
62   52
47   37
23   13
81   71
32   22
15   5
51   41
35   25
14   4
36   26
109   99
54   44
84   74
14   4
65   55
21   11
26   16
101   91
63   53
51   41
69   59
93   83
24   14
93   83
84   74
97   87
85   75
75   65
18   8
108   98
38   28
55   45
93   83
51   41
103   93
13   3
21   11
93   83
63   53
78   68
36   26
80   70
94   84
82   72
110   100
98   88
73   63
72   62
98   88
86   76
50   40
96   86
52   42
98   88
21   11
69   59
109   99
11   1
104   94
22   12
33   23
95   85
66   56
91   81
51   41
64   54
75   65
57   47
80   70
29   19
11   1
82   72
25   15
46   36
28   18
108   98
95   85
21   11
91   81
109   99
23   13
75   65
86   76
88   78
14   4
75   65
30   20
75   65
80   70
105   95
68   58
44   34
76   66
56   46
79   69
87   77
56   46
82   72
85   75
106   96
107   97
71   61
45   35
48   38
35   25
110   100
57   47
100   90
18   8
27   17
96   86
73   63
28   18
108   98
104   94
99   89
32   22
47   37
42   32
93   83
24   14
52   42
83   73
50   40
71   61
73   63
84   74
68   58
11   1
14   4
74   64
35   25
83   73
75   65
60   50
67   57
75   65
21   11
70   60
41   31
95   85
17   7
102   92
95   85
46   36
60   50
30   20
68   58
56   46
80   70
50   40
74   64
102   92
80   70
35   25
68   58
19   9
87   77
17   7
76   66
12   2
19   9
62   52
18   8
13   3
38   28
13   3
55   45
60   50
66   56
34   24
32   22
110   100
69   59
80   70
51   41
104   94
60   50
61   51
109   99
60   50
61   51
17   7
103   93
106   96
56   46
98   88
66   56
78   68
14   4
19   9
77   67
93   83
98   88
65   55
41   31
80   70
94   84
35   25
41   31
16   6
14   4
95   85
93   83
75   65
16   6
99   89
94   84
19   9
19   9
109   99
12   2
95   85
101   91
67   57
38   28
12   2
105   95
86   76
91   81
14   4
91   81
86   76
50   40
84   74
47   37
55   45
61   51
60   50
76   66
67   57
28   18
84   74
25   15
48   38
24   14
54   44
15   5
85   75
75   65
95   85
102   92
49   39
86   76
41   31
78   68
81   71
93   83
59   49
98   88
92   82
56   46
102   92
64   54
33   23
64   54
53   43
17   7
103   93
54   44
69   59
28   18
64   54
28   18
103   93
18   8
76   66
57   47
68   58
108   98
26   16
30   20
36   26
60   50
39   29
106   96
26   16
23   13
66   56
48   38
104   94
32   22
56   46
13   3
46   36
47   37
100   90
58   48
13   3
100   90
71   61
11   1
51   41
107   97
42   32
77   67
14   4
74   64
73   63
19   9
60   50
88   78
93   83
103   93
37   27
94   84
70   60
74   64
27   17
80   70
43   33
89   79
82   72
83   73
54   44
110   100
42   32
26   16
15   5
92   82
68   58
110   100
73   63
74   64
63   53
71   61
58   48
108   98
101   91
36   26
53   43
27   17
41   31
100   90
78   68
91   81
107   97
31   21
69   59
80   70
90   80
45   35
47   37
110   100
42   32
29   19
94   84
83   73
15   5
90   80
35   25
14   4
62   52
28   18
55   45
25   15
75   65
49   39
87   77
56   46
67   57
88   78
74   64
109   99
101   91
42   32
86   76
29   19
37   27
88   78
69   59
17   7
41   31
73   63
42   32
50   40
52   42
37   27
12   2
107   97
108   98
92   82
60   50
44   34
74   64
24   14
19   9
101   91
101   91
78   68
82   72
29   19
30   20
60   50
34   24
45   35
104   94
20   10
80   70
85   75
44   34
49   39
15   5
73   63
67   57
30   20
109   99
22   12
11   1
29   19
83   73
47   37
76   66
47   37
16   6
67   57
25   15
14   4
90   80
73   63
84   74
84   74
106   96
12   2
55   45
65   55
86   76
90   80
20   10
24   14
56   46
52   42
20   10
69   59
17   7
91   81
64   54
43   33
47   37
80   70
44   34
81   71
89   79
91   81
101   91
70   60
70   60
98   88
63   53
97   87
25   15
59   49
80   70
49   39
32   22
72   62
77   67
109   99
74   64
18   8
30   20
36   26
11   1
56   46
92   82
56   46
72   62
85   75
44   34
108   98
85   75
94   84
11   1
106   96
32   22
23   13
54   44
79   69
107   97
14   4
15   5
102   92
30   20
29   19
105   95
35   25
110   100
17   7
82   72
12   2
30   20
83   73
107   97
95   85
25   15
99   89
101   91
19   9
28   18
105   95
79   69
53   43
30   20
60   50
19   9
100   90
78   68
34   24
15   5
100   90
89   79
46   36
86   76
36   26
26   16
108   98
32   22
16   6
63   53
87   77