2500
30
62453
89 88 79 78 87 75 81 90 85 80 79 77 84 78 86 75 87 85 83 87 90 77 85 77 82 87 86 86 86 91 
-832 -747 -720 -710 -798 -730 -726 -842 -801 -715 -657 -725 -758 -728 -765 -659 -739 -738 -688 -780 -798 -735 -777 -632 -767 -790 -722 -798 -737 -856 
699 615 601 593 668 618 604 707 674 595 538 609 632 611 636 546 609 610 564 650 663 619 650 517 644 660 593 669 608 720 
61   51
58   48
102   92
42   32
40   30
64   54
49   39
20   10
58   48
25   15
107   97
85   75
63   53
61   51
81   71
91   81
107   97
50   40
36   26
78   68
37   27
83   73
45   35
51   41
34   24
51   41
86   76
22   12
34   24
103   93
14   4
80   70
91   81
78   68
98   88
86   76
35   25
22   12
24   14
25   15
31   21
93   83
81   71
87   77
42   32
20   10
52   42
68   58
102   92
57   47
90   80
102   92
80   70
36   26
81   71
87   77
63   53
18   8
45   35
96   86
71   61
61   51
85   75
104   94
49   39
60   50
35   25
23   13
90   80
27   17
59   49
65   55
98   88
21   11
78   68
63   53
74   64
82   72
48   38
99   89
53   43
44   34
67   57
29   19
72   62
93   83
99   89
31   21
65   55
98   88
28   18
27   17
27   17
16   6
71   61
40   30
49   39
76   66
78   68
29   19
88   78
95   85
54   44
30   20
51   41
79   69
58   48
69   59
66   56
60   50
69   59
18   8
11   1
30   20
104   94
40   30
38   28
24   14
36   26
79   69
38   28
16   6
64   54
58   48
49   39
13   3
92   82
93   83
33   23
66   56
26   16
73   63
62   52
29   19
44   34
41   31
34   24
44   34
67   57
89   79
95   85
73   63
71   61
91   81
36   26
29   19
65   55
37   27
77   67
38   28
62   52
90   80
72   62
54   44
97   87
81   71
34   24
96   86
96   86
39   29
43   33
83   73
75   65
86   76
12   2
109   99
15   5
38   28
39   29
53   43
79   69
20   10
45   35
110   100
66   56
31   21
76   66
24   14
41   31
42   32
34   24
38   28
82   72
93   83
94   84
97   87
81   71
104   94
106   96
80   70
23   13
54   44
31   21
93   83
70   60
76   66
34   24
108   98
30   20
20   10
63   53
108   98
50   40
65   55
12   2
90   80
102   92
53   43
31   21
59   49
92   82
11   1
89   79
58   48
108   98
56   46
108   98
110   100
39   29
104   94
108   98
53   43
45   35
98   88
51   41
17   7
83   73
79   69
63   53
14   4
72   62
45   35
45   35
19   9
23   13
37   27
19   9
66   56
30   20
55   45
77   67
65   55
30   20
102   92
101   91
30   20
72   62
19   9
63   53
35   25
88   78
84   74
89   79
12   2
13   3
38   28
68   58
55   45
29   19
68   58
47   37
86   76
19   9
71   61
60   50
100   90
46   36
42   32
46   36
45   35
24   14
27   17
47   37
108   98
100   90
17   7
87   77
31   21
70   60
105   95
73   63
62   52
42   32
16   6
89   79
85   75
17   7
23   13
63   53
96   86
88   78
102   92
20   10
13   3
73   63
103   93
18   8
104   94
56   46
94   84
67   57
32   22
102   92
50   40
55   45
11   1
98   88
31   21
59   49
104   94
42   32
108   98
32   22
77   67
101   91
61   51
75   65
95   85
11   1
93   83
35   25
30   20
40   30
81   71
20   10
98   88
79   69
81   71
35   25
20   10
72   62
17   7
92   82
99   89
101   91
72   62
31   21
110   100
75   65
101   91
80   70
26   16
23   13
34   24
18   8
50   40
71   61
54   44
72   62
99   89
52   42
44   34
32   22
91   81
55   45
86   76
80   70
54   44
97   87
32   22
69   59
79   69
34   24
101   91
98   88
21   11
94   84
69   59
102   92
37   27
39   29
73   63
92   82
29   19
39   29
24   14
21   11
47   37
27   17
15   5
56   46
72   62
60   50
67   57
74   64
89   79
110   100
72   62
59   49
28   18
43   33
57   47
101   91
56   46
31   21
68   58
88   78
106   96
75   65
72   62
28   18
12   2
110   100
101   91
12   2
76   66
24   14
14   4
60   50
42   32
14   4
96   86
78   68
83   73
67   57
59   49
77   67
26   16
51   41
67   57
94   84
73   63
65   55
37   27
104   94
73   63
62   52
37   27
35   25
67   57
25   15
106   96
98   88
99   89
33   23
85   75
91   81
103   93
80   70
27   17
83   73
89   79
102   92
86   76
107   97
35   25
13   3
48   38
53   43
24   14
77   67
99   89
41   31
16   6
71   61
109   99
65   55
16   6
68   58
84   74
79   69
48   38
48   38
27   17
62   52
94   84
76   66
91   81
91   81
99   89
57   47
24   14
99   89
98   88
95   85
44   34
102   92
65   55
78   68
38   28
107   97
13   3
49   39
37   27
35   25
106   96
45   35
36   26
48   38
107   97
80   70
34   24
35   25
48   38
79   69
11   1
86   76
21   11
30   20
77   67
44   34
104   94
32   22
105   95
98   88
32   22
71   61
66   56
105   95
16   6
42   32
29   19
26   16
71   61
34   24
68   58
101   91
70   60
62   52
80   70
65   55
105   95
15   5
58   48
72   62
43   33
96   86
69   59
33   23
44   34
27   17
22   12
12   2
101   91
49   39
94   84
102   92
87   77
97   87
73   63
13   3
105   95
53   43
40   30
101   91
60   50
20   10
80   70
19   9
101   91
92   82
15   5
20   10
54   44
44   34
32   22
86   76
63   53
110   100
98   88
78   68
11   1
44   34
19   9
65   55
79   69
16   6
71   61
50   40
110   100
102   92
48   38
13   3
12   2
62   52
80   70
42   32
99   89
76   66
38   28
96   86
94   84
109   99
107   97
82   72
89   79
15   5
93   83
60   50
49   39
28   18
50   40
56   46
110   100
36   26
30   20
103   93
29   19
105   95
11   1
14   4
107   97
100   90
47   37
15   5
76   66
71   61
97   87
45   35
103   93
69   59
97   87
41   31
66   56
83   73
24   14
69   59
76   66
85   75
43   33
63   53
92   82
64   54
45   35
108   98
74   64
75   65
97   87
55   45
12   2
64   54
19   9
54   44
61   51
103   93
90   80
24   14
53   43
82   72
43   33
20   10
54   44
36   26
89   79
57   47
29   19
28   18
28   18
11   1
106   96
13   3
28   18
67   57
69   59
84   74
15   5
95   85
41   31
30   20
67   57
89   79
79   69
85   75
31   21
54   44
52   42
86   76
90   80
27   17
40   30
89   79
57   47
48   38
71   61
56   46
22   12
70   60
102   92
77   67
61   51
83   73
71   61
68   58
32   22
91   81
47   37
30   20
75   65
58   48
64   54
20   10
109   99
53   43
43   33
27   17
63   53
95   85
12   2
49   39
14   4
70   60
49   39
98   88
69   59
38   28
93   83
22   12
57   47
82   72
106   96
82   72
60   50
97   87
51   41
93   83
69   59
84   74
59   49
108   98
74   64
23   13
67   57
94   84
78   68
58   48
95   85
56   46
58   48
51   41
45   35
85   75
18   8
30   20
99   89
86   76
33   23
109   99
94   84
92   82
65   55
13   3
68   58
27   17
41   31
41   31
86   76
24   14
93   83
38   28
100   90
23   13
80   70
80   70
67   57
11   1
38   28
25   15
108   98
74   64
102   92
88   78
51   41
29   19
27   17
50   40
26   16
13   3
46   36
81   71
37   27
61   51
78   68
17   7
52   42
100   90
44   34
67   57
52   42
38   28
35   25
44   34
64   54
19   9
101   91
32   22
74   64
96   86
49   39
90   80
97   87
71   61
41   31
25   15
70   60
17   7
95   85
60   50
40   30
47   37
83   73
90   80
62   52
51   41
60   50
83   73
99   89
13   3
44   34
108   98
25   15
86   76
72   62
91   81
67   57
60   50
29   19
76   66
25   15
64   54
64   54
36   26
87   77
25   15
31   21
94   84
106   96
46   36
85   75
57   47
106   96
12   2
106   96
56   46
29   19
66   56
44   34
66   56
85   75
61   51
82   72
11   1
41   31
60   50
18   8
39   29
54   44
21   11
23   13
18   8
41   31
55   45
74   64
52   42
90   80
73   63
26   16
80   70
99   89
15   5
42   32
76   66
70   60
83   73
33   23
71   61
82   72
34   24
85   75
44   34
97   87
30   20
78   68
55   45
108   98
45   35
59   49
31   21
52   42
76   66
12   2
59   49
96   86
90   80
83   73
77   67
69   59
15   5
52   42
93   83
69   59
89   79
64   54
70   60
20   10
62   52
29   19
16   6
17   7
12   2
16   6
110   100
36   26
95   85
16   6
26   16
58   48
69   59
99   89
56   46
34   24
44   34
52   42
108   98
100   90
88   78
67   57
61   51
36   26
55   45
75   65
27   17
40   30
83   73
110   100
87   77
83   73
48   38
22   12
106   96
78   68
47   37
79   69
100   90
17   7
55   45
100   90
24   14
43   33
63   53
36   26
34   24
64   54
68   58
82   72
24   14
59   49
61   51
27   17
97   87
72   62
65   55
41   31
92   82
108   98
66   56
40   30
30   20
56   46
100   90
79   69
49   39
45   35
28   18
68   58
29   19
13   3
91   81
45   35
75   65
83   73
31   21
84   74
36   26
57   47
22   12
96   86
39   29
107   97
62   52
106   96
104   94
33   23
45   35
34   24
98   88
85   75
101   91
14   4
96   86
71   61
24   14
57   47
29   19
70   60
14   4
78   68
102   92
83   73
92   82
36   26
36   26
54   44
46   36
98   88
59   49
30   20
40   30
64   54
45   35
34   24
59   49
13   3
56   46
82   72
106   96
36   26
12   2
75   65
88   78
69   59
89   79
102   92
110   100
24   14
78   68
93   83
42   32
22   12
46   36
108   98
76   66
13   3
60   50
25   15
71   61
103   93
70   60
102   92
71   61
67   57
38   28
14   4
14   4
22   12
58   48
103   93
82   72
45   35
42   32
87   77
52   42
88   78
100   90
60   50
11   1
40   30
100   90
46   36
107   97
26   16
34   24
104   94
72   62
88   78
74   64
86   76
38   28
69   59
46   36
41   31
15   5
29   19
99   89
82   72
102   92
95   85
45   35
98   88
35   25
34   24
21   11
31   21
80   70
11   1
14   4
63   53
47   37
13   3
24   14
105   95
89   79
104   94
86   76
34   24
92   82
20   10
94   84
26   16
92   82
110   100
43   33
17   7
81   71
61   51
38   28
17   7
20   10
15   5
51   41
104   94
83   73
83   73
59   49
88   78
108   98
43   33
103   93
103   93
54   44
82   72
44   34
74   64
89   79
32   22
94   84
14   4
84   74
39   29
60   50
57   47
28   18
110   100
65   55
43   33
14   4
73   63
49   39
81   71
78   68
27   17
101   91
52   42
16   6
56   46
98   88
82   72
101   91
35   25
70   60
89   79
28   18
53   43
74   64
110   100
106   96
20   10
89   79
53   43
99   89
23   13
20   10
80   70
15   5
67   57
103   93
26   16
21   11
55   45
39   29
53   43
52   42
77   67
58   48
95   85
39   29
28   18
25   15
14   4
35   25
35   25
96   86
93   83
97   87
12   2
57   47
87   77
81   71
90   80
27   17
59   49
35   25
68   58
22   12
41   31
56   46
95   85
82   72
51   41
41   31
20   10
48   38
60   50
100   90
39   29
56   46
28   18
105   95
68   58
92   82
86   76
73   63
52   42
85   75
110   100
85   75
63   53
85   75
106   96
45   35
85   75
82   72
91   81
95   85
72   62
39   29
54   44
19   9
61   51
21   11
37   27
18   8
47   37
36   26
28   18
61   51
69   59
76   66
20   10
16   6
48   38
107   97
76   66
43   33
16   6
100   90
20   10
71   61
72   62
71   61
79   69
14   4
82   72
12   2
13   3
14   4
41   31
50   40
89   79
89   79
54   44
49   39
18   8
83   73
26   16
43   33
60   50
48   38
41   31
29   19
98   88
25   15
12   2
66   56
106   96
65   55
53   43
18   8
33   23
29   19
93   83
69   59
71   61
93   83
12   2
86   76
90   80
65   55
93   83
58   48
35   25
101   91
64   54
102   92
82   72
74   64
79   69
106   96
88   78
67   57
29   19
56   46
92   82
107   97
40   30
109   99
46   36
16   6
19   9
59   49
18   8
101   91
99   89
41   31
12   2
81   71
59   49
11   1
54   44
21   11
50   40
21   11
85   75
72   62
21   11
44   34
18   8
21   11
55   45
100   90
68   58
14   4
60   50
49   39
22   12
68   58
107   97
21   11
42   32
12   2
32   22
94   84
17   7
29   19
94   84
109   99
19   9
31   21
75   65
60   50
48   38
96   86
92   82
103   93
81   71
101   91
80   70
102   92
45   35
18   8
70   60
68   58
68   58
15   5
19   9
43   33
57   47
79   69
26   16
57   47
84   74
55   45
22   12
68   58
46   36
51   41
90   80
91   81
37   27
14   4
20   10
69   59
29   19
59   49
65   55
94   84
101   91
21   11
54   44
64   54
104   94
107   97
59   49
80   70
76   66
65   55
68   58
71   61
12   2
103   93
17   7
65   55
14   4
24   14
80   70
105   95
36   26
52   42
51   41
42   32
32   22
46   36
75   65
17   7
96   86
102   92
19   9
75   65
88   78
27   17
74   64
76   66
83   73
109   99
40   30
48   38
40   30
37   27
13   3
89   79
64   54
94   84
84   74
21   11
38   28
16   6
79   69
88   78
60   50
52   42
104   94
67   57
74   64
52   42
31   21
101   91
70   60
45   35
19   9
59   49
73   63
39   29
12   2
16   6
109   99
52   42
75   65
50   40
80   70
13   3
54   44
72   62
57   47
38   28
62   52
69   59
66   56
21   11
77   67
110   100
29   19
71   61
82   72
40   30
97   87
43   33
29   19
61   51
14   4
52   42
41   31
53   43
62   52
110   100
52   42
69   59
74   64
56   46
85   75
51   41
36   26
37   27
17   7
73   63
86   76
68   58
64   54
33   23
88   78
75   65
52   42
94   84
60   50
93   83
17   7
99   89
63   53
56   46
11   1
16   6
93   83
67   57
77   67
101   91
34   24
47   37
31   21
26   16
71   61
21   11
86   76
84   74
16   6
56   46
20   10
52   42
104   94
17   7
58   48
18   8
27   17
21   11
88   78
62   52
41   31
22   12
64   54
54   44
106   96
74   64
99   89
15   5
34   24
73   63
34   24
75   65
68   58
54   44
56   46
32   22
64   54
102   92
69   59
64   54
20   10
70   60
26   16
76   66
18   8
39   29
36   26
31   21
27   17
107   97
55   45
31   21
54   44
57   47
93   83
99   89
68   58
37   27
85   75
26   16
70   60
20   10
89   79
75   65
54   44
68   58
99   89
103   93
20   10
53   43
91   81
35   25
32   22
11   1
80   70
38   28
60   50
47   37
70   60
67   57
83   73
49   39
11   1
92   82
38   28
36   26
94   84
97   87
76   66
14   4
11   1
40   30
77   67
66   56
86   76
102   92
83   73
69   59
24   14
98   88
40   30
109   99
72   62
41   31
92   82
65   55
28   18
86   76
36   26
33   23
99   89
44   34
85   75
68   58
23   13
15   5
19   9
85   75
108   98
36   26
49   39
65   55
99   89
38   28
62   52
97   87
93   83
50   40
11   1
35   25
48   38
70   60
75   65
77   67
44   34
22   12
48   38
41   31
28   18
75   65
59   49
20   10
68   58
42   32
20   10
104   94
48   38
105   95
89   79
82   72
74   64
45   35
65   55
80   70
24   14
96   86
33   23
15   5
53   43
85   75
101   91
37   27
110   100
11   1
50   40
22   12
15   5
38   28
33   23
21   11
83   73
46   36
60   50
110   100
89   79
67   57
80   70
48   38
32   22
73   63
33   23
97   87
46   36
110   100
91   81
53   43
91   81
57   47
19   9
93   83
36   26
62   52
107   97
100   90
46   36
108   98
48   38
109   99
36   26
26   16
65   55
16   6
70   60
51   41
28   18
82   72
50   40
60   50
73   63
92   82
33   23
37   27
55   45
67   57
26   16
41   31
23   13
24   14
54   44
66   56
24   14
91   81
92   82
53   43
72   62
74   64
17   7
34   24
62   52
88   78
72   62
81   71
25   15
103   93
100   90
77   67
34   24
15   5
58   48
74   64
63   53
21   11
38   28
82   72
30   20
25   15
63   53
60   50
104   94
52   42
83   73
35   25
83   73
69   59
106   96
14   4
100   90
18   8
82   72
69   59
79   69
92   82
75   65
55   45
77   67
105   95
109   99
57   47
80   70
55   45
27   17
52   42
34   24
58   48
28   18
75   65
23   13
101   91
89   79
93   83
36   26
29   19
25   15
103   93
109   99
35   25
49   39
101   91
91   81
33   23
41   31
108   98
92   82
29   19
81   71
108   98
86   76
67   57
89   79
67   57
26   16
40   30
31   21
66   56
98   88
39   29
22   12
66   56
45   35
16   6
96   86
48   38
30   20
108   98
25   15
103   93
17   7
41   31
31   21
75   65
57   47
78   68
63   53
72   62
13   3
67   57
93   83
104   94
30   20
67   57
49   39
94   84
57   47
91   81
75   65
20   10
79   69
57   47
76   66
96   86
92   82
25   15
103   93
79   69
94   84
24   14
74   64
34   24
67   57
78   68
106   96
11   1
46   36
70   60
34   24
24   14
97   87
42   32
77   67
71   61
47   37
32   22
68   58
55   45
72   62
52   42
86   76
106   96
85   75
47   37
54   44
12   2
38   28
82   72
39   29
51   41
60   50
77   67
20   10
50   40
29   19
108   98
31   21
100   90
106   96
64   54
40   30
66   56
48   38
41   31
31   21
102   92
43   33
71   61
70   60
53   43
52   42
84   74
42   32
68   58
60   50
62   52
17   7
11   1
84   74
54   44
40   30
29   19
12   2
64   54
67   57
28   18
40   30
58   48
54   44
56   46
41   31
32   22
73   63
68   58
31   21
106   96
24   14
59   49
27   17
27   17
91   81
41   31
109   99
80   70
45   35
39   29
12   2
53   43
68   58
57   47
29   19
76   66
106   96
75   65
74   64
21   11
84   74
27   17
27   17
71   61
38   28
47   37
15   5
15   5
71   61
42   32
94   84
79   69
39   29
100   90
40   30
53   43
92   82
55   45
22   12
75   65
72   62
54   44
97   87
45   35
71   61
73   63
38   28
82   72
56   46
63   53
26   16
110   100
38   28
69   59
79   69
108   98
105   95
47   37
65   55
108   98
36   26
57   47
12   2
98   88
74   64
20   10
88   78
87   77
28   18
67   57
40   30
68   58
34   24
65   55
55   45
69   59
42   32
60   50
90   80
82   72
68   58
16   6
28   18
78   68
97   87
55   45
19   9
89   79
89   79
21   11
25   15
100   90
71   61
17   7
53   43
53   43
87   77
87   77
17   7
16   6
80   70
100   90
30   20
51   41
93   83
28   18
102   92
73   63
30   20
94   84
11   1
86   76
108   98
91   81
44   34
38   28
21   11
104   94
109   99
63   53
95   85
18   8
92   82
74   64
60   50
14   4
90   80
25   15
79   69
49   39
14   4
29   19
58   48
79   69
88   78
91   81
43   33
23   13
99   89
50   40
106   96
79   69
49   39
100   90
29   19
94   84
14   4
44   34
47   37
94   84
93   83
64   54
103   93
81   71
42   32
15   5
12   2
75   65
47   37
51   41
86   76
63   53
74   64
69   59
88   78
75   65
95   85
78   68
61   51
14   4
44   34
59   49
15   5
42   32
37   27
69   59
70   60
66   56
102   92
91   81
22   12
46   36
60   50
105   95
24   14
94   84
28   18
29   19
42   32
85   75
107   97
65   55
23   13
103   93
59   49
73   63
41   31
89   79
47   37
74   64
11   1
38   28
14   4
76   66
99   89
55   45
70   60
13   3
105   95
52   42
37   27
76   66
42   32
83   73
97   87
29   19
103   93
97   87
100   90
27   17
30   20
19   9
19   9
56   46
60   50
11   1
20   10
44   34
34   24
89   79
55   45
17   7
21   11
33   23
33   23
82   72
36   26
72   62
57   47
88   78
76   66
27   17
49   39
18   8
76   66
35   25
53   43
46   36
76   66
54   44
79   69
66   56
109   99
78   68
38   28
24   14
59   49
54   44
48   38
34   24
81   71
27   17
100   90
89   79
58   48
89   79
62   52
101   91
89   79
75   65
70   60
58   48
20   10
51   41
39   29
34   24
43   33
39   29
32   22
63   53
31   21
73   63
34   24
44   34
18   8
98   88
89   79
32   22
13   3
64   54
73   63
56   46
16   6
110   100
85   75
87   77
83   73
49   39
39   29
76   66
31   21
92   82
108   98
18   8
65   55
20   10
87   77
103   93
35   25
74   64
13   3
15   5
100   90
67   57
31   21
25   15
105   95
15   5
55   45
62   52
61   51
73   63
98   88
85   75
11   1
107   97
51   41
103   93
56   46
77   67
90   80
63   53
69   59
32   22
23   13
58   48
66   56
50   40
102   92
61   51
40   30
13   3
61   51
40   30
82   72
59   49
11   1
44   34
94   84
36   26
33   23
25   15
73   63
98   88
51   41
106   96
64   54
109   99
90   80
57   47
61   51
21   11
33   23
102   92
55   45
39   29
17   7
108   98
101   91
110   100
62   52
21   11
107   97
20   10
19   9
100   90
34   24
88   78
87   77
101   91
34   24
86   76
70   60
64   54
91   81
25   15
40   30
106   96
93   83
65   55
68   58
93   83
30   20
58   48
53   43
106   96
45   35
93   83
71   61
22   12
56   46
34   24
44   34
66   56
11   1
14   4
39   29
29   19
92   82
64   54
85   75
105   95
72   62
12   2
15   5
20   10
68   58
12   2
92   82
57   47
89   79
31   21
52   42
79   69
106   96
71   61
23   13
75   65
83   73
53   43
75   65
62   52
40   30
36   26
41   31
93   83
68   58
33   23
35   25
13   3
68   58
63   53
67   57
15   5
68   58
87   77
12   2
38   28
76   66
66   56
69   59
32   22
81   71
98   88
36   26
18   8
94   84
103   93
50   40
27   17
102   92
12   2
33   23
101   91
20   10
55   45
11   1
109   99
39   29
50   40
84   74
69   59
109   99
15   5
95   85
67   57
67   57
39   29
36   26
24   14
110   100
107   97
110   100
18   8
103   93
67   57
88   78
108   98
86   76
64   54
97   87
69   59
33   23
82   72
104   94
36   26
22   12
43   33
32   22
23   13
83   73
48   38
12   2
61   51
105   95
105   95
39   29
90   80
23   13
91   81
87   77
67   57
52   42
107   97
99   89
28   18
85   75
26   16
29   19
67   57
94   84
49   39
110   100
14   4
85   75
54   44
93   83
13   3
44   34
44   34
82   72
13   3
72   62
13   3
35   25
81   71
98   88
46   36
46   36
44   34
74   64
60   50
86   76
47   37
92   82
94   84
108   98
45   35
91   81
98   88
35   25
13   3
97   87
54   44
55   45
100   90
93   83
33   23
99   89
77   67
15   5
11   1
19   9
26   16
26   16