500
10
12209
54 49 55 55 48 47 41 45 52 54 
-541 -417 -449 -489 -442 -442 -340 -361 -439 -486 
460 343 367 406 370 372 279 294 361 405 
42   32
79   69
39   29
87   77
53   43
97   87
62   52
77   67
23   13
82   72
32   22
74   64
56   46
58   48
66   56
80   70
16   6
103   93
77   67
99   89
58   48
64   54
106   96
104   94
103   93
76   66
103   93
51   41
75   65
80   70
107   97
65   55
80   70
23   13
95   85
99   89
20   10
39   29
29   19
74   64
36   26
102   92
18   8
84   74
39   29
97   87
69   59
33   23
43   33
90   80
67   57
79   69
57   47
45   35
38   28
56   46
72   62
95   85
50   40
89   79
24   14
50   40
14   4
17   7
34   24
21   11
76   66
104   94
107   97
32   22
16   6
14   4
67   57
38   28
47   37
108   98
79   69
31   21
33   23
40   30
34   24
37   27
108   98
34   24
57   47
98   88
44   34
84   74
58   48
99   89
13   3
40   30
52   42
69   59
88   78
41   31
78   68
13   3
75   65
34   24
85   75
88   78
99   89
35   25
24   14
92   82
107   97
98   88
47   37
57   47
14   4
39   29
100   90
63   53
37   27
77   67
67   57
77   67
13   3
40   30
23   13
41   31
29   19
59   49
66   56
58   48
93   83
62   52
30   20
83   73
15   5
102   92
15   5
34   24
89   79
30   20
71   61
61   51
36   26
58   48
28   18
70   60
84   74
80   70
77   67
26   16
22   12
58   48
26   16
55   45
67   57
27   17
85   75
63   53
58   48
26   16
31   21
73   63
17   7
56   46
48   38
12   2
20   10
59   49
97   87
54   44
56   46
99   89
24   14
82   72
104   94
41   31
78   68
107   97
27   17
92   82
89   79
73   63
110   100
39   29
75   65
83   73
71   61
42   32
43   33
38   28
34   24
65   55
43   33
69   59
52   42
79   69
16   6
78   68
75   65
13   3
75   65
13   3
99   89
25   15
60   50
81   71
23   13
86   76
21   11
71   61
71   61
34   24
68   58
48   38
81   71
96   86
50   40
75   65
105   95
13   3
41   31
47   37
56   46
13   3
77   67
62   52
78   68
99   89
76   66
38   28
100   90
40   30
88   78
67   57
97   87
90   80
106   96
80   70
88   78
70   60
12   2
79   69
47   37
32   22
30   20
66   56
67   57
87   77
14   4
71   61
25   15
12   2
68   58
88   78
81   71
49   39
14   4
53   43
102   92
79   69
81   71
12   2
54   44
73   63
48   38
23   13
32   22
52   42
85   75
85   75
15   5
99   89
67   57
86   76
25   15
32   22
104   94
49   39
49   39
42   32
104   94
88   78
107   97
26   16
82   72
31   21
63   53
57   47
90   80
106   96
90   80
92   82
20   10
97   87
81   71
23   13
57   47
54   44
62   52
44   34
103   93
25   15
13   3
19   9
56   46
69   59
67   57
59   49
104   94
68   58
99   89
52   42
52   42
93   83
27   17
101   91
85   75
74   64
102   92
50   40
12   2
60   50
16   6
34   24
88   78
63   53
21   11
14   4
29   19
75   65
48   38
74   64
88   78
37   27
77   67
14   4
41   31
64   54
62   52
81   71
20   10
83   73
64   54
66   56
97   87
67   57
12   2
19   9
63   53
35   25
60   50
35   25
69   59
20   10
21   11
37   27
49   39
60   50
64   54
87   77
25   15
43   33
18   8
109   99
54   44
44   34
83   73
14   4
59   49
82   72
47   37
70   60
95   85
26   16
52   42
54   44
69   59
22   12
36   26
81   71
22   12
104   94
24   14
40   30
93   83
45   35
13   3
108   98
39   29
94   84
63   53
89   79
44   34
29   19
16   6
30   20
106   96
33   23
108   98
65   55
21   11
51   41
28   18
101   91
57   47
65   55
31   21
78   68
21   11
93   83
37   27
15   5
101   91
63   53
107   97
109   99
103   93
12   2
16   6
44   34
98   88
47   37
44   34
20   10
15   5
46   36
22   12
70   60
41   31
74   64
95   85
90   80
24   14
36   26
58   48
55   45
75   65
72   62
14   4
22   12
100   90
60   50
29   19
16   6
80   70
54   44
51   41
47   37
88   78
64   54
70   60
53   43
18   8
97   87
98   88
108   98
94   84
53   43
84   74
58   48
30   20
85   75
93   83
53   43
84   74
65   55
69   59
88   78
79   69
47   37
77   67
76   66
28   18
40   30
30   20
49   39
52   42
107   97
44   34
17   7
91   81
18   8
63   53
103   93
44   34
14   4
78   68
58   48
20   10
23   13
30   20
25   15
21   11
48   38
85   75
43   33
48   38
101   91
32   22
100   90
27   17
94   84
39   29
94   84