500
20
12635
23 27 21 20 20 22 28 23 21 27 29 23 24 29 26 21 23 24 28 41 
-77 -89 -64 -56 -54 -63 -79 -69 -69 -88 -83 -64 -72 -78 -75 -63 -73 -88 -79 -123 
65 75 54 46 44 52 65 57 58 74 68 52 60 63 62 53 62 76 65 102 
81   71
83   73
69   59
76   66
27   17
97   87
36   26
53   43
29   19
59   49
95   85
74   64
110   100
51   41
57   47
97   87
98   88
36   26
91   81
108   98
65   55
44   34
12   2
40   30
85   75
104   94
77   67
63   53
18   8
96   86
18   8
69   59
82   72
51   41
73   63
27   17
54   44
68   58
99   89
103   93
86   76
99   89
101   91
96   86
17   7
21   11
56   46
13   3
74   64
98   88
109   99
68   58
55   45
105   95
49   39
77   67
103   93
71   61
40   30
14   4
67   57
18   8
93   83
13   3
85   75
49   39
98   88
52   42
13   3
77   67
38   28
18   8
37   27
98   88
46   36
100   90
37   27
84   74
76   66
37   27
108   98
29   19
71   61
19   9
55   45
43   33
11   1
60   50
28   18
96   86
76   66
16   6
31   21
106   96
43   33
74   64
68   58
34   24
69   59
39   29
100   90
32   22
21   11
32   22
78   68
92   82
57   47
34   24
26   16
57   47
81   71
59   49
26   16
68   58
24   14
89   79
29   19
81   71
27   17
84   74
78   68
109   99
32   22
87   77
41   31
71   61
28   18
19   9
109   99
108   98
37   27
26   16
30   20
58   48
96   86
67   57
29   19
58   48
95   85
31   21
67   57
106   96
39   29
60   50
35   25
86   76
80   70
31   21
53   43
16   6
54   44
11   1
80   70
39   29
12   2
42   32
90   80
69   59
28   18
45   35
103   93
20   10
99   89
31   21
108   98
39   29
11   1
67   57
35   25
62   52
95   85
94   84
33   23
95   85
69   59
80   70
99   89
57   47
28   18
76   66
58   48
23   13
26   16
83   73
18   8
43   33
85   75
30   20
25   15
61   51
66   56
104   94
30   20
74   64
94   84
97   87
57   47
86   76
77   67
110   100
106   96
74   64
25   15
95   85
27   17
56   46
81   71
67   57
102   92
100   90
75   65
48   38
88   78
47   37
36   26
98   88
80   70
39   29
78   68
78   68
36   26
15   5
44   34
99   89
94   84
107   97
42   32
61   51
62   52
15   5
36   26
78   68
28   18
52   42
30   20
22   12
106   96
83   73
18   8
12   2
89   79
107   97
74   64
92   82
41   31
59   49
40   30
76   66
18   8
69   59
16   6
90   80
33   23
38   28
85   75
95   85
32   22
65   55
44   34
106   96
47   37
96   86
110   100
20   10
96   86
97   87
13   3
20   10
98   88
71   61
11   1
13   3
18   8
34   24
64   54
43   33
87   77
64   54
13   3
83   73
20   10
47   37
110   100
58   48
44   34
59   49
104   94
49   39
70   60
77   67
71   61
12   2
79   69
106   96
56   46
36   26
46   36
86   76
11   1
52   42
46   36
82   72
70   60
108   98
11   1
85   75
69   59
25   15
19   9
18   8
61   51
17   7
31   21
23   13
56   46
66   56
95   85
77   67
74   64
70   60
18   8
108   98
40   30
51   41
19   9
31   21
59   49
26   16
106   96
106   96
35   25
90   80
64   54
88   78
25   15
21   11
71   61
55   45
30   20
102   92
100   90
36   26
87   77
95   85
94   84
59   49
11   1
39   29
96   86
20   10
20   10
77   67
63   53
88   78
46   36
95   85
83   73
43   33
17   7
34   24
16   6
80   70
22   12
47   37
41   31
54   44
89   79
106   96
26   16
78   68
34   24
39   29
43   33
82   72
78   68
81   71
93   83
57   47
86   76
36   26
71   61
62   52
20   10
53   43
37   27
71   61
97   87
49   39
90   80
85   75
35   25
35   25
61   51
102   92
103   93
13   3
20   10
100   90
46   36
41   31
104   94
105   95
74   64
19   9
64   54
37   27
84   74
91   81
108   98
51   41
70   60
70   60
101   91
56   46
71   61
85   75
32   22
83   73
66   56
92   82
105   95
94   84
45   35
42   32
32   22
102   92
106   96
90   80
35   25
41   31
104   94
44   34
89   79
12   2
21   11
70   60
74   64
81   71
59   49
88   78
71   61
99   89
62   52
36   26
46   36
25   15
17   7
58   48
65   55
54   44
25   15
21   11
40   30
109   99
86   76
95   85
12   2
62   52
64   54
54   44
106   96
105   95
51   41
36   26
42   32
95   85
11   1
13   3
30   20
37   27
13   3
82   72
98   88
40   30
102   92
66   56
42   32
107   97
42   32
92   82
18   8
102   92
48   38
74   64
102   92
31   21
20   10
105   95
39   29
77   67
84   74
23   13
11   1
69   59
99   89
108   98
13   3
66   56
57   47
51   41