500
10
12665
47 42 43 56 59 47 54 40 53 59 
-415 -358 -398 -477 -539 -439 -491 -373 -515 -539 
345 295 334 393 451 369 410 313 435 451 
25   15
95   85
85   75
108   98
11   1
41   31
104   94
97   87
77   67
103   93
67   57
18   8
90   80
35   25
21   11
89   79
42   32
52   42
95   85
44   34
49   39
56   46
56   46
84   74
61   51
52   42
105   95
91   81
30   20
104   94
42   32
37   27
62   52
59   49
25   15
47   37
46   36
16   6
47   37
27   17
30   20
75   65
61   51
56   46
97   87
17   7
40   30
13   3
70   60
74   64
65   55
88   78
23   13
57   47
101   91
109   99
103   93
103   93
20   10
30   20
63   53
18   8
105   95
33   23
17   7
13   3
62   52
76   66
69   59
33   23
30   20
70   60
97   87
26   16
86   76
12   2
97   87
92   82
60   50
17   7
96   86
57   47
27   17
27   17
35   25
71   61
31   21
48   38
64   54
88   78
104   94
88   78
23   13
102   92
99   89
34   24
88   78
22   12
25   15
47   37
92   82
104   94
29   19
96   86
74   64
96   86
85   75
42   32
22   12
29   19
73   63
19   9
14   4
36   26
108   98
89   79
101   91
109   99
19   9
16   6
46   36
25   15
52   42
23   13
53   43
103   93
52   42
75   65
61   51
20   10
89   79
86   76
62   52
86   76
28   18
35   25
105   95
38   28
15   5
55   45
15   5
18   8
47   37
56   46
67   57
54   44
88   78
99   89
17   7
44   34
50   40
31   21
84   74
11   1
104   94
78   68
94   84
93   83
36   26
45   35
103   93
68   58
51   41
27   17
48   38
71   61
35   25
23   13
75   65
22   12
83   73
70   60
29   19
71   61
81   71
96   86
35   25
81   71
44   34
44   34
18   8
43   33
50   40
103   93
46   36
39   29
85   75
90   80
57   47
69   59
38   28
16   6
50   40
54   44
78   68
101   91
61   51
50   40
45   35
90   80
70   60
46   36
45   35
87   77
71   61
48   38
37   27
95   85
94   84
60   50
95   85
24   14
20   10
15   5
36   26
78   68
80   70
95   85
54   44
58   48
28   18
107   97
100   90
27   17
82   72
23   13
38   28
109   99
46   36
95   85
64   54
110   100
20   10
20   10
70   60
54   44
78   68
91   81
94   84
68   58
49   39
27   17
86   76
32   22
69   59
79   69
16   6
52   42
18   8
13   3
40   30
86   76
33   23
58   48
69   59
63   53
88   78
57   47
108   98
22   12
59   49
104   94
46   36
92   82
36   26
25   15
53   43
96   86
82   72
67   57
79   69
69   59
50   40
110   100
12   2
31   21
59   49
108   98
29   19
39   29
108   98
71   61
90   80
30   20
44   34
107   97
40   30
77   67
18   8
93   83
63   53
84   74
87   77
66   56
56   46
20   10
110   100
38   28
51   41
84   74
110   100
94   84
34   24
20   10
83   73
109   99
41   31
49   39
31   21
46   36
37   27
57   47
79   69
59   49
56   46
22   12
55   45
45   35
110   100
38   28
90   80
80   70
92   82
107   97
71   61
91   81
67   57
106   96
34   24
22   12
71   61
78   68
28   18
16   6
41   31
45   35
43   33
95   85
22   12
74   64
76   66
36   26
59   49
27   17
34   24
103   93
27   17
107   97
68   58
108   98
44   34
13   3
67   57
108   98
90   80
27   17
43   33
15   5
85   75
30   20
44   34
108   98
70   60
91   81
105   95
94   84
45   35
30   20
70   60
94   84
34   24
75   65
55   45
30   20
34   24
81   71
85   75
49   39
70   60
40   30
23   13
14   4
36   26
97   87
77   67
63   53
93   83
85   75
54   44
57   47
51   41
75   65
97   87
70   60
19   9
97   87
44   34
28   18
30   20
105   95
36   26
29   19
82   72
55   45
104   94
25   15
80   70
83   73
24   14
95   85
54   44
50   40
97   87
72   62
23   13
21   11
96   86
83   73
74   64
28   18
85   75
62   52
109   99
94   84
80   70
82   72
70   60
62   52
103   93
81   71
84   74
20   10
81   71
76   66
25   15
50   40
86   76
101   91
103   93
24   14
19   9
87   77
86   76
80   70
66   56
93   83
65   55
38   28
41   31
82   72
29   19
37   27
32   22
97   87
78   68
35   25
100   90
110   100
96   86
38   28
14   4
57   47
99   89
48   38
66   56
51   41
15   5
53   43
82   72
45   35
33   23
58   48
90   80
84   74
90   80
34   24
58   48
83   73
90   80
108   98
18   8
34   24
36   26
70   60
62   52
75   65
84   74
45   35
83   73
101   91
24   14
51   41
27   17
29   19
19   9
12   2
97   87
62   52
97   87
23   13