2461
50
74376
59 42 50 46 54 47 47 41 40 41 42 50 52 55 49 49 46 48 51 56 60 40 57 44 50 41 45 55 60 46 51 51 59 56 50 56 56 54 44 47 53 56 47 55 51 46 40 44 41 41 
-1876 -1227 -1402 -1487 -1524 -1159 -1387 -1235 -1086 -1190 -1215 -1446 -1533 -1590 -1534 -1424 -1338 -1390 -1597 -1496 -1761 -1181 -1681 -1263 -1475 -1128 -1224 -1485 -1772 -1466 -1580 -1230 -1741 -1671 -1419 -1575 -1578 -1719 -1248 -1405 -1387 -1532 -1390 -1608 -1504 -1209 -1108 -1230 -1227 -1162 
1492 962 1091 1186 1187 879 1090 974 840 932 951 1132 1204 1245 1217 1115 1049 1088 1267 1153 1382 928 1320 987 1159 874 947 1148 1392 1167 1251 927 1367 1316 1107 1226 1229 1368 973 1106 1065 1187 1092 1261 1181 929 860 956 966 906 
55 45
105 95
63 53
66 56
110 100
68 58
90 80
69 59
95 85
78 68
98 88
92 82
110 100
93 83
80 70
64 54
63 53
32 22
32 22
24 14
91 81
64 54
88 78
94 84
50 40
25 15
58 48
73 63
81 71
26 16
97 87
93 83
104 94
91 81
107 97
81 71
75 65
39 29
89 79
100 90
29 19
37 27
106 96
61 51
75 65
26 16
88 78
64 54
55 45
60 50
27 17
36 26
94 84
78 68
109 99
27 17
89 79
97 87
42 32
68 58
85 75
70 60
59 49
48 38
72 62
30 20
27 17
101 91
83 73
107 97
67 57
101 91
90 80
58 48
94 84
67 57
85 75
36 26
71 61
26 16
31 21
67 57
61 51
95 85
109 99
22 12
23 13
40 30
58 48
106 96
59 49
82 72
52 42
78 68
57 47
81 71
67 57
105 95
31 21
43 33
45 35
39 29
86 76
91 81
101 91
103 93
69 59
92 82
105 95
98 88
72 62
100 90
74 64
83 73
52 42
27 17
87 77
103 93
102 92
36 26
67 57
76 66
66 56
31 21
44 34
23 13
34 24
34 24
83 73
96 86
21 11
36 26
40 30
40 30
71 61
34 24
30 20
24 14
101 91
47 37
79 69
58 48
66 56
52 42
60 50
69 59
51 41
77 67
68 58
32 22
20 10
87 77
55 45
57 47
83 73
90 80
91 81
30 20
103 93
96 86
48 38
34 24
70 60
106 96
39 29
108 98
69 59
93 83
52 42
71 61
77 67
32 22
47 37
49 39
85 75
86 76
110 100
57 47
83 73
88 78
38 28
104 94
63 53
45 35
58 48
63 53
78 68
98 88
107 97
78 68
56 46
105 95
66 56
94 84
77 67
71 61
42 32
24 14
61 51
96 86
49 39
31 21
29 19
77 67
83 73
63 53
97 87
79 69
23 13
58 48
97 87
30 20
90 80
96 86
22 12
38 28
95 85
68 58
92 82
22 12
24 14
45 35
37 27
91 81
85 75
99 89
75 65
94 84
47 37
40 30
32 22
96 86
43 33
31 21
23 13
101 91
87 77
35 25
48 38
86 76
83 73
85 75
56 46
42 32
85 75
110 100
56 46
32 22
78 68
110 100
46 36
29 19
74 64
80 70
44 34
74 64
55 45
79 69
104 94
20 10
77 67
78 68
61 51
52 42
29 19
71 61
22 12
29 19
69 59
41 31
54 44
20 10
72 62
74 64
43 33
51 41
21 11
40 30
80 70
55 45
51 41
48 38
36 26
21 11
61 51
32 22
31 21
20 10
95 85
34 24
97 87
81 71
26 16
81 71
95 85
23 13
76 66
98 88
65 55
34 24
59 49
90 80
90 80
76 66
21 11
77 67
83 73
71 61
24 14
22 12
55 45
95 85
49 39
52 42
39 29
42 32
103 93
72 62
85 75
99 89
50 40
35 25
86 76
45 35
46 36
100 90
48 38
26 16
104 94
70 60
79 69
108 98
106 96
83 73
96 86
79 69
46 36
91 81
68 58
54 44
22 12
76 66
66 56
75 65
54 44
110 100
46 36
37 27
34 24
99 89
36 26
93 83
91 81
77 67
84 74
33 23
99 89
95 85
90 80
97 87
91 81
48 38
64 54
54 44
97 87
40 30
39 29
54 44
56 46
72 62
102 92
37 27
78 68
59 49
62 52
42 32
35 25
106 96
50 40
87 77
52 42
47 37
109 99
48 38
90 80
35 25
48 38
47 37
34 24
58 48
74 64
108 98
24 14
66 56
109 99
89 79
60 50
50 40
60 50
44 34
20 10
108 98
40 30
56 46
101 91
85 75
63 53
23 13
56 46
81 71
74 64
63 53
30 20
93 83
66 56
47 37
108 98
92 82
55 45
30 20
67 57
50 40
28 18
32 22
28 18
72 62
27 17
34 24
96 86
65 55
30 20
81 71
88 78
30 20
53 43
58 48
76 66
103 93
85 75
72 62
103 93
96 86
60 50
91 81
97 87
73 63
66 56
58 48
38 28
30 20
32 22
101 91
107 97
33 23
29 19
29 19
23 13
82 72
88 78
108 98
45 35
53 43
102 92
21 11
104 94
22 12
85 75
24 14
91 81
33 23
96 86
39 29
65 55
62 52
73 63
62 52
54 44
45 35
89 79
76 66
85 75
89 79
75 65
56 46
81 71
50 40
74 64
73 63
89 79
66 56
87 77
104 94
27 17
56 46
42 32
22 12
65 55
105 95
94 84
20 10
97 87
45 35
51 41
79 69
52 42
96 86
74 64
40 30
25 15
48 38
38 28
27 17
41 31
71 61
87 77
50 40
66 56
59 49
28 18
37 27
61 51
95 85
93 83
29 19
50 40
84 74
107 97
51 41
82 72
76 66
90 80
108 98
96 86
33 23
45 35
100 90
88 78
90 80
63 53
84 74
31 21
50 40
58 48
32 22
69 59
62 52
105 95
36 26
45 35
108 98
61 51
89 79
96 86
42 32
88 78
28 18
88 78
29 19
54 44
89 79
39 29
32 22
56 46
40 30
51 41
28 18
51 41
93 83
68 58
23 13
33 23
49 39
62 52
95 85
68 58
31 21
40 30
80 70
38 28
98 88
62 52
102 92
78 68
74 64
93 83
34 24
69 59
43 33
49 39
33 23
81 71
28 18
94 84
45 35
80 70
109 99
68 58
94 84
33 23
66 56
47 37
94 84
62 52
99 89
106 96
94 84
94 84
88 78
100 90
67 57
93 83
89 79
81 71
58 48
44 34
64 54
97 87
48 38
63 53
94 84
84 74
108 98
107 97
23 13
71 61
22 12
37 27
28 18
102 92
50 40
96 86
24 14
56 46
39 29
69 59
51 41
84 74
66 56
108 98
54 44
97 87
97 87
106 96
56 46
59 49
26 16
62 52
96 86
25 15
108 98
28 18
38 28
100 90
70 60
38 28
103 93
76 66
70 60
43 33
21 11
35 25
55 45
92 82
32 22
55 45
67 57
102 92
63 53
63 53
65 55
36 26
38 28
64 54
71 61
84 74
109 99
94 84
91 81
76 66
59 49
69 59
91 81
51 41
66 56
92 82
80 70
55 45
79 69
78 68
89 79
76 66
104 94
53 43
47 37
47 37
85 75
40 30
82 72
48 38
74 64
56 46
59 49
79 69
87 77
84 74
100 90
31 21
57 47
85 75
26 16
68 58
106 96
50 40
26 16
110 100
105 95
50 40
96 86
84 74
50 40
61 51
31 21
95 85
26 16
34 24
23 13
84 74
50 40
47 37
43 33
93 83
80 70
46 36
40 30
45 35
77 67
93 83
106 96
83 73
43 33
73 63
94 84
100 90
74 64
37 27
27 17
33 23
20 10
108 98
35 25
49 39
103 93
22 12
110 100
27 17
88 78
75 65
104 94
65 55
90 80
67 57
88 78
97 87
27 17
96 86
35 25
81 71
105 95
87 77
89 79
60 50
98 88
24 14
75 65
38 28
35 25
52 42
52 42
71 61
67 57
103 93
42 32
71 61
105 95
109 99
83 73
21 11
86 76
79 69
38 28
106 96
37 27
102 92
99 89
24 14
52 42
69 59
22 12
61 51
76 66
49 39
39 29
39 29
27 17
106 96
108 98
65 55
39 29
42 32
42 32
67 57
84 74
40 30
58 48
55 45
57 47
73 63
34 24
91 81
25 15
43 33
91 81
27 17
35 25
42 32
37 27
76 66
79 69
83 73
64 54
66 56
75 65
80 70
99 89
86 76
49 39
85 75
71 61
55 45
92 82
93 83
54 44
102 92
44 34
81 71
85 75
72 62
35 25
88 78
88 78
47 37
66 56
37 27
52 42
32 22
99 89
105 95
22 12
31 21
76 66
33 23
38 28
82 72
54 44
79 69
102 92
57 47
46 36
58 48
96 86
40 30
91 81
104 94
42 32
90 80
109 99
88 78
26 16
74 64
102 92
20 10
49 39
71 61
68 58
42 32
65 55
89 79
61 51
103 93
59 49
89 79
108 98
33 23
93 83
54 44
105 95
87 77
66 56
64 54
33 23
80 70
91 81
63 53
74 64
104 94
94 84
24 14
79 69
100 90
106 96
26 16
70 60
93 83
82 72
38 28
59 49
44 34
65 55
92 82
106 96
47 37
67 57
59 49
55 45
89 79
66 56
90 80
66 56
42 32
26 16
39 29
107 97
37 27
34 24
77 67
56 46
29 19
42 32
88 78
66 56
53 43
52 42
42 32
34 24
43 33
42 32
87 77
80 70
72 62
32 22
79 69
20 10
91 81
30 20
24 14
30 20
61 51
33 23
94 84
38 28
99 89
54 44
40 30
74 64
92 82
100 90
85 75
103 93
62 52
85 75
31 21
86 76
56 46
88 78
21 11
82 72
58 48
88 78
106 96
60 50
21 11
50 40
33 23
96 86
107 97
33 23
100 90
32 22
24 14
59 49
91 81
36 26
76 66
78 68
58 48
83 73
57 47
28 18
54 44
35 25
37 27
91 81
89 79
26 16
32 22
62 52
85 75
41 31
79 69
101 91
108 98
53 43
75 65
40 30
56 46
61 51
93 83
53 43
107 97
109 99
38 28
89 79
60 50
46 36
61 51
69 59
99 89
23 13
98 88
26 16
36 26
109 99
77 67
37 27
87 77
80 70
104 94
51 41
83 73
81 71
59 49
61 51
88 78
44 34
48 38
39 29
93 83
64 54
60 50
61 51
97 87
90 80
27 17
93 83
83 73
75 65
93 83
36 26
62 52
84 74
32 22
76 66
46 36
22 12
60 50
99 89
52 42
54 44
31 21
47 37
82 72
48 38
78 68
106 96
37 27
52 42
98 88
94 84
65 55
66 56
46 36
93 83
45 35
75 65
54 44
96 86
110 100
56 46
37 27
36 26
51 41
38 28
27 17
110 100
78 68
59 49
30 20
91 81
40 30
52 42
98 88
76 66
107 97
102 92
95 85
76 66
104 94
67 57
63 53
68 58
37 27
46 36
60 50
97 87
71 61
39 29
47 37
40 30
96 86
38 28
61 51
54 44
75 65
20 10
43 33
93 83
33 23
61 51
28 18
62 52
28 18
48 38
59 49
42 32
91 81
44 34
109 99
98 88
79 69
54 44
101 91
52 42
54 44
100 90
53 43
61 51
102 92
73 63
105 95
96 86
102 92
89 79
33 23
52 42
39 29
78 68
77 67
87 77
34 24
39 29
54 44
64 54
54 44
61 51
82 72
28 18
78 68
45 35
96 86
28 18
28 18
110 100
37 27
85 75
87 77
80 70
38 28
36 26
38 28
34 24
88 78
21 11
66 56
63 53
97 87
66 56
31 21
104 94
77 67
42 32
66 56
49 39
27 17
102 92
48 38
110 100
72 62
103 93
94 84
34 24
71 61
28 18
60 50
52 42
73 63
91 81
58 48
67 57
109 99
25 15
73 63
104 94
107 97
43 33
83 73
89 79
68 58
23 13
37 27
81 71
88 78
33 23
36 26
52 42
86 76
43 33
53 43
44 34
90 80
93 83
24 14
80 70
32 22
62 52
26 16
32 22
77 67
42 32
55 45
32 22
23 13
84 74
104 94
94 84
20 10
79 69
66 56
106 96
98 88
51 41
35 25
64 54
70 60
109 99
91 81
89 79
61 51
74 64
108 98
33 23
23 13
58 48
73 63
51 41
51 41
44 34
84 74
42 32
70 60
90 80
57 47
58 48
60 50
98 88
95 85
102 92
88 78
20 10
38 28
71 61
91 81
77 67
38 28
51 41
44 34
104 94
33 23
42 32
69 59
61 51
50 40
31 21
65 55
60 50
75 65
39 29
88 78
40 30
24 14
46 36
39 29
95 85
101 91
97 87
43 33
23 13
28 18
60 50
65 55
40 30
87 77
110 100
59 49
93 83
56 46
60 50
68 58
103 93
32 22
47 37
29 19
93 83
21 11
67 57
44 34
72 62
73 63
20 10
59 49
54 44
31 21
38 28
22 12
43 33
89 79
66 56
21 11
69 59
39 29
95 85
57 47
52 42
41 31
61 51
67 57
83 73
61 51
86 76
80 70
87 77
35 25
40 30
65 55
73 63
105 95
89 79
37 27
110 100
75 65
74 64
94 84
71 61
91 81
70 60
34 24
101 91
75 65
110 100
24 14
105 95
98 88
67 57
64 54
95 85
23 13
28 18
34 24
98 88
91 81
59 49
83 73
29 19
104 94
21 11
107 97
24 14
60 50
79 69
91 81
33 23
63 53
29 19
74 64
110 100
36 26
94 84
99 89
54 44
25 15
69 59
41 31
21 11
53 43
21 11
88 78
63 53
89 79
100 90
31 21
109 99
110 100
24 14
28 18
50 40
63 53
62 52
52 42
103 93
96 86
74 64
86 76
26 16
62 52
64 54
36 26
93 83
85 75
106 96
33 23
103 93
99 89
92 82
78 68
107 97
81 71
68 58
99 89
61 51
38 28
103 93
107 97
34 24
106 96
51 41
59 49
28 18
71 61
87 77
57 47
68 58
22 12
75 65
30 20
99 89
86 76
23 13
62 52
40 30
93 83
65 55
89 79
70 60
78 68
81 71
40 30
101 91
89 79
98 88
34 24
53 43
35 25
96 86
62 52
107 97
85 75
22 12
38 28
77 67
75 65
85 75
89 79
75 65
97 87
33 23
73 63
26 16
33 23
45 35
87 77
99 89
74 64
87 77
102 92
109 99
104 94
67 57
72 62
46 36
100 90
54 44
105 95
103 93
34 24
67 57
56 46
39 29
55 45
68 58
25 15
85 75
92 82
64 54
47 37
58 48
55 45
20 10
59 49
24 14
34 24
33 23
50 40
30 20
24 14
69 59
80 70
97 87
26 16
73 63
35 25
100 90
37 27
55 45
44 34
86 76
97 87
76 66
21 11
54 44
52 42
71 61
45 35
48 38
26 16
42 32
91 81
83 73
35 25
106 96
77 67
37 27
21 11
43 33
38 28
44 34
64 54
95 85
26 16
70 60
93 83
21 11
65 55
75 65
43 33
21 11
51 41
64 54
83 73
79 69
26 16
61 51
101 91
102 92
85 75
67 57
24 14
73 63
40 30
94 84
106 96
59 49
82 72
25 15
40 30
101 91
32 22
23 13
79 69
73 63
88 78
72 62
54 44
49 39
82 72
93 83
43 33
79 69
74 64
37 27
65 55
36 26
104 94
29 19
36 26
68 58
30 20
41 31
23 13
88 78
21 11
109 99
51 41
107 97
95 85
79 69
43 33
43 33
108 98
97 87
108 98
31 21
75 65
105 95
67 57
60 50
84 74
77 67
81 71
101 91
36 26
110 100
24 14
38 28
65 55
26 16
31 21
80 70
35 25
61 51
55 45
43 33
98 88
68 58
20 10
72 62
50 40
60 50
36 26
22 12
48 38
98 88
41 31
98 88
108 98
52 42
21 11
92 82
43 33
34 24
47 37
49 39
91 81
45 35
90 80
37 27
95 85
78 68
75 65
105 95
86 76
108 98
92 82
110 100
89 79
25 15
108 98
110 100
48 38
103 93
71 61
84 74
92 82
61 51
104 94
94 84
35 25
23 13
23 13
91 81
55 45
40 30
80 70
71 61
108 98
21 11
104 94
50 40
78 68
25 15
88 78
83 73
56 46
32 22
96 86
37 27
68 58
110 100
32 22
95 85
33 23
44 34
61 51
99 89
101 91
100 90
78 68
95 85
74 64
95 85
25 15
28 18
33 23
22 12
62 52
27 17
87 77
69 59
32 22
50 40
67 57
54 44
82 72
50 40
90 80
103 93
51 41
100 90
104 94
63 53
35 25
49 39
73 63
61 51
59 49
30 20
42 32
79 69
77 67
77 67
70 60
40 30
105 95
36 26
34 24
63 53
24 14
36 26
68 58
109 99
89 79
85 75
106 96
76 66
87 77
22 12
46 36
100 90
31 21
63 53
101 91
82 72
38 28
77 67
49 39
28 18
47 37
28 18
26 16
29 19
85 75
51 41
92 82
34 24
108 98
39 29
78 68
30 20
43 33
103 93
71 61
30 20
60 50
65 55
88 78
69 59
33 23
105 95
74 64
80 70
65 55
34 24
69 59
91 81
60 50
41 31
31 21
68 58
20 10
84 74
108 98
79 69
102 92
30 20
66 56
101 91
52 42
65 55
63 53
95 85
99 89
48 38
37 27
47 37
21 11
68 58
64 54
47 37
57 47
80 70
91 81
43 33
106 96
72 62
39 29
50 40
48 38
108 98
29 19
63 53
37 27
44 34
40 30
61 51
87 77
98 88
29 19
96 86
66 56
23 13
92 82
104 94
97 87
67 57
75 65
107 97
86 76
53 43
70 60
92 82
51 41
96 86
48 38
61 51
78 68
54 44
84 74
56 46
68 58
28 18
83 73
91 81
37 27
42 32
76 66
87 77
25 15
64 54
45 35
24 14
83 73
107 97
101 91
105 95
104 94
88 78
75 65
82 72
89 79
91 81
29 19
107 97
22 12
63 53
29 19
94 84
94 84
57 47
103 93
39 29
107 97
77 67
67 57
65 55
86 76
35 25
87 77
46 36
99 89
55 45
26 16
35 25
77 67
63 53
110 100
50 40
60 50
57 47
27 17
106 96
58 48
39 29
61 51
38 28
23 13
71 61
49 39
54 44
90 80
82 72
97 87
59 49
89 79
92 82
89 79
29 19
43 33
52 42
58 48
77 67
20 10
56 46
92 82
102 92
26 16
56 46
69 59
109 99
45 35
61 51
91 81
21 11
34 24
102 92
24 14
95 85
107 97
28 18
32 22
46 36
48 38
25 15
82 72
28 18
108 98
73 63
27 17
110 100
45 35
106 96
34 24
110 100
53 43
25 15
53 43
64 54
86 76
93 83
37 27
90 80
32 22
62 52
64 54
110 100
89 79
102 92
106 96
53 43
100 90
76 66
26 16
57 47
92 82
20 10
33 23
62 52
58 48
73 63
45 35
100 90
63 53
21 11
68 58
30 20
40 30
27 17
37 27
23 13
74 64
25 15
51 41
49 39
98 88
61 51
53 43
23 13
57 47
26 16
41 31
39 29
66 56
61 51
92 82
84 74
80 70
75 65
53 43
105 95
47 37
22 12
34 24
61 51
97 87
60 50
110 100
63 53
95 85
109 99
53 43
34 24
91 81
76 66
37 27
28 18
42 32
66 56
108 98
109 99
50 40
40 30
93 83
52 42
83 73
80 70
59 49
21 11
106 96
34 24
84 74
47 37
20 10
53 43
55 45
71 61
26 16
41 31
52 42
85 75
97 87
36 26
91 81
50 40
37 27
89 79
71 61
69 59
85 75
41 31
102 92
24 14
106 96
31 21
94 84
30 20
85 75
95 85
81 71
43 33
29 19
64 54
87 77
24 14
84 74
30 20
26 16
83 73
86 76
29 19
55 45
21 11
53 43
54 44
106 96
64 54
86 76
102 92
68 58
75 65
79 69
29 19
56 46
52 42
69 59
104 94
74 64
104 94
105 95
41 31
102 92
53 43
64 54
40 30
73 63
25 15
93 83
84 74
59 49
108 98
42 32
64 54
73 63
20 10
46 36
82 72
90 80
47 37
83 73
90 80
23 13
37 27
29 19
49 39
59 49
89 79
101 91
97 87
21 11
24 14
49 39
34 24
72 62
60 50
28 18
93 83
49 39
30 20
95 85
68 58
99 89
29 19
38 28
47 37
109 99
32 22
73 63
104 94
82 72
58 48
37 27
23 13
76 66
79 69
29 19
84 74
110 100
30 20
96 86
71 61
64 54
25 15
42 32
69 59
63 53
104 94
43 33
87 77
66 56
50 40
68 58
79 69
103 93
110 100
83 73
51 41
66 56
108 98
34 24
99 89
102 92
69 59
89 79
48 38
86 76
42 32
27 17
78 68
52 42
78 68
28 18
95 85
30 20
102 92
91 81
51 41
94 84
87 77
108 98
33 23
65 55
88 78
63 53
62 52
60 50
59 49
71 61
105 95
84 74
23 13
51 41
23 13
33 23
92 82
30 20
66 56
73 63
76 66
84 74
81 71
26 16
78 68
39 29
98 88
43 33
91 81
45 35
89 79
76 66
85 75
76 66
63 53
61 51
76 66
31 21
22 12
44 34
47 37
48 38
86 76
34 24
38 28
103 93
20 10
61 51
60 50
106 96
66 56
80 70
33 23
66 56
90 80
24 14
23 13
98 88
45 35
83 73
49 39
68 58
75 65
54 44
28 18
63 53
25 15
29 19
108 98
27 17
85 75
50 40
86 76
70 60
63 53
92 82
90 80
29 19
97 87
25 15
53 43
65 55
20 10
46 36
20 10
51 41
110 100
104 94
20 10
35 25
36 26
89 79
90 80
97 87
102 92
90 80
72 62
82 72
31 21
52 42
90 80
57 47
45 35
44 34
80 70
57 47
55 45
31 21
80 70
96 86
36 26
74 64
105 95
71 61
87 77
23 13
52 42
46 36
51 41
41 31
77 67
44 34
41 31
109 99
23 13
73 63
103 93
38 28
96 86
74 64
85 75
55 45
31 21
27 17
48 38
106 96
48 38
31 21
59 49
86 76
78 68
85 75
25 15
24 14
29 19
28 18
81 71
30 20
100 90
27 17
30 20
90 80
75 65
61 51
69 59
85 75
104 94
90 80
95 85
94 84
28 18
93 83
82 72
68 58
23 13
35 25
45 35
20 10
26 16
32 22
102 92
107 97
31 21
95 85
99 89
39 29
79 69
80 70
101 91
108 98
102 92
69 59
26 16
26 16
89 79
27 17
95 85
40 30
82 72
39 29
49 39
61 51
103 93
102 92
77 67
62 52
61 51
73 63
28 18
56 46
101 91
57 47
27 17
94 84
110 100
40 30
96 86
41 31
71 61
83 73
60 50
75 65
72 62
60 50
56 46
101 91
52 42
34 24
106 96
24 14
99 89
47 37
102 92
52 42
34 24
38 28
107 97
90 80
97 87
48 38
57 47
51 41
68 58
90 80
35 25
96 86
28 18
67 57
76 66
75 65
43 33
87 77
28 18
26 16
26 16
63 53
62 52
84 74
