2453
50
68430
46 60 55 47 59 49 47 48 54 52 40 44 47 51 46 59 41 44 59 48 56 44 49 55 45 60 52 47 58 40 43 44 41 41 41 43 45 47 53 56 42 58 43 47 58 42 41 60 60 46 
-254 -323 -323 -269 -327 -289 -274 -266 -282 -285 -245 -264 -233 -270 -246 -313 -238 -274 -332 -290 -348 -230 -273 -327 -269 -348 -290 -285 -340 -226 -244 -247 -204 -223 -212 -247 -240 -271 -299 -286 -206 -318 -223 -247 -319 -223 -251 -342 -333 -244 
159 201 205 169 205 183 173 167 174 178 156 168 143 168 153 194 150 175 208 184 222 143 171 207 171 219 181 181 215 142 154 155 125 139 131 156 149 171 188 176 125 199 138 153 200 138 160 215 208 152 
26 16
24 14
77 67
102 92
53 43
38 28
68 58
48 38
91 81
99 89
84 74
84 74
78 68
55 45
74 64
66 56
29 19
104 94
63 53
43 33
32 22
78 68
77 67
61 51
49 39
96 86
93 83
89 79
36 26
63 53
22 12
39 29
22 12
108 98
62 52
75 65
31 21
96 86
68 58
26 16
28 18
91 81
57 47
94 84
38 28
86 76
100 90
57 47
74 64
59 49
96 86
24 14
40 30
102 92
31 21
95 85
23 13
52 42
104 94
72 62
21 11
96 86
53 43
85 75
75 65
23 13
103 93
34 24
35 25
64 54
41 31
32 22
106 96
29 19
30 20
27 17
96 86
59 49
107 97
65 55
81 71
56 46
26 16
107 97
27 17
20 10
80 70
98 88
105 95
21 11
64 54
21 11
25 15
36 26
26 16
106 96
63 53
72 62
36 26
88 78
83 73
91 81
30 20
90 80
70 60
88 78
70 60
44 34
84 74
61 51
27 17
80 70
94 84
38 28
90 80
95 85
91 81
46 36
86 76
96 86
62 52
53 43
55 45
60 50
21 11
59 49
45 35
65 55
106 96
74 64
101 91
104 94
79 69
78 68
58 48
100 90
36 26
40 30
104 94
106 96
108 98
41 31
45 35
102 92
106 96
43 33
31 21
81 71
49 39
98 88
47 37
41 31
56 46
28 18
81 71
67 57
29 19
55 45
95 85
41 31
73 63
92 82
73 63
51 41
69 59
106 96
47 37
54 44
63 53
87 77
20 10
78 68
65 55
46 36
50 40
39 29
53 43
95 85
40 30
106 96
91 81
52 42
44 34
80 70
71 61
87 77
89 79
70 60
58 48
81 71
100 90
44 34
36 26
25 15
55 45
92 82
73 63
30 20
96 86
35 25
93 83
85 75
60 50
41 31
81 71
100 90
54 44
43 33
65 55
88 78
44 34
90 80
55 45
80 70
53 43
74 64
38 28
27 17
74 64
99 89
34 24
56 46
54 44
110 100
48 38
20 10
43 33
24 14
69 59
31 21
37 27
58 48
88 78
20 10
68 58
35 25
87 77
69 59
37 27
41 31
96 86
70 60
51 41
73 63
110 100
107 97
76 66
93 83
108 98
81 71
59 49
63 53
99 89
69 59
56 46
60 50
32 22
108 98
44 34
45 35
103 93
37 27
69 59
52 42
76 66
54 44
60 50
61 51
88 78
77 67
85 75
107 97
50 40
81 71
85 75
39 29
68 58
81 71
48 38
91 81
66 56
54 44
87 77
66 56
51 41
74 64
27 17
60 50
41 31
90 80
35 25
28 18
97 87
34 24
67 57
77 67
62 52
88 78
68 58
75 65
52 42
48 38
101 91
103 93
31 21
99 89
97 87
36 26
72 62
82 72
80 70
29 19
73 63
87 77
51 41
75 65
23 13
66 56
49 39
70 60
56 46
94 84
106 96
86 76
109 99
52 42
41 31
40 30
103 93
25 15
54 44
63 53
106 96
76 66
86 76
63 53
79 69
69 59
27 17
46 36
57 47
44 34
67 57
85 75
89 79
100 90
75 65
108 98
39 29
36 26
54 44
97 87
26 16
97 87
39 29
88 78
65 55
76 66
52 42
49 39
80 70
45 35
99 89
106 96
27 17
67 57
68 58
101 91
53 43
65 55
64 54
21 11
45 35
108 98
50 40
53 43
110 100
107 97
53 43
21 11
97 87
49 39
88 78
50 40
82 72
52 42
31 21
78 68
66 56
52 42
79 69
76 66
57 47
20 10
106 96
37 27
62 52
27 17
50 40
59 49
36 26
73 63
33 23
91 81
74 64
21 11
84 74
84 74
62 52
87 77
88 78
109 99
63 53
90 80
69 59
50 40
53 43
23 13
102 92
94 84
85 75
24 14
33 23
66 56
60 50
63 53
34 24
50 40
71 61
96 86
58 48
66 56
76 66
23 13
101 91
48 38
79 69
55 45
72 62
41 31
32 22
41 31
22 12
57 47
38 28
31 21
106 96
71 61
106 96
52 42
57 47
45 35
30 20
50 40
57 47
57 47
96 86
97 87
99 89
82 72
26 16
28 18
47 37
37 27
31 21
109 99
45 35
85 75
100 90
107 97
34 24
28 18
22 12
21 11
20 10
26 16
57 47
84 74
50 40
40 30
51 41
44 34
69 59
63 53
28 18
99 89
85 75
98 88
52 42
54 44
83 73
64 54
73 63
62 52
29 19
22 12
28 18
51 41
52 42
107 97
93 83
72 62
42 32
109 99
107 97
81 71
30 20
24 14
87 77
110 100
38 28
109 99
63 53
103 93
63 53
80 70
27 17
48 38
44 34
109 99
107 97
56 46
60 50
52 42
85 75
92 82
70 60
63 53
79 69
72 62
72 62
41 31
41 31
107 97
40 30
46 36
75 65
50 40
50 40
100 90
81 71
25 15
84 74
86 76
103 93
28 18
110 100
93 83
95 85
63 53
82 72
35 25
54 44
75 65
105 95
104 94
46 36
26 16
47 37
83 73
107 97
57 47
95 85
98 88
97 87
103 93
51 41
52 42
31 21
30 20
61 51
93 83
24 14
91 81
73 63
53 43
88 78
102 92
60 50
72 62
21 11
22 12
72 62
60 50
66 56
24 14
29 19
106 96
76 66
95 85
92 82
95 85
80 70
86 76
78 68
106 96
76 66
45 35
79 69
94 84
50 40
101 91
64 54
89 79
38 28
63 53
74 64
34 24
109 99
20 10
72 62
33 23
30 20
26 16
56 46
37 27
107 97
45 35
23 13
37 27
48 38
48 38
55 45
28 18
52 42
29 19
63 53
59 49
39 29
70 60
30 20
43 33
66 56
88 78
50 40
68 58
109 99
107 97
72 62
54 44
66 56
48 38
44 34
42 32
28 18
75 65
98 88
50 40
65 55
36 26
81 71
32 22
71 61
36 26
61 51
109 99
37 27
103 93
74 64
48 38
65 55
67 57
51 41
106 96
45 35
107 97
23 13
65 55
102 92
59 49
42 32
54 44
74 64
74 64
42 32
58 48
62 52
23 13
71 61
84 74
54 44
87 77
25 15
64 54
47 37
39 29
107 97
77 67
24 14
54 44
56 46
73 63
50 40
28 18
89 79
34 24
87 77
38 28
55 45
68 58
38 28
41 31
43 33
71 61
64 54
67 57
64 54
81 71
47 37
48 38
35 25
70 60
78 68
71 61
54 44
97 87
33 23
37 27
39 29
79 69
53 43
36 26
103 93
93 83
87 77
66 56
34 24
20 10
45 35
91 81
65 55
91 81
44 34
41 31
92 82
81 71
44 34
82 72
32 22
33 23
31 21
78 68
71 61
107 97
89 79
62 52
97 87
23 13
36 26
26 16
103 93
79 69
56 46
99 89
64 54
50 40
76 66
72 62
87 77
45 35
52 42
34 24
35 25
68 58
48 38
38 28
33 23
49 39
50 40
37 27
24 14
76 66
34 24
23 13
99 89
107 97
79 69
30 20
81 71
61 51
61 51
25 15
83 73
69 59
99 89
51 41
71 61
99 89
43 33
79 69
107 97
39 29
57 47
39 29
84 74
30 20
51 41
108 98
92 82
67 57
66 56
30 20
66 56
55 45
55 45
85 75
29 19
103 93
22 12
27 17
98 88
91 81
93 83
100 90
64 54
31 21
31 21
51 41
84 74
90 80
76 66
77 67
51 41
74 64
90 80
89 79
74 64
35 25
27 17
42 32
108 98
110 100
82 72
54 44
44 34
46 36
101 91
73 63
41 31
100 90
43 33
67 57
46 36
49 39
95 85
91 81
105 95
43 33
100 90
105 95
74 64
64 54
96 86
75 65
50 40
44 34
98 88
110 100
66 56
42 32
83 73
99 89
36 26
106 96
100 90
89 79
100 90
57 47
26 16
38 28
23 13
69 59
104 94
71 61
106 96
76 66
35 25
67 57
94 84
75 65
93 83
78 68
23 13
45 35
31 21
60 50
39 29
100 90
68 58
61 51
86 76
102 92
51 41
96 86
91 81
100 90
28 18
67 57
33 23
74 64
35 25
36 26
100 90
38 28
83 73
104 94
102 92
65 55
40 30
82 72
22 12
23 13
107 97
96 86
53 43
66 56
91 81
110 100
27 17
23 13
71 61
68 58
39 29
37 27
65 55
86 76
64 54
106 96
74 64
98 88
25 15
98 88
96 86
32 22
33 23
93 83
36 26
27 17
65 55
35 25
31 21
105 95
39 29
65 55
28 18
27 17
86 76
100 90
52 42
27 17
105 95
61 51
101 91
76 66
110 100
30 20
44 34
105 95
90 80
25 15
44 34
97 87
71 61
83 73
93 83
30 20
35 25
97 87
73 63
48 38
21 11
103 93
29 19
59 49
99 89
69 59
106 96
75 65
37 27
50 40
96 86
81 71
82 72
106 96
80 70
23 13
67 57
54 44
90 80
81 71
77 67
94 84
59 49
52 42
55 45
95 85
108 98
70 60
93 83
53 43
84 74
69 59
80 70
63 53
100 90
22 12
93 83
71 61
35 25
83 73
108 98
23 13
42 32
38 28
43 33
89 79
106 96
90 80
79 69
93 83
83 73
109 99
102 92
105 95
109 99
34 24
87 77
55 45
42 32
30 20
25 15
46 36
107 97
43 33
88 78
108 98
65 55
102 92
30 20
102 92
99 89
27 17
84 74
35 25
86 76
33 23
36 26
84 74
110 100
84 74
22 12
106 96
58 48
86 76
45 35
106 96
56 46
41 31
28 18
91 81
100 90
56 46
37 27
23 13
21 11
54 44
71 61
60 50
48 38
22 12
68 58
37 27
38 28
93 83
27 17
84 74
66 56
56 46
103 93
104 94
20 10
81 71
105 95
40 30
42 32
96 86
43 33
74 64
69 59
80 70
91 81
87 77
48 38
22 12
51 41
28 18
86 76
78 68
64 54
93 83
29 19
37 27
66 56
28 18
59 49
68 58
55 45
61 51
58 48
49 39
57 47
38 28
66 56
30 20
29 19
37 27
74 64
101 91
46 36
21 11
80 70
27 17
51 41
75 65
47 37
48 38
83 73
53 43
108 98
62 52
52 42
102 92
55 45
84 74
101 91
86 76
62 52
101 91
101 91
94 84
54 44
83 73
64 54
66 56
74 64
66 56
68 58
34 24
44 34
99 89
59 49
92 82
38 28
78 68
57 47
89 79
104 94
106 96
61 51
98 88
26 16
69 59
48 38
74 64
40 30
103 93
54 44
44 34
39 29
95 85
105 95
74 64
102 92
34 24
108 98
106 96
20 10
99 89
95 85
62 52
86 76
25 15
57 47
86 76
103 93
45 35
53 43
24 14
54 44
73 63
24 14
38 28
57 47
44 34
97 87
71 61
89 79
77 67
78 68
92 82
79 69
110 100
32 22
103 93
82 72
45 35
22 12
46 36
40 30
50 40
70 60
78 68
98 88
85 75
51 41
78 68
61 51
85 75
98 88
58 48
32 22
91 81
37 27
80 70
99 89
77 67
91 81
23 13
55 45
47 37
105 95
57 47
48 38
94 84
52 42
82 72
90 80
47 37
78 68
95 85
51 41
93 83
97 87
23 13
86 76
78 68
78 68
58 48
102 92
103 93
101 91
85 75
79 69
77 67
39 29
110 100
53 43
30 20
49 39
102 92
89 79
24 14
103 93
95 85
28 18
48 38
59 49
44 34
68 58
63 53
48 38
57 47
73 63
78 68
103 93
33 23
45 35
91 81
110 100
68 58
23 13
74 64
34 24
57 47
38 28
69 59
98 88
41 31
47 37
103 93
64 54
66 56
48 38
35 25
84 74
34 24
43 33
78 68
44 34
101 91
53 43
102 92
43 33
108 98
46 36
21 11
68 58
103 93
90 80
56 46
68 58
47 37
63 53
103 93
74 64
84 74
103 93
35 25
47 37
48 38
82 72
21 11
33 23
42 32
37 27
47 37
98 88
50 40
50 40
82 72
83 73
34 24
55 45
96 86
92 82
58 48
53 43
36 26
24 14
77 67
59 49
99 89
78 68
104 94
78 68
49 39
93 83
85 75
34 24
92 82
104 94
39 29
79 69
21 11
37 27
81 71
45 35
95 85
79 69
84 74
76 66
43 33
57 47
26 16
104 94
108 98
98 88
36 26
24 14
105 95
24 14
58 48
109 99
75 65
62 52
22 12
107 97
90 80
21 11
106 96
100 90
47 37
46 36
103 93
78 68
57 47
60 50
100 90
106 96
46 36
66 56
84 74
22 12
98 88
97 87
62 52
29 19
88 78
93 83
64 54
56 46
90 80
46 36
40 30
28 18
76 66
104 94
84 74
41 31
102 92
25 15
110 100
97 87
79 69
107 97
21 11
110 100
99 89
28 18
79 69
81 71
70 60
99 89
77 67
25 15
43 33
94 84
34 24
65 55
47 37
36 26
62 52
26 16
67 57
66 56
57 47
98 88
38 28
45 35
54 44
41 31
59 49
26 16
102 92
91 81
27 17
51 41
49 39
85 75
105 95
61 51
35 25
109 99
94 84
103 93
59 49
110 100
97 87
42 32
63 53
54 44
80 70
89 79
92 82
24 14
104 94
52 42
73 63
52 42
85 75
99 89
44 34
85 75
99 89
66 56
98 88
70 60
50 40
36 26
92 82
55 45
80 70
35 25
73 63
88 78
98 88
41 31
36 26
53 43
73 63
25 15
47 37
47 37
84 74
23 13
41 31
24 14
62 52
110 100
40 30
100 90
59 49
79 69
104 94
101 91
58 48
76 66
55 45
68 58
69 59
45 35
47 37
71 61
54 44
28 18
96 86
62 52
63 53
34 24
94 84
79 69
91 81
75 65
22 12
70 60
73 63
45 35
89 79
59 49
37 27
83 73
103 93
36 26
95 85
89 79
34 24
86 76
54 44
70 60
38 28
81 71
24 14
58 48
47 37
74 64
33 23
76 66
21 11
73 63
91 81
77 67
31 21
81 71
95 85
33 23
62 52
92 82
109 99
109 99
30 20
24 14
68 58
82 72
77 67
91 81
95 85
67 57
47 37
66 56
87 77
70 60
48 38
61 51
96 86
63 53
37 27
64 54
55 45
55 45
51 41
103 93
97 87
70 60
69 59
35 25
51 41
24 14
22 12
53 43
97 87
57 47
59 49
71 61
55 45
48 38
22 12
27 17
36 26
102 92
43 33
31 21
25 15
32 22
88 78
94 84
32 22
56 46
68 58
33 23
82 72
107 97
26 16
67 57
37 27
36 26
22 12
47 37
24 14
82 72
106 96
84 74
65 55
92 82
74 64
84 74
57 47
25 15
21 11
104 94
29 19
45 35
41 31
91 81
22 12
95 85
62 52
73 63
24 14
93 83
24 14
80 70
108 98
93 83
51 41
47 37
91 81
21 11
71 61
110 100
34 24
53 43
53 43
80 70
21 11
63 53
74 64
54 44
54 44
96 86
24 14
65 55
52 42
22 12
48 38
86 76
93 83
87 77
54 44
52 42
104 94
58 48
52 42
94 84
74 64
41 31
50 40
86 76
71 61
42 32
85 75
56 46
24 14
45 35
32 22
54 44
67 57
63 53
72 62
51 41
30 20
67 57
50 40
24 14
75 65
27 17
83 73
67 57
27 17
77 67
35 25
107 97
32 22
41 31
93 83
66 56
42 32
24 14
100 90
55 45
89 79
99 89
76 66
78 68
68 58
28 18
22 12
107 97
109 99
96 86
84 74
47 37
105 95
74 64
99 89
35 25
56 46
78 68
41 31
109 99
67 57
81 71
64 54
78 68
90 80
61 51
44 34
40 30
34 24
48 38
88 78
56 46
78 68
83 73
22 12
41 31
68 58
54 44
76 66
25 15
72 62
105 95
96 86
76 66
45 35
21 11
28 18
90 80
46 36
57 47
61 51
29 19
106 96
109 99
77 67
64 54
40 30
48 38
57 47
51 41
38 28
22 12
25 15
56 46
110 100
91 81
34 24
23 13
28 18
53 43
103 93
87 77
104 94
49 39
29 19
35 25
54 44
94 84
84 74
81 71
80 70
57 47
41 31
20 10
89 79
52 42
94 84
68 58
76 66
73 63
57 47
99 89
83 73
49 39
59 49
50 40
102 92
45 35
103 93
66 56
38 28
95 85
90 80
84 74
81 71
47 37
36 26
63 53
74 64
105 95
44 34
21 11
73 63
53 43
55 45
28 18
94 84
76 66
96 86
43 33
97 87
48 38
94 84
36 26
62 52
51 41
56 46
97 87
105 95
54 44
78 68
101 91
78 68
51 41
70 60
24 14
22 12
51 41
53 43
68 58
95 85
96 86
87 77
53 43
55 45
22 12
73 63
76 66
57 47
50 40
86 76
84 74
70 60
69 59
58 48
52 42
57 47
96 86
64 54
46 36
68 58
99 89
66 56
37 27
61 51
43 33
85 75
99 89
57 47
24 14
61 51
59 49
45 35
69 59
33 23
109 99
99 89
59 49
31 21
35 25
49 39
105 95
92 82
35 25
65 55
98 88
75 65
38 28
42 32
29 19
110 100
22 12
37 27
20 10
68 58
105 95
41 31
49 39
21 11
33 23
46 36
94 84
66 56
27 17
60 50
53 43
83 73
110 100
66 56
105 95
92 82
89 79
74 64
71 61
28 18
51 41
91 81
59 49
82 72
98 88
83 73
85 75
61 51
28 18
32 22
27 17
82 72
73 63
85 75
99 89
43 33
69 59
63 53
26 16
106 96
75 65
21 11
23 13
64 54
28 18
29 19
43 33
32 22
25 15
57 47
44 34
49 39
51 41
84 74
68 58
25 15
71 61
86 76
59 49
61 51
46 36
71 61
55 45
30 20
101 91
35 25
103 93
97 87
57 47
77 67
61 51
31 21
40 30
20 10
77 67
37 27
67 57
40 30
47 37
25 15
43 33
89 79
70 60
57 47
48 38
65 55
50 40
62 52
56 46
21 11
64 54
48 38
48 38
28 18
76 66
39 29
51 41
26 16
63 53
67 57
82 72
61 51
57 47
20 10
39 29
87 77
33 23
56 46
78 68
26 16
69 59
92 82
62 52
105 95
106 96
49 39
98 88
75 65
89 79
80 70
73 63
42 32
27 17
104 94
45 35
40 30
45 35
36 26
90 80
25 15
57 47
22 12
98 88
94 84
100 90
71 61
63 53
36 26
87 77
25 15
94 84
74 64
22 12
67 57
55 45
97 87
81 71
97 87
62 52
83 73
29 19
39 29
83 73
27 17
87 77
30 20
62 52
35 25
73 63
25 15
37 27
99 89
30 20
60 50
24 14
68 58
30 20
101 91
84 74
96 86
24 14
27 17
91 81
88 78
44 34
97 87
59 49
71 61
52 42
21 11
64 54
96 86
31 21
102 92
56 46
109 99
87 77
37 27
79 69
32 22
44 34
22 12
107 97
57 47
24 14
28 18
48 38
65 55
92 82
93 83
25 15
29 19
33 23
42 32
60 50
31 21
20 10
45 35
84 74
108 98
79 69
94 84
100 90
81 71
34 24
86 76
66 56
80 70
45 35
80 70
22 12
81 71
74 64
44 34
79 69
107 97
61 51
20 10
104 94
22 12
106 96
106 96
23 13
42 32
24 14
65 55
80 70
38 28
93 83
52 42
34 24
22 12
89 79
107 97
29 19
59 49
41 31
109 99
92 82
34 24
35 25
88 78
106 96
24 14
55 45
27 17
88 78
86 76
29 19
30 20
35 25
35 25
107 97
30 20
57 47
36 26
52 42
93 83
100 90
90 80
75 65
46 36
51 41
70 60
37 27
97 87
75 65
23 13
93 83
74 64
90 80
97 87
97 87
24 14
92 82
39 29
71 61
31 21
87 77
20 10
108 98
40 30
40 30
64 54
100 90
84 74
55 45
42 32
62 52
31 21
69 59
73 63
107 97
94 84
76 66
28 18
88 78
59 49
48 38
53 43
28 18
57 47
102 92
36 26
75 65
65 55
28 18
63 53
26 16
26 16
42 32
108 98
74 64
36 26
63 53
83 73
98 88
20 10
72 62
83 73
89 79
58 48
22 12
21 11
68 58
53 43
35 25
103 93
36 26
50 40
102 92
54 44
90 80
78 68
98 88
28 18
103 93
23 13
99 89
55 45
98 88
21 11
110 100
102 92
105 95
110 100
87 77
54 44
86 76
35 25
76 66
74 64
85 75
79 69
33 23
40 30
62 52
67 57
53 43
45 35
85 75
76 66
104 94
52 42
109 99
44 34
64 54
26 16
86 76
27 17
106 96
62 52
59 49
53 43
61 51
48 38
23 13
73 63
45 35
58 48
99 89
26 16
94 84
49 39
106 96
66 56
104 94
57 47
47 37
40 30
65 55
92 82
65 55
93 83
77 67
35 25
61 51
110 100
98 88
24 14
56 46
28 18
107 97
74 64
85 75
69 59
31 21
84 74
76 66
59 49
34 24
38 28
81 71
23 13
85 75
36 26
101 91
74 64
20 10
88 78
46 36
97 87
37 27
105 95
87 77
70 60
77 67
42 32
65 55
86 76
69 59
58 48
78 68
63 53
30 20
71 61
62 52
51 41
90 80
41 31
106 96
99 89
105 95
91 81
95 85
23 13
78 68
33 23
105 95
79 69
59 49
104 94
75 65
99 89
107 97
71 61
54 44
28 18
33 23
33 23
41 31
21 11
75 65
42 32
86 76
32 22
83 73
25 15
23 13
58 48
96 86
95 85
38 28
80 70
35 25
38 28
20 10
90 80
40 30
55 45
81 71
80 70
51 41
46 36
48 38
61 51
99 89
73 63
24 14
68 58
61 51
83 73
100 90
46 36
66 56
65 55
22 12
107 97
44 34
84 74
31 21
77 67
96 86
52 42
57 47
97 87
95 85
27 17
72 62
77 67
86 76
63 53
38 28
40 30
47 37
59 49
78 68
31 21
61 51
67 57
22 12
44 34
81 71
39 29
68 58
57 47
46 36
101 91
73 63
90 80
33 23
23 13
110 100
32 22
76 66
34 24
65 55
98 88
37 27
